0 0.412517 0.805778 0.013851 0.018482
0 0.531923 0.596288 0.007952 0.012588
0 0.690047 0.602694 0.007833 0.011088
0 0.323578 0.739128 0.011219 0.013898
0 0.328480 0.527313 0.009268 0.012671
0 0.620964 0.583061 0.008552 0.010034
0 0.367529 0.619734 0.010339 0.013003
0 0.640267 0.498348 0.010682 0.014292
0 0.321191 0.313526 0.010892 0.019639
0 0.455118 0.834577 0.013521 0.022324
0 0.400633 0.610634 0.009512 0.009419
0 0.568496 0.243387 0.011562 0.015767
0 0.606925 0.185395 0.013422 0.022506
0 0.644468 0.778369 0.012288 0.012740
0 0.484053 0.843164 0.014803 0.020996
0 0.579214 0.562339 0.008084 0.009537
0 0.365450 0.741331 0.009671 0.014679
0 0.395284 0.628165 0.008492 0.011312
0 0.580257 0.406053 0.010324 0.016689
0 0.557917 0.664236 0.009590 0.012527
0 0.278462 0.455815 0.008843 0.015638
0 0.470179 0.612195 0.010718 0.015293
0 0.375007 0.646015 0.009436 0.010756
0 0.527673 0.226230 0.008493 0.013322
0 0.658035 0.786495 0.010386 0.014227
0 0.609227 0.336113 0.009936 0.013938
0 0.495504 0.862182 0.013938 0.015524
0 0.386372 0.460495 0.010851 0.012977
0 0.688839 0.509858 0.010011 0.013563
0 0.666491 0.507069 0.009837 0.014823
0 0.652515 0.528863 0.008966 0.012349
0 0.534955 0.679007 0.009875 0.010410
0 0.710501 0.634416 0.008299 0.010571
0 0.571179 0.469491 0.010624 0.015068
0 0.384116 0.664335 0.009227 0.013703
0 0.584989 0.649720 0.009698 0.012470
0 0.651457 0.393928 0.007732 0.009576
0 0.426401 0.628919 0.009726 0.009914
0 0.745865 0.373956 0.010160 0.015909
0 0.608257 0.654964 0.009037 0.011806
0 0.335755 0.779046 0.012139 0.015921
0 0.555421 0.598045 0.009052 0.012125
0 0.385671 0.753832 0.009924 0.010217
0 0.353472 0.611847 0.008162 0.010964
0 0.509464 0.858576 0.011636 0.017270
0 0.498412 0.820718 0.011724 0.015679
0 0.583731 0.770953 0.010529 0.015961
0 0.450663 0.649924 0.008379 0.013127
0 0.623866 0.510220 0.010580 0.016353
0 0.388517 0.694874 0.009996 0.012661
0 0.372567 0.231855 0.008095 0.015246
0 0.556578 0.780848 0.010667 0.018374
0 0.495750 0.615166 0.009587 0.014840
0 0.554983 0.451410 0.011485 0.014856
0 0.516966 0.633928 0.009519 0.012162
0 0.601050 0.478999 0.011833 0.014269
0 0.551356 0.361045 0.012330 0.017159
0 0.463275 0.431463 0.011970 0.017194
0 0.559035 0.629627 0.010386 0.011533
0 0.564678 0.554229 0.008608 0.011121
0 0.398532 0.723745 0.008424 0.011798
0 0.328044 0.546674 0.008714 0.010523
0 0.493418 0.312480 0.011785 0.017307
0 0.346187 0.329146 0.010047 0.014759
0 0.315521 0.662228 0.006960 0.008436
0 0.696356 0.482160 0.010933 0.015999
0 0.629022 0.740183 0.008371 0.014509
0 0.536184 0.715017 0.010146 0.012682
0 0.364403 0.550495 0.008882 0.010858
0 0.318216 0.606716 0.008731 0.012964
0 0.684755 0.456471 0.010119 0.011389
0 0.343504 0.420024 0.010892 0.014767
0 0.236842 0.471073 0.009408 0.013640
0 0.377454 0.494646 0.009385 0.013094
0 0.333348 0.503765 0.009567 0.012891
0 0.296731 0.724773 0.012602 0.017126
0 0.320096 0.702823 0.009031 0.012444
0 0.572513 0.283916 0.009339 0.012649
0 0.291670 0.324699 0.009594 0.011986
0 0.310847 0.286630 0.010706 0.016514
0 0.640744 0.319350 0.008642 0.013694
0 0.561022 0.592918 0.008803 0.012615
0 0.583379 0.679024 0.008982 0.010288
0 0.604812 0.629158 0.008084 0.010465
0 0.295704 0.282896 0.008093 0.013795
0 0.560135 0.687599 0.007986 0.009274
0 0.711657 0.586348 0.008095 0.011019
0 0.521382 0.325441 0.011633 0.016749
0 0.640239 0.462884 0.011982 0.016558
0 0.494847 0.779001 0.012676 0.016301
0 0.658587 0.462871 0.011156 0.014786
0 0.566062 0.380342 0.010067 0.015568
0 0.346025 0.568160 0.010926 0.014879
0 0.633876 0.559763 0.008357 0.013622
0 0.553948 0.776362 0.009688 0.016118
0 0.638918 0.346643 0.008211 0.011937
0 0.411315 0.649651 0.007893 0.012706
0 0.450193 0.512698 0.009753 0.012909
0 0.455758 0.579080 0.009401 0.011006
0 0.350437 0.785308 0.009657 0.014889
0 0.644408 0.587788 0.010660 0.011911
0 0.415337 0.595332 0.009077 0.012816
0 0.305310 0.419941 0.010298 0.016172
0 0.549046 0.291431 0.009463 0.015938
0 0.313286 0.337486 0.010426 0.012930
0 0.237852 0.434084 0.009503 0.015942
0 0.344088 0.755486 0.013294 0.015494
0 0.502921 0.576262 0.008466 0.014474
0 0.715231 0.552490 0.006276 0.008203
0 0.624065 0.630350 0.008299 0.014171
0 0.313096 0.628579 0.007709 0.010632
0 0.568739 0.499610 0.011540 0.012571
0 0.391514 0.532943 0.009228 0.010573
0 0.451049 0.162595 0.007906 0.016115
0 0.433824 0.562005 0.010423 0.012515
0 0.361410 0.677171 0.010574 0.013548
0 0.261657 0.662746 0.009573 0.014435
0 0.340285 0.690195 0.009273 0.009477
0 0.667132 0.560523 0.007765 0.010173
0 0.515744 0.530641 0.010095 0.013823
0 0.613800 0.289710 0.009753 0.012389
0 0.519777 0.466424 0.012548 0.016086
0 0.574156 0.326755 0.010285 0.014350
0 0.378391 0.255211 0.008453 0.012423
0 0.535893 0.653901 0.009429 0.011376
0 0.597858 0.803651 0.011137 0.012715
0 0.678139 0.404920 0.008117 0.010933
0 0.596150 0.577733 0.006932 0.012528
0 0.284751 0.410684 0.008784 0.019685
0 0.358952 0.306181 0.009002 0.014724
0 0.430599 0.650360 0.008588 0.011796
0 0.415079 0.348212 0.010725 0.014175
0 0.437940 0.538233 0.009883 0.014744
0 0.509409 0.736228 0.008662 0.013220
0 0.534058 0.331335 0.011090 0.017748
0 0.463202 0.542266 0.009660 0.014260
0 0.750555 0.500019 0.009134 0.010983
0 0.445924 0.795011 0.010576 0.010732
0 0.419014 0.315267 0.012893 0.015559
0 0.315447 0.376222 0.008322 0.012816
0 0.482549 0.537162 0.010971 0.011962
0 0.698622 0.535753 0.009519 0.009471
0 0.475957 0.817873 0.011032 0.014791
0 0.530864 0.200475 0.010435 0.018981
0 0.283492 0.664310 0.008027 0.009504
0 0.287948 0.511651 0.006975 0.012302
0 0.751258 0.503937 0.008301 0.009617
0 0.722585 0.627570 0.006491 0.007506
0 0.393059 0.268434 0.011212 0.013448
0 0.509016 0.347535 0.011632 0.019807
0 0.393821 0.574961 0.013597 0.015212
0 0.524496 0.160213 0.009195 0.010822
0 0.466121 0.550252 0.010834 0.013535
0 0.490981 0.699524 0.008651 0.013484
0 0.435451 0.507477 0.011245 0.014771
0 0.405613 0.447392 0.009563 0.013616
0 0.604070 0.701016 0.008745 0.010882
0 0.683483 0.365015 0.011710 0.016604
0 0.477167 0.470537 0.009041 0.012583
0 0.478854 0.501120 0.010144 0.017095
0 0.439057 0.769734 0.009171 0.012797
0 0.530724 0.749871 0.007990 0.013097
0 0.304294 0.739628 0.014602 0.015898
0 0.308850 0.260699 0.008760 0.014976
0 0.352562 0.626742 0.007979 0.012485
0 0.526759 0.410347 0.013699 0.016313
0 0.442163 0.285868 0.013637 0.018823
0 0.306808 0.553028 0.008009 0.011104
0 0.429885 0.223639 0.010970 0.016094
0 0.730509 0.477962 0.007822 0.011919
0 0.432912 0.342557 0.011091 0.017935
0 0.487774 0.643962 0.009886 0.013879
0 0.656631 0.468432 0.009467 0.016590
0 0.658765 0.230833 0.009591 0.012673
0 0.305748 0.481153 0.011816 0.015158
0 0.284951 0.647473 0.008665 0.015447
0 0.412276 0.748735 0.009125 0.009684
0 0.514835 0.488507 0.013912 0.013468
0 0.592898 0.609127 0.007700 0.013650
0 0.548138 0.636033 0.008363 0.015639
0 0.385489 0.395413 0.009385 0.017745
0 0.581420 0.523539 0.009334 0.013852
0 0.398406 0.338898 0.008209 0.017137
0 0.585282 0.263385 0.010325 0.019144
0 0.545699 0.641352 0.008735 0.013413
0 0.547803 0.307386 0.009189 0.015719
0 0.230967 0.519035 0.008699 0.016699
0 0.624127 0.431373 0.011082 0.017216
0 0.495447 0.519582 0.009564 0.012686
0 0.441611 0.481948 0.011021 0.019019
0 0.608858 0.554958 0.010837 0.014365
0 0.476686 0.404978 0.012221 0.017907
0 0.595764 0.451814 0.010790 0.016928
0 0.602086 0.220264 0.010084 0.014490
0 0.472456 0.209943 0.009961 0.017994
0 0.646516 0.426008 0.010203 0.013073
0 0.731140 0.367790 0.011506 0.013251
0 0.364346 0.504761 0.010236 0.012415
0 0.616420 0.698120 0.009319 0.012806
0 0.517592 0.652494 0.009650 0.014298
0 0.477189 0.506800 0.010272 0.017556
0 0.424656 0.703256 0.007824 0.012507
0 0.521300 0.412527 0.014139 0.015795
0 0.601405 0.455918 0.010121 0.016134
0 0.557583 0.493022 0.016738 0.013710
0 0.443456 0.619726 0.011115 0.014951
0 0.606961 0.495797 0.009124 0.011205
0 0.399594 0.498970 0.012666 0.018086
0 0.688376 0.567263 0.008394 0.010542
0 0.418114 0.704364 0.011197 0.010186
0 0.243611 0.507823 0.008920 0.013209
0 0.342316 0.472776 0.008403 0.014405
0 0.360722 0.446368 0.006002 0.008536
0 0.414539 0.490915 0.008803 0.009070
0 0.372325 0.819729 0.006002 0.010137
0 0.475158 0.743971 0.007602 0.013338
0 0.453952 0.712761 0.006002 0.014938
0 0.467956 0.720497 0.005202 0.010137
0 0.495565 0.713028 0.006802 0.014405
0 0.503367 0.674349 0.007202 0.011737
0 0.516171 0.678617 0.008003 0.008536
0 0.501567 0.596458 0.010003 0.010670
0 0.478759 0.779449 0.007602 0.009603
0 0.432345 0.442008 0.006002 0.013338
0 0.445749 0.420401 0.005602 0.008536
0 0.437146 0.396394 0.006002 0.007469
0 0.392132 0.423602 0.006402 0.007469
0 0.369925 0.462548 0.006802 0.012804
0 0.532577 0.522300 0.005602 0.008536
0 0.465555 0.367851 0.006802 0.010137
0 0.632409 0.202465 0.006802 0.010137
0 0.550783 0.214469 0.006002 0.009603
0 0.499566 0.263818 0.005202 0.009070
0 0.452751 0.244612 0.007602 0.009070
0 0.486362 0.195796 0.003601 0.009603
0 0.395733 0.216069 0.006402 0.006402
0 0.561386 0.524168 0.005602 0.009070
0 0.601799 0.535371 0.007202 0.011204
0 0.630808 0.538839 0.007602 0.007469
0 0.544380 0.553777 0.006002 0.007469
0 0.551983 0.540973 0.006802 0.016005
0 0.510570 0.432405 0.009603 0.011204
0 0.481360 0.433205 0.007202 0.007469
0 0.492964 0.366251 0.006402 0.009070
0 0.529776 0.379855 0.007202 0.008536
0 0.599798 0.372919 0.006402 0.009603
0 0.525975 0.255815 0.006002 0.008003
0 0.515971 0.304364 0.005202 0.012271
0 0.443748 0.329706 0.005602 0.008536
0 0.415539 0.376387 0.006802 0.008003
0 0.402935 0.394793 0.008803 0.008536
0 0.386130 0.290493 0.008803 0.010137
0 0.417740 0.283824 0.007202 0.010670
0 0.542780 0.229140 0.006802 0.010137
0 0.658817 0.344377 0.012404 0.011204
0 0.537178 0.443875 0.008403 0.011737
0 0.605000 0.421468 0.007202 0.011737
0 0.634209 0.396927 0.008003 0.008536
0 0.730240 0.330239 0.006402 0.010670
0 0.417780 0.435154 0.005869 0.010619
0 0.424068 0.474278 0.007545 0.012855
0 0.412540 0.516755 0.009641 0.011737
0 0.548355 0.411960 0.008803 0.017885
0 0.631144 0.242610 0.014252 0.011178
0 0.415265 0.412195 0.005869 0.012855
0 0.432242 0.415269 0.012156 0.014532
0 0.318015 0.458305 0.005869 0.010060
0 0.642462 0.295663 0.008384 0.011178
0 0.673691 0.268556 0.007126 0.013973
0 0.522156 0.279734 0.006707 0.010619
0 0.621712 0.370277 0.008803 0.009501
0 0.330800 0.440958 0.009603 0.011737
0 0.358008 0.474835 0.010403 0.015472
0 0.545468 0.256365 0.014004 0.012804
0 0.454039 0.347861 0.008003 0.011204
0 0.432232 0.362266 0.006002 0.009070
0 0.514658 0.365200 0.004401 0.009603
0 0.528263 0.366267 0.008403 0.017072
0 0.574678 0.352663 0.007602 0.013338
0 0.586481 0.352396 0.008803 0.012804
0 0.588282 0.308916 0.009203 0.012271
0 0.417027 0.236092 0.009203 0.008536
1 0.369278 0.704812 0.044894 0.038732
1 0.662412 0.590962 0.029049 0.048122
1 0.683979 0.694836 0.109155 0.150235