0 0.756931 0.616033 0.016161 0.016959
0 0.320569 0.798499 0.015177 0.015635
0 0.607076 0.412345 0.016298 0.016605
0 0.691215 0.545881 0.016154 0.017584
0 0.416104 0.306077 0.014921 0.015512
0 0.323068 0.957497 0.015707 0.017297
0 0.795497 0.485107 0.015931 0.017287
0 0.703240 0.352063 0.017091 0.016717
0 0.653272 0.538746 0.018524 0.020442
0 0.232049 0.552671 0.015264 0.015576
0 0.720595 0.531682 0.017199 0.017530
0 0.915320 0.561363 0.018736 0.019534
0 0.242921 0.450454 0.015922 0.016004
0 0.724815 0.645569 0.017831 0.017318
0 0.089145 0.797310 0.013642 0.013839
0 0.193495 0.467210 0.015317 0.017009
0 0.707373 0.429358 0.014840 0.015821
0 0.856569 0.551796 0.016499 0.015969
0 0.329739 0.653456 0.015256 0.016437
0 0.284076 0.699466 0.014904 0.014235
0 0.570587 0.281803 0.017022 0.017942
0 0.850843 0.406933 0.015168 0.015736
1 0.127792 0.370625 0.049738 0.047896
0 0.649530 0.453785 0.014361 0.015498
0 0.883237 0.665382 0.012788 0.013607
0 0.849046 0.649754 0.013855 0.015176
0 0.636321 0.410558 0.017933 0.018822
0 0.167532 0.981137 0.014666 0.014097
0 0.266176 0.759409 0.019660 0.020328
0 0.360581 0.818895 0.015118 0.015037
0 0.634105 0.817086 0.014239 0.014142
0 0.355508 0.876925 0.013743 0.013835
0 0.358391 0.316284 0.018036 0.019117
0 0.169607 0.438245 0.015210 0.017435
0 0.712247 0.626996 0.016310 0.016053
0 0.887575 0.528741 0.018208 0.020519
0 0.877399 0.560047 0.016405 0.017136
0 0.204769 0.529166 0.016507 0.016524
0 0.238333 0.891723 0.013145 0.014748
0 0.820165 0.554346 0.014487 0.015688
0 0.602534 0.814215 0.014812 0.015034
0 0.661381 0.417374 0.014935 0.014724
0 0.596455 0.485212 0.016522 0.017261
0 0.400063 0.901198 0.015846 0.015514
0 0.098755 0.389706 0.013503 0.014599
0 0.628715 0.352941 0.017281 0.016782
0 0.645039 0.761632 0.014774 0.016069
0 0.343553 0.677100 0.013786 0.014950
0 0.692624 0.862586 0.011979 0.011937
0 0.828769 0.931992 0.011694 0.012219
0 0.297957 0.381558 0.017712 0.022097
0 0.122665 0.817204 0.013289 0.012771
0 0.161097 0.532209 0.013601 0.015126
0 0.798142 0.860747 0.010518 0.011430
0 0.519137 0.838552 0.015977 0.017916
0 0.351714 0.935848 0.014672 0.014988
0 0.716886 0.451701 0.014434 0.015512
0 0.541981 0.170813 0.013998 0.014344
0 0.590359 0.562751 0.016710 0.018362
0 0.787832 0.633288 0.013654 0.014842
0 0.386524 0.366096 0.015726 0.013302
0 0.298917 0.928801 0.013084 0.014039
0 0.592231 0.370981 0.017499 0.016287
0 0.781520 0.770731 0.013318 0.013350
0 0.313237 0.518387 0.014397 0.014760
0 0.576040 0.330670 0.016683 0.017358
0 0.786620 0.667510 0.013375 0.014482
0 0.106889 0.461594 0.013785 0.014276
0 0.486540 0.699913 0.015512 0.017029
0 0.499149 0.246457 0.013182 0.015620
0 0.359840 0.981912 0.013260 0.013695
0 0.629305 0.283911 0.016691 0.015741
0 0.654066 0.590401 0.018000 0.016927
0 0.331649 0.520132 0.014502 0.014954
0 0.215317 0.987718 0.013667 0.014610
0 0.638553 0.305304 0.015352 0.014742
0 0.526547 0.202473 0.015702 0.016015
0 0.323986 0.852806 0.015952 0.015481
0 0.713610 0.306407 0.014506 0.015632
0 0.236138 0.965963 0.013535 0.014179
0 0.693871 0.474616 0.019755 0.016727
0 0.582035 0.237087 0.014444 0.015364
0 0.302651 0.619340 0.014655 0.016129
0 0.471477 0.727179 0.013559 0.014832
0 0.249923 0.859179 0.012652 0.013415
0 0.868626 0.631255 0.012181 0.013541
0 0.448131 0.318696 0.017894 0.014109
1 0.625352 0.697701 0.074889 0.080476
0 0.212378 0.343567 0.012570 0.015110
0 0.250427 0.277539 0.015806 0.015214
0 0.819628 0.576436 0.014066 0.016619
0 0.501132 0.604932 0.020816 0.018106
0 0.333373 0.547133 0.017436 0.016305
0 0.801057 0.680081 0.012914 0.013860
0 0.563566 0.570522 0.015666 0.016024
0 0.384981 0.665067 0.018442 0.019367
0 0.379311 0.237456 0.013215 0.014813
0 0.513617 0.232750 0.013563 0.012956
0 0.863819 0.858964 0.013562 0.015146
0 0.172886 0.956626 0.012793 0.014162
0 0.531747 0.283764 0.013000 0.013333
0 0.627700 0.795395 0.015310 0.014764
0 0.676576 0.526048 0.015014 0.013841
0 0.821251 0.990356 0.012930 0.012880
0 0.281597 0.904164 0.015482 0.015969
0 0.158059 0.423714 0.012431 0.013797
0 0.760741 0.455729 0.024369 0.020539
0 0.459142 0.489688 0.018361 0.018911
0 0.568438 0.956888 0.012101 0.012283
0 0.203439 0.593976 0.015434 0.015020
0 0.192529 0.671379 0.012908 0.013725
0 0.904458 0.675820 0.012122 0.012547
0 0.205529 0.285083 0.015656 0.018276
0 0.617826 0.577117 0.017191 0.016346
0 0.228190 0.777484 0.014024 0.015037
0 0.277841 0.347995 0.013345 0.014948
0 0.200150 0.934676 0.011365 0.011748
0 0.611449 0.263376 0.015832 0.016425
0 0.775131 0.954113 0.013008 0.011940
0 0.444901 0.776375 0.013603 0.013519
0 0.724788 0.281645 0.018825 0.018376
0 0.478852 0.335348 0.015069 0.015333
0 0.760699 0.820144 0.011739 0.011911
0 0.555917 0.238728 0.014204 0.015826
0 0.630180 0.464969 0.013912 0.016280
0 0.522444 0.371813 0.013738 0.014317
0 0.454585 0.648022 0.019287 0.019862
0 0.225296 0.302689 0.013351 0.013406
0 0.344381 0.963775 0.014575 0.016275
0 0.492007 0.524731 0.021315 0.022830
0 0.465587 0.266886 0.014265 0.015017
0 0.137506 0.707834 0.010937 0.013259
0 0.378240 0.267762 0.014773 0.014612
0 0.131668 0.772732 0.016567 0.017628
0 0.560040 0.835348 0.013461 0.014837
0 0.593327 0.967113 0.013084 0.013607
0 0.852339 0.730157 0.011979 0.012293
0 0.224690 0.842034 0.015372 0.018228
0 0.728992 0.418173 0.014741 0.015065
0 0.010520 0.674452 0.012023 0.013659
0 0.548966 0.595101 0.014320 0.015204
0 0.514384 0.304236 0.013163 0.015109
0 0.605406 0.995249 0.012985 0.009502
0 0.762177 0.642474 0.017547 0.015503
1 0.398379 0.146025 0.035134 0.035134