0 0.445977 0.710515 0.015076 0.011331
0 0.675858 0.460981 0.014747 0.011577
0 0.477652 0.406120 0.015951 0.012250
0 0.433451 0.507027 0.017979 0.014352
0 0.658128 0.758916 0.018827 0.014516
0 0.583291 0.273343 0.015698 0.012661
0 0.624127 0.290348 0.013550 0.010768
0 0.391069 0.550641 0.020154 0.015576
0 0.657054 0.581861 0.018438 0.014199
0 0.685058 0.606405 0.013915 0.010038
0 0.869329 0.592161 0.017578 0.013033
0 0.807858 0.346552 0.014163 0.011088
0 0.480546 0.677173 0.012316 0.010112
0 0.525286 0.556680 0.014080 0.010796
0 0.481954 0.320821 0.017744 0.013515
0 0.661810 0.557112 0.017470 0.012839
0 0.686895 0.643988 0.015343 0.011452
0 0.613341 0.625079 0.013987 0.009990
0 0.516767 0.344616 0.017675 0.014669
0 0.917241 0.590674 0.015210 0.011603
0 0.632982 0.247130 0.012932 0.010910
0 0.478749 0.560272 0.016217 0.012304
0 0.489834 0.653841 0.013128 0.010713
0 0.807452 0.490709 0.015101 0.012486
0 0.747756 0.626982 0.017443 0.012998
0 0.391731 0.503530 0.020304 0.016064
0 0.786183 0.715940 0.015556 0.011682
0 0.458145 0.567411 0.017771 0.013051
0 0.764360 0.384382 0.015844 0.012425
0 0.409875 0.332097 0.018665 0.014917
0 0.855468 0.426628 0.013021 0.010586
0 0.657494 0.294820 0.013504 0.010638
0 0.323064 0.538751 0.020947 0.015279
0 0.560211 0.402385 0.013963 0.011914
0 0.544971 0.466208 0.015270 0.011538
0 0.523446 0.422214 0.013756 0.009914
0 0.799440 0.321000 0.014079 0.011597
0 0.526556 0.383720 0.016081 0.012183
0 0.765142 0.677371 0.014931 0.011663
0 0.597806 0.396781 0.014336 0.010803
0 0.578926 0.624857 0.013560 0.010108
0 0.640735 0.313037 0.013783 0.010227
0 0.463721 0.504705 0.016477 0.012146
0 0.533115 0.443293 0.013634 0.010792
0 0.592260 0.298355 0.012480 0.010364
0 0.851908 0.305756 0.017005 0.012980
0 0.846942 0.367839 0.014227 0.010653
0 0.442734 0.656007 0.013185 0.010750
0 0.651867 0.372145 0.013430 0.009953
0 0.883850 0.640172 0.017460 0.013726
0 0.515046 0.764585 0.022968 0.016118
0 0.589168 0.706072 0.013134 0.009998
0 0.759666 0.489679 0.016216 0.012071
0 0.772211 0.426940 0.012616 0.009564
0 0.482172 0.366133 0.014509 0.011101
0 0.435098 0.682811 0.014313 0.009573
0 0.625863 0.649614 0.014865 0.011834
0 0.709719 0.364863 0.014066 0.010887
0 0.498778 0.423055 0.014397 0.011186
0 0.790203 0.542302 0.016057 0.012600
0 0.464755 0.348071 0.017839 0.012167
0 0.625594 0.601424 0.017907 0.012920
0 0.474665 0.627354 0.011955 0.008452
0 0.842072 0.285761 0.017478 0.013575
0 0.569380 0.480191 0.015537 0.011197
0 0.683097 0.239477 0.013346 0.011249
0 0.851523 0.527437 0.017242 0.013172
0 0.524957 0.687118 0.011975 0.008952
0 0.811023 0.459184 0.014463 0.010611
0 0.340511 0.620767 0.012864 0.009678
0 0.460935 0.466599 0.014969 0.010795
0 0.430392 0.470888 0.015155 0.011476
0 0.601582 0.678321 0.011822 0.008623
0 0.593217 0.743398 0.014314 0.011134
0 0.685051 0.780170 0.016466 0.011899
0 0.491644 0.538561 0.016274 0.011665
0 0.518000 0.506072 0.016330 0.014286
0 0.828843 0.543532 0.014743 0.011114
0 0.346869 0.653600 0.016505 0.012537
0 0.691478 0.401581 0.012363 0.009918
0 0.626891 0.430556 0.015239 0.012355
0 0.497178 0.467189 0.014231 0.009952
0 0.756149 0.402712 0.012770 0.009360
0 0.630832 0.358954 0.015818 0.012078
0 0.741492 0.656054 0.020268 0.013995
0 0.369195 0.615369 0.014425 0.011522
0 0.493048 0.598666 0.013103 0.010585
0 0.580997 0.790467 0.017860 0.013312
0 0.749791 0.748467 0.017430 0.012810
0 0.671866 0.417018 0.018208 0.011448
0 0.680225 0.329218 0.018804 0.015333
0 0.606743 0.435874 0.014544 0.011003
0 0.631864 0.722680 0.013239 0.009467
0 0.808757 0.665443 0.016084 0.015075
0 0.670272 0.728764 0.013366 0.009852
0 0.653869 0.616886 0.017680 0.010952
0 0.770122 0.510760 0.016268 0.011986
0 0.732931 0.436494 0.012171 0.010105
0 0.555783 0.706262 0.014687 0.011566
0 0.509167 0.589765 0.013804 0.010912
0 0.870581 0.332001 0.016979 0.012640
0 0.870849 0.389772 0.021380 0.016128
0 0.653068 0.658958 0.012389 0.009131
0 0.811574 0.289671 0.016680 0.012836
0 0.726743 0.495058 0.016755 0.012638
0 0.912045 0.397400 0.018520 0.015937
0 0.551632 0.512979 0.016624 0.012839
0 0.769429 0.263477 0.014471 0.011429
0 0.707531 0.620128 0.013892 0.010664
0 0.736735 0.318118 0.015673 0.013756
0 0.952429 0.397016 0.018503 0.014848
0 0.416432 0.305663 0.019895 0.015532
0 0.407704 0.651726 0.013385 0.011495
0 0.504995 0.666890 0.012799 0.009593
0 0.361507 0.677228 0.017930 0.015538
0 0.535189 0.660640 0.013266 0.010213
0 0.723749 0.339555 0.018012 0.015424
0 0.609547 0.366020 0.015968 0.012053
0 0.646840 0.269221 0.016767 0.013245
0 0.608358 0.317549 0.018114 0.014225
0 0.757632 0.245996 0.015175 0.011985
0 0.640509 0.683780 0.012876 0.008718
0 0.571659 0.646272 0.014105 0.010274
0 0.823482 0.438919 0.016670 0.011556
0 0.478466 0.734412 0.014508 0.011000
0 0.382146 0.638592 0.016389 0.011772
0 0.643888 0.782450 0.022020 0.012277
0 0.296387 0.634962 0.015614 0.011979
0 0.863589 0.557842 0.016342 0.012632
0 0.790048 0.415609 0.015527 0.012066
0 0.583032 0.728760 0.013703 0.010176
0 0.446749 0.419050 0.018261 0.013768
0 0.803248 0.422854 0.014425 0.011531
0 0.784111 0.367016 0.014776 0.013708
0 0.469905 0.303150 0.019372 0.012640
0 0.640416 0.221809 0.016706 0.011445
0 0.514389 0.610856 0.016475 0.010376
0 0.729581 0.395946 0.014951 0.010654
0 0.755988 0.733602 0.015499 0.010915
0 0.947079 0.534842 0.013409 0.010219
0 0.434490 0.606119 0.015928 0.012431
0 0.434638 0.260133 0.013933 0.011146
0 0.461062 0.729135 0.013901 0.010062
0 0.713170 0.644132 0.015355 0.012160
0 0.400444 0.621491 0.015206 0.011292
0 0.496650 0.498269 0.016151 0.011893
0 0.505304 0.723978 0.014048 0.010767
0 0.298768 0.427109 0.019337 0.015210
0 0.850457 0.484995 0.012464 0.009538
0 0.408675 0.686855 0.013815 0.011777
0 0.219548 0.451658 0.015615 0.012824
0 0.481166 0.437770 0.014713 0.011690
0 0.682630 0.365544 0.016090 0.011668
0 0.503387 0.742242 0.015084 0.011650
0 0.925850 0.565071 0.014159 0.010385
0 0.646185 0.462254 0.016758 0.013312
0 0.624450 0.400587 0.019806 0.010180
0 0.561197 0.499617 0.015216 0.012192
0 0.591159 0.351907 0.017522 0.012230
0 0.532447 0.617719 0.014074 0.011361
0 0.723570 0.384098 0.015032 0.012866
0 0.427893 0.417400 0.015130 0.010710
0 0.763106 0.707556 0.017256 0.011653
0 0.559682 0.743556 0.014875 0.010780
0 0.272526 0.413454 0.016069 0.013257
0 0.566824 0.767017 0.020789 0.015712
0 0.656422 0.435300 0.013801 0.010803
0 0.514574 0.467891 0.014192 0.009816
0 0.932051 0.437404 0.012063 0.009759
0 0.413621 0.255026 0.014098 0.011971
0 0.803172 0.271929 0.017840 0.014315
0 0.846390 0.709642 0.016141 0.012230
0 0.386676 0.665500 0.016216 0.013314
0 0.727809 0.670901 0.016961 0.012252
0 0.414441 0.755727 0.016052 0.011667
0 0.693961 0.350581 0.013333 0.010672
0 0.874023 0.352516 0.018804 0.015656
1 0.317164 0.703633 0.044630 0.034039
0 0.446692 0.312056 0.017821 0.013616
0 0.382606 0.708215 0.014079 0.012920
0 0.924658 0.374135 0.016502 0.012176
0 0.773672 0.472222 0.013665 0.010145
0 0.827405 0.687983 0.022301 0.011340
0 0.741890 0.460477 0.016120 0.010501
0 0.618692 0.672971 0.014179 0.010249
0 0.888809 0.518384 0.015753 0.015356
0 0.273955 0.427297 0.015286 0.013150
0 0.778747 0.456718 0.013804 0.010016
0 0.713808 0.250412 0.014421 0.011298
0 0.648215 0.448589 0.016717 0.013219
0 0.917012 0.356068 0.021947 0.014517
0 0.944263 0.372054 0.019159 0.014995
0 0.751677 0.706605 0.017260 0.010383
0 0.239205 0.438249 0.020534 0.012372
0 0.673201 0.686475 0.013705 0.013072
0 0.918755 0.543939 0.015559 0.011521
0 0.258478 0.465076 0.015141 0.011417
0 0.588565 0.423598 0.017410 0.012520
0 0.454034 0.434052 0.014009 0.010802
0 0.952772 0.491671 0.017638 0.011055
0 0.921745 0.508462 0.011693 0.008875
0 0.704954 0.685213 0.015775 0.019926
0 0.548536 0.644055 0.011904 0.010247
0 0.470966 0.449908 0.014399 0.011110
0 0.964659 0.409975 0.018463 0.013636
0 0.438151 0.612285 0.014800 0.013826
0 0.461013 0.606377 0.016245 0.015097
0 0.870153 0.487034 0.013676 0.009759
0 0.670725 0.677629 0.014579 0.013285
0 0.932813 0.523488 0.011946 0.009612
0 0.235587 0.469209 0.015222 0.011635
0 0.914037 0.633774 0.017339 0.011344
0 0.381259 0.698342 0.014053 0.013372
0 0.341526 0.678973 0.015582 0.010782
0 0.843035 0.445150 0.012886 0.010298
0 0.691420 0.304426 0.013014 0.010557
0 0.495529 0.699835 0.013867 0.008661
0 0.536968 0.400586 0.013078 0.009573
0 0.407836 0.675078 0.013070 0.012545
0 0.890025 0.524512 0.014380 0.014266
0 0.958567 0.554728 0.014229 0.011592
0 0.486842 0.389391 0.014125 0.009677
0 0.369809 0.290076 0.017530 0.014110
0 0.505886 0.533052 0.015925 0.011520
0 0.625659 0.374525 0.012527 0.009581
0 0.511499 0.701902 0.014644 0.009754
0 0.538928 0.627835 0.012123 0.010707
0 0.531881 0.731403 0.019829 0.012782
0 0.629668 0.336707 0.020884 0.012976
0 0.419687 0.623769 0.012767 0.009735
0 0.272281 0.493886 0.014136 0.011615
0 0.631411 0.399678 0.014505 0.009135
0 0.665926 0.536089 0.014771 0.011708
0 0.835976 0.687977 0.023369 0.010600
0 0.791291 0.460789 0.015215 0.010459
0 0.693552 0.311002 0.014208 0.015081
0 0.734316 0.460570 0.016941 0.009783
0 0.889511 0.484516 0.010442 0.008176
0 0.739678 0.500064 0.014699 0.011514
0 0.719417 0.393248 0.015671 0.011721
0 0.670619 0.355709 0.015990 0.011056
0 0.571598 0.666266 0.014761 0.012133
0 0.498264 0.593678 0.021578 0.011895
0 0.933979 0.478056 0.012639 0.009272
0 0.634603 0.339004 0.016941 0.012276
0 0.697012 0.317039 0.018554 0.012719
0 0.551787 0.721576 0.013879 0.011022
1 0.687537 0.715064 0.041290 0.016722
1 0.653266 0.710418 0.018993 0.014864