0 0.523785 0.730953 0.017749 0.013552
0 0.412508 0.526190 0.017074 0.013178
0 0.506365 0.237898 0.015436 0.012360
0 0.592450 0.677459 0.017086 0.013335
0 0.545419 0.391880 0.018249 0.013481
0 0.484792 0.605460 0.015016 0.011659
0 0.552969 0.656116 0.016469 0.012039
0 0.262045 0.399961 0.019371 0.015333
0 0.839630 0.348840 0.019435 0.015306
0 0.309026 0.533838 0.021142 0.015070
0 0.249392 0.470567 0.015742 0.012006
0 0.619459 0.661397 0.016844 0.012005
0 0.285631 0.556381 0.017917 0.013359
0 0.514104 0.408609 0.019824 0.015683
0 0.457641 0.614466 0.017257 0.013605
0 0.687947 0.305130 0.018964 0.013925
0 0.378215 0.254220 0.015955 0.012014
0 0.624618 0.266157 0.016528 0.013828
0 0.394030 0.589220 0.018224 0.013912
0 0.911276 0.381885 0.016273 0.012354
0 0.409039 0.424105 0.021411 0.015864
0 0.222663 0.438770 0.016594 0.013094
0 0.417404 0.240980 0.017658 0.014060
0 0.860131 0.364092 0.017096 0.013622
0 0.371779 0.512592 0.022440 0.016007
0 0.584177 0.207901 0.015726 0.015185
0 0.766666 0.658451 0.017921 0.013913
0 0.758875 0.611691 0.017784 0.013641
0 0.241207 0.344103 0.018399 0.015420
0 0.252802 0.557752 0.015795 0.011492
0 0.698739 0.453233 0.014303 0.011682
0 0.667742 0.180950 0.015528 0.012949
0 0.296448 0.286454 0.017241 0.013322
0 0.573429 0.592227 0.016615 0.013538
0 0.723371 0.626637 0.015382 0.013477
0 0.619600 0.726634 0.023599 0.015934
0 0.441744 0.542203 0.019959 0.015391
0 0.857029 0.534400 0.016862 0.012625
0 0.741268 0.422855 0.019733 0.014858
0 0.476558 0.207650 0.015366 0.013466
0 0.552292 0.417571 0.016505 0.012513
0 0.533676 0.257911 0.014133 0.012480
0 0.205653 0.354191 0.019343 0.014338
0 0.243482 0.368812 0.015461 0.012366
0 0.726719 0.386041 0.016362 0.013492
0 0.340955 0.592462 0.014875 0.012889
0 0.777852 0.349618 0.018061 0.014758
0 0.544511 0.488073 0.018602 0.014040
0 0.787734 0.230854 0.021271 0.016678
0 0.600142 0.365912 0.018751 0.015495
0 0.797327 0.564239 0.014753 0.011063
0 0.629314 0.167018 0.014682 0.011832
0 0.557199 0.169183 0.016087 0.013374
0 0.765983 0.247925 0.019019 0.013946
1 0.862096 0.487453 0.053603 0.040601
0 0.451675 0.258333 0.023889 0.017044
0 0.291523 0.612767 0.017248 0.016007
0 0.865123 0.280556 0.017170 0.014252
0 0.491207 0.570520 0.014118 0.010828
0 0.559380 0.754585 0.023917 0.018330
0 0.456244 0.300241 0.020175 0.015100
0 0.275175 0.596788 0.016008 0.012418
0 0.867702 0.340761 0.015787 0.012267
0 0.503004 0.325725 0.025163 0.019833
0 0.669568 0.733699 0.019249 0.013205
0 0.901487 0.342759 0.019022 0.017187
0 0.499143 0.677578 0.020102 0.015795
0 0.725240 0.595217 0.014362 0.011848
0 0.644891 0.571048 0.013181 0.010786
0 0.324935 0.572059 0.019757 0.014068
0 0.439988 0.200606 0.023516 0.015786
0 0.726130 0.692854 0.016913 0.013437
0 0.531852 0.190929 0.016328 0.014823
0 0.646728 0.389275 0.019950 0.013959
0 0.595896 0.738708 0.017377 0.012062
0 0.304148 0.312101 0.014889 0.011950
0 0.593111 0.454673 0.017724 0.014643
0 0.716987 0.201037 0.016571 0.013240
0 0.779046 0.468540 0.024316 0.016922
0 0.556930 0.506573 0.015904 0.012830
0 0.630445 0.586636 0.019835 0.016276
0 0.694004 0.330220 0.014190 0.010948
0 0.591428 0.178936 0.013902 0.012577
0 0.410779 0.648313 0.017343 0.014871
0 0.406490 0.357117 0.015644 0.011800
0 0.432616 0.337398 0.025710 0.018419
0 0.477852 0.554200 0.016245 0.012958
0 0.689147 0.275860 0.021740 0.018178
0 0.273405 0.643910 0.017042 0.013539
0 0.609009 0.644052 0.011619 0.009633
0 0.613419 0.597566 0.016007 0.012871
0 0.787240 0.290567 0.014997 0.011674
0 0.814243 0.449866 0.014226 0.010950
0 0.855992 0.573606 0.017711 0.013407
0 0.392786 0.323139 0.012494 0.010618
0 0.500677 0.620264 0.013055 0.010105
0 0.498498 0.544301 0.020495 0.018394
0 0.325177 0.646564 0.019349 0.018020
0 0.197638 0.487114 0.015058 0.011982
0 0.219101 0.474507 0.014910 0.012229
0 0.663661 0.674180 0.024463 0.021802
0 0.675825 0.536077 0.012029 0.009911
0 0.358680 0.531077 0.014126 0.010035
0 0.733677 0.515907 0.018030 0.014366
0 0.349806 0.437783 0.026330 0.018197
0 0.274224 0.309444 0.013820 0.011592
0 0.432524 0.499934 0.011708 0.009099
0 0.346606 0.399472 0.016468 0.014726
0 0.715336 0.311148 0.018015 0.016339
0 0.276116 0.507822 0.012807 0.009578
0 0.456709 0.280796 0.018128 0.014317
0 0.624381 0.505208 0.025513 0.019316
0 0.729441 0.503242 0.017587 0.013840
0 0.436149 0.362916 0.016036 0.013950
0 0.748932 0.666134 0.020682 0.012578
0 0.724600 0.539083 0.013911 0.011463
0 0.434039 0.592613 0.011583 0.009165
0 0.805256 0.485539 0.017282 0.011930
0 0.278762 0.377552 0.016934 0.013788
0 0.769321 0.427224 0.018764 0.013204
0 0.601369 0.711857 0.017419 0.013461
0 0.639543 0.356350 0.027674 0.021932
0 0.485099 0.426197 0.014038 0.011665
0 0.346983 0.349698 0.014129 0.011137
0 0.480545 0.512326 0.018855 0.017544
0 0.363084 0.661589 0.013379 0.009890
0 0.915653 0.440184 0.014509 0.010585
0 0.568693 0.259714 0.013811 0.011188
0 0.481564 0.549450 0.021180 0.016733
0 0.823041 0.571767 0.017045 0.017755
0 0.331865 0.619398 0.014081 0.011126
0 0.360898 0.325674 0.014114 0.012027
0 0.684187 0.509974 0.016824 0.018896
0 0.417995 0.407762 0.014725 0.011016
0 0.472915 0.294848 0.016800 0.013764
0 0.575439 0.694468 0.018958 0.015163
0 0.902017 0.432940 0.014301 0.010767
0 0.879880 0.517518 0.012434 0.009479
0 0.610176 0.688366 0.013359 0.010550
0 0.557144 0.683739 0.024184 0.016623
0 0.640486 0.312254 0.015597 0.013796
0 0.947749 0.435642 0.013416 0.011179
0 0.182107 0.451318 0.015129 0.012847
0 0.407609 0.616046 0.012247 0.009931
0 0.549576 0.706318 0.014843 0.012110
0 0.736054 0.670107 0.016289 0.012083