0 0.352908 0.734731 0.016209 0.012993
0 0.336401 0.698868 0.017658 0.013459
0 0.298229 0.874360 0.019427 0.013872
0 0.404174 0.972484 0.025912 0.020425
0 0.406733 0.608168 0.015198 0.011359
0 0.242335 0.775543 0.016993 0.012976
0 0.366537 0.605354 0.016311 0.013138
0 0.390324 0.504354 0.017338 0.014235
0 0.351196 0.547582 0.015749 0.013195
0 0.465843 0.542180 0.014529 0.011445
0 0.430762 0.571381 0.020011 0.016001
0 0.661232 0.904004 0.017112 0.012558
0 0.607434 0.612061 0.017383 0.013516
0 0.369378 0.759133 0.020025 0.014386
0 0.728656 0.647167 0.019795 0.014661
0 0.238610 0.924503 0.019247 0.014401
0 0.525059 0.898781 0.023800 0.017776
0 0.636949 0.498262 0.019095 0.014172
0 0.465080 0.591502 0.018170 0.015041
0 0.609325 0.738966 0.016474 0.012835
0 0.431363 0.647319 0.013732 0.010934
0 0.439580 0.474609 0.015826 0.012846
0 0.492047 0.427602 0.016010 0.013791
0 0.623157 0.828105 0.016770 0.012630
0 0.720805 0.758950 0.016290 0.014070
0 0.571342 0.868130 0.017730 0.013500
0 0.316357 0.794337 0.014378 0.011878
0 0.227884 0.882817 0.015365 0.011569
0 0.437248 0.795535 0.015280 0.012916
0 0.622937 0.651434 0.016603 0.012674
0 0.279051 0.766511 0.015750 0.011878
0 0.452150 0.705465 0.019064 0.016537
0 0.546286 0.771144 0.018832 0.015240
0 0.390661 0.539251 0.017307 0.013916
0 0.308826 0.766285 0.013911 0.011867
0 0.543287 0.956129 0.022846 0.017677
0 0.441383 0.923706 0.017562 0.013877
0 0.662297 0.458171 0.020678 0.015471
0 0.630989 0.439702 0.023884 0.016190
1 0.265012 0.807013 0.054052 0.043824
0 0.362661 0.823366 0.014783 0.013606
0 0.526802 0.552858 0.015947 0.012991
0 0.748520 0.745808 0.013939 0.011065
1 0.127611 0.903264 0.048481 0.041739
0 0.098962 0.591548 0.015535 0.012888
0 0.436440 0.434960 0.013412 0.011630
0 0.522543 0.618158 0.014463 0.011055
0 0.700564 0.535363 0.013819 0.012141
0 0.413029 0.521402 0.018333 0.015878
0 0.274049 0.550602 0.027045 0.016122
0 0.289496 0.529190 0.020201 0.017694
0 0.185527 0.649436 0.013939 0.011503
0 0.554196 0.430544 0.021937 0.018048
0 0.229200 0.552157 0.019901 0.016560
0 0.633767 0.857715 0.026770 0.018911
0 0.413532 0.493356 0.015164 0.012057
1 0.562544 0.542550 0.038174 0.026820
0 0.115107 0.535326 0.015451 0.011567
0 0.352999 0.500182 0.016838 0.013319
0 0.660873 0.478394 0.018585 0.015307
0 0.107753 0.520162 0.016849 0.013663
1 0.553285 0.644878 0.040078 0.036313
0 0.200748 0.532477 0.022743 0.016065
0 0.242965 0.611102 0.015121 0.013178
0 0.679312 0.598263 0.014409 0.011807
0 0.669898 0.747168 0.017553 0.014705
0 0.157089 0.707626 0.014055 0.012255
0 0.477471 0.957283 0.018497 0.015600
0 0.669419 0.664581 0.019252 0.015495
0 0.278684 0.905991 0.036910 0.026110
0 0.302612 0.751500 0.015536 0.011451
0 0.708016 0.619137 0.018728 0.016528
0 0.289762 0.846820 0.016901 0.013453
0 0.361732 0.787480 0.012985 0.010409
0 0.501609 0.606731 0.014819 0.010608
0 0.222045 0.493972 0.024346 0.017694
0 0.272280 0.626305 0.015429 0.013380
0 0.253516 0.627217 0.016352 0.013103
0 0.199193 0.860169 0.025992 0.016243
1 0.756879 0.798793 0.050291 0.028595
0 0.539183 0.871085 0.015754 0.012605
0 0.468605 0.891463 0.018183 0.014959
0 0.353140 0.671117 0.021812 0.017908
1 0.483082 0.688476 0.037343 0.032922
0 0.247924 0.945082 0.016156 0.011597
0 0.440288 0.447714 0.011732 0.010694
1 0.516366 0.763740 0.034592 0.025049