0 0.436288 0.713851 0.014147 0.010949
0 0.035130 0.434526 0.016914 0.013389
0 0.228445 0.636667 0.017567 0.012757
0 0.398112 0.670691 0.014244 0.010312
0 0.394141 0.525915 0.014514 0.011955
0 0.206037 0.536328 0.020367 0.013258
0 0.301859 0.710840 0.011792 0.009366
0 0.080404 0.545174 0.012128 0.009258
0 0.437035 0.751379 0.014508 0.011001
1 0.215523 0.428092 0.051906 0.039187
1 0.117039 0.568636 0.053868 0.041772
0 0.347984 0.537490 0.018173 0.014322
0 0.136085 0.378404 0.026331 0.016194
0 0.361073 0.385270 0.014642 0.011024
0 0.509623 0.634086 0.014521 0.011714
1 0.682163 0.392720 0.046379 0.037300
0 0.320797 0.374751 0.013638 0.010745
0 0.072353 0.431203 0.014670 0.010891
0 0.153858 0.523157 0.014873 0.012291
0 0.424879 0.636390 0.011882 0.009332
0 0.323659 0.563348 0.014211 0.011114
0 0.309563 0.575875 0.014559 0.010703
0 0.465033 0.305257 0.014938 0.011252
0 0.495213 0.558016 0.019961 0.014717
0 0.121903 0.324964 0.014305 0.011324
0 0.147026 0.405641 0.013908 0.010344
0 0.354051 0.746536 0.016050 0.013138
0 0.389609 0.717166 0.013622 0.010766
0 0.148228 0.477884 0.014981 0.012013
0 0.476713 0.690064 0.012757 0.009835
0 0.129422 0.428421 0.013460 0.009950
0 0.231947 0.607749 0.016980 0.012223
0 0.510889 0.464653 0.013719 0.010455
0 0.598003 0.327399 0.018709 0.013800
0 0.523429 0.575885 0.016433 0.011802
0 0.269623 0.699209 0.012177 0.010808
0 0.459870 0.479818 0.017168 0.014689
0 0.520730 0.443126 0.017266 0.014191
0 0.256661 0.823869 0.020371 0.014562
0 0.463615 0.516755 0.021699 0.013633
0 0.162300 0.624568 0.013622 0.010323
0 0.040393 0.382835 0.018619 0.014724
0 0.186300 0.474147 0.021525 0.014880
0 0.632690 0.596207 0.013012 0.009716
1 0.024758 0.538177 0.049122 0.038797
0 0.490506 0.353842 0.014053 0.011013
0 0.578991 0.380280 0.018968 0.014411
0 0.055147 0.586228 0.014868 0.011447
0 0.447434 0.351508 0.018336 0.017919
1 0.155520 0.688358 0.050774 0.040468
0 0.280641 0.665004 0.013572 0.011060
0 0.483163 0.428250 0.019055 0.011519
0 0.064883 0.624050 0.011176 0.009205
0 0.667533 0.630233 0.013686 0.010299
0 0.514511 0.548142 0.015350 0.012135
0 0.102996 0.454126 0.016761 0.017663
0 0.376643 0.408552 0.014487 0.010493
0 0.191516 0.341682 0.015409 0.012651
0 0.161759 0.452808 0.019691 0.012718
0 0.408045 0.249543 0.014055 0.011106
0 0.175766 0.504765 0.015951 0.011703
0 0.243435 0.796134 0.013940 0.009984
0 0.441358 0.392016 0.014630 0.009947
0 0.258653 0.353080 0.017491 0.014764
0 0.410680 0.657422 0.013863 0.009879
0 0.248570 0.751840 0.016662 0.012639
0 0.418970 0.406817 0.014281 0.010666
0 0.681640 0.614385 0.013006 0.010316
0 0.363899 0.488937 0.011381 0.008618
0 0.120236 0.641655 0.016073 0.011654
0 0.316677 0.723441 0.010947 0.008873
0 0.040182 0.476675 0.013574 0.010505
0 0.229668 0.353898 0.016980 0.014965
0 0.534442 0.400022 0.016249 0.013166
0 0.285336 0.800784 0.014307 0.012043
0 0.263909 0.542418 0.015310 0.014487
0 0.565419 0.451744 0.013420 0.010624
0 0.639251 0.569033 0.014153 0.010623
0 0.478594 0.329501 0.018036 0.011825
0 0.394935 0.599206 0.014012 0.012454
0 0.064440 0.354383 0.022542 0.016595
0 0.447742 0.621900 0.015056 0.013134
0 0.253545 0.579047 0.015774 0.011765
0 0.492086 0.533871 0.015481 0.013366
0 0.589439 0.594127 0.011593 0.009126
0 0.158075 0.772690 0.013144 0.011069
0 0.664030 0.649139 0.012980 0.010068
0 0.553440 0.601187 0.011813 0.009478
0 0.361948 0.330860 0.021762 0.021183
0 0.403356 0.627668 0.014351 0.011484
0 0.397177 0.487058 0.021704 0.016880
0 0.675827 0.515365 0.017981 0.012871
0 0.307139 0.802618 0.016378 0.012595
0 0.188068 0.296207 0.013741 0.011080
0 0.639398 0.443540 0.013842 0.010205
0 0.412775 0.332080 0.026496 0.017585
0 0.525632 0.339902 0.021415 0.017153
0 0.441282 0.251145 0.012175 0.010050
0 0.381803 0.754818 0.011104 0.009214
0 0.659581 0.554162 0.019635 0.014152
0 0.469974 0.500537 0.014461 0.010946
0 0.241484 0.293388 0.014011 0.012861
0 0.095854 0.676438 0.010462 0.008161
0 0.341148 0.399810 0.014249 0.011309
0 0.491388 0.675257 0.013494 0.012047
0 0.220404 0.812870 0.022078 0.016659
0 0.655865 0.484998 0.018901 0.013453
0 0.551239 0.634991 0.012390 0.009598
0 0.567102 0.619412 0.012669 0.010281
0 0.462282 0.269549 0.012280 0.010500
0 0.571683 0.778426 0.015476 0.010945
0 0.600493 0.420513 0.011882 0.009806
0 0.426784 0.598222 0.012781 0.010188
0 0.411901 0.356653 0.018187 0.014900
0 0.359461 0.625016 0.019085 0.016274
0 0.363780 0.432275 0.031820 0.020078
1 0.161713 0.733812 0.046962 0.034960
0 0.080671 0.398761 0.014300 0.014153
0 0.518300 0.415136 0.013642 0.010789
0 0.491020 0.776217 0.015075 0.013307
0 0.530473 0.718026 0.015937 0.010431
0 0.268773 0.793911 0.014829 0.010326
1 0.277197 0.500101 0.038620 0.029434
0 0.219087 0.569219 0.010800 0.008698
0 0.477766 0.404470 0.022509 0.013063
0 0.620796 0.632661 0.011511 0.009259
0 0.038328 0.606942 0.011988 0.009863
0 0.482943 0.746743 0.015654 0.012503
0 0.019474 0.562736 0.012943 0.008989
0 0.643730 0.330911 0.025069 0.019508
0 0.629300 0.677671 0.015168 0.011941
0 0.594558 0.461951 0.021615 0.013942
0 0.283684 0.334560 0.019173 0.016156
0 0.498352 0.726427 0.010583 0.008759
0 0.233322 0.345982 0.017931 0.015715
0 0.287754 0.385977 0.014974 0.010637
0 0.524127 0.748890 0.019557 0.012043
0 0.336830 0.635103 0.015564 0.011744
0 0.543589 0.497581 0.021066 0.017448
0 0.394552 0.584987 0.011752 0.010855
0 0.553300 0.697461 0.020454 0.016263
0 0.274128 0.759827 0.010380 0.008399
0 0.281701 0.318721 0.021238 0.019598
0 0.357354 0.788792 0.010740 0.009085
0 0.200518 0.684424 0.012959 0.011859
0 0.367104 0.802960 0.014557 0.010753
0 0.620533 0.617989 0.013452 0.010114