0 0.696650 0.521247 0.017321 0.012175
0 0.371921 0.581952 0.020551 0.014930
0 0.654246 0.548574 0.016241 0.011697
0 0.690696 0.481090 0.016621 0.012924
0 0.386331 0.554822 0.017265 0.012768
0 0.744511 0.560527 0.016274 0.012605
0 0.672645 0.456415 0.020742 0.015311
0 0.241557 0.589311 0.018414 0.014068
1 0.426442 0.703808 0.050849 0.041573
0 0.728867 0.503094 0.017200 0.012795
0 0.688117 0.434148 0.015890 0.011786
0 0.514596 0.820688 0.019770 0.015011
0 0.525746 0.499445 0.019789 0.014545
0 0.330063 0.559192 0.015217 0.011299
0 0.502435 0.676718 0.015376 0.011214
0 0.772154 0.454828 0.017529 0.012930
0 0.644433 0.794634 0.018521 0.014109
1 0.377230 0.859333 0.140556 0.054369
0 0.706103 0.587177 0.020808 0.017818
0 0.751952 0.396976 0.019022 0.015539
0 0.366384 0.626668 0.018077 0.013378
1 0.664756 0.727797 0.048713 0.036377
0 0.682223 0.351755 0.016754 0.012972
0 0.615663 0.599998 0.018096 0.013886
0 0.563806 0.538027 0.017385 0.014109
0 0.544714 0.427347 0.019617 0.014710
1 0.419397 0.802411 0.109118 0.054582
0 0.457051 0.512313 0.021137 0.016040
0 0.615099 0.342758 0.031578 0.020816
0 0.118841 0.633535 0.015308 0.011851
0 0.759690 0.426164 0.017745 0.012871
0 0.548662 0.813976 0.020381 0.015962
0 0.273341 0.614269 0.014720 0.010591
0 0.567225 0.351620 0.021153 0.019522
0 0.198432 0.483244 0.017398 0.012458
0 0.501421 0.634706 0.018929 0.015490
0 0.773759 0.412534 0.018891 0.014369
0 0.152453 0.666272 0.016814 0.013362
0 0.364695 0.529975 0.018135 0.014532
0 0.592035 0.750974 0.019122 0.017799
0 0.469352 0.582250 0.019218 0.014112
0 0.638436 0.567233 0.018839 0.014123
0 0.673138 0.572391 0.015267 0.012485
0 0.623643 0.439858 0.024968 0.016659
0 0.434408 0.466022 0.014308 0.011089
0 0.411351 0.642951 0.015684 0.013104
0 0.274411 0.713815 0.015263 0.011994
0 0.683125 0.598151 0.022214 0.015796
1 0.137839 0.523865 0.054568 0.049397
0 0.438657 0.565849 0.020867 0.013451
0 0.154334 0.706368 0.017945 0.013111
0 0.338237 0.393172 0.025059 0.020578
0 0.481874 0.733181 0.018728 0.015709
0 0.522652 0.617129 0.018753 0.014616
0 0.311886 0.401706 0.020385 0.016682
0 0.558641 0.499588 0.019175 0.019768
0 0.680800 0.667916 0.017337 0.012317
0 0.645112 0.418879 0.014106 0.012032
0 0.449965 0.516337 0.025526 0.016228
0 0.522177 0.457694 0.023204 0.019231
0 0.714967 0.372093 0.019631 0.014286
0 0.598852 0.818909 0.018225 0.015630
0 0.511215 0.374950 0.028292 0.026033
0 0.831146 0.490919 0.017385 0.013279
0 0.634271 0.841478 0.019567 0.014900
0 0.367941 0.329399 0.032483 0.029798
0 0.492981 0.558320 0.014311 0.012278
0 0.189826 0.581747 0.018909 0.015888
0 0.131760 0.721168 0.014343 0.010766
0 0.214540 0.379987 0.020028 0.017178
0 0.324237 0.621038 0.015848 0.014372
0 0.608626 0.464930 0.020401 0.016933
0 0.496309 0.794179 0.015228 0.012229
0 0.457782 0.588545 0.024990 0.015767
0 0.345608 0.631545 0.016541 0.012399
0 0.522568 0.626216 0.018531 0.019284
0 0.430003 0.564990 0.020393 0.014176
0 0.666127 0.786108 0.018751 0.017191
0 0.558165 0.578162 0.013726 0.011770
0 0.527099 0.554361 0.012798 0.010507
0 0.257128 0.373125 0.025561 0.022139
0 0.442694 0.519596 0.018876 0.012766
0 0.237874 0.510765 0.033539 0.022020
0 0.316707 0.327882 0.020540 0.024293
0 0.559823 0.305692 0.012036 0.011206
0 0.529401 0.322738 0.012472 0.010576
0 0.728203 0.360993 0.017445 0.014128
0 0.528620 0.730174 0.013443 0.011127
0 0.559555 0.491024 0.018729 0.014955
0 0.799073 0.640225 0.013380 0.010921
1 0.484554 0.896088 0.056980 0.013006
1 0.763674 0.737534 0.027251 0.020438