0 0.732924 0.362351 0.010133 0.014118
0 0.502560 0.345143 0.012401 0.018019
0 0.660956 0.286601 0.011782 0.016713
0 0.563629 0.323012 0.011707 0.017691
0 0.635310 0.864829 0.011173 0.015306
0 0.695947 0.273193 0.011686 0.016857
0 0.836540 0.306965 0.012165 0.016869
0 0.730436 0.494187 0.012023 0.016376
0 0.558841 0.570077 0.012011 0.017371
0 0.671901 0.452255 0.014065 0.018262
0 0.605497 0.439979 0.011209 0.017513
0 0.806992 0.315786 0.010995 0.014475
0 0.699846 0.354308 0.010574 0.015057
0 0.456452 0.311746 0.012034 0.019107
0 0.458256 0.392726 0.010985 0.016048
0 0.852513 0.411708 0.011041 0.015594
0 0.834134 0.522017 0.012871 0.016627
0 0.744484 0.601744 0.012343 0.017283
0 0.567726 0.851040 0.012393 0.017862
0 0.632985 0.503646 0.011566 0.016478
0 0.777497 0.284670 0.010778 0.015808
0 0.714555 0.711855 0.009425 0.012726
0 0.758272 0.267793 0.010051 0.014261
0 0.508844 0.523222 0.009754 0.013366
0 0.572005 0.540731 0.012017 0.015101
0 0.834378 0.453597 0.011561 0.015426
0 0.865589 0.384235 0.012015 0.016044
0 0.802614 0.484575 0.012189 0.018653
0 0.627788 0.456846 0.011765 0.019212
0 0.577382 0.305522 0.013146 0.017197
0 0.655841 0.324701 0.012899 0.018412
0 0.808976 0.876442 0.014447 0.020376
0 0.786002 0.735300 0.012929 0.016572
0 0.686661 0.477430 0.010948 0.016137
0 0.558103 0.486592 0.011523 0.015087
0 0.454463 0.465321 0.011707 0.016467
0 0.625734 0.189685 0.012991 0.019006
0 0.797568 0.766071 0.009426 0.012993
0 0.455733 0.683521 0.009860 0.012904
0 0.498621 0.591698 0.011234 0.017157
0 0.631636 0.235244 0.012056 0.018738
0 0.463547 0.525264 0.011218 0.015988
0 0.530605 0.416146 0.009760 0.013970
0 0.600676 0.669692 0.008627 0.011429
0 0.599983 0.894298 0.013106 0.017733
0 0.789231 0.234524 0.010150 0.014107
0 0.760993 0.246305 0.010169 0.015682
0 0.540814 0.268820 0.011733 0.017597
0 0.587732 0.737548 0.008859 0.012598
0 0.467896 0.447075 0.009805 0.014500
0 0.640590 0.667323 0.011664 0.015207
0 0.589815 0.272934 0.010599 0.015297
0 0.687363 0.564035 0.010315 0.015476
0 0.624226 0.272903 0.010958 0.015870
0 0.584609 0.680861 0.008850 0.012305
0 0.605186 0.739147 0.009191 0.013272
0 0.614352 0.536843 0.010527 0.015258
0 0.831248 0.803035 0.012573 0.017260
0 0.909497 0.285176 0.017242 0.020845
0 0.702122 0.937231 0.017248 0.019732
0 0.662008 0.768124 0.011740 0.014476
0 0.752066 0.627329 0.010093 0.015653
0 0.782015 0.331459 0.011748 0.016191
0 0.724370 0.801795 0.010748 0.014234
0 0.615591 0.362619 0.013745 0.018145
0 0.713265 0.847076 0.011393 0.015886
0 0.686588 0.331771 0.010965 0.014748
0 0.749247 0.303652 0.009162 0.013036
0 0.587792 0.614224 0.009647 0.013982
0 0.721637 0.585501 0.009921 0.014404
0 0.704900 0.303302 0.011093 0.017898
0 0.668122 0.615437 0.011324 0.016334
0 0.424362 0.589579 0.010022 0.014109
0 0.874793 0.296291 0.012747 0.019244
0 0.665559 0.383545 0.013206 0.016830
0 0.836601 0.209619 0.011247 0.016968
0 0.547068 0.296238 0.011576 0.014897
0 0.544229 0.402293 0.009766 0.013693
0 0.791829 0.357951 0.011479 0.015537
0 0.672150 0.900520 0.016220 0.018893
0 0.669677 0.595145 0.009793 0.015781
0 0.726046 0.425791 0.009904 0.019260
0 0.799524 0.810735 0.010873 0.014420
0 0.719938 0.906431 0.011456 0.015952
0 0.905936 0.638929 0.010484 0.014157
0 0.762558 0.224330 0.009268 0.014038
0 0.437005 0.433775 0.010655 0.015781
0 0.775546 0.512493 0.009824 0.014095
0 0.566128 0.270779 0.011464 0.016288
0 0.630428 0.585486 0.009386 0.013360
0 0.742742 0.465192 0.010166 0.015072
0 0.667716 0.794775 0.009419 0.013650
0 0.612260 0.613609 0.010434 0.014919
0 0.775891 0.559436 0.010654 0.015071
0 0.704493 0.691479 0.009275 0.012102
0 0.749567 0.748297 0.010006 0.012767
0 0.735604 0.900897 0.011793 0.015777
0 0.834470 0.235245 0.009683 0.013725
0 0.412272 0.610694 0.011147 0.015364
0 0.468335 0.489389 0.010436 0.015151
0 0.710644 0.240392 0.011177 0.021970
0 0.761228 0.427607 0.009996 0.012813
0 0.613714 0.487908 0.009685 0.013847
0 0.892059 0.466546 0.015866 0.023436
0 0.797460 0.844271 0.010283 0.013119
0 0.423010 0.499612 0.011652 0.015499
0 0.569217 0.702449 0.009063 0.014176
0 0.453315 0.632744 0.009028 0.011859
0 0.900939 0.712109 0.011258 0.015961
0 0.564932 0.822497 0.010421 0.013584
0 0.448823 0.658687 0.009866 0.013411
0 0.536672 0.317011 0.010919 0.016374
0 0.707887 0.664788 0.010319 0.013810
0 0.631341 0.712543 0.013558 0.018831
0 0.574204 0.596644 0.011108 0.014084
0 0.798634 0.292543 0.011491 0.015492
0 0.821729 0.280658 0.015390 0.020000
0 0.649234 0.822911 0.009041 0.014268
0 0.570576 0.466035 0.009758 0.015945
0 0.777234 0.794586 0.010555 0.011755
0 0.955046 0.565399 0.009661 0.011883
0 0.749259 0.524630 0.012759 0.015870
0 0.591461 0.808766 0.010238 0.013146
0 0.854329 0.765344 0.010935 0.014132
0 0.808882 0.436610 0.009280 0.013223
0 0.833592 0.472220 0.010293 0.014550
0 0.822772 0.767501 0.008911 0.014382
0 0.690923 0.303610 0.012419 0.016953
0 0.608326 0.201562 0.011707 0.014974
0 0.870811 0.266682 0.011672 0.018136
0 0.773631 0.190637 0.015136 0.022434
0 0.416156 0.447953 0.010819 0.015133
0 0.730566 0.255569 0.009867 0.022254
0 0.523586 0.845515 0.011430 0.015273
0 0.740175 0.333318 0.010054 0.014116
0 0.536837 0.366594 0.009152 0.013375
0 0.585799 0.375439 0.011981 0.021060
0 0.835375 0.273161 0.011993 0.016022
0 0.543935 0.511922 0.010883 0.015771
0 0.734022 0.222895 0.009988 0.012924
0 0.719766 0.744344 0.012906 0.015854
0 0.733005 0.524677 0.011551 0.014642
0 0.921103 0.718909 0.009851 0.013396
0 0.472492 0.426202 0.008250 0.012429
0 0.484922 0.315405 0.009745 0.013927
0 0.872928 0.229284 0.014643 0.022617
0 0.662099 0.254012 0.011317 0.017241
0 0.717462 0.674009 0.009353 0.012800
0 0.870414 0.843523 0.012174 0.014461
0 0.604884 0.389837 0.012373 0.020446
0 0.401912 0.575400 0.009560 0.013419
0 0.768656 0.397962 0.013465 0.019696
0 0.425885 0.470565 0.010102 0.012955
0 0.801501 0.642565 0.011113 0.017559
0 0.927904 0.563257 0.007987 0.012207
0 0.797233 0.890446 0.012953 0.014803
0 0.760256 0.862271 0.008852 0.012969
0 0.717006 0.382909 0.008858 0.010985
0 0.475975 0.576204 0.010717 0.014721
0 0.545065 0.859098 0.011398 0.013703
0 0.695714 0.526925 0.009202 0.013700
0 0.675164 0.721848 0.008357 0.012563
0 0.819569 0.584321 0.008363 0.013382
0 0.681917 0.365588 0.010975 0.015919
0 0.667022 0.545844 0.009131 0.013563
0 0.418272 0.664006 0.011707 0.016458
0 0.711794 0.813048 0.008971 0.010892
0 0.723257 0.213410 0.009346 0.013860
0 0.504430 0.431043 0.010051 0.013148
0 0.836833 0.492955 0.008055 0.012639
0 0.504003 0.650625 0.010715 0.015244
0 0.676746 0.411132 0.011210 0.017427
0 0.623658 0.511648 0.012343 0.014134
0 0.772814 0.764004 0.007228 0.011680
0 0.699937 0.589160 0.008941 0.012658
0 0.627879 0.616728 0.011437 0.017324
0 0.756391 0.485651 0.009101 0.013322
0 0.755888 0.170361 0.009790 0.015209
0 0.960211 0.500992 0.010757 0.016005
0 0.429070 0.633266 0.011690 0.015031
0 0.519917 0.219588 0.013129 0.020234