0 0.232037 0.482244 0.019960 0.015733
0 0.093804 0.494101 0.018635 0.014494
0 0.045492 0.563666 0.019523 0.013946
0 0.025525 0.503959 0.016547 0.012944
1 0.491208 0.345173 0.047607 0.038984
0 0.598688 0.599954 0.018446 0.014965
0 0.577437 0.570170 0.015893 0.012332
0 0.059273 0.715929 0.018777 0.013717
0 0.332991 0.679697 0.015429 0.011550
0 0.101121 0.617082 0.019584 0.016012
0 0.053877 0.529105 0.018164 0.014786
0 0.292469 0.713911 0.015520 0.011816
1 0.289094 0.599200 0.049280 0.037224
0 0.092223 0.700354 0.014133 0.010942
0 0.417684 0.766927 0.023322 0.018533
0 0.177364 0.468352 0.021530 0.016086
0 0.160798 0.490089 0.023165 0.015384
0 0.147521 0.443835 0.019340 0.015085
1 0.397913 0.722878 0.048507 0.036847
0 0.026740 0.399302 0.020976 0.016564
0 0.144002 0.604221 0.015955 0.013355
0 0.442252 0.411619 0.016332 0.012679
0 0.574624 0.619167 0.020515 0.013848
0 0.662209 0.409557 0.019564 0.015522
0 0.121562 0.367285 0.020908 0.014379
0 0.406535 0.699071 0.015640 0.011983
0 0.247557 0.531458 0.019284 0.014115
0 0.509615 0.448794 0.016025 0.011868
1 0.610896 0.333253 0.036472 0.032618
0 0.166169 0.551003 0.015419 0.011386
0 0.451672 0.385975 0.015670 0.012638
0 0.325939 0.427889 0.014971 0.011646
0 0.680684 0.421274 0.018446 0.015695
0 0.542228 0.476736 0.014161 0.011097
0 0.287825 0.288936 0.016822 0.012821
0 0.107595 0.479579 0.016278 0.012879
0 0.380960 0.799763 0.022413 0.017025
0 0.246217 0.309031 0.014201 0.012227
0 0.654030 0.563605 0.016425 0.012626
0 0.445763 0.656764 0.014428 0.011883
0 0.017517 0.437542 0.015007 0.012136
0 0.558972 0.442816 0.014383 0.011301
0 0.295075 0.497593 0.021051 0.021573
0 0.052907 0.486308 0.014009 0.010814
0 0.603285 0.386124 0.014611 0.012373
0 0.643138 0.383328 0.018435 0.014486
0 0.247528 0.419899 0.015520 0.012491
0 0.613783 0.367192 0.013178 0.010782
0 0.298073 0.506186 0.020837 0.017091
0 0.360981 0.509988 0.020605 0.015856
0 0.067799 0.672814 0.022107 0.014112
0 0.613767 0.543460 0.014360 0.011820
0 0.560929 0.408092 0.013325 0.010652
0 0.472335 0.617867 0.015270 0.012047
0 0.291550 0.404646 0.014441 0.012265
0 0.555435 0.343331 0.019247 0.011903
0 0.249706 0.325629 0.014173 0.012494
0 0.569674 0.547768 0.015098 0.012541
0 0.215050 0.463474 0.013261 0.010470
0 0.235688 0.528020 0.025020 0.015717
0 0.376933 0.441594 0.014917 0.012959
0 0.146917 0.664342 0.017597 0.014419