0 0.576538 0.316873 0.015512 0.012407
0 0.458354 0.253238 0.014740 0.010585
0 0.244793 0.538132 0.017164 0.013910
0 0.377924 0.445796 0.016079 0.012487
0 0.178603 0.633061 0.020116 0.014781
0 0.210904 0.671108 0.021622 0.016571
0 0.507793 0.485000 0.018430 0.015890
0 0.265142 0.556329 0.018384 0.014778
0 0.365123 0.654277 0.019281 0.014002
0 0.421892 0.422391 0.013440 0.010783
0 0.235793 0.452157 0.017140 0.014640
0 0.293504 0.283106 0.019575 0.013627
0 0.261713 0.456196 0.017212 0.012844
0 0.563222 0.231790 0.012127 0.012548
0 0.260268 0.217440 0.014109 0.011949
0 0.386772 0.487454 0.019788 0.016182
0 0.122807 0.587622 0.017152 0.012660
0 0.708330 0.513347 0.017189 0.011082
0 0.513699 0.282758 0.016584 0.014842
0 0.599161 0.509390 0.017271 0.013385
0 0.341457 0.325480 0.020461 0.016241
0 0.561279 0.290416 0.016125 0.012684
0 0.406726 0.517803 0.016183 0.013257
0 0.462285 0.571153 0.017387 0.014372
0 0.305850 0.666428 0.022265 0.018666
0 0.267006 0.292350 0.010032 0.006320
0 0.124757 0.388956 0.007223 0.006320
1 0.294210 0.438380 0.032864 0.022300
1 0.460094 0.484155 0.035994 0.036385
1 0.751956 0.462441 0.043818 0.044601