1 0.499958 0.531299 0.048219 0.039453
1 0.723120 0.267401 0.094845 0.066198
1 0.434431 0.538985 0.050613 0.035269
0 0.549007 0.521684 0.014784 0.012186
0 0.532643 0.272863 0.016145 0.013449
1 0.266355 0.706719 0.048819 0.038889
1 0.653056 0.273370 0.042832 0.045260
0 0.734258 0.327081 0.015450 0.012840
0 0.509774 0.619830 0.012920 0.012158
0 0.598914 0.741988 0.017066 0.013162
0 0.606112 0.374142 0.018551 0.014319
0 0.545162 0.566229 0.011811 0.010103
0 0.790843 0.404087 0.017421 0.014821
0 0.448347 0.471911 0.012806 0.010994
0 0.391667 0.319139 0.019107 0.012560
0 0.657661 0.571927 0.012613 0.010201
0 0.410541 0.269015 0.014113 0.012443
0 0.341226 0.326859 0.016163 0.013664
0 0.591992 0.522403 0.013106 0.012169
0 0.369591 0.548185 0.012216 0.011009
0 0.465249 0.291017 0.018605 0.014152
0 0.658270 0.377160 0.015216 0.012431
0 0.407773 0.562554 0.014344 0.012204
0 0.579961 0.228416 0.015661 0.012526
0 0.615109 0.723013 0.017246 0.013321
0 0.413568 0.446183 0.037549 0.022800
0 0.473510 0.556630 0.011767 0.009943
0 0.482783 0.252698 0.014663 0.013136
1 0.219012 0.301285 0.048619 0.041445
0 0.369498 0.719227 0.014441 0.011221
0 0.472919 0.506552 0.013144 0.010005
0 0.524175 0.743022 0.021331 0.014842
0 0.372440 0.484513 0.015249 0.012311
0 0.576349 0.372351 0.014354 0.014137
0 0.711130 0.468776 0.014661 0.011786
0 0.691584 0.316984 0.013693 0.012679
0 0.390664 0.740295 0.014501 0.010920
0 0.675452 0.424383 0.013731 0.013687
0 0.733529 0.545662 0.012734 0.009624
0 0.734156 0.515227 0.012973 0.010160
0 0.724336 0.305950 0.014203 0.011156
0 0.489975 0.576195 0.011042 0.008884
0 0.188237 0.476094 0.015477 0.012581
0 0.547622 0.607123 0.012081 0.009254
0 0.475945 0.475879 0.012895 0.011512
0 0.308827 0.272948 0.016292 0.014653
0 0.458844 0.711339 0.014432 0.010866
0 0.509909 0.492577 0.015798 0.012421
0 0.625544 0.245169 0.012741 0.012820
0 0.757532 0.320319 0.016000 0.014284
1 0.487006 0.196848 0.054839 0.028579
0 0.389691 0.512257 0.012559 0.011543
0 0.550791 0.540043 0.011969 0.009614
0 0.543025 0.335580 0.019712 0.022144
0 0.567613 0.309900 0.016366 0.013615
0 0.428811 0.229648 0.013072 0.011707
0 0.416133 0.727622 0.016250 0.011683
0 0.453479 0.508243 0.011816 0.009066
0 0.308143 0.338929 0.014543 0.011899
0 0.613518 0.455001 0.013385 0.011045
0 0.534862 0.363058 0.013969 0.013728
0 0.451679 0.567586 0.012055 0.012074
0 0.506541 0.260860 0.013617 0.011005
0 0.721042 0.435550 0.014058 0.011112
0 0.648855 0.629655 0.011988 0.009555
0 0.578468 0.724011 0.014962 0.011101
0 0.397022 0.640322 0.010943 0.009442
0 0.602394 0.413613 0.014425 0.012453
0 0.198901 0.421263 0.012810 0.010418
0 0.795375 0.573757 0.013190 0.010223
0 0.538959 0.766601 0.024120 0.014776
0 0.591631 0.308871 0.014824 0.012747
0 0.366144 0.307350 0.014727 0.011977
0 0.263796 0.354369 0.012764 0.010743
0 0.798163 0.345809 0.014208 0.012058
0 0.595656 0.341302 0.016418 0.014712
0 0.459781 0.622998 0.011031 0.008611
0 0.465702 0.602057 0.013534 0.010446
0 0.633464 0.367815 0.013388 0.010356
0 0.315507 0.434477 0.012258 0.009798
0 0.700875 0.583254 0.014433 0.010597
0 0.444414 0.648276 0.010410 0.008329
0 0.234660 0.353292 0.014179 0.013661
0 0.792339 0.461832 0.013537 0.009989
0 0.549895 0.205059 0.018423 0.013668
0 0.626623 0.567528 0.012562 0.009876
0 0.367007 0.532323 0.010655 0.009401
0 0.444336 0.740306 0.018927 0.013631
0 0.538335 0.243362 0.015181 0.010214
0 0.539389 0.458452 0.014671 0.012532
0 0.383214 0.362021 0.013221 0.010644
0 0.580103 0.697271 0.014814 0.011373
0 0.691480 0.512173 0.011523 0.009432
0 0.466632 0.235530 0.011707 0.014733
0 0.558785 0.591425 0.015886 0.012593
0 0.815083 0.559854 0.014034 0.011796
0 0.634424 0.494637 0.014443 0.011264
0 0.691546 0.622982 0.015721 0.013762
0 0.682040 0.559288 0.011016 0.008559
0 0.510431 0.228580 0.010548 0.010039
0 0.416909 0.701333 0.015388 0.012168
0 0.546337 0.724449 0.014805 0.011641
0 0.583229 0.503055 0.017635 0.010952
0 0.331484 0.459086 0.013897 0.010630
0 0.790647 0.364611 0.016916 0.012291
0 0.711996 0.378652 0.013493 0.011316
0 0.376545 0.445398 0.014711 0.012154
0 0.694145 0.339655 0.013208 0.011644
0 0.816707 0.441243 0.013171 0.011383
0 0.445934 0.264582 0.016389 0.012843
1 0.813378 0.600025 0.025049 0.019682