0 0.465424 0.457549 0.012515 0.016815
0 0.466387 0.578082 0.011640 0.016138
0 0.393404 0.411797 0.012439 0.017190
0 0.409236 0.513137 0.012662 0.017723
0 0.380279 0.481469 0.014097 0.020822
0 0.482606 0.232941 0.012451 0.017679
0 0.386809 0.256778 0.012510 0.017591
0 0.583596 0.516749 0.012186 0.016410
0 0.178420 0.532800 0.011665 0.014635
0 0.211275 0.356027 0.012546 0.017395
0 0.532865 0.663798 0.011327 0.015893
0 0.501503 0.253420 0.011633 0.017042
0 0.446972 0.423195 0.012885 0.018316
0 0.349668 0.190710 0.011928 0.018252
0 0.477177 0.273621 0.011123 0.014450
0 0.142883 0.467421 0.013932 0.019293
0 0.567899 0.364488 0.012156 0.018082
0 0.514874 0.351407 0.011388 0.016278
0 0.205239 0.485393 0.011539 0.014768
0 0.582018 0.313784 0.011114 0.015845
0 0.560911 0.479061 0.010979 0.016017
0 0.201858 0.512206 0.012642 0.018218
0 0.667379 0.351921 0.011738 0.015224
0 0.617848 0.736435 0.014145 0.020411
0 0.363023 0.609171 0.010769 0.016683
0 0.620683 0.391119 0.012871 0.018846
0 0.385297 0.655889 0.011618 0.017473
0 0.220181 0.630455 0.009986 0.014480
0 0.481129 0.416011 0.011190 0.016391
0 0.525014 0.171315 0.012203 0.018635
0 0.609316 0.230538 0.012397 0.016592
0 0.198276 0.633620 0.011403 0.015268
0 0.528100 0.477637 0.011122 0.014948
0 0.264356 0.435082 0.013172 0.018676
0 0.651629 0.474164 0.010676 0.016471
0 0.410205 0.738300 0.012053 0.015481
0 0.420589 0.707238 0.010675 0.015604
0 0.275518 0.667547 0.012301 0.018255
0 0.387293 0.124863 0.011319 0.017275
0 0.644324 0.335853 0.011235 0.017147
0 0.456689 0.756571 0.014445 0.020513
0 0.162934 0.446641 0.011288 0.015519
1 0.162751 0.586595 0.028971 0.044625
1 0.482217 0.322425 0.034162 0.042655
0 0.385239 0.183264 0.013716 0.022166
0 0.506334 0.425580 0.010849 0.015883
0 0.392921 0.848434 0.015326 0.020818
0 0.529955 0.294108 0.011220 0.016746
1 0.409902 0.363045 0.034150 0.045232
0 0.378578 0.855433 0.015935 0.020920
0 0.213824 0.580712 0.010423 0.014349
0 0.398703 0.695072 0.010940 0.015795
0 0.462999 0.399803 0.011335 0.016371
0 0.288472 0.476031 0.011047 0.016436
0 0.241399 0.272263 0.014401 0.018958
0 0.404586 0.620850 0.012745 0.018384
0 0.252972 0.556019 0.010738 0.016657
0 0.330000 0.168034 0.012936 0.021493
0 0.544625 0.153481 0.014516 0.020396
0 0.475890 0.528875 0.010599 0.014921
0 0.625671 0.273669 0.009745 0.014695
0 0.355289 0.401746 0.012035 0.019529
0 0.633869 0.489207 0.010432 0.014365
0 0.514775 0.397070 0.010692 0.013538
0 0.424141 0.205695 0.011206 0.018640
0 0.554395 0.614238 0.010351 0.013571
0 0.149111 0.429563 0.012608 0.016533
0 0.261151 0.472754 0.011806 0.015770
0 0.434767 0.713332 0.010156 0.014300
0 0.559411 0.530588 0.010405 0.015392
0 0.318254 0.836549 0.015557 0.021662
0 0.277894 0.291543 0.014411 0.018104
0 0.605847 0.699740 0.010063 0.013799
0 0.270553 0.455224 0.011792 0.017081
0 0.448533 0.465408 0.011648 0.021008
0 0.172498 0.428226 0.011739 0.015316
0 0.594785 0.733342 0.012299 0.016312
0 0.397784 0.380799 0.010541 0.015400
0 0.603586 0.360636 0.012569 0.017061
0 0.341285 0.273734 0.012832 0.020902
0 0.363644 0.685076 0.009470 0.014116
0 0.425327 0.851793 0.015768 0.021214
0 0.301540 0.381946 0.010779 0.015390
0 0.329868 0.411148 0.011831 0.016002
0 0.527993 0.684842 0.011552 0.015743
0 0.599743 0.586366 0.010486 0.015848
0 0.295079 0.147163 0.012200 0.019046
0 0.224076 0.681273 0.010417 0.015822
0 0.626453 0.436932 0.010732 0.014917
0 0.441362 0.859911 0.017174 0.022344