0 0.713847 0.874598 0.015278 0.011346
0 0.753259 0.803995 0.013010 0.010093
0 0.796197 0.521848 0.018262 0.013222
0 0.669229 0.858185 0.015525 0.011521
0 0.738947 0.830156 0.013258 0.010009
0 0.634001 0.456139 0.017309 0.012284
0 0.403041 0.805546 0.019629 0.014841
0 0.355895 0.511038 0.014851 0.013308
0 0.646580 0.382814 0.014384 0.011202
0 0.757856 0.432649 0.020634 0.015565
0 0.491477 0.478148 0.017080 0.014229
0 0.491732 0.801744 0.015146 0.012930
0 0.815335 0.855828 0.013293 0.009851
0 0.467856 0.547750 0.014118 0.011856
0 0.555112 0.654339 0.014635 0.011063
0 0.685826 0.637801 0.013839 0.010666
0 0.533569 0.767655 0.012916 0.010496
0 0.404128 0.422769 0.023593 0.014790
0 0.448524 0.455222 0.013415 0.011214
0 0.519929 0.521524 0.015717 0.013871
0 0.843865 0.673115 0.012386 0.009218
0 0.366997 0.470746 0.015310 0.012661
0 0.690918 0.888205 0.013752 0.010224
0 0.267874 0.611008 0.013466 0.010846
0 0.776867 0.695524 0.013421 0.009571
0 0.429669 0.872430 0.017819 0.013067
0 0.796279 0.786075 0.012066 0.009591
0 0.800882 0.723406 0.011289 0.009560
0 0.330439 0.837791 0.018657 0.013610
0 0.478584 0.446768 0.014002 0.012320
0 0.403171 0.680645 0.015252 0.012067
0 0.782948 0.492227 0.017316 0.014167
0 0.541732 0.397527 0.012925 0.010225
0 0.297463 0.449218 0.019853 0.017282
0 0.589600 0.713408 0.015770 0.012338
0 0.506824 0.399077 0.015790 0.013031
0 0.332909 0.584712 0.014811 0.010348
0 0.854489 0.799365 0.013783 0.010555
0 0.472997 0.775976 0.012668 0.011030
0 0.670969 0.792194 0.015093 0.012869
0 0.863061 0.467936 0.018553 0.016861
0 0.358964 0.572431 0.013461 0.011852
0 0.511859 0.443162 0.017215 0.015234
0 0.566575 0.592884 0.014370 0.012835
0 0.720083 0.415775 0.013507 0.010819
0 0.747965 0.659940 0.012665 0.010313
0 0.669101 0.882747 0.016954 0.011737
0 0.719108 0.446038 0.014587 0.012141
0 0.633892 0.501230 0.015817 0.012188
0 0.284956 0.637986 0.014231 0.011517
0 0.321314 0.509023 0.013214 0.011059
0 0.611298 0.548604 0.013596 0.011444
0 0.679966 0.818318 0.014189 0.011571
0 0.826597 0.688352 0.011703 0.008578
0 0.607397 0.439728 0.018532 0.014968
0 0.399371 0.840266 0.015407 0.011675
0 0.513196 0.790357 0.014660 0.010904
0 0.606616 0.364792 0.020850 0.016038
0 0.657704 0.545768 0.015758 0.010833
0 0.466868 0.508907 0.014924 0.013860
0 0.778641 0.822794 0.012788 0.010839
0 0.796610 0.676664 0.011986 0.009830
0 0.780948 0.862650 0.015637 0.011894
0 0.803652 0.835635 0.015643 0.011833
0 0.305929 0.595040 0.013044 0.010278
0 0.623890 0.794553 0.014214 0.011123
0 0.614073 0.824149 0.015115 0.011527
0 0.587283 0.672027 0.013622 0.009555
0 0.792633 0.413837 0.018228 0.015114
0 0.653703 0.410409 0.019139 0.012154
0 0.573621 0.620498 0.012224 0.010094
0 0.451226 0.864307 0.016545 0.011938
0 0.632132 0.901647 0.021830 0.017452
0 0.698354 0.477803 0.013278 0.011155
0 0.656792 0.427640 0.012751 0.010770
0 0.405683 0.541887 0.014161 0.012094
0 0.601589 0.415899 0.011533 0.010196
0 0.608480 0.475662 0.015057 0.012354
0 0.843702 0.709075 0.011887 0.009604
0 0.383203 0.530875 0.013754 0.011096
0 0.182082 0.637946 0.013903 0.011543
0 0.666543 0.588602 0.013338 0.010459
0 0.530334 0.909937 0.020047 0.015532
0 0.654428 0.836773 0.014916 0.010627
0 0.331946 0.487667 0.016147 0.011911
0 0.347967 0.770767 0.014311 0.012331
0 0.769468 0.709661 0.012099 0.009539
0 0.553321 0.557234 0.014068 0.011639
0 0.418935 0.839038 0.015652 0.011579
0 0.306331 0.536007 0.014611 0.011906
0 0.516182 0.608772 0.013149 0.009828
0 0.233691 0.590231 0.017478 0.012957
0 0.892076 0.686795 0.013983 0.011120
0 0.659287 0.719312 0.016611 0.012609
0 0.646716 0.863065 0.018445 0.013558
0 0.448225 0.400617 0.016300 0.013042
0 0.855523 0.504432 0.019325 0.014668
0 0.876555 0.670526 0.013964 0.010351
0 0.310314 0.622150 0.014913 0.014643
0 0.639405 0.525706 0.014869 0.011178
0 0.469308 0.753362 0.013114 0.010792
0 0.400862 0.508075 0.013711 0.011907
0 0.309099 0.564952 0.012341 0.010755
0 0.883038 0.642635 0.011661 0.010551
0 0.633386 0.582975 0.014586 0.011099
0 0.619144 0.399935 0.011779 0.010232
0 0.811522 0.814085 0.014490 0.011740
0 0.246062 0.509221 0.015837 0.012980
0 0.599854 0.501514 0.016101 0.014136
0 0.632920 0.629656 0.014665 0.011723
0 0.282989 0.533810 0.016399 0.012228
0 0.835990 0.554639 0.020786 0.015533
0 0.449435 0.633990 0.011829 0.010264
0 0.605772 0.570449 0.014771 0.010253
0 0.193438 0.612165 0.015438 0.011870
0 0.221726 0.625129 0.013875 0.010305
0 0.591140 0.749127 0.015274 0.013998
0 0.672500 0.673157 0.011910 0.013448
0 0.747381 0.599806 0.014100 0.011048
0 0.608099 0.653096 0.018057 0.012254
0 0.551153 0.473121 0.013369 0.011672
0 0.508035 0.417944 0.013252 0.011452
0 0.631148 0.539389 0.015473 0.010750
0 0.809541 0.737352 0.009995 0.007706
0 0.778900 0.636995 0.012234 0.009430
0 0.424708 0.786788 0.013604 0.011357
0 0.662320 0.815794 0.015805 0.012469
0 0.405229 0.579127 0.013926 0.012987
0 0.605811 0.724624 0.011689 0.009254
0 0.200519 0.570782 0.017595 0.014625
0 0.552600 0.570696 0.014166 0.012799
0 0.669878 0.497244 0.014228 0.012817
0 0.422943 0.642276 0.013527 0.009785
0 0.811266 0.429640 0.015910 0.012819
0 0.343813 0.870218 0.014578 0.010904
0 0.859025 0.781509 0.012504 0.008954
0 0.905460 0.523318 0.019714 0.016439
0 0.447027 0.831035 0.012535 0.009948
0 0.669407 0.684257 0.012297 0.010714
0 0.650159 0.579206 0.017732 0.013673
0 0.716115 0.782560 0.013571 0.010846
0 0.761590 0.772792 0.010885 0.009039
0 0.278617 0.485877 0.020403 0.014974
0 0.558143 0.454319 0.013055 0.011411
0 0.208604 0.542502 0.017227 0.014558
0 0.637348 0.621952 0.013804 0.013175
0 0.803213 0.447237 0.016747 0.014335
0 0.837028 0.476018 0.017423 0.012607
0 0.403169 0.469939 0.017376 0.012382
0 0.341441 0.649191 0.013109 0.010532
0 0.331075 0.524517 0.013349 0.010723
0 0.361185 0.534387 0.012944 0.010472
0 0.637554 0.670835 0.012880 0.010052
0 0.845990 0.504297 0.018987 0.014495
0 0.425399 0.616148 0.015212 0.013035
0 0.707430 0.383964 0.014374 0.013502
0 0.554384 0.358600 0.014009 0.010867
0 0.346459 0.796470 0.012872 0.011217
0 0.256624 0.487988 0.020459 0.014896
0 0.620314 0.874449 0.018358 0.013444
0 0.324906 0.637741 0.012556 0.011257
0 0.756606 0.785948 0.012529 0.010223
0 0.667186 0.629950 0.012586 0.008822
0 0.250093 0.694568 0.012572 0.010116
0 0.646504 0.593340 0.016887 0.015115
0 0.433272 0.668184 0.017584 0.014682
0 0.617569 0.708271 0.012830 0.015800
0 0.646439 0.703252 0.012771 0.010844
0 0.589624 0.760281 0.013474 0.011475
0 0.408709 0.865081 0.017157 0.013075
0 0.644312 0.597547 0.013815 0.013720
0 0.840008 0.622068 0.016380 0.011019
0 0.558932 0.930008 0.022763 0.019653
0 0.421655 0.383848 0.019495 0.015114
0 0.439689 0.849971 0.013807 0.012222
0 0.820715 0.502781 0.014913 0.012441
0 0.616492 0.713616 0.012688 0.013507