0 0.185360 0.595912 0.016152 0.012240
0 0.487075 0.632186 0.015699 0.012129
0 0.547247 0.596751 0.014553 0.010980
0 0.626790 0.538825 0.017431 0.013259
0 0.377690 0.663263 0.016263 0.012446
0 0.107979 0.516725 0.017230 0.014017
0 0.727199 0.545394 0.015926 0.011766
0 0.160569 0.407054 0.014709 0.011649
0 0.158045 0.520571 0.014510 0.011545
0 0.617463 0.447996 0.018162 0.014299
0 0.137215 0.386717 0.015563 0.011570
0 0.380585 0.704825 0.016680 0.012810
0 0.543785 0.504876 0.014524 0.010537
0 0.345615 0.782744 0.025406 0.018706
0 0.448585 0.424903 0.014457 0.011411
0 0.205745 0.516727 0.015994 0.012931
0 0.675953 0.608971 0.017494 0.013598
0 0.361505 0.593017 0.014522 0.011089
0 0.565505 0.508068 0.015228 0.011339
0 0.159260 0.564555 0.013444 0.009969
0 0.601711 0.462893 0.015428 0.012253
0 0.477465 0.477084 0.014196 0.010750
0 0.408242 0.339170 0.017051 0.013709
0 0.596370 0.513398 0.018440 0.013225
0 0.746264 0.553023 0.015052 0.011378
0 0.540632 0.669939 0.014939 0.011954
0 0.281660 0.337482 0.016792 0.013218
0 0.258649 0.432129 0.015322 0.012629
0 0.607990 0.368563 0.013834 0.011424
0 0.518766 0.754421 0.018825 0.016153
0 0.360392 0.268253 0.013128 0.011757
0 0.501249 0.364328 0.017955 0.014770
0 0.365266 0.426924 0.015840 0.012206
0 0.274413 0.294109 0.013956 0.012206
0 0.072950 0.476885 0.013696 0.010577
0 0.227760 0.594820 0.016611 0.013559
0 0.315734 0.270015 0.014125 0.011810
0 0.147742 0.709279 0.014949 0.011221
1 0.358764 0.336228 0.032213 0.027207
0 0.651191 0.462385 0.018348 0.015086
0 0.444559 0.459355 0.013097 0.010390
0 0.502637 0.766941 0.021347 0.017676
0 0.527486 0.579117 0.013942 0.011600
0 0.124164 0.566597 0.015026 0.012842
0 0.693020 0.572651 0.018922 0.014129
0 0.600542 0.425644 0.016316 0.012376
0 0.613844 0.399758 0.013316 0.009705
0 0.176879 0.331880 0.014427 0.011923
0 0.265678 0.504963 0.015630 0.011779
0 0.314456 0.684440 0.013480 0.011247
0 0.632712 0.644170 0.015893 0.012809
0 0.306577 0.371037 0.014463 0.011433
1 0.651544 0.314689 0.035457 0.028363
0 0.247200 0.659123 0.012853 0.011525
0 0.509206 0.671440 0.014912 0.012917
0 0.089370 0.418712 0.013396 0.010462
0 0.293481 0.681040 0.014420 0.011816
0 0.690375 0.595225 0.014931 0.011307
0 0.536110 0.472993 0.013978 0.011669
0 0.392328 0.626114 0.017620 0.013281
0 0.280593 0.783871 0.020996 0.017831
0 0.353803 0.385401 0.015525 0.012551
0 0.092595 0.581226 0.020116 0.016091
0 0.036130 0.516571 0.012510 0.010203
0 0.595864 0.702011 0.019421 0.015553
0 0.507656 0.409643 0.014233 0.011209
0 0.291457 0.446722 0.015850 0.012268
0 0.221600 0.573087 0.013752 0.010378
0 0.500488 0.789309 0.022402 0.016720
0 0.165559 0.470720 0.012764 0.009602
0 0.514468 0.612522 0.014815 0.011909
0 0.513085 0.758653 0.026858 0.023055
0 0.611871 0.333616 0.015528 0.012699
0 0.683930 0.555385 0.013913 0.011099
0 0.086337 0.524939 0.013647 0.010906
0 0.337532 0.515896 0.013915 0.011024
0 0.650856 0.668328 0.015296 0.013610
0 0.665080 0.407476 0.015374 0.013783
0 0.402897 0.461969 0.014386 0.010909
0 0.387813 0.729230 0.015412 0.011974
0 0.516018 0.399391 0.014855 0.011809
0 0.494233 0.677763 0.015633 0.013694
0 0.490549 0.589738 0.013914 0.011154
0 0.674741 0.490115 0.017373 0.013664
1 0.549628 0.747348 0.037368 0.031803
1 0.186552 0.285568 0.026242 0.016998
1 0.224722 0.298988 0.000000 0.000895