0 0.390976 0.704881 0.016832 0.013227
0 0.698147 0.617578 0.017813 0.012356
0 0.473674 0.401631 0.015024 0.012447
0 0.462885 0.693032 0.016454 0.012573
0 0.244148 0.698659 0.017584 0.013618
0 0.563784 0.401772 0.017869 0.012903
0 0.205501 0.516753 0.016362 0.012178
0 0.182342 0.473288 0.017651 0.013948
0 0.147770 0.661667 0.016100 0.011949
0 0.419148 0.516719 0.016078 0.012549
0 0.484595 0.365954 0.015077 0.012242
0 0.509046 0.700147 0.016223 0.012497
0 0.693815 0.654426 0.019023 0.014593
1 0.296594 0.583344 0.046598 0.045165
0 0.241131 0.554801 0.014638 0.012000
0 0.515175 0.626570 0.015879 0.012222
0 0.455964 0.789019 0.021062 0.015595
0 0.619277 0.631428 0.017255 0.012396
0 0.405410 0.648885 0.019325 0.015661
0 0.623834 0.698734 0.017806 0.013510
0 0.673425 0.380695 0.017911 0.013931
0 0.371416 0.448058 0.016066 0.012946
0 0.621496 0.605577 0.017468 0.012702
0 0.338468 0.655501 0.017652 0.012638
0 0.683835 0.472837 0.015254 0.012084
0 0.692396 0.721344 0.018143 0.013729
0 0.208036 0.543015 0.016226 0.012669
1 0.234782 0.394105 0.052313 0.041738
0 0.413442 0.725292 0.017057 0.012136
0 0.080794 0.577032 0.016748 0.012491
0 0.525858 0.345928 0.013876 0.011706
0 0.390524 0.374311 0.018593 0.014932
0 0.599176 0.611673 0.016389 0.012687
0 0.608150 0.467350 0.013935 0.011108
0 0.291939 0.689950 0.019072 0.013934
0 0.585636 0.761597 0.018614 0.014431
0 0.655729 0.457404 0.014257 0.010610
0 0.466447 0.753705 0.019389 0.014819
0 0.179233 0.430741 0.015077 0.011926
0 0.570767 0.748138 0.017135 0.013965
1 0.437842 0.591443 0.048333 0.034904
0 0.469374 0.736891 0.020163 0.014465
0 0.389706 0.479786 0.013752 0.011093
0 0.627558 0.353544 0.017460 0.012995
0 0.490008 0.465363 0.016871 0.017207
0 0.417555 0.488818 0.014242 0.011924
0 0.490637 0.544579 0.018522 0.015351
0 0.505681 0.431895 0.017593 0.012615
0 0.161246 0.383684 0.014108 0.011660
0 0.376867 0.429453 0.017604 0.011954
0 0.205787 0.568978 0.017997 0.013676
0 0.099254 0.448793 0.017938 0.014071
0 0.626173 0.763674 0.017112 0.013377
0 0.427044 0.626778 0.013652 0.010729
0 0.639053 0.805321 0.017568 0.012731
0 0.512294 0.671245 0.022483 0.015049
0 0.101476 0.563627 0.015898 0.012069
0 0.612132 0.413723 0.016846 0.013267
1 0.152729 0.728195 0.055384 0.045985
0 0.276975 0.398410 0.016575 0.011911
0 0.597083 0.552749 0.016157 0.013947
0 0.178073 0.642204 0.015286 0.011686
0 0.221138 0.454065 0.016781 0.013383
0 0.281417 0.750328 0.016006 0.011686
0 0.669639 0.580160 0.014078 0.010158
0 0.120558 0.515586 0.016027 0.012206
0 0.402856 0.438237 0.014661 0.010985
0 0.619967 0.780401 0.016003 0.011939
0 0.527402 0.762436 0.025412 0.015832
0 0.665700 0.510222 0.019936 0.015332
1 0.747374 0.479836 0.040072 0.035546
0 0.513823 0.798471 0.021782 0.015229
0 0.415407 0.338170 0.014425 0.011301
0 0.625020 0.544944 0.015782 0.012864
0 0.578423 0.355953 0.015311 0.012268
0 0.220867 0.580327 0.014676 0.010575
1 0.327815 0.335924 0.098162 0.055608
0 0.185928 0.658760 0.013105 0.011432
0 0.458154 0.437011 0.015020 0.012617
0 0.544339 0.362978 0.015770 0.013681
0 0.361753 0.790204 0.024312 0.019798
0 0.689705 0.491172 0.015987 0.013605
0 0.537218 0.454380 0.017465 0.013346
0 0.533244 0.371698 0.016149 0.011917
0 0.334964 0.634312 0.015908 0.012666
0 0.738098 0.637566 0.017311 0.012052
0 0.381284 0.348271 0.014112 0.010685
0 0.589529 0.457375 0.012975 0.010313
0 0.759363 0.638573 0.016893 0.012983
0 0.298672 0.718912 0.012606 0.009917
0 0.513620 0.446116 0.015643 0.011654
0 0.379239 0.649923 0.017872 0.017837
0 0.642605 0.645168 0.015388 0.012485
0 0.095952 0.545404 0.014053 0.011008
0 0.232453 0.521468 0.013246 0.010286
0 0.264824 0.520546 0.012083 0.009432
0 0.637850 0.527060 0.015559 0.011584
0 0.424921 0.711915 0.016636 0.013925
0 0.517500 0.583541 0.016264 0.014043
0 0.216280 0.432462 0.016298 0.012025
0 0.339773 0.376476 0.012257 0.009789
0 0.707064 0.733019 0.018106 0.012577
0 0.320276 0.396965 0.011646 0.008973
0 0.502777 0.380302 0.013246 0.009443
0 0.229430 0.352674 0.011926 0.009731
0 0.608610 0.389727 0.024476 0.014539
0 0.416725 0.419818 0.017382 0.014705
0 0.405736 0.554221 0.014003 0.010076
0 0.190477 0.634048 0.013924 0.011464
0 0.349424 0.562917 0.011150 0.009330
0 0.418976 0.425828 0.016488 0.013926
0 0.708209 0.593669 0.011454 0.008969
0 0.754785 0.626830 0.015929 0.013263
0 0.603811 0.358259 0.016522 0.011609
0 0.416915 0.314553 0.009831 0.008743
0 0.424006 0.415102 0.016480 0.013215
0 0.467038 0.505196 0.011040 0.008804
0 0.477966 0.335739 0.018036 0.013917
0 0.560321 0.507831 0.023505 0.023417
0 0.534259 0.764935 0.025244 0.015861
0 0.781647 0.610282 0.015857 0.013508
0 0.343667 0.621493 0.014295 0.010256
0 0.191519 0.609725 0.012825 0.009400
0 0.207058 0.437346 0.017501 0.012454
0 0.454182 0.347199 0.011428 0.008770
0 0.385043 0.327279 0.012035 0.009067
0 0.643008 0.557813 0.015087 0.012695
0 0.431306 0.720899 0.015809 0.012064
0 0.713897 0.434168 0.017656 0.014583
0 0.617386 0.607361 0.031046 0.015104
0 0.349381 0.603802 0.020551 0.014929
0 0.185206 0.779247 0.021986 0.019356
0 0.654215 0.577763 0.015811 0.010906
0 0.508288 0.435628 0.017431 0.022628
0 0.477940 0.705659 0.014033 0.012977
0 0.571847 0.461893 0.013547 0.011321
0 0.459115 0.324151 0.019795 0.012741
0 0.434653 0.723968 0.014981 0.010067