0 0.726164 0.311358 0.014975 0.011837
0 0.492802 0.565102 0.016053 0.012615
1 0.796558 0.366525 0.051554 0.039793
0 0.519446 0.483859 0.016182 0.012145
0 0.427474 0.410834 0.015028 0.013077
0 0.180871 0.476720 0.016908 0.013071
0 0.461361 0.518311 0.012798 0.010871
1 0.223586 0.504563 0.049366 0.038897
0 0.204555 0.369980 0.013456 0.010351
0 0.352153 0.556132 0.013953 0.010907
0 0.773457 0.265653 0.014861 0.012027
0 0.816100 0.422053 0.016546 0.013314
0 0.209311 0.533042 0.013435 0.010301
0 0.192943 0.425478 0.013371 0.012926
0 0.171052 0.418466 0.016562 0.012883
1 0.421174 0.230438 0.076440 0.053071
1 0.563150 0.290361 0.049106 0.038604
0 0.116183 0.341544 0.018077 0.014560
0 0.420130 0.674707 0.027892 0.018061
0 0.346079 0.394702 0.016670 0.012909
0 0.752940 0.458934 0.015092 0.011762
0 0.400477 0.692214 0.022322 0.016726
0 0.201189 0.571030 0.011265 0.008667
0 0.481224 0.349349 0.016003 0.013733
0 0.389242 0.619951 0.012977 0.010802
0 0.497320 0.473937 0.017300 0.015732
0 0.632746 0.628168 0.015389 0.011682
0 0.299695 0.436096 0.015326 0.013308
1 0.452850 0.452721 0.042050 0.034710
0 0.697997 0.458538 0.016401 0.014789
0 0.514669 0.276410 0.018044 0.014504
0 0.587107 0.661579 0.021644 0.016926
1 0.245524 0.293689 0.052272 0.034124
0 0.468803 0.396368 0.022181 0.016264
0 0.289392 0.481066 0.013187 0.012249
0 0.405456 0.437558 0.013522 0.011025
0 0.413948 0.372269 0.012704 0.011056
0 0.303021 0.369006 0.019409 0.012167
0 0.480993 0.456891 0.013265 0.011023
0 0.688242 0.605574 0.015113 0.011117
0 0.352617 0.357358 0.016775 0.012267
0 0.524726 0.363906 0.015712 0.015584
0 0.474505 0.534778 0.012974 0.011448
0 0.372129 0.387027 0.014640 0.012531
0 0.783492 0.397623 0.009808 0.007662
0 0.545585 0.523400 0.015257 0.012250
0 0.315078 0.577863 0.012156 0.010169
0 0.356167 0.642317 0.011921 0.009622
0 0.232275 0.560775 0.013385 0.011855
1 0.489634 0.367252 0.037291 0.024790