0 0.196865 0.364056 0.017349 0.013071
0 0.274745 0.664730 0.016865 0.012858
0 0.368649 0.537905 0.014075 0.010619
0 0.248239 0.549064 0.018550 0.014238
0 0.436514 0.556986 0.014826 0.012093
0 0.590683 0.513598 0.013853 0.010390
0 0.410591 0.600028 0.014659 0.011557
0 0.354636 0.376724 0.016624 0.012557
1 0.730697 0.687811 0.048369 0.042180
1 0.490487 0.621023 0.053620 0.038681
1 0.759735 0.439191 0.051953 0.043614
0 0.526206 0.686674 0.012088 0.009777
0 0.411377 0.641473 0.014165 0.010859
0 0.508031 0.394359 0.013546 0.010425
1 0.454967 0.678087 0.050950 0.039861
0 0.483329 0.375727 0.013476 0.010695
0 0.377899 0.570126 0.014498 0.010173
1 0.310823 0.391297 0.049027 0.037120
0 0.676874 0.417639 0.016252 0.012412
0 0.578215 0.673976 0.018784 0.014883
0 0.484692 0.308034 0.013485 0.010631
0 0.145231 0.395481 0.020885 0.016786
0 0.559318 0.413750 0.018226 0.014906
0 0.668944 0.648157 0.014916 0.011221
0 0.208369 0.633628 0.019351 0.015032
1 0.160317 0.702949 0.049979 0.039822
0 0.305844 0.529060 0.018117 0.014442
0 0.442925 0.651547 0.013049 0.010360
1 0.360210 0.803039 0.056298 0.048682
0 0.429754 0.377079 0.014974 0.011439
0 0.513154 0.505946 0.020174 0.017298
0 0.223988 0.490630 0.021955 0.015397
1 0.681563 0.355950 0.063925 0.047573
0 0.265577 0.339333 0.017073 0.013828
1 0.400728 0.417376 0.043940 0.038111
0 0.532071 0.644643 0.011926 0.009310
0 0.632021 0.411733 0.020713 0.015892
0 0.174975 0.451862 0.022091 0.016234
0 0.656907 0.554603 0.016673 0.014797
1 0.445267 0.310105 0.055260 0.039855
0 0.395996 0.497547 0.019375 0.016911
0 0.578585 0.305344 0.019221 0.013804
0 0.332909 0.427047 0.015969 0.012876
0 0.632766 0.328293 0.018481 0.014060
0 0.080053 0.465996 0.020550 0.016661
0 0.210996 0.429305 0.013818 0.010911
0 0.428799 0.628391 0.012041 0.009285
0 0.546119 0.554953 0.011732 0.009579
1 0.342006 0.717459 0.036678 0.028468
0 0.594052 0.470520 0.017401 0.016524
0 0.665791 0.462975 0.015158 0.012670
0 0.335387 0.447995 0.022754 0.016902
0 0.701556 0.453376 0.014080 0.011049
0 0.238748 0.669690 0.013747 0.010600
0 0.161510 0.477240 0.014965 0.011414
0 0.437175 0.530496 0.015248 0.010225
1 0.477656 0.489824 0.044043 0.033649
1 0.284442 0.602261 0.058486 0.039440
0 0.509042 0.705269 0.013058 0.009697
0 0.237209 0.616686 0.028456 0.019207
1 0.261649 0.759481 0.044428 0.033921
0 0.327399 0.489344 0.012862 0.009707
1 0.196354 0.799432 0.049506 0.041184
0 0.558797 0.608118 0.011880 0.009765
0 0.406630 0.465357 0.024485 0.014581
0 0.593135 0.541895 0.011831 0.008615
0 0.428302 0.512465 0.015003 0.012610
0 0.491005 0.560000 0.012371 0.009770
0 0.666814 0.500855 0.014142 0.010969
1 0.536598 0.842713 0.061412 0.040185
0 0.652031 0.516598 0.014579 0.010696
0 0.667058 0.669961 0.013056 0.010266
0 0.460839 0.733808 0.011064 0.009397
0 0.530648 0.378465 0.012786 0.010423
0 0.570183 0.751021 0.018296 0.013134
0 0.628649 0.746911 0.013381 0.010410
0 0.321178 0.627455 0.012990 0.009977
0 0.559983 0.332084 0.023373 0.019284
0 0.444778 0.285656 0.016804 0.011426
0 0.533953 0.510428 0.015858 0.012491
0 0.137746 0.571295 0.014096 0.012270
0 0.664961 0.396727 0.013279 0.011822
1 0.430483 0.869752 0.072762 0.029522
1 0.784751 0.713641 0.027435 0.026838