0 0.314142 0.634361 0.016968 0.013716
0 0.248343 0.454975 0.016111 0.012061
0 0.766298 0.493992 0.016951 0.012655
0 0.610447 0.582077 0.015337 0.012205
0 0.523378 0.439879 0.016177 0.013159
0 0.288882 0.426491 0.015755 0.011822
0 0.423294 0.525520 0.014700 0.010907
0 0.273243 0.331592 0.016309 0.012735
1 0.371750 0.591471 0.049165 0.036760
1 0.232527 0.561240 0.053180 0.037594
1 0.685520 0.275269 0.051724 0.038354
0 0.384709 0.378196 0.015024 0.012496
0 0.441488 0.266262 0.018811 0.015807
0 0.232303 0.401240 0.013913 0.010861
1 0.486079 0.480703 0.056015 0.032965
0 0.718694 0.518300 0.019361 0.015662
0 0.508798 0.499891 0.014755 0.011230
0 0.515860 0.537271 0.015437 0.011332
0 0.486383 0.317633 0.016387 0.012643
1 0.438586 0.377774 0.041725 0.036101
0 0.575632 0.336051 0.015347 0.012503
0 0.440234 0.573516 0.011934 0.010139
0 0.707184 0.606724 0.014146 0.011253
0 0.374696 0.351080 0.014205 0.010706
1 0.394761 0.699719 0.053707 0.046490
0 0.378475 0.275499 0.017693 0.015558
0 0.519054 0.320449 0.014320 0.012330
1 0.468577 0.705529 0.059415 0.047257
0 0.444588 0.224899 0.019079 0.016567
0 0.246624 0.586233 0.016854 0.012440
0 0.634643 0.406894 0.016320 0.012969
0 0.652886 0.405547 0.016139 0.013288
0 0.407724 0.551980 0.013865 0.011177
0 0.190283 0.415906 0.015687 0.014278
0 0.599058 0.219806 0.018410 0.017931
0 0.334814 0.642559 0.013654 0.010183
0 0.390606 0.475923 0.014703 0.012284
0 0.278102 0.508756 0.011633 0.008738
0 0.348161 0.373286 0.014801 0.011937
0 0.627063 0.637999 0.015391 0.010509
0 0.825386 0.310366 0.017508 0.016798
0 0.389488 0.515398 0.013148 0.010235
0 0.492354 0.193758 0.012846 0.012588
0 0.765289 0.400762 0.013923 0.011817
0 0.320719 0.673988 0.016626 0.010427
0 0.658534 0.504491 0.012382 0.010148
0 0.410649 0.378457 0.012281 0.013440
0 0.373213 0.636539 0.012273 0.009880
0 0.825494 0.459342 0.013638 0.010614
0 0.535114 0.273071 0.015067 0.011112
0 0.333986 0.418108 0.012797 0.010511
0 0.526485 0.732787 0.020503 0.013604
0 0.765359 0.363658 0.013239 0.011323
0 0.210644 0.350780 0.012870 0.011022
0 0.480903 0.676979 0.013642 0.010014
0 0.552408 0.572026 0.014121 0.010656
0 0.132057 0.473180 0.013600 0.010089
0 0.606710 0.348845 0.014197 0.010200
0 0.416910 0.285534 0.018296 0.012893
0 0.411427 0.165448 0.021578 0.017288
0 0.481199 0.292471 0.018127 0.014233
0 0.551687 0.660079 0.019334 0.014073
0 0.685064 0.640194 0.015631 0.012068
0 0.724818 0.432748 0.013764 0.011396
0 0.405329 0.229739 0.018270 0.016763
0 0.540885 0.601393 0.012687 0.010225
0 0.749253 0.384430 0.015535 0.012574
0 0.832374 0.373865 0.013029 0.009759
0 0.639957 0.669146 0.015132 0.010702
0 0.582775 0.483494 0.013762 0.012830
0 0.681662 0.480315 0.014103 0.011372
1 0.876122 0.426079 0.040990 0.071366