0 0.616583 0.333635 0.018471 0.014287
0 0.495067 0.316631 0.016922 0.012411
0 0.724329 0.511925 0.015915 0.012266
0 0.531073 0.686425 0.016099 0.011896
0 0.609936 0.733640 0.016245 0.012500
0 0.444032 0.609356 0.016337 0.013320
0 0.557859 0.462111 0.017868 0.013581
0 0.679591 0.733346 0.017324 0.012794
0 0.373864 0.343720 0.015962 0.012998
0 0.296196 0.381942 0.016258 0.011716
0 0.655428 0.753440 0.017386 0.013087
0 0.410886 0.327088 0.017870 0.014194
0 0.814761 0.668978 0.018355 0.014230
0 0.590819 0.813830 0.017343 0.013096
0 0.740350 0.440843 0.017963 0.014675
0 0.535649 0.245740 0.017610 0.013400
0 0.213943 0.455261 0.020601 0.014909
0 0.319938 0.651891 0.018875 0.014069
0 0.567236 0.280540 0.016817 0.015097
0 0.527952 0.480584 0.019193 0.016062
0 0.276535 0.495153 0.018233 0.014603
0 0.426186 0.506576 0.021149 0.016333
0 0.699207 0.262197 0.015988 0.012678
0 0.380696 0.684973 0.016226 0.013003
0 0.685372 0.366109 0.020549 0.014532
0 0.846722 0.395079 0.020699 0.015871
0 0.783999 0.342149 0.015962 0.013421
0 0.781388 0.688288 0.017584 0.014703
0 0.241362 0.537977 0.014739 0.012194
0 0.899787 0.580073 0.017097 0.012596
0 0.690250 0.802149 0.023353 0.015719
0 0.609169 0.432224 0.019212 0.015326
0 0.755070 0.302140 0.017589 0.012965
0 0.830539 0.717303 0.017582 0.013800
0 0.924917 0.420491 0.015844 0.012801
0 0.870721 0.407886 0.015829 0.013782
0 0.690568 0.636786 0.014858 0.011264
0 0.859918 0.325875 0.016181 0.013454
0 0.573046 0.559055 0.019663 0.014910
0 0.762597 0.477764 0.020729 0.016097
0 0.446608 0.341418 0.022943 0.016499
0 0.606976 0.237401 0.014507 0.010870
0 0.340031 0.626752 0.020675 0.015548
0 0.569956 0.486578 0.017677 0.013152
0 0.777567 0.654459 0.016819 0.012144
0 0.742348 0.803626 0.020292 0.013767
0 0.294537 0.350220 0.017703 0.013667
0 0.272687 0.567366 0.013866 0.010955
0 0.774708 0.284924 0.018655 0.015316
0 0.791309 0.478534 0.020926 0.015565
0 0.475348 0.623766 0.019654 0.015585
0 0.504456 0.699471 0.018657 0.013763
0 0.647488 0.247612 0.014582 0.011680
0 0.841081 0.497623 0.013985 0.011273
0 0.277124 0.406441 0.013236 0.010216
0 0.435506 0.677710 0.019147 0.014170
0 0.463591 0.289065 0.019174 0.013962
0 0.697981 0.388576 0.015609 0.011479
0 0.668608 0.815951 0.017945 0.013021
0 0.230936 0.395085 0.018248 0.014289
0 0.515640 0.634451 0.016843 0.012878
0 0.794448 0.756483 0.016685 0.013291
0 0.620576 0.665320 0.016119 0.012896
0 0.669859 0.789148 0.017389 0.013282
0 0.514443 0.267889 0.017494 0.015732
0 0.784046 0.401898 0.018394 0.015521
0 0.557388 0.761163 0.020000 0.015722
1 0.895970 0.531150 0.056235 0.041562
0 0.506556 0.401329 0.023528 0.018122
0 0.588627 0.576634 0.016213 0.011783
0 0.908590 0.384057 0.017963 0.015975
0 0.771178 0.572864 0.018591 0.013935
0 0.400661 0.598892 0.021629 0.015108
0 0.616820 0.521649 0.018195 0.014759
0 0.397154 0.408052 0.012445 0.009270
0 0.632033 0.836477 0.024170 0.018201
0 0.665553 0.716494 0.012289 0.009546
0 0.845135 0.615908 0.014146 0.010664
0 0.807576 0.518354 0.026300 0.020312
0 0.460168 0.737112 0.017355 0.013635
0 0.657768 0.450108 0.018792 0.013364
0 0.678124 0.655157 0.019904 0.015277
0 0.304354 0.602745 0.014339 0.010698
0 0.426491 0.286342 0.024537 0.016758
0 0.362507 0.664709 0.019776 0.013883
0 0.333736 0.709845 0.017662 0.015836
0 0.368927 0.524807 0.023220 0.018008
0 0.874585 0.383310 0.015374 0.011890
0 0.438532 0.418414 0.024597 0.018077
0 0.525666 0.333009 0.014205 0.011633
0 0.837544 0.535154 0.017033 0.013205
0 0.535136 0.621282 0.020888 0.017266
0 0.320704 0.743766 0.016791 0.013933
0 0.832140 0.581271 0.013576 0.011299
0 0.658439 0.570696 0.024806 0.018787
0 0.248848 0.443200 0.016605 0.013889
0 0.907253 0.620866 0.017009 0.013879
0 0.571502 0.251652 0.013880 0.011760
0 0.359644 0.310704 0.014234 0.011204
0 0.443732 0.443219 0.016124 0.012725
0 0.457597 0.379427 0.024391 0.017769
0 0.645471 0.418300 0.028317 0.021883
0 0.259728 0.365109 0.018692 0.015381
0 0.286916 0.656710 0.014983 0.010974
0 0.314976 0.694941 0.014865 0.012269
0 0.715387 0.368380 0.019062 0.016484
0 0.926291 0.472111 0.014350 0.010987
0 0.682031 0.336205 0.020763 0.019651
0 0.811629 0.727039 0.018405 0.013763
0 0.766675 0.596534 0.016218 0.012110
0 0.510996 0.589535 0.019565 0.016668
0 0.973948 0.471053 0.014097 0.011966
0 0.763792 0.558449 0.018352 0.013822
0 0.640610 0.377274 0.015855 0.014623
0 0.841477 0.479420 0.011650 0.008664
0 0.674627 0.762926 0.013666 0.010094
0 0.350423 0.332528 0.013716 0.010935
0 0.414133 0.755455 0.013602 0.010411
0 0.598099 0.846074 0.018340 0.010888
0 0.202540 0.553446 0.014808 0.012051
0 0.445207 0.256453 0.014505 0.012235
0 0.796883 0.702296 0.016565 0.012209
0 0.360129 0.486875 0.015621 0.014144
0 0.243153 0.573632 0.012896 0.011068
0 0.531522 0.649858 0.013196 0.010351
0 0.461204 0.580552 0.011605 0.008873
0 0.413957 0.439708 0.015943 0.010962
0 0.255427 0.466120 0.013086 0.010122
0 0.389602 0.619379 0.014527 0.009893
0 0.638837 0.774270 0.019344 0.013806
0 0.727698 0.744834 0.023099 0.020472
0 0.372903 0.742521 0.020893 0.019271
0 0.561567 0.332022 0.013960 0.011574
0 0.719567 0.569416 0.017378 0.019110
0 0.549588 0.701586 0.013108 0.010594
0 0.223158 0.588334 0.012837 0.010134
0 0.987212 0.522459 0.014496 0.010919
0 0.286203 0.365647 0.016394 0.012148
0 0.503003 0.501755 0.014164 0.011955
0 0.374718 0.714144 0.013040 0.010641
0 0.663000 0.666281 0.016299 0.012242
0 0.873026 0.621418 0.018057 0.018690
0 0.625316 0.490380 0.011862 0.009395
0 0.634208 0.230213 0.013626 0.009875
0 0.212232 0.411977 0.018513 0.014324
0 0.937916 0.503976 0.029821 0.023566
0 0.509895 0.833220 0.019471 0.014572
0 0.373482 0.601620 0.014557 0.010768
0 0.767683 0.565548 0.019930 0.022478
0 0.649062 0.626187 0.012672 0.010508
0 0.339591 0.533826 0.014801 0.009218
0 0.616172 0.761635 0.021520 0.016119
0 0.642050 0.319461 0.013794 0.010912
0 0.296021 0.744199 0.016844 0.015824
0 0.308342 0.406568 0.012762 0.010583
0 0.717362 0.598532 0.012058 0.010001
0 0.993664 0.539142 0.012070 0.009875
0 0.226148 0.433092 0.015736 0.013239
0 0.536651 0.508797 0.013446 0.010348
0 0.733280 0.710164 0.015680 0.011469
0 0.926807 0.661010 0.014318 0.010542
0 0.316435 0.546378 0.015116 0.014299
0 0.759976 0.761500 0.013332 0.010062
0 0.613726 0.787674 0.015165 0.011476
0 0.802389 0.730911 0.016301 0.013429