0 0.568250 0.620679 0.019903 0.015933
0 0.665536 0.428447 0.024799 0.019931
0 0.631986 0.402755 0.023386 0.018090
0 0.575909 0.662648 0.019871 0.016161
0 0.562343 0.404445 0.023522 0.018628
0 0.381989 0.836268 0.025701 0.018976
0 0.317216 0.631710 0.021548 0.016633
0 0.291852 0.655721 0.021900 0.017004
1 0.487767 0.605757 0.050470 0.046412
0 0.238625 0.403265 0.025310 0.019440
0 0.298281 0.314573 0.024870 0.020206
0 0.667703 0.740835 0.020421 0.016563
1 0.478288 0.479245 0.042958 0.035731
0 0.550922 0.727903 0.024191 0.017851
0 0.337777 0.615984 0.018538 0.014023
0 0.484178 0.811756 0.029001 0.022251
0 0.605771 0.449138 0.018244 0.015431
0 0.418947 0.575125 0.025502 0.017639
0 0.701743 0.555562 0.016988 0.013502
0 0.462167 0.736327 0.020656 0.017172
0 0.569966 0.292949 0.017682 0.015200
0 0.438191 0.425425 0.025514 0.017351
0 0.499101 0.579464 0.018942 0.013495
0 0.558162 0.755352 0.024248 0.019123
0 0.383622 0.481762 0.028004 0.022059
0 0.778195 0.734091 0.017607 0.013465
0 0.615407 0.607464 0.016847 0.014357