0 0.378067 0.486215 0.020587 0.015012
0 0.320161 0.561689 0.019124 0.014497
0 0.547525 0.574255 0.022104 0.016136
0 0.344033 0.502069 0.023258 0.017481
1 0.584411 0.695283 0.045409 0.037361
0 0.584258 0.741215 0.023567 0.018421
0 0.439591 0.417769 0.022471 0.017557
0 0.321736 0.381828 0.021793 0.017123
1 0.202414 0.653390 0.044531 0.036516
0 0.707298 0.649982 0.023347 0.017012
0 0.742730 0.504754 0.019559 0.015727
0 0.521032 0.739927 0.020377 0.016102
0 0.274180 0.559493 0.020679 0.016932
0 0.336843 0.582989 0.018448 0.012980
0 0.221610 0.397823 0.024311 0.018242
0 0.357908 0.578102 0.018408 0.014125
0 0.277752 0.714112 0.021232 0.016923
0 0.301409 0.502333 0.022861 0.017044
0 0.273848 0.609920 0.020535 0.018178
0 0.159219 0.612990 0.021789 0.018034
0 0.695903 0.449967 0.020318 0.015920
0 0.698540 0.573703 0.021693 0.016569
1 0.499658 0.634331 0.080968 0.045186
0 0.336180 0.691789 0.023582 0.017870
0 0.324415 0.483780 0.022040 0.016709
0 0.602005 0.425372 0.019315 0.013280
0 0.392544 0.450495 0.015249 0.012964
1 0.230164 0.625184 0.030597 0.029091
1 0.402069 0.953865 0.044253 0.045009
0 0.616350 0.543418 0.034292 0.024984
0 0.609513 0.892142 0.021797 0.017132
0 0.276594 0.689204 0.023100 0.019265
0 0.612615 0.777354 0.022563 0.017410
0 0.420061 0.797268 0.023906 0.018689
0 0.441237 0.827853 0.023246 0.018169
0 0.378650 0.769756 0.018263 0.015585
0 0.364529 0.748326 0.020171 0.016540
0 0.393002 0.881953 0.024830 0.021415
1 0.354391 0.642268 0.045767 0.030511