0 0.640968 0.502983 0.020738 0.016534
0 0.587216 0.395971 0.019497 0.014748
0 0.512589 0.476554 0.023495 0.016534
0 0.142688 0.518523 0.015079 0.012466
0 0.300786 0.466636 0.017979 0.015478
0 0.560214 0.615949 0.022762 0.019109
0 0.722665 0.418017 0.015603 0.012657
1 0.507355 0.823241 0.053556 0.049275
0 0.684217 0.351204 0.016245 0.013251
0 0.439737 0.476415 0.023618 0.016558
0 0.524435 0.399921 0.020673 0.017463
0 0.735193 0.624954 0.014881 0.011414
0 0.401411 0.638121 0.017215 0.015636
0 0.311913 0.328090 0.029963 0.021763
0 0.394368 0.489239 0.020149 0.015213
0 0.731114 0.678444 0.017541 0.013501
0 0.591484 0.749623 0.020663 0.016684
0 0.416946 0.432125 0.017955 0.014053
0 0.473722 0.413415 0.026914 0.019810
0 0.113327 0.510316 0.014157 0.011470
0 0.340389 0.426458 0.020017 0.015923
0 0.652353 0.710905 0.014975 0.012191
0 0.214351 0.477010 0.016841 0.013784
0 0.567445 0.291262 0.017392 0.014411
0 0.596377 0.511556 0.038765 0.019207
0 0.560228 0.324179 0.020153 0.016713
0 0.395159 0.350246 0.023997 0.021457
0 0.634114 0.384743 0.014122 0.010992
0 0.395701 0.603153 0.025108 0.019047
0 0.415411 0.804402 0.028418 0.022094
0 0.613950 0.598372 0.019159 0.015748
0 0.187421 0.423131 0.021449 0.015941
0 0.755591 0.413913 0.014048 0.011937
0 0.521906 0.345918 0.016293 0.012967
1 0.128556 0.614381 0.034024 0.026103
0 0.217046 0.756436 0.015045 0.011665
0 0.589021 0.486041 0.011203 0.010207
0 0.576475 0.425049 0.014492 0.011925
0 0.610524 0.289135 0.020361 0.017920
0 0.534785 0.578746 0.026368 0.019098
0 0.117748 0.471489 0.021473 0.015561
1 0.681025 0.314570 0.070268 0.028546