0 0.411491 0.490984 0.014699 0.010112
0 0.354940 0.790589 0.019794 0.015505
0 0.468140 0.403722 0.015184 0.011035
0 0.521596 0.346558 0.013775 0.010391
0 0.615319 0.606615 0.017371 0.010140
0 0.691407 0.619155 0.016224 0.010456
0 0.500116 0.431639 0.017352 0.010174
0 0.505246 0.671478 0.021087 0.016110
0 0.667544 0.382103 0.014481 0.011847
0 0.562655 0.748558 0.016889 0.012195
0 0.414092 0.517528 0.016746 0.012577
0 0.449207 0.790054 0.020406 0.012667
0 0.455419 0.693951 0.016425 0.011382
0 0.138535 0.662404 0.013370 0.009037
0 0.200906 0.543705 0.014466 0.010424
0 0.071692 0.577979 0.015559 0.011933
0 0.385512 0.706553 0.015946 0.011637
0 0.578109 0.764069 0.016789 0.012941
0 0.197586 0.516484 0.015260 0.010754
0 0.175242 0.472427 0.017749 0.013967
0 0.341059 0.565255 0.012853 0.008584
0 0.478341 0.367090 0.014244 0.010233
0 0.237480 0.698373 0.015907 0.013054
0 0.091480 0.449009 0.011496 0.010694
0 0.650598 0.458555 0.016215 0.011546
0 0.171366 0.643536 0.013809 0.010314
0 0.678183 0.473733 0.019653 0.012252
0 0.508860 0.628667 0.014697 0.011457
0 0.155417 0.382303 0.011296 0.010420
0 0.688161 0.655673 0.014768 0.010517
0 0.593429 0.613641 0.015140 0.010725
0 0.332855 0.656950 0.016987 0.009627
0 0.461979 0.738130 0.018069 0.010457
0 0.484506 0.466458 0.016526 0.012544
0 0.199271 0.569093 0.017725 0.012909
0 0.234217 0.556192 0.014648 0.009301
0 0.572477 0.356773 0.015752 0.013662
0 0.460665 0.754940 0.018810 0.010714
0 0.112503 0.516620 0.013710 0.009666
0 0.093685 0.564312 0.012515 0.010852
0 0.556694 0.403287 0.018110 0.011378
0 0.222178 0.535969 0.015222 0.010856
0 0.328526 0.635666 0.013520 0.008946
0 0.172533 0.431216 0.014234 0.011726
0 0.612587 0.632664 0.016935 0.010019
0 0.610616 0.390302 0.023676 0.015169
0 0.214142 0.452958 0.015124 0.012177
0 0.511883 0.583998 0.019631 0.013996
0 0.384552 0.373524 0.018878 0.012355
0 0.397314 0.650614 0.016321 0.014445
0 0.484555 0.544732 0.017693 0.013280
0 0.629230 0.805934 0.013518 0.007892
0 0.501841 0.702058 0.017796 0.011040
0 0.185761 0.609485 0.013250 0.008668
0 0.539623 0.364605 0.016954 0.010099
0 0.284351 0.690280 0.016541 0.010925
0 0.686378 0.721883 0.010550 0.008084
0 0.274461 0.752360 0.017592 0.010528
0 0.395769 0.438321 0.015952 0.010341
0 0.089890 0.545810 0.013830 0.007880
0 0.365404 0.448351 0.015980 0.009786
0 0.507475 0.799311 0.021811 0.013161
0 0.621670 0.354611 0.015898 0.012029
0 0.744774 0.626464 0.009852 0.007639
0 0.258246 0.520976 0.013489 0.009584
0 0.211548 0.430723 0.013209 0.008910
0 0.471329 0.332955 0.024475 0.018551
0 0.222337 0.353114 0.009341 0.009633
0 0.177857 0.659752 0.011343 0.007767
0 0.282153 0.473373 0.013504 0.011347
0 0.617945 0.700853 0.016760 0.009894
0 0.602977 0.468598 0.014062 0.007194
0 0.303633 0.666421 0.015823 0.011756
0 0.406825 0.724731 0.015759 0.008225
0 0.730901 0.639603 0.012364 0.005837
0 0.418376 0.711988 0.016345 0.012890
0 0.412017 0.423944 0.018530 0.015113
0 0.599069 0.358577 0.017572 0.013790
0 0.684679 0.490664 0.015255 0.009824
0 0.752655 0.639157 0.011617 0.005814
0 0.530972 0.454743 0.016395 0.012229
0 0.297236 0.780913 0.018475 0.013368
0 0.409259 0.339088 0.014251 0.009213
0 0.426032 0.723673 0.015245 0.009622
0 0.703703 0.595390 0.011774 0.006587
0 0.372252 0.429783 0.019808 0.010885
0 0.531889 0.767547 0.018491 0.013517
0 0.446703 0.347465 0.011596 0.007817
0 0.509252 0.447194 0.014867 0.010453
0 0.766297 0.569930 0.013601 0.012665
0 0.523431 0.765516 0.024890 0.013778
0 0.611695 0.779802 0.012058 0.008830
0 0.620929 0.546201 0.013535 0.009384
0 0.404382 0.420488 0.015068 0.011948
0 0.177485 0.593345 0.018774 0.011471
0 0.620522 0.765420 0.014074 0.008922
0 0.663150 0.581084 0.012869 0.007317
0 0.630961 0.528891 0.014403 0.011107
0 0.470839 0.706623 0.013120 0.010755
0 0.371944 0.652822 0.017610 0.015447
0 0.687041 0.520575 0.010928 0.008390
0 0.659964 0.511135 0.018091 0.011518
0 0.454369 0.437861 0.015218 0.009084
0 0.599737 0.391338 0.025980 0.013709
0 0.269869 0.398234 0.016019 0.009148
0 0.218459 0.539823 0.020357 0.015257
0 0.403488 0.547108 0.012932 0.011554
0 0.213346 0.579287 0.013570 0.008567
0 0.183614 0.632751 0.013411 0.008406
0 0.416730 0.420916 0.020837 0.014012
0 0.183864 0.605049 0.013574 0.012693
0 0.635366 0.646353 0.013508 0.008239
0 0.177111 0.777032 0.016563 0.012796
0 0.089046 0.446306 0.013758 0.010580
0 0.315724 0.772336 0.013622 0.010060
0 0.313559 0.396251 0.010420 0.009077
0 0.472704 0.646131 0.016125 0.009491
0 0.525663 0.372510 0.012226 0.008868
1 0.143975 0.727700 0.061033 0.053991
1 0.293427 0.582746 0.050078 0.057512
1 0.431925 0.596831 0.051643 0.022300
1 0.227700 0.392019 0.046948 0.044601
1 0.320814 0.326878 0.117371 0.055164
1 0.741002 0.475352 0.050078 0.039906