0 0.273009 0.626556 0.011081 0.015440
0 0.413040 0.393185 0.010760 0.015324
0 0.281122 0.306748 0.013209 0.018789
0 0.239617 0.184147 0.012519 0.017179
0 0.304625 0.792835 0.014404 0.019396
0 0.434507 0.511451 0.013391 0.018611
0 0.233767 0.454699 0.013649 0.019540
0 0.416660 0.314519 0.012023 0.016612
1 0.238799 0.614926 0.035700 0.053607
0 0.416666 0.596995 0.010822 0.014704
0 0.256130 0.397096 0.012349 0.017672
0 0.281205 0.492840 0.015160 0.021436
0 0.158635 0.564037 0.010387 0.014255
0 0.271983 0.249220 0.014067 0.019406
0 0.239513 0.727440 0.012124 0.015397
0 0.250283 0.692427 0.010958 0.015890
0 0.546791 0.404442 0.013518 0.019032
0 0.577721 0.405219 0.012263 0.017640
0 0.371672 0.538160 0.012449 0.017976
0 0.591337 0.490759 0.013014 0.017778
1 0.149417 0.383638 0.036882 0.047304
0 0.414289 0.169372 0.013130 0.017719
0 0.410431 0.677796 0.012752 0.015131
0 0.450277 0.406517 0.011946 0.017789
0 0.131288 0.493871 0.012504 0.016492
0 0.189699 0.530586 0.009960 0.013999
0 0.227534 0.672726 0.009440 0.012797
0 0.148252 0.313340 0.013595 0.018955
0 0.442245 0.576066 0.011413 0.015128
0 0.227213 0.560325 0.008733 0.012124
1 0.455572 0.792929 0.043328 0.055112
0 0.396497 0.314709 0.012809 0.016932
0 0.388547 0.842064 0.016566 0.021228
0 0.278620 0.573360 0.009692 0.013139
0 0.317481 0.489709 0.012093 0.017486
1 0.458677 0.319572 0.037836 0.049000
1 0.430844 0.736061 0.034884 0.049999
0 0.265668 0.775170 0.013633 0.019453
0 0.341403 0.773886 0.013956 0.017456
0 0.281561 0.443138 0.012028 0.017802
1 0.450212 0.177405 0.029901 0.044144
0 0.383082 0.632334 0.010894 0.015158
0 0.517759 0.204458 0.010198 0.016019
0 0.372081 0.617690 0.010659 0.014948
0 0.198332 0.259472 0.011215 0.015845
0 0.476267 0.478816 0.014822 0.020499
0 0.267535 0.424083 0.010435 0.014351
0 0.542853 0.198234 0.010337 0.015913
0 0.140651 0.553357 0.011310 0.014943
0 0.373099 0.316887 0.012152 0.017501
0 0.154818 0.414571 0.009684 0.013037
0 0.322697 0.680026 0.015682 0.019235
0 0.380425 0.772216 0.016648 0.022886
1 0.466317 0.716141 0.033257 0.053351
0 0.316985 0.533041 0.011179 0.015505
0 0.370862 0.751087 0.015706 0.022036
0 0.405142 0.441756 0.010394 0.014588
0 0.379102 0.796608 0.014034 0.017726
0 0.401931 0.500811 0.013090 0.019854
0 0.581272 0.313982 0.011357 0.016916
0 0.572634 0.223350 0.010468 0.015452
0 0.361287 0.155304 0.009983 0.016950
0 0.500391 0.341515 0.009990 0.014563
0 0.303619 0.134022 0.013120 0.019289
0 0.427112 0.214027 0.014364 0.017757
0 0.210071 0.662208 0.008284 0.011492
0 0.428040 0.537900 0.011543 0.016621
0 0.478936 0.368933 0.011113 0.016850
0 0.350714 0.315741 0.011920 0.020944
0 0.355068 0.800248 0.015835 0.024447
1 0.431910 0.828264 0.028726 0.055199
1 0.527804 0.780388 0.038020 0.038301
1 0.531606 0.721246 0.000000 0.001127