0 0.384700 0.423226 0.018314 0.021486
0 0.257640 0.586205 0.023868 0.025041
0 0.257799 0.892544 0.021559 0.023796
0 0.509691 0.682655 0.017320 0.017902
0 0.368278 0.602117 0.019004 0.020423
0 0.024753 0.653966 0.027350 0.027228
0 0.207941 0.888795 0.019865 0.022494
0 0.428515 0.561812 0.020199 0.022818
0 0.172218 0.920646 0.018137 0.019669
0 0.193175 0.471346 0.018556 0.022391
0 0.400126 0.744779 0.021374 0.023460
0 0.081300 0.745377 0.021461 0.024795
0 0.345859 0.735250 0.021268 0.023794
0 0.352319 0.516704 0.019956 0.024130
0 0.506892 0.554193 0.021363 0.020643
0 0.372969 0.360040 0.021290 0.024161
0 0.675617 0.948077 0.025997 0.027229
0 0.656603 0.662350 0.024318 0.026283
0 0.252676 0.319101 0.026093 0.026592
0 0.466810 0.737033 0.014983 0.015381
0 0.335037 0.360102 0.018000 0.020178
0 0.170683 0.389498 0.017363 0.020830
0 0.162457 0.880910 0.019716 0.020371
0 0.436752 0.674419 0.021093 0.023893
0 0.519899 0.723524 0.018703 0.023660
0 0.471507 0.861358 0.021094 0.021824
0 0.500992 0.743429 0.019689 0.023817
0 0.292337 0.227357 0.023344 0.024835
0 0.417078 0.453250 0.018198 0.019954
0 0.478983 0.099987 0.017424 0.019040
0 0.025183 0.777960 0.017493 0.019016
0 0.444436 0.793500 0.017438 0.018868
0 0.046583 0.698588 0.023167 0.027572
0 0.424972 0.362280 0.020886 0.022712
0 0.485725 0.708479 0.017182 0.017869
0 0.558281 0.823777 0.016897 0.019121
0 0.694111 0.338188 0.023191 0.023670
0 0.362674 0.455372 0.017027 0.021708
1 0.831337 0.755679 0.081112 0.095439
0 0.795262 0.816851 0.025031 0.023400
0 0.296947 0.713995 0.018521 0.016709
0 0.121676 0.972713 0.027224 0.025938
0 0.952703 0.524265 0.024453 0.029198
0 0.410816 0.982851 0.026515 0.026711
0 0.525362 0.216395 0.027411 0.028538
0 0.327596 0.140006 0.020425 0.017826
0 0.583565 0.705724 0.021672 0.025669
0 0.374288 0.878863 0.022933 0.026616
0 0.269386 0.796202 0.017182 0.019510
0 0.444971 0.520715 0.015122 0.017893
0 0.102450 0.474864 0.019871 0.022714
0 0.608681 0.424048 0.022624 0.025606
0 0.526032 0.512320 0.017037 0.018779
0 0.940642 0.438824 0.019212 0.021163
0 0.007255 0.859291 0.014510 0.019608
0 0.426235 0.122604 0.021595 0.023126
0 0.569345 0.393278 0.023879 0.027403
0 0.934774 0.568213 0.019601 0.021744
0 0.574666 0.750471 0.021249 0.026488
0 0.597582 0.549847 0.021381 0.021572
0 0.445085 0.597458 0.021037 0.019745
0 0.879721 0.735664 0.020719 0.022558
0 0.377773 0.653388 0.022388 0.021862
0 0.530967 0.830727 0.023581 0.029655
1 0.325520 0.431650 0.056077 0.076029
0 0.822197 0.476518 0.022284 0.021432
0 0.395793 0.828734 0.019940 0.022932
0 0.214282 0.384726 0.028044 0.036553
0 0.916045 0.680883 0.022258 0.026870
0 0.400501 0.521750 0.027699 0.031439
0 0.496813 0.511930 0.019801 0.024216
0 0.921859 0.609696 0.023586 0.023940
0 0.782750 0.627161 0.030238 0.035890
0 0.449521 0.645772 0.016033 0.016495
0 0.275016 0.147054 0.015069 0.018308
0 0.467278 0.416367 0.018527 0.020526
0 0.522415 0.942193 0.025855 0.036887
0 0.023892 0.907754 0.018368 0.019734
0 0.823081 0.507916 0.031363 0.029670
0 0.565536 0.784803 0.022744 0.021519
0 0.589479 0.857588 0.026668 0.025584
0 0.654172 0.494035 0.023392 0.026282
0 0.642191 0.888488 0.024215 0.024922
0 0.283134 0.849773 0.018816 0.022121
0 0.914811 0.412144 0.024227 0.021485
0 0.611885 0.466192 0.016891 0.019421
0 0.270752 0.397433 0.017834 0.020337
0 0.572457 0.977033 0.030190 0.034382
0 0.199512 0.238001 0.019880 0.019986
0 0.080704 0.787646 0.020409 0.022791
0 0.591194 0.447543 0.022916 0.023058
0 0.584895 0.576779 0.019674 0.022632
0 0.669666 0.378731 0.018030 0.019616
0 0.444383 0.208387 0.021882 0.024814
0 0.992417 0.504138 0.015166 0.021853
0 0.478356 0.436068 0.022872 0.027127
0 0.908857 0.579196 0.026948 0.028353
1 0.844411 0.259506 0.070023 0.090661
0 0.314389 0.761609 0.034603 0.032577
0 0.478724 0.462544 0.020709 0.022506
0 0.349408 0.825143 0.021291 0.024837
0 0.624267 0.351668 0.029204 0.024990
0 0.278505 0.289010 0.021010 0.022042
0 0.462367 0.568147 0.016215 0.019073
0 0.101236 0.925718 0.022364 0.028556
0 0.557551 0.470368 0.023952 0.029762
0 0.723913 0.176777 0.018507 0.018871
0 0.021658 0.830637 0.023477 0.022600
0 0.679752 0.607910 0.029578 0.034996
0 0.710291 0.211713 0.027263 0.025062
0 0.822624 0.858221 0.022841 0.023470
0 0.943151 0.988513 0.029868 0.022974
0 0.304945 0.744604 0.022304 0.022690
0 0.466885 0.595257 0.017866 0.018944
0 0.690148 0.751048 0.016068 0.016996
0 0.032180 0.443032 0.018013 0.019269
0 0.372919 0.695759 0.018965 0.019596
0 0.608247 0.088033 0.013581 0.016059
0 0.508901 0.643234 0.015608 0.017374
0 0.252746 0.690316 0.021521 0.023375
0 0.611384 0.115058 0.013613 0.016455
0 0.752756 0.496988 0.023917 0.024529
0 0.506301 0.261617 0.014006 0.015983
0 0.399493 0.231603 0.015779 0.018327
0 0.564691 0.535555 0.020208 0.033016
0 0.557257 0.569497 0.018933 0.019009
0 0.635881 0.881090 0.026763 0.026487
0 0.895565 0.524328 0.018680 0.021142
0 0.673734 0.735258 0.019820 0.021823
0 0.625346 0.761831 0.018931 0.019423
0 0.205800 0.821866 0.020212 0.019268
0 0.626688 0.494399 0.018228 0.021314
0 0.654216 0.780273 0.022915 0.018221
0 0.992197 0.591518 0.015021 0.022226
0 0.312661 0.378586 0.019005 0.022691
0 0.791765 0.219236 0.016276 0.017590
0 0.571437 0.251921 0.020833 0.024348
0 0.772954 0.474040 0.017211 0.016785
0 0.509865 0.619566 0.013893 0.017605
0 0.307574 0.751862 0.032118 0.034692
0 0.401686 0.304987 0.017213 0.020309
0 0.004300 0.725632 0.008600 0.015647
0 0.427013 0.085614 0.018085 0.021465
0 0.677868 0.782930 0.018167 0.016660
0 0.990682 0.393843 0.014734 0.015480
0 0.215473 0.669027 0.040679 0.032675
0 0.960184 0.383245 0.015322 0.017970
0 0.200212 0.857448 0.021308 0.019464
0 0.331717 0.460918 0.019944 0.019443
0 0.894866 0.561670 0.021607 0.020959
0 0.006929 0.811202 0.013858 0.021651
0 0.419630 0.920995 0.017669 0.021983
0 0.221048 0.670382 0.024479 0.024231
0 0.616166 0.982481 0.030606 0.027687
0 0.146471 0.462057 0.031697 0.034566
1 0.169490 0.789201 0.078315 0.085839
0 0.643271 0.097253 0.011505 0.015720
0 0.937381 0.866327 0.021132 0.023692
0 0.568866 0.040332 0.021461 0.021900
0 0.607985 0.052593 0.026194 0.020473
0 0.218823 0.374273 0.028251 0.037584
0 0.565586 0.554071 0.021318 0.026931
0 0.359600 0.221186 0.018556 0.023048
0 0.693857 0.820842 0.019507 0.025156
0 0.088680 0.697862 0.013309 0.015184
0 0.536440 0.052502 0.015476 0.017094
0 0.614923 0.369118 0.027740 0.029559
0 0.411888 0.838914 0.021773 0.021186
0 0.501267 0.145424 0.011517 0.013711
0 0.989897 0.314113 0.019310 0.022145
1 0.767818 0.428744 0.085033 0.055556