0 0.491461 0.232353 0.016072 0.013120
0 0.610463 0.263130 0.017017 0.012838
0 0.363067 0.247542 0.015621 0.012650
0 0.392809 0.523122 0.016227 0.012886
0 0.501845 0.730644 0.018237 0.013461
0 0.648285 0.734087 0.020512 0.014366
0 0.529625 0.388573 0.017654 0.013333
0 0.572745 0.676721 0.016322 0.012082
0 0.183348 0.347144 0.020536 0.015621
0 0.465744 0.602650 0.015728 0.011842
0 0.825192 0.348336 0.019994 0.016058
0 0.403110 0.234711 0.018249 0.014710
0 0.532963 0.654188 0.015732 0.012516
0 0.227842 0.465430 0.015039 0.011305
0 0.626715 0.569794 0.014393 0.011140
0 0.747664 0.658787 0.018376 0.014353
0 0.544126 0.163982 0.016985 0.012984
0 0.263816 0.552908 0.018463 0.013107
0 0.600078 0.661113 0.017089 0.012046
0 0.200068 0.432731 0.014788 0.012077
0 0.287784 0.529670 0.021097 0.015338
0 0.527369 0.485629 0.018124 0.014024
0 0.740601 0.611612 0.018001 0.013606
0 0.496952 0.404385 0.019037 0.015300
0 0.437230 0.252636 0.022464 0.016291
0 0.391268 0.420267 0.020860 0.016026
0 0.242153 0.393559 0.017752 0.014560
0 0.682483 0.451734 0.014901 0.011820
0 0.673355 0.303435 0.019054 0.014056
0 0.657250 0.176654 0.016888 0.013533
0 0.463392 0.201563 0.019173 0.013883
0 0.846724 0.363973 0.017604 0.013318
0 0.208567 0.287315 0.019013 0.014597
0 0.278209 0.279454 0.016910 0.012662
0 0.571829 0.203702 0.017185 0.015270
0 0.554736 0.590626 0.015956 0.012883
0 0.712313 0.384709 0.016927 0.013751
0 0.680874 0.327264 0.015152 0.011456
0 0.436922 0.612499 0.017824 0.013935
0 0.422356 0.539103 0.020131 0.014617
0 0.575796 0.737863 0.017927 0.014185
0 0.352363 0.508818 0.022741 0.015614
0 0.852368 0.279902 0.017683 0.014477
0 0.725848 0.422584 0.019922 0.014771
0 0.705488 0.197951 0.018459 0.014960
0 0.753964 0.245946 0.019277 0.013588
0 0.897422 0.381782 0.016620 0.012723
0 0.281796 0.246471 0.016298 0.013143
0 0.705683 0.693078 0.017772 0.013348
0 0.611070 0.585488 0.018600 0.015531
0 0.488082 0.322061 0.021634 0.017639
0 0.537688 0.755401 0.023863 0.018084
0 0.374035 0.586797 0.018836 0.013346
0 0.779677 0.564094 0.015332 0.011084
0 0.776633 0.230322 0.022636 0.018496
0 0.706939 0.594711 0.015046 0.012267
0 0.230744 0.553980 0.014004 0.010824
0 0.426943 0.194267 0.026076 0.017188
0 0.158534 0.445382 0.016018 0.013601
0 0.704231 0.627049 0.015902 0.013578
0 0.539297 0.503518 0.015419 0.012034
0 0.318397 0.589628 0.014628 0.011563
0 0.478393 0.675896 0.018420 0.014616
0 0.535694 0.414094 0.015568 0.011382
0 0.598070 0.726234 0.026182 0.016989
0 0.329578 0.434573 0.023540 0.016658
0 0.617273 0.162746 0.015680 0.012203
0 0.242726 0.259198 0.018930 0.015674
0 0.579362 0.173878 0.013904 0.012550
0 0.854606 0.339758 0.015774 0.011612
0 0.268956 0.609497 0.017380 0.015533
0 0.889083 0.343529 0.019634 0.018019
0 0.458718 0.551839 0.015385 0.013017
0 0.774715 0.289209 0.014939 0.012192
1 0.845079 0.488559 0.052485 0.041515
0 0.576392 0.452482 0.017650 0.014584
0 0.174894 0.481394 0.014234 0.011320
0 0.762171 0.467224 0.026671 0.018562
0 0.674852 0.273657 0.021030 0.018232
0 0.256457 0.302736 0.013107 0.010444
0 0.198002 0.469317 0.014675 0.011560
0 0.440330 0.295300 0.020385 0.014552
0 0.254763 0.503027 0.014214 0.010599
0 0.303516 0.569162 0.021094 0.014318
0 0.220874 0.338412 0.016826 0.013538
0 0.250775 0.640608 0.016493 0.013012
0 0.418597 0.358480 0.015748 0.012754
0 0.763733 0.348671 0.018378 0.014554
0 0.415174 0.332043 0.026171 0.019044
0 0.342644 0.233410 0.013278 0.010935
0 0.376620 0.316940 0.012720 0.010064
0 0.788373 0.485310 0.017528 0.012910
0 0.479156 0.541579 0.020110 0.017546
0 0.518354 0.184983 0.015176 0.015412
0 0.224455 0.362526 0.013111 0.009832
0 0.585193 0.362222 0.018184 0.014904
0 0.629074 0.386244 0.017538 0.013331
0 0.286405 0.305933 0.014071 0.010820
0 0.473222 0.568499 0.014358 0.010713
0 0.449793 0.164633 0.013029 0.011345
0 0.389860 0.647491 0.017435 0.014243
0 0.441024 0.275789 0.017010 0.014145
0 0.715353 0.514587 0.019611 0.016692
0 0.840098 0.535045 0.015751 0.011685
0 0.701096 0.307122 0.018591 0.015429
0 0.461954 0.509751 0.017040 0.017008
0 0.673255 0.694363 0.013888 0.010751
0 0.753729 0.426635 0.019543 0.013731
0 0.594149 0.596630 0.015004 0.011910
0 0.608134 0.503923 0.026356 0.017839
0 0.327485 0.394230 0.015092 0.013571
0 0.481617 0.618645 0.013220 0.010076
0 0.727278 0.666969 0.018693 0.013350
0 0.556461 0.256259 0.013351 0.011389
0 0.580283 0.712545 0.016427 0.010883
0 0.712292 0.503182 0.018852 0.014705
0 0.252389 0.592959 0.015076 0.012065
0 0.797896 0.449782 0.013808 0.010633
0 0.519005 0.253082 0.013365 0.011810
0 0.467896 0.422373 0.014418 0.011863
0 0.388665 0.351931 0.014537 0.011362
0 0.643970 0.674870 0.021388 0.021826
0 0.341359 0.659023 0.012355 0.009686
0 0.534983 0.681646 0.021646 0.014818
0 0.337204 0.527076 0.012868 0.008990
0 0.590018 0.643064 0.011144 0.008603
0 0.523544 0.619928 0.011529 0.009051
0 0.302404 0.643838 0.018988 0.018457
0 0.625489 0.353064 0.028492 0.021812
0 0.309521 0.616098 0.012848 0.010337
0 0.828828 0.637851 0.015311 0.010189
0 0.674082 0.662370 0.011485 0.008993
0 0.900411 0.440544 0.012793 0.009186
0 0.805708 0.570402 0.016014 0.015735
0 0.715216 0.296361 0.013638 0.011260
0 0.367903 0.281647 0.014059 0.011766
0 0.797416 0.669306 0.011817 0.008765
0 0.590014 0.688911 0.013220 0.010146
0 0.199135 0.325489 0.016698 0.013537
0 0.786747 0.692492 0.016587 0.010733
0 0.887290 0.433154 0.014118 0.010131
0 0.188589 0.302984 0.016786 0.012291
0 0.589839 0.556249 0.012618 0.009977
0 0.763651 0.693760 0.014479 0.010467
0 0.660306 0.641975 0.013285 0.010474
0 0.718295 0.641506 0.015447 0.010534
0 0.719302 0.668294 0.018110 0.012034
0 0.324309 0.508109 0.015074 0.011356
0 0.259263 0.328149 0.013106 0.009149
0 0.614561 0.606230 0.013048 0.010521
0 0.933922 0.436604 0.014845 0.011639
0 0.553643 0.693634 0.018459 0.015320
0 0.708932 0.541419 0.014124 0.011598
0 0.666402 0.509401 0.017862 0.020762