0 0.574235 0.479007 0.011595 0.009367
0 0.562928 0.454973 0.013093 0.009818
0 0.243564 0.441893 0.014335 0.011206
0 0.750476 0.415378 0.013952 0.011137
0 0.576930 0.527484 0.011576 0.008548
0 0.507273 0.530709 0.011411 0.009157
0 0.340897 0.548790 0.011770 0.009785
1 0.758922 0.502846 0.054618 0.034231
0 0.113329 0.428561 0.017866 0.013246
0 0.386227 0.544940 0.012785 0.010525
0 0.361457 0.448343 0.013649 0.010563
0 0.472535 0.530661 0.012482 0.009556
0 0.516713 0.352456 0.017196 0.013369
1 0.485103 0.666644 0.056031 0.037517
0 0.239744 0.540995 0.011793 0.009177
0 0.248687 0.470630 0.012017 0.009390
0 0.701934 0.526700 0.010047 0.008486
0 0.709475 0.560166 0.011739 0.009391
0 0.545736 0.490738 0.014562 0.011215
0 0.747551 0.435024 0.012832 0.010275
0 0.703011 0.540914 0.009805 0.008203
1 0.318219 0.382158 0.044611 0.031609
1 0.244166 0.185429 0.060550 0.057287
0 0.713072 0.420905 0.015137 0.010410
0 0.812475 0.423889 0.011883 0.008690
0 0.349324 0.495302 0.015057 0.011302
0 0.565347 0.267300 0.018646 0.014556
0 0.656782 0.548619 0.014289 0.009496
0 0.471402 0.451515 0.013564 0.009641
1 0.572213 0.584382 0.047023 0.031994
0 0.417218 0.557618 0.012991 0.010265
0 0.329600 0.412376 0.017370 0.011734
0 0.274975 0.362255 0.017573 0.013824
1 0.621092 0.176321 0.062065 0.046819
0 0.544049 0.643770 0.015188 0.011696
0 0.298635 0.495478 0.012912 0.009457
0 0.217481 0.485457 0.013008 0.009906
0 0.451724 0.555571 0.011774 0.008872
0 0.582989 0.554298 0.011496 0.009663
0 0.631828 0.443327 0.013917 0.010297
0 0.625691 0.336422 0.016184 0.012344
1 0.716552 0.366969 0.048130 0.041611
1 0.711548 0.385053 0.051044 0.030573
0 0.430641 0.448757 0.015720 0.012141
0 0.559685 0.633486 0.014736 0.011364
0 0.484940 0.594948 0.010848 0.008162
0 0.707659 0.407003 0.016136 0.010777
0 0.499217 0.421065 0.016577 0.012102
0 0.361639 0.574840 0.012088 0.009398
0 0.753343 0.455563 0.011764 0.008810
0 0.679545 0.503049 0.009864 0.008092
0 0.539082 0.541148 0.011654 0.009798
0 0.253431 0.562277 0.013683 0.010401
0 0.397318 0.463090 0.014155 0.011070
0 0.287342 0.395867 0.014692 0.011675
0 0.503253 0.462311 0.013830 0.012424
0 0.515619 0.644079 0.014986 0.011473
0 0.497913 0.510880 0.013884 0.009523
0 0.749262 0.529034 0.012072 0.010086
0 0.604873 0.519950 0.013534 0.010256
0 0.289489 0.540346 0.012082 0.010437
0 0.385547 0.436619 0.015230 0.010372
0 0.672181 0.526717 0.011338 0.008123
0 0.436763 0.430262 0.017260 0.012038
0 0.645204 0.599507 0.012117 0.009090
0 0.526283 0.405596 0.014069 0.010919
0 0.549780 0.385668 0.015275 0.011494
0 0.461073 0.504914 0.011347 0.009987
0 0.565787 0.608541 0.013539 0.010473
1 0.861945 0.397395 0.034991 0.022550
0 0.709837 0.289759 0.015620 0.012508
0 0.647142 0.460244 0.011810 0.009493
0 0.534149 0.451988 0.012760 0.009100
0 0.352250 0.322654 0.018101 0.014139
0 0.385739 0.488563 0.013400 0.010353
0 0.544986 0.337163 0.014119 0.011349
0 0.274264 0.584124 0.012211 0.010083
0 0.260484 0.534726 0.011513 0.008150
0 0.696553 0.599164 0.012501 0.010148
0 0.748826 0.348460 0.015689 0.012026
0 0.785909 0.433021 0.013633 0.011614
0 0.314865 0.444587 0.014162 0.010734
0 0.407260 0.496790 0.011280 0.009308
0 0.587429 0.434260 0.014973 0.010382
0 0.677480 0.612617 0.013805 0.011243
0 0.215401 0.550491 0.015119 0.012194
0 0.544013 0.471786 0.010742 0.008378
0 0.758025 0.471123 0.011517 0.008639
0 0.478730 0.482431 0.017353 0.010769
0 0.229892 0.577884 0.012499 0.009325
0 0.369526 0.417975 0.015524 0.011095
0 0.301919 0.579073 0.011745 0.008833
0 0.275668 0.512906 0.012309 0.008521
0 0.625790 0.488181 0.012955 0.010793
0 0.328476 0.510644 0.011404 0.008132
0 0.392087 0.510871 0.015910 0.009664
0 0.524779 0.436022 0.016081 0.012461
0 0.569796 0.309641 0.016759 0.013256
0 0.486062 0.498627 0.012966 0.009671
0 0.611962 0.499212 0.010670 0.008136
0 0.264150 0.426667 0.017286 0.011427
0 0.478720 0.367351 0.017750 0.012863
0 0.637353 0.410404 0.012023 0.008873
0 0.358473 0.366716 0.016122 0.011436
0 0.362079 0.475189 0.013058 0.010514
1 0.432379 0.604951 0.070903 0.036858
0 0.646270 0.496143 0.010431 0.008515
0 0.194925 0.531187 0.018464 0.010314
0 0.448819 0.488594 0.010694 0.008296
0 0.608908 0.434954 0.016818 0.010457
0 0.229972 0.508501 0.012015 0.010000
0 0.313157 0.549683 0.012708 0.009777
0 0.180770 0.566252 0.011925 0.009596
0 0.557025 0.414535 0.016081 0.013890
0 0.459049 0.433642 0.013729 0.009468
0 0.676578 0.425844 0.015209 0.013274
0 0.481082 0.415361 0.015767 0.012735
0 0.323589 0.488923 0.012585 0.009205
0 0.675140 0.349129 0.016556 0.011901
0 0.440115 0.376707 0.013293 0.011026
0 0.733500 0.469574 0.013644 0.010532
0 0.347323 0.529138 0.013358 0.009605
0 0.617155 0.458042 0.011765 0.008888
0 0.601849 0.658474 0.017171 0.013087
0 0.501464 0.387449 0.012961 0.010400
0 0.256077 0.381910 0.017581 0.013562
0 0.460162 0.518679 0.010160 0.012887
0 0.806564 0.408000 0.011748 0.008546
0 0.563332 0.503973 0.011269 0.008858
0 0.590311 0.324506 0.013837 0.011313
0 0.816980 0.446070 0.012200 0.010265
0 0.688786 0.297198 0.013810 0.011027
0 0.345633 0.393883 0.014164 0.011058
0 0.254266 0.490133 0.014048 0.009021
0 0.669154 0.380699 0.015100 0.012168
0 0.305869 0.523209 0.009977 0.008462
0 0.586403 0.384616 0.016880 0.016687
0 0.539088 0.529168 0.011642 0.010753
0 0.781084 0.544929 0.012136 0.009212
0 0.364758 0.471766 0.012610 0.011296
0 0.319236 0.569201 0.011543 0.009109
0 0.719672 0.446371 0.015717 0.010900
0 0.549805 0.511665 0.014781 0.009677
0 0.750759 0.581025 0.013636 0.009726
0 0.511479 0.489222 0.011492 0.010065
0 0.688070 0.569799 0.014213 0.011363
0 0.673295 0.383469 0.012975 0.011696
0 0.282982 0.620522 0.016237 0.014701
0 0.604520 0.302916 0.017257 0.013204
0 0.704396 0.485339 0.014550 0.010201
0 0.410532 0.557300 0.016218 0.010294
0 0.780256 0.481371 0.011322 0.008043
0 0.600975 0.563574 0.013399 0.010829
0 0.624920 0.549616 0.011959 0.009467