0 0.424338 0.421473 0.015358 0.013262
0 0.524326 0.451556 0.014792 0.010547
0 0.208148 0.426969 0.013262 0.010784
0 0.460524 0.432664 0.013416 0.010244
0 0.576301 0.634694 0.013130 0.010060
0 0.358705 0.838149 0.015264 0.011812
0 0.482794 0.767506 0.011157 0.009273
0 0.540501 0.523588 0.013293 0.010109
0 0.699481 0.644819 0.011895 0.009148
0 0.399871 0.847916 0.015582 0.012347
0 0.375982 0.671644 0.012736 0.011650
0 0.524949 0.547928 0.012390 0.010286
0 0.387299 0.763313 0.015549 0.011498
0 0.298754 0.574086 0.017017 0.013258
0 0.478028 0.673463 0.011589 0.009169
0 0.271030 0.867806 0.015880 0.012034
0 0.602152 0.645046 0.015826 0.011677
0 0.318698 0.526044 0.012999 0.010458
0 0.352942 0.657348 0.012068 0.009108
0 0.455113 0.698426 0.012314 0.009161
0 0.572412 0.668772 0.011797 0.009002
0 0.603316 0.760205 0.011143 0.009394
0 0.309008 0.855965 0.016905 0.013272
0 0.304959 0.600698 0.015394 0.013547
0 0.141245 0.405934 0.017509 0.014243
0 0.283848 0.514805 0.013924 0.010340
0 0.429427 0.720104 0.011794 0.009432
0 0.302051 0.499346 0.012364 0.009677
0 0.505611 0.435381 0.013414 0.010071
0 0.548144 0.682416 0.011525 0.009300
1 0.057359 0.579035 0.049785 0.036339
0 0.417151 0.639350 0.015038 0.011641
0 0.458165 0.509149 0.011857 0.010229
0 0.546096 0.855468 0.014901 0.010818
0 0.385116 0.382513 0.012872 0.010080
0 0.202867 0.835600 0.013236 0.010480
0 0.346058 0.508351 0.011580 0.009293
0 0.435716 0.849027 0.012791 0.010118
0 0.681737 0.768223 0.011634 0.009554
0 0.114239 0.442010 0.015723 0.012009
0 0.381826 0.449490 0.015960 0.012540
0 0.084443 0.473313 0.015067 0.011674
0 0.189748 0.563709 0.013232 0.010657
0 0.491429 0.738462 0.011305 0.008633
0 0.509062 0.871723 0.020066 0.015003
0 0.453367 0.399358 0.012952 0.012048
0 0.561669 0.479474 0.017892 0.018866
0 0.110024 0.415836 0.015728 0.012191
0 0.661881 0.690986 0.015593 0.011599
0 0.290842 0.885689 0.021804 0.014866
0 0.616791 0.670382 0.009845 0.008197
0 0.219034 0.735180 0.011610 0.008519
0 0.212506 0.387386 0.014298 0.011312
0 0.417794 0.305570 0.012352 0.009422
0 0.491629 0.639652 0.022959 0.009305
0 0.381046 0.587672 0.014667 0.010241
0 0.399489 0.477772 0.013647 0.010973
0 0.334449 0.416543 0.013992 0.010801
0 0.160039 0.438271 0.012768 0.010401
0 0.504491 0.371300 0.024780 0.015385
0 0.301984 0.530122 0.012791 0.009081
0 0.692234 0.568730 0.014317 0.010695
0 0.617321 0.696180 0.010522 0.008084
0 0.346120 0.598788 0.012092 0.009365
0 0.436395 0.882194 0.015656 0.012068
0 0.163541 0.809293 0.014117 0.010671
0 0.609210 0.407289 0.011970 0.009766
1 0.644165 0.846215 0.045595 0.038419
0 0.191605 0.401299 0.012976 0.010305
0 0.385851 0.623104 0.012707 0.010437
0 0.410171 0.535400 0.015809 0.012243
0 0.717484 0.513007 0.013010 0.009929
0 0.272448 0.660552 0.015960 0.011812
0 0.485426 0.852973 0.015398 0.011719
0 0.696827 0.500488 0.013216 0.010450
0 0.284118 0.611216 0.012498 0.009551
0 0.358798 0.861890 0.017886 0.016799
0 0.650276 0.673032 0.010931 0.008880
0 0.512122 0.718362 0.010731 0.009474
0 0.161826 0.787736 0.012750 0.009533
0 0.391996 0.811009 0.016154 0.013009
0 0.278397 0.481797 0.016776 0.012479
0 0.660438 0.565385 0.016529 0.013935
0 0.219500 0.607123 0.013459 0.010766
0 0.495884 0.805409 0.012054 0.009236
0 0.457544 0.552758 0.011622 0.009336
0 0.287203 0.681225 0.012399 0.010733
0 0.436699 0.568146 0.012682 0.009599
0 0.498455 0.669891 0.011246 0.009545
0 0.187753 0.768061 0.013006 0.010110
0 0.540845 0.724072 0.010685 0.009013
0 0.375368 0.537833 0.012558 0.009675
0 0.334463 0.861567 0.017046 0.012945
0 0.424616 0.741934 0.016610 0.013132
0 0.443927 0.592055 0.014678 0.011498
0 0.200916 0.813425 0.013259 0.010416
0 0.184789 0.382247 0.015132 0.013610
0 0.201633 0.367874 0.013698 0.010986
0 0.234127 0.643081 0.009971 0.008615
0 0.088585 0.444748 0.017578 0.013210
0 0.245089 0.870305 0.014746 0.011294
0 0.448243 0.657509 0.011293 0.009303
0 0.383450 0.326930 0.018156 0.014338
0 0.564138 0.438752 0.013194 0.012759
0 0.156393 0.488332 0.012443 0.010329
0 0.618008 0.479882 0.017713 0.014641
0 0.349109 0.361751 0.014532 0.015060
0 0.282922 0.420740 0.013691 0.011393
0 0.692947 0.445747 0.012244 0.009810
1 0.506658 0.616973 0.035327 0.028607
0 0.706678 0.539202 0.012948 0.008979
0 0.132861 0.533900 0.020164 0.013868
0 0.148809 0.731526 0.013095 0.011345
0 0.395848 0.498144 0.014345 0.010660
0 0.719206 0.474717 0.015170 0.011724
0 0.506908 0.569139 0.014176 0.010957
0 0.272916 0.731612 0.013841 0.011874
0 0.692982 0.403253 0.014196 0.011382
0 0.528994 0.757254 0.011572 0.009442
0 0.047984 0.474087 0.017129 0.015285
0 0.110169 0.555560 0.011592 0.009598
0 0.534333 0.776675 0.011635 0.010037
0 0.157889 0.460673 0.012316 0.010307
0 0.262882 0.508762 0.013947 0.011035
0 0.434245 0.539229 0.012616 0.010560
0 0.114689 0.624128 0.014086 0.010740
0 0.456383 0.640056 0.012025 0.009227
0 0.290485 0.435691 0.011979 0.010319
0 0.678740 0.791818 0.013571 0.010333
0 0.432475 0.612219 0.012341 0.009754
0 0.326412 0.883719 0.017029 0.013641
1 0.532263 0.494110 0.036447 0.021142
0 0.129574 0.507253 0.014892 0.011740
0 0.192243 0.610637 0.011347 0.008707
0 0.346159 0.479657 0.014339 0.013940
0 0.246364 0.837839 0.014666 0.010684
0 0.582261 0.689123 0.013193 0.011285
0 0.490208 0.710831 0.009883 0.008057
0 0.173077 0.547460 0.020129 0.012891
0 0.677936 0.674417 0.011953 0.009531
0 0.348736 0.545542 0.011290 0.008394
0 0.252256 0.434897 0.011820 0.010499
0 0.607081 0.438332 0.017730 0.011236
0 0.005684 0.638506 0.010570 0.009962
0 0.179112 0.596963 0.014936 0.009866
0 0.613963 0.441773 0.015231 0.010571
0 0.755029 0.501712 0.026567 0.015988
0 0.676564 0.521439 0.012501 0.010193
0 0.398535 0.364736 0.012668 0.011501
1 0.064196 0.682556 0.065236 0.061003
1 0.249008 0.397161 0.041486 0.037797
0 0.465630 0.786349 0.010855 0.009462
0 0.128318 0.693869 0.014540 0.012420
0 0.356257 0.445673 0.012414 0.009728
0 0.238096 0.826023 0.012303 0.010147
0 0.565439 0.431559 0.013688 0.014347
0 0.564913 0.586544 0.010797 0.009778
0 0.357581 0.575489 0.010383 0.008646
0 0.598397 0.564973 0.012238 0.010156
0 0.161669 0.603842 0.018322 0.012658
0 0.314621 0.450932 0.012774 0.010300
0 0.355040 0.412494 0.013199 0.010400
0 0.372457 0.516862 0.014271 0.012019
1 0.594129 0.374207 0.044190 0.035023
0 0.076562 0.497760 0.021710 0.011225
0 0.132033 0.712308 0.010744 0.008749
0 0.413092 0.490322 0.010915 0.008707
0 0.614746 0.508087 0.012612 0.010361
0 0.195473 0.467053 0.030006 0.019506
0 0.730346 0.596924 0.010061 0.008738
0 0.526764 0.735770 0.012237 0.010953
0 0.717903 0.728720 0.011672 0.011111
0 0.606546 0.804035 0.012892 0.010009
0 0.349651 0.718573 0.010278 0.008984
0 0.246817 0.573724 0.011271 0.008872
0 0.404192 0.513946 0.011880 0.008800
0 0.413425 0.566328 0.018338 0.012843
0 0.735945 0.651427 0.016290 0.013396
0 0.532161 0.347800 0.018629 0.016133
0 0.305094 0.527942 0.015769 0.009558
0 0.321250 0.376340 0.023028 0.014382
0 0.287794 0.674570 0.011193 0.014539
0 0.106106 0.781227 0.012487 0.009534
0 0.591922 0.530192 0.017097 0.013223
0 0.080404 0.645419 0.011253 0.009563
0 0.379396 0.489603 0.012304 0.010691
0 0.467809 0.581618 0.017222 0.013126
0 0.580860 0.488249 0.011678 0.009263
0 0.414839 0.585846 0.011967 0.009230
0 0.255559 0.336243 0.014632 0.011027
0 0.437979 0.341309 0.011024 0.011095
0 0.656371 0.774974 0.013356 0.013006
0 0.763101 0.528277 0.019492 0.013416
0 0.351231 0.376203 0.012084 0.010684
0 0.619730 0.722396 0.017507 0.011992
0 0.555104 0.620588 0.013342 0.010619
0 0.185440 0.783836 0.011324 0.008985
0 0.109735 0.802992 0.014964 0.012375
0 0.506724 0.523010 0.014004 0.013092
0 0.438324 0.762501 0.011817 0.009578
0 0.179795 0.646505 0.011502 0.009069
0 0.135473 0.825856 0.014981 0.012091
1 0.720605 0.429825 0.041154 0.029953
0 0.507214 0.677773 0.011610 0.008916
0 0.209535 0.768094 0.013037 0.012308
0 0.350795 0.744625 0.010202 0.008757
0 0.224584 0.777551 0.012488 0.011499
0 0.496865 0.551045 0.012643 0.011312
0 0.060782 0.532208 0.010964 0.009487
0 0.056578 0.621991 0.012476 0.010566
0 0.357214 0.427027 0.011130 0.011001
0 0.034399 0.621869 0.013461 0.010273
0 0.746725 0.571537 0.016965 0.011986
0 0.662405 0.798002 0.012758 0.008716
1 0.195315 0.467050 0.029527 0.020196
0 0.713309 0.677464 0.023147 0.012273
0 0.297765 0.832294 0.014558 0.010834
0 0.346533 0.810548 0.011799 0.009792
0 0.623035 0.610971 0.012955 0.009410
0 0.161462 0.571304 0.011350 0.008578
0 0.294807 0.881474 0.022336 0.015516
0 0.263409 0.455701 0.010989 0.008135
0 0.572898 0.355272 0.016539 0.013841
0 0.317533 0.781976 0.013384 0.010728
0 0.284693 0.835367 0.013853 0.009858
0 0.199623 0.860183 0.015257 0.014036
0 0.530544 0.678552 0.010756 0.009128
0 0.204899 0.662547 0.016518 0.013119
0 0.255392 0.487584 0.015220 0.012190
0 0.156337 0.470382 0.013033 0.012112
0 0.289488 0.833506 0.016252 0.010365
1 0.546945 0.833962 0.051888 0.026838
1 0.032542 0.742712 0.035785 0.037574