0 0.453004 0.707303 0.019230 0.015711
0 0.425333 0.684520 0.015945 0.012504
0 0.285079 0.532048 0.014445 0.012934
1 0.289700 0.215142 0.067687 0.046756
0 0.515293 0.424535 0.015755 0.012489
0 0.362008 0.515879 0.018922 0.014822
0 0.710154 0.559515 0.016087 0.012963
0 0.625443 0.588712 0.015648 0.011988
1 0.730254 0.427081 0.051936 0.043439
0 0.607249 0.295352 0.017413 0.014211
0 0.208950 0.676067 0.015037 0.011182
0 0.312115 0.735840 0.019071 0.014037
0 0.427328 0.415106 0.014822 0.011668
0 0.197797 0.376954 0.013859 0.011031
0 0.342895 0.345023 0.014965 0.011900
0 0.279157 0.326032 0.017383 0.013204
0 0.657872 0.443078 0.017372 0.013803
0 0.363264 0.333523 0.015147 0.011597
0 0.282858 0.569985 0.013495 0.011443
0 0.192441 0.689066 0.015054 0.011966
0 0.412896 0.298491 0.020080 0.016261
0 0.651349 0.574314 0.014423 0.010474
0 0.630327 0.566536 0.015905 0.012155
0 0.265580 0.506218 0.012662 0.009668
0 0.262708 0.602525 0.014815 0.011914
0 0.166713 0.361365 0.013154 0.010564
0 0.331666 0.500071 0.014592 0.011408
0 0.496828 0.508172 0.016868 0.014927
0 0.315069 0.288423 0.015079 0.012557
0 0.462318 0.443418 0.013382 0.010974
0 0.067509 0.390462 0.017501 0.014571
0 0.309185 0.718135 0.018346 0.014389
1 0.398211 0.411820 0.044386 0.037260
0 0.390020 0.458786 0.013737 0.010812
0 0.488570 0.724312 0.020207 0.016494
0 0.414944 0.763702 0.026794 0.018900
0 0.225877 0.712142 0.018111 0.013560
0 0.390016 0.315357 0.015375 0.011965
0 0.375032 0.597737 0.016390 0.013511
0 0.309548 0.338551 0.018088 0.013959
0 0.397562 0.263952 0.015490 0.011834
0 0.251654 0.489322 0.015124 0.011771
0 0.373186 0.229489 0.014725 0.013861
0 0.353767 0.316768 0.014936 0.011362
0 0.516164 0.690410 0.014983 0.011822
0 0.254327 0.525258 0.012130 0.009689
0 0.441686 0.627261 0.013851 0.011109
0 0.146819 0.639431 0.013092 0.010903
0 0.592476 0.410770 0.015853 0.013249
0 0.228152 0.489930 0.014905 0.011813
0 0.421635 0.226001 0.016531 0.014003
0 0.418536 0.195936 0.016761 0.013087
0 0.524883 0.605131 0.012620 0.010517
0 0.497084 0.584647 0.015605 0.012398
0 0.233956 0.661467 0.018354 0.010943
0 0.098284 0.531251 0.014719 0.012465
0 0.496713 0.496608 0.014000 0.012583
0 0.373468 0.583587 0.014371 0.012727
0 0.549355 0.389865 0.016403 0.013003
1 0.462020 0.311763 0.045189 0.029503
0 0.593389 0.258154 0.016481 0.013841
0 0.095437 0.469295 0.014030 0.011401
0 0.571308 0.682876 0.016447 0.011817
0 0.352288 0.726362 0.019079 0.014243
0 0.456102 0.561182 0.015173 0.013164
1 0.216737 0.320728 0.040258 0.036232