0 0.474939 0.545085 0.023007 0.017114
0 0.489723 0.410650 0.021039 0.017649
0 0.658027 0.608179 0.019580 0.015726
0 0.259340 0.554206 0.022132 0.018928
0 0.297298 0.532621 0.023662 0.016682
0 0.185314 0.632955 0.025918 0.019373
0 0.231382 0.506613 0.016572 0.012208
0 0.715250 0.428742 0.028991 0.021417
0 0.482849 0.458266 0.021011 0.013234
0 0.570822 0.467701 0.020469 0.016561
0 0.417945 0.606138 0.025694 0.017621
0 0.664576 0.656618 0.022266 0.015283
0 0.271442 0.674975 0.019134 0.016482
0 0.475722 0.638709 0.019236 0.013739
0 0.470496 0.341881 0.016636 0.011668
0 0.246368 0.713555 0.021025 0.018421
0 0.558001 0.430122 0.026724 0.021152
0 0.654354 0.476837 0.016194 0.013343
0 0.472082 0.386422 0.016957 0.011986
0 0.495489 0.475449 0.022508 0.013499
0 0.668306 0.556642 0.030721 0.022750
0 0.336033 0.552301 0.017821 0.014160
0 0.693746 0.701617 0.016808 0.011886
0 0.836229 0.652302 0.023828 0.017862
0 0.369304 0.346991 0.013462 0.010318
0 0.210672 0.652078 0.014997 0.011852
0 0.471738 0.306815 0.020974 0.015321
0 0.775481 0.740399 0.012653 0.011059
0 0.339903 0.532655 0.032791 0.019753
0 0.591937 0.808332 0.027147 0.019696
0 0.617894 0.776051 0.016305 0.012852
0 0.700314 0.573129 0.018469 0.013648
0 0.700020 0.549533 0.020011 0.015122
0 0.520740 0.298058 0.015918 0.007825
0 0.229785 0.503155 0.010407 0.011079
0 0.570570 0.777035 0.021921 0.016167
0 0.391466 0.680882 0.013494 0.013148
0 0.624244 0.412213 0.021623 0.013646
0 0.772069 0.758925 0.013807 0.008722
0 0.616533 0.413107 0.019188 0.013284
0 0.786495 0.513130 0.015376 0.015027
0 0.684845 0.417158 0.020238 0.020174
0 0.679436 0.422164 0.016367 0.012655
0 0.783523 0.550891 0.011385 0.012835
0 0.400641 0.408824 0.015727 0.012906
0 0.657485 0.730129 0.023590 0.014809
0 0.236172 0.509295 0.014627 0.011544
0 0.840388 0.608735 0.011754 0.008855
0 0.634204 0.418671 0.018800 0.016040
0 0.528415 0.479336 0.017482 0.011852
0 0.214787 0.707870 0.014570 0.009790