0 0.661848 0.297569 0.013903 0.014425
0 0.723852 0.206711 0.014421 0.014127
0 0.723462 0.608111 0.016394 0.015782
0 0.772580 0.387817 0.014809 0.014216
0 0.697501 0.274002 0.013565 0.012655
0 0.717213 0.300163 0.014688 0.014648
0 0.734015 0.116368 0.014305 0.014740
0 0.809569 0.342175 0.014721 0.014608
0 0.324376 0.457434 0.014879 0.015698
0 0.856568 0.274295 0.016555 0.015766
0 0.444623 0.112826 0.013383 0.013287
0 0.295584 0.078242 0.014805 0.015309
0 0.763994 0.307998 0.015603 0.014969
0 0.644674 0.114209 0.013509 0.013116
0 0.469917 0.642102 0.015273 0.014731
0 0.544123 0.585236 0.016233 0.016273
0 0.582442 0.272545 0.014313 0.014782
0 0.869480 0.578100 0.013910 0.014691
0 0.630016 0.319766 0.014175 0.014006
0 0.832566 0.250213 0.013417 0.013788
0 0.358438 0.402787 0.015080 0.014762
0 0.468087 0.539618 0.015570 0.016132
0 0.538344 0.444848 0.014595 0.013668
0 0.569646 0.749732 0.013869 0.014180
0 0.655068 0.526328 0.014840 0.014377
0 0.463166 0.577975 0.017158 0.015210
0 0.724052 0.499360 0.015029 0.015072
0 0.535123 0.723292 0.015369 0.017146
0 0.485511 0.502682 0.016014 0.015918
0 0.679044 0.129866 0.016934 0.015337
0 0.668346 0.160460 0.013922 0.014397
1 0.900450 0.772182 0.088003 0.092866
0 0.472780 0.075447 0.017382 0.016159
0 0.199881 0.210756 0.013035 0.013575
0 0.462524 0.286259 0.012729 0.012954
0 0.901156 0.310210 0.015521 0.016024
0 0.572701 0.206821 0.012982 0.012881
0 0.329163 0.132019 0.013290 0.013816
0 0.217789 0.236933 0.013019 0.013113
0 0.319210 0.367088 0.014407 0.014493
0 0.449687 0.207571 0.014004 0.014269
0 0.216073 0.363249 0.014109 0.013775
0 0.437281 0.147312 0.012451 0.013032
0 0.644070 0.618354 0.014112 0.013984
0 0.362668 0.690812 0.016706 0.016151
0 0.742350 0.163736 0.014021 0.013431
0 0.589183 0.674665 0.013714 0.013590
0 0.931080 0.545129 0.014633 0.014576
0 0.424510 0.669338 0.014552 0.014578
0 0.940868 0.225812 0.016236 0.015552
0 0.657324 0.662727 0.014895 0.014042
0 0.719642 0.093366 0.014419 0.015525
0 0.704536 0.691225 0.017746 0.015355
0 0.947823 0.435507 0.015857 0.015011
0 0.361473 0.076621 0.012603 0.013365
0 0.681590 0.067418 0.012232 0.013635
0 0.381765 0.226040 0.013045 0.013241
0 0.836447 0.776682 0.015501 0.014630
0 0.525179 0.135464 0.012518 0.012991
0 0.685675 0.588578 0.014647 0.014231
0 0.835935 0.691088 0.014468 0.014451
0 0.443068 0.180889 0.012387 0.013141
0 0.860084 0.161849 0.014214 0.014397
0 0.980433 0.385172 0.017971 0.016950
0 0.161545 0.483980 0.014124 0.013354
0 0.370019 0.520798 0.015891 0.015977
0 0.638731 0.379327 0.015880 0.016023
0 0.808815 0.785872 0.014987 0.015000
0 0.636740 0.178815 0.014644 0.014890
1 0.360742 0.621968 0.047374 0.048244
0 0.230355 0.150379 0.012813 0.013594
0 0.552099 0.877203 0.017706 0.019127
0 0.639803 0.688488 0.014163 0.013395
0 0.743516 0.782581 0.014377 0.014562
1 0.176604 0.580438 0.042864 0.040680
0 0.606958 0.621839 0.014587 0.015375
1 0.316780 0.735833 0.043055 0.038142
1 0.437035 0.441573 0.043093 0.052217
0 0.350575 0.279979 0.013211 0.013151
0 0.424069 0.320774 0.012280 0.012312
0 0.657959 0.489272 0.014085 0.013270
1 0.365251 0.737926 0.044892 0.047695
0 0.746894 0.831504 0.017654 0.018305
0 0.311593 0.095852 0.012955 0.013545
0 0.757455 0.048789 0.014287 0.014776
0 0.456961 0.392272 0.014008 0.013566
0 0.849193 0.810377 0.014866 0.015311
0 0.737171 0.399259 0.013902 0.013732
0 0.481462 0.802235 0.014092 0.014230
0 0.433279 0.047471 0.014938 0.013727
0 0.835524 0.367342 0.013857 0.014115
0 0.712522 0.031105 0.014758 0.015992
0 0.481291 0.715207 0.014455 0.014208
0 0.406695 0.698059 0.013310 0.013335
0 0.711765 0.387581 0.015549 0.015546
0 0.489603 0.257374 0.013173 0.013791
0 0.603151 0.140764 0.018613 0.016160
0 0.227795 0.199515 0.012252 0.012441
0 0.712441 0.069409 0.014007 0.014959
0 0.724231 0.814916 0.020509 0.018822
0 0.442115 0.079678 0.013253 0.013489
0 0.619963 0.349867 0.015768 0.013928
0 0.862386 0.115484 0.014955 0.016308
0 0.513921 0.044661 0.012552 0.013585
0 0.876995 0.697875 0.016086 0.015795
0 0.390052 0.026586 0.013097 0.013549
0 0.469573 0.143427 0.018238 0.014959
0 0.652852 0.076326 0.013958 0.014901
0 0.237373 0.508394 0.013577 0.013925
0 0.257341 0.226368 0.016359 0.013880
0 0.719060 0.181312 0.015847 0.015305
0 0.874786 0.142731 0.013894 0.014700
0 0.194912 0.439834 0.013713 0.014438
0 0.895050 0.173458 0.014277 0.014804
1 0.559012 0.407610 0.039842 0.042303
0 0.124635 0.251597 0.013498 0.014623
0 0.294748 0.299302 0.012695 0.012154
0 0.791606 0.769530 0.013726 0.014016
0 0.464067 0.228635 0.014178 0.014398
0 0.536452 0.763643 0.012859 0.013405
0 0.846764 0.476201 0.013474 0.013085
0 0.150416 0.221904 0.014564 0.015310
0 0.821017 0.184373 0.013269 0.013435
0 0.559784 0.708478 0.015343 0.015161
0 0.530020 0.499220 0.018357 0.021090
0 0.842968 0.611211 0.012703 0.013000
0 0.341979 0.163808 0.012695 0.012470
0 0.526506 0.885893 0.014364 0.014153
0 0.398749 0.317608 0.013172 0.012505
0 0.227613 0.555323 0.015376 0.013132
0 0.814228 0.822854 0.018956 0.019182
0 0.302588 0.429035 0.013732 0.014281
0 0.614859 0.416109 0.015333 0.015487
0 0.771793 0.114668 0.012533 0.014085
0 0.796232 0.068890 0.019879 0.016684
0 0.539940 0.239467 0.014157 0.013649
0 0.839945 0.652625 0.014418 0.014181
0 0.635022 0.648772 0.013495 0.013332
0 0.363146 0.038569 0.012849 0.014124
0 0.308680 0.189358 0.014307 0.015127
0 0.298534 0.547534 0.013344 0.013114
0 0.508340 0.304330 0.013058 0.012796
0 0.782715 0.412352 0.012757 0.012693
0 0.519776 0.164396 0.017295 0.015957
0 0.539786 0.197513 0.014432 0.016633
0 0.680193 0.180805 0.012529 0.012786
0 0.180970 0.277551 0.012959 0.014243
0 0.948724 0.404125 0.014466 0.015273
0 0.606020 0.586722 0.015751 0.018413
0 0.627378 0.267538 0.016733 0.017039
0 0.903702 0.245094 0.016252 0.017257
0 0.324958 0.055745 0.012432 0.014116
0 0.394620 0.284757 0.016034 0.014671
0 0.982436 0.482795 0.015810 0.015656
0 0.800581 0.259132 0.012206 0.013608
0 0.231105 0.125474 0.011853 0.013752
1 0.333200 0.777037 0.070706 0.076946
0 0.612772 0.028723 0.015328 0.015872
0 0.526266 0.084984 0.014555 0.013695
0 0.577421 0.030622 0.016441 0.016157
0 0.357606 0.437760 0.013251 0.014007
0 0.680698 0.837700 0.015537 0.015974
0 0.518247 0.572520 0.015715 0.016362
0 0.539389 0.113564 0.011906 0.011687
0 0.190259 0.390175 0.013634 0.013163
0 0.343855 0.236880 0.013628 0.015761
0 0.283734 0.445384 0.012964 0.012589
0 0.775436 0.148545 0.014547 0.015041
0 0.677929 0.095810 0.016542 0.020009
0 0.294036 0.377714 0.013616 0.016493
0 0.256446 0.087954 0.014443 0.015530
0 0.846029 0.210060 0.018381 0.020029
0 0.499797 0.482480 0.013872 0.014293
0 0.555700 0.292663 0.015894 0.013648
0 0.442702 0.360479 0.012966 0.013463
0 0.813760 0.388502 0.012482 0.012475
0 0.283884 0.586568 0.014325 0.014040
0 0.630045 0.924352 0.019026 0.018507
0 0.273572 0.270761 0.011845 0.012185
0 0.249339 0.319283 0.013884 0.017825
0 0.486186 0.755898 0.015423 0.018294
0 0.320627 0.570991 0.013322 0.013235
0 0.268386 0.121905 0.013261 0.016541
0 0.394436 0.573382 0.015013 0.015919
0 0.416189 0.165382 0.013084 0.012026
0 0.435953 0.270811 0.017318 0.016319
0 0.473438 0.006870 0.012067 0.011654
0 0.599094 0.793323 0.013626 0.015851
0 0.487893 0.233754 0.011948 0.012033
0 0.316658 0.340829 0.013362 0.013600
0 0.517483 0.329174 0.013744 0.014407
0 0.361267 0.214455 0.017819 0.016550
0 0.136130 0.531296 0.012115 0.012065
0 0.347825 0.522386 0.014485 0.015950
0 0.441368 0.780916 0.013740 0.014107
0 0.103398 0.322117 0.017052 0.015029
0 0.489723 0.411540 0.012511 0.013153
0 0.180156 0.359347 0.015764 0.015882
0 0.561708 0.006745 0.013254 0.012317
0 0.660495 0.039062 0.013909 0.012877
0 0.918827 0.345699 0.014286 0.014402
0 0.706816 0.420670 0.015972 0.016581
0 0.580453 0.227177 0.013930 0.012880
0 0.149807 0.260524 0.012390 0.012148
0 0.501512 0.700570 0.014057 0.012896
0 0.355023 0.346472 0.014672 0.013751
0 0.220371 0.103476 0.013121 0.015794
0 0.484226 0.694480 0.014821 0.015012
0 0.498475 0.571739 0.017743 0.018938
0 0.653429 0.716730 0.014685 0.013909
0 0.938782 0.327072 0.016058 0.015159
0 0.895047 0.675999 0.013359 0.013996
0 0.423054 0.383233 0.012633 0.013855
0 0.961796 0.550019 0.014276 0.014734
0 0.630831 0.560882 0.016777 0.020424
0 0.674624 0.652002 0.014142 0.013842
0 0.945696 0.519726 0.013798 0.014570
0 0.617569 0.213002 0.013723 0.016554
0 0.369389 0.113332 0.015832 0.016089
0 0.273054 0.632033 0.014120 0.013162
0 0.504108 0.787098 0.017167 0.013893
0 0.546718 0.264932 0.013884 0.015240
0 0.812893 0.628308 0.014502 0.017328
0 0.528278 0.008747 0.013084 0.013847
0 0.517128 0.268379 0.014203 0.014783
0 0.422456 0.347297 0.012865 0.013771
0 0.596823 0.212870 0.014515 0.016304
0 0.523979 0.666364 0.015504 0.016371
0 0.360454 0.324518 0.014347 0.015443
0 0.288944 0.492024 0.012794 0.013030
0 0.983225 0.522828 0.015553 0.020748
0 0.626787 0.762962 0.016675 0.016406
0 0.272959 0.513015 0.015668 0.016873
0 0.172448 0.455003 0.012644 0.012586
0 0.169178 0.251513 0.012983 0.014817
0 0.298662 0.277702 0.013646 0.012874
0 0.706144 0.583207 0.014856 0.015209
0 0.154720 0.446483 0.012550 0.013636
0 0.738189 0.253556 0.016117 0.017901
0 0.802734 0.555723 0.015558 0.014984
0 0.774686 0.286508 0.016628 0.017125
0 0.377994 0.296793 0.015594 0.014268
0 0.854977 0.368887 0.012819 0.011985
0 0.518282 0.239551 0.012340 0.012515
0 0.631620 0.522824 0.016238 0.015334
0 0.810868 0.651095 0.013289 0.014463
0 0.264035 0.593733 0.015353 0.014039
0 0.397441 0.533046 0.014735 0.014937
0 0.889124 0.553490 0.013027 0.013413
0 0.485029 0.124711 0.013372 0.012407
0 0.805709 0.594817 0.013660 0.017857
0 0.589233 0.091036 0.019096 0.016381
0 0.857942 0.445264 0.015810 0.019110
0 0.949486 0.374226 0.013087 0.013602
0 0.778100 0.260470 0.016559 0.017127
0 0.823478 0.136501 0.017441 0.015377
0 0.396292 0.175359 0.012100 0.016529
0 0.184316 0.177771 0.018516 0.013855
0 0.738155 0.653541 0.019844 0.017814
0 0.900439 0.457003 0.018289 0.014208
0 0.564405 0.144497 0.012147 0.013616
0 0.482247 0.305160 0.012023 0.011750
0 0.618931 0.445413 0.017439 0.016117
0 0.533463 0.645247 0.019366 0.019205
0 0.536510 0.916656 0.015252 0.015369
0 0.807110 0.169677 0.014624 0.017943
0 0.727392 0.442280 0.016085 0.015331
0 0.530166 0.343106 0.013708 0.013400
0 0.316670 0.276408 0.014645 0.013525
0 0.561302 0.810148 0.014223 0.016912
0 0.277029 0.156264 0.013078 0.012823
0 0.219929 0.308228 0.014474 0.013348
0 0.477715 0.944688 0.023810 0.025535
0 0.675377 0.808590 0.017269 0.021181
0 0.359277 0.479272 0.017695 0.018441
0 0.514000 0.069211 0.012952 0.014496
0 0.087834 0.414566 0.013552 0.017332
0 0.396529 0.119690 0.015014 0.019425
0 0.249815 0.666171 0.013591 0.014646
0 0.860753 0.843182 0.014752 0.013862
0 0.167447 0.327364 0.012996 0.014887
0 0.910636 0.374916 0.018114 0.014745
0 0.553949 0.473907 0.013582 0.013319
0 0.394345 0.843881 0.014657 0.015990
0 0.738389 0.879829 0.018267 0.021417
0 0.064443 0.419028 0.016081 0.018678
0 0.464729 0.817993 0.013767 0.013367
0 0.900042 0.577819 0.012077 0.012583
0 0.995111 0.548131 0.009778 0.014618
1 0.439743 0.019948 0.051490 0.038975
0 0.755927 0.248464 0.018496 0.018283
0 0.976684 0.603741 0.012577 0.012726
0 0.477209 0.460267 0.015505 0.016414
0 0.748719 0.428695 0.015101 0.014389
0 0.225987 0.647525 0.015415 0.016446
0 0.588579 0.932129 0.016338 0.017159
0 0.161085 0.619384 0.012604 0.013421
0 0.765327 0.638140 0.017023 0.018081
0 0.916114 0.664442 0.014801 0.016343
0 0.625539 0.393688 0.014994 0.013581
0 0.563558 0.166087 0.014011 0.013243
0 0.625110 0.292214 0.014198 0.013474
0 0.223154 0.463976 0.016994 0.018149
0 0.620227 0.480056 0.013063 0.013258
0 0.906943 0.417209 0.015495 0.015696
0 0.895526 0.625983 0.012404 0.013149
0 0.802765 0.123721 0.012365 0.013693
0 0.503429 0.187779 0.012424 0.015844
0 0.199067 0.789281 0.013595 0.014783
0 0.889829 0.213807 0.016002 0.019573
0 0.641530 0.158455 0.016550 0.013671
0 0.988703 0.301983 0.014164 0.017138
0 0.336780 0.265277 0.013836 0.014159
0 0.296244 0.229169 0.014839 0.014309
0 0.233495 0.285764 0.015474 0.015411
0 0.249650 0.414493 0.012113 0.013357
0 0.842083 0.841313 0.017454 0.015413
0 0.738667 0.681494 0.018457 0.015647
0 0.311050 0.163145 0.013414 0.014427
0 0.288061 0.331036 0.013600 0.015152
0 0.204253 0.734335 0.015084 0.016371
0 0.847799 0.396327 0.017039 0.016078
0 0.218629 0.774424 0.012422 0.013014
0 0.282413 0.176736 0.013866 0.013719
0 0.513232 0.416076 0.013016 0.014531
0 0.589413 0.873529 0.017908 0.020473
0 0.514394 0.217363 0.015308 0.012799
0 0.618743 0.162015 0.013499 0.013077
0 0.657252 0.639179 0.014199 0.014052
0 0.297332 0.212640 0.018053 0.015143
0 0.584979 0.007848 0.014977 0.013118
0 0.506668 0.434652 0.015977 0.013330
0 0.116278 0.231600 0.014990 0.016064
0 0.595352 0.752602 0.014411 0.014613
0 0.806185 0.452978 0.013349 0.014087
0 0.370610 0.362080 0.017929 0.014230
0 0.438686 0.814364 0.015305 0.016537
0 0.892299 0.397015 0.019596 0.013261
0 0.701020 0.620286 0.018161 0.013861
0 0.953698 0.607935 0.011247 0.011768
0 0.792294 0.877111 0.014725 0.014945
0 0.247588 0.624801 0.012726 0.012917
0 0.141746 0.698601 0.013455 0.014098
0 0.631301 0.088118 0.013589 0.016191
0 0.483094 0.046784 0.013368 0.015606
0 0.129654 0.273847 0.014057 0.012297
0 0.151189 0.508996 0.016332 0.013962
0 0.763024 0.230371 0.016193 0.017047
0 0.968415 0.667946 0.012377 0.013502
0 0.780440 0.199767 0.020097 0.024456
0 0.855208 0.398504 0.017319 0.015452
0 0.272081 0.553918 0.015528 0.016607
0 0.377774 0.358418 0.019742 0.015806
0 0.312686 0.251323 0.011995 0.012466
0 0.838800 0.422719 0.014842 0.014886
0 0.645526 0.013447 0.013190 0.012560
0 0.908603 0.516078 0.016364 0.012873
0 0.543994 0.654118 0.020472 0.017954
0 0.577200 0.775624 0.013305 0.012804
0 0.284771 0.324047 0.013175 0.015090
0 0.530702 0.837371 0.014730 0.014751
0 0.699750 0.248766 0.010656 0.012897
0 0.131523 0.383133 0.013915 0.013806
0 0.608106 0.553084 0.015311 0.019225
0 0.689444 0.425435 0.017625 0.018220
0 0.544966 0.824326 0.013658 0.013944
0 0.604193 0.830473 0.014697 0.017578
0 0.293597 0.361846 0.012572 0.015919
0 0.354034 0.485732 0.018331 0.020650
0 0.492352 0.859190 0.012353 0.014126
0 0.880212 0.805221 0.012394 0.013390
0 0.306357 0.693953 0.014673 0.015118
0 0.471380 0.193306 0.011586 0.012132
0 0.448284 0.904303 0.021968 0.023755
0 0.627493 0.349401 0.022747 0.013684
0 0.179553 0.146559 0.019269 0.016243
0 0.224768 0.283310 0.015196 0.014361
0 0.304289 0.276294 0.022236 0.012689
0 0.653987 0.008161 0.014752 0.012567
0 0.518224 0.928440 0.022492 0.023259
0 0.612491 0.723029 0.017023 0.014102
1 0.329646 0.748165 0.088479 0.076001
0 0.637266 0.350048 0.014774 0.012476
0 0.267338 0.502102 0.014026 0.016110
0 0.695039 0.622108 0.016839 0.013708
0 0.614961 0.199693 0.013375 0.016341
0 0.879590 0.491729 0.013229 0.015664
0 0.161141 0.530978 0.012678 0.011327
0 0.226072 0.489368 0.014912 0.017486
0 0.511416 0.922832 0.022870 0.020954
0 0.915436 0.707717 0.016216 0.015065