0 0.496170 0.480584 0.017657 0.013157
0 0.616805 0.620801 0.018833 0.014815
0 0.574247 0.740374 0.024121 0.018546
0 0.585701 0.588182 0.018257 0.013878
0 0.480517 0.551236 0.019633 0.015308
0 0.537214 0.545225 0.020183 0.016361
0 0.770353 0.634031 0.020313 0.015273
0 0.461233 0.598706 0.023840 0.017663
0 0.766299 0.547850 0.017737 0.014310
0 0.656672 0.400576 0.018206 0.013191
0 0.648353 0.474539 0.019125 0.013932
0 0.618372 0.442705 0.018676 0.014457
0 0.856018 0.473559 0.019832 0.015562
1 0.706076 0.790138 0.040537 0.033765
0 0.625897 0.493811 0.016144 0.013154
0 0.471949 0.434001 0.019116 0.014218
0 0.478972 0.756269 0.032802 0.024390
0 0.368945 0.502537 0.019270 0.015932
0 0.811075 0.702848 0.021003 0.015987
0 0.813438 0.484905 0.016576 0.012901
0 0.399108 0.659857 0.024460 0.019969
1 0.561957 0.433380 0.037947 0.032911
0 0.530102 0.403972 0.019103 0.013640
0 0.398817 0.583798 0.020991 0.017465
0 0.722656 0.598437 0.017849 0.014245
0 0.585506 0.694550 0.028965 0.022106
0 0.725459 0.833298 0.029681 0.024649
0 0.548487 0.473251 0.013146 0.010896
0 0.506151 0.506632 0.019188 0.014418
0 0.339424 0.562722 0.028422 0.024240
0 0.491049 0.394331 0.014428 0.010939
0 0.685639 0.452397 0.014820 0.011300
0 0.563151 0.490141 0.014814 0.011612
0 0.769147 0.455629 0.017667 0.014710
0 0.643560 0.781233 0.037261 0.030977
0 0.832982 0.673927 0.015499 0.012520
0 0.839812 0.454958 0.016871 0.014182
0 0.531653 0.697990 0.025709 0.024618
0 0.491839 0.421208 0.013990 0.012244
0 0.518778 0.766241 0.029090 0.025172
0 0.838088 0.732401 0.018346 0.013443
0 0.401046 0.489710 0.016057 0.013118
0 0.653688 0.648970 0.017701 0.015212
0 0.611038 0.382942 0.020584 0.015419
0 0.711223 0.437028 0.020413 0.018809
1 0.904325 0.612030 0.025973 0.019480