0 0.660231 0.785145 0.018042 0.014054
0 0.640189 0.331224 0.014522 0.011382
0 0.732764 0.373015 0.015190 0.011639
0 0.716258 0.595641 0.014973 0.011076
0 0.346500 0.378832 0.017410 0.012957
0 0.732658 0.496735 0.014272 0.010704
0 0.561186 0.610160 0.013481 0.010640
0 0.769119 0.561994 0.015126 0.011688
0 0.913392 0.396700 0.016839 0.012603
0 0.590918 0.334592 0.013929 0.011138
0 0.550273 0.668626 0.013737 0.010816
0 0.885141 0.660486 0.013138 0.010000
0 0.593246 0.531002 0.017266 0.013285
0 0.616623 0.311229 0.013194 0.011620
0 0.883768 0.354414 0.014424 0.011642
0 0.522944 0.303114 0.014333 0.012226
0 0.581023 0.307786 0.013932 0.010101
0 0.596866 0.805195 0.019500 0.016363
0 0.823737 0.715548 0.015349 0.012035
0 0.807615 0.582711 0.013225 0.010130
0 0.857197 0.685544 0.014039 0.010928
0 0.807324 0.485681 0.015020 0.011494
0 0.690500 0.299066 0.013419 0.011476
0 0.807387 0.336765 0.014765 0.011756
0 0.795217 0.409285 0.013578 0.010424
0 0.793804 0.537962 0.018993 0.012227
0 0.632621 0.757941 0.015744 0.011498
0 0.734809 0.572956 0.013423 0.010173
0 0.891287 0.628665 0.014135 0.011207
0 0.462510 0.688557 0.016059 0.013203
0 0.878178 0.473767 0.014232 0.010360
0 0.786448 0.635559 0.013041 0.010499
0 0.537068 0.638445 0.015354 0.011377
0 0.447516 0.612800 0.014769 0.011201
0 0.746295 0.750115 0.016262 0.013454
0 0.956951 0.506380 0.015622 0.011650
0 0.719929 0.346995 0.014378 0.010212
0 0.723996 0.551385 0.015688 0.011550
0 0.792535 0.739961 0.018002 0.013670
0 0.779682 0.493384 0.014038 0.010273
0 0.406647 0.494153 0.014709 0.010522
0 0.522910 0.776069 0.016231 0.013164
0 0.705610 0.425665 0.014728 0.012722
0 0.508538 0.656656 0.013930 0.011713
0 0.873760 0.326415 0.014051 0.011103
0 0.593054 0.484501 0.013726 0.011944
0 0.473827 0.313467 0.013090 0.011370
0 0.435400 0.756433 0.015849 0.011855
0 0.610677 0.470105 0.014255 0.010847
0 0.832582 0.506198 0.015109 0.011944
0 0.731399 0.270337 0.013019 0.010717
0 0.957799 0.552677 0.015782 0.012549
0 0.453056 0.523476 0.012935 0.009531
0 0.777455 0.776112 0.017907 0.014917
0 0.664369 0.638094 0.012616 0.009758
0 0.780348 0.720708 0.015826 0.011600
0 0.285875 0.402581 0.019244 0.014888
0 0.795231 0.368787 0.019965 0.014700
0 0.847871 0.600864 0.014454 0.011448
0 0.857428 0.708107 0.014874 0.011337
0 0.609426 0.357809 0.015793 0.013959
0 0.974864 0.486630 0.014545 0.012045
0 0.504894 0.739103 0.014506 0.011209
0 0.527455 0.337283 0.012822 0.010745
0 0.488204 0.294273 0.015822 0.010896
0 0.564356 0.710282 0.012907 0.010191
0 0.893671 0.577301 0.012943 0.009738
0 0.773639 0.307094 0.018482 0.014473
0 0.487554 0.757092 0.013859 0.009572
0 0.584176 0.762760 0.016405 0.013083
0 0.432352 0.456651 0.012704 0.009448
0 0.349644 0.357906 0.016969 0.013974
0 0.344477 0.577656 0.015874 0.013275
0 0.410846 0.386058 0.013254 0.010289
0 0.832764 0.622925 0.014811 0.011860
0 0.697087 0.796709 0.020581 0.014109
0 0.686845 0.603102 0.019307 0.012308
0 0.539229 0.727349 0.017187 0.012277
0 0.624160 0.732859 0.013543 0.009738
0 0.733466 0.290534 0.011406 0.009650
0 0.499363 0.330760 0.013678 0.010833
0 0.798601 0.439304 0.011770 0.008868
0 0.829739 0.319380 0.014974 0.012179
0 0.557110 0.522627 0.018816 0.013329
0 0.670708 0.390703 0.015730 0.012688
0 0.688795 0.463126 0.012680 0.009529
0 0.885913 0.413888 0.014634 0.010936
0 0.383455 0.442782 0.013073 0.009866
0 0.559216 0.423975 0.013935 0.011337
0 0.312901 0.571190 0.013509 0.010134
0 0.536400 0.269749 0.015910 0.011606
0 0.399561 0.455992 0.014562 0.010026
0 0.529884 0.698764 0.013938 0.010489
0 0.648831 0.725419 0.015519 0.012719
0 0.547409 0.797755 0.016557 0.012645
0 0.802933 0.695509 0.015104 0.010688
0 0.746900 0.341950 0.017818 0.012878
0 0.618401 0.494052 0.014265 0.011798
0 0.471820 0.488395 0.014416 0.009493
0 0.948370 0.485229 0.013554 0.010596
0 0.823050 0.416189 0.011842 0.009301
0 0.739028 0.635340 0.016505 0.013886
0 0.586223 0.290464 0.012764 0.010027
0 0.660217 0.661606 0.013445 0.010107
0 0.483767 0.397025 0.015151 0.010975
0 0.867302 0.578458 0.013370 0.009910
0 0.570625 0.441978 0.017869 0.011691
0 0.926668 0.419853 0.013919 0.010840
0 0.525564 0.509154 0.017351 0.011897
0 0.394185 0.421356 0.012997 0.010287
0 0.317916 0.535004 0.014819 0.011484
0 0.769036 0.280411 0.013081 0.010966
0 0.562848 0.282009 0.014728 0.011455
0 0.805184 0.602047 0.012700 0.009300
0 0.538686 0.586157 0.014850 0.009900
0 0.924306 0.656579 0.013906 0.010841
0 0.848245 0.372825 0.014619 0.011470
0 0.946649 0.539489 0.014151 0.010579
0 0.778315 0.454255 0.014362 0.011365
0 0.438168 0.318384 0.019422 0.013703
0 0.816044 0.672929 0.013938 0.010709
0 0.467805 0.434203 0.015549 0.010759
0 0.282306 0.588822 0.013659 0.010925
0 0.689973 0.445700 0.015042 0.010490
0 0.738919 0.787498 0.016172 0.011280
0 0.717257 0.783061 0.018439 0.013313
0 0.803377 0.557986 0.012707 0.008759
0 0.673819 0.263951 0.016223 0.012512
0 0.795154 0.294780 0.016757 0.012657
0 0.670266 0.377501 0.014265 0.012726
0 0.568407 0.632048 0.016335 0.013850
0 0.406262 0.714593 0.016157 0.011917
0 0.717290 0.671240 0.015812 0.009408
0 0.991674 0.522426 0.013792 0.012973
0 0.433121 0.397193 0.014522 0.012413
0 0.473261 0.352772 0.014321 0.011672
0 0.931675 0.464508 0.014347 0.012365
0 0.768810 0.356578 0.015197 0.013792
0 0.767143 0.643102 0.011995 0.009210
0 0.736771 0.403734 0.018818 0.011419
0 0.530006 0.409130 0.014102 0.010608
0 0.906588 0.697198 0.016964 0.011977
0 0.464358 0.277407 0.017852 0.014336
0 0.491553 0.375435 0.016195 0.010243
0 0.639842 0.676981 0.016543 0.010304
0 0.377572 0.460910 0.012370 0.009074
0 0.545597 0.565173 0.013310 0.010209
0 0.592376 0.624407 0.013791 0.011250
0 0.909096 0.479862 0.013872 0.010707
0 0.750991 0.662804 0.012201 0.009422
0 0.489188 0.632831 0.013379 0.009964
0 0.956942 0.456677 0.014128 0.011311
0 0.415695 0.587279 0.014516 0.010354
0 0.558269 0.336134 0.012700 0.011591
0 0.407859 0.321731 0.017452 0.013216
0 0.509566 0.544805 0.019832 0.011232
0 0.397340 0.402414 0.018144 0.011533
0 0.728858 0.329772 0.015830 0.011026
0 0.482151 0.531114 0.011741 0.009396
0 0.747370 0.700798 0.013023 0.010400
0 0.753660 0.461139 0.015636 0.012628
0 0.372343 0.600418 0.015014 0.009585
0 0.635656 0.659920 0.012250 0.009806
0 0.681367 0.652398 0.014375 0.010296
0 0.332227 0.509560 0.014721 0.011860
0 0.513767 0.439348 0.014090 0.013967
0 0.711025 0.447917 0.015707 0.011491
0 0.743113 0.730641 0.013491 0.010788
0 0.545899 0.781133 0.014639 0.011870
0 0.427981 0.340582 0.016526 0.012242
0 0.715749 0.705697 0.014963 0.009309
0 0.706073 0.637830 0.013244 0.012412
0 0.358709 0.534682 0.012626 0.013089
0 0.392336 0.541610 0.013740 0.010152
0 0.450259 0.730066 0.015188 0.013750
0 0.737967 0.431161 0.014694 0.010266
0 0.428923 0.779387 0.015593 0.011607
0 0.772617 0.693012 0.014565 0.013294
0 0.766763 0.331662 0.014986 0.011611
0 0.794721 0.677744 0.012942 0.010555
0 0.861117 0.449789 0.011455 0.012045
0 0.428238 0.690736 0.013463 0.011353
0 0.745943 0.597608 0.017156 0.012132
0 0.554196 0.348305 0.013935 0.011371
0 0.679668 0.724152 0.015620 0.015803
0 0.421659 0.738220 0.016354 0.012911
0 0.889291 0.702147 0.016450 0.011329
0 0.532292 0.394519 0.013942 0.010595
0 0.436817 0.489323 0.016253 0.012036
1 0.857739 0.425185 0.033876 0.025089
0 0.465666 0.603189 0.013182 0.010386
0 0.415549 0.559889 0.017570 0.010278
0 0.549532 0.484362 0.011324 0.010165
0 0.381054 0.492750 0.013814 0.010627
0 0.419468 0.522139 0.014002 0.013355
0 0.408914 0.359883 0.017554 0.010233
0 0.612748 0.771571 0.016239 0.012030
0 0.492054 0.614731 0.012815 0.009978
0 0.898510 0.369655 0.014479 0.011253
0 0.462485 0.346245 0.015834 0.011516
0 0.937928 0.607746 0.015227 0.011708
0 0.490013 0.682274 0.013491 0.010455
0 0.433178 0.706868 0.017812 0.011225
0 0.423734 0.473845 0.012596 0.010016
0 0.535518 0.460869 0.013130 0.009020
0 0.529640 0.544619 0.013824 0.010127
0 0.380299 0.355443 0.019620 0.019071
0 0.256762 0.568902 0.017067 0.013341
0 0.476245 0.739696 0.013161 0.009935
0 0.802751 0.463639 0.011290 0.007930
0 0.498027 0.789697 0.016722 0.011394
0 0.495336 0.418441 0.012148 0.009871
0 0.503712 0.515838 0.014934 0.010033
0 0.839418 0.352191 0.016689 0.015124
0 0.481919 0.585020 0.012275 0.009969
0 0.570945 0.651765 0.020379 0.010918
0 0.500059 0.696233 0.014548 0.009781
0 0.460356 0.454617 0.013795 0.012504
0 0.493602 0.345959 0.013107 0.009108
0 0.240959 0.521668 0.017276 0.013857
0 0.761424 0.786198 0.016563 0.011154
0 0.948373 0.641916 0.013829 0.010927
0 0.481103 0.653780 0.017728 0.014552
0 0.551256 0.699713 0.012997 0.010292
0 0.763277 0.393160 0.015573 0.011739
0 0.700032 0.392671 0.011965 0.012651
0 0.672096 0.687213 0.013319 0.009561
0 0.438550 0.537255 0.012960 0.008773
0 0.551538 0.584215 0.014342 0.008950
0 0.490360 0.788242 0.019003 0.011981
0 0.483765 0.565927 0.012269 0.010689
0 0.510687 0.606688 0.016373 0.010081
0 0.462117 0.369232 0.012504 0.008903
0 0.825717 0.685769 0.013670 0.010321
0 0.758473 0.425610 0.012357 0.011255
0 0.799191 0.507484 0.015267 0.011193
0 0.364682 0.501419 0.012190 0.011292
0 0.321255 0.598027 0.014685 0.009704
1 0.294750 0.704673 0.039839 0.037886
0 0.895091 0.602806 0.015538 0.011337
0 0.551199 0.372923 0.015092 0.012744
0 0.518882 0.473428 0.015384 0.011377
0 0.739968 0.551891 0.013350 0.010503
0 0.493661 0.473320 0.015415 0.010371
0 0.446925 0.585488 0.012984 0.009205
0 0.772300 0.517731 0.014171 0.009532
0 0.727043 0.452246 0.018173 0.013768
0 0.765610 0.606913 0.014388 0.013303
0 0.807498 0.354400 0.013786 0.010860
0 0.595183 0.779098 0.015993 0.011298
0 0.333721 0.542425 0.013388 0.010599
0 0.977831 0.462176 0.014444 0.011043
0 0.479627 0.471462 0.015298 0.009197
0 0.608880 0.351193 0.012706 0.015962
0 0.456826 0.786075 0.017467 0.012285
0 0.414450 0.359000 0.016127 0.010376
0 0.591670 0.470896 0.012798 0.011769
0 0.496332 0.724745 0.013760 0.011128
0 0.854768 0.633532 0.013966 0.011730
0 0.527767 0.563991 0.012163 0.008889
0 0.625834 0.833680 0.020878 0.011398
0 0.781527 0.394448 0.017236 0.012884
0 0.281269 0.562656 0.016482 0.010846
0 0.530763 0.367333 0.018402 0.014908
0 0.929159 0.602125 0.014556 0.012243
0 0.545044 0.439764 0.014003 0.012504
0 0.618763 0.489044 0.014871 0.014572
0 0.282412 0.502619 0.011913 0.011414
0 0.586279 0.830396 0.016988 0.011118
0 0.700833 0.403758 0.011591 0.010747
0 0.504051 0.374247 0.017799 0.009661
0 0.733377 0.619240 0.014549 0.010643
0 0.813343 0.651001 0.011650 0.008575
0 0.607961 0.773667 0.020623 0.012360
0 0.294621 0.545333 0.014182 0.009818
0 0.860761 0.454096 0.012361 0.010601
0 0.784853 0.519209 0.020946 0.010586
0 0.911316 0.434718 0.016913 0.009758
0 0.682807 0.267901 0.015866 0.014551
0 0.359738 0.548205 0.011633 0.009338
0 0.913180 0.365852 0.016707 0.012218
0 0.858046 0.626552 0.014660 0.014220
0 0.895553 0.700696 0.025296 0.012321
0 0.755608 0.476838 0.021140 0.010126
0 0.883873 0.602936 0.017016 0.014266
0 0.389910 0.590033 0.013759 0.010163
0 0.509057 0.513715 0.021771 0.011489
0 0.695708 0.685671 0.014979 0.011167
0 0.746549 0.445746 0.013637 0.010485
0 0.921420 0.678283 0.016691 0.011731
0 0.564337 0.788858 0.016059 0.011750
0 0.743677 0.475244 0.023232 0.011629
0 0.308396 0.495628 0.015394 0.011846
0 0.649512 0.831227 0.019315 0.012323
0 0.761951 0.612019 0.015843 0.012472
0 0.397298 0.740398 0.019779 0.014201