0 0.385417 0.578231 0.012467 0.018513
0 0.568399 0.421196 0.010954 0.015904
0 0.493433 0.327430 0.010797 0.015787
0 0.235768 0.699166 0.011140 0.014664
0 0.607207 0.482242 0.012152 0.016987
0 0.425042 0.495200 0.009498 0.013048
0 0.348626 0.439867 0.011529 0.015540
0 0.561033 0.584683 0.010438 0.014458
0 0.390969 0.409255 0.012323 0.016693
0 0.448048 0.308170 0.009205 0.014121
0 0.357890 0.329314 0.010545 0.016049
0 0.437012 0.541114 0.012118 0.017663
0 0.444377 0.616157 0.011096 0.014274
0 0.463802 0.540884 0.010507 0.014400
0 0.557962 0.456071 0.010516 0.014162
0 0.471779 0.578551 0.013020 0.020041
0 0.306727 0.407279 0.011540 0.015154
0 0.551606 0.844883 0.009346 0.013362
0 0.642595 0.518127 0.011031 0.015072
0 0.419791 0.558007 0.011245 0.017705
0 0.342079 0.727904 0.012845 0.017147
0 0.293041 0.686707 0.011996 0.018599
0 0.599698 0.456549 0.011969 0.017620
0 0.570142 0.978719 0.012985 0.017398
0 0.220882 0.405805 0.010385 0.014562
0 0.429694 0.244171 0.012113 0.015677
0 0.538402 0.615493 0.010527 0.014819
0 0.582719 0.531097 0.010670 0.015384
0 0.449707 0.952010 0.009851 0.013880
0 0.313113 0.911414 0.009191 0.012741
0 0.467187 0.647252 0.013026 0.015919
0 0.432770 0.934731 0.013304 0.015758
0 0.365090 0.431892 0.011113 0.015303
0 0.449514 0.492932 0.010509 0.013336
0 0.583502 0.473620 0.010607 0.014067
0 0.352330 0.690065 0.011310 0.015491
0 0.452420 0.394555 0.010985 0.014993
0 0.486942 0.427031 0.013119 0.018842
0 0.341532 0.410643 0.010954 0.015486
0 0.687620 0.658337 0.008460 0.011879
0 0.408422 0.372573 0.014527 0.020945
0 0.611630 0.912433 0.010252 0.013552
0 0.612528 0.743235 0.009995 0.014440
0 0.589354 0.647420 0.009659 0.014528
0 0.448538 0.267399 0.009618 0.013325
0 0.673891 0.435625 0.013131 0.018222
0 0.321026 0.429494 0.009885 0.013572
0 0.642547 0.838950 0.010544 0.015608
0 0.377591 0.334303 0.009967 0.014442
0 0.302192 0.846916 0.010346 0.014702
0 0.561832 0.322073 0.012730 0.019540
0 0.588818 0.957724 0.011387 0.017091
0 0.433886 0.658192 0.010871 0.014053
0 0.546042 0.762190 0.011225 0.014426
0 0.322916 0.297928 0.012934 0.019328
0 0.208876 0.442169 0.010117 0.014161
0 0.526405 0.691121 0.010714 0.013243
0 0.177604 0.431444 0.013856 0.018164
0 0.441465 0.413304 0.011651 0.016477
0 0.409956 0.919238 0.011331 0.015873
0 0.628175 0.440501 0.012441 0.014472
0 0.561520 0.524834 0.011768 0.015929
0 0.514679 0.660885 0.011106 0.016057
0 0.492070 0.977514 0.011134 0.014903
0 0.524230 0.396366 0.010825 0.015787
0 0.474924 0.285046 0.010430 0.016270
0 0.564248 0.908827 0.009980 0.012830
0 0.526863 0.306553 0.010460 0.015306
0 0.613814 0.687528 0.008776 0.012588
0 0.410703 0.735422 0.012204 0.016681
0 0.374935 0.479993 0.009820 0.014841
0 0.481381 0.681484 0.009818 0.012435
0 0.615917 0.949628 0.012330 0.014833
0 0.634919 0.564806 0.009722 0.013223
0 0.233989 0.876544 0.014453 0.018091
0 0.260535 0.856762 0.009669 0.012595
0 0.619653 0.869054 0.009666 0.013641
0 0.268946 0.314032 0.014062 0.020389
0 0.397168 0.536071 0.012989 0.016444
0 0.443478 0.345650 0.011004 0.014974
0 0.595755 0.842040 0.007933 0.012197
0 0.531418 0.713880 0.008537 0.011958
0 0.538431 0.437035 0.010625 0.014248
0 0.408060 0.624051 0.012012 0.017301
0 0.625816 0.413256 0.010053 0.013651
0 0.475183 0.477469 0.013673 0.020123
0 0.412122 0.432056 0.012279 0.018097
0 0.220130 0.667129 0.009486 0.013127
0 0.513478 0.444825 0.011071 0.013159
0 0.575788 0.881543 0.008368 0.012982
1 0.606720 0.385200 0.037777 0.044670
0 0.511508 0.746672 0.011172 0.014658
0 0.576223 0.445589 0.010055 0.013971
0 0.677702 0.720539 0.009557 0.013925
0 0.596883 0.667184 0.010251 0.013250
0 0.686060 0.689225 0.007654 0.011303
0 0.290902 0.321932 0.010681 0.016161
0 0.473138 0.952599 0.010197 0.015193
0 0.486726 0.379855 0.011713 0.016571
0 0.324424 0.325810 0.009811 0.014756
0 0.491452 0.768621 0.009880 0.012927
0 0.604437 0.870418 0.010355 0.015188
0 0.620361 0.715684 0.009191 0.012325
0 0.660124 0.632819 0.009757 0.013699
0 0.509139 0.500312 0.012140 0.018811
0 0.312864 0.471574 0.010832 0.015324
0 0.357975 0.280006 0.010849 0.017384
0 0.537552 0.482823 0.014518 0.015824
0 0.371098 0.391789 0.010666 0.014515
0 0.677493 0.504527 0.013614 0.018754
0 0.162699 0.706507 0.010513 0.015214
0 0.663437 0.851196 0.010275 0.014749
0 0.195217 0.494111 0.010335 0.013714
0 0.539440 0.646912 0.010579 0.014625
0 0.153354 0.479057 0.011980 0.016746
0 0.526339 0.577417 0.009865 0.018232
0 0.215442 0.732119 0.014112 0.016958
0 0.524472 0.336940 0.010664 0.015201
0 0.590534 0.714390 0.011096 0.016638
0 0.546521 0.356903 0.011012 0.015986
0 0.485261 0.537675 0.010460 0.015820
0 0.230938 0.801529 0.008877 0.011747
0 0.552177 0.786832 0.009639 0.012568
0 0.252752 0.822934 0.011397 0.013974
0 0.460563 0.610567 0.010104 0.012987
0 0.321215 0.945875 0.009704 0.013563
0 0.503471 0.907199 0.010464 0.018478
0 0.476218 0.916889 0.011228 0.015903
0 0.554507 0.648738 0.010413 0.019489
0 0.453931 0.447324 0.010947 0.016319
0 0.497731 0.480369 0.010715 0.018070
0 0.193460 0.739079 0.010679 0.014518
0 0.520601 0.376273 0.009923 0.014325
0 0.408657 0.813546 0.012539 0.015335
0 0.690721 0.746109 0.009198 0.012801
0 0.586742 0.800071 0.008640 0.011946
0 0.647153 0.443467 0.011115 0.013926
0 0.510157 0.615394 0.010943 0.014858
0 0.577648 0.836211 0.010065 0.012769
0 0.708781 0.715961 0.009758 0.013976
0 0.412023 0.851769 0.011693 0.017336
0 0.391116 0.647739 0.011337 0.014492
0 0.664476 0.596079 0.009189 0.012696
0 0.230284 0.829984 0.009448 0.012342
0 0.555130 0.815478 0.010301 0.011478
0 0.566997 0.737085 0.009981 0.012948
0 0.546717 0.527471 0.012192 0.018870
0 0.670789 0.530616 0.012201 0.018376
0 0.680343 0.639554 0.009472 0.011975
0 0.190024 0.412736 0.011174 0.017033
0 0.636985 0.634709 0.010485 0.014822
0 0.527212 0.513966 0.012002 0.016502
0 0.279041 0.513945 0.010710 0.015971
0 0.251423 0.674324 0.011126 0.015568
0 0.561857 0.704565 0.009550 0.013803
0 0.576814 0.933549 0.009810 0.012910
0 0.651834 0.398605 0.017576 0.025322
1 0.187169 0.657088 0.035880 0.058567
0 0.598647 0.761393 0.008559 0.011336
0 0.280534 0.884788 0.013107 0.022934
0 0.538179 0.961794 0.013475 0.015817
0 0.426271 0.638252 0.010188 0.014396
0 0.505990 0.282472 0.010635 0.021923
0 0.379578 0.804919 0.012267 0.018186
0 0.601554 0.983668 0.011546 0.016091
0 0.598482 0.418048 0.009510 0.014164
0 0.422157 0.710717 0.009221 0.012750
0 0.428820 0.585493 0.010181 0.015089
0 0.438132 0.448754 0.010408 0.012569
0 0.449059 0.838763 0.013573 0.019356
0 0.250837 0.465424 0.010358 0.014528
0 0.671689 0.677309 0.008750 0.013392
0 0.443787 0.571540 0.009840 0.012861
0 0.605193 0.518257 0.010710 0.016903
0 0.648048 0.597491 0.011348 0.013073
0 0.505900 0.298818 0.009608 0.018119
0 0.544615 0.351910 0.012881 0.020272
0 0.626747 0.793551 0.017390 0.019784
0 0.532387 0.798447 0.009873 0.018158
0 0.319520 0.701923 0.015970 0.026372
0 0.292907 0.769051 0.013406 0.022451
0 0.662650 0.696146 0.008734 0.012420
0 0.572697 0.810934 0.009579 0.011992
0 0.487900 0.858468 0.009144 0.016140
0 0.526234 0.849981 0.011150 0.014883
0 0.299692 0.951954 0.011740 0.016588
0 0.156219 0.740033 0.011640 0.016949
0 0.653643 0.547986 0.012142 0.014710
0 0.416481 0.408847 0.013938 0.017086
0 0.698984 0.520411 0.011590 0.016150
0 0.652465 0.656019 0.010090 0.012610
0 0.309715 0.464045 0.011727 0.022127
0 0.657124 0.669898 0.009674 0.012670
0 0.673295 0.764023 0.007979 0.011352
0 0.537003 0.346811 0.011937 0.017230
0 0.356692 0.392056 0.014889 0.015677
0 0.572734 0.862234 0.007345 0.012942
0 0.509407 0.799316 0.008637 0.012170
0 0.544327 0.900531 0.010500 0.017772
0 0.157520 0.463857 0.015069 0.020420
0 0.325215 0.759114 0.013134 0.017010
0 0.654713 0.481086 0.013163 0.018029
0 0.717685 0.649563 0.007686 0.011733
0 0.215990 0.757084 0.012596 0.013656
0 0.506795 0.289730 0.011686 0.019735
0 0.391263 0.342475 0.009023 0.012942
0 0.330187 0.826202 0.011754 0.018262
0 0.651423 0.474687 0.014902 0.019710
0 0.438738 0.793075 0.008634 0.013033
0 0.440654 0.375374 0.009798 0.026059
0 0.685209 0.591978 0.009482 0.014462
1 0.482180 0.724050 0.034640 0.047313
1 0.479223 0.796147 0.037175 0.042807
1 0.254907 0.957249 0.036330 0.045060
1 0.332214 0.860933 0.000000 0.001127