0 0.542991 0.974540 0.018711 0.018859
0 0.591951 0.424179 0.017764 0.017659
0 0.567047 0.308294 0.015699 0.015170
0 0.601370 0.822804 0.018220 0.017972
0 0.672566 0.296042 0.015124 0.015337
0 0.671349 0.951454 0.019186 0.018622
0 0.797821 0.542768 0.016177 0.015932
0 0.420862 0.253408 0.016057 0.015827
0 0.394873 0.407117 0.017356 0.017900
0 0.589003 0.679973 0.016310 0.015987
0 0.850224 0.596232 0.017979 0.018921
0 0.820187 0.592147 0.017687 0.018253
0 0.280298 0.309497 0.015520 0.016134
0 0.724525 0.253401 0.015835 0.016234
0 0.701290 0.233432 0.013729 0.013822
0 0.244233 0.278781 0.015249 0.014816
0 0.624142 0.440369 0.015283 0.016069
0 0.231056 0.643175 0.015188 0.016107
0 0.510804 0.226005 0.015320 0.015738
0 0.707931 0.336548 0.015174 0.015347
0 0.248957 0.452896 0.014884 0.015803
0 0.468129 0.932609 0.019057 0.018835
0 0.592820 0.189770 0.016556 0.017366
0 0.755140 0.276691 0.018784 0.021525
0 0.471642 0.250182 0.013787 0.014139
0 0.570878 0.346706 0.016917 0.017424
0 0.302748 0.259697 0.016758 0.015805
0 0.506292 0.264391 0.014596 0.014548
0 0.727616 0.221795 0.013246 0.013290
0 0.631127 0.181167 0.015649 0.018514
0 0.650711 0.419186 0.014434 0.014200
0 0.431708 0.327422 0.014801 0.015256
0 0.769115 0.238241 0.014375 0.014740
1 0.170501 0.721659 0.042509 0.045675
0 0.547909 0.736157 0.015914 0.016511
0 0.787811 0.263176 0.014578 0.015508
0 0.899876 0.459979 0.017417 0.018580
0 0.538162 0.281734 0.014155 0.014549
0 0.280527 0.262563 0.015207 0.014846
0 0.651923 0.982166 0.019896 0.024387
0 0.594330 0.332794 0.014789 0.015651
0 0.041215 0.637859 0.014486 0.014980
0 0.508700 0.098371 0.012847 0.013495
0 0.883072 0.536185 0.020679 0.018057
0 0.929763 0.507118 0.015807 0.015584
1 0.255958 0.406754 0.051937 0.047316
0 0.617539 0.990950 0.016384 0.016175
0 0.250301 0.355398 0.018273 0.019317
1 0.550999 0.630148 0.069533 0.070461
1 0.219768 0.433053 0.047249 0.043715
0 0.494387 0.348198 0.015491 0.015790
0 0.795093 0.586882 0.016221 0.016959
0 0.575956 0.140368 0.013902 0.014313
0 0.712305 0.152179 0.013616 0.014421
0 0.864946 0.309627 0.014205 0.014971
0 0.522772 0.693505 0.015523 0.015997
0 0.317523 0.183077 0.017653 0.020655
0 0.283172 0.340505 0.015199 0.015641
0 0.141666 0.741812 0.014211 0.013691
0 0.655544 0.583183 0.014535 0.018111
0 0.703279 0.206064 0.012399 0.012349
0 0.384175 0.652396 0.014823 0.014086
0 0.280456 0.745077 0.013025 0.015132
0 0.661814 0.222903 0.015446 0.014328
0 0.696740 0.361713 0.018071 0.018124
0 0.550534 0.684979 0.017141 0.017083
0 0.576505 0.489624 0.016503 0.018690
0 0.942981 0.553859 0.015860 0.016191
1 0.288152 0.113203 0.041129 0.048321
0 0.351644 0.159568 0.015474 0.015849
0 0.496776 0.655670 0.015961 0.015417
0 0.549440 0.200855 0.014280 0.015764
0 0.648947 0.134474 0.013981 0.015209
0 0.178674 0.636695 0.016787 0.016487
0 0.385046 0.314752 0.014576 0.015150
0 0.699695 0.876836 0.018735 0.019321
0 0.378439 0.793542 0.013780 0.013903
0 0.586612 0.974766 0.019183 0.022671
0 0.495592 0.688081 0.016670 0.016643
0 0.449061 0.624835 0.015438 0.017294
0 0.605959 0.098707 0.015337 0.016747
0 0.083363 0.683051 0.014045 0.014546
0 0.266133 0.505201 0.017546 0.015763
0 0.691493 0.181799 0.016471 0.018553
0 0.475241 0.222885 0.015480 0.015487
0 0.497394 0.457592 0.017252 0.018099
0 0.539000 0.480555 0.019954 0.021965
0 0.841543 0.259083 0.018268 0.018381
0 0.645861 0.469134 0.015101 0.016270
1 0.750476 0.759159 0.042813 0.044733
0 0.608944 0.707748 0.014405 0.015497
0 0.513472 0.992548 0.014856 0.013614
0 0.361661 0.253461 0.018238 0.016551
0 0.637529 0.108526 0.014749 0.015703
0 0.598618 0.215090 0.015314 0.015532
0 0.181469 0.659473 0.014702 0.016154
0 0.194181 0.155895 0.015530 0.017286
0 0.681035 0.566065 0.014145 0.014756
0 0.768347 0.544486 0.017570 0.020622
0 0.666611 0.491718 0.017264 0.016891
0 0.080946 0.626615 0.015900 0.015957
0 0.519749 0.751464 0.017761 0.018891
0 0.268662 0.943733 0.012886 0.013836
0 0.567442 0.442891 0.013656 0.013991
0 0.386903 0.579277 0.014562 0.016132
0 0.406730 0.775481 0.014159 0.015254
0 0.476032 0.198140 0.014654 0.014116
0 0.677913 0.151473 0.017436 0.019236
0 0.494943 0.425081 0.016212 0.016939
0 0.412807 0.826216 0.014074 0.015328
0 0.416629 0.731513 0.018126 0.016770
0 0.898528 0.366045 0.015508 0.015085
0 0.793950 0.205476 0.017920 0.016078
0 0.459970 0.761373 0.015469 0.015703
0 0.662225 0.396503 0.014902 0.014953
0 0.650768 0.739621 0.013780 0.014792
1 0.391283 0.951292 0.050090 0.057890
0 0.537567 0.151561 0.016581 0.016313
0 0.741774 0.352842 0.019753 0.019838
0 0.577072 0.288916 0.014605 0.014334
0 0.273843 0.812313 0.013751 0.014353
0 0.337064 0.136480 0.013661 0.016212
0 0.010298 0.608154 0.015986 0.016676
0 0.868897 0.702917 0.021493 0.024550
0 0.270185 0.616774 0.015557 0.016397
0 0.294714 0.619090 0.015554 0.016521
0 0.455218 0.184395 0.017399 0.016358
0 0.226228 0.307855 0.025576 0.027384
0 0.786297 0.331373 0.016100 0.016319
0 0.819441 0.313639 0.014259 0.014221
0 0.456798 0.901799 0.015107 0.016245
0 0.623548 0.469991 0.013866 0.015506
0 0.186252 0.195608 0.013897 0.015197
0 0.440004 0.853077 0.016364 0.016327
0 0.673177 0.382499 0.015217 0.015876
0 0.448789 0.353499 0.015101 0.016110
0 0.657595 0.673666 0.014978 0.014691
0 0.284017 0.980144 0.015504 0.016063
0 0.292837 0.956577 0.014349 0.014918
0 0.118601 0.791740 0.011588 0.012258
0 0.658989 0.449441 0.013894 0.014902
0 0.391802 0.373694 0.018131 0.016601
0 0.412790 0.132443 0.013737 0.016915
0 0.009215 0.633985 0.014818 0.016265
0 0.449497 0.669786 0.013436 0.014186
0 0.657712 0.513727 0.014367 0.013954
0 0.582612 0.726878 0.016810 0.017176
0 0.688936 0.778475 0.015033 0.015778
0 0.434371 0.649249 0.014394 0.015248
0 0.612687 0.265863 0.017091 0.017793
0 0.351277 0.635499 0.016996 0.014700
0 0.569941 0.208471 0.014361 0.015568
0 0.466322 0.491638 0.017513 0.018466
0 0.316469 0.330062 0.016115 0.015003
0 0.452905 0.595862 0.016142 0.015886
0 0.335555 0.253669 0.013282 0.013665
0 0.343509 0.293255 0.015567 0.015551
0 0.604914 0.350733 0.016052 0.019072
0 0.404776 0.561332 0.015279 0.015178
0 0.629958 0.272881 0.016102 0.016770
0 0.557401 0.087037 0.013665 0.015117
0 0.487274 0.103784 0.011337 0.012507
0 0.605053 0.396823 0.018631 0.014969
0 0.637652 0.365627 0.015092 0.018493
0 0.562624 0.665036 0.019618 0.020762
0 0.402701 0.850240 0.014986 0.015074
0 0.361908 0.348626 0.014914 0.015319
0 0.314161 0.356293 0.015495 0.016894
0 0.463561 0.539122 0.016120 0.016964
0 0.628065 0.771592 0.015230 0.016329
0 0.672800 0.356669 0.015431 0.016377
0 0.417664 0.221620 0.017158 0.014946
0 0.431228 0.377561 0.015182 0.014843
0 0.564804 0.844747 0.017539 0.018236
0 0.675711 0.669346 0.014829 0.015359
0 0.409247 0.376975 0.016349 0.015799
0 0.374183 0.849482 0.014577 0.016112
0 0.230446 0.534665 0.016031 0.016423
0 0.440258 0.132264 0.015985 0.020567
0 0.684735 0.729226 0.015986 0.017075
0 0.336259 0.975356 0.016832 0.016251
0 0.088144 0.436972 0.016093 0.017221
0 0.728619 0.675268 0.017073 0.016932
0 0.451411 0.374904 0.015669 0.016860
0 0.320011 0.608931 0.014127 0.015164
0 0.264982 0.580937 0.019893 0.016704
0 0.457544 0.067494 0.013771 0.012664
0 0.343172 0.742216 0.015312 0.015002
0 0.607472 0.243342 0.018030 0.022459
0 0.453447 0.289992 0.013987 0.014586
0 0.306771 0.507083 0.014865 0.015527
0 0.773831 0.955043 0.017097 0.014905
0 0.353879 0.212097 0.014335 0.016358
0 0.248968 0.623960 0.014785 0.014813
0 0.207636 0.471243 0.020210 0.016620
0 0.257733 0.584442 0.015860 0.015283
0 0.193407 0.878109 0.012043 0.014518
0 0.607973 0.642091 0.012979 0.013588
0 0.481510 0.392733 0.015594 0.017104
0 0.323914 0.844914 0.012639 0.013619
0 0.602145 0.539684 0.014266 0.015955
0 0.514951 0.384029 0.017106 0.017328
0 0.667879 0.618372 0.014109 0.013744
0 0.598522 0.743739 0.016017 0.017148
0 0.073787 0.773956 0.011242 0.012411
0 0.680993 0.340926 0.017416 0.018406
0 0.704213 0.746458 0.014280 0.015090
0 0.732976 0.334307 0.014906 0.017563
1 0.241020 0.420781 0.075836 0.066248
0 0.744159 0.795679 0.017120 0.016875
0 0.503302 0.719338 0.017126 0.016538
0 0.637326 0.644706 0.013695 0.015463
0 0.464232 0.995707 0.017420 0.008586
0 0.367944 0.762066 0.014232 0.015242
0 0.114383 0.227596 0.014005 0.015785
0 0.706769 0.732083 0.014075 0.018376
0 0.309299 0.989126 0.015816 0.017377
0 0.320034 0.692946 0.013074 0.013330
0 0.194102 0.544638 0.016860 0.017620
0 0.689144 0.805833 0.017484 0.018417
0 0.610609 0.235998 0.016868 0.019242
0 0.389479 0.090323 0.016730 0.017857
0 0.746471 0.172751 0.016059 0.017979
0 0.211160 0.285406 0.014773 0.016437
0 0.490001 0.068647 0.014304 0.012586
0 0.701988 0.796031 0.015602 0.016519
0 0.335844 0.720905 0.015488 0.016424
0 0.547209 0.325788 0.014785 0.013854
0 0.163364 0.180454 0.015019 0.016190
0 0.487939 0.157958 0.014382 0.017108