0 0.675994 0.381862 0.014671 0.015055
0 0.731854 0.468789 0.014588 0.015162
0 0.685665 0.580039 0.015797 0.016241
0 0.813919 0.358195 0.016011 0.015871
0 0.768071 0.424262 0.014935 0.015377
0 0.622715 0.377876 0.014251 0.014359
0 0.693579 0.201493 0.012715 0.014010
0 0.605731 0.198723 0.013163 0.013544
0 0.790731 0.334596 0.013122 0.013434
0 0.682989 0.290455 0.014482 0.014493
0 0.830402 0.660007 0.014601 0.014683
0 0.446509 0.581359 0.016918 0.017350
0 0.896493 0.311175 0.016292 0.016355
0 0.544079 0.353564 0.014379 0.014985
0 0.318408 0.480568 0.015382 0.016478
0 0.591653 0.400478 0.014192 0.013551
0 0.700906 0.248990 0.013797 0.014264
0 0.435265 0.157946 0.016891 0.016045
0 0.160499 0.287686 0.014166 0.013378
0 0.685361 0.690468 0.015927 0.015492
0 0.501641 0.196808 0.012530 0.012808
0 0.723296 0.390007 0.014798 0.014669
0 0.657248 0.355291 0.013941 0.013519
0 0.400005 0.228317 0.013193 0.014001
0 0.533708 0.289337 0.013258 0.013330
0 0.531251 0.836708 0.014891 0.015395
0 0.639638 0.214328 0.015613 0.014870
0 0.628746 0.244350 0.013578 0.014246
0 0.282149 0.535761 0.015087 0.015501
0 0.617517 0.607163 0.015268 0.015135
0 0.551387 0.758921 0.015064 0.015722
0 0.606277 0.701535 0.013769 0.014320
0 0.405207 0.161648 0.013384 0.013377
1 0.317474 0.704511 0.054410 0.051353
0 0.858818 0.392522 0.014556 0.015054
0 0.793755 0.448967 0.013989 0.014553
0 0.260885 0.507232 0.014819 0.015276
0 0.517152 0.373297 0.014446 0.014190
0 0.278882 0.444570 0.014766 0.014516
1 0.128807 0.662478 0.042312 0.041610
0 0.173800 0.440614 0.014615 0.015313
0 0.259146 0.157010 0.013290 0.014865
0 0.499998 0.524040 0.015090 0.014753
0 0.407910 0.193940 0.012917 0.013427
0 0.859643 0.330107 0.016239 0.016229
0 0.806389 0.556962 0.013776 0.013837
0 0.620125 0.569011 0.015009 0.014914
0 0.666290 0.775966 0.017176 0.015366
0 0.418350 0.470550 0.014312 0.014422
0 0.600242 0.458721 0.015504 0.015052
0 0.512144 0.967474 0.016056 0.018628
1 0.861106 0.857552 0.082438 0.085778
0 0.680112 0.178820 0.013111 0.014472
1 0.396680 0.520448 0.046765 0.052732
0 0.428072 0.620029 0.016206 0.017761
0 0.799246 0.860350 0.014241 0.014617
0 0.480168 0.319755 0.013556 0.014282
0 0.801400 0.735006 0.014281 0.014147
0 0.642966 0.924886 0.014842 0.015172
0 0.192095 0.227151 0.013109 0.013913
0 0.354555 0.108526 0.012573 0.013941
0 0.324485 0.157112 0.012569 0.013957
0 0.328842 0.600620 0.015766 0.015706
0 0.588228 0.347175 0.015638 0.016412
0 0.922225 0.631334 0.014467 0.014423
0 0.505905 0.666955 0.016561 0.017199
0 0.698253 0.480984 0.014457 0.014205
0 0.648467 0.670486 0.014175 0.014592
0 0.597272 0.261734 0.013859 0.013166
0 0.444551 0.384067 0.013154 0.013677
0 0.942212 0.565040 0.014019 0.013874
0 0.817076 0.247624 0.013832 0.014652
0 0.382035 0.754160 0.015201 0.016025
0 0.778730 0.268926 0.013005 0.012502
0 0.305649 0.601905 0.018060 0.018886
0 0.356772 0.613418 0.016037 0.016516
0 0.291080 0.211226 0.013250 0.013859
0 0.906084 0.516855 0.013251 0.013231
0 0.773330 0.469644 0.012954 0.012525
0 0.819230 0.203244 0.013837 0.015836
0 0.451969 0.337449 0.014443 0.014875
1 0.288026 0.864336 0.072935 0.086318
0 0.429926 0.726143 0.015846 0.015909
0 0.470908 0.383700 0.013436 0.013480
0 0.753754 0.853855 0.014678 0.015616
0 0.687721 0.901371 0.020544 0.018030
0 0.317499 0.516128 0.014871 0.015144
0 0.797190 0.774465 0.013911 0.014336
0 0.771650 0.869931 0.013893 0.013990
0 0.851133 0.259201 0.014653 0.015409
0 0.427186 0.308131 0.014960 0.014781
0 0.709772 0.917069 0.016343 0.016775
0 0.182200 0.636233 0.015773 0.014102
0 0.579369 0.296504 0.013448 0.015010
0 0.495313 0.809595 0.015723 0.017728
0 0.850065 0.634883 0.012830 0.013599
0 0.487723 0.217990 0.011901 0.012486
0 0.441839 0.801737 0.014857 0.014715
0 0.258635 0.355083 0.014342 0.013758
0 0.477030 0.129246 0.011526 0.012985
0 0.905683 0.485697 0.013638 0.015008
0 0.457764 0.078088 0.014342 0.014085
0 0.319147 0.777033 0.017560 0.017034
0 0.831080 0.229180 0.013522 0.014690
0 0.441074 0.891508 0.014319 0.014594
0 0.503999 0.319264 0.013264 0.013434
0 0.303899 0.242848 0.013795 0.012383
0 0.619534 0.746878 0.014461 0.015063
1 0.321540 0.826380 0.047362 0.046583
0 0.601807 0.773161 0.014729 0.014830
0 0.896658 0.409127 0.014793 0.014237
0 0.687892 0.522577 0.016582 0.015734
0 0.672504 0.118588 0.014927 0.015723
0 0.613953 0.161687 0.014010 0.015463
0 0.761252 0.209216 0.012424 0.013200
0 0.706015 0.867834 0.014447 0.014697
0 0.239785 0.667835 0.014286 0.013441
0 0.730552 0.200460 0.011801 0.013776
0 0.326293 0.119221 0.012337 0.013629
0 0.579849 0.524284 0.016044 0.016241
0 0.248394 0.410540 0.014614 0.015848
0 0.804068 0.293962 0.017507 0.018511
0 0.891147 0.627123 0.013633 0.012921
0 0.423560 0.661976 0.018024 0.017972
0 0.580144 0.245455 0.012840 0.013380
0 0.112117 0.702111 0.012584 0.013619
0 0.321137 0.401878 0.015634 0.016002
0 0.278411 0.353982 0.015501 0.014924
0 0.364440 0.783637 0.014046 0.013863
1 0.520952 0.487443 0.041283 0.039793
0 0.492290 0.579676 0.020206 0.024270
0 0.937570 0.468191 0.017679 0.016943
0 0.115238 0.562643 0.014492 0.013573
0 0.875343 0.427628 0.013354 0.013337
0 0.433145 0.225408 0.018455 0.015755
0 0.460479 0.652929 0.018315 0.020130
0 0.462137 0.785954 0.015379 0.014768
0 0.676261 0.266652 0.014883 0.014996
0 0.696994 0.335532 0.015271 0.018096
0 0.447582 0.205961 0.012490 0.012449
0 0.466556 0.876194 0.017802 0.015215
0 0.856559 0.757846 0.014060 0.015368
0 0.671614 0.155376 0.014528 0.014789
0 0.818215 0.527833 0.014923 0.015781
0 0.305945 0.315573 0.013926 0.014850
0 0.424531 0.907748 0.013793 0.013713
0 0.519181 0.795185 0.015440 0.016542
0 0.566842 0.223917 0.017409 0.015022
0 0.846221 0.299196 0.018132 0.020558
0 0.383275 0.425779 0.013661 0.014775
0 0.754014 0.156383 0.017963 0.015236
0 0.482455 0.245585 0.016144 0.016114
0 0.451218 0.490111 0.013465 0.014615
0 0.755280 0.961942 0.015722 0.015604
1 0.405416 0.100325 0.050441 0.049582
0 0.443846 0.779988 0.015773 0.016610
0 0.275643 0.418264 0.013447 0.013984
0 0.357003 0.363019 0.016022 0.015270
0 0.673445 0.467166 0.015389 0.016348
0 0.936368 0.684823 0.012374 0.013770
0 0.813086 0.451003 0.013367 0.013327
0 0.254372 0.628721 0.013688 0.013723
0 0.192139 0.588068 0.014216 0.014761
0 0.733159 0.369487 0.014826 0.015365
0 0.811573 0.894587 0.013628 0.014110
0 0.396406 0.129386 0.013596 0.012102
0 0.701510 0.966551 0.019119 0.021619
0 0.480414 0.653857 0.016592 0.017803
0 0.642629 0.152883 0.012444 0.013658
0 0.399918 0.869573 0.013976 0.015360
0 0.405972 0.261850 0.012106 0.013403
0 0.581393 0.430243 0.016477 0.014572
0 0.477392 0.152889 0.013551 0.015406
0 0.597720 0.731376 0.013647 0.013984
0 0.620661 0.124232 0.014412 0.013926
0 0.522297 0.897984 0.015507 0.017180
0 0.767994 0.675684 0.012951 0.015214
0 0.568833 0.668123 0.015954 0.018296
1 0.270647 0.825220 0.041971 0.036139
0 0.588779 0.850111 0.018158 0.018417
0 0.717216 0.136218 0.013676 0.014105
0 0.637346 0.181528 0.014012 0.018379
0 0.906058 0.602853 0.014581 0.015928
0 0.487121 0.977258 0.014439 0.015182
0 0.776759 0.907241 0.018537 0.018876
0 0.870030 0.457296 0.016976 0.014167
0 0.359278 0.394746 0.012839 0.012973
0 0.599613 0.430843 0.015101 0.013256
0 0.229253 0.592757 0.014899 0.016121
0 0.276732 0.652800 0.014578 0.014524
0 0.206697 0.394300 0.015460 0.016859
0 0.803727 0.693291 0.012143 0.012099
0 0.507616 0.345137 0.014226 0.015541
0 0.230159 0.200280 0.013320 0.015884
0 0.552657 0.174712 0.019001 0.016000
0 0.576563 0.496195 0.014980 0.015436
0 0.088998 0.611088 0.012886 0.012624
0 0.359957 0.207171 0.016176 0.019232
0 0.424596 0.365456 0.012677 0.013864
0 0.253276 0.451806 0.017025 0.021854
0 0.737243 0.343724 0.014153 0.015473
0 0.445156 0.843964 0.015968 0.018480
0 0.964164 0.498982 0.012889 0.014149
0 0.758136 0.342008 0.012421 0.013182
0 0.615938 0.802107 0.015399 0.014617
0 0.526202 0.227826 0.012989 0.013894
0 0.312025 0.357556 0.012506 0.013179
0 0.943090 0.602138 0.015023 0.019626
0 0.351567 0.935890 0.014327 0.014523
0 0.255622 0.377057 0.013228 0.013170
0 0.764765 0.255570 0.014005 0.017117
0 0.585166 0.373596 0.013144 0.014059
0 0.558517 0.293756 0.013578 0.014944
0 0.321974 0.293058 0.017460 0.015798
0 0.516916 0.553888 0.014020 0.014220
0 0.226619 0.633887 0.015467 0.016766
0 0.062568 0.398829 0.016881 0.017237
0 0.411837 0.288616 0.013809 0.014504
0 0.352005 0.655739 0.015162 0.015536
0 0.765534 0.637880 0.014541 0.014805
0 0.403745 0.438848 0.013419 0.013537
0 0.206874 0.492225 0.013405 0.014699
0 0.181766 0.180132 0.013374 0.015021
0 0.176856 0.314844 0.013573 0.014742
0 0.604519 0.243148 0.014291 0.013041
0 0.593056 0.637895 0.016936 0.022453
0 0.955991 0.628790 0.013650 0.013984
0 0.489620 0.928701 0.014955 0.014371
0 0.443883 0.127683 0.011087 0.013597
0 0.450725 0.315011 0.012115 0.012873
0 0.561351 0.882997 0.013956 0.017903
0 0.316015 0.558077 0.020734 0.019858
0 0.273990 0.174200 0.012421 0.013376
0 0.502573 0.278721 0.013960 0.015493
0 0.433703 0.274404 0.012236 0.012999
0 0.498282 0.074828 0.011427 0.013172
0 0.943494 0.385118 0.014663 0.016987
0 0.575065 0.112354 0.017451 0.016939
0 0.487372 0.168643 0.013741 0.011994
0 0.087140 0.460189 0.014342 0.015292
0 0.914273 0.690578 0.011611 0.011992
0 0.083505 0.326896 0.013131 0.014337
0 0.775149 0.710158 0.013720 0.015749
0 0.637928 0.894086 0.015195 0.020043
0 0.637318 0.734466 0.013151 0.014183
0 0.587711 0.473527 0.015576 0.014345
0 0.238143 0.233728 0.012353 0.013616
0 0.383213 0.461454 0.013341 0.015114
0 0.270040 0.267513 0.013354 0.014637
0 0.523905 0.082571 0.010715 0.016748
0 0.837820 0.780176 0.014386 0.014668
0 0.111388 0.298173 0.014003 0.015051
0 0.638536 0.264953 0.011917 0.012174
0 0.255671 0.289480 0.016610 0.015509
0 0.805488 0.479087 0.015955 0.018025
0 0.108849 0.523827 0.013247 0.014782
0 0.906551 0.456270 0.011521 0.012309
0 0.246021 0.571319 0.013395 0.014011
0 0.146032 0.466995 0.013960 0.014666
0 0.858772 0.538356 0.018387 0.013305
0 0.849832 0.478740 0.017640 0.013915
0 0.822421 0.927188 0.015610 0.015092
0 0.240968 0.524149 0.013908 0.013916
0 0.726538 0.717751 0.015753 0.016517
0 0.593201 0.605062 0.017461 0.016583
0 0.274685 0.240885 0.012790 0.013019
0 0.188124 0.276112 0.012696 0.014205
0 0.834130 0.272220 0.013056 0.014238
0 0.179690 0.732920 0.015464 0.016746
0 0.343887 0.304919 0.012673 0.013791
0 0.492040 0.423042 0.013265 0.014066
0 0.569474 0.704920 0.014272 0.015765
0 0.539167 0.113927 0.015879 0.016222
0 0.288246 0.135160 0.011509 0.014198
0 0.592613 0.946990 0.014386 0.015629
0 0.905381 0.714630 0.011974 0.012510
0 0.039951 0.380434 0.014951 0.016647
0 0.776856 0.931222 0.014786 0.014347
0 0.592397 0.171588 0.013063 0.016295
0 0.203539 0.751892 0.012931 0.013970
0 0.339929 0.191122 0.018669 0.016394
0 0.860520 0.659383 0.011368 0.011806
0 0.479548 0.348771 0.013650 0.014414
0 0.856711 0.707735 0.011948 0.012558
0 0.717899 0.334280 0.016784 0.017443
0 0.803826 0.923872 0.015441 0.016125
0 0.795263 0.303582 0.013640 0.014402
0 0.575193 0.280361 0.012961 0.014066
0 0.702431 0.738188 0.019722 0.018611
0 0.497761 0.850801 0.012871 0.013811
0 0.379706 0.246255 0.013350 0.012151
0 0.301541 0.427407 0.016461 0.014193
0 0.868311 0.597970 0.015562 0.012508
0 0.339033 0.374392 0.014784 0.015697
0 0.734095 0.234423 0.012810 0.013820
0 0.697346 0.765111 0.019558 0.014837
0 0.114002 0.610338 0.012079 0.011671
0 0.144877 0.254433 0.018247 0.014208
0 0.150545 0.878171 0.013420 0.014019
0 0.970689 0.576926 0.013307 0.013855
0 0.297389 0.342529 0.013618 0.014410
0 0.525463 0.249425 0.014063 0.013880
1 0.282679 0.836591 0.076839 0.078054
0 0.331265 0.438950 0.019741 0.015679
0 0.226841 0.716415 0.013990 0.013817
0 0.538284 0.864234 0.015062 0.013974
0 0.467515 0.512874 0.014984 0.014437
0 0.490192 0.098612 0.008854 0.012164
0 0.550370 0.965168 0.015424 0.017349
0 0.773299 0.732991 0.012689 0.014497
0 0.465882 0.268532 0.010867 0.019368
0 0.219730 0.675987 0.015269 0.014203
0 0.873427 0.791197 0.018488 0.015309
0 0.313786 0.425481 0.016510 0.014540
0 0.835348 0.774127 0.015102 0.017709
0 0.863580 0.518671 0.012035 0.013107
0 0.582133 0.559983 0.013983 0.015180
0 0.150460 0.517769 0.013154 0.014217
0 0.880050 0.748498 0.015458 0.016166
0 0.098119 0.734100 0.011931 0.013247
0 0.439197 0.537542 0.016575 0.018470
0 0.019034 0.496801 0.016525 0.019692
0 0.719495 0.313607 0.018459 0.019522
0 0.505587 0.913220 0.014915 0.014819
0 0.344613 0.983799 0.012462 0.013895
0 0.363351 0.667218 0.016887 0.016066
0 0.104763 0.588304 0.017386 0.014985
0 0.340591 0.434508 0.017096 0.016117
0 0.485721 0.749070 0.017034 0.017915
0 0.781995 0.222179 0.017281 0.013936
0 0.140297 0.353350 0.012842 0.014100
0 0.479574 0.409364 0.013121 0.014235
0 0.245178 0.253304 0.015019 0.015453
0 0.433421 0.441406 0.013037 0.013255
0 0.309990 0.566084 0.017714 0.021009