0 0.659352 0.870494 0.019393 0.014941
0 0.266584 0.718016 0.013570 0.009463
0 0.276670 0.618211 0.014237 0.011567
0 0.244503 0.632255 0.014546 0.013661
0 0.311978 0.594261 0.013565 0.007390
0 0.188870 0.502756 0.019505 0.014793
0 0.572241 0.729125 0.017573 0.011901
0 0.691677 0.868353 0.017715 0.013919
0 0.778519 0.671132 0.016762 0.011993
0 0.309748 0.640663 0.014425 0.009457
0 0.656854 0.556661 0.016348 0.012219
0 0.692652 0.502376 0.014773 0.010419
0 0.649602 0.455525 0.018045 0.014608
0 0.537816 0.663209 0.015749 0.011125
0 0.732053 0.643358 0.016066 0.013138
0 0.442345 0.672981 0.014611 0.010026
0 0.288283 0.680001 0.013318 0.009620
0 0.330658 0.720056 0.012562 0.009977
0 0.442528 0.551548 0.015599 0.010797
0 0.641626 0.901691 0.022413 0.016335
0 0.526510 0.638092 0.018218 0.012957
0 0.743795 0.680664 0.018868 0.012024
0 0.406644 0.705724 0.015512 0.010902
0 0.419443 0.641184 0.015563 0.011112
0 0.305192 0.532682 0.014190 0.011475
0 0.664348 0.830131 0.019476 0.013551
0 0.355428 0.520373 0.015161 0.009640
0 0.495793 0.611453 0.014284 0.009055
0 0.383349 0.617775 0.018889 0.011962
0 0.386806 0.452833 0.014699 0.010331
0 0.438647 0.417715 0.011250 0.009804
0 0.576926 0.534104 0.013555 0.010042
0 0.389547 0.496664 0.013220 0.010708
0 0.563622 0.574891 0.017052 0.011246
0 0.310683 0.853868 0.019178 0.013575
0 0.400839 0.779447 0.015802 0.011929
0 0.664365 0.491330 0.014457 0.011192
0 0.657900 0.782461 0.018206 0.013058
0 0.361705 0.425489 0.016204 0.011413
0 0.553829 0.404583 0.011627 0.010194
0 0.372239 0.681384 0.015036 0.010072
0 0.438566 0.753077 0.014912 0.010584
0 0.475304 0.632035 0.015032 0.010566
0 0.623558 0.700074 0.017366 0.011897
0 0.430146 0.490275 0.013046 0.009087
0 0.605073 0.766292 0.013409 0.012630
0 0.405769 0.755346 0.012432 0.009657
0 0.479156 0.738584 0.019803 0.014485
0 0.745301 0.623085 0.012246 0.013514
0 0.322898 0.830635 0.015430 0.009612
0 0.553722 0.608392 0.015126 0.011942
0 0.162761 0.638775 0.012999 0.010522
0 0.304434 0.418574 0.013523 0.009919
0 0.351118 0.848611 0.019010 0.015118
0 0.225283 0.586684 0.013810 0.011531
0 0.578256 0.600513 0.016395 0.010305
0 0.612497 0.638678 0.016197 0.009851
0 0.281415 0.734307 0.014879 0.009878
0 0.436533 0.448507 0.017453 0.014634
0 0.483138 0.491367 0.012840 0.011134
0 0.361327 0.540913 0.011570 0.008634
0 0.531801 0.444613 0.014927 0.009210
0 0.569345 0.906862 0.027501 0.022705
0 0.521940 0.741081 0.017646 0.011412
0 0.698832 0.570103 0.019579 0.012485
0 0.500382 0.502553 0.011708 0.008077
0 0.304876 0.766645 0.013817 0.010253
0 0.355983 0.908226 0.013739 0.009379
0 0.671637 0.587790 0.012497 0.008751
0 0.679886 0.654832 0.017879 0.010970
0 0.355437 0.457998 0.016869 0.011060
0 0.578282 0.476563 0.013422 0.010748
0 0.662933 0.732802 0.016445 0.012153
0 0.422975 0.564596 0.013634 0.009458
0 0.791436 0.484298 0.014087 0.012237
0 0.342711 0.504809 0.013587 0.008762
0 0.453725 0.614954 0.012798 0.009501
0 0.521388 0.416080 0.010076 0.008158
0 0.538665 0.873434 0.017012 0.013684
0 0.335904 0.646772 0.014560 0.012802
0 0.307307 0.792821 0.015216 0.012500
0 0.610661 0.582361 0.017172 0.011395
0 0.791682 0.692231 0.015222 0.010879
0 0.281989 0.849064 0.017211 0.013369
0 0.209167 0.472207 0.019466 0.012615
0 0.205204 0.556060 0.012185 0.009145
0 0.530033 0.366360 0.011376 0.009432
0 0.650444 0.765566 0.013685 0.010402
0 0.231315 0.566844 0.010996 0.008598
0 0.422270 0.473403 0.012702 0.008859
0 0.337620 0.437928 0.011966 0.009490
0 0.589182 0.419125 0.011980 0.010423
0 0.439053 0.795487 0.012877 0.010976
0 0.445533 0.470425 0.015304 0.010811
0 0.280578 0.829710 0.016163 0.009354
0 0.178770 0.681162 0.012585 0.008662
0 0.286246 0.584485 0.013113 0.010396
0 0.589761 0.553593 0.013159 0.008669
0 0.487027 0.470640 0.012470 0.008780
0 0.410287 0.679108 0.016772 0.010282
0 0.421749 0.769532 0.013489 0.008859
0 0.672540 0.752781 0.016953 0.011398
0 0.565575 0.815726 0.017234 0.011615
0 0.651635 0.608717 0.020927 0.013333
0 0.521426 0.477658 0.011898 0.007546
0 0.314975 0.557166 0.014865 0.010961
0 0.270846 0.563446 0.012430 0.007657
0 0.617765 0.465083 0.017284 0.011920
0 0.599093 0.487054 0.013289 0.010677
0 0.379442 0.774031 0.012670 0.009893
0 0.518629 0.671494 0.013240 0.009859
0 0.240865 0.462746 0.015770 0.010678
0 0.185764 0.522455 0.017268 0.012398
0 0.557801 0.423280 0.012525 0.009410
0 0.507190 0.522787 0.013047 0.009655
0 0.362940 0.750626 0.017637 0.010328
0 0.141473 0.620083 0.020293 0.012645
0 0.555142 0.468568 0.012767 0.011044
0 0.534662 0.385687 0.012645 0.009703
0 0.223096 0.490205 0.013628 0.011016
0 0.525762 0.534725 0.013742 0.010878
0 0.650567 0.418818 0.019588 0.012958
0 0.317623 0.663551 0.015096 0.011114
0 0.307855 0.690570 0.012427 0.007815
0 0.672590 0.445722 0.015892 0.017295
0 0.538488 0.490966 0.012547 0.010756
0 0.459566 0.446040 0.016663 0.012672
0 0.549576 0.538018 0.017917 0.013628
0 0.734270 0.499750 0.016057 0.011006
0 0.417150 0.539494 0.013381 0.010431
0 0.690446 0.614533 0.014394 0.009576
0 0.287803 0.541163 0.011560 0.009173
0 0.578208 0.621212 0.015148 0.010557
0 0.588070 0.703627 0.013753 0.008501
0 0.250488 0.485755 0.013470 0.008465
0 0.618990 0.420584 0.015457 0.011825
0 0.390435 0.542327 0.012012 0.009053
0 0.642517 0.734473 0.014057 0.008787
0 0.690031 0.458003 0.017107 0.018293
0 0.170622 0.543296 0.013568 0.011115
0 0.727325 0.441771 0.024714 0.013677
0 0.317554 0.739478 0.013762 0.008164
0 0.328628 0.791843 0.013271 0.009990
0 0.558122 0.381663 0.012943 0.011035
0 0.732792 0.477147 0.013330 0.010000
0 0.429630 0.694587 0.022199 0.011987
0 0.577052 0.686307 0.016553 0.010920
0 0.604518 0.796679 0.013353 0.010202
0 0.613565 0.735311 0.015782 0.010724
0 0.372845 0.723207 0.013052 0.009833
0 0.614753 0.743910 0.015987 0.011798
0 0.252275 0.555226 0.015987 0.013543
0 0.501680 0.460039 0.011284 0.008823
0 0.780445 0.628276 0.019458 0.013253
0 0.705849 0.472059 0.016014 0.015359
0 0.628187 0.384187 0.009581 0.006895
0 0.631460 0.441382 0.020625 0.021060
0 0.571702 0.442807 0.014684 0.011594
0 0.263112 0.800683 0.011176 0.010025
0 0.613873 0.919194 0.020197 0.017492
0 0.706667 0.594746 0.023053 0.009958
0 0.754383 0.827023 0.015233 0.006988
0 0.253161 0.454151 0.012684 0.012484
0 0.639668 0.718847 0.021045 0.011177
0 0.396181 0.660784 0.017103 0.010254
0 0.338032 0.397492 0.013859 0.009158
0 0.324169 0.400476 0.017282 0.010208
0 0.413966 0.736349 0.014690 0.012454
0 0.338478 0.454457 0.011029 0.008077
0 0.621258 0.722578 0.015767 0.010694
0 0.653604 0.927522 0.019221 0.011953
0 0.407360 0.921689 0.016353 0.011622
0 0.653536 0.423163 0.017139 0.013799
0 0.575792 0.450509 0.016509 0.013854
0 0.618037 0.912290 0.020609 0.015977
0 0.545296 0.508895 0.017523 0.009307
0 0.490927 0.553986 0.019271 0.010024
0 0.122231 0.641526 0.014646 0.012834
0 0.361087 0.577215 0.013025 0.009057
0 0.386541 0.739212 0.014817 0.013074
0 0.600568 0.685053 0.007825 0.009781
1 0.486698 0.382042 0.039124 0.031690
1 0.341158 0.378521 0.035994 0.012911