0 0.272710 0.664818 0.010725 0.018422
0 0.174353 0.529050 0.012541 0.016957
0 0.558662 0.475757 0.011769 0.014074
0 0.346838 0.186394 0.010125 0.016474
0 0.377749 0.480054 0.016442 0.022054
0 0.648481 0.470293 0.012983 0.018223
0 0.581177 0.513993 0.012741 0.019815
0 0.614774 0.729635 0.010307 0.014165
0 0.203109 0.481011 0.013193 0.017218
0 0.529343 0.660210 0.011896 0.013357
0 0.475924 0.268936 0.011275 0.014676
0 0.464817 0.574810 0.013421 0.017050
0 0.216178 0.624931 0.009763 0.011921
0 0.391200 0.407497 0.013350 0.018270
0 0.463648 0.454388 0.013243 0.018302
0 0.406795 0.509268 0.014617 0.019570
0 0.208589 0.354233 0.010015 0.015277
0 0.480989 0.228069 0.013855 0.017770
0 0.558359 0.527993 0.012562 0.016862
0 0.664943 0.347468 0.010154 0.013910
0 0.384043 0.253381 0.010789 0.015427
0 0.197855 0.506604 0.013891 0.019113
0 0.444387 0.420492 0.014839 0.022188
0 0.327646 0.166257 0.009619 0.014316
0 0.473765 0.526036 0.011766 0.017049
0 0.527105 0.475757 0.011732 0.017846
0 0.642021 0.332201 0.013605 0.017036
0 0.376854 0.851908 0.016451 0.015424
0 0.395813 0.692050 0.012222 0.017016
0 0.603946 0.695844 0.009591 0.011269
0 0.551955 0.610911 0.011716 0.012624
0 0.608225 0.228534 0.012513 0.013207
0 0.246681 0.719455 0.007960 0.013002
1 0.160211 0.585094 0.033451 0.045775
1 0.406690 0.353286 0.028169 0.044601
1 0.477113 0.322183 0.040493 0.041080