1 0.198510 0.506267 0.150962 0.152528
0 0.359825 0.346324 0.017468 0.018974
0 0.248315 0.192559 0.018184 0.017774
0 0.519505 0.463999 0.017997 0.018037
0 0.527570 0.659093 0.018210 0.018008
1 0.736754 0.547789 0.042436 0.046409
0 0.791484 0.789087 0.019411 0.019573
0 0.134135 0.205190 0.014776 0.014599
0 0.083475 0.215520 0.015534 0.015482
0 0.441962 0.492451 0.017797 0.018043
0 0.426587 0.525206 0.020407 0.021872
1 0.550213 0.338959 0.046388 0.043976
0 0.630537 0.536954 0.016870 0.017778
0 0.317293 0.194239 0.018880 0.019513
0 0.415192 0.108580 0.016107 0.017250
0 0.524143 0.866214 0.020530 0.020119
0 0.446159 0.042413 0.014997 0.016547
0 0.514835 0.268922 0.019962 0.020528
0 0.339894 0.669129 0.020524 0.020809
0 0.711875 0.473225 0.018136 0.019046
0 0.189544 0.665714 0.017250 0.018172
0 0.407156 0.795688 0.018658 0.018455
0 0.476143 0.051484 0.013909 0.015454
0 0.696085 0.098810 0.014926 0.015780
0 0.561817 0.514395 0.015794 0.016318
0 0.338018 0.109387 0.015753 0.016982
0 0.472407 0.546490 0.018946 0.018431
0 0.137237 0.260430 0.015768 0.017410
0 0.380502 0.532514 0.018092 0.018845
0 0.835398 0.213738 0.016509 0.016518
0 0.577904 0.722184 0.019467 0.019231
0 0.345590 0.475578 0.014250 0.014365
0 0.462139 0.800760 0.018032 0.018843
0 0.821408 0.627667 0.015609 0.016253
0 0.277226 0.111900 0.019112 0.019691
0 0.815575 0.321142 0.018228 0.017916
0 0.250268 0.256058 0.021568 0.019918
0 0.344573 0.174902 0.020257 0.019353
0 0.749673 0.183757 0.016929 0.017215
0 0.580975 0.269401 0.015898 0.017807
0 0.598145 0.375681 0.021077 0.020397
0 0.876723 0.590715 0.020078 0.020889
0 0.613952 0.225366 0.015197 0.016672
0 0.273139 0.818605 0.018866 0.018327
0 0.324052 0.388708 0.015412 0.015309
0 0.573552 0.837520 0.017963 0.018197
0 0.124709 0.227126 0.015311 0.015790
0 0.269510 0.400746 0.012463 0.012810
0 0.550515 0.412929 0.021639 0.021207
0 0.190469 0.593313 0.017947 0.017190
0 0.199216 0.191684 0.020251 0.025344
0 0.686337 0.335301 0.024414 0.020622
0 0.085047 0.301898 0.017594 0.017896
0 0.488155 0.884974 0.023274 0.021143
0 0.424190 0.444819 0.014316 0.015392
0 0.653281 0.672264 0.019325 0.018651
0 0.705937 0.489098 0.017349 0.020564
0 0.779092 0.507663 0.016739 0.017386
0 0.436543 0.368172 0.017517 0.017601
0 0.536677 0.510096 0.013807 0.015600
0 0.405759 0.051849 0.026787 0.018650
0 0.556933 0.406300 0.023465 0.022388
0 0.515356 0.150134 0.023308 0.021536
0 0.861003 0.259125 0.016931 0.018558
0 0.262038 0.076046 0.013117 0.015878
0 0.389167 0.190323 0.015262 0.016692
0 0.094930 0.174779 0.012550 0.015994
0 0.243744 0.815250 0.015788 0.015945
0 0.368895 0.156397 0.017873 0.018615
0 0.312527 0.069004 0.013244 0.015589
0 0.188818 0.358806 0.014031 0.014484
0 0.632603 0.352132 0.016134 0.016405
0 0.505867 0.151090 0.029304 0.024732
0 0.135194 0.639688 0.016942 0.018524
0 0.617093 0.507163 0.017734 0.018150
0 0.108199 0.274146 0.016304 0.017684
0 0.650162 0.186148 0.014198 0.015340
0 0.318454 0.455377 0.013909 0.014743
0 0.613940 0.264775 0.018525 0.020679
0 0.404522 0.655520 0.019961 0.020543
0 0.923697 0.535968 0.016030 0.017024
0 0.580265 0.420239 0.018570 0.018957
0 0.515839 0.717096 0.016927 0.018397
0 0.405615 0.397106 0.020794 0.025480
0 0.697584 0.806694 0.017235 0.017480
0 0.881427 0.488040 0.018377 0.017320
0 0.504926 0.885912 0.024161 0.021102
0 0.215041 0.399747 0.013417 0.014648
0 0.810136 0.806143 0.014319 0.013387
0 0.256921 0.796054 0.016869 0.016906