0 0.566342 0.560474 0.018892 0.015617
0 0.636893 0.579387 0.020900 0.016021
0 0.476089 0.707758 0.020250 0.016302
0 0.567507 0.704527 0.019409 0.014874
0 0.633518 0.727874 0.019667 0.015368
0 0.327842 0.537568 0.018331 0.013568
0 0.474430 0.628769 0.018928 0.014348
0 0.697975 0.458854 0.021833 0.017732
0 0.774282 0.453654 0.019554 0.014942
0 0.292989 0.666586 0.020300 0.015356
0 0.655801 0.522226 0.020045 0.015270
0 0.240659 0.463210 0.018483 0.013814
0 0.602644 0.430992 0.017524 0.013327
0 0.567521 0.655977 0.018057 0.014072
0 0.446194 0.699731 0.019872 0.014803
0 0.560362 0.386548 0.019542 0.015834
0 0.442057 0.252098 0.018328 0.015289
0 0.265085 0.526533 0.018004 0.013655
0 0.384349 0.232749 0.017627 0.014557
0 0.589615 0.327079 0.018742 0.015015
0 0.481464 0.758106 0.022525 0.017644
0 0.746833 0.513744 0.020722 0.014970
0 0.380273 0.601523 0.020093 0.015175
0 0.526246 0.203300 0.018252 0.013181
0 0.299857 0.266772 0.018025 0.014586
0 0.508655 0.668420 0.017695 0.014273
0 0.162020 0.371449 0.017563 0.013580
0 0.568767 0.770304 0.022937 0.020094
0 0.679882 0.546820 0.018327 0.013045
0 0.279127 0.712939 0.019136 0.013621
0 0.439759 0.460579 0.016762 0.012215
0 0.139828 0.406814 0.016656 0.012973
0 0.541451 0.656262 0.018059 0.014007
0 0.558797 0.480240 0.018414 0.014421
0 0.274289 0.410226 0.018476 0.013512
0 0.628448 0.238975 0.018865 0.014711
0 0.531983 0.420695 0.017317 0.015492
0 0.806970 0.518723 0.021593 0.020076
0 0.636325 0.448532 0.021983 0.017103
0 0.648962 0.375450 0.016500 0.012965
0 0.356205 0.494041 0.016320 0.012547
0 0.374803 0.573615 0.018272 0.013834
1 0.754369 0.270964 0.042611 0.034299
0 0.627593 0.361039 0.017551 0.013809
0 0.390720 0.340813 0.018253 0.013567
0 0.535392 0.607889 0.022419 0.014368
0 0.424814 0.338170 0.017669 0.013268
0 0.307512 0.246611 0.017388 0.014488
1 0.475683 0.421859 0.021154 0.015828
0 0.674202 0.510015 0.020502 0.015320
0 0.263259 0.244465 0.018526 0.014924
0 0.733096 0.472077 0.020984 0.022200
0 0.700867 0.686799 0.019725 0.016136
0 0.313431 0.641443 0.015660 0.012760
1 0.464188 0.479128 0.037088 0.027948
0 0.575492 0.218513 0.016551 0.015001
1 0.311896 0.393483 0.036416 0.029394
0 0.585970 0.389329 0.014822 0.011859
0 0.533816 0.238344 0.016762 0.018719
0 0.519042 0.791060 0.025236 0.015869
0 0.163544 0.391523 0.015486 0.011478
0 0.735818 0.461071 0.018836 0.018067
0 0.158286 0.536303 0.015802 0.013585
1 0.688106 0.525478 0.022716 0.024199
0 0.520238 0.768058 0.021618 0.020276
0 0.237788 0.589324 0.015216 0.012146
0 0.379653 0.485182 0.015768 0.013194
1 0.318655 0.491052 0.032081 0.025673
0 0.552320 0.272195 0.015017 0.011786
0 0.572930 0.625326 0.015751 0.014295
0 0.543039 0.497681 0.016087 0.012035
0 0.415979 0.754158 0.021596 0.016207
0 0.613820 0.617089 0.015924 0.012818
1 0.128104 0.527562 0.050098 0.032206
1 0.205041 0.521299 0.001193 0.000000