0 0.190128 0.534522 0.012262 0.009068
0 0.519409 0.688181 0.022954 0.016536
0 0.389285 0.474534 0.017345 0.013319
0 0.693503 0.482041 0.011649 0.009024
0 0.347412 0.356309 0.018349 0.014952
0 0.573649 0.654460 0.014930 0.011806
1 0.698489 0.423250 0.049381 0.041190
1 0.493106 0.385196 0.050104 0.035026
0 0.266384 0.606074 0.013155 0.010816
0 0.123237 0.455520 0.014401 0.012177
0 0.468467 0.572303 0.012174 0.008881
0 0.191783 0.393162 0.014356 0.012343
0 0.482519 0.456672 0.016190 0.012289
0 0.632990 0.455267 0.012650 0.009545
1 0.678633 0.272081 0.048378 0.033942
0 0.199072 0.438892 0.013568 0.010459
0 0.571641 0.464266 0.016924 0.011618
0 0.159395 0.460718 0.014688 0.012181
0 0.610362 0.637537 0.013377 0.009877
1 0.352395 0.448465 0.057418 0.042176
0 0.461788 0.676998 0.016778 0.013306
0 0.688865 0.452192 0.013975 0.011664
0 0.240116 0.551055 0.011589 0.008637
0 0.630328 0.615342 0.013272 0.009856
0 0.738068 0.467349 0.012164 0.009471
0 0.638500 0.431879 0.015653 0.012182
0 0.544890 0.662899 0.017111 0.013109
0 0.545206 0.405494 0.016452 0.012369
0 0.475342 0.699490 0.018654 0.015299
1 0.712974 0.299133 0.060358 0.048568
0 0.665384 0.429464 0.013290 0.010937
0 0.597151 0.459332 0.014607 0.010901
0 0.430408 0.564940 0.013816 0.010744
0 0.272574 0.562191 0.011925 0.009216
0 0.213818 0.495597 0.014536 0.010010
0 0.257568 0.450288 0.015065 0.012762
0 0.609223 0.659153 0.014549 0.011751
0 0.572489 0.545114 0.011287 0.008545
0 0.659250 0.470187 0.012309 0.010332
0 0.355554 0.397665 0.015726 0.013148
0 0.534244 0.384908 0.017356 0.015736
0 0.694310 0.593643 0.015909 0.011312
0 0.240113 0.636149 0.014287 0.011482
1 0.419178 0.262398 0.053679 0.035801
0 0.390643 0.563259 0.013838 0.010383
0 0.765102 0.422633 0.011586 0.009963
0 0.350082 0.565210 0.014273 0.011506
0 0.357179 0.518516 0.014721 0.011563
0 0.238325 0.486743 0.014316 0.011476
0 0.614747 0.415721 0.014623 0.011193
0 0.712214 0.481329 0.012737 0.010203
0 0.569392 0.428300 0.015041 0.011696
0 0.681667 0.521757 0.011632 0.009223
0 0.127829 0.414819 0.016130 0.014484
0 0.275744 0.532620 0.017977 0.011484
0 0.816921 0.445961 0.012857 0.010794
0 0.526056 0.445231 0.020560 0.013852
0 0.405021 0.535828 0.012872 0.011034
0 0.176100 0.491026 0.015601 0.011722
0 0.186620 0.508116 0.010852 0.008114
0 0.210246 0.543638 0.011663 0.009355
0 0.377930 0.504056 0.013489 0.009751
0 0.516868 0.572539 0.011563 0.009548
0 0.329820 0.525724 0.013961 0.010367
0 0.399286 0.449446 0.016600 0.014034
0 0.449318 0.373661 0.016263 0.015216
0 0.540337 0.300079 0.018233 0.015789
0 0.305832 0.501714 0.014602 0.011162
0 0.149665 0.548202 0.012686 0.009770
1 0.751163 0.376858 0.039980 0.034612
0 0.624541 0.478345 0.012389 0.009399
0 0.374690 0.586890 0.012009 0.009156
0 0.477826 0.521633 0.013383 0.010435
0 0.452797 0.594383 0.010998 0.008662
0 0.777361 0.456568 0.012807 0.010026
1 0.445885 0.468786 0.041184 0.032399
0 0.606768 0.477510 0.013014 0.009327
0 0.347240 0.561986 0.014383 0.013026
0 0.145293 0.406759 0.015428 0.011596
0 0.175655 0.410944 0.013750 0.010291
0 0.543505 0.647377 0.013455 0.011821
0 0.533968 0.420996 0.018584 0.013775
0 0.585398 0.554872 0.010236 0.008041
0 0.333638 0.476670 0.015127 0.011294
0 0.232868 0.419719 0.013053 0.009992
0 0.602694 0.613887 0.013100 0.011571
0 0.308829 0.438093 0.016814 0.011780
0 0.339756 0.248539 0.016906 0.014453
0 0.449473 0.343466 0.015284 0.011980
0 0.229839 0.569942 0.010895 0.008403
0 0.251292 0.403737 0.014659 0.010910
0 0.795171 0.506930 0.013969 0.011811
0 0.590097 0.512282 0.013145 0.011605
0 0.298331 0.559841 0.011433 0.009731
0 0.619753 0.534580 0.011728 0.009076
0 0.169270 0.522168 0.013624 0.011372
0 0.421957 0.420179 0.017934 0.012613
0 0.499647 0.433182 0.016301 0.012141
0 0.278073 0.498225 0.013406 0.009824
0 0.757245 0.518553 0.012401 0.009371
0 0.660190 0.626376 0.012385 0.009238
0 0.095193 0.440672 0.016816 0.014439
0 0.273927 0.401725 0.015516 0.014542
0 0.302640 0.303418 0.018486 0.015024
0 0.285262 0.629292 0.014926 0.011995
0 0.732558 0.439844 0.012416 0.009853
1 0.312446 0.411072 0.048847 0.031191
0 0.420325 0.350030 0.017099 0.017213
0 0.200247 0.409351 0.014304 0.010202
0 0.602895 0.352662 0.015690 0.013655
0 0.336434 0.599074 0.011434 0.011206
0 0.114954 0.373800 0.014961 0.011839
0 0.563816 0.567650 0.012274 0.009117
0 0.606944 0.570271 0.010665 0.007960
0 0.663762 0.485238 0.012080 0.009651
0 0.128864 0.525982 0.015460 0.012570
0 0.472768 0.431488 0.017813 0.015642
1 0.711638 0.164499 0.046909 0.034009
0 0.457125 0.513125 0.013418 0.010148
0 0.311863 0.523246 0.014294 0.011285
0 0.650860 0.531612 0.011534 0.011602
0 0.300781 0.434995 0.018619 0.011143
0 0.160555 0.560637 0.014605 0.009795
0 0.536326 0.367382 0.015660 0.011654
0 0.319276 0.661447 0.017708 0.016842
0 0.212159 0.560549 0.011643 0.008644
0 0.662550 0.588620 0.012293 0.008583
0 0.256321 0.507320 0.011992 0.013984
0 0.647755 0.508649 0.009709 0.007880
0 0.426944 0.583314 0.014012 0.009880
0 0.225181 0.529822 0.013988 0.009095
0 0.096956 0.418390 0.012665 0.009913
0 0.537929 0.585841 0.010920 0.008838
0 0.314585 0.634960 0.011888 0.009923
0 0.759413 0.445260 0.014230 0.010636
1 0.483148 0.543619 0.106245 0.032694
0 0.531446 0.627695 0.012772 0.009957
0 0.630072 0.505574 0.015290 0.009068
0 0.628239 0.585016 0.010191 0.007734
0 0.358352 0.270507 0.017255 0.016119
0 0.630791 0.160489 0.016928 0.014277
0 0.500217 0.665657 0.017211 0.014621
0 0.537112 0.391040 0.016406 0.020096
0 0.537442 0.525621 0.019572 0.011711
0 0.193158 0.561282 0.013130 0.008634
0 0.205514 0.339792 0.018542 0.014182
1 0.483919 0.494666 0.047236 0.020934
1 0.551015 0.480978 0.001074 0.000000
1 0.726539 0.558676 0.042941 0.026570
1 0.524177 0.216888 0.044015 0.028986
1 0.594494 0.148450 0.049383 0.030596
1 0.614891 0.204408 0.000000 0.000805