0 0.423464 0.599083 0.012059 0.016432
0 0.610536 0.679027 0.012141 0.016786
0 0.613756 0.728644 0.011288 0.016449
0 0.346076 0.827561 0.010572 0.014526
0 0.503073 0.665671 0.012017 0.016502
0 0.570821 0.784587 0.012065 0.016423
1 0.395366 0.487205 0.104246 0.121665
0 0.432505 0.421172 0.010376 0.014495
0 0.364768 0.714402 0.010624 0.013873
1 0.213361 0.601039 0.045517 0.068075
1 0.253092 0.788709 0.036684 0.057901
0 0.388070 0.807031 0.010322 0.013893
0 0.511623 0.360005 0.009655 0.014097
0 0.394499 0.685867 0.010991 0.015519
0 0.369688 0.771598 0.010041 0.014516
1 0.549689 0.746146 0.039508 0.051281
0 0.355281 0.418955 0.011865 0.016641
0 0.495236 0.604445 0.015152 0.019618
0 0.561224 0.535500 0.013725 0.018564
0 0.366202 0.332116 0.011316 0.015452
1 0.441307 0.915977 0.034821 0.050936
0 0.335446 0.396586 0.010212 0.014068
1 0.465890 0.366217 0.050327 0.059427
0 0.372859 0.856482 0.008622 0.012186
0 0.523049 0.441628 0.011478 0.015122
0 0.550082 0.667978 0.011157 0.015629
0 0.353883 0.909759 0.009925 0.012914
0 0.596420 0.444467 0.012553 0.017485
0 0.435194 0.456598 0.012383 0.017288
0 0.382197 0.639279 0.014046 0.019328
0 0.313928 0.701286 0.009797 0.013534
1 0.401945 0.973878 0.037685 0.048724
1 0.516190 0.407120 0.038453 0.046445
1 0.490080 0.439226 0.032791 0.051350
0 0.301650 0.393403 0.013017 0.018944
0 0.427953 0.783843 0.010793 0.014631
0 0.587111 0.729070 0.011001 0.014609
0 0.239350 0.658875 0.009208 0.013363
0 0.521059 0.562609 0.014761 0.018476
0 0.539707 0.467160 0.014512 0.019946
1 0.446036 0.662858 0.030134 0.044154
0 0.391388 0.752317 0.009581 0.012224
1 0.313524 0.472358 0.038770 0.047592
0 0.639183 0.741360 0.012845 0.020005
0 0.500684 0.557225 0.010937 0.017079
0 0.464643 0.992519 0.010489 0.012920
0 0.415945 0.877016 0.013516 0.016410
1 0.239169 0.494189 0.038312 0.055742
0 0.288230 0.722423 0.009262 0.013662
0 0.576020 0.602553 0.013783 0.020565
0 0.454231 0.416960 0.010910 0.013966
0 0.569736 0.847625 0.010095 0.013877
0 0.652177 0.717380 0.011185 0.015471
0 0.306392 0.364476 0.010595 0.014770
0 0.551121 0.703388 0.010004 0.014003
0 0.555973 0.345449 0.010237 0.016405
0 0.611381 0.779554 0.011789 0.016417
1 0.479855 0.522464 0.048525 0.046159
0 0.390927 0.370404 0.010907 0.015971
0 0.402439 0.304347 0.010742 0.016885
0 0.321553 0.346160 0.012223 0.018298
0 0.592117 0.525751 0.012656 0.016908
0 0.455666 0.852514 0.011564 0.016486
0 0.245937 0.550435 0.011185 0.015522
0 0.307193 0.619168 0.013060 0.015230
0 0.637255 0.594821 0.011836 0.016627
0 0.549275 0.865755 0.010936 0.015458
0 0.370289 0.361062 0.011169 0.015585
1 0.513044 0.727686 0.046055 0.063167
0 0.382672 0.711887 0.009888 0.013297
0 0.281518 0.411796 0.012398 0.017128
0 0.567387 0.417079 0.010750 0.018537
0 0.553959 0.830784 0.012660 0.019697
0 0.302186 0.872689 0.008576 0.012038
1 0.371976 0.597431 0.031194 0.045656
0 0.377169 0.791096 0.009190 0.013096
0 0.545507 0.561607 0.011636 0.015151
0 0.294068 0.784972 0.009233 0.012948
0 0.321312 0.750523 0.009135 0.014059
0 0.296127 0.678277 0.010783 0.015093
0 0.334323 0.605466 0.017401 0.024378
0 0.456234 0.322731 0.010468 0.013927
0 0.345072 0.458670 0.009340 0.013400
0 0.332803 0.352831 0.010100 0.015044
0 0.478515 0.783632 0.011060 0.014969
0 0.524645 0.780608 0.009799 0.015878
0 0.570347 0.624476 0.010725 0.015550
0 0.313943 0.571288 0.010760 0.015187
0 0.527665 0.342070 0.009696 0.013646
0 0.476757 0.490584 0.010253 0.013955
0 0.263444 0.435234 0.012244 0.015908
0 0.256645 0.615064 0.009014 0.014234
0 0.579591 0.923418 0.011516 0.018180
0 0.301079 0.746129 0.009151 0.014604
0 0.594952 0.568120 0.014233 0.018429
0 0.298730 0.673421 0.012437 0.020319
0 0.435461 0.540920 0.010298 0.016514
0 0.504568 0.573659 0.011977 0.019108
0 0.461407 0.288779 0.008514 0.013959
0 0.335623 0.801153 0.009366 0.014918
0 0.585931 0.781124 0.010838 0.013997
0 0.429960 0.383095 0.013623 0.014155
0 0.571485 0.719050 0.010386 0.016130
0 0.633384 0.538999 0.012306 0.017094
0 0.300597 0.666725 0.011855 0.016318
0 0.598079 0.746989 0.010692 0.015043
0 0.570786 0.678136 0.011032 0.015792
0 0.352850 0.755380 0.010671 0.014484
0 0.509729 0.456433 0.011167 0.016753
0 0.406619 0.915463 0.008617 0.011400
0 0.631960 0.619885 0.011590 0.015130
0 0.621089 0.382133 0.011123 0.017564
0 0.520868 0.889414 0.008560 0.012393
0 0.671606 0.669065 0.009979 0.013067
0 0.476761 0.335449 0.008600 0.012621
0 0.331909 0.879312 0.008644 0.013439
0 0.228892 0.556890 0.011265 0.016564
0 0.423217 0.753540 0.008794 0.012615
0 0.268228 0.823520 0.009411 0.012355
0 0.322342 0.431448 0.009890 0.013998