0 0.438258 0.609034 0.010440 0.013956
0 0.272293 0.360334 0.012018 0.015235
0 0.420696 0.668642 0.011752 0.015289
0 0.282749 0.925239 0.012600 0.017417
0 0.243333 0.530225 0.011851 0.016299
0 0.160965 0.457747 0.012624 0.016817
0 0.272140 0.531137 0.011498 0.015217
0 0.327856 0.669329 0.010648 0.013975
0 0.466386 0.644757 0.010831 0.014147
0 0.492994 0.579403 0.010978 0.015232
0 0.448012 0.287795 0.009976 0.014677
0 0.338478 0.810969 0.009256 0.013188
0 0.276911 0.567168 0.011541 0.014790
0 0.535369 0.774848 0.010307 0.013184
0 0.331968 0.758680 0.010110 0.013735
0 0.263694 0.793058 0.009999 0.013772
0 0.306239 0.943376 0.012816 0.017043
0 0.405818 0.418178 0.011781 0.015831
0 0.348559 0.489054 0.011049 0.014962
0 0.236803 0.380845 0.011182 0.016109
1 0.326818 0.417600 0.039906 0.058770
0 0.233052 0.792242 0.010436 0.014074
0 0.346591 0.949962 0.013867 0.018188
0 0.294372 0.681582 0.010600 0.013906
0 0.161917 0.355182 0.011271 0.015957
0 0.311101 0.489511 0.012024 0.016058
0 0.508201 0.769907 0.009783 0.013232
0 0.468998 0.669299 0.009829 0.012038
0 0.535155 0.357776 0.010304 0.013193
1 0.413575 0.783111 0.053508 0.057946
0 0.575668 0.486129 0.010066 0.013223
0 0.254593 0.562837 0.012028 0.016303
0 0.372460 0.426211 0.011704 0.015502
0 0.375645 0.742500 0.009602 0.013309
0 0.214576 0.531768 0.011926 0.016157
0 0.178056 0.400751 0.011801 0.015740
0 0.286610 0.704880 0.010732 0.014448
0 0.416375 0.547719 0.011023 0.014774
0 0.408490 0.630874 0.009903 0.013802
0 0.128494 0.487874 0.012678 0.016554
0 0.284564 0.435805 0.011688 0.014899
0 0.129694 0.422185 0.012721 0.017793
1 0.240264 0.699294 0.040280 0.073371
0 0.177592 0.649342 0.011789 0.015555
0 0.546343 0.379488 0.009999 0.013391
0 0.263697 0.502493 0.011509 0.016379
0 0.473421 0.830134 0.011210 0.016164
0 0.519415 0.576677 0.010006 0.013265
0 0.364831 0.652420 0.009899 0.012813
0 0.393040 0.903646 0.009627 0.013482
0 0.579754 0.515962 0.008752 0.011416
0 0.232845 0.331525 0.011155 0.014834
1 0.580652 0.613628 0.050291 0.061967
0 0.323034 0.301173 0.012005 0.017204
1 0.647487 0.612338 0.037296 0.045142
0 0.490898 0.292883 0.012582 0.019093
1 0.162977 0.567024 0.041763 0.054504
0 0.317194 0.253789 0.011930 0.017154
0 0.520416 0.443945 0.011479 0.014395
0 0.405799 0.609523 0.009622 0.012645
0 0.413626 0.270237 0.011059 0.016346
0 0.188959 0.371128 0.013668 0.016858
1 0.506423 0.703740 0.032792 0.045293
0 0.436991 0.741408 0.010035 0.013205
0 0.439907 0.808212 0.008875 0.012500
1 0.302976 0.834333 0.035270 0.051417
0 0.508786 0.462912 0.009530 0.013133
0 0.437815 0.462803 0.008977 0.012295
0 0.310099 0.372254 0.011470 0.015874
0 0.493296 0.509394 0.010752 0.018163
0 0.437407 0.546833 0.009711 0.013097
0 0.257664 0.334814 0.013783 0.016917
0 0.573560 0.302226 0.012491 0.016823
0 0.300896 0.460784 0.012013 0.014931
0 0.247701 0.316531 0.011839 0.015745
0 0.416674 0.882282 0.009765 0.013432
0 0.187194 0.749091 0.010951 0.015346
0 0.449143 0.400871 0.013879 0.019739
0 0.484644 0.726958 0.008753 0.012337
0 0.239696 0.619676 0.010834 0.014647
0 0.268008 0.390533 0.010458 0.014028
1 0.377170 0.292102 0.029750 0.049722
0 0.400692 0.385432 0.010508 0.014235
0 0.341320 0.306626 0.014331 0.019185
0 0.499461 0.329800 0.010258 0.015269
1 0.473146 0.482993 0.033879 0.047145
0 0.416982 0.583862 0.011785 0.015967
1 0.492933 0.915160 0.037774 0.052252
0 0.436945 0.921864 0.010797 0.015064
0 0.523301 0.732347 0.009023 0.012557
0 0.540145 0.646120 0.010042 0.012348
0 0.516826 0.661892 0.010818 0.015449
1 0.599801 0.407423 0.030091 0.050045
0 0.638420 0.415057 0.013434 0.020746
0 0.337684 0.569986 0.010611 0.017164
0 0.536911 0.719190 0.009268 0.012006
0 0.413144 0.305655 0.009395 0.013890
0 0.218924 0.365838 0.011643 0.017978
0 0.594128 0.686186 0.007739 0.010815
0 0.524623 0.405550 0.011488 0.014471
0 0.404935 0.359581 0.011918 0.020474
0 0.372999 0.583607 0.010046 0.013822
0 0.544219 0.882999 0.010297 0.013464
0 0.383561 0.245653 0.008504 0.012803
0 0.287478 0.249920 0.010504 0.016019
0 0.207874 0.316774 0.010927 0.016651
0 0.288069 0.804872 0.009062 0.014940
0 0.587920 0.559935 0.010025 0.015436
0 0.348894 0.328561 0.009277 0.011964
0 0.349722 0.270471 0.009821 0.013350
0 0.191622 0.304510 0.010943 0.015359
0 0.311136 0.758625 0.010851 0.014662
0 0.230848 0.290956 0.010002 0.014498
0 0.169271 0.670361 0.011582 0.014594
0 0.160736 0.656149 0.011914 0.016229
0 0.439811 0.236820 0.008239 0.011702
0 0.400297 0.839977 0.009043 0.013126
0 0.372464 0.829370 0.010193 0.013262
0 0.481679 0.263926 0.008641 0.013595
0 0.363368 0.690733 0.013693 0.019147
0 0.614671 0.430105 0.010112 0.013657
0 0.514194 0.401600 0.011951 0.014269
0 0.301623 0.304809 0.013036 0.017086
0 0.610222 0.496900 0.009187 0.012629
0 0.442557 0.337665 0.013974 0.017771
0 0.128364 0.542850 0.010784 0.014057
0 0.338070 0.516154 0.010252 0.013186
0 0.246041 0.478370 0.010489 0.012997
0 0.245267 0.268258 0.011353 0.016066
1 0.536951 0.553855 0.025724 0.037937
0 0.613685 0.687577 0.008258 0.010911
0 0.515630 0.626833 0.008596 0.010534
0 0.481008 0.440603 0.011330 0.014019
1 0.363192 0.535182 0.030204 0.041460
0 0.311828 0.717673 0.009571 0.018017
1 0.174111 0.885140 0.033694 0.046873
0 0.562276 0.842613 0.010389 0.014691
0 0.566263 0.462300 0.009218 0.012889
0 0.366127 0.893536 0.011234 0.016335
0 0.410993 0.516238 0.015433 0.017515
0 0.430400 0.484375 0.011029 0.015136
1 0.366567 0.615589 0.033575 0.041451
0 0.372639 0.771998 0.010320 0.016499
0 0.252304 0.867143 0.009675 0.013620
0 0.559222 0.517799 0.011063 0.014331
0 0.652460 0.551798 0.008712 0.011562
0 0.386088 0.198257 0.012128 0.014833
0 0.390299 0.878509 0.009801 0.013626
0 0.537173 0.434450 0.011391 0.014958
0 0.202107 0.338116 0.011759 0.016131
0 0.436814 0.367545 0.013171 0.014982
0 0.556502 0.451279 0.010517 0.015944
0 0.214873 0.765598 0.010631 0.017487
0 0.233480 0.261801 0.011864 0.015860
0 0.245315 0.854734 0.009458 0.013828
0 0.567396 0.654885 0.008852 0.012168
0 0.292946 0.387678 0.013277 0.015202
0 0.099586 0.499617 0.013678 0.018352
0 0.176120 0.854739 0.010123 0.013314
0 0.622966 0.498691 0.010341 0.013151
0 0.627109 0.570134 0.008576 0.011807
0 0.593314 0.379228 0.009299 0.014142
0 0.537260 0.599682 0.015245 0.017278
0 0.238576 0.909684 0.010671 0.014239
0 0.312106 0.710491 0.010003 0.021827
0 0.371233 0.777285 0.009296 0.013167
0 0.571739 0.576094 0.008337 0.011496
0 0.161597 0.757625 0.012135 0.019336
0 0.365239 0.935301 0.015443 0.019693
0 0.383252 0.930433 0.009512 0.014074
0 0.493087 0.488838 0.008388 0.013654
0 0.601025 0.451450 0.009240 0.012808
0 0.212013 0.718467 0.010749 0.015695
0 0.435852 0.904123 0.010579 0.014178
0 0.549549 0.684981 0.009008 0.011952
0 0.486500 0.609969 0.009356 0.012027
0 0.347602 0.837538 0.009763 0.012821
0 0.394870 0.992650 0.012612 0.012117
0 0.402869 0.194821 0.009465 0.012654
0 0.514658 0.242028 0.011721 0.015285
0 0.320979 0.895997 0.008615 0.010710
0 0.120364 0.679197 0.010124 0.014634
0 0.574217 0.674557 0.008692 0.009905
0 0.534721 0.664334 0.008691 0.012364
0 0.620247 0.518354 0.008854 0.011761
0 0.519320 0.403590 0.019531 0.013788
0 0.396568 0.563748 0.010569 0.013946
0 0.382096 0.559241 0.010661 0.014424
0 0.542206 0.265210 0.015282 0.020210
0 0.160395 0.821675 0.011754 0.013565
0 0.440551 0.880653 0.011517 0.016862
0 0.447912 0.498295 0.013428 0.015871
1 0.304730 0.619608 0.030675 0.042533
0 0.268351 0.230747 0.010815 0.015171
0 0.334610 0.304594 0.025555 0.019577
0 0.567554 0.675919 0.010523 0.010805
0 0.339238 0.583472 0.008109 0.016493
0 0.630347 0.690930 0.009232 0.011819
0 0.493152 0.498782 0.009082 0.020600
0 0.194799 0.416482 0.009592 0.014001