0 0.465822 0.696080 0.017088 0.013127
0 0.392642 0.707764 0.017762 0.013255
0 0.699564 0.657260 0.020849 0.015883
0 0.203645 0.517331 0.017415 0.012718
0 0.624100 0.633908 0.019160 0.013847
0 0.704384 0.619876 0.017486 0.012404
0 0.474882 0.401045 0.016358 0.012871
0 0.513263 0.703443 0.018394 0.013692
0 0.518027 0.629419 0.015469 0.012394
0 0.421328 0.517366 0.017670 0.013911
0 0.372333 0.447912 0.017467 0.013826
0 0.458490 0.792876 0.021895 0.016846
0 0.575495 0.751375 0.018538 0.014270
0 0.339516 0.658186 0.019875 0.013482
0 0.629083 0.702148 0.020343 0.015350
0 0.244056 0.701721 0.017570 0.013637
0 0.181006 0.473235 0.017866 0.013876
0 0.600856 0.554481 0.018663 0.015169
0 0.240790 0.556301 0.015367 0.011962
0 0.205260 0.571332 0.019791 0.014503
0 0.472747 0.740382 0.021026 0.014256
1 0.296257 0.584604 0.046476 0.046432
1 0.232424 0.393164 0.051634 0.041241
0 0.493446 0.545677 0.019045 0.015110
0 0.390550 0.373119 0.018754 0.014574
0 0.146838 0.664051 0.015305 0.011361
0 0.485616 0.363722 0.016484 0.012604
0 0.419004 0.488612 0.015253 0.011842
0 0.626686 0.606854 0.018062 0.012923
0 0.527737 0.344041 0.015938 0.012913
0 0.591423 0.765184 0.018733 0.015297
0 0.291824 0.692758 0.019452 0.014787
0 0.407973 0.651700 0.018049 0.016511
0 0.659505 0.456698 0.015751 0.011859
0 0.698710 0.725001 0.018098 0.014317
0 0.415597 0.728545 0.016644 0.011965
0 0.507591 0.430345 0.018297 0.014494
0 0.540395 0.453434 0.018828 0.015103
0 0.611436 0.465722 0.015619 0.011960
0 0.491815 0.464961 0.018073 0.018188
0 0.644173 0.809027 0.018626 0.013504
0 0.604516 0.613913 0.017826 0.012732
0 0.444011 0.380753 0.012612 0.010548
1 0.438783 0.592587 0.050027 0.036876
0 0.206839 0.544284 0.017353 0.012587
0 0.532999 0.767067 0.024003 0.016318
0 0.514042 0.673313 0.021008 0.015489
0 0.364345 0.794096 0.025033 0.019816
0 0.671083 0.509429 0.019918 0.015465
0 0.565704 0.400047 0.017424 0.013181
0 0.515558 0.801955 0.021176 0.016147
0 0.177201 0.430160 0.014397 0.011877
0 0.078396 0.578906 0.017509 0.013203
0 0.416039 0.336909 0.016733 0.013742
1 0.327013 0.333948 0.098804 0.054206
0 0.648139 0.647707 0.017572 0.013856
0 0.097261 0.448844 0.018504 0.014054
0 0.690026 0.472222 0.017314 0.013552
1 0.152251 0.731924 0.056720 0.045347
0 0.159499 0.382671 0.014071 0.012147
0 0.228116 0.538708 0.016379 0.011932
0 0.458090 0.434454 0.016400 0.013601
0 0.377725 0.428617 0.018231 0.012452
0 0.632884 0.768227 0.016105 0.012699
0 0.099542 0.564762 0.016697 0.012989
0 0.218919 0.453913 0.016786 0.013727
0 0.469885 0.757381 0.019499 0.014080
0 0.274745 0.397106 0.016564 0.011997
0 0.118318 0.515895 0.016035 0.012515
0 0.177203 0.645250 0.014996 0.011581
0 0.403266 0.437477 0.015673 0.011754
0 0.694901 0.490970 0.017637 0.013427
0 0.616222 0.411370 0.016754 0.014462
0 0.349714 0.563765 0.012093 0.009896
0 0.649820 0.555943 0.016037 0.013533
0 0.390389 0.480263 0.013837 0.011070
0 0.419294 0.420232 0.019537 0.015356
0 0.675190 0.581155 0.015716 0.011317
0 0.576457 0.461430 0.016895 0.013180
0 0.215440 0.431281 0.016242 0.012267
0 0.264791 0.521373 0.012230 0.009675
0 0.645272 0.529788 0.017101 0.012606
0 0.319152 0.395198 0.012003 0.009780
0 0.624851 0.784210 0.016598 0.012588
0 0.380565 0.653687 0.019895 0.017357
0 0.184945 0.660804 0.014602 0.011810
0 0.581610 0.353671 0.015354 0.012092
0 0.521853 0.584639 0.017838 0.014380
0 0.714524 0.735666 0.018157 0.013003
0 0.429978 0.629018 0.012641 0.010335
0 0.191632 0.611740 0.013014 0.009762
0 0.478108 0.647334 0.013288 0.011355
0 0.429078 0.717365 0.016499 0.014659
0 0.189440 0.635924 0.014413 0.010936
0 0.545827 0.362457 0.017099 0.014444
0 0.227515 0.350976 0.010824 0.009836
0 0.535625 0.369343 0.017918 0.012592
0 0.609393 0.387609 0.021741 0.012846
0 0.747642 0.639292 0.019697 0.013284
0 0.094574 0.546815 0.013661 0.011524
0 0.677248 0.379913 0.015081 0.012742
0 0.380929 0.346862 0.015176 0.011087
0 0.607958 0.355305 0.015023 0.011926
0 0.336812 0.636787 0.016214 0.012818
0 0.722890 0.439500 0.020059 0.020953
0 0.185352 0.781866 0.021618 0.018019
0 0.715103 0.595212 0.012067 0.009112
0 0.617286 0.387491 0.019367 0.011918
0 0.480121 0.709921 0.015986 0.012470
0 0.285743 0.755784 0.016510 0.012301
0 0.453791 0.345775 0.012607 0.009346
0 0.559455 0.432999 0.014187 0.011181
1 0.751807 0.477313 0.036920 0.026960
0 0.220716 0.582048 0.013202 0.009382
0 0.583216 0.459724 0.021982 0.012429
0 0.563798 0.509654 0.023958 0.023502
0 0.766289 0.640001 0.016381 0.012234
0 0.473667 0.328937 0.027885 0.020114
0 0.464111 0.324566 0.027365 0.016814
0 0.206610 0.435640 0.018111 0.013595
0 0.789258 0.611460 0.016642 0.013971
0 0.184006 0.595615 0.017675 0.013927
0 0.631944 0.546114 0.017017 0.011205