0 0.747750 0.509247 0.018118 0.014359
0 0.650250 0.545612 0.015583 0.012919
0 0.773914 0.693591 0.019006 0.015279
0 0.828650 0.583706 0.018496 0.013944
0 0.498939 0.356041 0.017327 0.014085
0 0.578982 0.368301 0.017289 0.012666
0 0.612589 0.414810 0.015117 0.011328
0 0.593145 0.494582 0.019920 0.015019
0 0.724464 0.566243 0.014112 0.011097
0 0.666364 0.656813 0.017924 0.014200
0 0.752312 0.662538 0.022062 0.015657
0 0.644600 0.404084 0.017146 0.012703
0 0.736454 0.599062 0.016421 0.012093
0 0.691178 0.569116 0.013973 0.011063
0 0.537911 0.492380 0.018537 0.013955
0 0.785269 0.567529 0.019258 0.013945
0 0.574578 0.536757 0.016504 0.012956
0 0.588398 0.433421 0.021079 0.013378
0 0.281796 0.596287 0.014188 0.010878
0 0.292437 0.535185 0.012236 0.009960
0 0.637679 0.701738 0.025019 0.019363
0 0.546863 0.378630 0.017959 0.013849
0 0.270055 0.444043 0.018463 0.014099
0 0.314807 0.596065 0.014814 0.012279
0 0.614374 0.610730 0.016393 0.012920
0 0.497682 0.755589 0.022964 0.016229
0 0.713445 0.617468 0.018993 0.014983
0 0.483465 0.327254 0.015720 0.012418
0 0.548569 0.523683 0.015556 0.012496
0 0.710126 0.653183 0.020610 0.016294
0 0.782298 0.731015 0.019420 0.015149
0 0.531473 0.697811 0.017499 0.015991
0 0.657860 0.503128 0.016741 0.012409
0 0.325319 0.551848 0.013452 0.010036
0 0.387962 0.558172 0.014175 0.010442
0 0.786822 0.498901 0.015240 0.011649
0 0.723686 0.711849 0.021167 0.015848
0 0.437039 0.470239 0.018384 0.013535
0 0.394576 0.320881 0.017803 0.014448
0 0.625493 0.458609 0.021100 0.013238
0 0.425601 0.758540 0.025192 0.016396
0 0.244876 0.546131 0.014287 0.011669
0 0.366270 0.727082 0.018320 0.013678
0 0.506485 0.308797 0.015611 0.012692
0 0.301933 0.579694 0.014613 0.010131
1 0.477604 0.804532 0.046969 0.037418
0 0.472446 0.488044 0.025889 0.015572
0 0.649162 0.354133 0.019844 0.014980
0 0.682765 0.636895 0.016960 0.014472
0 0.876190 0.586576 0.015169 0.011492
0 0.738382 0.406611 0.019412 0.012540
0 0.734008 0.353996 0.017211 0.012595
0 0.507850 0.728740 0.016208 0.012826
0 0.794267 0.376896 0.019069 0.013786
0 0.601699 0.628643 0.019913 0.013706
0 0.757891 0.377008 0.015680 0.011703
0 0.302267 0.445323 0.019026 0.013412
0 0.758128 0.582135 0.018550 0.014745
0 0.736395 0.460687 0.019565 0.015852
0 0.223529 0.482389 0.014725 0.011339
0 0.822250 0.359093 0.016129 0.012226
0 0.734322 0.540123 0.018041 0.013382
0 0.441482 0.437666 0.013998 0.010476
0 0.483190 0.431960 0.019983 0.013967
0 0.805496 0.620194 0.024787 0.020331
0 0.223046 0.517069 0.014874 0.012260
0 0.288288 0.415738 0.016659 0.012749
0 0.683983 0.398857 0.015572 0.011591
0 0.254050 0.606628 0.016895 0.013381
0 0.493328 0.643151 0.012901 0.010194
0 0.362127 0.535049 0.014544 0.011411
0 0.292490 0.389109 0.014133 0.012119
0 0.264455 0.634730 0.015049 0.010982
0 0.701320 0.320594 0.013206 0.011214
0 0.443814 0.783571 0.020182 0.017072
0 0.821341 0.552466 0.017050 0.012169
0 0.648758 0.732198 0.019531 0.015326
0 0.371640 0.466006 0.019234 0.013947
0 0.869842 0.479977 0.012781 0.009809
0 0.436203 0.326168 0.012978 0.011277
0 0.568339 0.706972 0.023616 0.016404
0 0.606182 0.302885 0.017362 0.013388
0 0.749562 0.323695 0.015798 0.012700
0 0.342829 0.542824 0.014273 0.010915
0 0.757464 0.422633 0.013776 0.009652
0 0.259564 0.579152 0.016123 0.011105
0 0.522880 0.607890 0.017330 0.014101
0 0.371075 0.380122 0.019211 0.014358
0 0.492484 0.664986 0.013734 0.010491
0 0.479840 0.654822 0.015799 0.012817
0 0.282471 0.476371 0.015974 0.012080
0 0.610416 0.654575 0.013624 0.010649
0 0.525438 0.656125 0.012273 0.009164
0 0.601593 0.543516 0.016142 0.014544
0 0.312134 0.488414 0.015772 0.011321
0 0.374758 0.683493 0.015132 0.010984
0 0.687942 0.428534 0.017933 0.013514
0 0.646609 0.374426 0.019789 0.012278
0 0.335345 0.451157 0.015006 0.011559
0 0.255734 0.468020 0.017724 0.011799
0 0.777151 0.606450 0.016900 0.014663
1 0.419271 0.409109 0.044511 0.031698
0 0.874930 0.504642 0.012093 0.009612
0 0.840465 0.518548 0.022653 0.016175
0 0.466159 0.376639 0.013823 0.010522
0 0.294031 0.710957 0.017644 0.012539
0 0.310934 0.421329 0.014497 0.012550
0 0.876959 0.560742 0.020065 0.013521
0 0.273980 0.563952 0.012836 0.012075
0 0.642880 0.442358 0.018549 0.013370
0 0.722920 0.439628 0.026677 0.015216
0 0.320977 0.371092 0.015334 0.013712
0 0.495326 0.588237 0.017298 0.013546
0 0.547268 0.352311 0.013935 0.010775
0 0.793949 0.405927 0.026485 0.016782
0 0.902461 0.618854 0.029764 0.018845
0 0.244795 0.587373 0.014518 0.010849
0 0.666009 0.418893 0.020028 0.011978
0 0.357480 0.477655 0.018216 0.013328
0 0.453208 0.696266 0.013134 0.010345
0 0.912519 0.578853 0.016006 0.011694
0 0.540639 0.614756 0.015064 0.016467
0 0.871546 0.426147 0.020853 0.014311
0 0.813033 0.480759 0.016245 0.010536
0 0.523676 0.814692 0.025753 0.016950
0 0.602297 0.537729 0.015288 0.016594
0 0.345725 0.713083 0.014052 0.010333
0 0.530821 0.417098 0.011412 0.008904
0 0.788860 0.442688 0.023679 0.015345
0 0.802795 0.465758 0.019727 0.011212
0 0.273838 0.554069 0.012342 0.010735
0 0.717070 0.526722 0.014822 0.012187
0 0.828991 0.716833 0.015047 0.011481
0 0.249322 0.656044 0.013882 0.010836
0 0.419646 0.381451 0.015708 0.010161
0 0.924120 0.536285 0.014036 0.010350
0 0.836894 0.478361 0.015370 0.009824
0 0.827341 0.496256 0.013873 0.010987
0 0.561495 0.341238 0.013310 0.010609
0 0.467084 0.522907 0.020999 0.015248
0 0.191306 0.571996 0.013914 0.011440
0 0.457065 0.515640 0.017973 0.013957
0 0.547044 0.314178 0.011011 0.009255
0 0.379855 0.501807 0.017092 0.014955
0 0.230729 0.530067 0.014900 0.011445
0 0.331327 0.430554 0.012285 0.009237
0 0.815209 0.528730 0.013326 0.010151
0 0.480598 0.449441 0.018650 0.011866
0 0.193594 0.529797 0.012769 0.011166
0 0.366282 0.470400 0.021995 0.019384
1 0.360428 0.664263 0.038062 0.018665