0 0.244135 0.559132 0.018009 0.014289
0 0.622025 0.492205 0.017872 0.014469
0 0.529908 0.933203 0.027569 0.019041
0 0.615427 0.739236 0.017550 0.013673
0 0.440337 0.439422 0.013544 0.011174
0 0.741878 0.692750 0.015352 0.012031
0 0.369204 0.742604 0.019025 0.015300
0 0.671016 0.844229 0.025450 0.021403
0 0.718416 0.633877 0.017348 0.014223
0 0.624050 0.539653 0.014884 0.011872
0 0.291144 0.420379 0.014080 0.012858
0 0.209321 0.704351 0.021628 0.016399
0 0.298177 0.488103 0.017988 0.014579
0 0.613722 0.463248 0.014749 0.012016
0 0.562044 0.506754 0.015454 0.012342
0 0.279537 0.896871 0.016770 0.013855
0 0.675178 0.451793 0.023680 0.017604
0 0.722261 0.725159 0.015165 0.011875
0 0.662365 0.749736 0.017168 0.013332
0 0.432498 0.384797 0.012621 0.011378
0 0.761211 0.667053 0.013321 0.010646
0 0.737127 0.752214 0.014357 0.010862
0 0.701383 0.671799 0.015815 0.012337
0 0.793986 0.569036 0.017863 0.015089
0 0.666967 0.723314 0.015959 0.012676
0 0.531520 0.750962 0.017638 0.013863
0 0.140365 0.710881 0.013368 0.011112
0 0.214475 0.508568 0.020740 0.015694
0 0.711591 0.567221 0.027981 0.018244
0 0.675936 0.575760 0.016828 0.014112
0 0.473141 0.407772 0.012579 0.010975
0 0.492027 0.450067 0.013225 0.011575
0 0.350475 0.509007 0.015872 0.012869
0 0.599028 0.895520 0.018317 0.015076
0 0.599781 0.799239 0.017408 0.013978
0 0.636301 0.661000 0.015135 0.012602
0 0.504425 0.554173 0.024512 0.017751
0 0.729779 0.603408 0.015058 0.010258
0 0.291514 0.521058 0.014365 0.012335
0 0.655907 0.805703 0.015594 0.011952
0 0.365470 0.419897 0.011891 0.010256
0 0.351486 0.601236 0.018538 0.014647
0 0.348803 0.438752 0.014125 0.011585
0 0.498019 0.910828 0.024371 0.019456
0 0.227281 0.445611 0.012050 0.009449
0 0.513595 0.503423 0.022671 0.019111
0 0.493579 0.847992 0.015992 0.012739
0 0.350357 0.654101 0.015904 0.014107
0 0.778770 0.690642 0.014823 0.011337
0 0.344035 0.408966 0.010687 0.008864
0 0.550792 0.672695 0.016238 0.013845
0 0.246966 0.461940 0.012525 0.011154
0 0.116222 0.483517 0.016005 0.013651
0 0.566567 0.696131 0.016665 0.014718
0 0.696848 0.610747 0.014625 0.011718
0 0.751126 0.605447 0.013391 0.010224
0 0.519816 0.409743 0.015514 0.014342
0 0.335224 0.741764 0.037832 0.018428