0 0.357754 0.722566 0.022097 0.017326
0 0.491230 0.596315 0.018066 0.013565
0 0.329874 0.547013 0.019238 0.015016
0 0.438118 0.771419 0.022425 0.017027
0 0.478326 0.631373 0.019514 0.014984
0 0.291409 0.624297 0.020719 0.015610
0 0.491717 0.781420 0.019822 0.015161
0 0.500040 0.556920 0.017664 0.013653
0 0.307472 0.510987 0.021690 0.016548
0 0.482764 0.665514 0.017859 0.013759
0 0.706040 0.686548 0.025456 0.019412
0 0.303200 0.770891 0.024800 0.019934
0 0.690619 0.484225 0.020678 0.015854
0 0.638763 0.779900 0.025665 0.019476
0 0.745219 0.655078 0.021607 0.016006
0 0.590354 0.568025 0.021153 0.017156
0 0.624969 0.701933 0.019122 0.014612
1 0.588278 0.871276 0.052975 0.038049
0 0.327953 0.450963 0.018210 0.013267
0 0.440161 0.433464 0.018633 0.015300
0 0.512070 0.647223 0.015434 0.013012
0 0.409252 0.580439 0.015067 0.012011
0 0.778797 0.681232 0.021318 0.017291
0 0.448386 0.821243 0.027906 0.021538
0 0.474532 0.478398 0.021477 0.017951
0 0.500402 0.463825 0.018265 0.013891
1 0.561753 0.638191 0.041898 0.035772
0 0.375436 0.414019 0.014841 0.012089
0 0.651414 0.666531 0.019558 0.015580
0 0.802247 0.594862 0.018340 0.014513
0 0.755379 0.502426 0.021347 0.016757
0 0.260996 0.796513 0.023638 0.017990
0 0.524566 0.899890 0.026336 0.018878
0 0.674311 0.551535 0.017165 0.013995
0 0.314852 0.659090 0.019909 0.015931
0 0.535300 0.718810 0.016142 0.012646
0 0.424281 0.497060 0.014530 0.011768
0 0.689433 0.452801 0.017668 0.013170
0 0.351180 0.487248 0.024308 0.016912
0 0.285489 0.595512 0.021982 0.018501
0 0.638666 0.396782 0.019251 0.016059
0 0.663824 0.377986 0.021206 0.015302
0 0.715775 0.632577 0.021416 0.021720
0 0.471927 0.368597 0.015346 0.014570
0 0.249080 0.765719 0.017188 0.012841
0 0.705726 0.574130 0.019674 0.016838
0 0.504524 0.510862 0.018028 0.014624
0 0.615133 0.888232 0.017125 0.013477
1 0.526357 0.671829 0.037218 0.031239
0 0.226388 0.735603 0.015200 0.011912
0 0.252582 0.817539 0.027854 0.020379
0 0.356685 0.464559 0.014540 0.011124
0 0.396186 0.538359 0.015003 0.012285
0 0.288759 0.590543 0.018975 0.017213
0 0.715134 0.625498 0.018623 0.019684
0 0.280276 0.599633 0.018846 0.014821
0 0.532483 0.774095 0.020358 0.016133