0 0.296011 0.845721 0.019966 0.015297
0 0.697165 0.614749 0.020915 0.016446
0 0.373214 0.496119 0.022855 0.017560
0 0.340834 0.747339 0.025080 0.018975
0 0.710436 0.827730 0.023848 0.018259
0 0.323731 0.526543 0.022722 0.017785
0 0.583536 0.859326 0.024616 0.019710
0 0.643622 0.833379 0.024351 0.018257
0 0.469266 0.544493 0.024237 0.017889
0 0.484124 0.664621 0.021794 0.017310
0 0.463861 0.478799 0.021288 0.016083
0 0.432053 0.951124 0.023051 0.018272
0 0.305506 0.658293 0.018750 0.015047
0 0.365558 0.878527 0.024365 0.019406
0 0.548946 0.536765 0.024365 0.019341
0 0.512182 0.926831 0.023442 0.018452
0 0.560007 0.430804 0.023362 0.017140
0 0.740087 0.869530 0.026043 0.020654
0 0.798299 0.557008 0.023211 0.018546
0 0.761776 0.634311 0.018751 0.014233
0 0.541892 0.933860 0.023301 0.018193
0 0.677740 0.683565 0.020069 0.015985
0 0.626063 0.472372 0.024603 0.018566
0 0.586667 0.436739 0.019667 0.015769
0 0.894267 0.543257 0.022086 0.016474
0 0.356516 0.525503 0.020691 0.016838
0 0.849854 0.695223 0.015831 0.012944
0 0.530797 0.679071 0.027046 0.022776
0 0.291426 0.880076 0.021298 0.016640
0 0.189673 0.559618 0.021711 0.017857
0 0.679714 0.569030 0.018690 0.015711
0 0.150413 0.581955 0.025506 0.021704
0 0.646662 0.871415 0.025221 0.020620
0 0.547951 0.463717 0.019095 0.016207
0 0.483504 0.820705 0.017762 0.014719
0 0.260408 0.870809 0.016049 0.013646
0 0.325814 0.438618 0.021200 0.018707
0 0.446175 0.877834 0.020362 0.016991
0 0.760434 0.612677 0.018351 0.013515
0 0.549136 0.770663 0.023246 0.020871
0 0.734067 0.489024 0.018539 0.014809
0 0.641497 0.370350 0.015466 0.013618
0 0.765354 0.475672 0.039756 0.027695
0 0.349314 0.849736 0.017356 0.013553
0 0.569077 0.388025 0.014248 0.014017
0 0.642265 0.433478 0.029675 0.016092
0 0.509303 0.395571 0.020827 0.021541
0 0.605128 0.398126 0.016339 0.014310
0 0.735990 0.519235 0.019589 0.016938
0 0.391541 0.592034 0.025344 0.024237
0 0.721669 0.561178 0.014406 0.011840
0 0.283664 0.546471 0.017980 0.015067