0 0.219727 0.723470 0.017090 0.023763
0 0.417358 0.518229 0.011475 0.016276
0 0.296997 0.744141 0.018311 0.021484
0 0.421387 0.645996 0.011719 0.018555
0 0.407959 0.570638 0.014160 0.018880
0 0.303711 0.524740 0.011719 0.018880
0 0.271851 0.405762 0.013428 0.019857
0 0.323730 0.655762 0.012695 0.017904
0 0.461670 0.344401 0.011719 0.015625
0 0.570068 0.353353 0.012207 0.016602
0 0.397217 0.469564 0.012207 0.015951
0 0.519775 0.744954 0.019531 0.024414
0 0.471436 0.387370 0.010254 0.014323
0 0.258301 0.559408 0.012207 0.015951
0 0.603394 0.338704 0.015869 0.016602
0 0.415283 0.169596 0.010254 0.015625
0 0.546631 0.670410 0.016113 0.018555
0 0.198730 0.384603 0.011719 0.017904
0 0.444824 0.644368 0.014648 0.019857
0 0.605713 0.509277 0.012207 0.014648
0 0.290894 0.346680 0.013428 0.020833
0 0.407227 0.819336 0.018555 0.027995
0 0.445923 0.502116 0.009521 0.013346
0 0.509155 0.355143 0.011963 0.013672
0 0.579956 0.260417 0.011963 0.016927
0 0.334351 0.829102 0.019775 0.025391
0 0.540405 0.312337 0.011475 0.015951
0 0.257324 0.502441 0.014160 0.017904
0 0.409058 0.410645 0.012939 0.015951
0 0.387085 0.324544 0.012939 0.017578
0 0.321533 0.523438 0.009766 0.018229
0 0.279785 0.778971 0.014648 0.022135
0 0.414429 0.483398 0.010498 0.011719
0 0.556885 0.726888 0.020020 0.021484
0 0.427979 0.533691 0.010742 0.014648
0 0.628540 0.358887 0.010010 0.012695
0 0.293335 0.788086 0.019287 0.021484
0 0.533569 0.241048 0.011475 0.015299
0 0.153564 0.552734 0.014160 0.016276
0 0.538330 0.585938 0.014648 0.020182
0 0.549072 0.703451 0.014648 0.017578
0 0.494995 0.808594 0.018311 0.023438
0 0.259888 0.804362 0.014404 0.016276
0 0.294800 0.660970 0.010010 0.015951
0 0.262207 0.301432 0.010254 0.015625
0 0.577637 0.333008 0.011719 0.016276
0 0.242432 0.318197 0.009766 0.018555
0 0.337036 0.378906 0.010986 0.016927
0 0.499634 0.610352 0.014404 0.019531
0 0.194702 0.288737 0.007568 0.015625
0 0.376221 0.476563 0.012695 0.017578
0 0.563599 0.380208 0.011475 0.017578
0 0.235718 0.218099 0.011475 0.018229
0 0.527100 0.191569 0.010742 0.020508
0 0.529541 0.354004 0.011230 0.013997
0 0.130005 0.522949 0.012939 0.015951
0 0.314575 0.574382 0.012451 0.019206
1 0.191021 0.449531 0.024648 0.035211