0 0.477573 0.417184 0.017971 0.017828
0 0.650563 0.307732 0.015713 0.014985
0 0.716366 0.441076 0.017151 0.016460
0 0.499040 0.260027 0.017111 0.016209
0 0.681152 0.425508 0.017513 0.016806
0 0.761518 0.288989 0.015107 0.015029
0 0.621402 0.282089 0.014122 0.013875
0 0.551323 0.253111 0.014634 0.015345
0 0.705895 0.838278 0.017988 0.016939
0 0.587566 0.265708 0.014420 0.014994
0 0.818279 0.209462 0.014221 0.014292
0 0.790762 0.222895 0.013521 0.013521
0 0.882619 0.248414 0.014146 0.014377
0 0.903845 0.541596 0.017328 0.017205
0 0.170099 0.650068 0.015706 0.015060
0 0.321100 0.663435 0.015742 0.014681
0 0.781772 0.569621 0.014898 0.014994
0 0.783749 0.967483 0.018538 0.017596
0 0.425340 0.166070 0.017658 0.017552
0 0.655145 0.136057 0.014352 0.014809
0 0.930189 0.592021 0.018773 0.019355
0 0.696031 0.990301 0.018842 0.018744
0 0.130868 0.663327 0.014667 0.015096
0 0.581492 0.429605 0.015879 0.016661
0 0.358448 0.324099 0.014932 0.014912
0 0.322690 0.294060 0.014918 0.014365
0 0.430734 0.220208 0.015128 0.015413
0 0.740639 0.470427 0.015390 0.016541
0 0.680266 0.330708 0.014465 0.015159
0 0.647031 0.749567 0.015588 0.015271
0 0.656282 0.346070 0.016724 0.017009
0 0.714685 0.172982 0.017533 0.020077
0 0.688644 0.690533 0.015203 0.015396
0 0.379783 0.272087 0.017048 0.015885
0 0.778204 0.169549 0.017408 0.019725
0 0.790344 0.354782 0.018021 0.017803
0 0.667310 0.493279 0.016464 0.017299
0 0.848689 0.265112 0.018434 0.019683
0 0.655881 0.445482 0.013297 0.013483
0 0.743312 0.417328 0.014145 0.013789
0 0.861696 0.223864 0.014052 0.014497
0 0.754255 0.587381 0.015828 0.017965
0 0.746474 0.213997 0.015486 0.013855
0 0.661055 0.286742 0.014669 0.014242
0 0.961814 0.595284 0.019545 0.019881
0 0.590544 0.226577 0.015257 0.015728
0 0.797913 0.789675 0.015547 0.015523
0 0.493128 0.574172 0.014727 0.014431
0 0.717188 0.470941 0.014282 0.014676
0 0.331392 0.468940 0.015123 0.015443
0 0.650644 0.992091 0.017969 0.015818
0 0.584349 0.096519 0.012745 0.013430
0 0.356966 0.275857 0.014452 0.014695
0 0.673434 0.184207 0.017326 0.017820
0 0.174751 0.706950 0.013066 0.013957
0 0.572994 0.952868 0.019757 0.019373
0 0.475367 0.593572 0.014694 0.016098
0 0.598961 0.386367 0.015387 0.016379
0 0.464233 0.324097 0.014620 0.015178
0 0.730499 0.124392 0.014042 0.014841
0 0.268761 0.657300 0.015776 0.016882
0 0.791405 0.194495 0.012927 0.012684
0 0.099196 0.633723 0.015619 0.016138
0 0.540880 0.872349 0.017035 0.016613
0 0.591815 0.700892 0.016264 0.016205
0 0.330634 0.371329 0.018373 0.018963
0 0.562601 0.103481 0.012312 0.012909
0 0.554935 0.200268 0.014419 0.013665
0 0.552183 0.549392 0.016427 0.016585
0 0.171807 0.459172 0.017228 0.017734
0 0.475725 0.668122 0.013863 0.014211
0 0.511565 0.843972 0.014063 0.014233
0 0.732680 0.784786 0.014952 0.016251
0 0.798537 0.139055 0.013732 0.014400
0 0.557910 0.776941 0.016642 0.016874
0 0.566220 0.155321 0.015620 0.017072
0 0.903288 0.587515 0.017505 0.017647
0 0.629761 0.199065 0.015841 0.016753
0 0.210967 0.668701 0.015444 0.015219
0 0.743883 0.540988 0.014073 0.014023
0 0.710843 0.718173 0.014256 0.014999
0 0.801794 0.329066 0.014980 0.015940
0 0.715196 0.267568 0.016457 0.017063
0 0.683563 0.091512 0.014946 0.016960
0 0.755940 0.750267 0.014212 0.014622
0 0.585566 0.463354 0.018066 0.018463
0 0.755078 0.516301 0.014166 0.014486
0 0.445183 0.129292 0.014123 0.015709
0 0.392609 0.193855 0.017137 0.021552
0 0.628397 0.485458 0.019931 0.021571
0 0.513481 0.334273 0.014634 0.014338
0 0.698376 0.260903 0.016047 0.017407
0 0.235822 0.764649 0.013523 0.013640
0 0.530682 0.358440 0.015164 0.016710
0 0.505214 0.792243 0.015208 0.015312
0 0.680427 0.209387 0.015051 0.015013
0 0.472154 0.381630 0.016629 0.017052
0 0.492852 0.384760 0.016221 0.015751
0 0.560168 0.921754 0.015549 0.016609
0 0.753536 0.448138 0.013971 0.014830
0 0.618079 0.764825 0.018948 0.018989
0 0.965871 0.293704 0.014040 0.014311
1 0.644883 0.641966 0.070474 0.077241
0 0.761710 0.493322 0.018007 0.016702
0 0.816089 0.241493 0.014874 0.014612
0 0.541649 0.637986 0.015339 0.016799
0 0.362739 0.354310 0.014769 0.015509
0 0.411834 0.263990 0.014366 0.013997
0 0.474886 0.811563 0.013168 0.013754
0 0.261943 0.213176 0.014639 0.014887
0 0.764835 0.993459 0.017981 0.013082
0 0.421663 0.865509 0.013602 0.013182
1 0.264131 0.742983 0.038770 0.043863
0 0.811703 0.891007 0.018308 0.018119
0 0.691862 0.353719 0.017323 0.019757
0 0.369374 0.966590 0.014031 0.014679
0 0.701077 0.755651 0.014904 0.015243
0 0.410781 0.144162 0.014520 0.015090
0 0.683565 0.739097 0.015286 0.015454
0 0.713476 0.397070 0.017493 0.015656
0 0.488423 0.137317 0.016482 0.018111
0 0.098247 0.661281 0.015530 0.017289
0 0.988984 0.529771 0.018788 0.020228
0 0.274151 0.680321 0.015368 0.016053
0 0.983552 0.706616 0.022045 0.023867
0 0.764886 0.378756 0.015576 0.016046
0 0.651219 0.205053 0.015517 0.015835
0 0.559131 0.470257 0.014421 0.013355
0 0.473904 0.867848 0.015244 0.016313
0 0.648718 0.696617 0.017102 0.017082
0 0.511404 0.747212 0.019200 0.017709
0 0.359263 0.633580 0.016007 0.016210
0 0.439558 0.262795 0.018969 0.016388
0 0.634872 0.082205 0.014183 0.014968
0 0.146388 0.483927 0.018757 0.018087
0 0.467555 0.466008 0.014542 0.016016
0 0.674007 0.471934 0.013342 0.014655
0 0.351444 0.521941 0.016867 0.015631
0 0.237283 0.197600 0.016874 0.017970
1 0.303008 0.451281 0.047773 0.042872
0 0.408599 0.846115 0.013295 0.013501
1 0.336916 0.422398 0.048392 0.049535
0 0.516374 0.216795 0.017258 0.014968
0 0.679445 0.569647 0.016047 0.015966
1 0.360816 0.123898 0.042825 0.052226
0 0.280369 0.562726 0.016390 0.016950
0 0.555455 0.225017 0.015113 0.015262
0 0.543342 0.682917 0.013391 0.013760
0 0.768814 0.624957 0.014895 0.013990
0 0.534411 0.186802 0.019628 0.018085
0 0.534091 0.294059 0.013762 0.013550
0 0.440750 0.651567 0.018806 0.016848
0 0.717803 0.099371 0.015094 0.015040
0 0.421658 0.304629 0.016434 0.016251
0 0.590941 0.668371 0.016404 0.014757
0 0.268305 0.172471 0.016778 0.017581
0 0.459466 0.490852 0.016803 0.017281
0 0.561537 0.421328 0.013397 0.014484
0 0.599456 0.732077 0.015440 0.016497
0 0.696416 0.544115 0.015066 0.018223
0 0.576965 0.351539 0.014165 0.014273
0 0.373823 0.764626 0.012635 0.014990
0 0.293106 0.901058 0.012460 0.014350
0 0.760965 0.682025 0.014311 0.014479
0 0.369795 0.832680 0.013421 0.013152
0 0.316458 0.551891 0.018013 0.016688
0 0.368002 0.578274 0.014570 0.013403
0 0.212926 0.815322 0.012769 0.012364
0 0.688661 0.241891 0.016138 0.015845
0 0.306110 0.325136 0.025949 0.026879
0 0.383847 0.635401 0.015164 0.016319
0 0.347498 0.601670 0.018338 0.016312
0 0.772580 0.334466 0.016400 0.016985
0 0.617852 0.707966 0.016265 0.018104
0 0.191117 0.248949 0.016762 0.017103
0 0.502513 0.869448 0.015140 0.014067
0 0.061741 0.605416 0.015140 0.016272
0 0.761360 0.141198 0.017453 0.019851
0 0.617609 0.149488 0.017593 0.015696
0 0.326621 0.819729 0.012148 0.012870
0 0.730773 0.753073 0.014530 0.018051
0 0.883566 0.319754 0.016806 0.016734
0 0.884508 0.189422 0.015886 0.014636
0 0.183302 0.870085 0.012879 0.014229
0 0.630585 0.326857 0.013695 0.013957
1 0.861288 0.768640 0.043031 0.049884
0 0.393799 0.979686 0.015143 0.016249
0 0.526476 0.662539 0.013532 0.014558
0 0.918049 0.299215 0.013844 0.013124
0 0.827660 0.324629 0.015051 0.017245
0 0.692379 0.396398 0.019806 0.013615
0 0.358138 0.550928 0.017539 0.016270
0 0.940789 0.238830 0.016898 0.018946
0 0.839571 0.346191 0.020280 0.019784
0 0.418976 0.893560 0.013305 0.014628
0 0.681765 0.511174 0.013363 0.015191
0 0.791427 0.738355 0.016339 0.016997
0 0.422100 0.792312 0.016857 0.014732
0 0.754850 0.393803 0.014826 0.014402
0 0.458704 0.274182 0.015906 0.015877
0 0.553707 0.503474 0.017708 0.020908
0 0.426504 0.529889 0.014729 0.016119
0 0.659953 0.673363 0.019222 0.019713
0 0.437438 0.330645 0.015638 0.016219
0 0.418402 0.587685 0.016442 0.017222
0 0.772311 0.602680 0.014989 0.014398
0 0.516588 0.131834 0.017274 0.023857
0 0.779973 0.677390 0.015113 0.014412
0 0.336586 0.641690 0.016859 0.016435
0 0.514710 0.384854 0.015331 0.013728
0 0.564640 0.067957 0.014042 0.012241
0 0.517760 0.312193 0.016055 0.015596
0 0.239472 0.825771 0.014432 0.014743
0 0.224324 0.691468 0.014134 0.014470
0 0.873418 0.542714 0.016437 0.019915
0 0.812770 0.807817 0.014238 0.015195
0 0.436246 0.760582 0.015102 0.014332
0 0.855371 0.806001 0.015206 0.015605
0 0.442184 0.359560 0.014138 0.015294
0 0.545617 0.844092 0.017526 0.018604
0 0.358612 0.705317 0.013078 0.015313
0 0.835364 0.682868 0.017677 0.016157
0 0.706364 0.650623 0.012363 0.012904
0 0.394706 0.342271 0.014732 0.013887
0 0.167950 0.799350 0.011804 0.012644
0 0.391397 0.522910 0.016770 0.015245
0 0.462234 0.094749 0.018277 0.018897
0 0.721670 0.813759 0.015653 0.014852
0 0.653743 0.373751 0.016674 0.018283
0 0.487050 0.638043 0.014144 0.015043
0 0.818791 0.593753 0.014675 0.014858
0 0.485230 0.232042 0.016607 0.013938
0 0.576954 0.539816 0.013895 0.014870
0 0.221030 0.723065 0.015491 0.014276
0 0.415547 0.486768 0.017616 0.020773
0 0.710353 0.507841 0.012635 0.013710
0 0.566070 0.397549 0.013680 0.015722
0 0.184213 0.849517 0.012768 0.013865
0 0.594911 0.340387 0.014109 0.016922
0 0.691901 0.234584 0.019490 0.024343
0 0.669457 0.860685 0.017373 0.017482
0 0.428343 0.737943 0.016720 0.016628
0 0.463090 0.779128 0.013677 0.013912
0 0.544345 0.608321 0.015341 0.015353
0 0.496796 0.227608 0.016047 0.015182
0 0.352620 0.598465 0.018914 0.017349
0 0.695052 0.227150 0.013856 0.015896
0 0.680527 0.118755 0.011529 0.013012
0 0.475683 0.261662 0.015145 0.014382
0 0.393600 0.368966 0.015504 0.016944
0 0.408387 0.624616 0.013499 0.014146
0 0.530546 0.485980 0.015750 0.016907
0 0.624750 0.492386 0.017183 0.020113
0 0.528583 0.455778 0.014120 0.015334
0 0.441013 0.994743 0.014469 0.010514
0 0.738282 0.653022 0.014089 0.015272
1 0.493807 0.972657 0.052588 0.054686
0 0.779334 0.438234 0.013425 0.013357
0 0.476503 0.536095 0.015351 0.016454
0 0.608117 0.586048 0.017746 0.017090
0 0.603028 0.610719 0.015983 0.015348
0 0.493049 0.917608 0.013790 0.019269
0 0.400626 0.570230 0.013265 0.013832
0 0.249325 0.705782 0.012990 0.013928
0 0.624261 0.115322 0.013446 0.016102
1 0.322528 0.437056 0.070887 0.064930
0 0.251786 0.956276 0.013037 0.014071
0 0.796343 0.652454 0.014142 0.015940
0 0.841961 0.164457 0.022247 0.023984
0 0.797553 0.526886 0.016134 0.017338
0 0.544615 0.168360 0.015129 0.017308
0 0.424716 0.103724 0.017866 0.015564
0 0.483540 0.112507 0.018909 0.017357
0 0.796940 0.820573 0.020656 0.018218
0 0.151211 0.846147 0.013540 0.014090
0 0.769641 0.651037 0.018761 0.015174
0 0.757415 0.511438 0.017843 0.025533
0 0.615774 0.391702 0.013945 0.015679
0 0.419372 0.544223 0.014191 0.015949
0 0.462722 0.697023 0.015687 0.016757
0 0.534813 0.463658 0.018294 0.020802
0 0.534331 0.381650 0.016579 0.016823
0 0.362469 0.145493 0.015856 0.017109
0 0.624043 0.152013 0.020755 0.015884
0 0.430781 0.624462 0.016229 0.018680
0 0.517285 0.100893 0.012729 0.013493
0 0.837755 0.158934 0.018890 0.019217
0 0.843601 0.641187 0.015665 0.015613
0 0.291704 0.529050 0.017329 0.016832
0 0.545936 0.316942 0.013722 0.014199