0 0.233200 0.482361 0.012995 0.017077
0 0.433032 0.509302 0.013831 0.020293
0 0.371347 0.333968 0.014696 0.019762
0 0.640427 0.526832 0.012615 0.017055
0 0.250102 0.443109 0.013110 0.018290
0 0.332876 0.670218 0.013168 0.018044
0 0.485243 0.195276 0.014589 0.020901
0 0.333940 0.293140 0.013787 0.019622
0 0.342189 0.763568 0.016520 0.020333
0 0.535597 0.608759 0.013155 0.017438
0 0.498605 0.343851 0.013771 0.018593
0 0.428513 0.634414 0.013968 0.018739
0 0.418668 0.316927 0.014744 0.019385
0 0.420647 0.251935 0.013043 0.018265
0 0.558717 0.194231 0.012934 0.017929
0 0.458351 0.137842 0.011570 0.017609
0 0.559965 0.501825 0.012160 0.016513
0 0.269070 0.240511 0.011433 0.016808
0 0.276987 0.489440 0.012820 0.017847
1 0.481377 0.623211 0.036682 0.056346
1 0.598937 0.459934 0.047247 0.070046
0 0.217823 0.376521 0.012998 0.018970
0 0.373843 0.251709 0.013265 0.018443
0 0.201459 0.341703 0.012656 0.018006
0 0.475061 0.568303 0.012800 0.016912
0 0.486676 0.494491 0.013510 0.019301
0 0.178885 0.351558 0.013622 0.019088
0 0.638008 0.349446 0.013091 0.017702
0 0.590324 0.567165 0.010930 0.014490
0 0.628205 0.594177 0.012366 0.015830
0 0.279282 0.180677 0.010966 0.015705
0 0.275909 0.563743 0.012430 0.017175
0 0.466164 0.514750 0.010878 0.014603
0 0.639505 0.417518 0.011968 0.017314
0 0.465502 0.475903 0.011677 0.014277
0 0.608782 0.299109 0.012457 0.016255
0 0.662930 0.398973 0.012004 0.017749
0 0.377244 0.437947 0.013464 0.019658
0 0.229343 0.362282 0.012694 0.017201
0 0.506239 0.628723 0.010870 0.016083
0 0.419491 0.444223 0.011116 0.014643
0 0.510449 0.524442 0.012324 0.016847
0 0.430031 0.200971 0.012900 0.018068
0 0.524628 0.501950 0.012415 0.018921
0 0.645663 0.261665 0.013357 0.020096
1 0.432019 0.170050 0.034366 0.044764
0 0.560180 0.578689 0.012265 0.016847
0 0.293254 0.156937 0.011023 0.015554
0 0.316938 0.209727 0.010217 0.014791
0 0.365749 0.548073 0.011876 0.016248
0 0.394631 0.747092 0.015694 0.021101
1 0.360275 0.219926 0.029503 0.040015
0 0.623736 0.266208 0.012835 0.017833
0 0.496273 0.382067 0.013567 0.018581
0 0.411173 0.607180 0.012059 0.016812
0 0.389337 0.115275 0.009203 0.015702
0 0.676110 0.464222 0.010992 0.014478
0 0.559150 0.461783 0.012590 0.018840
0 0.505464 0.298294 0.013596 0.019109
0 0.244451 0.165698 0.010713 0.016314
0 0.294150 0.346710 0.012245 0.017952
0 0.596577 0.645422 0.013670 0.019320
0 0.342027 0.538370 0.014312 0.020404
0 0.564096 0.229208 0.010341 0.015293
0 0.367387 0.672587 0.011710 0.017823
0 0.376096 0.624909 0.010951 0.015213
0 0.304676 0.650448 0.010976 0.015281
0 0.404679 0.587656 0.012404 0.017529
0 0.562216 0.765226 0.014192 0.020239
0 0.288859 0.748563 0.014077 0.019269
0 0.480429 0.734679 0.021710 0.032171
0 0.297533 0.760145 0.014551 0.018060
0 0.674837 0.543823 0.010933 0.015960
0 0.282906 0.586104 0.013242 0.017273
0 0.346378 0.101377 0.011132 0.019052
0 0.671220 0.565511 0.012554 0.017151
0 0.368203 0.508186 0.010928 0.015766
0 0.399255 0.297951 0.011688 0.016962
0 0.302684 0.525735 0.011241 0.015385
0 0.439983 0.085196 0.009123 0.014284
0 0.355140 0.669447 0.011667 0.016732