0 0.333296 0.290400 0.013163 0.017686
0 0.437124 0.710288 0.008768 0.012767
1 0.660493 0.236746 0.053702 0.072996
0 0.560319 0.798239 0.011685 0.015984
0 0.542196 0.632654 0.010951 0.015336
0 0.288244 0.441045 0.013165 0.017334
0 0.271547 0.497506 0.013318 0.017684
0 0.605624 0.642890 0.010792 0.014851
0 0.517843 0.275552 0.012051 0.016376
0 0.368363 0.454929 0.012387 0.016978
0 0.499323 0.761375 0.009770 0.014037
0 0.631355 0.727414 0.011416 0.015792
0 0.385489 0.393864 0.013553 0.014980
0 0.331299 0.175663 0.011677 0.017128
0 0.337693 0.239869 0.012606 0.016625
0 0.578505 0.198099 0.011576 0.015695
0 0.245124 0.373147 0.011623 0.016103
0 0.497624 0.356897 0.012801 0.017451
0 0.393145 0.432253 0.012165 0.016279
0 0.614937 0.777441 0.011544 0.014880
0 0.547975 0.752750 0.010983 0.014381
0 0.500642 0.190064 0.013067 0.018855
0 0.667566 0.494598 0.011039 0.014784
0 0.578300 0.481223 0.010947 0.014619
0 0.577910 0.422414 0.012515 0.017205
0 0.420139 0.370094 0.010802 0.014425
0 0.621430 0.571516 0.009639 0.013947
0 0.469548 0.226872 0.011193 0.015737
0 0.320343 0.391345 0.013796 0.016677
0 0.494696 0.323867 0.015323 0.018890
0 0.380493 0.271751 0.011508 0.016981
0 0.269087 0.392884 0.013717 0.020934
0 0.365705 0.295211 0.011537 0.016863
0 0.573616 0.170431 0.011543 0.016501
0 0.267792 0.262118 0.010376 0.015435
0 0.588799 0.760286 0.011939 0.017371
0 0.297353 0.317890 0.014508 0.020838
0 0.313679 0.338351 0.011182 0.014594
0 0.243022 0.229038 0.013163 0.020000
0 0.642974 0.452832 0.009533 0.013279
0 0.518214 0.769179 0.009529 0.015069
0 0.430912 0.193509 0.013750 0.020229
0 0.199331 0.513949 0.010181 0.014552
0 0.466749 0.475136 0.010809 0.015441
1 0.341966 0.596585 0.037623 0.050246
0 0.490439 0.396119 0.013957 0.017709
0 0.443885 0.779479 0.008893 0.013499
0 0.591141 0.517044 0.012854 0.015312
0 0.189288 0.394699 0.013662 0.018020
0 0.387530 0.723943 0.011939 0.016391
0 0.550479 0.863617 0.011514 0.016172
0 0.263581 0.560625 0.010178 0.013719
0 0.568809 0.592498 0.012655 0.018463
0 0.493229 0.698992 0.010058 0.014045
0 0.452897 0.625783 0.009557 0.013045
0 0.596384 0.146895 0.014558 0.020214
0 0.225353 0.323219 0.012857 0.017322
0 0.437802 0.457638 0.010948 0.015331
0 0.426594 0.301906 0.014320 0.017412
0 0.414922 0.791098 0.010716 0.014604
0 0.463991 0.586382 0.010726 0.015248
0 0.371512 0.832300 0.012182 0.017236
0 0.174416 0.369567 0.011381 0.015124
0 0.410558 0.864644 0.012465 0.016454
0 0.565714 0.264905 0.010059 0.014067
0 0.419811 0.642363 0.010404 0.016997
0 0.625302 0.614808 0.008588 0.012951
0 0.482939 0.738562 0.009527 0.013783
0 0.679850 0.402839 0.011013 0.015835
0 0.693558 0.437462 0.011084 0.015381
0 0.531084 0.458264 0.009960 0.013493
0 0.538034 0.662611 0.009683 0.014047
1 0.605829 0.257568 0.036732 0.044112
0 0.511450 0.215372 0.013592 0.016698
0 0.607782 0.410106 0.013814 0.015767
0 0.386963 0.875243 0.015636 0.020854
0 0.214744 0.624565 0.009684 0.014451
0 0.410866 0.567112 0.009051 0.012823
0 0.420220 0.917311 0.017797 0.021376
0 0.410939 0.428095 0.011606 0.015600
0 0.351283 0.137551 0.015209 0.021231
0 0.382564 0.527956 0.008579 0.012091
0 0.505029 0.720663 0.009029 0.011896
0 0.245174 0.295297 0.013856 0.016444
0 0.462205 0.815523 0.012834 0.018702
0 0.222425 0.591081 0.011817 0.013676
0 0.395191 0.221323 0.014689 0.022841
0 0.636785 0.654018 0.008780 0.012460
0 0.478807 0.274435 0.012607 0.019253
0 0.313071 0.518076 0.009773 0.012302
0 0.593832 0.375680 0.013592 0.019572
0 0.235889 0.431459 0.009769 0.012846
0 0.627147 0.807473 0.013002 0.016449
0 0.347147 0.376084 0.014053 0.024068
0 0.520408 0.843623 0.010825 0.016281
0 0.252967 0.703099 0.010754 0.014307
0 0.526839 0.321151 0.011070 0.015219
0 0.662463 0.521743 0.010367 0.015037
0 0.509795 0.654793 0.009175 0.013798
0 0.273729 0.296668 0.011147 0.014056
0 0.578766 0.364996 0.011242 0.014976
1 0.455756 0.130688 0.015804 0.025612
0 0.579741 0.675803 0.010207 0.013021
0 0.562274 0.496526 0.011481 0.014930
0 0.678192 0.642271 0.011867 0.016827
0 0.230220 0.678119 0.011034 0.014552
0 0.349625 0.660348 0.011132 0.016051
0 0.636617 0.190986 0.011887 0.018031
0 0.623843 0.674834 0.009936 0.013755
0 0.391781 0.114879 0.012192 0.016332
0 0.238461 0.564142 0.012608 0.016729
0 0.514376 0.609343 0.011640 0.013612
0 0.467554 0.857163 0.019147 0.022641
0 0.489177 0.788314 0.010265 0.013442
1 0.246169 0.798787 0.038858 0.057744
0 0.375391 0.676267 0.013570 0.016321
0 0.537567 0.535601 0.010370 0.013227
0 0.552122 0.395396 0.014588 0.022475
0 0.383043 0.484302 0.011022 0.012017
0 0.523088 0.575636 0.013513 0.019243
0 0.403757 0.157137 0.014660 0.018384
0 0.644695 0.479254 0.009504 0.013495
0 0.295385 0.239320 0.010626 0.015819
0 0.427609 0.837934 0.012045 0.018494
0 0.297156 0.384814 0.010403 0.015945
0 0.427045 0.755234 0.008759 0.012349
0 0.565619 0.841429 0.011491 0.017954
0 0.312368 0.657300 0.012394 0.018424
0 0.288382 0.533845 0.010271 0.016273
0 0.542831 0.832426 0.013820 0.015733
0 0.487831 0.580738 0.010475 0.015825
0 0.180098 0.597584 0.008996 0.013946
0 0.436847 0.270019 0.010351 0.014667
0 0.326541 0.627355 0.010215 0.015683
0 0.685837 0.323306 0.014875 0.017453
0 0.471214 0.395496 0.015386 0.019389
0 0.250271 0.443603 0.010072 0.013373
0 0.711286 0.284977 0.010983 0.016210
0 0.231831 0.353593 0.013346 0.018063
0 0.304728 0.265324 0.010845 0.014218
0 0.713292 0.598217 0.011246 0.016422
0 0.387796 0.643840 0.009379 0.012740
0 0.490132 0.529388 0.014529 0.018070
0 0.330043 0.821075 0.012063 0.017828
0 0.423783 0.537839 0.009740 0.012871
0 0.575620 0.712409 0.010942 0.016637
0 0.567408 0.746957 0.009683 0.012235
0 0.448524 0.572098 0.011018 0.015498
0 0.667248 0.320291 0.014199 0.019566
0 0.409809 0.302169 0.011753 0.013855
0 0.402331 0.548998 0.008521 0.012841
0 0.683665 0.456938 0.008986 0.013056
0 0.619403 0.177320 0.013020 0.017915
0 0.525327 0.105281 0.013069 0.017518
0 0.414112 0.724196 0.009290 0.015302
0 0.692527 0.564481 0.011410 0.016904
0 0.710858 0.339153 0.013384 0.018816
0 0.473505 0.417355 0.013300 0.016296
0 0.679225 0.710631 0.011435 0.015668
0 0.190158 0.336161 0.013839 0.020629
0 0.443260 0.638132 0.009279 0.013205
0 0.251014 0.594594 0.010656 0.012584
0 0.320987 0.575899 0.009080 0.013236
0 0.421629 0.404577 0.010222 0.013951
0 0.261064 0.319916 0.010336 0.012399
0 0.589973 0.826597 0.014809 0.019631
0 0.376477 0.138244 0.014429 0.018352
0 0.252694 0.479852 0.010302 0.014243
0 0.596786 0.308445 0.012136 0.017519
0 0.153766 0.405051 0.014412 0.020353
1 0.292038 0.732345 0.039695 0.053152
0 0.398944 0.705502 0.009130 0.012714
0 0.297594 0.807119 0.017015 0.018448
0 0.228199 0.525619 0.010836 0.015383
0 0.447798 0.387235 0.011249 0.014823
0 0.415427 0.135232 0.011186 0.015397
0 0.557948 0.364768 0.010745 0.013987
0 0.336194 0.413123 0.011917 0.015811
0 0.586793 0.622022 0.008614 0.011657
0 0.519391 0.503348 0.014123 0.018682
0 0.248033 0.538608 0.008821 0.013071
0 0.468842 0.693199 0.009086 0.012450
0 0.472343 0.762727 0.009063 0.013125
0 0.693672 0.740397 0.015080 0.018119
0 0.514891 0.469452 0.013600 0.019002
0 0.732677 0.409058 0.015827 0.019385
0 0.193054 0.546222 0.009788 0.014009
0 0.603307 0.863628 0.012415 0.016776
0 0.392389 0.670901 0.009532 0.012713
0 0.343970 0.636963 0.012932 0.017970
0 0.608259 0.199236 0.010244 0.012528
0 0.412667 0.495991 0.015704 0.017468
0 0.393145 0.343770 0.008439 0.012311
0 0.574240 0.446267 0.010280 0.014150
0 0.258412 0.218327 0.010783 0.015691
0 0.356162 0.538834 0.011001 0.014662
0 0.492257 0.264721 0.011357 0.015461
0 0.352529 0.552162 0.011826 0.016939
0 0.557764 0.130973 0.013546 0.018941
0 0.356972 0.791538 0.013551 0.017405
0 0.350474 0.718945 0.014865 0.016798
0 0.617320 0.836562 0.013013 0.018306
0 0.187241 0.617669 0.008515 0.012378
0 0.486387 0.846607 0.010545 0.015591
0 0.307189 0.452275 0.009179 0.012596
0 0.655665 0.727192 0.012798 0.014711
0 0.230247 0.708692 0.009297 0.012582
0 0.456603 0.507080 0.009915 0.014272
0 0.294113 0.850297 0.010009 0.015193
0 0.424849 0.445909 0.011710 0.017589
0 0.533882 0.559426 0.013094 0.016977
0 0.511562 0.693313 0.007816 0.011836
0 0.391424 0.904282 0.021233 0.021065
0 0.235595 0.629030 0.009450 0.014093
0 0.545004 0.191638 0.011752 0.017933
0 0.633862 0.786490 0.009793 0.013777
0 0.730806 0.470432 0.008436 0.011705
0 0.408507 0.482129 0.011723 0.019263
0 0.509333 0.370611 0.009153 0.012351
0 0.175938 0.310765 0.012119 0.016816
0 0.574841 0.129445 0.013982 0.018074
0 0.193596 0.655544 0.009665 0.013480
0 0.233397 0.632146 0.009719 0.015186
0 0.304165 0.622063 0.007969 0.011168
0 0.537662 0.180791 0.011207 0.016989
0 0.448710 0.589597 0.008835 0.016327
0 0.415745 0.209207 0.010679 0.013590
0 0.378452 0.582032 0.007502 0.010071
0 0.644366 0.545912 0.008459 0.011546
0 0.317591 0.221904 0.009157 0.013965
0 0.455152 0.286748 0.009453 0.014502
0 0.350561 0.880265 0.014603 0.018170
0 0.418437 0.172471 0.012319 0.015686
0 0.339705 0.416099 0.011805 0.014329
0 0.704837 0.690408 0.010322 0.014277
0 0.540655 0.430851 0.009392 0.013079
0 0.709860 0.499873 0.009119 0.010906
0 0.638132 0.513031 0.009473 0.013330
0 0.402135 0.898937 0.017351 0.019831
0 0.468014 0.534195 0.011598 0.018002
0 0.230764 0.278099 0.009611 0.014750
0 0.739314 0.443069 0.012114 0.015611
0 0.611795 0.472354 0.008845 0.012842
0 0.706918 0.662856 0.010028 0.014705
0 0.298389 0.377806 0.012028 0.017723
0 0.432730 0.535744 0.010606 0.012412
0 0.622622 0.555296 0.008791 0.012933
0 0.663952 0.730284 0.012772 0.013900
1 0.298265 0.203470 0.028253 0.040644