0 0.262626 0.604180 0.017317 0.012938
0 0.181846 0.708915 0.018398 0.013977
0 0.311486 0.604680 0.016018 0.012310
0 0.254897 0.734067 0.018059 0.013772
0 0.715540 0.841287 0.018119 0.013801
0 0.406379 0.681283 0.018245 0.014829
0 0.296778 0.704487 0.017494 0.012623
0 0.609405 0.578771 0.017161 0.012883
0 0.375810 0.609755 0.015188 0.011062
0 0.485621 0.787118 0.018246 0.013656
0 0.284041 0.572464 0.018543 0.014768
0 0.415647 0.597663 0.015192 0.011748
0 0.418040 0.840766 0.018096 0.014351
0 0.175236 0.658647 0.018099 0.014162
0 0.215021 0.586299 0.016984 0.012295
0 0.659443 0.733770 0.018878 0.014742
0 0.241543 0.783817 0.019085 0.015171
0 0.240920 0.700439 0.017637 0.013851
0 0.217094 0.545073 0.017266 0.013957
0 0.647820 0.484090 0.016036 0.013198
0 0.690550 0.797738 0.016504 0.013503
0 0.174433 0.601248 0.016635 0.012587
0 0.535806 0.829771 0.018608 0.014242
0 0.594333 0.612106 0.014334 0.010503
0 0.185940 0.513568 0.017918 0.013790
0 0.342468 0.635286 0.013937 0.010908
0 0.539949 0.697652 0.018376 0.016137
0 0.173908 0.545092 0.017643 0.013330
0 0.750171 0.634701 0.015536 0.012538
0 0.252888 0.561015 0.016106 0.013373
0 0.649605 0.692358 0.015677 0.012043
0 0.459653 0.659180 0.015500 0.012164
0 0.434353 0.576069 0.016091 0.013010
0 0.677849 0.467447 0.017824 0.013344
1 0.364997 0.886875 0.054897 0.042706
1 0.731090 0.585453 0.049739 0.037915
0 0.273136 0.535106 0.016120 0.012309
0 0.365328 0.554209 0.015050 0.011191
0 0.385775 0.540868 0.015370 0.012749
0 0.723831 0.614107 0.014490 0.011286
0 0.685125 0.713586 0.015511 0.012277
0 0.155426 0.677621 0.022509 0.017242
0 0.368386 0.849024 0.015027 0.011692
0 0.198261 0.802734 0.018227 0.013356
0 0.545085 0.943254 0.019841 0.014383
0 0.589330 0.552925 0.023126 0.016913
1 0.481765 0.966846 0.050905 0.039270
0 0.334183 0.675064 0.016321 0.013101
0 0.530442 0.530793 0.018245 0.012787
0 0.752970 0.715609 0.013390 0.011353
0 0.540227 0.552824 0.016823 0.014154
0 0.118842 0.648682 0.017088 0.013949
0 0.281597 0.875481 0.017348 0.013184
0 0.398572 0.744869 0.019405 0.015489
0 0.640447 0.590642 0.015623 0.011947
1 0.786027 0.626854 0.044459 0.034220
0 0.462194 0.587121 0.015071 0.011487
0 0.657223 0.633196 0.016784 0.013043
0 0.582732 0.687858 0.013332 0.010307
0 0.519126 0.718114 0.017508 0.014022
0 0.282932 0.823061 0.018109 0.013495
0 0.624940 0.824211 0.016637 0.013735
0 0.651142 0.674485 0.013699 0.010996
0 0.770731 0.799412 0.014776 0.012234
0 0.611639 0.466050 0.015531 0.014587
0 0.157529 0.763104 0.019506 0.016093
0 0.468543 0.552393 0.014905 0.012905
0 0.678177 0.751346 0.014135 0.011780
0 0.258976 0.691560 0.016116 0.014121
0 0.715074 0.471371 0.017874 0.014864
0 0.291970 0.523976 0.014140 0.011843
0 0.711231 0.777157 0.015338 0.011425
0 0.717517 0.654718 0.017314 0.013935
0 0.823353 0.743673 0.013165 0.010538
0 0.762279 0.524120 0.020989 0.015909
0 0.412748 0.534749 0.015022 0.011887
0 0.639051 0.535062 0.020627 0.014340
0 0.496228 0.547767 0.015449 0.012972
0 0.124521 0.753081 0.016609 0.012810
0 0.567259 0.523869 0.014962 0.010983
0 0.474085 0.515733 0.013079 0.010793
0 0.582197 0.500252 0.018320 0.016456
0 0.681759 0.588155 0.015278 0.011741
0 0.824846 0.631803 0.013613 0.011328
0 0.307159 0.483187 0.013312 0.012309
1 0.544549 0.984566 0.050091 0.030868
0 0.802334 0.674893 0.012885 0.009958
0 0.372501 0.688122 0.019937 0.015761
0 0.224455 0.483485 0.014412 0.012828
0 0.726745 0.806299 0.015002 0.011788
0 0.359648 0.678587 0.016030 0.014302
0 0.298402 0.826530 0.017223 0.012186
0 0.602494 0.711739 0.013474 0.011167
1 0.511931 0.478432 0.035263 0.022091
0 0.592847 0.983459 0.016175 0.013589
0 0.821634 0.550261 0.016497 0.013218
0 0.639985 0.651442 0.014276 0.010634
0 0.643680 0.620678 0.013246 0.010843
1 0.507198 0.428242 0.027110 0.019716
0 0.518140 0.562419 0.013646 0.010515
0 0.357754 0.587568 0.014563 0.009992
0 0.535090 0.503814 0.013545 0.010573
0 0.686862 0.605785 0.015118 0.011287
0 0.224732 0.562522 0.014092 0.010719
0 0.633158 0.965871 0.017976 0.013902
0 0.633655 0.514339 0.012791 0.010903
0 0.856804 0.734902 0.013501 0.010118
0 0.332361 0.572247 0.014578 0.011694
1 0.319838 0.542933 0.050265 0.031986
0 0.363303 0.682294 0.021513 0.017771
0 0.567753 0.441937 0.012919 0.011890
0 0.800984 0.699742 0.011688 0.009847
0 0.450352 0.415047 0.011043 0.009885
0 0.687646 0.626496 0.012121 0.010047
0 0.299323 0.963237 0.015377 0.012868
1 0.605933 0.649100 0.039705 0.035172
1 0.426473 0.503962 0.044600 0.020360
0 0.826987 0.589495 0.014912 0.013202
0 0.405752 0.877923 0.013285 0.010913
1 0.413490 0.638580 0.046904 0.036821
0 0.826919 0.575962 0.015382 0.015116
1 0.823099 0.846121 0.080276 0.050219
1 0.504438 0.426470 0.001193 0.000000
1 0.533662 0.644756 0.085883 0.037574
1 0.428098 0.466728 0.041749 0.032206
1 0.411995 0.398290 0.028628 0.020576
1 0.508017 0.403210 0.034592 0.023260
1 0.097091 0.614451 0.031013 0.025944
1 0.689325 0.906543 0.048906 0.037574
1 0.728688 0.929803 0.036977 0.033995
1 0.752545 0.881046 0.025049 0.034890
1 0.795486 0.894913 0.070376 0.046520
1 0.756720 0.848840 0.000000 0.000895