0 0.385994 0.766052 0.013540 0.010013
0 0.741629 0.583836 0.013151 0.011451
0 0.784038 0.645941 0.013782 0.010497
0 0.566518 0.683732 0.011215 0.009428
0 0.350267 0.618250 0.012347 0.010238
0 0.571122 0.621129 0.011716 0.009015
0 0.636811 0.528036 0.014173 0.011107
0 0.603221 0.650504 0.012394 0.009362
0 0.385923 0.628403 0.012019 0.009126
1 0.339596 0.684064 0.051747 0.039044
0 0.547234 0.646972 0.012669 0.010240
0 0.477312 0.804545 0.020998 0.017614
0 0.638897 0.601811 0.012411 0.009392
0 0.287777 0.601815 0.013243 0.009965
0 0.357259 0.402179 0.015092 0.012524
0 0.568843 0.665785 0.011521 0.009215
0 0.729938 0.531877 0.015499 0.012130
0 0.657875 0.393134 0.015172 0.011880
0 0.791597 0.532883 0.012544 0.009211
0 0.309473 0.545547 0.013414 0.010971
0 0.501082 0.790715 0.016067 0.012516
1 0.748420 0.632861 0.044030 0.031551
0 0.726033 0.560234 0.011401 0.008964
0 0.752006 0.481802 0.011802 0.009422
0 0.393591 0.613467 0.011798 0.009328
0 0.343349 0.466440 0.014611 0.011640
0 0.496529 0.489334 0.017974 0.014280
0 0.565154 0.712562 0.012539 0.009827
0 0.790903 0.573727 0.012672 0.010141
0 0.666609 0.652976 0.011402 0.008511
0 0.256736 0.361708 0.014977 0.012526
0 0.825649 0.609806 0.013263 0.009344
0 0.470749 0.548212 0.014720 0.010519
0 0.599523 0.676850 0.013127 0.010745
0 0.305417 0.558874 0.011869 0.009623
0 0.470994 0.598759 0.012151 0.010021
0 0.533441 0.332596 0.016720 0.014702
0 0.326605 0.578195 0.014278 0.011467
0 0.404254 0.335730 0.015294 0.013364
0 0.511132 0.568749 0.012981 0.009687
0 0.315985 0.406481 0.014812 0.011052
0 0.279331 0.703350 0.012066 0.009430
0 0.803098 0.593449 0.016843 0.011221
0 0.319248 0.527102 0.013807 0.010591
0 0.761330 0.570276 0.013449 0.009683
0 0.393707 0.500795 0.013925 0.010613
0 0.548154 0.404934 0.015357 0.012065
0 0.456880 0.400628 0.014779 0.011648
0 0.599099 0.694407 0.011575 0.009273
0 0.692649 0.620676 0.012079 0.008553
0 0.455915 0.651174 0.011602 0.009229
0 0.523757 0.725034 0.011931 0.011149
0 0.756003 0.535248 0.012456 0.009555
0 0.701134 0.434090 0.014115 0.012489
0 0.582364 0.766952 0.017887 0.014602
0 0.786329 0.490633 0.011358 0.008963
0 0.388589 0.586606 0.017623 0.012293
0 0.620566 0.446610 0.016741 0.011751
0 0.498746 0.756428 0.014729 0.010546
0 0.424877 0.633118 0.011045 0.008422
0 0.629073 0.551702 0.013709 0.009979
0 0.596022 0.506699 0.013668 0.009535
0 0.332832 0.711468 0.012020 0.008156
0 0.366070 0.653738 0.010535 0.008110
0 0.276849 0.644418 0.010852 0.009270
0 0.657608 0.616571 0.010863 0.008456
0 0.440211 0.793738 0.016552 0.014346
0 0.655823 0.484815 0.016071 0.013635
0 0.738685 0.446812 0.011494 0.009021
0 0.241536 0.628714 0.014107 0.011676
0 0.610794 0.329060 0.016412 0.012997
0 0.379730 0.702070 0.010947 0.008742
0 0.650987 0.635345 0.011942 0.010968
0 0.332238 0.609365 0.010633 0.008709
0 0.306844 0.741653 0.012734 0.009881
0 0.687215 0.744434 0.017627 0.013617
0 0.298445 0.442019 0.014052 0.011021
0 0.712008 0.608549 0.011825 0.010769
0 0.613444 0.620244 0.012655 0.009723
0 0.601668 0.627083 0.012946 0.010915
0 0.358365 0.639043 0.013412 0.010270
0 0.507007 0.588526 0.012164 0.010260
0 0.509068 0.542485 0.013848 0.012621
0 0.744055 0.426122 0.012570 0.010040
0 0.809341 0.510150 0.012654 0.010170
0 0.378056 0.421217 0.015008 0.010339
0 0.623516 0.761735 0.015497 0.012051
0 0.552442 0.565915 0.016004 0.012570
0 0.668561 0.675224 0.012913 0.009922
0 0.619080 0.593820 0.011400 0.008851
0 0.326661 0.484245 0.014673 0.012677
0 0.785145 0.615968 0.012440 0.009426
0 0.564327 0.436769 0.016738 0.015430
0 0.427320 0.740393 0.013450 0.010068
0 0.715704 0.460401 0.012516 0.009814
0 0.290276 0.348480 0.015307 0.013352
0 0.279585 0.620457 0.011702 0.009309
0 0.512867 0.516939 0.013223 0.010705
0 0.416737 0.605137 0.011723 0.012392
0 0.614752 0.510983 0.014008 0.009935
0 0.408012 0.530616 0.017283 0.014176
0 0.658901 0.710445 0.013162 0.009673
0 0.644943 0.569716 0.011544 0.010667
0 0.407360 0.477071 0.013922 0.013464
0 0.669600 0.768211 0.015903 0.012173
0 0.327519 0.390370 0.013865 0.011014
0 0.702768 0.564099 0.015617 0.010985
0 0.602048 0.346966 0.013552 0.010904
0 0.758120 0.609310 0.012157 0.007960
0 0.637386 0.667288 0.014844 0.010538
0 0.708219 0.586757 0.012642 0.009411
0 0.792666 0.423881 0.013407 0.012664
0 0.369096 0.724276 0.012248 0.009256
0 0.456560 0.376618 0.012302 0.009487
0 0.817419 0.634871 0.014288 0.010046
0 0.711782 0.507672 0.012858 0.010710
0 0.672884 0.580874 0.012122 0.009362
0 0.623943 0.747577 0.012987 0.010459
0 0.761423 0.437723 0.012222 0.010011
0 0.638596 0.460947 0.015355 0.013214
0 0.582936 0.583426 0.017145 0.011924
0 0.428357 0.647391 0.011818 0.009087
0 0.209556 0.638717 0.011577 0.009695
0 0.207210 0.465188 0.013041 0.010680
0 0.583537 0.479215 0.015061 0.010586
0 0.620874 0.689405 0.015077 0.010731
0 0.402610 0.645345 0.010741 0.008227
0 0.634440 0.691050 0.014782 0.010248
0 0.659402 0.425218 0.018793 0.013328
0 0.666217 0.443019 0.014046 0.009732
0 0.692774 0.398838 0.011931 0.008748
0 0.484559 0.624378 0.014515 0.010906
0 0.483304 0.570351 0.012803 0.012137
0 0.634002 0.491592 0.017790 0.012676
0 0.470817 0.782975 0.016307 0.013396
0 0.417532 0.585486 0.012484 0.010611
0 0.812603 0.671845 0.014610 0.010808
0 0.309051 0.326727 0.014574 0.012498
0 0.302359 0.717885 0.013751 0.011689
0 0.337069 0.507136 0.014098 0.010866
0 0.491433 0.333491 0.017852 0.013399
0 0.312294 0.434581 0.012912 0.009655
0 0.449414 0.734747 0.011703 0.010319
0 0.290305 0.507224 0.019240 0.012499
0 0.354983 0.346214 0.018289 0.013581
0 0.357929 0.722017 0.014289 0.009061
0 0.556047 0.535639 0.015654 0.010862
0 0.391381 0.734728 0.012663 0.012718
0 0.412508 0.687382 0.014584 0.008865
0 0.715661 0.360943 0.012181 0.009630
0 0.558971 0.497412 0.014291 0.012931
0 0.681041 0.521421 0.015714 0.012551
0 0.686979 0.458185 0.013592 0.012099
0 0.359145 0.529401 0.012066 0.009455
0 0.451919 0.563775 0.013133 0.011501
0 0.737058 0.508656 0.011806 0.009161
0 0.352760 0.566790 0.012548 0.009094
0 0.679579 0.631731 0.010613 0.009433
0 0.713914 0.325396 0.013142 0.013367
0 0.622727 0.411379 0.013346 0.011569
0 0.255704 0.702370 0.013195 0.009617
0 0.288733 0.735263 0.013640 0.009756
0 0.332057 0.625248 0.010246 0.008664
0 0.321923 0.369269 0.013828 0.010687
0 0.329764 0.771144 0.015521 0.011096
0 0.532763 0.602002 0.013136 0.009970
0 0.488395 0.381940 0.018382 0.013669
0 0.500635 0.693916 0.010321 0.009124
0 0.769702 0.588795 0.011529 0.007862
0 0.802324 0.549766 0.012550 0.010943
0 0.553687 0.739717 0.012168 0.008893
0 0.720302 0.628162 0.011770 0.008628
0 0.673752 0.699744 0.013212 0.011907
0 0.510135 0.705192 0.010931 0.009029
0 0.746080 0.341580 0.013594 0.011992
0 0.531445 0.554475 0.012144 0.008413
0 0.209021 0.519936 0.011786 0.009025
0 0.341499 0.411781 0.013985 0.010435
0 0.714207 0.401163 0.014629 0.009929
0 0.518182 0.627679 0.013135 0.012927
0 0.588842 0.314482 0.012133 0.010738
0 0.378051 0.525189 0.012799 0.010828
0 0.399914 0.550549 0.017464 0.012716
0 0.589289 0.451207 0.016537 0.013247
0 0.186609 0.528540 0.011954 0.009513
0 0.543569 0.540500 0.018236 0.011050
0 0.419081 0.493297 0.012727 0.009816
0 0.617524 0.568923 0.012720 0.008783
0 0.430831 0.761057 0.013400 0.009642
0 0.361979 0.705240 0.011057 0.008377
0 0.243256 0.538048 0.013137 0.011693
0 0.794668 0.463446 0.013811 0.011742
0 0.715459 0.509908 0.014497 0.011682
0 0.440336 0.445635 0.015989 0.012254
0 0.773973 0.410386 0.013004 0.010674
0 0.414791 0.381502 0.016430 0.012441
0 0.397537 0.302309 0.018475 0.016041
0 0.430682 0.410618 0.017704 0.012323
0 0.450049 0.628783 0.011310 0.010891
0 0.515412 0.512493 0.013337 0.013022
0 0.364927 0.487409 0.012612 0.010191
0 0.815264 0.466440 0.012692 0.009979
0 0.521336 0.506894 0.016677 0.010329
0 0.688692 0.655922 0.010680 0.008949
0 0.770554 0.515593 0.018955 0.011934
0 0.581415 0.402527 0.013453 0.010250
0 0.699620 0.768639 0.016971 0.013446
0 0.454901 0.540618 0.013066 0.010475
0 0.202912 0.494754 0.012307 0.009429
0 0.322838 0.350383 0.013597 0.011069
0 0.625781 0.428941 0.012531 0.010154
0 0.658825 0.444969 0.014472 0.009921
0 0.831785 0.578482 0.017361 0.015437
0 0.624218 0.753172 0.015008 0.022823
0 0.579938 0.564865 0.014604 0.010541
0 0.700335 0.350808 0.014222 0.012818
0 0.471538 0.685836 0.013244 0.011156
0 0.678455 0.711083 0.016795 0.011248
0 0.387987 0.626261 0.013401 0.017315
0 0.602899 0.421568 0.015470 0.012902
0 0.446050 0.506848 0.015658 0.014293
0 0.372250 0.372231 0.017345 0.016654
0 0.802549 0.555664 0.012632 0.012006
0 0.590813 0.385869 0.013374 0.010833
0 0.680390 0.551779 0.012231 0.008395
0 0.539468 0.619289 0.014143 0.011394
0 0.653919 0.364325 0.015063 0.011886
0 0.377432 0.386758 0.013656 0.012218