1 0.363885 0.305235 0.068530 0.054278
0 0.307743 0.481013 0.018621 0.014851
0 0.311564 0.442034 0.018104 0.013862
0 0.391846 0.396180 0.017881 0.014900
0 0.396309 0.533259 0.018359 0.013205
0 0.588938 0.559688 0.019255 0.015032
0 0.246181 0.459442 0.019141 0.014018
0 0.671521 0.506904 0.017951 0.013561
0 0.414408 0.452010 0.016597 0.012830
0 0.447259 0.542902 0.019145 0.015560
0 0.862676 0.608226 0.017462 0.013183
0 0.423327 0.272498 0.018132 0.013815
0 0.804605 0.346118 0.019198 0.015328
0 0.362898 0.347066 0.016426 0.012841
0 0.438483 0.749113 0.020764 0.015444
0 0.325136 0.417003 0.018132 0.013484
0 0.611651 0.347034 0.017541 0.013382
0 0.804463 0.503539 0.018581 0.015246
0 0.341561 0.388794 0.017828 0.016101
0 0.756038 0.610298 0.016008 0.011946
0 0.407839 0.338492 0.021136 0.014030
0 0.364970 0.514394 0.016752 0.012577
0 0.516524 0.366224 0.017256 0.013000
0 0.540474 0.819095 0.023763 0.016735
0 0.780251 0.329393 0.018865 0.012859
0 0.258488 0.435241 0.015571 0.012095
0 0.883700 0.357212 0.017264 0.014018
0 0.740923 0.717158 0.022135 0.017465
0 0.683005 0.406236 0.016188 0.013784
1 0.639732 0.632110 0.039476 0.032577
0 0.540322 0.440453 0.015444 0.012147
0 0.802711 0.611552 0.018410 0.014616
0 0.636541 0.456002 0.018060 0.014544
0 0.494885 0.793470 0.024627 0.021250
0 0.533427 0.417540 0.015984 0.012771
0 0.530683 0.781254 0.023380 0.018669
0 0.773973 0.307019 0.019184 0.014862
0 0.334112 0.565539 0.019086 0.014885
0 0.625194 0.530747 0.015415 0.011953
0 0.505723 0.608425 0.014969 0.012105
0 0.806424 0.418921 0.016593 0.013835
0 0.817285 0.307330 0.018311 0.014649
0 0.257399 0.607440 0.018443 0.013977
0 0.328943 0.359942 0.015214 0.011248
0 0.610850 0.327685 0.017929 0.013497
0 0.557082 0.713480 0.016651 0.013093
0 0.903553 0.572122 0.017796 0.012451
0 0.731043 0.425239 0.016638 0.013325
0 0.681614 0.226139 0.017325 0.014736
0 0.402369 0.491952 0.018191 0.013014
0 0.317945 0.741767 0.016860 0.013400
0 0.470018 0.477841 0.018639 0.013842
0 0.932137 0.380056 0.017862 0.014929
0 0.705878 0.640137 0.018290 0.014073
0 0.556147 0.679850 0.016079 0.012848
0 0.770085 0.353900 0.016785 0.013338
0 0.451798 0.286199 0.012828 0.011515
0 0.464142 0.767927 0.020627 0.015110
0 0.382741 0.775449 0.017372 0.013886
0 0.258263 0.499318 0.015796 0.013767
0 0.934605 0.539201 0.016721 0.013385
0 0.379233 0.599920 0.016376 0.013154
1 0.680107 0.345396 0.035596 0.022091
0 0.453844 0.211226 0.015855 0.012595
1 0.562443 0.408106 0.031113 0.026178
0 0.603215 0.717686 0.018544 0.014966
0 0.452659 0.677139 0.013696 0.010642
0 0.743896 0.531249 0.017621 0.015099
0 0.735128 0.745261 0.017083 0.012572
0 0.307488 0.269978 0.017289 0.014837
0 0.407498 0.740586 0.022624 0.014885
0 0.566145 0.783822 0.034524 0.031685
0 0.652681 0.297237 0.019094 0.013775
0 0.663239 0.573807 0.019041 0.014032
0 0.543310 0.464594 0.016110 0.013895
0 0.634081 0.513945 0.014838 0.012723
0 0.639607 0.238155 0.014417 0.013991
0 0.507118 0.496900 0.012543 0.010887
0 0.687961 0.428040 0.014750 0.011012
0 0.287477 0.422834 0.014463 0.010879
0 0.689969 0.260540 0.015834 0.013661
0 0.572902 0.656445 0.015641 0.012797
0 0.680040 0.590639 0.014112 0.011134
0 0.843148 0.355482 0.017931 0.013941
0 0.252845 0.659544 0.017321 0.013766
0 0.472655 0.534656 0.014276 0.011748