0 0.185153 0.633467 0.010674 0.014085
0 0.142787 0.570282 0.011857 0.016432
0 0.428922 0.491070 0.010336 0.013602
0 0.386655 0.427767 0.012583 0.017492
0 0.224353 0.539421 0.009457 0.013207
1 0.575182 0.244473 0.039741 0.052314
0 0.339025 0.623280 0.009085 0.012634
1 0.414501 0.666663 0.042280 0.053442
0 0.469163 0.523629 0.009684 0.013246
1 0.645214 0.439760 0.042459 0.063831
0 0.327503 0.645532 0.008719 0.012036
0 0.295718 0.416158 0.011656 0.014914
0 0.322445 0.329678 0.015282 0.020338
0 0.418800 0.521163 0.009865 0.013669
1 0.504648 0.570255 0.033452 0.039396
1 0.618548 0.414733 0.038947 0.045799
0 0.283460 0.574900 0.010444 0.015657
0 0.395617 0.528463 0.009766 0.012455
0 0.235906 0.748847 0.009634 0.013588
0 0.246858 0.488091 0.010819 0.015275
0 0.410946 0.601119 0.009605 0.012954
0 0.456751 0.476419 0.010245 0.013876
0 0.179835 0.571938 0.011497 0.015278
0 0.240910 0.532270 0.009088 0.012642
0 0.576120 0.517397 0.009873 0.015179
0 0.477646 0.489675 0.011706 0.013616
1 0.644256 0.589640 0.030615 0.053838
1 0.548944 0.285489 0.040600 0.045911
0 0.435428 0.262164 0.017223 0.023465
1 0.307202 0.374291 0.033133 0.047529
0 0.190099 0.508914 0.010344 0.013704
0 0.227448 0.426080 0.012880 0.017149
1 0.441208 0.433980 0.036974 0.042573
0 0.334081 0.586032 0.009674 0.012366
1 0.257944 0.186152 0.051760 0.069923
1 0.508924 0.370390 0.034235 0.040096
0 0.297477 0.619537 0.010719 0.014274
0 0.400566 0.552611 0.010570 0.013901
0 0.241291 0.607120 0.011662 0.013846
0 0.199922 0.616050 0.009103 0.012609
0 0.201307 0.692959 0.009253 0.014043
0 0.454262 0.545681 0.010765 0.013886
0 0.153136 0.589197 0.010162 0.014267
0 0.305834 0.674519 0.007846 0.011244
0 0.543896 0.471526 0.009826 0.013863
1 0.510571 0.706400 0.041573 0.035240
0 0.352303 0.445558 0.010684 0.013615
0 0.224278 0.582068 0.009779 0.014512
0 0.523181 0.503940 0.009166 0.013807
0 0.301534 0.455365 0.010051 0.013952
1 0.622625 0.287146 0.030243 0.046417
0 0.384657 0.474244 0.012786 0.016625
0 0.264256 0.801032 0.013410 0.018562
0 0.426254 0.756317 0.009747 0.013393
0 0.365358 0.496265 0.012420 0.017327
0 0.588933 0.492024 0.008594 0.011340
0 0.293175 0.786294 0.010952 0.017173
0 0.488625 0.544253 0.009440 0.012027
0 0.416246 0.453326 0.010803 0.014516
0 0.321716 0.605501 0.008248 0.011679
0 0.426355 0.820101 0.013652 0.018977
0 0.455225 0.810383 0.012813 0.017205
0 0.216565 0.696593 0.009510 0.012915
0 0.343849 0.818576 0.012951 0.018161
0 0.227675 0.475718 0.010907 0.014355
0 0.208023 0.477576 0.012147 0.018839
0 0.275317 0.440494 0.010761 0.014722
0 0.612415 0.325982 0.010489 0.014147
0 0.581629 0.611898 0.010000 0.012332
0 0.203077 0.534162 0.012717 0.015381
0 0.510483 0.397095 0.011549 0.014924
0 0.223517 0.601871 0.009214 0.012385
0 0.473576 0.560336 0.009192 0.013092
0 0.254041 0.654694 0.009334 0.013561
0 0.525888 0.462162 0.011933 0.016099
0 0.337969 0.487526 0.010872 0.014570
0 0.464543 0.644545 0.008584 0.011444
0 0.275183 0.748027 0.009908 0.013758
0 0.235355 0.500216 0.010900 0.013842
0 0.233336 0.691349 0.009711 0.015366
0 0.510583 0.480209 0.008732 0.012656
0 0.537521 0.389071 0.009741 0.013768
0 0.216826 0.653612 0.010740 0.018795
0 0.550159 0.486925 0.009573 0.013513
0 0.365968 0.740491 0.009451 0.012866
0 0.268168 0.536123 0.010231 0.017025
0 0.392361 0.576316 0.009253 0.013142
0 0.531130 0.438077 0.010015 0.015404
0 0.198454 0.763523 0.010185 0.013480
0 0.532485 0.541730 0.009528 0.013014
0 0.271492 0.611927 0.009463 0.011493
0 0.562997 0.613598 0.010115 0.012432
0 0.202308 0.640721 0.009870 0.011855
0 0.310093 0.804946 0.012999 0.016819
0 0.412569 0.495097 0.009214 0.013680
0 0.435341 0.550132 0.009562 0.013831
0 0.429559 0.567137 0.010558 0.013190
0 0.462082 0.772961 0.010826 0.015601
0 0.341729 0.515076 0.010822 0.015495
0 0.248855 0.433650 0.014643 0.017516
0 0.375801 0.382170 0.012263 0.018226
0 0.374558 0.654865 0.010158 0.012469
0 0.480605 0.377169 0.009862 0.014732
1 0.483952 0.679077 0.030512 0.040890
0 0.302029 0.554023 0.013376 0.015279
0 0.443009 0.593775 0.011436 0.012394
0 0.186000 0.595694 0.010023 0.014714
0 0.484486 0.467018 0.010329 0.013676
0 0.231841 0.665337 0.007854 0.011575
0 0.353607 0.466216 0.010901 0.016798
0 0.572057 0.653946 0.010590 0.014064
0 0.599026 0.629895 0.009968 0.015062
0 0.307947 0.525126 0.012858 0.016287
0 0.199317 0.537241 0.013922 0.015779
0 0.595086 0.489006 0.011668 0.012140
0 0.421364 0.617583 0.008408 0.013279
1 0.530086 0.770009 0.064637 0.048824
0 0.576914 0.578018 0.009895 0.013963
0 0.461484 0.398047 0.011123 0.018021
0 0.573219 0.295623 0.012635 0.018190
0 0.368892 0.325291 0.011360 0.017217
0 0.588426 0.648817 0.010091 0.012679
0 0.324144 0.688558 0.010466 0.017528
0 0.345504 0.569584 0.013735 0.014457
0 0.276985 0.480393 0.011010 0.014741
0 0.592462 0.592423 0.008224 0.011586
0 0.175152 0.745835 0.010738 0.013435
0 0.554049 0.509122 0.007879 0.010195
0 0.506866 0.455062 0.009333 0.012471
0 0.599398 0.485617 0.008516 0.011495
0 0.473021 0.282870 0.011109 0.015764
0 0.500258 0.507378 0.009194 0.011939
0 0.312440 0.626338 0.009997 0.017686
0 0.200881 0.443366 0.011180 0.014790
0 0.231318 0.780943 0.010241 0.013404
0 0.549423 0.590245 0.009659 0.012752
0 0.176591 0.690928 0.010227 0.012887
0 0.330042 0.430820 0.012993 0.019800
0 0.308242 0.633951 0.010981 0.013264
0 0.435527 0.460229 0.010989 0.012486
0 0.367726 0.786309 0.013104 0.016200
0 0.407102 0.768452 0.009913 0.013361
0 0.111781 0.576123 0.010306 0.015431
0 0.389747 0.707072 0.008886 0.012405
0 0.385750 0.729968 0.008362 0.012182
0 0.252055 0.766797 0.010810 0.017076
0 0.410437 0.246043 0.016143 0.026919
0 0.453894 0.569956 0.013048 0.013123
1 0.380930 0.623931 0.031200 0.040715
1 0.492786 0.775580 0.021243 0.030979
1 0.492786 0.822491 0.000000 0.000885