0 0.393141 0.574303 0.018194 0.014169
0 0.532742 0.536092 0.018887 0.015020
0 0.443335 0.554131 0.018940 0.014279
0 0.629072 0.385751 0.019157 0.014605
0 0.414632 0.491027 0.019561 0.015165
0 0.457398 0.350389 0.017650 0.013700
0 0.660985 0.434713 0.018069 0.014144
0 0.316046 0.380049 0.019662 0.014892
0 0.410560 0.327147 0.018796 0.013709
0 0.608061 0.730989 0.020817 0.015809
0 0.289060 0.474764 0.020667 0.016028
0 0.563300 0.454368 0.019105 0.015224
0 0.498543 0.755976 0.024472 0.017844
0 0.397564 0.391864 0.018785 0.014504
0 0.616654 0.603985 0.019683 0.014907
0 0.197574 0.551647 0.018989 0.013890
0 0.745421 0.639078 0.019591 0.013848
0 0.428513 0.214194 0.018018 0.013454
0 0.175820 0.427153 0.018279 0.013242
0 0.690202 0.346904 0.018973 0.014944
0 0.805625 0.532288 0.017902 0.015329
0 0.628649 0.520498 0.017778 0.013692
0 0.211791 0.445810 0.021940 0.015793
0 0.556669 0.627267 0.021094 0.017666
0 0.343742 0.434142 0.018499 0.014707
0 0.751561 0.464672 0.017173 0.013935
0 0.280234 0.709865 0.020154 0.015340
0 0.719536 0.291663 0.016652 0.013222
0 0.297583 0.696520 0.018578 0.014326
0 0.417611 0.754838 0.025281 0.019509
0 0.220343 0.336887 0.016746 0.012930
0 0.492523 0.232996 0.013666 0.012818
0 0.417630 0.600387 0.017430 0.013316
0 0.502814 0.686279 0.019132 0.013958
0 0.552607 0.277384 0.021417 0.016267
0 0.348853 0.277778 0.016564 0.013423
0 0.703434 0.617548 0.018246 0.012885
0 0.377640 0.280182 0.017596 0.014238
0 0.506057 0.339771 0.019186 0.014327
0 0.234815 0.399890 0.017395 0.014513
0 0.735380 0.550266 0.018415 0.013095
0 0.327811 0.613445 0.019322 0.014749
0 0.673609 0.299480 0.019527 0.015792
0 0.200055 0.293615 0.019342 0.015100
0 0.160803 0.586275 0.017553 0.012745
0 0.481422 0.584412 0.017828 0.014107
0 0.392573 0.476058 0.017936 0.014933
0 0.173348 0.473330 0.018098 0.014275
0 0.314480 0.441633 0.017530 0.013316
0 0.752696 0.693758 0.016694 0.012321
0 0.122708 0.571131 0.016012 0.012224
0 0.816322 0.345100 0.017371 0.014645
0 0.276722 0.284547 0.015704 0.013876
0 0.584452 0.660391 0.015987 0.013139
0 0.818371 0.580969 0.016834 0.013280
0 0.121545 0.525193 0.015573 0.012024
0 0.573411 0.203060 0.016793 0.014683
0 0.500330 0.578903 0.018215 0.013260
0 0.232405 0.284278 0.015683 0.013940
0 0.717831 0.324353 0.017531 0.012741
0 0.698914 0.514189 0.015609 0.012165
0 0.116358 0.546889 0.016429 0.012920
0 0.309418 0.232608 0.017301 0.016075
0 0.541685 0.385801 0.017206 0.016234
0 0.674630 0.732598 0.015501 0.011888
0 0.236982 0.646454 0.017185 0.011915
0 0.432870 0.654057 0.015281 0.012446
0 0.527409 0.786072 0.023365 0.015895
0 0.663677 0.324704 0.023186 0.017391
0 0.468006 0.258504 0.018346 0.015721
0 0.540009 0.378381 0.017671 0.016618
0 0.469350 0.477130 0.015260 0.012797
0 0.375080 0.364206 0.014801 0.012316
0 0.138536 0.589233 0.016078 0.010768
0 0.847319 0.538618 0.014064 0.011073
0 0.657574 0.581506 0.015559 0.013685
0 0.163989 0.411527 0.015619 0.012356
0 0.636513 0.710981 0.016143 0.012716
0 0.754701 0.263786 0.015250 0.013047
0 0.318406 0.266217 0.015139 0.012320
0 0.698549 0.330340 0.017414 0.011869
0 0.256136 0.643616 0.015942 0.013793
0 0.310353 0.247702 0.015430 0.014660
0 0.289639 0.702943 0.032385 0.023380