0 0.436790 0.818502 0.015940 0.012388
0 0.680449 0.574422 0.014728 0.011357
0 0.391068 0.744506 0.015452 0.012132
0 0.685060 0.637758 0.014528 0.012018
0 0.753350 0.709698 0.012961 0.010649
1 0.342428 0.775441 0.047327 0.036206
1 0.647412 0.544297 0.048974 0.051398
0 0.534868 0.490838 0.016614 0.013375
0 0.507179 0.918872 0.016922 0.012601
0 0.849734 0.810478 0.015027 0.011905
0 0.741551 0.738348 0.014382 0.011701
0 0.789392 0.717481 0.012156 0.009520
0 0.640974 0.719918 0.014816 0.011491
0 0.642227 0.623480 0.013691 0.010783
0 0.489598 0.943386 0.022708 0.017012
0 0.286026 0.841718 0.015801 0.012935
0 0.568227 0.847757 0.015301 0.011603
0 0.370362 0.728443 0.014936 0.011515
0 0.667958 0.659719 0.014338 0.010626
0 0.698219 0.604845 0.014343 0.012120
0 0.697108 0.789962 0.013808 0.010230
0 0.882257 0.759503 0.016488 0.012231
0 0.315274 0.838436 0.017950 0.014679
0 0.675829 0.614762 0.013258 0.011771
0 0.590929 0.599865 0.013642 0.010596
0 0.646188 0.678406 0.014471 0.010935
0 0.802608 0.460896 0.014087 0.011774
0 0.851571 0.696896 0.012121 0.009020
0 0.599468 0.716661 0.012918 0.010594
0 0.692876 0.544827 0.014289 0.011554
0 0.590161 0.480159 0.023099 0.014130
0 0.887639 0.634987 0.012720 0.009442
0 0.897899 0.650929 0.013003 0.010308
0 0.824141 0.564552 0.012990 0.010303
0 0.751657 0.651819 0.015577 0.013602
0 0.309587 0.793495 0.013507 0.011765
0 0.434746 0.867074 0.015698 0.011877
0 0.758245 0.843152 0.013168 0.009614
0 0.631577 0.423367 0.013367 0.012263
0 0.287550 0.471442 0.018303 0.014439
0 0.768524 0.510510 0.012923 0.010422
0 0.247460 0.546050 0.016300 0.011707
0 0.686956 0.769162 0.015341 0.013659
0 0.800011 0.626633 0.014073 0.011415
0 0.289855 0.711839 0.013457 0.010632
0 0.488301 0.606589 0.013811 0.011672
0 0.828632 0.546492 0.013676 0.011208
0 0.498269 0.438715 0.015609 0.013068
0 0.470254 0.685893 0.014008 0.011169
0 0.920216 0.629664 0.014223 0.011240
0 0.285945 0.780141 0.015310 0.012446
0 0.540194 0.436782 0.014893 0.012816
0 0.718113 0.529030 0.015066 0.011724
0 0.799422 0.610052 0.012040 0.009392
0 0.556121 0.730542 0.013883 0.011483
0 0.201770 0.629244 0.013678 0.011091
0 0.722443 0.603022 0.016793 0.013691
0 0.629512 0.679812 0.014627 0.011500
0 0.569103 0.697764 0.015089 0.011433
0 0.261577 0.804932 0.021710 0.014870
0 0.868214 0.623848 0.013598 0.010388
0 0.663073 0.943340 0.019377 0.013614
0 0.878059 0.530162 0.015080 0.012130
0 0.451382 0.680331 0.014263 0.011137
0 0.781817 0.889079 0.014148 0.010832
0 0.753199 0.618073 0.013288 0.010678
0 0.189957 0.739911 0.013191 0.010492
0 0.369072 0.684461 0.014299 0.012503
0 0.332856 0.643897 0.017678 0.015025
0 0.598982 0.533137 0.012094 0.009989
0 0.179882 0.684526 0.013864 0.010268
0 0.430137 0.938292 0.023266 0.016994
0 0.435335 0.781774 0.015535 0.012581
0 0.515756 0.574315 0.014824 0.011280
0 0.510026 0.834030 0.015818 0.013008
0 0.266803 0.583634 0.014208 0.013219
1 0.424257 0.411509 0.035706 0.021692
0 0.239469 0.844475 0.013332 0.011040
0 0.871175 0.744962 0.011587 0.010413
0 0.626869 0.447741 0.014276 0.012991
0 0.853496 0.515639 0.013969 0.010984
0 0.748794 0.439035 0.013431 0.011408
0 0.303809 0.634203 0.015243 0.012045
0 0.219928 0.610595 0.020872 0.013727
1 0.715771 0.427531 0.035657 0.031056