0 0.497661 0.343879 0.015695 0.011719
0 0.514026 0.376100 0.016563 0.012746
0 0.502133 0.168948 0.017063 0.012832
0 0.261868 0.246676 0.014956 0.011011
0 0.284444 0.346414 0.013239 0.009909
0 0.465149 0.299732 0.014618 0.010852
0 0.690770 0.223755 0.017611 0.015086
0 0.358169 0.264842 0.015061 0.012001
0 0.271160 0.287473 0.014945 0.009956
0 0.422835 0.210452 0.019173 0.014525
0 0.641924 0.383674 0.017893 0.013987
0 0.221456 0.268130 0.012584 0.009592
0 0.227215 0.235190 0.014791 0.011686
0 0.610796 0.179566 0.013702 0.010676
0 0.426011 0.385130 0.015189 0.011345
0 0.568259 0.324542 0.014495 0.010268
0 0.325366 0.265665 0.014303 0.011805
0 0.582185 0.125202 0.018990 0.016396
0 0.814650 0.274300 0.014136 0.010585
0 0.575031 0.095255 0.013610 0.010951
0 0.514317 0.217927 0.017766 0.014367
0 0.246513 0.320257 0.013769 0.010215
0 0.245188 0.145330 0.021844 0.016728
0 0.192785 0.307651 0.013141 0.010368
0 0.537556 0.275573 0.014024 0.010807
0 0.560251 0.146138 0.016727 0.013404
0 0.536899 0.411577 0.022230 0.017969
1 0.258400 0.379990 0.055486 0.042323
0 0.368722 0.283545 0.014191 0.011112
0 0.200934 0.416821 0.012757 0.009945
0 0.641646 0.263070 0.014483 0.011447
0 0.365805 0.356424 0.014817 0.011094
0 0.258613 0.170913 0.016418 0.012491
0 0.635126 0.105435 0.018685 0.013490
0 0.555954 0.211189 0.016725 0.012835
0 0.420422 0.313394 0.019429 0.012672
0 0.761124 0.238997 0.017863 0.013895
0 0.308840 0.212893 0.014647 0.013188
0 0.607608 0.285756 0.014195 0.010877
0 0.464174 0.225720 0.016449 0.012265
0 0.319898 0.301253 0.015966 0.012725
0 0.555031 0.372166 0.019830 0.016192
0 0.448800 0.190878 0.016032 0.012313
1 0.195498 0.464183 0.039518 0.031603
0 0.666696 0.167529 0.016690 0.013228
0 0.486673 0.196808 0.016481 0.012344
0 0.227232 0.348274 0.013449 0.011734
0 0.320207 0.242707 0.014003 0.010705
0 0.460646 0.370746 0.018026 0.014144
0 0.652224 0.189706 0.013108 0.010214
0 0.347800 0.439982 0.016797 0.013636
0 0.230735 0.441923 0.012807 0.009654
0 0.585278 0.250549 0.014720 0.011331
0 0.523401 0.288830 0.012870 0.009743
0 0.523983 0.336206 0.013839 0.010344
0 0.714738 0.164816 0.012597 0.010047
0 0.545346 0.310363 0.016264 0.012332
1 0.401419 0.432481 0.043129 0.034483
0 0.605100 0.329112 0.015428 0.010887
0 0.174509 0.204930 0.015803 0.013850
0 0.665572 0.209677 0.012956 0.010553
0 0.622281 0.335235 0.017265 0.013861
0 0.165926 0.403066 0.014017 0.010738
0 0.650825 0.152031 0.014933 0.011642
0 0.664845 0.126277 0.014563 0.012067
0 0.235165 0.335127 0.014518 0.009953
0 0.591036 0.302067 0.013668 0.010002
0 0.763208 0.350043 0.020744 0.015723
0 0.327298 0.390390 0.017194 0.011550
1 0.440614 0.340637 0.044820 0.037204
0 0.811309 0.236829 0.014743 0.012326
0 0.363135 0.452825 0.015921 0.012846
0 0.572482 0.358307 0.019054 0.013220
0 0.695514 0.388467 0.018665 0.014253
0 0.161424 0.312007 0.013233 0.010130
0 0.236188 0.302342 0.013544 0.009848
0 0.731731 0.242991 0.016910 0.015797
1 0.673157 0.338243 0.047512 0.034200
0 0.227923 0.173511 0.016584 0.013503
0 0.203641 0.317410 0.012497 0.009094
0 0.576528 0.215449 0.016618 0.011521
0 0.415077 0.450607 0.017588 0.013177
0 0.709470 0.326711 0.014409 0.012135
0 0.401554 0.473839 0.018673 0.014448
0 0.626611 0.146606 0.017716 0.014084
1 0.255751 0.483428 0.059713 0.044751
0 0.661081 0.356118 0.016573 0.013202
0 0.342197 0.091944 0.014711 0.012617
0 0.688788 0.193846 0.013610 0.010746
1 0.719434 0.195928 0.042721 0.032125
0 0.558767 0.287127 0.013348 0.012929
0 0.832385 0.203117 0.016392 0.013359
0 0.623394 0.229332 0.013544 0.010571
1 0.271128 0.475340 0.053619 0.038487
0 0.393890 0.400600 0.013914 0.011019
1 0.790908 0.188953 0.047535 0.035968
0 0.511153 0.248065 0.014045 0.011057
1 0.244433 0.490808 0.043601 0.033481
0 0.209074 0.397836 0.011793 0.011661
1 0.365144 0.380226 0.035960 0.025326
0 0.341708 0.111188 0.013649 0.013196
0 0.632657 0.329865 0.016475 0.013374
1 0.613596 0.204443 0.048387 0.034903
0 0.300640 0.277758 0.012907 0.009902
0 0.513812 0.305879 0.014380 0.010902
0 0.586527 0.345781 0.015880 0.012574
1 0.422900 0.362971 0.039448 0.030645
0 0.173765 0.330837 0.013275 0.010558
1 0.163203 0.280240 0.053197 0.040939
0 0.324584 0.356027 0.014643 0.011247
1 0.426145 0.257326 0.081494 0.050857
1 0.551808 0.177495 0.042836 0.032115
0 0.425231 0.286645 0.014693 0.010099
1 0.651508 0.298781 0.040981 0.034068
0 0.715185 0.114580 0.018431 0.013034
0 0.529587 0.321344 0.018509 0.011301
1 0.289432 0.390643 0.034605 0.033101
0 0.578497 0.269737 0.013566 0.010898
0 0.837168 0.191864 0.017114 0.014272
0 0.510248 0.318639 0.013624 0.013722
0 0.484594 0.436465 0.019120 0.014586
0 0.208951 0.381870 0.013905 0.012675
0 0.731078 0.114871 0.016504 0.012376
1 0.868727 0.232079 0.042892 0.046613
0 0.231204 0.341629 0.016736 0.016752
1 0.603091 0.267694 0.037161 0.026942
1 0.878081 0.262584 0.052025 0.026013
1 0.486653 0.258259 0.029729 0.026013
1 0.365880 0.211807 0.078038 0.046451
1 0.338009 0.154673 0.079277 0.058528