0 0.368255 0.716636 0.024365 0.018520
0 0.289573 0.726586 0.024633 0.018328
1 0.216105 0.643661 0.042586 0.046880
0 0.323629 0.678600 0.019193 0.013903
0 0.401227 0.720525 0.026168 0.021625
1 0.452737 0.666921 0.046280 0.035734
0 0.452374 0.495860 0.023149 0.017143
0 0.374222 0.695613 0.020158 0.014555
1 0.472204 0.427389 0.048505 0.034518
0 0.440125 0.366147 0.014677 0.011510
0 0.372417 0.706596 0.028497 0.029273
0 0.376821 0.634689 0.017238 0.013037
0 0.392141 0.555386 0.018382 0.015516
0 0.150439 0.742708 0.019031 0.016271
1 0.264662 0.845591 0.038430 0.031343
1 0.434132 0.436727 0.021471 0.025619
1 0.258950 0.847606 0.000976 0.000000