0 0.474098 0.411405 0.016212 0.012310
0 0.396003 0.609934 0.014634 0.011290
0 0.729608 0.356125 0.017277 0.013100
0 0.630079 0.696139 0.014790 0.011583
0 0.412113 0.409935 0.013895 0.010863
0 0.385089 0.417189 0.015407 0.013066
0 0.621482 0.395923 0.015252 0.010158
0 0.635180 0.317627 0.013781 0.011243
0 0.860361 0.560983 0.014066 0.010789
0 0.634107 0.366616 0.018251 0.014159
0 0.790440 0.582509 0.013573 0.010472
0 0.726830 0.723977 0.014537 0.010930
0 0.464763 0.596442 0.012736 0.010030
0 0.685771 0.665187 0.012679 0.009950
0 0.612272 0.452292 0.018486 0.011938
0 0.576709 0.396291 0.013684 0.009388
0 0.758097 0.536631 0.012340 0.009593
0 0.584298 0.321750 0.013554 0.010381
0 0.852612 0.458434 0.013296 0.009514
0 0.817498 0.578975 0.014339 0.011558
0 0.517648 0.530427 0.014050 0.011075
0 0.968286 0.505394 0.015595 0.012697
0 0.615154 0.754002 0.016781 0.011933
0 0.682018 0.473932 0.016212 0.012452
0 0.746536 0.781896 0.016300 0.011584
0 0.539625 0.636554 0.015511 0.012909
0 0.884697 0.433434 0.011391 0.008571
0 0.837710 0.607447 0.013614 0.010054
0 0.557400 0.780743 0.016390 0.012514
0 0.723420 0.592748 0.012038 0.009633
0 0.748128 0.289894 0.016471 0.012101
0 0.863489 0.386045 0.013758 0.009577
0 0.826738 0.472930 0.014005 0.011026
0 0.655994 0.762177 0.015385 0.010890
0 0.611372 0.298734 0.014055 0.010170
0 0.443971 0.581039 0.013974 0.012255
0 0.506486 0.457288 0.014047 0.010321
0 0.526390 0.271164 0.013291 0.011039
0 0.871597 0.471068 0.013540 0.009685
0 0.947842 0.397743 0.018304 0.013957
0 0.316806 0.618717 0.014414 0.011738
0 0.660472 0.258383 0.012162 0.009497
0 0.531905 0.804404 0.017439 0.012964
0 0.698200 0.271249 0.012680 0.009898
0 0.394260 0.648308 0.011548 0.009463
0 0.622655 0.812037 0.019717 0.015216
0 0.392958 0.495525 0.013218 0.010110
0 0.561793 0.450353 0.015053 0.012212
0 0.965864 0.482765 0.015053 0.011862
0 0.472349 0.674741 0.015230 0.011182
0 0.433260 0.660415 0.016068 0.012785
0 0.724785 0.563689 0.013769 0.009681
0 0.973285 0.433090 0.016948 0.012609
0 0.408602 0.568735 0.014443 0.011717
0 0.591807 0.261320 0.014580 0.012372
0 0.765428 0.425576 0.011916 0.009215
0 0.474370 0.699234 0.013307 0.010340
0 0.414967 0.628636 0.011953 0.009557
0 0.559461 0.277431 0.016345 0.012515
0 0.726488 0.464206 0.011769 0.008929
0 0.854024 0.331134 0.015829 0.013239
0 0.923269 0.439581 0.013799 0.010278
0 0.440920 0.314066 0.013644 0.011325
0 0.774826 0.737313 0.014476 0.011020
0 0.780954 0.545936 0.011169 0.009347
0 0.684418 0.804833 0.018481 0.017583
0 0.461044 0.522229 0.015444 0.012974
0 0.672797 0.726567 0.011914 0.008598
0 0.836327 0.641304 0.019088 0.012484
0 0.461874 0.768955 0.018927 0.014946
0 0.719572 0.686652 0.013366 0.010592
0 0.528545 0.348744 0.013847 0.010902
0 0.643556 0.797746 0.018735 0.013752
0 0.411507 0.308965 0.014140 0.011173
0 0.696748 0.449925 0.014321 0.010134
0 0.696416 0.580609 0.012402 0.009266
0 0.794337 0.488003 0.011461 0.008989
0 0.539135 0.548430 0.014260 0.010304
0 0.748549 0.737331 0.013919 0.011192
0 0.908917 0.404652 0.013921 0.011657
0 0.739379 0.436585 0.012102 0.008897
0 0.819245 0.711792 0.015165 0.012056
0 0.837792 0.686558 0.013633 0.010220
0 0.878001 0.367224 0.016865 0.012820
0 0.815365 0.621426 0.013753 0.010119
0 0.888429 0.309127 0.017305 0.012991
0 0.857040 0.418858 0.014460 0.009589
0 0.807767 0.456282 0.015158 0.010994
0 0.769181 0.322458 0.016120 0.014909
0 0.527735 0.309977 0.018349 0.012939
0 0.729746 0.398571 0.016291 0.011468
0 0.422868 0.550476 0.014492 0.010564
0 0.552009 0.384678 0.016554 0.014286
0 0.518056 0.757974 0.015377 0.011095
0 0.362368 0.524694 0.011878 0.008802
0 0.985277 0.527384 0.014087 0.010754
0 0.793233 0.291045 0.015743 0.013757
0 0.432349 0.506834 0.012747 0.009751
0 0.467548 0.566305 0.012935 0.009744
0 0.671797 0.607344 0.013832 0.010207
0 0.330699 0.346459 0.017295 0.014236
0 0.656001 0.815269 0.019781 0.015242
0 0.601612 0.319586 0.013635 0.009548
0 0.865605 0.533370 0.013789 0.010795
0 0.642604 0.475141 0.014623 0.013506
0 0.485072 0.525497 0.016412 0.014342
0 0.858496 0.735632 0.017967 0.013900
0 0.419768 0.716527 0.016454 0.012061
0 0.778336 0.566794 0.011255 0.008926
0 0.586194 0.718314 0.016218 0.013632
0 0.445888 0.707720 0.015014 0.011478
0 0.708449 0.435081 0.016166 0.014354
0 0.727381 0.311700 0.021445 0.013886
1 0.405905 0.358098 0.034726 0.031358
0 0.410426 0.384718 0.012553 0.009043
0 0.506552 0.502942 0.015173 0.012136
0 0.807773 0.526251 0.014532 0.012451
0 0.956399 0.371273 0.017484 0.015520
0 0.840082 0.494030 0.011606 0.009071
0 0.562262 0.422126 0.015911 0.011050
0 0.579178 0.596965 0.011897 0.009442
0 0.503952 0.390648 0.014044 0.011274
0 0.658960 0.299792 0.012516 0.013869
0 0.717795 0.661090 0.010368 0.008479
0 0.597360 0.829065 0.019459 0.013456
0 0.617103 0.335340 0.013455 0.009360
0 0.556542 0.362954 0.016279 0.012178
0 0.800996 0.344467 0.016766 0.016124
0 0.696749 0.555414 0.012409 0.008939
0 0.400064 0.546352 0.015403 0.012256
0 0.818924 0.777121 0.015986 0.012024
0 0.826995 0.419343 0.013095 0.009274
0 0.898007 0.527237 0.015294 0.014160
0 0.339206 0.600485 0.012445 0.010825
0 0.537750 0.476703 0.012838 0.010066
0 0.514544 0.785078 0.020398 0.012314
0 0.784822 0.670368 0.013418 0.011003
0 0.688540 0.512077 0.013386 0.010360
0 0.462280 0.304846 0.013171 0.011244
0 0.736353 0.410698 0.014511 0.011088
0 0.804402 0.758331 0.018229 0.013960
0 0.539428 0.740169 0.017063 0.014790
0 0.623605 0.642542 0.012211 0.009965
0 0.500676 0.732136 0.014596 0.010790
0 0.722956 0.486380 0.013509 0.009992
0 0.646313 0.237454 0.013044 0.009851
0 0.862898 0.756199 0.017759 0.012440
0 0.679694 0.780927 0.018043 0.015180
0 0.946798 0.443126 0.015034 0.011243
0 0.366618 0.648127 0.012514 0.009197
0 0.794558 0.386469 0.025457 0.012727
0 0.553266 0.250708 0.015088 0.011436
0 0.924039 0.360079 0.016771 0.015837
0 0.542259 0.614874 0.012201 0.010080
0 0.809436 0.664502 0.016630 0.011455
0 0.732775 0.498420 0.012459 0.010629
0 0.827614 0.353039 0.025122 0.015843
0 0.505163 0.561842 0.012529 0.009334
0 0.652171 0.486640 0.014509 0.010830
0 0.664700 0.430711 0.012762 0.009427
0 0.299913 0.592990 0.011273 0.009815
0 0.485989 0.377025 0.016582 0.011193
0 0.509177 0.716755 0.016874 0.011981
0 0.338875 0.542484 0.012503 0.010677
0 0.756298 0.460600 0.012793 0.013254
0 0.963971 0.631771 0.017058 0.014242
0 0.289717 0.401744 0.016291 0.013478
0 0.823497 0.547742 0.012606 0.009687
0 0.447375 0.373484 0.012951 0.009981
0 0.351622 0.666421 0.013523 0.010640
0 0.593279 0.637095 0.013372 0.013736
0 0.391203 0.690299 0.012905 0.013178
0 0.892616 0.493971 0.018526 0.011947
0 0.320750 0.470002 0.015092 0.009641
0 0.790883 0.708698 0.012986 0.010473
0 0.433025 0.757293 0.016061 0.012585
0 0.614432 0.578222 0.012989 0.010525
0 0.919893 0.332813 0.017414 0.014817
0 0.400973 0.746982 0.015062 0.010704
0 0.607144 0.715362 0.013406 0.010317
0 0.531798 0.424577 0.015204 0.010411
0 0.509984 0.402211 0.012868 0.009421
0 0.595537 0.286824 0.012515 0.011778
1 0.735523 0.633012 0.035830 0.026323
0 0.563322 0.577456 0.013027 0.010266
0 0.444694 0.737311 0.014543 0.010692
0 0.644815 0.519075 0.011727 0.009416
0 0.534092 0.460004 0.015736 0.013128
0 0.769467 0.611579 0.016082 0.010898
0 0.627126 0.246669 0.011521 0.009031
0 0.315009 0.366777 0.020070 0.018268
0 0.566329 0.345033 0.014017 0.010786
0 0.815618 0.433342 0.017216 0.010889
0 0.354324 0.421201 0.015894 0.010456
0 0.295223 0.544134 0.012911 0.010330
0 0.661211 0.586948 0.011146 0.008928
0 0.277330 0.488650 0.015212 0.010143
0 0.592560 0.628602 0.012764 0.012701
0 0.282535 0.562888 0.014921 0.010460
0 0.555904 0.757754 0.023061 0.013123
0 0.597533 0.741955 0.015729 0.011328
0 0.450482 0.628590 0.011496 0.008759
0 0.530580 0.404411 0.011806 0.009520
0 0.385642 0.712590 0.018027 0.012862
0 0.814181 0.666751 0.017438 0.010696
0 0.736501 0.811521 0.022115 0.018721
0 0.698068 0.612510 0.012540 0.010499
0 0.319239 0.664332 0.015116 0.011770
0 0.630493 0.278831 0.018267 0.013462
0 0.267004 0.441228 0.021416 0.013055
0 0.597328 0.409038 0.011624 0.009147
0 0.827028 0.749429 0.014467 0.010542
0 0.262305 0.470948 0.018314 0.012856
0 0.511426 0.328970 0.013883 0.010365
0 0.464795 0.361381 0.018491 0.014441
0 0.590235 0.564062 0.012486 0.010849
0 0.507707 0.355397 0.015154 0.012720
0 0.237104 0.523261 0.013412 0.010706
0 0.649750 0.616757 0.013603 0.010050
0 0.780411 0.630906 0.014056 0.008664
0 0.626129 0.532488 0.013225 0.011679
0 0.665316 0.552479 0.013199 0.011033
0 0.934514 0.474343 0.019381 0.013930
0 0.811461 0.298977 0.015720 0.012156
0 0.615481 0.421722 0.012558 0.009382
0 0.526851 0.291916 0.011734 0.009815
0 0.586069 0.438150 0.015376 0.015138
0 0.671328 0.681600 0.012742 0.008637
0 0.886249 0.346682 0.014412 0.009806
0 0.701218 0.301356 0.020052 0.012261
0 0.928864 0.477631 0.016256 0.013356
0 0.608198 0.503980 0.013299 0.010969
0 0.851303 0.716915 0.014206 0.010452
0 0.923472 0.375009 0.015479 0.011749
0 0.675997 0.270349 0.012167 0.011769
0 0.830356 0.446195 0.012026 0.010098
0 0.371511 0.496426 0.015581 0.010613
0 0.488015 0.774797 0.016286 0.014317
0 0.885052 0.404239 0.014846 0.013711
0 0.490130 0.548501 0.011708 0.009657
0 0.648830 0.659395 0.013411 0.011161
0 0.444770 0.337140 0.013828 0.010858
0 0.316760 0.440184 0.015658 0.010646
0 0.727738 0.284825 0.013023 0.009405
0 0.265983 0.583606 0.014738 0.009999
0 0.784224 0.509880 0.010929 0.009915
0 0.766642 0.683578 0.015461 0.012796
0 0.605071 0.351822 0.014883 0.012733
0 0.745881 0.477540 0.013488 0.009459
0 0.771725 0.312915 0.015429 0.015597
0 0.704831 0.534556 0.013455 0.010444
0 0.617741 0.659737 0.012725 0.011397
0 0.870952 0.495042 0.014329 0.011503
0 0.545335 0.437835 0.014791 0.012195
0 0.608789 0.610461 0.011741 0.010630
0 0.656860 0.292476 0.013542 0.013583
0 0.357272 0.548678 0.011299 0.008178
0 0.638459 0.430274 0.014759 0.012724
0 0.705209 0.516976 0.013914 0.009144
0 0.450809 0.681701 0.015316 0.011799
0 0.469388 0.334091 0.017722 0.013616
0 0.319564 0.406009 0.017853 0.013607
0 0.989994 0.649384 0.014324 0.010088
0 0.279529 0.462741 0.013294 0.010859
0 0.345286 0.366656 0.015528 0.011972
0 0.938697 0.471102 0.019228 0.013385
0 0.410768 0.523324 0.014145 0.012983
0 0.330069 0.446532 0.014863 0.012172
0 0.373955 0.575767 0.012514 0.010916
0 0.956840 0.660110 0.016840 0.012234
0 0.802165 0.724223 0.013190 0.009975
0 0.762350 0.598874 0.011287 0.009544
0 0.723564 0.549346 0.011215 0.008783
0 0.564896 0.735242 0.018152 0.013628
0 0.734689 0.511359 0.010040 0.009668
0 0.454666 0.269039 0.016348 0.013074
0 0.270189 0.420460 0.019043 0.015566
0 0.578985 0.352067 0.017516 0.015630
0 0.986293 0.411663 0.017159 0.014746
0 0.535498 0.593994 0.011684 0.009650
0 0.507994 0.326191 0.015056 0.011300
0 0.684412 0.428817 0.012965 0.009590
0 0.264352 0.508245 0.013653 0.010988
0 0.803753 0.781847 0.016564 0.011657
0 0.645529 0.677448 0.020581 0.010953
0 0.390308 0.677952 0.012153 0.010336
0 0.761814 0.272399 0.012571 0.010068
0 0.651586 0.633754 0.012110 0.011226
0 0.535014 0.569995 0.016206 0.012368
0 0.494747 0.716729 0.016754 0.011346
0 0.503425 0.321412 0.013316 0.010490
0 0.376464 0.335926 0.017239 0.012459
0 0.827819 0.448771 0.014483 0.009232
0 0.570629 0.741572 0.021274 0.013360
0 0.373888 0.364905 0.016334 0.011792
0 0.303389 0.556090 0.011164 0.009375
0 0.709130 0.241537 0.014014 0.010422
0 0.649951 0.482967 0.017632 0.015238
0 0.647595 0.570449 0.013653 0.010228
0 0.361698 0.321119 0.013728 0.012746
0 0.811248 0.558015 0.011467 0.009274
0 0.994936 0.623477 0.010128 0.011783
0 0.723423 0.248108 0.011727 0.009399
0 0.532358 0.465478 0.014737 0.016384
0 0.622275 0.623844 0.012884 0.008448
0 0.820619 0.503919 0.015859 0.010892
0 0.619545 0.551244 0.010938 0.008895
0 0.521239 0.307955 0.018880 0.012037
0 0.607648 0.509266 0.015174 0.017355
1 0.343029 0.647782 0.036598 0.024155