0 0.302849 0.498189 0.015514 0.012210
0 0.278133 0.445261 0.016355 0.011366
0 0.145165 0.268660 0.016449 0.012315
0 0.484089 0.568885 0.014662 0.011061
0 0.540980 0.270792 0.015468 0.013257
0 0.379230 0.449637 0.016266 0.012046
0 0.548634 0.469429 0.016207 0.013166
0 0.366063 0.518995 0.015360 0.011885
0 0.414184 0.220616 0.014474 0.012390
0 0.507769 0.267503 0.015763 0.012807
0 0.213474 0.272431 0.018017 0.013910
0 0.163967 0.613334 0.018748 0.013298
0 0.715941 0.516954 0.017255 0.013099
0 0.131695 0.586066 0.017830 0.013802
0 0.188563 0.367110 0.015712 0.011827
0 0.184428 0.279880 0.018896 0.014979
0 0.177610 0.326897 0.015192 0.011391
0 0.186127 0.564647 0.018194 0.014803
0 0.310879 0.233809 0.016013 0.012374
0 0.344169 0.222334 0.014547 0.010743
0 0.398100 0.491201 0.015709 0.012793
0 0.654264 0.572519 0.021661 0.015211
0 0.287925 0.421875 0.015859 0.011846
0 0.229207 0.301859 0.016585 0.012974
0 0.528062 0.594273 0.015717 0.012735
0 0.504505 0.611035 0.018358 0.013543
0 0.558054 0.225787 0.014496 0.012093
0 0.480760 0.473161 0.015179 0.012768
0 0.491392 0.284972 0.014941 0.011642
0 0.293767 0.647887 0.022556 0.015108
0 0.470244 0.210218 0.014922 0.011128
0 0.525124 0.242078 0.017001 0.014416
0 0.395801 0.648288 0.020287 0.014682
0 0.455592 0.644423 0.019584 0.015784
0 0.400985 0.546859 0.019066 0.012866
0 0.461659 0.555284 0.015394 0.011432
0 0.350758 0.415494 0.016229 0.013014
0 0.451629 0.282270 0.014402 0.011759
0 0.689301 0.439476 0.015645 0.012209
0 0.211849 0.226857 0.016203 0.012784
0 0.509059 0.554263 0.014066 0.011835
0 0.631894 0.462350 0.016585 0.012671
0 0.184486 0.602124 0.018055 0.013538
0 0.442589 0.219431 0.014848 0.012388
1 0.165726 0.404619 0.051190 0.042376
0 0.466318 0.594118 0.016860 0.012448
0 0.468416 0.317677 0.012863 0.010813
0 0.387930 0.417672 0.016175 0.012102
0 0.500993 0.654999 0.022184 0.017946
0 0.334057 0.270300 0.016617 0.013387
0 0.504529 0.226159 0.014223 0.011497
0 0.692868 0.353449 0.014655 0.011260
0 0.339317 0.479068 0.017976 0.014172
0 0.692549 0.290645 0.016667 0.013001
0 0.492152 0.532846 0.013876 0.010976
1 0.385872 0.616738 0.046699 0.038042
0 0.469905 0.537362 0.015106 0.011526
0 0.717434 0.548702 0.015392 0.012536
0 0.241166 0.643422 0.016064 0.012279
0 0.590849 0.284747 0.015520 0.012408
0 0.613222 0.618485 0.019539 0.015592
0 0.729600 0.357995 0.015240 0.011697
0 0.698269 0.390067 0.013675 0.010859
0 0.260969 0.305633 0.019264 0.014914
0 0.124635 0.254093 0.016325 0.013719
0 0.327891 0.632894 0.015471 0.011701
0 0.237258 0.378233 0.019707 0.015028
0 0.304214 0.274133 0.015453 0.011987
0 0.117707 0.331606 0.013695 0.011797
0 0.326757 0.357660 0.012877 0.011281
0 0.115914 0.355547 0.013608 0.010163
0 0.598013 0.235647 0.016920 0.013793
0 0.241947 0.679723 0.018779 0.013045
0 0.202349 0.662536 0.017220 0.013575
0 0.198810 0.629682 0.016927 0.013071
0 0.271575 0.355199 0.016267 0.013089
1 0.263235 0.585834 0.041490 0.034677
1 0.334814 0.559470 0.049676 0.034963
0 0.077621 0.297012 0.015936 0.013676
1 0.592797 0.425556 0.048265 0.041382
0 0.106107 0.388596 0.011967 0.008767
1 0.642957 0.315496 0.041524 0.035289
0 0.732036 0.451600 0.013808 0.011431
0 0.139608 0.511177 0.016803 0.015593
0 0.638160 0.533054 0.013464 0.010772
1 0.446569 0.343351 0.063259 0.058341
0 0.539576 0.374068 0.014619 0.012107
0 0.595862 0.545641 0.014131 0.010707
0 0.047340 0.374823 0.019631 0.015591
0 0.133708 0.464603 0.016420 0.011907
1 0.591140 0.381647 0.038334 0.029285
1 0.192109 0.466574 0.053570 0.045711
0 0.574692 0.285209 0.014870 0.011885
0 0.584999 0.348448 0.013775 0.011258
0 0.319586 0.595760 0.015209 0.010707
0 0.344798 0.533532 0.017986 0.014262
0 0.317962 0.215259 0.013502 0.010729
0 0.581219 0.577214 0.018204 0.012522
1 0.563087 0.521505 0.050225 0.045764
0 0.656349 0.444452 0.012589 0.010196
0 0.421975 0.578261 0.018429 0.010405
0 0.567379 0.578944 0.017144 0.011647
1 0.386832 0.314698 0.038775 0.033046
0 0.607572 0.302776 0.011246 0.010285
1 0.531629 0.346425 0.040159 0.040386
0 0.369774 0.409375 0.015562 0.012541
0 0.275619 0.238325 0.011533 0.009190
0 0.386170 0.182405 0.012797 0.011580
0 0.033998 0.412231 0.014093 0.011454
0 0.416036 0.607149 0.012980 0.010550
0 0.265560 0.346480 0.015942 0.012510
0 0.231496 0.418801 0.014164 0.011535
0 0.584346 0.285150 0.021037 0.011143
0 0.609298 0.313803 0.012064 0.010423
0 0.267152 0.680764 0.014664 0.012092
0 0.530592 0.503043 0.012897 0.010298
0 0.370584 0.390717 0.013275 0.010043
0 0.413990 0.253792 0.013518 0.012046
0 0.547891 0.423447 0.016772 0.015537
0 0.268574 0.351014 0.016662 0.016166
0 0.471013 0.514071 0.010074 0.008359
0 0.280177 0.181047 0.014789 0.011304
0 0.290483 0.604664 0.017062 0.018149
0 0.693073 0.417505 0.011760 0.009085
0 0.360350 0.294119 0.016653 0.015411
0 0.392215 0.365355 0.015395 0.012455
0 0.746578 0.313398 0.016134 0.014504
0 0.594402 0.258065 0.012686 0.011608
0 0.681347 0.326992 0.016029 0.015547
0 0.116594 0.468188 0.014243 0.010259
0 0.209782 0.507536 0.012802 0.010507
0 0.215962 0.449753 0.013545 0.012086
1 0.683038 0.618357 0.048309 0.043478
1 0.283682 0.712560 0.061192 0.057971
1 0.451154 0.731884 0.003221 0.000000