0 0.429537 0.723534 0.016913 0.013070
0 0.481028 0.380949 0.020321 0.016143
0 0.614248 0.698588 0.016694 0.012541
0 0.428540 0.525022 0.021099 0.014302
0 0.669108 0.681372 0.018090 0.014929
0 0.724698 0.683434 0.016195 0.013105
0 0.889985 0.571418 0.015641 0.011708
0 0.347293 0.749627 0.015389 0.011156
0 0.553815 0.609855 0.017734 0.013767
0 0.568740 0.292647 0.018641 0.015405
0 0.881717 0.511005 0.017289 0.012996
0 0.746987 0.352660 0.020542 0.014435
0 0.499641 0.773138 0.018378 0.015852
0 0.718769 0.631641 0.015689 0.012550
0 0.615158 0.281957 0.021523 0.017316
0 0.356975 0.451844 0.016885 0.013099
0 0.531815 0.572732 0.019746 0.014770
0 0.213621 0.635280 0.014160 0.011304
0 0.348423 0.538994 0.016626 0.013584
0 0.491881 0.327165 0.017503 0.014804
0 0.484310 0.698802 0.018287 0.013399
0 0.550764 0.321132 0.016745 0.014436
0 0.560657 0.544894 0.021450 0.016847
0 0.791128 0.689152 0.016176 0.012365
0 0.824983 0.687867 0.015767 0.011800
0 0.350953 0.697762 0.013311 0.010617
0 0.497242 0.579003 0.018656 0.014056
0 0.758155 0.454311 0.015309 0.011985
0 0.427213 0.606817 0.016764 0.013631
0 0.452392 0.643131 0.017113 0.013697
0 0.402602 0.560205 0.017003 0.013107
0 0.668969 0.460201 0.014550 0.010852
0 0.785757 0.467981 0.024883 0.017388
0 0.392529 0.446311 0.017692 0.013139
0 0.656134 0.486639 0.015218 0.011783
0 0.215170 0.600892 0.015537 0.013596
0 0.443816 0.478982 0.016665 0.012471
0 0.694032 0.496615 0.016423 0.013026
0 0.788717 0.710566 0.018756 0.014815
0 0.744892 0.548488 0.017001 0.014017
0 0.673550 0.640389 0.017654 0.016538
0 0.153598 0.555002 0.014465 0.011555
0 0.741770 0.522571 0.015144 0.011012
0 0.803109 0.669875 0.016474 0.012653
0 0.537144 0.759026 0.021429 0.016024
0 0.673817 0.516050 0.015684 0.012682
0 0.517504 0.307527 0.015583 0.013661
0 0.612820 0.478600 0.016258 0.012742
0 0.529837 0.787993 0.023825 0.019506
0 0.705455 0.472851 0.015157 0.010743
0 0.713802 0.510422 0.015050 0.011685
0 0.784683 0.589655 0.014485 0.011791
0 0.569681 0.644741 0.016174 0.012581
0 0.342742 0.662832 0.014513 0.012530
0 0.530792 0.618160 0.021659 0.015663
0 0.453313 0.720963 0.015618 0.011799
0 0.329396 0.587775 0.020269 0.014311
0 0.339078 0.524895 0.016393 0.014652
0 0.607897 0.641049 0.017910 0.014375
0 0.474485 0.582137 0.019005 0.015062
0 0.424020 0.440574 0.024470 0.015489
0 0.812249 0.705360 0.017430 0.013971
0 0.159022 0.487777 0.016508 0.013826
0 0.488706 0.733367 0.017300 0.013251
0 0.842238 0.610039 0.013450 0.010649
0 0.824950 0.746667 0.014581 0.010877
0 0.259476 0.559010 0.018917 0.014687
0 0.406178 0.596552 0.015572 0.011958
0 0.191487 0.412338 0.014409 0.013250
0 0.153652 0.608806 0.014926 0.012233
0 0.737243 0.794225 0.019823 0.013484
0 0.394601 0.755672 0.014536 0.013119
0 0.657273 0.344290 0.016340 0.015146
1 0.401856 0.268571 0.025049 0.015208