1 0.741045 0.458530 0.048215 0.046975
0 0.621478 0.796692 0.019308 0.014618
0 0.599100 0.764265 0.018759 0.014169
0 0.602142 0.610720 0.017413 0.013111
0 0.430805 0.483253 0.013108 0.010949
1 0.694304 0.640035 0.048449 0.034733
0 0.516217 0.322959 0.015386 0.012919
0 0.362472 0.408607 0.018100 0.014223
0 0.596199 0.351903 0.017025 0.013038
0 0.395449 0.369596 0.014135 0.011315
1 0.305739 0.793946 0.040593 0.034079
1 0.131614 0.654367 0.048763 0.047805
0 0.571188 0.665576 0.016890 0.011675
0 0.393962 0.741071 0.020963 0.014740
1 0.692022 0.681908 0.053767 0.039327
0 0.474634 0.349271 0.020298 0.014314
1 0.506689 0.872770 0.045249 0.041163
0 0.570615 0.753514 0.016845 0.011730
0 0.347408 0.600607 0.014055 0.011239
0 0.486621 0.396984 0.016393 0.013690
0 0.258086 0.542872 0.017015 0.013710
0 0.625158 0.628187 0.015860 0.011544
0 0.229658 0.611526 0.014429 0.011310
0 0.478482 0.712142 0.014567 0.011304
0 0.388130 0.821304 0.025671 0.019984
0 0.433436 0.354401 0.015549 0.013282
0 0.138470 0.481524 0.016658 0.013478
0 0.247919 0.827935 0.018312 0.013565
0 0.697248 0.612183 0.015023 0.012269
0 0.614019 0.520320 0.016378 0.013162
0 0.390033 0.766788 0.014889 0.011230
0 0.183995 0.522529 0.013389 0.011157
0 0.387981 0.662524 0.021420 0.015310
0 0.271479 0.649959 0.013415 0.010274
0 0.444660 0.521123 0.014193 0.011859
0 0.261117 0.322908 0.017048 0.012830
1 0.638567 0.451300 0.046968 0.034476
0 0.207964 0.363231 0.012905 0.011311
0 0.445062 0.874173 0.025666 0.021806
0 0.728471 0.599695 0.013355 0.009277
0 0.223926 0.637490 0.012686 0.010892
0 0.565407 0.390718 0.017645 0.013287
0 0.099399 0.447899 0.022994 0.016058
0 0.306483 0.766220 0.013968 0.011473
0 0.400453 0.468309 0.015970 0.012173
0 0.240267 0.689401 0.013587 0.011625
0 0.049924 0.505758 0.013157 0.011197
0 0.254554 0.615746 0.019376 0.014140
0 0.362260 0.780547 0.019824 0.015488
0 0.388488 0.788070 0.015797 0.013266
0 0.562144 0.320316 0.019142 0.013992
0 0.034889 0.621682 0.017503 0.013683
1 0.241016 0.348518 0.029440 0.021703
0 0.435687 0.797204 0.019067 0.012512
1 0.590064 0.524302 0.026797 0.015465
1 0.301063 0.514590 0.052484 0.025944