0 0.151271 0.368046 0.015472 0.012409
0 0.199248 0.220920 0.016983 0.013438
0 0.548470 0.532662 0.020636 0.016108
0 0.459195 0.349018 0.017437 0.013657
0 0.550870 0.335738 0.018269 0.014539
0 0.258325 0.207745 0.017422 0.014044
0 0.193744 0.360783 0.015611 0.012562
0 0.338049 0.283074 0.020491 0.015426
0 0.200126 0.181711 0.016853 0.014201
0 0.387620 0.380702 0.019944 0.014707
0 0.482173 0.460261 0.016452 0.013315
0 0.433312 0.076081 0.016001 0.013842
0 0.298446 0.212412 0.016565 0.012260
0 0.298732 0.049806 0.016358 0.013669
0 0.394396 0.453007 0.021092 0.016122
0 0.421888 0.139782 0.017335 0.013733
0 0.410179 0.201107 0.016929 0.012952
0 0.210798 0.260354 0.015319 0.012482
0 0.534294 0.113327 0.017368 0.014580
0 0.275100 0.242625 0.017266 0.014294
0 0.256361 0.145944 0.015924 0.012920
0 0.641950 0.428307 0.017186 0.013098
0 0.449680 0.053530 0.017533 0.014598
0 0.625861 0.454519 0.021314 0.016207
0 0.307014 0.187245 0.017855 0.014167
0 0.353909 0.396960 0.021718 0.017799
0 0.471670 0.158462 0.018169 0.014637
0 0.220457 0.146544 0.017394 0.013065
0 0.473319 0.304976 0.020531 0.015749
0 0.244161 0.542390 0.019720 0.015581
0 0.226620 0.158894 0.013975 0.010684
0 0.550225 0.223945 0.017914 0.014988
0 0.694264 0.380983 0.018785 0.016486
0 0.224111 0.087650 0.013388 0.011747
0 0.399261 0.022688 0.017709 0.012512
0 0.228544 0.329483 0.017712 0.014554
0 0.605668 0.291483 0.016406 0.013226
0 0.713596 0.225934 0.014452 0.011244
0 0.495035 0.201661 0.027887 0.017043
0 0.116941 0.417499 0.016030 0.012433
0 0.150387 0.252858 0.013731 0.011504
0 0.498123 0.111616 0.018971 0.017038
0 0.392756 0.336001 0.016529 0.014389
0 0.312347 0.233723 0.015130 0.012253
0 0.760116 0.229689 0.018447 0.014506
0 0.411096 0.602671 0.026235 0.019643
0 0.310108 0.390090 0.016813 0.013109
0 0.431266 0.368842 0.019286 0.013397
0 0.476957 0.120735 0.018224 0.014694
0 0.149873 0.190823 0.013826 0.010972
0 0.671111 0.494298 0.023658 0.016719
0 0.607872 0.137662 0.015585 0.013289
0 0.400066 0.433461 0.015893 0.012723
0 0.303325 0.098353 0.015301 0.013511
0 0.387474 0.596054 0.027549 0.020744
0 0.118324 0.208587 0.020269 0.018299
0 0.409166 0.353930 0.015303 0.014146
0 0.629765 0.403800 0.015959 0.012486
0 0.342414 0.121774 0.020471 0.014400
0 0.129257 0.384012 0.015928 0.012309
0 0.717287 0.205904 0.014589 0.012219
0 0.730786 0.301805 0.015667 0.012736
0 0.134347 0.330297 0.019652 0.013457
0 0.073977 0.275803 0.013887 0.011351
0 0.293816 0.331472 0.019028 0.014805
0 0.067606 0.223840 0.017342 0.015384
0 0.509389 0.466476 0.026407 0.024344
0 0.711018 0.405595 0.015794 0.013569
0 0.371427 0.131597 0.019620 0.013476
0 0.469477 0.251997 0.013052 0.010378
0 0.411826 0.221826 0.014476 0.011198
0 0.517359 0.436370 0.017634 0.014221
0 0.273724 0.478507 0.016087 0.012537
0 0.271206 0.514555 0.014562 0.010877
0 0.231634 0.500779 0.015701 0.013049
0 0.564854 0.362233 0.014775 0.011843
0 0.057054 0.392057 0.016374 0.012055
0 0.059595 0.325587 0.012101 0.009770
0 0.237690 0.285773 0.014652 0.010928
1 0.035333 0.314989 0.025305 0.022429