0 0.385712 0.443598 0.013097 0.017506
0 0.332272 0.511224 0.011757 0.018845
0 0.510219 0.544266 0.013601 0.018141
0 0.475489 0.396284 0.011746 0.015922
0 0.243583 0.569386 0.010954 0.015384
0 0.497168 0.618668 0.011286 0.016653
0 0.380609 0.500206 0.011323 0.017874
0 0.477825 0.326733 0.013018 0.017098
0 0.325762 0.652712 0.010671 0.015517
0 0.440681 0.270909 0.012500 0.018417
0 0.573067 0.580042 0.012254 0.017166
0 0.388925 0.286205 0.011076 0.016580
0 0.298395 0.472368 0.010352 0.014176
0 0.610023 0.780431 0.011165 0.014889
0 0.434703 0.655794 0.011926 0.015569
0 0.421355 0.673494 0.010548 0.013431
0 0.565922 0.261775 0.016141 0.022477
0 0.294337 0.547947 0.011202 0.015465
0 0.584131 0.814735 0.011842 0.015690
0 0.346994 0.176250 0.012073 0.016714
0 0.406217 0.169568 0.011227 0.017483
0 0.344818 0.547316 0.010739 0.017862
1 0.370730 0.348077 0.037496 0.048583
0 0.571477 0.532876 0.014237 0.020091
0 0.391528 0.217706 0.012086 0.017673
0 0.495892 0.669100 0.012311 0.014693
0 0.487968 0.162919 0.011835 0.017850
0 0.328166 0.339974 0.012081 0.016668
0 0.389258 0.393002 0.013099 0.014419
1 0.292987 0.428645 0.037545 0.045569
0 0.435272 0.235937 0.012678 0.017410
0 0.422399 0.535478 0.011380 0.015702
0 0.320279 0.814413 0.014366 0.019824
0 0.410539 0.350268 0.012110 0.017807
0 0.574584 0.381663 0.013497 0.019193
0 0.461661 0.172882 0.010921 0.017490
0 0.311874 0.241975 0.010460 0.015756
0 0.479646 0.553789 0.014559 0.021643
0 0.601617 0.621180 0.014747 0.019575
0 0.331706 0.696371 0.015428 0.019991
1 0.441336 0.726867 0.031532 0.043269
0 0.273673 0.375243 0.009971 0.013718
0 0.370253 0.404312 0.009461 0.012110
0 0.288892 0.322513 0.009156 0.013606
0 0.480361 0.641696 0.013209 0.020748
0 0.531859 0.650514 0.011863 0.016833
0 0.471915 0.753993 0.013079 0.017051
0 0.522582 0.575185 0.010289 0.014427
0 0.377704 0.620132 0.011489 0.014807
0 0.357544 0.669534 0.010315 0.015474
0 0.498690 0.351990 0.015052 0.023187
0 0.675531 0.442432 0.017144 0.021626
0 0.403261 0.622407 0.010027 0.013617
0 0.203737 0.515006 0.013946 0.017863
0 0.563258 0.679240 0.010625 0.014735
0 0.364452 0.735156 0.010268 0.013909
0 0.352804 0.470966 0.010449 0.015941
0 0.668621 0.620912 0.013369 0.018606
0 0.629400 0.391798 0.013906 0.020167
0 0.655160 0.716098 0.013832 0.017587
0 0.602827 0.838822 0.011801 0.015405
0 0.585291 0.284972 0.014077 0.019824
0 0.264775 0.484908 0.010875 0.020832
0 0.545125 0.477456 0.013744 0.018358
0 0.424513 0.194375 0.008837 0.013017
0 0.316347 0.196104 0.011326 0.017186
0 0.614009 0.313489 0.015303 0.022495
0 0.276616 0.661823 0.011018 0.016049
0 0.380238 0.700241 0.010734 0.020744
0 0.522161 0.834821 0.013444 0.021229
0 0.302080 0.656542 0.011594 0.017071
0 0.361150 0.435213 0.011020 0.014444
0 0.648789 0.530449 0.014583 0.020688
0 0.698393 0.436284 0.013904 0.019832
0 0.545246 0.588751 0.010325 0.014991
0 0.376528 0.270801 0.010326 0.013713
0 0.423589 0.645901 0.011092 0.014731
0 0.426067 0.314576 0.013697 0.020541
0 0.588716 0.360613 0.012238 0.018232
0 0.375898 0.534944 0.009977 0.015347
0 0.403556 0.539108 0.009329 0.014036
0 0.342989 0.493232 0.008877 0.012931
0 0.209999 0.546470 0.011425 0.014905
0 0.498392 0.386357 0.012853 0.016208
0 0.277783 0.603807 0.010050 0.013955
0 0.523262 0.743832 0.010734 0.014141
0 0.307504 0.376054 0.009402 0.013035
0 0.625929 0.663349 0.011804 0.016426
0 0.619306 0.803141 0.010076 0.013253
0 0.352885 0.279385 0.011185 0.014053
0 0.464377 0.353503 0.011913 0.021853
0 0.675206 0.686890 0.010726 0.015045
0 0.385717 0.645810 0.013042 0.014937
0 0.556441 0.620518 0.009545 0.013646
0 0.615631 0.366811 0.014282 0.020886
0 0.392425 0.490367 0.010479 0.014414
1 0.412297 0.787173 0.040524 0.047242
0 0.181696 0.397499 0.010882 0.015999
0 0.256857 0.590881 0.012340 0.020440
0 0.395902 0.740614 0.012584 0.020538
0 0.418527 0.374112 0.011917 0.016227
0 0.484557 0.733905 0.009643 0.013321
0 0.252707 0.466708 0.009887 0.013681
0 0.381387 0.567757 0.012214 0.015208
0 0.544426 0.637707 0.008850 0.013982
0 0.410722 0.301604 0.009491 0.013726
0 0.309908 0.514033 0.009832 0.016085
0 0.543657 0.723408 0.008759 0.012748
1 0.331023 0.297210 0.033267 0.039259
0 0.279633 0.643740 0.010535 0.017687
0 0.340866 0.772885 0.011835 0.015099
0 0.493865 0.206366 0.009236 0.016144
0 0.422772 0.244052 0.010590 0.014550
0 0.330776 0.209337 0.008909 0.012979
0 0.543212 0.670163 0.010214 0.014079
0 0.479850 0.602361 0.008889 0.012326
0 0.378358 0.182272 0.013974 0.016771
0 0.550594 0.536813 0.013291 0.022215
0 0.395540 0.267387 0.009180 0.013165
0 0.596944 0.685810 0.012267 0.017656
0 0.342238 0.389263 0.011561 0.014637
0 0.549150 0.287808 0.011508 0.016526
0 0.252927 0.611397 0.012182 0.015643
0 0.320783 0.549900 0.011587 0.015080
0 0.484574 0.363123 0.010890 0.015295
0 0.221899 0.490896 0.011350 0.015648
0 0.277447 0.261313 0.016255 0.017561
1 0.247324 0.331020 0.037648 0.047108
0 0.454879 0.688659 0.008618 0.011926
0 0.398407 0.867643 0.012547 0.016169
0 0.246096 0.438146 0.011443 0.016705
0 0.295956 0.360606 0.015115 0.014667
0 0.410806 0.830406 0.012099 0.015845
1 0.501581 0.509701 0.030126 0.036347
0 0.209964 0.484597 0.011037 0.016143
0 0.495304 0.562504 0.010137 0.013226
0 0.229821 0.463644 0.010697 0.013638
0 0.275966 0.740437 0.016998 0.017842
0 0.469955 0.494374 0.010224 0.014358
0 0.299891 0.604365 0.008306 0.011845
0 0.596317 0.490697 0.009377 0.013852
0 0.391834 0.647811 0.010670 0.013551
0 0.566545 0.834258 0.012035 0.014570
0 0.524434 0.348655 0.013358 0.016834
0 0.434702 0.145018 0.009891 0.013139
0 0.680405 0.713619 0.009782 0.012650
0 0.357619 0.860319 0.012825 0.018384
0 0.223874 0.301489 0.010704 0.016517
0 0.310903 0.269135 0.013598 0.015261
0 0.535420 0.782879 0.010567 0.013697
0 0.212907 0.611714 0.009696 0.016263
0 0.312644 0.342262 0.009190 0.012170
0 0.320517 0.400399 0.009536 0.012231
0 0.357037 0.565261 0.009084 0.012942
0 0.180060 0.447924 0.011784 0.017823
0 0.670865 0.743642 0.012592 0.015112
0 0.430462 0.651250 0.018204 0.019754
0 0.220688 0.631528 0.010871 0.015501
1 0.498655 0.872186 0.030416 0.046187
1 0.687063 0.755029 0.015208 0.025910
1 0.271805 0.813608 0.039709 0.041681
1 0.248571 0.717291 0.035485 0.040554