1 0.316428 0.734887 0.050718 0.039890
1 0.737666 0.801335 0.041608 0.035998
1 0.596842 0.784095 0.046559 0.036622
1 0.423538 0.866494 0.044382 0.036619
0 0.210125 0.521228 0.013090 0.010259
1 0.619215 0.862079 0.059798 0.045013
0 0.344065 0.418211 0.015858 0.013190
0 0.452278 0.795882 0.017767 0.013614
1 0.782896 0.732363 0.041574 0.032215
0 0.249735 0.436812 0.016250 0.013042
0 0.606608 0.675584 0.015736 0.012523
0 0.521024 0.347720 0.015285 0.011145
0 0.449100 0.515720 0.012173 0.009650
0 0.470659 0.364039 0.013433 0.011865
1 0.660968 0.676001 0.047090 0.037862
0 0.300025 0.472551 0.014278 0.012044
0 0.269816 0.417735 0.016289 0.013321
0 0.702074 0.526720 0.013124 0.010991
1 0.151078 0.662238 0.036500 0.023349
1 0.599280 0.592190 0.031133 0.016908
1 0.338947 0.901771 0.042941 0.030596
0 0.641685 0.705717 0.012882 0.005636