0 0.327633 0.416519 0.017350 0.013050
0 0.398067 0.568351 0.012304 0.009685
0 0.505884 0.484166 0.015029 0.012036
0 0.468684 0.669365 0.014215 0.010845
0 0.439522 0.558178 0.013966 0.010363
0 0.266999 0.510526 0.014423 0.011593
0 0.320345 0.560524 0.016129 0.012147
0 0.521821 0.552014 0.016773 0.011689
0 0.259554 0.632330 0.012544 0.009926
0 0.533487 0.515987 0.012898 0.010199
0 0.300014 0.348889 0.015653 0.012534
0 0.259143 0.339063 0.015826 0.011842
0 0.198539 0.522313 0.011987 0.009477
0 0.400740 0.685405 0.012576 0.009737
0 0.399490 0.627506 0.014462 0.012457
0 0.306145 0.829102 0.015069 0.011610
0 0.663221 0.498340 0.018415 0.011704
0 0.302853 0.501778 0.014742 0.011644
0 0.311707 0.532491 0.013507 0.009574
0 0.253144 0.536637 0.015151 0.011777
0 0.491359 0.563409 0.014442 0.011671
0 0.222102 0.593886 0.013114 0.010086
0 0.221064 0.472750 0.016322 0.012240
0 0.502908 0.457115 0.013153 0.010286
0 0.580001 0.486353 0.015997 0.013123
0 0.333599 0.271287 0.016065 0.012671
0 0.256843 0.696470 0.013250 0.010939
0 0.555676 0.463441 0.014498 0.009740
0 0.627151 0.370553 0.015841 0.013151
0 0.291534 0.314647 0.017239 0.013905
0 0.118363 0.593690 0.012036 0.009861
0 0.463238 0.499236 0.018911 0.013688
0 0.511277 0.738642 0.011840 0.009744
1 0.659417 0.692822 0.053184 0.038101
0 0.292945 0.576284 0.013168 0.010710
0 0.379392 0.435408 0.018978 0.015372
0 0.336962 0.539355 0.015860 0.012896
0 0.115555 0.645309 0.012989 0.010346
0 0.334247 0.350686 0.013571 0.011166
0 0.382703 0.355565 0.014586 0.011422
0 0.210847 0.353659 0.014754 0.012051
0 0.381585 0.640802 0.011732 0.009431
0 0.494376 0.595192 0.012285 0.009347
0 0.077589 0.753635 0.014721 0.011446
0 0.154736 0.574660 0.011668 0.009210
0 0.441163 0.468120 0.014184 0.012899
0 0.196516 0.378497 0.018789 0.013626
0 0.406115 0.372634 0.019546 0.014473
0 0.361816 0.463593 0.017654 0.014791
0 0.369476 0.525786 0.014130 0.011906
0 0.506499 0.797378 0.013522 0.010285
0 0.107358 0.544992 0.013620 0.010015
0 0.283393 0.269355 0.017828 0.013502
0 0.610477 0.482404 0.016870 0.014938
0 0.591345 0.374154 0.014178 0.011317
0 0.387417 0.508122 0.011999 0.009893
0 0.430934 0.805859 0.014766 0.010725
0 0.347543 0.654381 0.012389 0.009356
0 0.578235 0.755618 0.012773 0.009445
0 0.563578 0.532256 0.013062 0.009620
0 0.379252 0.277417 0.012592 0.010112
0 0.190481 0.442442 0.013614 0.010876
0 0.662382 0.411029 0.019440 0.016653
1 0.140671 0.506646 0.052603 0.030599
0 0.536506 0.762417 0.013276 0.009349
0 0.040094 0.661824 0.012688 0.009219
0 0.469633 0.373197 0.017610 0.013968
0 0.488137 0.758987 0.012026 0.008700
0 0.134183 0.780373 0.016013 0.012446
0 0.074921 0.425547 0.015626 0.011921
0 0.347635 0.487794 0.015198 0.012190
0 0.173627 0.362323 0.014453 0.010724
0 0.579690 0.409999 0.017814 0.017294
0 0.336250 0.379992 0.012648 0.009625
0 0.363208 0.797549 0.019857 0.013611
0 0.373275 0.766572 0.011057 0.008800
0 0.641208 0.614567 0.015061 0.010536
0 0.190959 0.556875 0.019699 0.013455
0 0.179505 0.725156 0.011373 0.009646
0 0.102618 0.329381 0.014259 0.012211
1 0.492137 0.424946 0.043044 0.038494
0 0.338707 0.633725 0.012806 0.009510
0 0.432234 0.436734 0.014485 0.010093
0 0.621908 0.637031 0.013112 0.009962
0 0.031367 0.547244 0.011827 0.009440
0 0.641525 0.572162 0.012826 0.010719
0 0.024079 0.427278 0.017075 0.013060
0 0.178906 0.656118 0.013785 0.011429
0 0.556563 0.439617 0.012666 0.009656
0 0.175674 0.427037 0.016667 0.013700
0 0.418527 0.590745 0.012910 0.009303
0 0.389781 0.755654 0.011191 0.008749
0 0.177851 0.628405 0.013829 0.011418
0 0.239733 0.516920 0.011710 0.010028
0 0.620745 0.441092 0.014664 0.012733
0 0.247588 0.482247 0.015251 0.013581
0 0.105771 0.412805 0.017685 0.013405
0 0.367887 0.581818 0.011322 0.009237
0 0.431692 0.773670 0.014335 0.010211
0 0.104452 0.449079 0.014999 0.010868
0 0.509132 0.581232 0.011244 0.009234
0 0.023223 0.609365 0.011707 0.009989
0 0.321610 0.462744 0.014000 0.009710
0 0.147051 0.534331 0.014931 0.011259
0 0.013246 0.480499 0.012987 0.009732
0 0.610577 0.704641 0.012635 0.009801
0 0.432634 0.714386 0.014318 0.010850
0 0.166333 0.402011 0.014653 0.011426
0 0.621355 0.661479 0.012119 0.009482
0 0.446658 0.772816 0.012978 0.009323
0 0.314236 0.435314 0.014841 0.010004
0 0.599791 0.394985 0.013477 0.011283
0 0.143409 0.554156 0.013009 0.010797
0 0.190656 0.398585 0.013752 0.010668
1 0.370965 0.835302 0.053177 0.037019
0 0.007317 0.565877 0.013072 0.011838
0 0.291715 0.760626 0.015447 0.012680
0 0.148775 0.363515 0.013263 0.011313
0 0.225171 0.562017 0.012884 0.009443
0 0.480099 0.783049 0.013969 0.013525
0 0.686182 0.517518 0.011922 0.008855
0 0.467467 0.562411 0.014548 0.012737
0 0.428676 0.832952 0.015999 0.011571
0 0.650776 0.390946 0.016547 0.013250
0 0.565633 0.646779 0.012906 0.009404
1 0.534360 0.351050 0.048351 0.039580
0 0.259838 0.454841 0.011682 0.009685
0 0.243699 0.665975 0.010667 0.008014
0 0.589217 0.590892 0.016023 0.011161
0 0.357345 0.704854 0.011204 0.008925
0 0.556946 0.702965 0.013040 0.010020
0 0.196306 0.600635 0.012804 0.009407
0 0.428413 0.285747 0.011670 0.011721
0 0.552127 0.585731 0.012760 0.012109
0 0.450748 0.807510 0.015693 0.011690
0 0.214537 0.542280 0.012420 0.009464
0 0.659269 0.452974 0.024681 0.016989
0 0.362277 0.293622 0.012387 0.011098
0 0.596035 0.649230 0.013132 0.009868
0 0.433728 0.528072 0.012556 0.009590
0 0.106064 0.481174 0.013293 0.009718
0 0.289203 0.473828 0.022239 0.012885
0 0.273228 0.833773 0.017708 0.017027
0 0.244888 0.313508 0.012717 0.010312
0 0.024146 0.636964 0.010043 0.007956
0 0.345603 0.691762 0.017976 0.011792
0 0.459674 0.307150 0.022889 0.015740
0 0.236654 0.359603 0.015221 0.011365
0 0.333979 0.819327 0.011133 0.011672
0 0.366309 0.337738 0.017795 0.014463
0 0.219385 0.420470 0.013155 0.009251
0 0.042713 0.581551 0.017508 0.011526
0 0.571729 0.735040 0.015475 0.010211
0 0.320319 0.251064 0.015771 0.011725
0 0.084463 0.724735 0.012175 0.010125
0 0.261403 0.360294 0.016195 0.013726
0 0.600007 0.433955 0.014101 0.010688
0 0.043717 0.506268 0.012156 0.010078
0 0.202481 0.670237 0.010681 0.007920
0 0.437779 0.591577 0.013669 0.010449
0 0.145492 0.333079 0.016641 0.012993
0 0.577670 0.470928 0.013025 0.010367
0 0.029191 0.372719 0.016870 0.013948
0 0.296655 0.659028 0.020373 0.014002
0 0.304742 0.391869 0.013921 0.011301
1 0.584914 0.784569 0.047847 0.028194
0 0.330950 0.610339 0.018275 0.010455
0 0.267623 0.391481 0.015580 0.013694
0 0.413845 0.785159 0.012899 0.012115
0 0.425030 0.264174 0.014164 0.010906
0 0.049468 0.747571 0.014723 0.011330
1 0.433736 0.410638 0.048771 0.029234
0 0.102862 0.351429 0.013482 0.012248
0 0.584183 0.618180 0.014510 0.011918
0 0.440434 0.357948 0.012492 0.009269
0 0.139503 0.321981 0.016499 0.013638
0 0.489361 0.287892 0.018258 0.014116
0 0.277126 0.597677 0.016667 0.010017
0 0.373255 0.726327 0.011464 0.009715
0 0.287354 0.680296 0.012451 0.010088
0 0.081950 0.616373 0.011935 0.009780
0 0.306308 0.739511 0.010345 0.008533
0 0.222042 0.705602 0.011682 0.008703
0 0.163466 0.778539 0.015338 0.010991
0 0.073497 0.669833 0.018754 0.009659
0 0.319730 0.607792 0.014017 0.010025
0 0.392765 0.312242 0.013036 0.010426
0 0.609888 0.723367 0.016265 0.011674
0 0.263895 0.722069 0.011549 0.010029
0 0.299340 0.451089 0.011136 0.009840
0 0.496675 0.310269 0.013711 0.010915
0 0.196542 0.284091 0.027360 0.017628
0 0.118101 0.531074 0.014204 0.010108
0 0.641368 0.547488 0.011166 0.008540
0 0.455706 0.514991 0.014415 0.010199
0 0.438964 0.611300 0.020289 0.013743
0 0.522537 0.648101 0.010831 0.011288
0 0.499554 0.821167 0.015758 0.009872
0 0.477546 0.823978 0.016838 0.010134
0 0.559237 0.740261 0.014854 0.011579
0 0.457263 0.642947 0.010285 0.008207
0 0.300157 0.422879 0.013480 0.009468
0 0.144821 0.478739 0.011308 0.008947
0 0.129166 0.697952 0.023237 0.014168
0 0.326218 0.659976 0.012940 0.010296
1 0.436031 0.337546 0.037611 0.024872
0 0.497209 0.688487 0.011456 0.010424
0 0.475704 0.684757 0.011387 0.008812
0 0.477659 0.738831 0.012373 0.012939
1 0.644953 0.727622 0.033226 0.027533
0 0.127239 0.403891 0.012290 0.009697
0 0.003820 0.694173 0.007640 0.010391
1 0.081697 0.490793 0.028005 0.025205