0 0.431752 0.832608 0.012680 0.010011
0 0.441319 0.558607 0.015919 0.012643
0 0.270084 0.623182 0.015768 0.011695
0 0.468431 0.505045 0.015399 0.011817
0 0.241816 0.507158 0.016733 0.013388
0 0.395935 0.641204 0.013344 0.010845
1 0.639857 0.486131 0.074877 0.046120
0 0.598843 0.841174 0.015716 0.012247
0 0.575971 0.881438 0.015456 0.012261
0 0.501658 0.896400 0.016199 0.012629
0 0.250761 0.473405 0.015550 0.011646
0 0.537314 0.607154 0.016001 0.012608
0 0.303937 0.607697 0.015130 0.010826
0 0.484581 0.764816 0.016018 0.012844
0 0.169573 0.610809 0.018478 0.013002
0 0.345832 0.877802 0.013088 0.010240
0 0.297735 0.580160 0.017984 0.011409
0 0.140917 0.651650 0.016810 0.012988
0 0.447104 0.872114 0.014123 0.011783
0 0.248479 0.429903 0.014956 0.012109
0 0.487257 0.949339 0.017768 0.013140
0 0.302033 0.496267 0.013596 0.011371
0 0.227627 0.778193 0.015569 0.012261
0 0.161097 0.484374 0.013180 0.011006
0 0.429943 0.586061 0.016999 0.012374
0 0.479044 0.788292 0.013365 0.010713
0 0.413195 0.471438 0.013639 0.010900
0 0.542063 0.866250 0.017952 0.014241
0 0.305534 0.886384 0.014845 0.011484
0 0.315531 0.708884 0.011297 0.009057
0 0.192944 0.523311 0.018452 0.014664
0 0.121354 0.560441 0.016020 0.011689
0 0.094151 0.808930 0.016444 0.012108
0 0.451132 0.448461 0.015444 0.012983
0 0.046754 0.573018 0.019054 0.014351
0 0.589642 0.720667 0.012374 0.010644
0 0.594361 0.754283 0.012421 0.009493
1 0.223482 0.729126 0.053210 0.036833
0 0.367223 0.756067 0.012127 0.010286
0 0.520971 0.734426 0.016953 0.013735
0 0.327432 0.604689 0.014757 0.012250
0 0.552380 0.677861 0.016237 0.011922
0 0.368197 0.447660 0.015394 0.013281
0 0.124631 0.698225 0.012819 0.010643
0 0.487153 0.859319 0.016020 0.011295
0 0.463834 0.465019 0.017255 0.012054
0 0.052452 0.745409 0.012994 0.011314
0 0.340416 0.821574 0.011885 0.009407
0 0.438840 0.536553 0.019589 0.012657
0 0.132337 0.460408 0.015190 0.014126
0 0.356542 0.517822 0.018624 0.013406
0 0.558035 0.576117 0.015767 0.013621
0 0.447095 0.932826 0.016819 0.013875
0 0.483984 0.689705 0.013877 0.009933
0 0.275562 0.405743 0.016160 0.013155
0 0.420974 0.864712 0.013322 0.010466
0 0.567516 0.775568 0.013935 0.010934
0 0.367621 0.908300 0.016265 0.013975
0 0.045823 0.660630 0.013371 0.010865
0 0.543201 0.457590 0.012958 0.010037
0 0.292511 0.946991 0.015133 0.011866
0 0.216009 0.577818 0.017899 0.015164
0 0.280084 0.767554 0.012624 0.009781
0 0.660975 0.777099 0.015104 0.011767
0 0.540495 0.567347 0.015219 0.011100
0 0.590732 0.905506 0.016745 0.012634
0 0.526927 0.829065 0.013830 0.011266
0 0.669647 0.544916 0.017087 0.012520
0 0.129931 0.506674 0.018407 0.013194
0 0.648922 0.664641 0.013186 0.010320
0 0.343785 0.564705 0.012861 0.009806
0 0.574851 0.600004 0.017755 0.011438
0 0.273924 0.831187 0.017018 0.012951
0 0.359257 0.626851 0.013227 0.010609
0 0.478030 0.535611 0.014360 0.010079
0 0.662998 0.600444 0.014004 0.011466
0 0.242359 0.918094 0.017674 0.014408
0 0.101834 0.523645 0.017092 0.012686
0 0.607323 0.784484 0.011435 0.009496
0 0.322684 0.768544 0.013263 0.012371
0 0.286790 0.645465 0.014423 0.008776
0 0.384432 0.725721 0.013953 0.011493
0 0.705363 0.744776 0.014819 0.012046
0 0.282169 0.510729 0.015186 0.013594
0 0.213214 0.539600 0.014170 0.010440
1 0.400600 0.409117 0.018214 0.013720
0 0.282262 0.677796 0.011419 0.009262
0 0.260650 0.956362 0.020549 0.014802
0 0.612158 0.455250 0.014202 0.011798
0 0.061761 0.812435 0.013515 0.010103
0 0.284325 0.789287 0.013106 0.009986
0 0.513273 0.855990 0.013609 0.009757
0 0.301889 0.992528 0.020066 0.014763
0 0.322831 0.463989 0.019197 0.015602
0 0.200585 0.752178 0.013406 0.011977
0 0.565820 0.425529 0.016706 0.014003
0 0.660576 0.829740 0.014719 0.011488
1 0.573830 0.497670 0.044828 0.032879
0 0.476971 0.632169 0.012622 0.009764
0 0.536720 0.439396 0.014319 0.011207
0 0.451006 0.745610 0.015944 0.010606
0 0.647148 0.541271 0.017158 0.014428
0 0.325007 0.856884 0.012060 0.009672
0 0.090724 0.699629 0.019486 0.012943
0 0.238940 0.697487 0.015702 0.012165
0 0.306133 0.694123 0.011787 0.009504
0 0.106260 0.546794 0.017938 0.013505
0 0.680549 0.624090 0.014886 0.012192
0 0.337895 0.422655 0.016045 0.012303
0 0.421348 0.502075 0.015869 0.013154
0 0.065431 0.719681 0.016616 0.011025
0 0.641279 0.684744 0.012738 0.011415
0 0.516692 0.660970 0.013776 0.011285
0 0.407967 0.886799 0.013017 0.010785
0 0.053414 0.532970 0.019297 0.016056
0 0.318378 0.923856 0.014678 0.014019
0 0.149636 0.574886 0.016884 0.014394
0 0.416707 0.814913 0.013930 0.010485
0 0.698879 0.557732 0.017058 0.014680
0 0.507778 0.588048 0.018422 0.016923
0 0.406185 0.600408 0.017250 0.011075
0 0.259400 0.982445 0.020231 0.014936
0 0.017802 0.769160 0.012475 0.010078
0 0.192877 0.668858 0.012731 0.009208
0 0.165831 0.507923 0.014229 0.010437
0 0.533817 0.800704 0.013161 0.009862
0 0.102080 0.601656 0.012829 0.009433
0 0.416501 0.722631 0.014072 0.011955
1 0.144448 0.832940 0.053870 0.040894
0 0.290454 0.816332 0.011946 0.008975
0 0.392476 0.683617 0.016155 0.013054
0 0.591288 0.445963 0.014887 0.011743
0 0.014886 0.738385 0.011764 0.009153
0 0.250356 0.567959 0.016604 0.018116
0 0.405754 0.584709 0.019020 0.015106
0 0.197270 0.712138 0.012431 0.010321
0 0.374472 0.943087 0.025401 0.016569
0 0.460194 0.664901 0.016040 0.012191
0 0.028160 0.554472 0.013965 0.011118
0 0.400287 0.845483 0.012464 0.011142
0 0.260164 0.791820 0.019049 0.013860
0 0.462892 0.719816 0.018838 0.014548
0 0.419433 0.682880 0.019601 0.013019
0 0.385890 0.864719 0.012347 0.010493
0 0.679829 0.717106 0.013918 0.011201
0 0.322339 0.657841 0.017111 0.012216
0 0.065792 0.787632 0.013849 0.011222
0 0.199304 0.470713 0.014010 0.010779
0 0.187312 0.910270 0.014400 0.012985
0 0.209526 0.491008 0.012748 0.010271
0 0.352084 0.408449 0.013220 0.010462
0 0.577611 0.460012 0.012655 0.009407
0 0.727861 0.606883 0.019160 0.013981
0 0.309640 0.832211 0.012685 0.011922
0 0.147345 0.524451 0.012575 0.008969
0 0.364721 0.712320 0.013308 0.012190
0 0.204183 0.559527 0.013471 0.009587
0 0.120247 0.611443 0.012798 0.009510
0 0.507145 0.931149 0.015664 0.013649
0 0.617897 0.633328 0.011005 0.009562
0 0.627821 0.841904 0.015168 0.011937
0 0.222504 0.761671 0.015251 0.013420
0 0.700124 0.520904 0.015254 0.012840
0 0.457900 0.639424 0.015535 0.014045
0 0.186272 0.571482 0.014739 0.011891
0 0.590281 0.800486 0.012779 0.010254
0 0.566297 0.850698 0.014973 0.011007
0 0.325042 0.393663 0.012673 0.010784
0 0.383622 0.808912 0.011627 0.009940
0 0.225870 0.885216 0.017757 0.012800
0 0.179615 0.774741 0.015277 0.013492
0 0.343420 0.620177 0.013931 0.011926
0 0.350271 0.683909 0.012005 0.008853
0 0.081966 0.670606 0.014271 0.011578
0 0.526075 0.500456 0.012332 0.009747
0 0.735857 0.630631 0.016376 0.011403
0 0.032359 0.683926 0.012457 0.009811
0 0.440341 0.496599 0.013903 0.011435
0 0.364617 0.728413 0.011856 0.009865
0 0.010587 0.663629 0.013238 0.009324
0 0.330575 0.655842 0.016765 0.010921
0 0.667820 0.637860 0.011320 0.009330
0 0.119292 0.637910 0.013058 0.009898
0 0.619294 0.652751 0.013513 0.010174
0 0.704664 0.646949 0.014258 0.011618
0 0.102537 0.723637 0.012022 0.008038
0 0.353537 0.765510 0.010865 0.008725
0 0.377769 0.577139 0.014259 0.010002
0 0.477926 0.923248 0.017929 0.011512
0 0.233695 0.593295 0.014635 0.010450
0 0.540880 0.412834 0.016750 0.012786
0 0.477916 0.707925 0.017781 0.012765
0 0.106009 0.680788 0.011862 0.009544
0 0.670835 0.734030 0.016337 0.011820
0 0.350254 0.457743 0.013583 0.009983
0 0.171990 0.746659 0.010786 0.007979
0 0.399595 0.934218 0.013903 0.012079
0 0.245532 0.684586 0.013525 0.010523
0 0.321521 0.641917 0.015896 0.011689
1 0.204884 0.445887 0.044708 0.036378
0 0.576610 0.930013 0.016754 0.014523
0 0.563468 0.528229 0.015912 0.015252
0 0.679344 0.854173 0.018823 0.011862
0 0.313508 0.815223 0.010546 0.008922
0 0.342895 0.589608 0.013254 0.009896
0 0.383510 0.662473 0.013358 0.009591
0 0.006593 0.723425 0.010482 0.009484
0 0.490315 0.612110 0.011564 0.009403
0 0.536357 0.650131 0.010941 0.009776
0 0.541874 0.920893 0.018455 0.013627
0 0.353340 0.433405 0.014490 0.011300
0 0.532132 0.626097 0.011919 0.009926
0 0.281610 0.976559 0.020034 0.014498
0 0.725601 0.650495 0.010915 0.008873
0 0.599949 0.889487 0.012521 0.009587
0 0.366903 0.872580 0.011295 0.010205
0 0.113378 0.722653 0.015891 0.009190
0 0.056517 0.634212 0.012988 0.011106
0 0.499064 0.447640 0.014246 0.013018
0 0.147256 0.896936 0.017715 0.012846
0 0.205022 0.755261 0.021549 0.012710
0 0.317537 0.750768 0.011491 0.009296
0 0.693963 0.814999 0.013237 0.009730
0 0.152230 0.454515 0.012284 0.010114
0 0.004544 0.576583 0.009088 0.013353
1 0.074386 0.886752 0.052025 0.039948