0 0.551710 0.568767 0.022206 0.017417
0 0.448084 0.485964 0.017845 0.013011
0 0.490430 0.521575 0.019762 0.014584
0 0.224763 0.484556 0.015991 0.012570
0 0.510789 0.579365 0.018110 0.014492
0 0.526550 0.459198 0.022347 0.016889
0 0.497839 0.481053 0.019349 0.013257
0 0.431386 0.406099 0.015465 0.012430
0 0.294923 0.700149 0.018346 0.013906
0 0.551464 0.523837 0.020327 0.015485
0 0.390769 0.376978 0.018069 0.012934
0 0.490058 0.645707 0.016125 0.012436
0 0.219662 0.527133 0.016200 0.012129
0 0.280088 0.465010 0.017349 0.013132
0 0.582623 0.546477 0.024608 0.020275
1 0.194142 0.834799 0.076263 0.049229
0 0.568646 0.836805 0.029254 0.021048
0 0.608635 0.798099 0.022034 0.016245
0 0.391285 0.732331 0.021600 0.016812
0 0.444087 0.598749 0.015904 0.012163
0 0.487633 0.604004 0.019027 0.013034
0 0.426137 0.621529 0.015943 0.012950
0 0.331460 0.760879 0.019016 0.015010
0 0.208109 0.732191 0.016984 0.013536
0 0.701393 0.509140 0.018265 0.014611
0 0.366317 0.734499 0.018702 0.015061
0 0.403112 0.515251 0.024808 0.018639
0 0.644718 0.585213 0.019453 0.014280
0 0.074068 0.480884 0.015289 0.012896
0 0.449915 0.421383 0.013323 0.010883
0 0.631420 0.550747 0.017335 0.012605
0 0.298373 0.511694 0.014373 0.011617
0 0.360445 0.437597 0.012732 0.010423
0 0.246468 0.419736 0.015403 0.012107
0 0.273075 0.691372 0.015607 0.013065
0 0.240126 0.703341 0.018738 0.013293
0 0.603150 0.432451 0.017190 0.012035
0 0.399214 0.441297 0.013803 0.011201
0 0.061193 0.520893 0.015064 0.011671
0 0.394259 0.495066 0.014133 0.010763
0 0.468849 0.799054 0.017474 0.013765
0 0.323000 0.395440 0.020790 0.017943
0 0.562463 0.762356 0.015715 0.011175
0 0.534169 0.724543 0.014677 0.011859
0 0.505595 0.563105 0.014858 0.011947
0 0.435042 0.525363 0.014457 0.011287
0 0.449543 0.958169 0.026885 0.019485
0 0.126798 0.583883 0.013856 0.010834
0 0.456904 0.618089 0.014247 0.011806
0 0.653470 0.609473 0.015171 0.012707
0 0.673231 0.505898 0.014271 0.010799
0 0.103853 0.501956 0.014793 0.012202
0 0.160690 0.707972 0.017751 0.013527
0 0.425946 0.964698 0.035085 0.020957
0 0.397615 0.816404 0.024258 0.016761
0 0.375538 0.795735 0.014145 0.011664
0 0.196647 0.788607 0.014077 0.010541
0 0.272008 0.507068 0.013744 0.010500
0 0.359934 0.863598 0.020374 0.014761
1 0.172841 0.421584 0.041505 0.027558
0 0.615179 0.666830 0.013777 0.011141
0 0.393565 0.662113 0.019313 0.013870
0 0.630562 0.589959 0.018458 0.012068
0 0.157109 0.656144 0.013648 0.011316
0 0.580462 0.812143 0.018807 0.013436
0 0.374250 0.550783 0.029813 0.018230
0 0.458627 0.830309 0.017561 0.014359
1 0.361067 0.651773 0.025116 0.022781
0 0.547407 0.653764 0.023041 0.018166
0 0.525712 0.690586 0.012476 0.010450
1 0.074856 0.898927 0.040674 0.036450
0 0.635092 0.789482 0.016396 0.012009
1 0.754571 0.647190 0.021817 0.014804
1 0.324983 0.858916 0.022856 0.015584