1 0.398821 0.419407 0.046744 0.037725
0 0.233854 0.416419 0.018463 0.015235
0 0.466823 0.568363 0.022012 0.017896
0 0.304723 0.392961 0.019143 0.016127
0 0.532359 0.739510 0.022717 0.018405
0 0.405281 0.813747 0.037160 0.029453
1 0.178899 0.756564 0.045254 0.036305
0 0.344374 0.811305 0.034663 0.027801
1 0.233674 0.671831 0.038968 0.034261
0 0.249356 0.570851 0.019837 0.016240
0 0.277590 0.708525 0.027326 0.021061
0 0.490309 0.458322 0.017372 0.014793
0 0.623472 0.413078 0.020202 0.016522
0 0.385812 0.376240 0.016257 0.012604
0 0.258539 0.589592 0.018741 0.016095
0 0.608101 0.764853 0.017159 0.013337
0 0.479604 0.636178 0.020031 0.016230
0 0.273936 0.815408 0.023451 0.019469
0 0.576465 0.400637 0.024088 0.019481
0 0.498256 0.563165 0.018269 0.014854
0 0.468101 0.661311 0.022362 0.018313
0 0.083025 0.720712 0.016406 0.013428
0 0.323448 0.430418 0.021058 0.016292
0 0.267452 0.445027 0.025744 0.020755
0 0.425676 0.737947 0.020468 0.017989
0 0.302190 0.307728 0.016141 0.013424
0 0.281701 0.502223 0.016827 0.014247
0 0.292204 0.660181 0.016148 0.014249
0 0.307557 0.572936 0.020013 0.017766
0 0.231089 0.749153 0.018071 0.015969
0 0.259011 0.637701 0.015886 0.014118
0 0.127392 0.806996 0.018713 0.015385
1 0.544398 0.311960 0.038170 0.017892
1 0.742406 0.453756 0.021471 0.018787