0 0.734257 0.461592 0.014235 0.013641
0 0.724267 0.380685 0.014359 0.014339
0 0.683678 0.279457 0.014205 0.014408
0 0.621855 0.369312 0.014164 0.014390
0 0.531374 0.278797 0.013417 0.013714
0 0.676629 0.373073 0.014786 0.014919
0 0.656830 0.346092 0.013286 0.013333
0 0.793419 0.323254 0.013031 0.013675
0 0.693762 0.188860 0.013019 0.014297
0 0.771139 0.415812 0.015684 0.014887
0 0.549733 0.755310 0.015277 0.015706
0 0.285410 0.200647 0.013950 0.013846
0 0.686179 0.574217 0.015615 0.015614
0 0.167476 0.433069 0.014933 0.015629
0 0.818346 0.347067 0.016201 0.015944
0 0.443457 0.576921 0.016786 0.017331
0 0.542767 0.344292 0.013756 0.014728
0 0.605958 0.697354 0.014709 0.014971
0 0.297602 0.232374 0.013511 0.013183
0 0.395276 0.217381 0.012699 0.013432
0 0.498893 0.184067 0.012934 0.013232
0 0.835536 0.654999 0.014272 0.014709
0 0.313703 0.474210 0.015295 0.015042
0 0.863793 0.382372 0.014758 0.015311
0 0.701191 0.236729 0.013764 0.014270
0 0.170359 0.304480 0.013275 0.014264
0 0.604231 0.186479 0.013214 0.013067
0 0.184372 0.218051 0.013260 0.014074
0 0.590325 0.391868 0.014126 0.013700
0 0.901940 0.298338 0.016035 0.016070
0 0.529874 0.834655 0.015128 0.015914
1 0.867640 0.855602 0.079915 0.086876
0 0.638486 0.202225 0.015897 0.014873
0 0.498340 0.517963 0.015477 0.014420
0 0.278579 0.530591 0.015668 0.015644
0 0.426937 0.722211 0.016822 0.016618
0 0.421046 0.356714 0.013377 0.014176
0 0.667647 0.772843 0.018153 0.015864
0 0.616511 0.602038 0.015798 0.015585
0 0.140243 0.461140 0.013826 0.013385
0 0.256084 0.501562 0.014467 0.015419
0 0.318886 0.144820 0.012557 0.013488
0 0.619492 0.563725 0.015011 0.014417
0 0.797489 0.440632 0.014486 0.014771
0 0.108669 0.558456 0.015111 0.014349
0 0.601059 0.770326 0.014626 0.014476
0 0.403706 0.181842 0.012975 0.013120
0 0.699322 0.473542 0.013859 0.014130
0 0.399936 0.149069 0.013119 0.013580
0 0.627283 0.233061 0.013790 0.014425
0 0.424870 0.616338 0.016386 0.017065
0 0.805561 0.731521 0.014686 0.014963
1 0.124645 0.659873 0.044069 0.041651
0 0.448314 0.328504 0.013659 0.014465
0 0.594903 0.250420 0.013573 0.013246
0 0.756549 0.852652 0.014945 0.015601
0 0.647981 0.665680 0.015745 0.014746
0 0.686354 0.686631 0.017298 0.016360
0 0.431702 0.144748 0.017379 0.016435
0 0.251913 0.145694 0.013975 0.015567
0 0.774698 0.869508 0.014750 0.015476
0 0.856369 0.245723 0.015196 0.015754
0 0.679221 0.166544 0.013808 0.015139
1 0.314287 0.701713 0.052854 0.054006
0 0.321161 0.107155 0.012687 0.013953
0 0.503115 0.662112 0.016356 0.016673
0 0.819742 0.234144 0.013823 0.014726
0 0.348843 0.095726 0.013221 0.014539
0 0.152493 0.278401 0.012670 0.013248
1 0.393268 0.512522 0.048155 0.052820
0 0.467868 0.375715 0.013442 0.013682
0 0.673557 0.461410 0.015473 0.015530
0 0.512959 0.364259 0.013640 0.014163
0 0.499897 0.310159 0.013674 0.013880
0 0.619586 0.742716 0.015150 0.015311
0 0.306640 0.349595 0.012598 0.012728
0 0.643215 0.924465 0.015020 0.015716
0 0.448840 0.483214 0.013801 0.014578
0 0.075429 0.317923 0.012490 0.013028
0 0.912343 0.508913 0.014039 0.013746
0 0.510834 0.967110 0.016728 0.018613
0 0.407865 0.278232 0.013750 0.014150
0 0.186828 0.584397 0.014044 0.014882
0 0.596561 0.728068 0.014772 0.014114
0 0.273968 0.437382 0.014769 0.014687
0 0.493367 0.806736 0.015862 0.017565
0 0.896999 0.621519 0.014175 0.013717
0 0.422805 0.298683 0.014671 0.014512
0 0.102081 0.288701 0.012799 0.013738
0 0.379333 0.750767 0.015829 0.015829
0 0.568403 0.700823 0.014249 0.015474
0 0.374034 0.235449 0.012603 0.012178
0 0.781361 0.256246 0.013051 0.013529
0 0.944268 0.458476 0.016747 0.016500
0 0.268205 0.163089 0.011755 0.012453
0 0.483934 0.205940 0.012452 0.011937
0 0.101190 0.518575 0.013592 0.014394
0 0.208064 0.294046 0.013583 0.014237
0 0.248168 0.449334 0.014152 0.015449
0 0.453887 0.064603 0.014435 0.013429
0 0.249438 0.367761 0.012977 0.012962
0 0.928691 0.625744 0.014597 0.013606
0 0.144358 0.512252 0.013171 0.013901
0 0.865566 0.317375 0.016259 0.016207
0 0.949206 0.558189 0.013767 0.014188
0 0.400864 0.251245 0.012538 0.013077
0 0.803754 0.860076 0.014921 0.014725
0 0.513786 0.547970 0.014083 0.014292
0 0.429833 0.214001 0.017389 0.014485
0 0.807193 0.688895 0.012619 0.013175
0 0.800805 0.771864 0.014062 0.014760
0 0.053159 0.389803 0.017803 0.014904
1 0.518393 0.480268 0.042024 0.043401
0 0.419699 0.656394 0.017708 0.017272
0 0.834871 0.215084 0.013999 0.014545
0 0.843338 0.779120 0.015804 0.015932
0 0.599598 0.451795 0.015740 0.015754
0 0.479100 0.233962 0.016036 0.015242
0 0.902531 0.399360 0.014367 0.013676
0 0.081323 0.607088 0.013277 0.013503
0 0.174766 0.170654 0.013488 0.014903
0 0.637382 0.730705 0.014397 0.014730
1 0.289096 0.852654 0.087526 0.107447
0 0.475937 0.310695 0.013077 0.013052
0 0.392517 0.116540 0.013406 0.012527
0 0.474192 0.115803 0.012134 0.012861
0 0.106095 0.699231 0.013101 0.013486
0 0.270725 0.410321 0.013056 0.013505
0 0.707675 0.866528 0.014312 0.014359
0 0.353156 0.354327 0.014858 0.014025
0 0.523724 0.216629 0.012770 0.013670
0 0.438030 0.890006 0.014491 0.015458
0 0.399916 0.430711 0.013035 0.013385
0 0.379898 0.454758 0.013478 0.014578
0 0.703742 0.968160 0.019121 0.020774
0 0.414670 0.463853 0.013802 0.012788
0 0.822397 0.189049 0.014476 0.015802
0 0.855671 0.629309 0.012284 0.013331
0 0.355430 0.387524 0.012516 0.012403
0 0.314791 0.774707 0.016804 0.017022
0 0.735539 0.359990 0.015859 0.015682
0 0.312513 0.510326 0.013517 0.014687
0 0.576930 0.286655 0.013608 0.014384
0 0.302128 0.597828 0.016807 0.017731
0 0.499461 0.267361 0.013281 0.015437
0 0.379561 0.418037 0.013980 0.014967
0 0.688740 0.900732 0.020584 0.018210
0 0.810876 0.550897 0.013142 0.013524
0 0.597847 0.422315 0.014470 0.013493
0 0.556487 0.284526 0.014318 0.015975
0 0.676196 0.255335 0.015551 0.015102
0 0.361820 0.780152 0.014258 0.014556
0 0.583387 0.365131 0.013878 0.013647
0 0.517995 0.792527 0.016225 0.015803
0 0.337711 0.296552 0.012870 0.013348
0 0.132440 0.343570 0.012204 0.012982
0 0.232508 0.223494 0.012203 0.013414
0 0.457906 0.648376 0.020060 0.019813
0 0.809061 0.280941 0.015392 0.016089
0 0.717478 0.122825 0.013181 0.014025
0 0.223157 0.712517 0.013908 0.013871
0 0.579025 0.518240 0.016645 0.016534
0 0.575587 0.489200 0.015211 0.016394
0 0.324688 0.596528 0.014505 0.015610
0 0.488608 0.575476 0.019387 0.023141
0 0.176723 0.632277 0.015044 0.014482
0 0.671876 0.105094 0.014624 0.015447
0 0.130393 0.428939 0.016116 0.015676
0 0.881201 0.418491 0.013395 0.013487
0 0.697218 0.325712 0.014095 0.016995
0 0.443546 0.193771 0.012204 0.012455
0 0.242619 0.401547 0.014018 0.015845
0 0.447210 0.304557 0.012499 0.012323
0 0.587019 0.339315 0.015796 0.016807
0 0.473722 0.139053 0.013585 0.015804
0 0.612559 0.148717 0.013995 0.016484
0 0.564488 0.211928 0.017499 0.015544
0 0.117501 0.395818 0.013584 0.014657
0 0.351944 0.608965 0.015587 0.016668
0 0.711193 0.916729 0.016273 0.017028
0 0.814950 0.894227 0.014829 0.015163
0 0.317351 0.283835 0.016305 0.016358
0 0.671613 0.142057 0.013595 0.014476
0 0.253254 0.346142 0.013316 0.013105
0 0.273550 0.648851 0.013654 0.014520
0 0.263910 0.257863 0.013123 0.014346
0 0.817879 0.442660 0.012673 0.012758
0 0.186053 0.192398 0.012019 0.013550
1 0.318094 0.825599 0.049242 0.048925
0 0.567555 0.664796 0.015619 0.017427
0 0.735355 0.221301 0.013063 0.013875
0 0.548305 0.162908 0.018287 0.015498
0 0.535140 0.099916 0.015748 0.016507
0 0.618752 0.111424 0.014581 0.014047
0 0.292310 0.333725 0.013528 0.014094
0 0.640931 0.140654 0.011877 0.013408
0 0.731244 0.187948 0.011698 0.013997
0 0.970743 0.491131 0.013931 0.014212
0 0.316982 0.393572 0.014372 0.014458
0 0.458634 0.783574 0.014982 0.013732
0 0.236254 0.519370 0.012594 0.013174
0 0.762291 0.196524 0.012824 0.013752
0 0.593040 0.597942 0.016293 0.015580
0 0.281863 0.123929 0.010997 0.013767
0 0.577053 0.234498 0.012785 0.013034
0 0.441353 0.375878 0.012190 0.012666
0 0.572888 0.099681 0.016423 0.017284
0 0.574254 0.268721 0.012684 0.013249
0 0.615999 0.799375 0.015540 0.014768
0 0.768048 0.241369 0.013771 0.017086
0 0.442852 0.841397 0.016998 0.019956
0 0.962301 0.623508 0.013814 0.014179
0 0.120863 0.528862 0.012799 0.012919
0 0.754769 0.142653 0.017897 0.014899
0 0.235357 0.664244 0.013136 0.013386
0 0.033199 0.484044 0.013595 0.016648
0 0.091672 0.731852 0.012731 0.013024
0 0.438257 0.799419 0.015335 0.014222
0 0.272431 0.344971 0.013938 0.012963
0 0.223106 0.191971 0.013943 0.019118
0 0.171222 0.376403 0.014241 0.013074
0 0.485294 0.976817 0.014221 0.014919
0 0.300684 0.305998 0.012842 0.014078
0 0.861875 0.755440 0.014550 0.015560
0 0.079595 0.453587 0.015138 0.014758
0 0.225303 0.590230 0.014615 0.014517
0 0.766892 0.631840 0.015039 0.015054
0 0.173845 0.729214 0.016483 0.017156
0 0.704348 0.762333 0.017320 0.015665
0 0.463791 0.874574 0.019255 0.016556
0 0.181544 0.266589 0.011477 0.012785
0 0.430366 0.263272 0.011603 0.012048
0 0.442778 0.777678 0.016943 0.016069
0 0.520148 0.896003 0.015029 0.016942
0 0.851333 0.285538 0.017539 0.020810
0 0.201066 0.386751 0.014587 0.017249
0 0.200763 0.486054 0.012698 0.013828
0 0.485342 0.155923 0.013738 0.012156
0 0.241403 0.566969 0.013486 0.013917
0 0.636539 0.168613 0.014901 0.019889
0 0.212022 0.155728 0.014759 0.015844
0 0.268085 0.230596 0.012641 0.013629
0 0.862236 0.703850 0.012762 0.013697
1 0.306170 0.832752 0.075504 0.076185
0 0.519877 0.066345 0.011846 0.014521
0 0.152464 0.817493 0.014722 0.015031
0 0.950207 0.595629 0.014462 0.018878
0 0.761382 0.331489 0.012725 0.013845
0 0.912033 0.477115 0.013135 0.014174
0 0.757776 0.962432 0.015638 0.015386
0 0.250796 0.279504 0.015843 0.014420
0 0.942792 0.680319 0.012255 0.013213
0 0.586560 0.847653 0.018779 0.017554
0 0.247402 0.430759 0.014356 0.013862
0 0.198277 0.748150 0.014263 0.014999
0 0.430737 0.434217 0.012549 0.013094
0 0.919962 0.686223 0.012017 0.012344
0 0.775570 0.461849 0.013214 0.012818
0 0.776006 0.729711 0.013603 0.014503
0 0.882216 0.743516 0.014237 0.015668
0 0.637999 0.253340 0.011865 0.011927
0 0.250424 0.625629 0.013360 0.013791
0 0.475502 0.339324 0.013274 0.014041
0 0.579649 0.421267 0.015685 0.014224
0 0.592129 0.633873 0.017320 0.023697
0 0.482521 0.746224 0.016359 0.018268
0 0.334382 0.367308 0.014672 0.014108
0 0.326568 0.432093 0.016738 0.015427
0 0.874591 0.448407 0.016451 0.014124
0 0.738511 0.333792 0.014730 0.015711
0 0.668721 0.661510 0.014819 0.015376
0 0.187023 0.354577 0.014974 0.014850
0 0.729296 0.717893 0.016345 0.017747
0 0.017472 0.568489 0.013414 0.017914
0 0.351603 0.199500 0.016779 0.015963
0 0.097286 0.584206 0.017742 0.015019
0 0.392900 0.903772 0.015691 0.016829
0 0.691866 0.513206 0.019268 0.017907
0 0.268125 0.319160 0.011559 0.011912
0 0.809212 0.469726 0.014007 0.015255
0 0.771433 0.671428 0.012628 0.013996
0 0.192525 0.159039 0.015316 0.016267
0 0.311305 0.417273 0.014248 0.013380
0 0.668016 0.697714 0.015882 0.013985
0 0.536766 0.861750 0.013947 0.014438
0 0.396407 0.868020 0.013855 0.015084
0 0.779185 0.908094 0.018592 0.019640
0 0.006122 0.413865 0.010982 0.012788
0 0.465036 0.506705 0.015993 0.014768
0 0.325782 0.181236 0.014683 0.014116
0 0.777060 0.708045 0.013530 0.018201
0 0.381062 0.391794 0.011316 0.012081
0 0.718098 0.322953 0.016814 0.016966
0 0.213989 0.671580 0.015011 0.014233
1 0.400844 0.085355 0.051370 0.046265
0 0.461698 0.262697 0.011328 0.014478
0 0.063897 0.297910 0.016999 0.016637
0 0.912750 0.595934 0.014143 0.015762
0 0.461413 0.248420 0.012286 0.015758
0 0.638236 0.893924 0.015243 0.020286
0 0.822102 0.520549 0.015075 0.016387
0 0.862658 0.470868 0.016566 0.014676
1 0.268585 0.825345 0.046501 0.041959
0 0.618892 0.717633 0.013574 0.013874
0 0.862708 0.531052 0.017660 0.013374
0 0.488741 0.415148 0.012941 0.012463
0 0.602256 0.231105 0.016401 0.013383
0 0.675951 0.220384 0.011059 0.012916
0 0.353919 0.246272 0.011944 0.016475
0 0.585867 0.465854 0.014515 0.014160
0 0.698634 0.736152 0.020911 0.020056
0 0.335098 0.265886 0.013412 0.013897
0 0.581048 0.554095 0.014287 0.014812
0 0.477029 0.649270 0.015614 0.016240
0 0.949148 0.375786 0.014272 0.017150
0 0.798368 0.291713 0.014048 0.014226
0 0.548430 0.964190 0.015977 0.018250
0 0.035410 0.425640 0.015117 0.014757
0 0.037743 0.672925 0.011567 0.012554
0 0.745422 0.486535 0.011789 0.012555
0 0.493692 0.061967 0.011066 0.013286
0 0.310813 0.554907 0.019118 0.021318
0 0.837952 0.259253 0.013318 0.014354
0 0.779890 0.931365 0.014610 0.015295
0 0.487503 0.927455 0.014573 0.015430
0 0.865051 0.653684 0.011593 0.011679
0 0.237707 0.245561 0.014107 0.013828
0 0.070413 0.741779 0.011336 0.012374
0 0.138229 0.245058 0.018109 0.014021
0 0.524110 0.237609 0.014241 0.014378
0 0.010490 0.488231 0.014483 0.018601
0 0.115704 0.370341 0.013458 0.014063
0 0.078740 0.371838 0.013470 0.014176
0 0.697864 0.508172 0.021137 0.018145
0 0.042323 0.326237 0.014357 0.015595
0 0.804412 0.285421 0.018709 0.019511
0 0.337178 0.178252 0.016545 0.015148
0 0.107255 0.606565 0.012259 0.011614
0 0.305473 0.562310 0.018156 0.020640
0 0.501952 0.732527 0.025204 0.017768
0 0.145070 0.877467 0.012661 0.013545
0 0.590485 0.158739 0.013919 0.017405
0 0.348797 0.935057 0.014201 0.014934
0 0.461786 0.254836 0.009673 0.022637
1 0.281198 0.867512 0.062123 0.055808
0 0.826798 0.927748 0.014997 0.014315
0 0.440317 0.115355 0.011655 0.014444
0 0.204453 0.403569 0.013180 0.016519
0 0.436275 0.533986 0.016798 0.016097
0 0.100138 0.327943 0.011725 0.012306
0 0.425084 0.405677 0.013662 0.015546
0 0.420428 0.905671 0.014163 0.014198
0 0.494739 0.849247 0.013028 0.014093
0 0.470389 0.287269 0.014277 0.013185
0 0.218223 0.575405 0.014060 0.016162
0 0.221557 0.198400 0.013542 0.019925
0 0.432246 0.076520 0.009400 0.011499
0 0.222173 0.631792 0.014631 0.016754
0 0.085507 0.782972 0.012829 0.012700
0 0.612303 0.080172 0.014472 0.015088
0 0.143069 0.365856 0.011669 0.013048
0 0.768970 0.528126 0.013076 0.013977
0 0.359168 0.661554 0.016205 0.017110
0 0.476306 0.400683 0.012960 0.014282
0 0.121515 0.319417 0.011830 0.013081
0 0.592018 0.945666 0.014250 0.015626
0 0.806340 0.925712 0.015236 0.015034
0 0.175190 0.350504 0.014039 0.014435
0 0.104425 0.804858 0.013949 0.014353
0 0.080002 0.263501 0.015068 0.016692
0 0.559657 0.883407 0.013692 0.017450
0 0.045534 0.629189 0.012518 0.013591
0 0.080443 0.341207 0.013798 0.012717
0 0.350258 0.652895 0.016170 0.016130
0 0.572305 0.805922 0.018843 0.015465
0 0.668319 0.495275 0.014808 0.015519
0 0.490503 0.448565 0.022451 0.021642
0 0.869916 0.532632 0.015575 0.013867
0 0.739383 0.269748 0.018492 0.023709
0 0.129429 0.792682 0.012081 0.016157
0 0.867900 0.512574 0.012968 0.014831
0 0.573455 0.944479 0.016126 0.015321
0 0.175830 0.559500 0.013359 0.018568
0 0.652353 0.500638 0.019563 0.018957
0 0.336460 0.428399 0.017804 0.015553
0 0.240512 0.395850 0.014295 0.015496
0 0.487264 0.081449 0.009851 0.015440
0 0.977726 0.570639 0.011851 0.012621
0 0.852169 0.470217 0.016046 0.013324
0 0.180812 0.352364 0.018972 0.015487
0 0.133417 0.212314 0.015469 0.015695