0 0.410191 0.483723 0.016505 0.013035
0 0.136552 0.781357 0.017752 0.014063
0 0.637129 0.762106 0.016066 0.011624
0 0.194621 0.793383 0.018426 0.014041
0 0.357158 0.816939 0.017351 0.014438
0 0.367996 0.501241 0.016264 0.012198
0 0.287618 0.738058 0.015358 0.011949
0 0.316016 0.848143 0.017595 0.014032
0 0.312560 0.467979 0.016683 0.012559
0 0.338417 0.739936 0.014735 0.011984
0 0.308253 0.530532 0.016103 0.013285
0 0.258781 0.840943 0.020100 0.016314
0 0.198104 0.731482 0.016372 0.012805
1 0.482456 0.399249 0.059299 0.048584
0 0.304392 0.662838 0.014572 0.011532
0 0.240416 0.590111 0.021285 0.015748
0 0.469970 0.714203 0.014484 0.011644
1 0.772647 0.737149 0.039978 0.047402
0 0.039611 0.583664 0.017718 0.013899
0 0.038244 0.556597 0.018909 0.014053
0 0.314491 0.702716 0.016521 0.013015
0 0.274067 0.545057 0.014298 0.010876
0 0.363659 0.461205 0.014348 0.010941
0 0.202930 0.672075 0.015971 0.011953
0 0.067306 0.529252 0.019493 0.016372
0 0.432101 0.827310 0.018307 0.014087
0 0.270295 0.879512 0.022012 0.016632
0 0.448345 0.736988 0.013789 0.011519
0 0.276824 0.569794 0.016163 0.013477
1 0.444733 0.780859 0.052788 0.042712
0 0.404682 0.748523 0.015489 0.011858
0 0.498829 0.543648 0.012266 0.009663
0 0.197296 0.848720 0.020376 0.015730
0 0.324423 0.651728 0.014023 0.011118
0 0.245154 0.672121 0.015454 0.012389
0 0.171931 0.812783 0.024342 0.019330
0 0.217308 0.637883 0.017069 0.013460
0 0.383307 0.822412 0.015970 0.013988
0 0.516804 0.476559 0.013853 0.010767
0 0.124037 0.483373 0.015809 0.012878
0 0.400359 0.532458 0.015477 0.012724
0 0.345215 0.608558 0.014683 0.012223
0 0.282104 0.689957 0.015869 0.012419
0 0.421886 0.673134 0.014048 0.012257
0 0.228673 0.443151 0.016980 0.013422
0 0.278088 0.833472 0.017051 0.014054
0 0.251858 0.690516 0.013379 0.010257
0 0.240163 0.716333 0.015067 0.011766
0 0.685531 0.740535 0.014023 0.010868
0 0.614516 0.663866 0.012972 0.010391
1 0.103376 0.743132 0.066189 0.040904
0 0.655611 0.726361 0.013356 0.010633
1 0.610061 0.502171 0.044876 0.030876
0 0.248995 0.566108 0.015907 0.011302
0 0.398899 0.832797 0.018781 0.014476
1 0.559204 0.531913 0.041891 0.029082
0 0.573748 0.669855 0.015766 0.011403
0 0.549274 0.872822 0.020336 0.016332
0 0.048716 0.726990 0.017069 0.012637
0 0.572467 0.851598 0.018305 0.016331
0 0.253988 0.934319 0.022710 0.016584
0 0.619877 0.843623 0.013888 0.010268
1 0.555846 0.559767 0.037725 0.026891
0 0.465684 0.539951 0.014078 0.010242
0 0.483395 0.477032 0.013674 0.010284
0 0.508565 0.691139 0.012154 0.010537
0 0.031110 0.740018 0.016262 0.013697
1 0.351701 0.673441 0.056165 0.037824
0 0.732396 0.740889 0.013015 0.009923
0 0.700829 0.626277 0.012795 0.010960
0 0.420614 0.897946 0.028507 0.021364
0 0.229298 0.561079 0.015193 0.011321
1 0.461462 0.519416 0.035374 0.027079
0 0.498077 0.728002 0.013487 0.011197
0 0.448808 0.668075 0.013650 0.011044
0 0.167102 0.910216 0.019209 0.016338
0 0.031377 0.650075 0.016207 0.013315
1 0.466695 0.637037 0.049912 0.032900
0 0.582185 0.693397 0.014300 0.012033
0 0.253635 0.404602 0.016291 0.014093
0 0.005039 0.614803 0.010078 0.013313
0 0.040570 0.819185 0.015991 0.012747
0 0.133676 0.898703 0.015017 0.012520
1 0.242954 0.526488 0.050131 0.037559
0 0.734403 0.611679 0.014722 0.010235
0 0.399302 0.687156 0.014505 0.011042
0 0.559331 0.703488 0.012933 0.010001
0 0.273257 0.836001 0.022044 0.014436
1 0.469650 0.592600 0.040359 0.034176
0 0.688634 0.772689 0.015018 0.012005
0 0.368690 0.774918 0.013910 0.011238
0 0.648595 0.512759 0.014490 0.012349
0 0.076125 0.855142 0.014404 0.011176
0 0.665437 0.604720 0.013095 0.013090
1 0.413902 0.388240 0.040892 0.034758
0 0.208868 0.539930 0.015526 0.012378
0 0.283819 0.402153 0.017030 0.014165
0 0.490319 0.805522 0.014362 0.012027
0 0.083030 0.724639 0.013821 0.012097
1 0.563297 0.793967 0.084106 0.043989
0 0.582318 0.640081 0.011538 0.009667
1 0.388792 0.432689 0.040116 0.028831
0 0.337164 0.491948 0.014854 0.012045
0 0.316327 0.726662 0.014197 0.010577
0 0.681778 0.551970 0.013238 0.011123
1 0.332483 0.419049 0.029792 0.027288
0 0.683067 0.806700 0.013377 0.010354
0 0.577553 0.817570 0.014122 0.010573
0 0.635850 0.697575 0.022809 0.015633
0 0.540038 0.896047 0.017390 0.013254
0 0.005209 0.561469 0.010418 0.014326
0 0.389387 0.722868 0.013174 0.009651
0 0.300189 0.795427 0.013672 0.012220
1 0.558837 0.612892 0.046291 0.030111
1 0.324991 0.373188 0.032206 0.031401
1 0.647969 0.799517 0.040794 0.030596