0 0.833977 0.383675 0.014245 0.010333
0 0.645087 0.368094 0.014915 0.011366
0 0.661006 0.434395 0.014485 0.011011
0 0.675095 0.403829 0.014603 0.011583
0 0.759844 0.337956 0.013895 0.010967
0 0.820784 0.411661 0.013638 0.010298
0 0.638249 0.290742 0.015618 0.012253
0 0.786530 0.369913 0.016001 0.012204
0 0.680514 0.226726 0.013457 0.010711
0 0.423763 0.485733 0.013222 0.010163
0 0.434113 0.572542 0.012525 0.010162
0 0.484861 0.546150 0.013294 0.010651
0 0.402486 0.273394 0.015789 0.013326
0 0.501917 0.359631 0.016235 0.012577
0 0.593939 0.282792 0.016292 0.014350
0 0.597158 0.638081 0.014249 0.011294
0 0.474230 0.735815 0.017723 0.013046
0 0.417482 0.596614 0.012425 0.010850
0 0.700893 0.284301 0.014150 0.012112
0 0.607440 0.198917 0.016035 0.012249
0 0.471367 0.366356 0.013527 0.010303
0 0.507411 0.755533 0.018221 0.013937
0 0.594464 0.367691 0.013030 0.009675
0 0.544420 0.291395 0.015352 0.011801
0 0.604376 0.319017 0.013961 0.010302
0 0.874027 0.402035 0.014048 0.010679
0 0.666092 0.697539 0.012729 0.010433
0 0.735345 0.417177 0.012294 0.009286
0 0.512095 0.552949 0.013659 0.011317
0 0.744330 0.245835 0.014601 0.011493
0 0.634996 0.478858 0.013852 0.011136
0 0.561835 0.326596 0.012892 0.010349
0 0.526760 0.272194 0.015947 0.012976
0 0.768141 0.665199 0.015406 0.011194
0 0.716873 0.194362 0.016628 0.011766
0 0.611550 0.566429 0.012206 0.010700
0 0.924536 0.677060 0.016372 0.012974
0 0.810750 0.637343 0.013065 0.010339
0 0.456088 0.299185 0.015659 0.011873
0 0.725651 0.759694 0.016761 0.012667
0 0.504757 0.341411 0.015032 0.010984
0 0.845607 0.317378 0.016330 0.012181
0 0.824523 0.458373 0.014745 0.011977
0 0.694704 0.790216 0.025312 0.015517
0 0.690032 0.327117 0.014860 0.011462
0 0.678520 0.681330 0.012134 0.009502
0 0.515146 0.314711 0.013568 0.011522
0 0.908033 0.657249 0.018256 0.014853
0 0.689340 0.263896 0.014679 0.010777
0 0.464076 0.413196 0.014277 0.010501
0 0.715500 0.317421 0.012656 0.010147
0 0.889341 0.618981 0.014074 0.010588
0 0.767661 0.565220 0.012321 0.009502
0 0.773807 0.461527 0.013612 0.009840
0 0.668862 0.592144 0.012940 0.011791
0 0.578145 0.381779 0.012936 0.009216
0 0.975343 0.640756 0.016937 0.012853
0 0.956943 0.339298 0.014290 0.010716
0 0.744906 0.576396 0.011600 0.009103
0 0.586622 0.564580 0.012504 0.010105
0 0.549905 0.452348 0.015443 0.011673
0 0.449939 0.559014 0.012728 0.010039
0 0.890403 0.499824 0.016355 0.012066
0 0.858163 0.529110 0.013108 0.010271
0 0.811295 0.294561 0.014539 0.011540
0 0.945066 0.293258 0.017823 0.014899
0 0.948546 0.482620 0.013163 0.010301
0 0.703134 0.395963 0.015160 0.011673
0 0.290176 0.387180 0.015843 0.012142
0 0.364493 0.561441 0.015979 0.011511
0 0.899962 0.284388 0.016781 0.012414
0 0.673751 0.764234 0.017634 0.013368
0 0.530644 0.525478 0.012389 0.009195
0 0.536749 0.479925 0.014911 0.011715
0 0.488167 0.701588 0.014635 0.011320
0 0.700300 0.433388 0.016008 0.012980
0 0.752505 0.446170 0.014994 0.011163
0 0.602969 0.346151 0.012987 0.009696
0 0.728974 0.272379 0.017120 0.012793
0 0.677884 0.361207 0.014183 0.010962
0 0.739392 0.366993 0.014535 0.012921
0 0.924166 0.417649 0.021052 0.013709
0 0.629853 0.336563 0.015231 0.012550
0 0.444016 0.649112 0.012916 0.009790
0 0.561251 0.530508 0.013198 0.011158
0 0.912405 0.465869 0.011586 0.009324
0 0.390154 0.610142 0.012790 0.009338
0 0.559242 0.568156 0.013438 0.010944
0 0.393257 0.526181 0.012184 0.008948
0 0.719138 0.676487 0.011867 0.010434
0 0.768588 0.603708 0.012397 0.009912
0 0.711896 0.716060 0.016954 0.012882
0 0.464425 0.679094 0.012424 0.010245
0 0.575816 0.428947 0.017156 0.011343
0 0.513064 0.259639 0.015034 0.012502
0 0.621297 0.586450 0.018137 0.011289
0 0.574848 0.337840 0.013204 0.010038
0 0.496716 0.607793 0.012775 0.010034
0 0.527620 0.654952 0.012184 0.009696
0 0.767554 0.210837 0.018350 0.012493
0 0.836525 0.705034 0.017040 0.012733
0 0.405316 0.665182 0.012561 0.010218
0 0.601331 0.432130 0.015301 0.011063
0 0.332153 0.433846 0.015356 0.010951
0 0.977079 0.365098 0.019491 0.012326
0 0.623339 0.439496 0.017038 0.012799
0 0.889870 0.424441 0.012980 0.009447
0 0.853486 0.479256 0.015565 0.010926
0 0.642995 0.531183 0.014485 0.011202
0 0.473565 0.266409 0.013067 0.010617
0 0.980602 0.460616 0.013431 0.010514
0 0.845225 0.661247 0.015094 0.013841
0 0.799065 0.265456 0.014261 0.011201
0 0.985140 0.521312 0.012891 0.009752
0 0.816033 0.332286 0.013375 0.012570
0 0.732990 0.528264 0.012520 0.010154
0 0.655268 0.317938 0.017586 0.011844
0 0.315959 0.340776 0.014793 0.012055
0 0.627601 0.794993 0.020473 0.016761
0 0.798973 0.244160 0.017412 0.013508
0 0.867278 0.557304 0.012782 0.009560
0 0.979468 0.407407 0.013993 0.010800
0 0.777855 0.242518 0.013544 0.010137
0 0.931094 0.551858 0.012116 0.009766
0 0.719578 0.693822 0.011952 0.009838
0 0.702876 0.363993 0.016468 0.011254
0 0.444875 0.396829 0.017149 0.012417
0 0.642396 0.607593 0.013284 0.009735
0 0.615955 0.756509 0.016338 0.012874
0 0.346413 0.458112 0.014584 0.011347
0 0.865025 0.498902 0.013479 0.010258
0 0.862770 0.346892 0.015010 0.010750
0 0.541355 0.254341 0.016541 0.012832
0 0.420319 0.370283 0.014058 0.012007
0 0.530223 0.675646 0.013470 0.010873
0 0.377642 0.705295 0.015872 0.011968
0 0.868246 0.598428 0.011376 0.009466
0 0.785397 0.301100 0.018690 0.013009
0 0.485413 0.295345 0.017945 0.011320
0 0.711696 0.238420 0.013818 0.014478
0 0.550257 0.505869 0.013758 0.011109
0 0.275859 0.416134 0.013819 0.011930
0 0.395451 0.498539 0.013370 0.009705
0 0.888776 0.306959 0.014718 0.010652
0 0.658327 0.758170 0.018426 0.013352
0 0.388987 0.471760 0.012355 0.007971
0 0.658968 0.638256 0.014513 0.010772
0 0.942910 0.319021 0.012999 0.010925
0 0.572823 0.460520 0.019002 0.011539
0 0.556960 0.214509 0.012166 0.012517
0 0.447782 0.269954 0.015647 0.012430
0 0.756994 0.509533 0.011705 0.008605
0 0.912857 0.369716 0.011815 0.009646
0 0.715787 0.335577 0.013224 0.011424
0 0.900648 0.557405 0.012713 0.011908
0 0.874062 0.333087 0.016461 0.013987
0 0.431949 0.297628 0.014272 0.012258
0 0.690016 0.494366 0.015824 0.012857
0 0.781813 0.476884 0.011227 0.008702
0 0.903671 0.385028 0.013617 0.009859
0 0.429255 0.339070 0.015047 0.011456
0 0.911384 0.304564 0.013320 0.010839
0 0.934695 0.585264 0.011480 0.009416
0 0.432470 0.733575 0.021895 0.014421
0 0.672174 0.728537 0.014418 0.011002
0 0.355726 0.367709 0.014148 0.009651
0 0.947154 0.353711 0.013106 0.009305
0 0.539021 0.309875 0.012779 0.009587
0 0.679542 0.554453 0.012031 0.009974
0 0.599168 0.405210 0.017031 0.010165
0 0.780563 0.522482 0.013764 0.009971
0 0.676780 0.631254 0.016309 0.012107
0 0.635499 0.629632 0.014352 0.010430
0 0.722985 0.733833 0.014283 0.010340
0 0.653355 0.337246 0.014190 0.009885
0 0.462162 0.459117 0.014833 0.013647
0 0.375416 0.647489 0.016418 0.013878
0 0.932310 0.512826 0.012098 0.009623
0 0.824217 0.734503 0.023307 0.015692
0 0.848347 0.577080 0.011781 0.008995
0 0.589330 0.528079 0.012237 0.009068
0 0.443517 0.322114 0.014235 0.010415
0 0.563375 0.259363 0.014008 0.010653
0 0.601439 0.467213 0.011383 0.009109
0 0.790594 0.610554 0.013685 0.010117
0 0.888067 0.523659 0.013945 0.010280
0 0.771195 0.308702 0.014723 0.009743
0 0.859159 0.714076 0.015390 0.012596
0 0.645208 0.405728 0.014410 0.010324
0 0.701022 0.213138 0.012207 0.009014
0 0.845248 0.223538 0.016005 0.013797
0 0.750401 0.478073 0.012286 0.008755
0 0.610588 0.299876 0.011118 0.008917
0 0.382661 0.331244 0.017697 0.015061
0 0.568366 0.615637 0.012536 0.009721
0 0.721856 0.475508 0.014940 0.011909
0 0.857909 0.453470 0.015162 0.011343
0 0.861573 0.270763 0.014125 0.010517
0 0.720499 0.607652 0.012844 0.009585
0 0.335939 0.611611 0.015128 0.012571
0 0.878847 0.269724 0.014207 0.010731
0 0.457571 0.511912 0.012394 0.008366
0 0.350026 0.289800 0.015464 0.012960
0 0.707767 0.572620 0.017095 0.010648
0 0.962404 0.418654 0.016434 0.015028
0 0.893795 0.724954 0.019126 0.016233
0 0.330575 0.565807 0.012075 0.009839
0 0.824523 0.526535 0.010747 0.009208
0 0.437524 0.513878 0.013523 0.008233
0 0.507775 0.715221 0.017619 0.013091
0 0.798770 0.685897 0.014728 0.013165
0 0.949879 0.395789 0.016312 0.014025
0 0.804707 0.535102 0.012992 0.010473
0 0.645614 0.726767 0.017291 0.014705
0 0.810961 0.582648 0.014745 0.010908
0 0.505213 0.679598 0.014640 0.013403
0 0.397924 0.357093 0.016071 0.013475
0 0.825696 0.604902 0.013181 0.009554
0 0.718200 0.354105 0.015760 0.012301
0 0.668078 0.506207 0.012373 0.009033
0 0.495268 0.640700 0.014070 0.011446
0 0.962102 0.467801 0.013394 0.010792
0 0.607426 0.488494 0.012715 0.011336
0 0.829467 0.234181 0.013654 0.010514
0 0.659482 0.799338 0.021684 0.012348
0 0.737299 0.498978 0.013968 0.010301
0 0.359177 0.531272 0.013350 0.009683
0 0.458828 0.587714 0.012002 0.010482
0 0.859766 0.380200 0.013722 0.011764
0 0.623345 0.397996 0.014543 0.010701
0 0.923338 0.332606 0.016071 0.011381
0 0.458313 0.618883 0.013208 0.008952
0 0.931657 0.384420 0.014532 0.011125
0 0.848240 0.646473 0.012250 0.010186
0 0.649048 0.496869 0.011862 0.009155
0 0.881176 0.463970 0.013371 0.011989
0 0.725208 0.442517 0.013173 0.010101
0 0.768940 0.621418 0.011072 0.008208
0 0.811520 0.566790 0.012435 0.010176
0 0.565880 0.484450 0.018402 0.011133
0 0.859612 0.369314 0.013070 0.012147
0 0.284807 0.522322 0.012534 0.011052
0 0.693145 0.606455 0.016507 0.009303
0 0.380373 0.583477 0.012073 0.009676
0 0.631682 0.411479 0.013442 0.010769
0 0.400728 0.313414 0.018082 0.014253
0 0.437051 0.615525 0.014052 0.009150
0 0.664433 0.760663 0.024980 0.014673
0 0.533170 0.566743 0.013436 0.010129
0 0.818585 0.345741 0.010894 0.009129
0 0.892365 0.476471 0.012351 0.009134
0 0.492096 0.235779 0.021963 0.012314
0 0.369944 0.487463 0.012186 0.009333
0 0.468358 0.599394 0.012315 0.009406
0 0.554192 0.546574 0.013010 0.009155
0 0.567591 0.764535 0.017395 0.014202
0 0.700341 0.546380 0.012668 0.011714
0 0.995150 0.485967 0.009700 0.010400
0 0.977231 0.483085 0.013482 0.010598
0 0.988878 0.381011 0.014202 0.010399
0 0.813079 0.313210 0.012647 0.012743
0 0.728936 0.626153 0.018709 0.012944
0 0.986704 0.599536 0.014204 0.011303
0 0.857087 0.300689 0.018553 0.015331
0 0.372351 0.374133 0.014528 0.009651
0 0.559762 0.227122 0.012720 0.011239
0 0.296738 0.542223 0.013942 0.010762
0 0.430405 0.408696 0.012951 0.010574
0 0.670514 0.567818 0.011052 0.008716
0 0.355036 0.647466 0.014524 0.011490
0 0.605126 0.770931 0.018350 0.014120
0 0.336507 0.386879 0.014702 0.014012
0 0.369677 0.439198 0.015898 0.012774
0 0.345704 0.588158 0.011859 0.010675
0 0.371722 0.675077 0.014583 0.011075
0 0.313089 0.575858 0.012133 0.008930
0 0.550332 0.754928 0.017154 0.012354
0 0.410765 0.458936 0.015865 0.013422
0 0.675189 0.342463 0.012352 0.009774
0 0.883328 0.457358 0.013729 0.013358
0 0.584014 0.607726 0.013483 0.010645
0 0.393682 0.422333 0.018937 0.012215
0 0.768848 0.526431 0.014218 0.009843
0 0.388255 0.290679 0.013662 0.010825
0 0.252041 0.510213 0.013213 0.010280
0 0.906607 0.402678 0.014235 0.012365
0 0.465511 0.596701 0.012951 0.010330
0 0.495621 0.661644 0.013217 0.010386
0 0.394020 0.381668 0.014546 0.009562
0 0.992385 0.614806 0.011738 0.009578
0 0.698123 0.683181 0.012938 0.009626
0 0.774568 0.524893 0.020197 0.009356
0 0.562716 0.593859 0.010904 0.011208
0 0.699369 0.529933 0.012257 0.010301
0 0.376474 0.584974 0.013978 0.009850
0 0.515557 0.581757 0.012932 0.012650
0 0.405375 0.425161 0.017265 0.011260
0 0.711887 0.515858 0.012172 0.010166
0 0.527096 0.207728 0.012878 0.011738
0 0.720361 0.455233 0.012764 0.010483
0 0.991672 0.299112 0.014122 0.013276
0 0.316137 0.533511 0.012927 0.011449
0 0.816830 0.340493 0.011276 0.018983
0 0.860982 0.291679 0.018267 0.015264
0 0.513393 0.588337 0.013057 0.012581
0 0.559666 0.243627 0.012054 0.013424
0 0.315299 0.501743 0.012595 0.009460
0 0.309721 0.399806 0.015432 0.009989
0 0.379735 0.396478 0.013894 0.011256
0 0.355817 0.626857 0.011042 0.009094
0 0.637940 0.408904 0.017435 0.011215
0 0.558281 0.220771 0.011651 0.021159
0 0.868646 0.270107 0.026721 0.009507
0 0.888452 0.579792 0.011766 0.008937
0 0.743470 0.496322 0.012559 0.010588
0 0.907444 0.350363 0.013894 0.012555
0 0.601027 0.490030 0.022726 0.010454
0 0.912098 0.528270 0.012709 0.010791
0 0.805246 0.217350 0.012216 0.009571
0 0.362012 0.609715 0.012311 0.009627
0 0.268944 0.561932 0.014282 0.011727
0 0.734075 0.501799 0.012980 0.010419
0 0.516977 0.627977 0.013198 0.010745
0 0.704393 0.550634 0.013217 0.011814
0 0.739368 0.464994 0.013400 0.009615
0 0.366698 0.670326 0.016399 0.012080
0 0.541520 0.781758 0.017971 0.014311
0 0.437337 0.444610 0.014671 0.013884
1 0.625107 0.517623 0.027053 0.023188