0 0.261628 0.604753 0.017207 0.013720
0 0.310238 0.605397 0.016555 0.012773
0 0.180836 0.709962 0.018473 0.013742
0 0.252832 0.735250 0.017471 0.013420
0 0.714968 0.842955 0.017376 0.013129
0 0.405228 0.681997 0.018200 0.014516
0 0.608282 0.579372 0.016682 0.012973
0 0.295579 0.705083 0.016074 0.012056
0 0.214440 0.587244 0.016317 0.011673
0 0.433383 0.576867 0.017002 0.013278
0 0.239927 0.784279 0.018308 0.014212
0 0.417040 0.841889 0.018118 0.013940
0 0.174149 0.659314 0.017440 0.013103
0 0.283252 0.573533 0.018210 0.014282
0 0.415014 0.598664 0.014955 0.011811
0 0.240029 0.701760 0.017430 0.013540
0 0.173226 0.546132 0.017584 0.013166
0 0.582309 0.688890 0.013790 0.010631
0 0.484244 0.788719 0.017629 0.013205
0 0.280213 0.876750 0.017503 0.012689
0 0.658756 0.734620 0.018706 0.013926
0 0.593240 0.612793 0.014792 0.010932
0 0.215479 0.545543 0.016689 0.013150
0 0.646491 0.484748 0.015935 0.012776
0 0.385067 0.541313 0.015525 0.013107
0 0.752676 0.716104 0.014436 0.012177
1 0.363335 0.888187 0.055211 0.042658
0 0.374185 0.610658 0.015283 0.011490
0 0.690095 0.798563 0.016163 0.013096
0 0.173310 0.602139 0.016633 0.012763
0 0.650157 0.693319 0.014696 0.010985
0 0.184079 0.513925 0.018251 0.014741
0 0.677186 0.468165 0.017476 0.013221
0 0.535011 0.831082 0.018644 0.013952
0 0.538052 0.698604 0.017959 0.015843
0 0.723755 0.614888 0.014418 0.011019
0 0.271376 0.535911 0.015603 0.011857
0 0.196856 0.803691 0.018545 0.013623
0 0.587863 0.554258 0.022017 0.016324
0 0.529206 0.531619 0.017761 0.012783
0 0.458447 0.659725 0.014769 0.011855
0 0.251813 0.561573 0.015615 0.013177
1 0.730097 0.586410 0.050784 0.037524
0 0.726350 0.807341 0.015510 0.012143
0 0.153200 0.678232 0.021151 0.016623
0 0.332356 0.675409 0.016012 0.012774
0 0.468144 0.553961 0.014429 0.011937
1 0.481009 0.968608 0.050177 0.038258
0 0.365267 0.555431 0.015207 0.011140
0 0.684542 0.714747 0.015489 0.012443
1 0.785898 0.627649 0.044757 0.034314
0 0.516634 0.717914 0.017257 0.014552
0 0.366427 0.849724 0.015370 0.011900
0 0.397169 0.745582 0.020292 0.016180
0 0.681542 0.589209 0.015149 0.011497
0 0.539004 0.553127 0.016646 0.013922
0 0.750215 0.635077 0.014795 0.011791
0 0.714692 0.471708 0.017752 0.014521
0 0.341598 0.635680 0.013880 0.011097
0 0.223796 0.484193 0.014820 0.012938
0 0.544042 0.944549 0.018742 0.013762
0 0.639828 0.591192 0.016166 0.012310
0 0.823428 0.744521 0.013557 0.010571
0 0.624112 0.825459 0.016915 0.012929
0 0.642290 0.620724 0.013972 0.011346
0 0.290264 0.524847 0.015281 0.011252
0 0.638483 0.535853 0.019964 0.014882
0 0.657352 0.633588 0.016500 0.013172
0 0.460841 0.588181 0.015035 0.011731
0 0.610789 0.468569 0.015725 0.015249
0 0.411587 0.535556 0.014840 0.011772
0 0.580982 0.501649 0.018654 0.016122
0 0.156182 0.763091 0.019553 0.016032
0 0.116435 0.649649 0.017359 0.014079
0 0.710058 0.778148 0.014815 0.011190
0 0.650451 0.675409 0.013271 0.011041
0 0.770006 0.800639 0.013791 0.011531
0 0.280703 0.823931 0.017302 0.012456
0 0.296127 0.826953 0.016621 0.012021
0 0.825022 0.633005 0.013497 0.011498
0 0.258480 0.692357 0.015912 0.014261
0 0.534589 0.504610 0.012969 0.010523
0 0.306005 0.482933 0.014316 0.012685
0 0.822005 0.551157 0.016891 0.013616
0 0.716848 0.655809 0.016381 0.013791
0 0.567019 0.525361 0.014674 0.011328
0 0.762544 0.524709 0.020749 0.015591
0 0.371934 0.688850 0.018848 0.015150
0 0.516989 0.563710 0.014229 0.010688
0 0.473837 0.516143 0.012916 0.010569
0 0.449834 0.415917 0.011371 0.010268
0 0.358133 0.679280 0.016606 0.014152
0 0.123347 0.753680 0.016529 0.013757
0 0.357759 0.588467 0.013658 0.009969
0 0.298190 0.964061 0.015501 0.012764
0 0.528350 0.922377 0.012620 0.009627
1 0.543857 0.985073 0.049090 0.029854
0 0.802273 0.675785 0.012844 0.010245
0 0.223698 0.563285 0.013901 0.010725
0 0.678242 0.751543 0.014107 0.012247
0 0.566618 0.442594 0.012460 0.011816
0 0.686484 0.626552 0.012415 0.011531
0 0.591801 0.985329 0.015012 0.013059
0 0.606586 0.673451 0.013406 0.010106
0 0.684316 0.541947 0.013362 0.012847
1 0.510337 0.480388 0.037095 0.018977
1 0.505446 0.427739 0.026143 0.017308
0 0.262914 0.771074 0.013514 0.010936
0 0.270622 0.464668 0.012680 0.011171
0 0.827110 0.576345 0.016175 0.014723
0 0.633271 0.515249 0.012925 0.011009
0 0.496056 0.548243 0.014462 0.013211
1 0.422607 0.507119 0.039305 0.025603
0 0.686004 0.607867 0.014215 0.011497
0 0.330171 0.572595 0.014156 0.011076
0 0.288502 0.825696 0.025860 0.013077
0 0.638341 0.652379 0.014784 0.010504
0 0.632201 0.966481 0.017208 0.013436
0 0.319227 0.963730 0.017348 0.014462
0 0.276625 0.657307 0.013196 0.010971
0 0.520193 0.878547 0.015101 0.012447
0 0.509816 0.740999 0.014080 0.011070
0 0.827882 0.590691 0.016044 0.013350
0 0.249530 0.808121 0.015680 0.012606
0 0.361366 0.823788 0.012798 0.010026
0 0.856529 0.735858 0.013829 0.010761
1 0.092593 0.611923 0.029446 0.026915
1 0.318496 0.544636 0.052450 0.028986
1 0.424776 0.464926 0.034967 0.028295
1 0.413274 0.400053 0.024845 0.018634
1 0.507131 0.404194 0.037727 0.024155
1 0.510812 0.644360 0.035887 0.032436
1 0.413734 0.637803 0.042328 0.030366
1 0.690246 0.909823 0.048769 0.041408
1 0.727513 0.929837 0.047849 0.031746
1 0.746837 0.887049 0.023925 0.035887
1 0.803428 0.907407 0.041408 0.043478
1 0.786404 0.881873 0.036807 0.032436
1 0.804808 0.857028 0.044168 0.035197
1 0.838854 0.842190 0.042328 0.035887
1 0.551300 0.648608 0.041408 0.035197