0 0.629282 0.625593 0.018676 0.013487
0 0.648783 0.343139 0.017701 0.013443
0 0.522500 0.458028 0.019990 0.015401
0 0.863772 0.622363 0.018573 0.013486
0 0.565374 0.372682 0.017996 0.014510
0 0.896505 0.459441 0.018251 0.014249
0 0.590225 0.416839 0.020868 0.016106
0 0.741058 0.521423 0.018244 0.014187
0 0.726865 0.603316 0.019870 0.015372
0 0.590178 0.644632 0.018170 0.013717
0 0.623095 0.319012 0.015444 0.012467
0 0.565246 0.661290 0.020356 0.014840
0 0.673026 0.297825 0.015612 0.012920
0 0.722403 0.397186 0.019413 0.015010
0 0.922585 0.532785 0.018872 0.014405
0 0.865895 0.559794 0.018316 0.014305
0 0.442505 0.659305 0.022694 0.016834
0 0.601892 0.373848 0.018241 0.013769
0 0.868758 0.478568 0.017994 0.014172
0 0.446650 0.596707 0.023467 0.018329
0 0.476922 0.464220 0.020099 0.014108
0 0.440824 0.489693 0.019250 0.013903
0 0.958646 0.671868 0.019059 0.013882
0 0.664730 0.708819 0.023213 0.018606
0 0.508224 0.743248 0.024382 0.018986
0 0.598169 0.769296 0.026313 0.021398
0 0.515783 0.524537 0.020164 0.015808
0 0.861201 0.688329 0.020711 0.014842
0 0.717929 0.571702 0.019304 0.015392
0 0.834965 0.503813 0.024065 0.019008
0 0.579766 0.677615 0.018598 0.014380
0 0.629213 0.687432 0.022984 0.017199
0 0.826987 0.549104 0.016483 0.012310
0 0.793156 0.762487 0.034619 0.026886
0 0.812394 0.598035 0.018134 0.014025
0 0.949601 0.447459 0.016934 0.012796
0 0.782455 0.724166 0.020423 0.015919
0 0.466436 0.346030 0.017975 0.015062
0 0.632409 0.547621 0.020811 0.017659
0 0.624908 0.390745 0.022078 0.014598
0 0.850058 0.365551 0.021199 0.015865
0 0.765265 0.391151 0.017800 0.014137
0 0.839103 0.807983 0.023442 0.017935
0 0.958368 0.394118 0.020938 0.016791
0 0.527341 0.318877 0.020895 0.017141
0 0.509374 0.552814 0.024292 0.019117
0 0.814850 0.667705 0.023707 0.018198
0 0.574077 0.759652 0.024564 0.017375
0 0.816690 0.353014 0.016765 0.013606
0 0.558039 0.723525 0.019128 0.016015
0 0.871059 0.280717 0.018214 0.014529
0 0.353599 0.615620 0.025207 0.017736
0 0.928939 0.763837 0.021052 0.015930
0 0.396142 0.381293 0.017364 0.012914
0 0.795097 0.435537 0.029284 0.020790
0 0.823784 0.466233 0.016480 0.012826
0 0.961717 0.712945 0.025766 0.019412
0 0.656694 0.256509 0.015787 0.012791
0 0.569242 0.434092 0.017632 0.012158
0 0.751697 0.354008 0.021212 0.015713
0 0.762517 0.442397 0.022770 0.015616
0 0.768249 0.460979 0.017644 0.012560
0 0.869690 0.311053 0.021163 0.016323
0 0.694535 0.450760 0.016291 0.012748
0 0.745724 0.340627 0.018914 0.014601
0 0.761306 0.411685 0.022819 0.015784
0 0.485152 0.406898 0.018556 0.014197
0 0.585658 0.488217 0.024219 0.022785
0 0.746392 0.279728 0.019484 0.015017
0 0.490069 0.327351 0.017652 0.014399
0 0.975105 0.421859 0.024946 0.015553
0 0.883524 0.647601 0.015170 0.011661
0 0.958789 0.526014 0.024287 0.018561
0 0.603652 0.685020 0.019510 0.014101
0 0.708534 0.344987 0.016082 0.012122
0 0.927135 0.316717 0.021664 0.016293
0 0.574545 0.461940 0.017870 0.014867
0 0.911051 0.403977 0.021560 0.014580
0 0.749182 0.346464 0.022848 0.023117
0 0.687344 0.770261 0.025035 0.021044
0 0.990312 0.686652 0.016768 0.015146
0 0.928860 0.288914 0.017904 0.013931
0 0.962706 0.696569 0.020910 0.019469
0 0.345121 0.591480 0.029763 0.018945
0 0.361787 0.595553 0.020659 0.014477
0 0.905120 0.405837 0.018522 0.012982
0 0.817635 0.442169 0.017491 0.012941
1 0.320212 0.617187 0.030555 0.028490
1 0.382147 0.642271 0.000826 0.000619