0 0.575646 0.506902 0.021091 0.017023
0 0.634885 0.543819 0.021360 0.016741
0 0.507887 0.737719 0.027406 0.019633
0 0.594656 0.564397 0.023363 0.017851
0 0.256380 0.660643 0.027684 0.020471
0 0.015209 0.625576 0.022217 0.015947
0 0.623768 0.835401 0.032759 0.023014
0 0.164740 0.746183 0.033164 0.022211
0 0.293467 0.615124 0.022425 0.017369
0 0.563001 0.560342 0.022061 0.017339
0 0.443771 0.798375 0.028463 0.021239
0 0.375594 0.578042 0.031359 0.020241
0 0.263538 0.527783 0.027488 0.019880
0 0.532695 0.595193 0.024558 0.019206
0 0.206341 0.483316 0.027512 0.018680
0 0.194801 0.740049 0.027561 0.020683
0 0.646628 0.652884 0.022672 0.017617
0 0.264301 0.402259 0.016793 0.013297
0 0.523754 0.765289 0.026954 0.020807
0 0.050034 0.649373 0.025799 0.019774
1 0.685297 0.647508 0.041707 0.036616
0 0.166112 0.544289 0.025022 0.018530
0 0.277348 0.777241 0.029760 0.023886
0 0.117547 0.573917 0.025222 0.018543
0 0.352630 0.457357 0.031305 0.020762
0 0.285128 0.642794 0.018304 0.014152
0 0.715544 0.576604 0.017469 0.013458
0 0.421585 0.436689 0.015860 0.012872
0 0.448434 0.900736 0.028981 0.021625
0 0.190515 0.672294 0.026830 0.021303
0 0.350400 0.369736 0.016776 0.012244
0 0.470272 0.374526 0.022990 0.016183
0 0.599672 0.704510 0.035863 0.025109
0 0.371394 0.439883 0.019394 0.013958
0 0.590086 0.732409 0.030542 0.023100
0 0.565057 0.425653 0.014485 0.012767
0 0.343313 0.426397 0.016843 0.012969
0 0.222704 0.509882 0.017083 0.012815
0 0.407640 0.504064 0.033307 0.027240
0 0.039074 0.557079 0.024582 0.020570
0 0.247093 0.505241 0.018652 0.012979
0 0.724810 0.633180 0.018132 0.014061
0 0.157007 0.661196 0.045412 0.028207
0 0.090435 0.653647 0.017663 0.014944
0 0.177976 0.743960 0.050021 0.025157