0 0.515719 0.657289 0.017648 0.013259
0 0.428435 0.671815 0.016838 0.012703
0 0.293773 0.834163 0.022652 0.017410
0 0.540250 0.476598 0.018025 0.013623
0 0.481493 0.647046 0.016800 0.012764
0 0.385638 0.507404 0.018012 0.013764
0 0.443170 0.641666 0.016186 0.012519
0 0.338813 0.569039 0.019528 0.015200
0 0.446280 0.827900 0.022341 0.016927
0 0.390995 0.555377 0.017515 0.013403
0 0.514860 0.802854 0.022767 0.017622
0 0.486763 0.713610 0.017571 0.012076
0 0.240627 0.696165 0.020462 0.015337
0 0.546291 0.391341 0.018501 0.014078
0 0.782724 0.552474 0.018980 0.014350
0 0.403368 0.717769 0.015698 0.011734
0 0.273991 0.782620 0.016861 0.012997
0 0.487187 0.739194 0.015907 0.011398
0 0.419538 0.462401 0.017466 0.014206
0 0.564833 0.559915 0.021089 0.015705
0 0.452898 0.467443 0.018225 0.014090
0 0.257330 0.460574 0.021170 0.015463
0 0.453144 0.726469 0.015122 0.010778
0 0.445378 0.871642 0.023412 0.016910
0 0.439101 0.546523 0.015900 0.012339
0 0.595559 0.571512 0.020198 0.016441
0 0.619489 0.610880 0.015939 0.012076
0 0.408162 0.744903 0.015995 0.011528
0 0.373004 0.464236 0.017706 0.013898
0 0.272415 0.391081 0.019224 0.015757
0 0.603577 0.416428 0.020315 0.014755
0 0.548767 0.502386 0.018850 0.013502
0 0.161402 0.428178 0.020161 0.015543
0 0.684207 0.597684 0.017867 0.013797
0 0.551547 0.721946 0.017264 0.013257
0 0.202397 0.420868 0.020391 0.014954
0 0.388630 0.440238 0.021524 0.017430
0 0.099402 0.666339 0.018971 0.014138
0 0.402711 0.396782 0.017695 0.012620
0 0.575823 0.724248 0.019314 0.015849
0 0.524366 0.502426 0.017369 0.012653
0 0.466821 0.317233 0.018570 0.015774
0 0.393220 0.650114 0.017559 0.014303
0 0.807758 0.536117 0.017555 0.013586
0 0.555775 0.673574 0.016098 0.013427
0 0.483579 0.525836 0.016343 0.013033
0 0.287040 0.442811 0.020659 0.016397
0 0.508026 0.549915 0.017540 0.015241
0 0.474574 0.435614 0.017018 0.013789
0 0.373622 0.739866 0.014320 0.011253
0 0.597623 0.364684 0.021068 0.015601
0 0.423341 0.604965 0.019955 0.014464
0 0.690898 0.658565 0.023426 0.017807
0 0.489435 0.784523 0.019343 0.013736
0 0.521883 0.348631 0.023882 0.019112
0 0.549134 0.603169 0.018546 0.015779
0 0.711800 0.601369 0.025614 0.014964
0 0.403175 0.627384 0.016467 0.013707
0 0.401207 0.800878 0.023150 0.018871
0 0.555474 0.425682 0.018001 0.015249
0 0.417387 0.564328 0.016665 0.012180
0 0.616064 0.654675 0.018525 0.014994
0 0.124570 0.687113 0.016298 0.012958
0 0.282234 0.331027 0.022843 0.016796
0 0.238732 0.621018 0.024712 0.017455
0 0.688933 0.414476 0.019452 0.014850
0 0.176108 0.385403 0.017377 0.014055
0 0.336332 0.472114 0.016672 0.013664
0 0.678236 0.791006 0.022519 0.015636
1 0.069151 0.747522 0.059142 0.051073
0 0.501064 0.763022 0.017948 0.012868
0 0.381744 0.851091 0.022793 0.018260
0 0.320585 0.761697 0.022755 0.018934
0 0.776844 0.442855 0.026060 0.020374
0 0.615813 0.564616 0.017886 0.013518
0 0.468878 0.758006 0.020730 0.012878
0 0.528654 0.743384 0.019883 0.013118
0 0.152598 0.564972 0.027443 0.020283
0 0.576419 0.417560 0.016185 0.011810
0 0.721373 0.441288 0.017518 0.014109
0 0.743033 0.615919 0.018131 0.014701
0 0.082447 0.554039 0.022290 0.017513
0 0.571530 0.786603 0.016482 0.013129
0 0.691667 0.478040 0.015992 0.013133
0 0.452774 0.746942 0.015976 0.011259
0 0.544660 0.745784 0.019002 0.012383
0 0.348629 0.370520 0.013722 0.011198
0 0.055196 0.526035 0.020929 0.015732
0 0.296938 0.404202 0.018602 0.015076
0 0.464980 0.552881 0.015475 0.012044
0 0.422169 0.705943 0.019752 0.013003
0 0.796022 0.588678 0.021167 0.017056
0 0.528406 0.552694 0.017342 0.011938
0 0.363428 0.578599 0.015523 0.012799
0 0.301550 0.657091 0.015466 0.013638
0 0.443483 0.586476 0.017603 0.015269
0 0.431424 0.747281 0.015905 0.012563
0 0.098084 0.457885 0.016950 0.013895
0 0.378355 0.293391 0.021605 0.014298
0 0.453587 0.564461 0.016047 0.012069
0 0.460126 0.487228 0.014545 0.011219
0 0.440138 0.582147 0.016365 0.013077
0 0.370324 0.404118 0.024147 0.014257
0 0.814139 0.554310 0.013631 0.010085
0 0.798113 0.620326 0.017404 0.014250
0 0.435887 0.487179 0.017425 0.013207
0 0.461616 0.602668 0.014523 0.011005
0 0.440065 0.333636 0.013254 0.011410
0 0.213323 0.641260 0.034676 0.026333
0 0.455124 0.419714 0.023977 0.017617
0 0.505325 0.691606 0.011973 0.008661
0 0.119874 0.552649 0.016584 0.012445
1 0.079122 0.790269 0.047070 0.031587