0 0.314300 0.520225 0.011993 0.019055
0 0.415687 0.511316 0.011659 0.016499
0 0.184325 0.375138 0.017495 0.023450
0 0.404248 0.570443 0.013996 0.018473
0 0.497274 0.819204 0.016636 0.027123
0 0.261124 0.396270 0.014888 0.021710
0 0.421134 0.650523 0.012263 0.017714
0 0.427359 0.530936 0.012213 0.015044
0 0.412251 0.145425 0.010713 0.017851
0 0.444790 0.648076 0.012169 0.019286
0 0.405399 0.830387 0.017402 0.024404
0 0.316943 0.659693 0.012947 0.018060
0 0.281676 0.332585 0.014713 0.020025
0 0.552065 0.674161 0.013608 0.022029
0 0.330550 0.841562 0.019444 0.028246
0 0.523430 0.754833 0.014804 0.020511
0 0.392926 0.460493 0.012299 0.017243
0 0.296243 0.520749 0.010722 0.016981
0 0.477125 0.840537 0.018524 0.026451
0 0.271656 0.789991 0.016657 0.022467
0 0.207825 0.729575 0.019613 0.024917
0 0.289100 0.753031 0.015498 0.023118
0 0.407779 0.398950 0.010472 0.017111
0 0.564528 0.730774 0.016450 0.020390
0 0.577424 0.336867 0.011445 0.015247
0 0.182020 0.271619 0.014088 0.020619
0 0.684536 0.578202 0.012688 0.016350
0 0.537446 0.218206 0.012109 0.016061
0 0.614579 0.503534 0.012938 0.014842
0 0.138895 0.548372 0.014232 0.022013
0 0.432109 0.878973 0.025688 0.034374
0 0.594202 0.261596 0.011308 0.013800
0 0.610589 0.321739 0.012600 0.016830
0 0.543688 0.583921 0.013914 0.020483
0 0.513186 0.337174 0.011103 0.013035
0 0.381925 0.307920 0.012331 0.017217
0 0.638741 0.344943 0.010105 0.013065
0 0.472079 0.373810 0.009530 0.012053
0 0.222956 0.202368 0.011374 0.021192
0 0.349178 0.218219 0.021080 0.025443
0 0.250307 0.286400 0.011635 0.016578
0 0.553312 0.712121 0.013918 0.017300
0 0.587348 0.238376 0.011167 0.016940
0 0.328651 0.365743 0.010766 0.017353
0 0.461105 0.326454 0.011700 0.016523
0 0.246488 0.853322 0.018404 0.023489
0 0.553564 0.682232 0.013567 0.022142
0 0.364063 0.178918 0.016440 0.022759
0 0.372583 0.470803 0.012119 0.017408
0 0.410720 0.475696 0.011034 0.013661
0 0.531384 0.168343 0.014646 0.021140
1 0.176937 0.444836 0.028169 0.030516