0 0.467954 0.521398 0.009759 0.013676
1 0.574453 0.242426 0.039609 0.050211
0 0.417610 0.517499 0.009326 0.013033
0 0.294262 0.413258 0.011713 0.015071
0 0.325898 0.642184 0.008474 0.012064
1 0.643219 0.438614 0.041499 0.062343
0 0.141498 0.566271 0.011700 0.015796
0 0.321038 0.327274 0.015481 0.019918
0 0.222748 0.536091 0.009617 0.013636
0 0.385580 0.425122 0.011661 0.015861
0 0.239147 0.528348 0.009554 0.012531
0 0.427412 0.488784 0.009480 0.012843
0 0.394839 0.527085 0.009467 0.012458
1 0.617816 0.412732 0.038004 0.045856
0 0.198614 0.612613 0.008297 0.011779
1 0.413255 0.664049 0.040913 0.052036
0 0.295855 0.615775 0.010236 0.013770
0 0.409791 0.598210 0.009587 0.012373
1 0.503073 0.567273 0.034486 0.040821
0 0.188892 0.505902 0.009881 0.014042
0 0.434445 0.259854 0.017880 0.024620
0 0.338085 0.620184 0.008690 0.011719
0 0.223500 0.579021 0.009651 0.014132
0 0.234550 0.745830 0.009672 0.013383
0 0.184169 0.628480 0.009655 0.012716
1 0.547126 0.283387 0.039459 0.046006
0 0.455773 0.473716 0.009555 0.013629
0 0.200136 0.688545 0.009417 0.013928
0 0.245200 0.484737 0.010976 0.015288
0 0.292295 0.781759 0.010924 0.015345
0 0.332264 0.582812 0.009492 0.012232
0 0.274360 0.438015 0.010408 0.014714
0 0.611459 0.324154 0.010683 0.014229
0 0.226686 0.422534 0.012691 0.016768
0 0.226894 0.472145 0.010417 0.014076
1 0.642925 0.587838 0.030057 0.052054
0 0.239887 0.602315 0.011688 0.013947
1 0.439743 0.431226 0.036004 0.040991
0 0.454070 0.807049 0.013371 0.017314
0 0.482479 0.464869 0.009908 0.013134
0 0.202526 0.530920 0.011624 0.014743
0 0.536819 0.386676 0.010351 0.014474
1 0.506985 0.367870 0.037690 0.038142
0 0.173195 0.743057 0.010338 0.013270
1 0.255866 0.180176 0.053120 0.074117
0 0.374959 0.380990 0.012169 0.017485
1 0.622007 0.285924 0.029152 0.045597
1 0.304811 0.370966 0.035617 0.047979
0 0.342595 0.815350 0.013350 0.017666
0 0.196015 0.760325 0.009379 0.013233
0 0.477455 0.487225 0.010630 0.012564
0 0.201309 0.636755 0.009136 0.012702
0 0.262717 0.797253 0.011937 0.018016
0 0.177685 0.568403 0.010982 0.015359
0 0.304586 0.670805 0.007984 0.011450
0 0.398528 0.548328 0.009915 0.013371
0 0.320631 0.604845 0.009233 0.011855
0 0.415424 0.449942 0.011005 0.013941
0 0.282479 0.569845 0.009745 0.016048
0 0.206086 0.476285 0.012049 0.019841
0 0.390873 0.573838 0.009315 0.012795
0 0.214937 0.693469 0.009244 0.012933
0 0.434139 0.547650 0.009574 0.012419
0 0.152342 0.583110 0.010432 0.013779
0 0.524228 0.460435 0.011466 0.016690
0 0.575799 0.515669 0.010303 0.016139
0 0.362218 0.526728 0.009678 0.013811
0 0.542423 0.468684 0.009601 0.014099
0 0.498989 0.503032 0.009001 0.011502
0 0.383159 0.471663 0.013112 0.017331
0 0.579821 0.610753 0.011061 0.013230
0 0.509278 0.394353 0.011391 0.014785
0 0.273904 0.744651 0.009714 0.013438
0 0.452949 0.567001 0.012387 0.014566
0 0.160832 0.713434 0.010522 0.013657
0 0.306896 0.800471 0.010076 0.013966
0 0.487314 0.540710 0.008484 0.011943
0 0.222980 0.598686 0.009338 0.012946
0 0.587959 0.488705 0.008250 0.010891
0 0.560597 0.612548 0.009935 0.013140
0 0.363808 0.493155 0.012302 0.016519
0 0.343460 0.564112 0.010916 0.015834
0 0.424688 0.815134 0.014234 0.019851
0 0.175587 0.688393 0.009637 0.012660
0 0.480160 0.374652 0.010216 0.014136
0 0.405458 0.765297 0.009846 0.013980
0 0.363825 0.736778 0.008804 0.012732
0 0.238774 0.563197 0.010711 0.015154
0 0.452008 0.540704 0.009736 0.013050
0 0.550078 0.589381 0.008687 0.012027
0 0.521613 0.501016 0.009164 0.013277
0 0.552985 0.506851 0.007603 0.010274
0 0.571945 0.294780 0.012855 0.017060
0 0.215470 0.651413 0.010388 0.018615
0 0.549438 0.483958 0.009556 0.014326
0 0.597773 0.480974 0.008001 0.010529
0 0.269280 0.608223 0.008938 0.010743
0 0.463300 0.641925 0.007967 0.011689
0 0.111747 0.570857 0.010088 0.014601
0 0.248127 0.430096 0.014516 0.015905
0 0.598074 0.627970 0.010235 0.015047
0 0.310236 0.624271 0.009412 0.014684
0 0.351530 0.442490 0.009628 0.014046
0 0.424943 0.753488 0.009557 0.014033
0 0.509232 0.478712 0.008871 0.012009
0 0.352267 0.464489 0.010591 0.016803
0 0.464337 0.498016 0.009758 0.013714
0 0.234985 0.497685 0.010058 0.013003
0 0.331721 0.464551 0.011262 0.015559
0 0.286459 0.639201 0.008633 0.010676
0 0.472670 0.281702 0.011612 0.016162
0 0.339876 0.511580 0.010685 0.014376
0 0.187921 0.574582 0.010973 0.015948
0 0.185087 0.590447 0.010622 0.016237
0 0.263164 0.640265 0.009805 0.011905
0 0.570354 0.649934 0.010430 0.013880
1 0.482115 0.675405 0.030155 0.041940
0 0.586410 0.647091 0.010789 0.013786
0 0.530774 0.437835 0.010003 0.016275
0 0.250963 0.760842 0.010348 0.017318
0 0.447475 0.528707 0.009490 0.015595
0 0.411993 0.490305 0.008380 0.013859
0 0.443163 0.591543 0.013010 0.012173
0 0.409917 0.241327 0.015469 0.025087
0 0.575670 0.576569 0.009153 0.013872
0 0.199577 0.439541 0.009994 0.014386
0 0.610505 0.606864 0.009909 0.013457
0 0.280853 0.576706 0.009031 0.013802
0 0.531182 0.540083 0.009556 0.013638
0 0.266982 0.534142 0.010149 0.017471
0 0.275271 0.477617 0.010179 0.014216
0 0.194574 0.538695 0.010863 0.017017
0 0.246892 0.456856 0.009820 0.014097
0 0.591940 0.589445 0.008560 0.012234
0 0.544106 0.412827 0.010176 0.016417
0 0.306086 0.522685 0.012283 0.015759
1 0.515468 0.767488 0.070627 0.049466
0 0.306501 0.550156 0.018084 0.014365
0 0.300567 0.452418 0.010067 0.014568
0 0.437202 0.460920 0.011609 0.012858
0 0.229987 0.777008 0.010133 0.013418
0 0.518323 0.513326 0.010357 0.015164
0 0.232425 0.688014 0.008987 0.015398
0 0.595868 0.483623 0.011517 0.010399
0 0.109028 0.597551 0.009471 0.013394
0 0.286869 0.505902 0.009503 0.012366
0 0.328889 0.428496 0.013029 0.018413
0 0.419979 0.614272 0.008358 0.012626
0 0.091453 0.568294 0.012004 0.017790
0 0.307300 0.631543 0.010684 0.011864
0 0.322542 0.685634 0.010416 0.017880
0 0.335877 0.485304 0.009997 0.014594
0 0.367633 0.321561 0.011628 0.018467
0 0.506849 0.529046 0.009721 0.011160
0 0.369166 0.823122 0.013968 0.018717
1 0.380460 0.622475 0.037983 0.040946