0 0.471024 0.780718 0.011453 0.015203
0 0.572468 0.811485 0.012505 0.017174
0 0.458330 0.481504 0.010236 0.014800
0 0.610637 0.913983 0.014616 0.018719
0 0.566389 0.719484 0.012752 0.016129
0 0.641148 0.775724 0.013315 0.018445
0 0.428174 0.325750 0.011153 0.016001
0 0.650922 0.741102 0.011597 0.016203
0 0.626242 0.475479 0.011887 0.015768
0 0.360367 0.678697 0.017112 0.019288
0 0.292394 0.471909 0.013778 0.017365
0 0.642754 0.536932 0.011583 0.014382
0 0.482968 0.363160 0.010595 0.015030
0 0.698250 0.483142 0.011699 0.015416
0 0.489708 0.319965 0.010680 0.014788
0 0.634307 0.428015 0.011679 0.015325
0 0.669557 0.800006 0.015840 0.018864
0 0.352979 0.818362 0.013943 0.018301
0 0.431302 0.910521 0.013871 0.020423
0 0.443356 0.434509 0.014100 0.017947
0 0.516390 0.848096 0.014748 0.019238
0 0.404724 0.511418 0.009298 0.013082
0 0.393203 0.748894 0.012268 0.017418
0 0.624114 0.570597 0.014006 0.019179
0 0.709419 0.754884 0.012056 0.016130
0 0.689920 0.689782 0.012569 0.016968
0 0.337766 0.403938 0.012996 0.015722
0 0.355144 0.895165 0.014515 0.018748
0 0.454506 0.606507 0.014615 0.019682
0 0.616782 0.825589 0.015763 0.023257
0 0.542176 0.680126 0.014576 0.019410
0 0.636356 0.608442 0.011631 0.015736
0 0.386628 0.661589 0.012467 0.016734
0 0.596839 0.620516 0.011642 0.015543
0 0.257550 0.565381 0.011632 0.016304
0 0.531553 0.793121 0.010446 0.014225
0 0.354840 0.730945 0.012541 0.017426
0 0.666046 0.560649 0.012868 0.018101
0 0.328582 0.943643 0.017328 0.021742
0 0.497204 0.859496 0.013491 0.018390
0 0.692938 0.594398 0.010510 0.013568
0 0.518035 0.381516 0.016810 0.019991
0 0.519342 0.301778 0.010507 0.014563
0 0.516377 0.781275 0.011558 0.015429
0 0.606603 0.476163 0.010450 0.014259
0 0.656161 0.497269 0.011320 0.017447
0 0.493511 0.508903 0.012181 0.016584
0 0.497069 0.678192 0.016634 0.019712
0 0.361854 0.365386 0.012048 0.016791
0 0.457089 0.938598 0.016536 0.019781
0 0.568947 0.459895 0.013306 0.019181
0 0.511159 0.326120 0.010925 0.015043
0 0.595902 0.815743 0.013328 0.017256
0 0.328627 0.348448 0.011600 0.016722
0 0.218682 0.568820 0.014764 0.021279
0 0.407919 0.403885 0.012145 0.017348
0 0.538237 0.395787 0.011276 0.014989
0 0.557270 0.383321 0.014785 0.021834
0 0.640315 0.833263 0.012333 0.016474
0 0.354677 0.308786 0.011180 0.016396
0 0.280328 0.397792 0.016177 0.023200
0 0.381359 0.532660 0.013665 0.018278
0 0.456839 0.574984 0.012390 0.016177
0 0.407517 0.486349 0.009019 0.012744
0 0.474493 0.701722 0.011603 0.015894
0 0.217963 0.483939 0.012609 0.016588
0 0.437365 0.523067 0.010581 0.016045
0 0.513687 0.753610 0.010655 0.014644
0 0.581322 0.762226 0.017538 0.018257
0 0.579036 0.304574 0.011891 0.017181
0 0.698242 0.520250 0.011448 0.016497
0 0.556722 0.748125 0.013091 0.015802
0 0.372574 0.920103 0.014857 0.022360
0 0.543932 0.275893 0.010471 0.015931
0 0.570925 0.494066 0.015280 0.018782
0 0.383258 0.461083 0.010053 0.012651
0 0.277759 0.630671 0.013230 0.017032
0 0.481598 0.457623 0.009101 0.012703
0 0.576606 0.629448 0.011514 0.017540
0 0.539268 0.338645 0.010732 0.014281
0 0.672396 0.632872 0.010109 0.012851
0 0.222143 0.664534 0.013967 0.019650
0 0.656045 0.477553 0.010083 0.015156
0 0.409997 0.869142 0.015886 0.019594
0 0.555987 0.640966 0.013327 0.023225
0 0.382513 0.382373 0.011357 0.015108
0 0.473482 0.974035 0.013938 0.019354
0 0.692110 0.451619 0.012312 0.016213
0 0.381142 0.427583 0.017159 0.016520
0 0.424583 0.543017 0.010498 0.014079
0 0.411944 0.750625 0.011591 0.015975
0 0.524126 0.703296 0.010661 0.015081
0 0.414617 0.609769 0.011928 0.015208
0 0.363253 0.865221 0.012250 0.016889
0 0.373470 0.882759 0.014232 0.020920
0 0.504619 0.554896 0.015571 0.022567
0 0.282460 0.564173 0.012341 0.017287
0 0.411463 0.573134 0.013422 0.016196
0 0.708265 0.449410 0.012282 0.017567
0 0.701437 0.559997 0.010574 0.013571
0 0.280678 0.824115 0.011697 0.017738
0 0.538511 0.961708 0.020332 0.023354
0 0.311074 0.418026 0.017956 0.025007
0 0.255567 0.826307 0.011262 0.016179
0 0.621342 0.503160 0.011073 0.015206
0 0.484550 0.813948 0.011833 0.019208
0 0.688426 0.571082 0.013126 0.017625
0 0.251239 0.728358 0.010426 0.015790
0 0.612942 0.413110 0.017763 0.024225
0 0.474954 0.740004 0.020767 0.021248
0 0.388514 0.832259 0.015685 0.024107
0 0.356131 0.386946 0.010988 0.014081
0 0.559218 0.341559 0.015146 0.019171
0 0.547683 0.563557 0.011793 0.019312
0 0.287730 0.730560 0.009165 0.012745
0 0.513699 0.987571 0.018483 0.019864
0 0.679568 0.525955 0.011067 0.017357
0 0.308941 0.379179 0.012673 0.018162
0 0.464089 0.397319 0.015138 0.019296
0 0.294069 0.368183 0.015569 0.022241
1 0.214973 0.789470 0.040875 0.054360
0 0.188391 0.577082 0.015041 0.020403
0 0.723512 0.587961 0.009846 0.013517
0 0.398926 0.335906 0.019758 0.032468
0 0.423894 0.573388 0.011027 0.014377
0 0.486051 0.561449 0.016402 0.021942
0 0.295188 0.589819 0.014492 0.021789
0 0.370994 0.513449 0.021615 0.021898
0 0.361603 0.616481 0.009751 0.012704
0 0.700110 0.772450 0.010913 0.014408
0 0.353826 0.425332 0.009864 0.011844
0 0.221517 0.733192 0.010739 0.014229
0 0.406281 0.631903 0.011968 0.015662
0 0.292754 0.609376 0.016364 0.021211
0 0.640317 0.699464 0.009119 0.013153
0 0.326557 0.468238 0.015226 0.020788
0 0.604395 0.384808 0.012061 0.014775
0 0.746726 0.536697 0.020972 0.026739
0 0.252038 0.797710 0.010290 0.013673
0 0.385053 0.792986 0.014872 0.023230
0 0.599403 0.451105 0.009890 0.013726
0 0.418879 0.844415 0.011632 0.016725
0 0.380218 0.630449 0.016493 0.018142
0 0.338711 0.482372 0.010399 0.014190
0 0.379155 0.364625 0.011884 0.016784
0 0.611747 0.323067 0.011189 0.015382
0 0.605660 0.298050 0.018414 0.019829
0 0.631404 0.403709 0.010435 0.014233
0 0.469677 0.417609 0.011941 0.023284
0 0.398665 0.467607 0.011319 0.015476
0 0.339770 0.542050 0.014651 0.028613
0 0.340714 0.533106 0.012244 0.021921
0 0.739971 0.492235 0.013578 0.019407
0 0.689823 0.643671 0.010161 0.012845
0 0.423906 0.859543 0.012856 0.018709
0 0.425810 0.677971 0.008384 0.011878
0 0.340872 0.551122 0.012814 0.026292
0 0.591784 0.651853 0.009229 0.012303
0 0.505381 0.493568 0.008310 0.012582
0 0.372356 0.941947 0.012954 0.019025
0 0.403123 0.612343 0.013323 0.017449
0 0.449835 0.981470 0.019561 0.025327
0 0.507267 0.513767 0.008730 0.012614
0 0.607768 0.793168 0.009877 0.014089
0 0.332978 0.326272 0.008642 0.014684
0 0.533678 0.302123 0.010243 0.012373
0 0.240728 0.858800 0.013214 0.017680
0 0.426317 0.645918 0.008058 0.011512
1 0.539163 0.650299 0.020653 0.027537