0 0.347916 0.358655 0.020033 0.015748
0 0.567643 0.645138 0.018010 0.014857
0 0.310882 0.507272 0.020494 0.015175
0 0.427241 0.264876 0.017752 0.014961
0 0.515759 0.666179 0.015179 0.012383
0 0.334431 0.706616 0.016418 0.013544
0 0.448720 0.583424 0.017740 0.013891
0 0.423051 0.548367 0.020039 0.015141
0 0.410766 0.748515 0.017981 0.014870
0 0.448719 0.518034 0.020418 0.015373
0 0.351265 0.303304 0.017304 0.014790
0 0.100257 0.635126 0.014388 0.011805
0 0.281007 0.655614 0.014780 0.011135
0 0.766828 0.523619 0.015572 0.011698
0 0.534628 0.456161 0.015962 0.012563
0 0.610242 0.592773 0.015107 0.012229
0 0.411883 0.293140 0.016320 0.014813
0 0.621299 0.643243 0.014987 0.011506
0 0.472037 0.251717 0.022526 0.017872
0 0.251936 0.687177 0.013707 0.010769
0 0.225727 0.437668 0.016649 0.012990
0 0.606866 0.317497 0.021361 0.015127
0 0.753099 0.466235 0.016492 0.012362
0 0.349914 0.624530 0.018009 0.015467
0 0.685156 0.643849 0.015589 0.011136
0 0.319644 0.590354 0.018183 0.014296
0 0.228928 0.527520 0.016768 0.013234
0 0.657337 0.430144 0.023990 0.017251
0 0.629670 0.417886 0.014498 0.011172
0 0.694091 0.624218 0.016485 0.012562
0 0.387117 0.557375 0.017769 0.013931
0 0.027303 0.557641 0.014043 0.011055
0 0.491397 0.450037 0.015293 0.012725
0 0.718127 0.640598 0.014643 0.010906
0 0.684040 0.664447 0.017417 0.013185
0 0.544610 0.428272 0.015192 0.011826
0 0.098477 0.600095 0.016577 0.014163
0 0.216770 0.578316 0.021530 0.013783
0 0.572034 0.463023 0.015753 0.013499
0 0.444588 0.731810 0.019973 0.013891
0 0.388583 0.677397 0.018106 0.013396
0 0.254511 0.739365 0.014912 0.010710
0 0.376067 0.281421 0.016465 0.014398
0 0.288909 0.545447 0.017260 0.013145
0 0.322974 0.459947 0.015860 0.013920
0 0.566775 0.606591 0.016210 0.016833
0 0.644762 0.750829 0.019059 0.012560
0 0.423845 0.593411 0.020088 0.016257
0 0.264648 0.430899 0.017597 0.013605
0 0.294829 0.582929 0.016563 0.012421
0 0.396907 0.605410 0.016772 0.012800
0 0.707394 0.657317 0.016760 0.014055
0 0.048424 0.406657 0.016268 0.013719
0 0.240036 0.652284 0.015019 0.012263
0 0.024352 0.487233 0.015982 0.012669
0 0.351316 0.427913 0.016692 0.013689
0 0.754044 0.580829 0.017826 0.013248
0 0.626496 0.510631 0.015946 0.013043
0 0.217257 0.511967 0.016316 0.014621
0 0.365240 0.562632 0.017500 0.014648
0 0.668033 0.547818 0.014702 0.011828
0 0.298842 0.421666 0.024609 0.015347
0 0.333113 0.267486 0.015009 0.012581
0 0.442735 0.761289 0.022011 0.017806
0 0.358767 0.702037 0.015498 0.013453
0 0.378320 0.374664 0.019970 0.016281
0 0.580653 0.438901 0.014209 0.011633
0 0.466983 0.616975 0.014901 0.012477
1 0.256175 0.245311 0.034507 0.017253