0 0.206344 0.534089 0.012864 0.017694
0 0.356809 0.600454 0.011514 0.015991
0 0.207195 0.361541 0.012871 0.017504
0 0.302153 0.408127 0.012807 0.017488
0 0.573983 0.540810 0.015243 0.021213
0 0.234889 0.488926 0.012675 0.017097
1 0.211988 0.683355 0.042342 0.053991
0 0.370878 0.312254 0.013351 0.017849
0 0.288980 0.769697 0.014246 0.018973
0 0.419684 0.469372 0.011881 0.016299
0 0.185928 0.463447 0.010554 0.015229
0 0.430464 0.600347 0.011572 0.015539
1 0.511532 0.231920 0.037767 0.050986
0 0.396536 0.311678 0.012117 0.017328
0 0.602855 0.502851 0.013613 0.016420
0 0.506816 0.641346 0.011222 0.016044
1 0.362661 0.839366 0.041018 0.066920
0 0.328138 0.251299 0.013473 0.019745
1 0.421629 0.836315 0.045386 0.064797
1 0.344396 0.399827 0.030959 0.048672
0 0.281310 0.271291 0.013569 0.021151
0 0.227776 0.715000 0.013407 0.019120
1 0.327153 0.701094 0.041105 0.052103
0 0.324592 0.193960 0.014946 0.023204
1 0.397033 0.527976 0.042594 0.042903
0 0.509929 0.404382 0.012693 0.017340
0 0.323508 0.537508 0.011626 0.017329
0 0.155674 0.490829 0.013763 0.019957
0 0.438954 0.169314 0.013251 0.024448
0 0.324528 0.404612 0.012352 0.017913
0 0.349264 0.638240 0.010554 0.015016
0 0.496742 0.408940 0.011997 0.015976
0 0.569042 0.704002 0.011790 0.017281
0 0.329611 0.592294 0.010008 0.014859
0 0.579608 0.655819 0.009723 0.014044
0 0.475552 0.755089 0.014928 0.020033
0 0.290023 0.372704 0.010798 0.014882
0 0.417267 0.235235 0.012144 0.019295
0 0.160626 0.316821 0.010699 0.015102
0 0.418852 0.552216 0.011116 0.016565
0 0.468414 0.858555 0.015847 0.020137
0 0.261478 0.559069 0.011640 0.018774
0 0.529704 0.532731 0.009901 0.014295
0 0.220909 0.389602 0.010509 0.017727
0 0.383504 0.423980 0.014869 0.020490
0 0.441515 0.324855 0.010999 0.015619
0 0.605547 0.672725 0.011717 0.017123
0 0.574308 0.364129 0.012653 0.016759
0 0.316574 0.468395 0.010636 0.015704
0 0.586939 0.383660 0.010300 0.015832
0 0.502859 0.406842 0.021194 0.018830