0 0.521352 0.828605 0.017536 0.018015
0 0.585138 0.481924 0.015203 0.017350
0 0.368177 0.885138 0.018898 0.018869
0 0.208677 0.758948 0.016949 0.017918
0 0.296803 0.794835 0.018896 0.019932
0 0.604175 0.385363 0.014189 0.013959
0 0.529467 0.914193 0.016835 0.017093
0 0.407482 0.378313 0.014560 0.014331
0 0.948890 0.405636 0.014338 0.014899
0 0.379726 0.976734 0.019355 0.019180
0 0.348177 0.903233 0.018662 0.019900
0 0.967916 0.556046 0.014805 0.015105
0 0.221761 0.830490 0.016747 0.017042
0 0.769525 0.536122 0.014632 0.014449
0 0.392624 0.673273 0.019558 0.019313
0 0.530373 0.726301 0.016143 0.015873
0 0.566445 0.831774 0.018762 0.020521
0 0.687183 0.693571 0.016329 0.016722
0 0.669235 0.891246 0.016611 0.016374
0 0.650433 0.390415 0.013973 0.014838
0 0.433364 0.424226 0.014443 0.014058
0 0.630013 0.507413 0.016481 0.016388
0 0.312885 0.298657 0.013423 0.014217
0 0.716931 0.770431 0.016264 0.016398
0 0.394878 0.325019 0.012866 0.013285
0 0.469604 0.920307 0.018006 0.019629
0 0.647976 0.766288 0.017086 0.017225
0 0.879602 0.489634 0.014596 0.014368
0 0.295926 0.477872 0.018628 0.019026
0 0.806386 0.856095 0.015308 0.016556
0 0.156000 0.446708 0.013694 0.014140
0 0.771148 0.452571 0.015974 0.016613
0 0.602509 0.311450 0.015160 0.017430
0 0.743688 0.507556 0.012662 0.012559
0 0.724859 0.414209 0.014684 0.014761
0 0.657732 0.245088 0.013959 0.014555
0 0.566014 0.430227 0.016570 0.018175
0 0.619499 0.920509 0.017024 0.018116
0 0.511874 0.966852 0.015834 0.016379
0 0.241899 0.786619 0.017541 0.017030
0 0.591888 0.767858 0.020343 0.018681
0 0.638502 0.643918 0.017388 0.017985
0 0.942831 0.689351 0.012956 0.013193
0 0.939391 0.606026 0.015177 0.015239
0 0.724020 0.480160 0.013695 0.013617
0 0.343798 0.271699 0.012647 0.014130
0 0.644850 0.276548 0.013515 0.012712
0 0.711952 0.523811 0.013022 0.013607
1 0.461256 0.485788 0.051734 0.052906
0 0.921892 0.467906 0.013246 0.013688
0 0.914037 0.382160 0.012739 0.013325
0 0.353285 0.355517 0.016000 0.017165
0 0.473745 0.366072 0.014277 0.013919
0 0.783731 0.896269 0.014380 0.014673
0 0.537854 0.492679 0.013621 0.013648
0 0.471677 0.279581 0.012575 0.013380
0 0.749218 0.239000 0.012650 0.013661
1 0.401507 0.279106 0.047768 0.043929
1 0.569198 0.258514 0.045177 0.046582
0 0.237843 0.332361 0.013013 0.013274
0 0.550598 0.692957 0.014986 0.015320
0 0.581987 0.741436 0.016884 0.016532
0 0.588868 0.701564 0.018894 0.018808
0 0.693812 0.776901 0.016353 0.016867
0 0.624178 0.698303 0.015671 0.015896
0 0.539806 0.643109 0.025207 0.018525
0 0.784041 0.961537 0.014215 0.014715
0 0.642603 0.842426 0.018233 0.017949
0 0.193075 0.859664 0.016105 0.016075
0 0.645856 0.884856 0.014989 0.015126
0 0.632236 0.362928 0.013974 0.013706
0 0.585801 0.633264 0.015242 0.015307
0 0.702721 0.257291 0.017898 0.016328
0 0.644022 0.215766 0.012411 0.013450
0 0.560443 0.669504 0.015114 0.014902
1 0.131531 0.405465 0.047367 0.047983
0 0.544338 0.355687 0.015317 0.014970
0 0.949780 0.844456 0.012317 0.012871
0 0.574703 0.325298 0.013012 0.013820
0 0.480894 0.342201 0.012791 0.014605
0 0.444824 0.342239 0.013593 0.013512
0 0.337074 0.405761 0.013992 0.013906
0 0.551687 0.406351 0.015023 0.016115
0 0.619703 0.187364 0.011005 0.012400
0 0.514158 0.762080 0.017021 0.017450
0 0.514725 0.787290 0.017013 0.016553
0 0.755118 0.961617 0.014150 0.015013
0 0.982143 0.844647 0.013690 0.014189
0 0.708402 0.229536 0.012265 0.012649
0 0.699286 0.586059 0.016793 0.017563
0 0.806118 0.584657 0.015224 0.015613
0 0.835615 0.974499 0.014523 0.015476
0 0.435716 0.232344 0.012390 0.013064
0 0.906236 0.697174 0.016646 0.018257
0 0.811283 0.254985 0.013684 0.015226
0 0.590952 0.908034 0.018097 0.016623
0 0.702285 0.449195 0.017541 0.019060
0 0.589573 0.553234 0.017963 0.017298
0 0.290497 0.880217 0.018812 0.018422
0 0.244314 0.460086 0.015207 0.015257
0 0.453252 0.254946 0.012955 0.014066
0 0.761882 0.280570 0.013546 0.013176
0 0.943249 0.780936 0.012797 0.012752
0 0.770915 0.917129 0.015053 0.014605
0 0.556272 0.504590 0.013890 0.014991
0 0.196177 0.495072 0.014516 0.015265
0 0.657405 0.411347 0.015977 0.015552
0 0.376007 0.354306 0.012834 0.012354
0 0.990407 0.574473 0.015084 0.014833
0 0.757122 0.329983 0.014224 0.016304
0 0.936945 0.439172 0.013783 0.014303
0 0.758031 0.260916 0.012497 0.014149
0 0.503783 0.547560 0.017082 0.016666
0 0.830546 0.452790 0.016989 0.018604
0 0.956872 0.587553 0.015505 0.019568
0 0.757066 0.836609 0.021387 0.016750
0 0.894182 0.383067 0.012102 0.013176
0 0.789121 0.547186 0.015494 0.014481
0 0.985997 0.617361 0.014211 0.014644
0 0.630278 0.474036 0.018614 0.014177
0 0.564780 0.893003 0.018576 0.019567
0 0.868526 0.391095 0.013793 0.015322
0 0.505625 0.215186 0.010695 0.012995
0 0.581785 0.398483 0.014537 0.017421
0 0.724166 0.560536 0.015087 0.015594
0 0.410035 0.970223 0.016234 0.016615
0 0.148958 0.788889 0.015618 0.016788
0 0.532078 0.428124 0.017159 0.017883
0 0.942370 0.881372 0.013238 0.013125
0 0.734471 0.851579 0.014521 0.013828
0 0.609316 0.504234 0.014723 0.013251
0 0.662776 0.941197 0.018104 0.016583
0 0.430135 0.317412 0.013375 0.013832
0 0.516518 0.469985 0.013860 0.015552
0 0.911514 0.640520 0.012199 0.013173
0 0.499504 0.275307 0.014221 0.015677
0 0.748741 0.897105 0.016265 0.020369
0 0.440186 0.189059 0.013027 0.012924
0 0.693135 0.926549 0.015130 0.015298
0 0.514645 0.872565 0.016663 0.015920
0 0.787454 0.351302 0.016510 0.018665
0 0.605246 0.746053 0.016877 0.016009
0 0.405313 0.426749 0.017245 0.019947
0 0.608147 0.840417 0.015202 0.016475
0 0.221383 0.365804 0.013899 0.014097
0 0.772779 0.499863 0.018530 0.014143
0 0.534523 0.310741 0.015205 0.015232
0 0.985569 0.649196 0.014574 0.014811
0 0.259918 0.800890 0.015967 0.016504
0 0.957941 0.653946 0.016650 0.015360
0 0.214262 0.863544 0.016121 0.015435
0 0.475376 0.402077 0.018754 0.016693
0 0.824197 0.365484 0.017369 0.017924
0 0.984340 0.758517 0.014644 0.014380
0 0.357492 0.469184 0.014080 0.014656
0 0.320415 0.981829 0.017029 0.017496
0 0.343852 0.315852 0.015555 0.015872
0 0.900111 0.777736 0.011740 0.012798
0 0.407282 0.614290 0.017458 0.020204
0 0.541673 0.572194 0.017866 0.017994
0 0.718507 0.303158 0.014845 0.018128
0 0.417854 0.339240 0.013252 0.012471
0 0.450432 0.317833 0.011882 0.016857
0 0.699688 0.341167 0.013614 0.015394
0 0.729593 0.612041 0.016725 0.016716
0 0.771281 0.994589 0.015155 0.010657
0 0.900749 0.667632 0.013676 0.013813
0 0.140932 0.481138 0.014578 0.014616
0 0.275214 0.992192 0.017360 0.015616
0 0.505372 0.312192 0.012910 0.012304
0 0.236259 0.511608 0.017216 0.019955
0 0.236692 0.426358 0.016067 0.017302
0 0.977693 0.487360 0.019086 0.019906
0 0.700292 0.628171 0.015012 0.015660
0 0.476363 0.959019 0.014894 0.016048
0 0.536394 0.518957 0.014331 0.013808
0 0.505949 0.191098 0.011948 0.015619
0 0.219703 0.468672 0.013575 0.013885
0 0.329699 0.374813 0.014431 0.014316
0 0.518306 0.346924 0.018168 0.024294
0 0.930723 0.558322 0.013434 0.016633
0 0.154445 0.870882 0.018086 0.017474
0 0.748492 0.588708 0.013299 0.015315
0 0.278638 0.278673 0.014435 0.013663
0 0.563938 0.528123 0.019926 0.014821
0 0.444333 0.449283 0.013995 0.013633
0 0.597691 0.951248 0.018837 0.018589
0 0.941026 0.481255 0.014017 0.013498
0 0.921444 0.591944 0.014241 0.013853
0 0.707184 0.286681 0.018804 0.019509
0 0.314419 0.441458 0.013819 0.014107
0 0.934148 0.654016 0.013905 0.013208
0 0.376781 0.399093 0.013914 0.016356
0 0.329356 0.461804 0.014247 0.015463
0 0.083371 0.533491 0.015539 0.016186
0 0.601303 0.217543 0.010269 0.011032
0 0.195437 0.566258 0.013119 0.013661
0 0.620375 0.216269 0.011493 0.014445
0 0.184119 0.945429 0.016448 0.016893
0 0.263476 0.294773 0.012120 0.012992
0 0.484664 0.450791 0.015182 0.013439
0 0.741989 0.286883 0.013554 0.015519
0 0.957315 0.762800 0.013884 0.014676
0 0.779650 0.236507 0.012261 0.012579
0 0.706014 0.549745 0.014894 0.014673
0 0.714562 0.991280 0.020140 0.014911
0 0.656430 0.201491 0.012325 0.013198
0 0.840695 0.860887 0.014698 0.015470
0 0.528972 0.432678 0.018304 0.018512
0 0.688435 0.220419 0.012161 0.012898
0 0.285697 0.343421 0.014400 0.014767
0 0.517393 0.340694 0.014389 0.015499
1 0.190970 0.904381 0.030522 0.034233
0 0.851406 0.711021 0.012893 0.012886
0 0.359892 0.312772 0.014125 0.015559
0 0.298776 0.235086 0.016237 0.017881
0 0.963888 0.717290 0.015416 0.015332
0 0.850447 0.630066 0.011925 0.012062
0 0.704896 0.855978 0.018298 0.018768
0 0.104711 0.750662 0.017036 0.018199
0 0.969963 0.421912 0.013527 0.015545
0 0.276198 0.450620 0.013465 0.015079
0 0.593270 0.529313 0.019543 0.015333
0 0.842018 0.434929 0.015583 0.016129
0 0.512149 0.486050 0.014242 0.015018
0 0.616524 0.251682 0.013425 0.014088
0 0.592748 0.179321 0.011981 0.012874
0 0.573678 0.559132 0.017134 0.016763
0 0.817220 0.546675 0.016278 0.019426
0 0.664438 0.849539 0.018021 0.017289
0 0.302360 0.368758 0.019217 0.014458
0 0.648023 0.340230 0.019843 0.019425
0 0.176077 0.371707 0.012193 0.012555
0 0.263171 0.354800 0.016108 0.019192
0 0.849997 0.535030 0.013270 0.014113
0 0.142580 0.771839 0.014441 0.016986
0 0.585022 0.878360 0.014818 0.015494
0 0.118130 0.603308 0.015302 0.016050
0 0.643080 0.965421 0.014442 0.015501
0 0.784458 0.604522 0.016085 0.020193
1 0.279493 0.646637 0.038773 0.044154
0 0.155959 0.613369 0.014184 0.015200
0 0.584493 0.525960 0.020974 0.015206
0 0.696606 0.807416 0.019915 0.015458
0 0.063244 0.639394 0.013950 0.014348
0 0.174862 0.343348 0.014188 0.015481
0 0.578210 0.388464 0.014117 0.016838
0 0.305304 0.337961 0.012726 0.014059
0 0.317671 0.406748 0.014208 0.013470
0 0.657695 0.500376 0.013981 0.015500
0 0.846616 0.994543 0.014058 0.010913
0 0.725871 0.206458 0.012461 0.013770
0 0.804900 0.397895 0.018785 0.020638
0 0.780701 0.283814 0.011596 0.011849
0 0.170415 0.423455 0.011447 0.011282
0 0.380191 0.420939 0.015887 0.018522
0 0.499681 0.447350 0.014840 0.013571
0 0.487172 0.301138 0.015079 0.012966
0 0.143928 0.873805 0.016621 0.016029
0 0.404761 0.547904 0.016464 0.018154
0 0.798365 0.533103 0.014731 0.015826
0 0.724898 0.541104 0.012353 0.013434
0 0.399625 0.409094 0.015615 0.018748
0 0.213547 0.327547 0.013707 0.013640
0 0.973769 0.707694 0.016039 0.016459
0 0.748770 0.384960 0.014478 0.016542
0 0.968372 0.871415 0.012994 0.014244
0 0.930184 0.576192 0.015531 0.016568
0 0.957055 0.800119 0.013364 0.013342
0 0.704266 0.877500 0.015065 0.015002
0 0.789433 0.642249 0.014257 0.015587
0 0.708282 0.988726 0.018883 0.016349
0 0.468256 0.399682 0.021417 0.020225
0 0.161913 0.356524 0.016556 0.015555
0 0.545191 0.210809 0.009061 0.011174
0 0.969739 0.711146 0.018907 0.019295
0 0.962238 0.477971 0.016978 0.017064
0 0.778246 0.381094 0.012628 0.014041
0 0.113094 0.445704 0.014399 0.015896
0 0.589762 0.451353 0.013567 0.013058
0 0.710016 0.804522 0.015633 0.015122
0 0.994054 0.800133 0.011520 0.013646
0 0.852479 0.339697 0.014065 0.015009
0 0.164475 0.648440 0.014072 0.013767
0 0.995933 0.689250 0.008134 0.013347
0 0.563095 0.198698 0.011495 0.015311
0 0.479639 0.237703 0.012383 0.011538
0 0.257210 0.371988 0.016486 0.015185
1 0.821734 0.705389 0.035024 0.032609
1 0.782483 0.753699 0.000000 0.001208