0 0.596604 0.612368 0.017760 0.012838
0 0.388290 0.705431 0.017300 0.012887
0 0.695309 0.617727 0.018271 0.012852
0 0.201899 0.516966 0.016752 0.012392
0 0.616359 0.632113 0.019070 0.013054
0 0.470468 0.402742 0.015569 0.011515
0 0.512130 0.627708 0.016376 0.012079
0 0.460535 0.693463 0.015064 0.011567
0 0.559863 0.401704 0.017703 0.013278
0 0.690778 0.654655 0.019536 0.015036
0 0.240460 0.699617 0.018738 0.013537
0 0.506431 0.700771 0.016994 0.012556
0 0.416362 0.517076 0.016412 0.013354
0 0.669343 0.381226 0.017232 0.013107
1 0.293848 0.583356 0.047779 0.045353
0 0.238116 0.555734 0.015293 0.011114
0 0.452781 0.789796 0.022074 0.016256
0 0.179438 0.473172 0.017743 0.013752
0 0.336013 0.656384 0.017989 0.013100
0 0.144167 0.662024 0.015421 0.011727
0 0.621070 0.698862 0.018847 0.013688
0 0.481906 0.366394 0.016188 0.012426
0 0.076389 0.577620 0.017117 0.013046
0 0.402197 0.649531 0.018514 0.015756
1 0.231452 0.394021 0.051329 0.041021
0 0.618533 0.605698 0.017490 0.012601
0 0.204919 0.543476 0.016675 0.012166
0 0.440959 0.382217 0.012573 0.009728
0 0.368651 0.448544 0.016262 0.012858
0 0.387198 0.373750 0.018027 0.014290
0 0.680762 0.472503 0.014986 0.011579
0 0.502413 0.431940 0.016745 0.012554
0 0.689338 0.721221 0.017871 0.013315
0 0.414891 0.489122 0.014018 0.011764
0 0.464104 0.753732 0.018701 0.014254
0 0.608953 0.413316 0.017521 0.015080
0 0.624783 0.354094 0.016459 0.013834
0 0.288878 0.691067 0.019804 0.014844
0 0.486945 0.466300 0.017173 0.016450
0 0.651681 0.458153 0.014096 0.010324
0 0.623883 0.763737 0.017517 0.013436
0 0.568598 0.748408 0.017908 0.014535
0 0.522856 0.346451 0.014212 0.011800
0 0.203146 0.569213 0.019465 0.014271
1 0.435534 0.590929 0.048999 0.035011
0 0.524954 0.763212 0.025914 0.015981
0 0.635875 0.805026 0.017689 0.012576
0 0.399491 0.438102 0.015463 0.011633
0 0.175630 0.430887 0.014278 0.012047
0 0.117356 0.515568 0.016388 0.012655
0 0.465484 0.505907 0.011646 0.009192
0 0.411123 0.725152 0.016589 0.011568
0 0.189717 0.609669 0.014009 0.010759
0 0.096022 0.448486 0.017833 0.013517
0 0.098252 0.563925 0.017043 0.012161
0 0.157979 0.384383 0.013696 0.011765
1 0.323244 0.335453 0.091661 0.052995
0 0.508947 0.670650 0.020887 0.015189
0 0.182594 0.659469 0.015155 0.012142
0 0.412401 0.339033 0.014114 0.011634
1 0.148372 0.729212 0.054601 0.046788
0 0.359308 0.790509 0.025056 0.020571
0 0.424669 0.627100 0.012855 0.010096
0 0.317234 0.396306 0.012241 0.010114
0 0.488063 0.544978 0.017757 0.014358
0 0.575356 0.356260 0.015183 0.012175
0 0.226482 0.537550 0.014606 0.011295
0 0.273152 0.398410 0.017257 0.011755
0 0.662723 0.510011 0.020162 0.015613
0 0.453047 0.435467 0.014719 0.013681
0 0.213706 0.432261 0.016759 0.012365
0 0.217468 0.453819 0.016848 0.014144
0 0.583139 0.761613 0.019235 0.014201
0 0.533812 0.454305 0.017016 0.014275
0 0.686227 0.491213 0.015843 0.012143
0 0.511118 0.798885 0.022013 0.016069
0 0.280197 0.751153 0.016802 0.012377
0 0.594097 0.553496 0.014839 0.013882
0 0.176193 0.642387 0.015872 0.011819
0 0.467001 0.737051 0.018981 0.013714
0 0.540504 0.364361 0.016292 0.013979
0 0.666581 0.580451 0.013279 0.010034
0 0.374712 0.429355 0.017731 0.011537
1 0.744907 0.478769 0.039027 0.034927
0 0.604769 0.466672 0.012436 0.009515
0 0.756544 0.637778 0.016272 0.013280
0 0.332033 0.635037 0.016093 0.013085
0 0.618010 0.780753 0.015659 0.011855
0 0.607638 0.390122 0.023698 0.013937
0 0.529457 0.371849 0.016999 0.012241
0 0.705266 0.733116 0.018457 0.013230
0 0.512963 0.446634 0.014711 0.011740
0 0.181398 0.780033 0.021705 0.018625
0 0.335596 0.376726 0.012430 0.009222
0 0.705697 0.594229 0.012468 0.009057
0 0.378464 0.348050 0.015187 0.010097
0 0.226694 0.351996 0.011422 0.010277
0 0.414157 0.419407 0.018545 0.014424
0 0.186824 0.634426 0.014269 0.010270
0 0.534177 0.369411 0.019255 0.014634
0 0.344632 0.563835 0.011000 0.009099
0 0.423859 0.415721 0.015546 0.013316
0 0.377738 0.651977 0.017541 0.017584
0 0.217660 0.580635 0.013647 0.009626
0 0.752000 0.626802 0.015543 0.014081
0 0.642147 0.533109 0.014885 0.011701
0 0.414204 0.314553 0.009420 0.008231
0 0.640145 0.645568 0.015332 0.011737
0 0.639986 0.558898 0.015220 0.011992
0 0.450862 0.323092 0.013212 0.011268
0 0.422116 0.712169 0.016353 0.014059
0 0.569539 0.462107 0.014313 0.011841
0 0.739264 0.637309 0.022848 0.012708
0 0.181187 0.637919 0.017696 0.011469
0 0.385973 0.480284 0.012600 0.009584
0 0.636408 0.527724 0.016095 0.012087
0 0.515341 0.584577 0.017074 0.013965
0 0.094167 0.546099 0.013270 0.010930
0 0.474887 0.706058 0.014264 0.013006
0 0.465819 0.747025 0.021204 0.025572
0 0.041159 0.622287 0.015568 0.011929
0 0.475822 0.336272 0.018288 0.013178
0 0.472639 0.645616 0.012139 0.010603
0 0.452197 0.347829 0.011206 0.008302
0 0.427034 0.720932 0.014960 0.012091
0 0.057043 0.514860 0.016973 0.014521
0 0.622327 0.545653 0.014430 0.010846
0 0.713189 0.436027 0.017086 0.016677
0 0.777686 0.609979 0.015177 0.012675
0 0.715134 0.444766 0.017138 0.019103
0 0.553336 0.434480 0.011941 0.009749
0 0.285240 0.474157 0.014943 0.012835
0 0.382187 0.327289 0.011918 0.009561
1 0.560965 0.507603 0.044283 0.021135
1 0.557610 0.558931 0.000000 0.001006