0 0.499415 0.344890 0.014562 0.011024
0 0.641440 0.739092 0.016449 0.012925
0 0.643833 0.601911 0.014269 0.011206
0 0.673298 0.421668 0.012692 0.010398
0 0.743960 0.455031 0.015181 0.011728
0 0.726931 0.510901 0.017787 0.014685
0 0.301190 0.371011 0.017934 0.014913
0 0.491026 0.308489 0.014112 0.010778
0 0.667022 0.316341 0.015901 0.012794
0 0.848868 0.682306 0.018820 0.015012
0 0.617466 0.459608 0.015398 0.011823
0 0.764204 0.529030 0.018505 0.013056
0 0.692785 0.395147 0.015548 0.011963
0 0.711691 0.335308 0.015893 0.011925
0 0.794325 0.538314 0.016483 0.013015
0 0.579998 0.571803 0.015015 0.011210
0 0.549048 0.768705 0.016976 0.012787
0 0.723704 0.377668 0.016112 0.012139
0 0.693462 0.615420 0.013428 0.010264
0 0.626674 0.697350 0.011576 0.010067
0 0.408638 0.556699 0.012038 0.009724
0 0.820737 0.524684 0.014707 0.011195
0 0.608860 0.300264 0.013295 0.010269
0 0.545286 0.332286 0.016969 0.012857
0 0.563535 0.537189 0.015424 0.011515
0 0.678305 0.753381 0.020942 0.016383
0 0.824368 0.376008 0.014995 0.011755
0 0.795984 0.452529 0.013274 0.010214
0 0.765754 0.283770 0.019221 0.012612
0 0.448701 0.655148 0.014197 0.010642
0 0.512389 0.732656 0.019132 0.015214
0 0.585382 0.376994 0.013813 0.011769
0 0.552694 0.611934 0.013070 0.009299
0 0.377704 0.416797 0.014995 0.010163
0 0.515421 0.626726 0.012870 0.010407
0 0.772690 0.652016 0.013634 0.010002
0 0.863824 0.383511 0.014366 0.010985
0 0.495713 0.470538 0.015233 0.011649
0 0.755306 0.617572 0.014770 0.011246
0 0.405611 0.740617 0.014741 0.011149
0 0.568360 0.458724 0.016544 0.012838
0 0.773504 0.496270 0.015171 0.011418
0 0.450699 0.505456 0.012522 0.009718
0 0.564935 0.483205 0.013709 0.009269
0 0.753615 0.496672 0.014932 0.011358
0 0.810947 0.552094 0.014813 0.010910
0 0.791311 0.628452 0.017621 0.011832
0 0.768757 0.735628 0.017109 0.013152
0 0.528312 0.415856 0.013642 0.010226
0 0.841604 0.596064 0.018285 0.013843
0 0.921971 0.369393 0.017415 0.013038
0 0.309461 0.480703 0.012300 0.009705
0 0.328897 0.391192 0.013676 0.010139
0 0.886505 0.598732 0.012588 0.010055
0 0.430157 0.717990 0.017278 0.013710
0 0.535099 0.648990 0.013921 0.009200
0 0.697493 0.276859 0.013303 0.010488
0 0.594095 0.691107 0.011285 0.009665
0 0.717637 0.607880 0.014757 0.011785
0 0.598754 0.660017 0.012636 0.009887
0 0.793916 0.603876 0.015070 0.010823
0 0.816079 0.630157 0.015149 0.011322
0 0.429831 0.599448 0.011564 0.008620
0 0.419811 0.344448 0.019114 0.013775
0 0.439382 0.357824 0.012346 0.008405
0 0.618622 0.238457 0.013564 0.010507
0 0.761457 0.376818 0.022149 0.014168
0 0.440252 0.382352 0.012292 0.008970
0 0.870447 0.401205 0.012951 0.009613
0 0.400391 0.583071 0.011327 0.009204
0 0.357793 0.476163 0.014639 0.012124
0 0.735640 0.636630 0.018711 0.013120
0 0.867926 0.435598 0.016464 0.013705
0 0.297297 0.459627 0.015689 0.010105
0 0.809864 0.483477 0.015332 0.011527
0 0.666100 0.279186 0.013576 0.010871
0 0.638882 0.438644 0.014323 0.009905
0 0.592248 0.445245 0.014967 0.011716
0 0.594020 0.784755 0.021289 0.013878
0 0.672084 0.711030 0.012939 0.009108
0 0.399836 0.603209 0.012033 0.009387
0 0.569912 0.685060 0.011950 0.008832
0 0.815039 0.583818 0.015050 0.011210
0 0.909439 0.561894 0.012116 0.009331
0 0.426389 0.436960 0.014177 0.010488
0 0.798719 0.407265 0.016016 0.013052
0 0.927104 0.540030 0.012245 0.009136
0 0.835292 0.563587 0.013443 0.011475
0 0.833971 0.286008 0.014487 0.012582
0 0.694575 0.308196 0.018670 0.013525
0 0.601717 0.711242 0.012656 0.008810
0 0.582731 0.411799 0.013641 0.009484
0 0.628036 0.647539 0.012886 0.010082
0 0.380186 0.688392 0.014102 0.010436
0 0.746672 0.757453 0.020380 0.012663
0 0.725960 0.261348 0.014619 0.013685
0 0.295647 0.416602 0.014038 0.011038
0 0.616972 0.269730 0.011635 0.009367
0 0.575805 0.731423 0.014918 0.011218
0 0.492995 0.651386 0.014111 0.011014
0 0.413590 0.391078 0.013816 0.011247
0 0.403162 0.324547 0.014266 0.011157
0 0.393344 0.515209 0.012810 0.009210
1 0.296399 0.531376 0.045939 0.032314
0 0.571186 0.323436 0.016838 0.013358
0 0.502367 0.279190 0.015862 0.015584
0 0.685652 0.361742 0.021674 0.011452
0 0.639041 0.342255 0.012898 0.010221
0 0.549340 0.294155 0.013656 0.010909
0 0.479819 0.519836 0.013031 0.011046
0 0.570075 0.752168 0.016540 0.012054
0 0.327028 0.507651 0.011891 0.009023
0 0.750998 0.728161 0.017002 0.012398
0 0.374067 0.588451 0.012140 0.008764
0 0.624197 0.666867 0.012121 0.009635
0 0.532782 0.473384 0.013811 0.010637
0 0.871815 0.543671 0.014602 0.013327
0 0.551530 0.417020 0.012593 0.008400
0 0.465204 0.427531 0.014258 0.010668
0 0.423533 0.571572 0.011825 0.008990
0 0.497320 0.440893 0.016543 0.011127
0 0.783080 0.352988 0.018428 0.016839
0 0.893700 0.529773 0.011999 0.010793
0 0.592274 0.285758 0.014372 0.011096
0 0.604432 0.756190 0.017910 0.015183
0 0.405514 0.364767 0.013134 0.009571
0 0.579871 0.598696 0.014058 0.013264
0 0.441297 0.289863 0.014746 0.011062
0 0.543210 0.397262 0.016618 0.011231
0 0.818043 0.354900 0.012725 0.009647
0 0.856290 0.474191 0.012495 0.009306
0 0.884682 0.484057 0.010784 0.008815
0 0.655933 0.358469 0.012395 0.009063
0 0.600629 0.335157 0.018012 0.011708
0 0.949229 0.473499 0.012937 0.009982
0 0.750912 0.683451 0.016694 0.011865
0 0.926658 0.589167 0.012387 0.009153
0 0.624014 0.523284 0.012177 0.011056
0 0.706929 0.647710 0.015057 0.011339
0 0.540891 0.746110 0.016837 0.014735
0 0.432022 0.629959 0.011017 0.008656
0 0.522369 0.550872 0.015082 0.011317
0 0.601825 0.392296 0.012187 0.009642
0 0.404097 0.403892 0.013550 0.009666
0 0.724515 0.350853 0.014140 0.010108
0 0.340655 0.493251 0.013759 0.009039
0 0.510102 0.698317 0.011886 0.009819
0 0.247400 0.456518 0.017164 0.014995
0 0.667877 0.654707 0.017758 0.010288
0 0.531142 0.280097 0.013375 0.010140
0 0.532044 0.374406 0.013875 0.012442
0 0.796847 0.341677 0.013626 0.010683
0 0.616296 0.631958 0.011588 0.009600
0 0.762438 0.759873 0.017725 0.012001
0 0.588930 0.624246 0.012377 0.009561
0 0.899568 0.414868 0.012848 0.011028
0 0.661633 0.453375 0.013747 0.011073
0 0.860939 0.527888 0.010947 0.008952
0 0.536393 0.593966 0.012756 0.011076
0 0.437510 0.681587 0.012274 0.011228
0 0.498501 0.385044 0.016852 0.011225
0 0.481842 0.627130 0.015491 0.011435
0 0.402853 0.486806 0.013544 0.010122
0 0.479070 0.692556 0.012843 0.012088
0 0.341190 0.530794 0.013379 0.012253
0 0.606964 0.598872 0.014168 0.010970
0 0.519752 0.505842 0.018268 0.012157
0 0.384633 0.308295 0.014706 0.011528
0 0.478947 0.507601 0.013130 0.011375
0 0.586135 0.475967 0.012925 0.009926
0 0.902647 0.492467 0.011631 0.008833
0 0.419218 0.664999 0.012524 0.009789
0 0.326654 0.430378 0.011150 0.008933
0 0.686600 0.337952 0.012665 0.009247
0 0.676671 0.291005 0.013027 0.010536
0 0.614981 0.432972 0.013321 0.010413
0 0.839187 0.421592 0.014970 0.014669
0 0.468920 0.667888 0.012013 0.008833
0 0.495475 0.584989 0.012142 0.009300
0 0.610789 0.330689 0.015065 0.011769
0 0.276792 0.385230 0.014836 0.012863
0 0.368610 0.323651 0.015520 0.012554
0 0.395852 0.639179 0.012595 0.010697
0 0.899039 0.515041 0.012802 0.010072
0 0.923282 0.462098 0.012422 0.009588
0 0.699591 0.689123 0.014702 0.011898
0 0.382961 0.439891 0.012004 0.009629
0 0.352466 0.447375 0.013854 0.011394
0 0.646158 0.399696 0.016677 0.013398
0 0.561004 0.516910 0.015235 0.010848
0 0.540839 0.687646 0.015668 0.009380
0 0.804097 0.499875 0.013269 0.009334
0 0.279711 0.579952 0.014113 0.011437
0 0.535295 0.710956 0.014154 0.010694
0 0.475278 0.405554 0.017847 0.011141
0 0.330459 0.451295 0.011861 0.008681
0 0.301127 0.394184 0.013792 0.010564
0 0.979097 0.501724 0.013047 0.011399
0 0.752445 0.350031 0.020099 0.012135
0 0.338390 0.319490 0.015315 0.013463
0 0.969193 0.523628 0.017004 0.010956
0 0.693176 0.726067 0.018653 0.012842
0 0.816117 0.411460 0.016039 0.012450
0 0.676728 0.679360 0.013719 0.009673
0 0.322134 0.343677 0.016420 0.013774
0 0.461526 0.450533 0.012196 0.010446
0 0.703700 0.740937 0.015187 0.014306
0 0.546974 0.263660 0.013777 0.010321
0 0.948381 0.556378 0.013358 0.010207
0 0.375810 0.361372 0.021983 0.012264
0 0.434435 0.319795 0.015511 0.014323
0 0.657287 0.798503 0.018267 0.013719
0 0.477365 0.590202 0.014346 0.010415
0 0.348776 0.715109 0.014650 0.011093
0 0.900522 0.659835 0.017629 0.014491
0 0.723691 0.673004 0.012627 0.010437
0 0.630562 0.361081 0.012585 0.009760
0 0.607751 0.409017 0.012925 0.010448
0 0.280428 0.431734 0.012615 0.009105
0 0.558338 0.717075 0.013461 0.012541
0 0.394374 0.673493 0.016344 0.011024
0 0.524644 0.303786 0.013414 0.014003
0 0.421358 0.704753 0.014823 0.010480
0 0.950266 0.598358 0.015640 0.012004
0 0.990742 0.482495 0.011424 0.008901
0 0.452528 0.338830 0.013255 0.012600
0 0.323358 0.575110 0.018489 0.010555
0 0.553524 0.572321 0.015010 0.010038
0 0.532519 0.442522 0.013539 0.012593
0 0.882017 0.500212 0.010892 0.008977
0 0.569108 0.263429 0.011333 0.009274
0 0.417815 0.499867 0.011406 0.008428
0 0.609829 0.253289 0.015027 0.011619
0 0.614684 0.614196 0.013538 0.012821
0 0.978435 0.453710 0.015197 0.012404
0 0.727975 0.267353 0.015465 0.012610
0 0.385735 0.341154 0.013441 0.009474
0 0.334891 0.681081 0.014313 0.010920
0 0.654632 0.442553 0.015485 0.010490
0 0.596492 0.645135 0.010873 0.009297
0 0.573979 0.228487 0.011959 0.009613
0 0.320715 0.571256 0.015301 0.011295
1 0.444340 0.260426 0.036630 0.028764
0 0.574688 0.275430 0.010454 0.010843
0 0.567859 0.385592 0.013110 0.010711
0 0.531816 0.355688 0.017628 0.011438
0 0.261044 0.409480 0.017619 0.013266
0 0.451309 0.332343 0.013243 0.018386
0 0.378798 0.461140 0.013404 0.010964
0 0.523361 0.566296 0.010957 0.009835
0 0.581520 0.795591 0.018463 0.012955
0 0.902664 0.453393 0.012346 0.008841
0 0.293310 0.441685 0.012783 0.008999
0 0.480674 0.688632 0.012617 0.013820
0 0.979234 0.548829 0.013796 0.010060
0 0.549238 0.665690 0.011787 0.008957
0 0.835916 0.446618 0.016458 0.014366
0 0.372232 0.525644 0.014045 0.012407
0 0.317077 0.625132 0.013718 0.013649
0 0.478127 0.253675 0.015159 0.011724
0 0.568793 0.309785 0.012833 0.013636
0 0.938549 0.512554 0.012326 0.010715
0 0.503850 0.718192 0.014528 0.010115
0 0.746744 0.685566 0.016044 0.011320
0 0.334522 0.669974 0.014586 0.011065
0 0.327852 0.576972 0.015420 0.009862
0 0.363026 0.366624 0.017508 0.011054
0 0.645306 0.391640 0.014035 0.012278
0 0.314958 0.548319 0.012438 0.009210
0 0.419291 0.474577 0.011609 0.010790
0 0.243720 0.515628 0.014308 0.012268
0 0.462715 0.396065 0.012504 0.008509
0 0.288461 0.556265 0.013444 0.012267
0 0.529427 0.252292 0.016764 0.013803
0 0.300544 0.595445 0.011279 0.008627
0 0.518538 0.258411 0.016022 0.012124
0 0.417725 0.292031 0.019227 0.013325
0 0.679207 0.517897 0.012223 0.012878
0 0.700374 0.377116 0.013835 0.011788
0 0.352565 0.594920 0.011409 0.009819
0 0.527693 0.525364 0.014271 0.009568
0 0.542501 0.522199 0.018400 0.010255
0 0.659090 0.447912 0.017645 0.018406
0 0.766714 0.257332 0.016200 0.011602
0 0.952489 0.417690 0.032838 0.021234
0 0.842820 0.471188 0.018374 0.008840
1 0.368751 0.637821 0.028005 0.021004