0 0.711097 0.374811 0.019810 0.014900
0 0.587303 0.678642 0.014155 0.014304
0 0.796861 0.541735 0.015630 0.011560
0 0.738071 0.529480 0.017397 0.012961
0 0.794359 0.408825 0.016492 0.013173
0 0.891504 0.492143 0.017065 0.013032
0 0.470767 0.489399 0.020403 0.014155
0 0.806834 0.585616 0.016764 0.012109
0 0.613553 0.422070 0.018605 0.015165
0 0.493041 0.413881 0.016268 0.010081
0 0.756484 0.438463 0.020350 0.014228
0 0.801226 0.742945 0.019712 0.014212
0 0.554978 0.447628 0.016005 0.013323
0 0.659502 0.682637 0.017472 0.013409
0 0.319213 0.734121 0.018490 0.014584
0 0.438752 0.536694 0.016032 0.012982
0 0.706770 0.709146 0.018931 0.016531
0 0.747835 0.658448 0.015386 0.010405
0 0.250198 0.639938 0.013007 0.009625
0 0.535317 0.678172 0.015245 0.011836
0 0.697688 0.603166 0.016557 0.012079
0 0.395099 0.502906 0.012904 0.009698
0 0.429597 0.612846 0.015403 0.010059
0 0.648429 0.747269 0.018225 0.013795
0 0.600191 0.570065 0.016441 0.010987
0 0.321089 0.646914 0.013234 0.012964
0 0.429113 0.478774 0.014306 0.011416
0 0.571607 0.569387 0.015415 0.013947
0 0.869298 0.444425 0.014826 0.011943
0 0.410769 0.471853 0.015292 0.011455
0 0.421908 0.556412 0.015637 0.010292
0 0.411751 0.676604 0.015254 0.010289
0 0.671882 0.397258 0.020997 0.020042
0 0.553730 0.663477 0.014310 0.010713
0 0.402657 0.845950 0.016275 0.013573
0 0.490142 0.630423 0.016081 0.011727
0 0.793467 0.714317 0.019240 0.013373
0 0.586786 0.733311 0.016398 0.012982
0 0.829081 0.654716 0.014283 0.011351
0 0.835485 0.696265 0.017342 0.013409
0 0.613790 0.717194 0.016823 0.012139
0 0.569543 0.537077 0.018757 0.014522
0 0.507216 0.901622 0.029601 0.020660
0 0.496467 0.450859 0.015641 0.012216
0 0.712048 0.630811 0.015220 0.011282
0 0.622222 0.609829 0.016874 0.013145
0 0.421912 0.414360 0.018228 0.014089
0 0.471293 0.675030 0.014860 0.012105
0 0.377150 0.777832 0.013495 0.010068
0 0.428113 0.576013 0.015167 0.013204
0 0.477586 0.647479 0.014607 0.010471
0 0.363380 0.727434 0.013779 0.010224
0 0.597243 0.625279 0.015573 0.015020
0 0.687251 0.733954 0.021892 0.018606
0 0.456252 0.550420 0.018515 0.012171
0 0.376524 0.545756 0.011661 0.008529
0 0.328684 0.422415 0.019669 0.014748
0 0.571149 0.635264 0.015687 0.013669
0 0.614299 0.682325 0.017753 0.012365
0 0.415655 0.626944 0.015821 0.010986
0 0.478227 0.571889 0.015390 0.012217
0 0.669895 0.721772 0.013569 0.011276
0 0.470329 0.615382 0.014757 0.013147
0 0.371931 0.421480 0.012630 0.009039
0 0.595654 0.713225 0.014625 0.010275
0 0.765622 0.605561 0.016013 0.010405
0 0.737567 0.452123 0.016958 0.013945
0 0.403991 0.529211 0.015598 0.009962
0 0.766594 0.722742 0.016999 0.013066
0 0.322665 0.557302 0.011949 0.008636
0 0.737666 0.601479 0.014301 0.010257
0 0.572631 0.702521 0.016989 0.011950
0 0.309599 0.532503 0.018057 0.014456
0 0.298267 0.660679 0.014728 0.012346
0 0.660395 0.766141 0.020960 0.015242
0 0.287405 0.624923 0.012725 0.009060
0 0.336050 0.671294 0.014507 0.010813
0 0.350690 0.491634 0.015522 0.013070
0 0.547790 0.625998 0.015371 0.012087
0 0.479115 0.732348 0.020365 0.014269
0 0.307973 0.678447 0.014781 0.010261
0 0.429441 0.683216 0.015281 0.011637
0 0.518894 0.562264 0.018065 0.013760
0 0.395351 0.448123 0.012912 0.008751
0 0.916522 0.516409 0.015360 0.009567
0 0.269382 0.599066 0.011027 0.009008
0 0.552204 0.554868 0.017868 0.012065
0 0.519889 0.427542 0.013563 0.008593
0 0.465991 0.523883 0.017451 0.013121
0 0.480836 0.553435 0.015408 0.011390
0 0.669238 0.633514 0.016580 0.015159
0 0.638396 0.385793 0.017805 0.016857
0 0.813334 0.666546 0.014347 0.009664
0 0.783748 0.591208 0.015961 0.011109
0 0.327901 0.707839 0.013617 0.008943
0 0.887595 0.460409 0.011986 0.008545
0 0.403155 0.384136 0.012988 0.010365
0 0.387667 0.658039 0.013582 0.012157
0 0.368088 0.608902 0.015487 0.011809
0 0.808389 0.429104 0.021372 0.010075
0 0.589785 0.463688 0.017325 0.012377
0 0.779657 0.622418 0.013211 0.009753
0 0.378001 0.495907 0.014151 0.009419
0 0.395230 0.605552 0.014306 0.011379
0 0.461377 0.436812 0.020012 0.017207
0 0.892031 0.595351 0.022074 0.009805
0 0.364611 0.590407 0.016288 0.013543
0 0.735718 0.681363 0.018193 0.012317
0 0.232629 0.571604 0.011378 0.008963
0 0.368114 0.568699 0.015062 0.011496
0 0.343268 0.652236 0.013962 0.011467
0 0.270641 0.652401 0.013392 0.010301
0 0.872029 0.464646 0.013822 0.010200
0 0.337379 0.752305 0.015097 0.009939
0 0.801844 0.427893 0.020873 0.011394
0 0.438417 0.397047 0.011169 0.010495
0 0.453291 0.407795 0.017787 0.012747
0 0.295816 0.588736 0.011403 0.010699
0 0.487943 0.684691 0.012619 0.009728
0 0.478564 0.507188 0.016168 0.009097
0 0.801066 0.645547 0.015527 0.010395
0 0.738042 0.629618 0.012046 0.007387
0 0.860655 0.623785 0.016164 0.008634
0 0.861011 0.667895 0.014886 0.009195
0 0.189071 0.615106 0.013786 0.010997
0 0.526018 0.692098 0.014273 0.009989
0 0.276985 0.772341 0.016298 0.011262
0 0.375121 0.382149 0.010488 0.009602
0 0.249198 0.662911 0.010806 0.007486
0 0.593200 0.590303 0.022264 0.013073
0 0.289041 0.740365 0.009387 0.008239
0 0.787646 0.608416 0.013856 0.009370
0 0.273433 0.527670 0.012365 0.010375
0 0.246472 0.691263 0.009144 0.007939
0 0.834660 0.414921 0.014293 0.011878
0 0.889185 0.660112 0.012175 0.007396
0 0.493325 0.746306 0.015130 0.012326
0 0.315935 0.578652 0.011925 0.008411
0 0.878544 0.644892 0.013480 0.008844
0 0.545160 0.588787 0.011165 0.009088
0 0.306714 0.820016 0.011923 0.007740
0 0.561484 0.922955 0.023488 0.017038
0 0.448079 0.797946 0.017460 0.015193
0 0.874549 0.648149 0.015782 0.009567
0 0.343219 0.505079 0.015358 0.011864
0 0.818355 0.460401 0.013805 0.009203
0 0.490654 0.742649 0.019926 0.016240
0 0.403874 0.425809 0.015453 0.013459
0 0.655427 0.760030 0.020350 0.021158
0 0.481491 0.645243 0.014575 0.013147
0 0.861112 0.794855 0.012891 0.008605
1 0.228482 0.512911 0.048513 0.042254