0 0.535767 0.736015 0.024025 0.018457
0 0.477965 0.698295 0.020621 0.017991
0 0.432857 0.772652 0.024936 0.019732
0 0.318447 0.520364 0.021245 0.016509
0 0.594501 0.486306 0.023303 0.017884
0 0.594181 0.659074 0.028684 0.020599
0 0.528581 0.696134 0.019183 0.014557
0 0.191110 0.557804 0.016820 0.014686
0 0.361803 0.748634 0.018836 0.013709
0 0.635662 0.485845 0.020958 0.015943
0 0.361010 0.439400 0.020909 0.015759
0 0.683237 0.607062 0.026215 0.016844
0 0.419329 0.701918 0.018316 0.014720
0 0.309113 0.582390 0.018377 0.015891
0 0.454071 0.664292 0.022370 0.020018
0 0.431566 0.408320 0.025747 0.018490
0 0.456176 0.570429 0.018206 0.014348
0 0.282252 0.633537 0.017995 0.015392
0 0.260061 0.463056 0.017608 0.014752
0 0.291863 0.899574 0.021951 0.017746
0 0.686650 0.676641 0.024403 0.018117
0 0.327286 0.445374 0.017495 0.013820
0 0.752946 0.547219 0.016954 0.014275
0 0.529917 0.436679 0.024141 0.019616
0 0.704951 0.677680 0.029031 0.017311
0 0.317306 0.470254 0.030389 0.030882
0 0.241496 0.911181 0.019494 0.015480
0 0.700225 0.497244 0.021617 0.017877
0 0.617107 0.620485 0.017492 0.014715
0 0.311108 0.651329 0.023049 0.018387
0 0.332481 0.760345 0.019756 0.014537
0 0.214374 0.493050 0.016853 0.014422
0 0.688832 0.475033 0.023880 0.018183
0 0.435494 0.588211 0.018104 0.015136
0 0.404977 0.758469 0.018211 0.014215
0 0.266058 0.769851 0.018647 0.018100
0 0.528215 0.498170 0.018569 0.015431
0 0.340781 0.949571 0.029444 0.023770
0 0.313893 0.696336 0.018536 0.015703
0 0.279379 0.700936 0.028797 0.022351