0 0.509664 0.410852 0.018148 0.014539
0 0.444062 0.272338 0.019154 0.015093
0 0.280910 0.346918 0.018074 0.013817
0 0.515781 0.210907 0.017997 0.014190
0 0.256639 0.374751 0.017689 0.013209
0 0.560464 0.458082 0.016857 0.012482
0 0.579157 0.123430 0.016990 0.013725
0 0.673105 0.473766 0.017830 0.013134
0 0.789669 0.441079 0.017665 0.013383
0 0.311608 0.383626 0.017846 0.013473
0 0.316556 0.193943 0.016087 0.013115
0 0.494771 0.503424 0.019539 0.013943
0 0.610484 0.170317 0.018722 0.015208
0 0.715978 0.467679 0.016158 0.012067
0 0.397639 0.238145 0.018586 0.014272
0 0.806882 0.302836 0.017812 0.013650
0 0.713482 0.173613 0.018605 0.013656
0 0.454637 0.208868 0.018385 0.014543
0 0.371286 0.518492 0.018070 0.013782
0 0.835465 0.343261 0.015738 0.012698
0 0.636078 0.494157 0.016955 0.013048
0 0.764617 0.490880 0.018402 0.013284
0 0.657663 0.610033 0.022807 0.017252
0 0.556624 0.388508 0.015858 0.011766
0 0.376738 0.585482 0.020882 0.014759
0 0.507897 0.261751 0.019028 0.014523
0 0.681827 0.415108 0.016641 0.012600
0 0.497828 0.361216 0.015715 0.011244
0 0.795549 0.235486 0.017237 0.012847
0 0.381333 0.173392 0.015091 0.012792
1 0.738018 0.384438 0.063764 0.050015
0 0.242196 0.294175 0.016821 0.013427
0 0.610740 0.429010 0.016900 0.012459
0 0.258066 0.284053 0.016545 0.012677
0 0.306484 0.437900 0.017454 0.012985
0 0.342091 0.276425 0.016421 0.013005
0 0.771701 0.260876 0.015341 0.011576
0 0.582543 0.403687 0.018181 0.014079
0 0.716470 0.201872 0.016316 0.013612
0 0.614004 0.288436 0.017554 0.013208
0 0.485483 0.102323 0.014160 0.013194
0 0.800850 0.356246 0.016013 0.012676
0 0.443556 0.578837 0.019543 0.015411
0 0.353369 0.129712 0.016122 0.011864
0 0.193336 0.273373 0.016506 0.012791
0 0.552652 0.417972 0.014807 0.010995
0 0.223765 0.266648 0.015246 0.012016
0 0.426957 0.491587 0.015375 0.011932
0 0.595390 0.505609 0.017128 0.012863
0 0.420577 0.434396 0.015991 0.011846
0 0.341792 0.412567 0.015110 0.011714
0 0.390658 0.425492 0.018608 0.016543
0 0.633159 0.413618 0.016786 0.014319
0 0.626587 0.253153 0.016907 0.014286
0 0.467892 0.467461 0.016182 0.013118
0 0.714172 0.526306 0.017793 0.013775
1 0.564092 0.499814 0.049604 0.040241
0 0.333773 0.148396 0.014944 0.013017
1 0.438544 0.182936 0.040209 0.029378
0 0.429001 0.089734 0.016162 0.014815
0 0.412468 0.523473 0.018124 0.013779
0 0.827837 0.233451 0.019169 0.015398
1 0.538048 0.146866 0.044502 0.034657
0 0.792519 0.537178 0.015228 0.011199
0 0.533849 0.171570 0.017461 0.012804
0 0.442523 0.352891 0.016576 0.012937
0 0.607211 0.318234 0.017084 0.013975
0 0.764561 0.333055 0.013334 0.010260
0 0.472786 0.480405 0.015203 0.013198
0 0.558210 0.079077 0.012581 0.011707
0 0.336506 0.502333 0.014938 0.011442
0 0.290378 0.133320 0.013594 0.011888
0 0.847609 0.395757 0.013935 0.010925
0 0.310451 0.572298 0.018255 0.014195
0 0.177709 0.399639 0.017515 0.012312
0 0.895990 0.346157 0.015619 0.011063
0 0.552391 0.579130 0.023769 0.017987
0 0.572904 0.636952 0.026375 0.019460
0 0.826632 0.473658 0.015610 0.012104
0 0.401032 0.521480 0.018229 0.012511
0 0.685628 0.384192 0.016280 0.013332
0 0.824396 0.361986 0.014149 0.010546
0 0.320811 0.578167 0.017674 0.014054