0 0.543457 0.335579 0.013803 0.010601
0 0.456532 0.489981 0.015921 0.012313
0 0.507567 0.297942 0.015758 0.012550
0 0.416430 0.532279 0.018353 0.012553
0 0.757969 0.716033 0.019729 0.014930
0 0.518284 0.546232 0.013655 0.010683
0 0.824149 0.662813 0.017360 0.013223
0 0.741744 0.347466 0.015220 0.011952
0 0.606868 0.704829 0.015480 0.012300
0 0.578319 0.715930 0.017855 0.013825
0 0.825685 0.633700 0.017435 0.013323
0 0.410613 0.287392 0.016232 0.012277
0 0.629647 0.367940 0.013898 0.010654
0 0.742283 0.513034 0.013665 0.011407
0 0.446830 0.564414 0.013612 0.011236
0 0.596747 0.590936 0.014655 0.011516
0 0.464165 0.285663 0.017956 0.012857
0 0.776591 0.372376 0.014464 0.011099
0 0.514090 0.445054 0.013923 0.010894
0 0.476345 0.441164 0.013859 0.011916
0 0.452333 0.648531 0.014916 0.010843
0 0.294654 0.373410 0.020655 0.016090
0 0.321253 0.505515 0.018569 0.015380
0 0.431597 0.778799 0.017527 0.012694
0 0.511943 0.467951 0.013475 0.010282
0 0.623320 0.476948 0.014489 0.010421
0 0.418247 0.728815 0.014578 0.011876
0 0.676009 0.471658 0.013955 0.010878
0 0.554650 0.635519 0.012881 0.009973
0 0.866432 0.607222 0.015833 0.012171
0 0.673400 0.574103 0.014821 0.011215
0 0.355255 0.496425 0.017749 0.012950
0 0.879930 0.645157 0.014860 0.010772
0 0.780857 0.580233 0.015501 0.011575
0 0.417122 0.456954 0.015299 0.011262
0 0.377578 0.563627 0.015425 0.012703
0 0.556571 0.742684 0.017955 0.014628
0 0.381947 0.602966 0.013415 0.010894
0 0.431350 0.439097 0.014944 0.011264
0 0.730837 0.288031 0.017180 0.013496
0 0.882725 0.334648 0.016242 0.013334
0 0.815090 0.430815 0.014734 0.011128
0 0.649405 0.591898 0.014212 0.011097
0 0.316761 0.441652 0.013951 0.011161
0 0.794998 0.711413 0.017190 0.012174
0 0.518496 0.379846 0.017977 0.013492
0 0.493847 0.377723 0.015920 0.013042
0 0.436393 0.258392 0.016458 0.012399
0 0.773473 0.692297 0.019543 0.016452
0 0.536327 0.399543 0.015413 0.011631
0 0.565660 0.294358 0.012778 0.009823
0 0.781424 0.491817 0.015205 0.011406
0 0.606241 0.510738 0.013827 0.011757
0 0.586972 0.239443 0.012847 0.010550
0 0.828872 0.709225 0.015658 0.011738
0 0.273556 0.497586 0.016707 0.014124
0 0.469660 0.729399 0.016792 0.013186
0 0.917737 0.638707 0.014545 0.010968
0 0.934539 0.606753 0.012696 0.010284
0 0.700939 0.798828 0.017685 0.012917
0 0.333838 0.377875 0.020352 0.015375
0 0.541593 0.281860 0.018202 0.012281
0 0.581883 0.391481 0.014969 0.010722
0 0.302991 0.612081 0.014882 0.011241
0 0.860482 0.555605 0.012198 0.009521
0 0.746273 0.263939 0.015355 0.011258
0 0.350077 0.593736 0.012910 0.010144
0 0.545288 0.308295 0.013295 0.010053
0 0.737535 0.789265 0.018684 0.013025
0 0.854753 0.655461 0.015389 0.011292
0 0.451584 0.591579 0.012147 0.009540
0 0.563262 0.264885 0.012663 0.010172
0 0.685326 0.539116 0.013134 0.009967
0 0.244014 0.393745 0.017631 0.013991
0 0.661197 0.809904 0.023632 0.019789
0 0.720284 0.333140 0.016110 0.011602
0 0.887399 0.307050 0.018361 0.012576
0 0.534988 0.255195 0.013756 0.010318
0 0.898801 0.596440 0.012335 0.009649
0 0.377954 0.734789 0.014977 0.011640
0 0.832850 0.356088 0.016989 0.013227
0 0.455240 0.237074 0.017379 0.014452
0 0.889887 0.702494 0.014822 0.010799
0 0.820830 0.732270 0.021139 0.013636
0 0.506451 0.569755 0.013127 0.009462
0 0.835506 0.464638 0.015783 0.012204
0 0.670181 0.358557 0.012300 0.009626
0 0.405971 0.573431 0.013412 0.010523
0 0.479887 0.516942 0.013989 0.010297
0 0.334523 0.686116 0.014138 0.010354
0 0.913304 0.555055 0.013285 0.009847
0 0.524073 0.716583 0.015575 0.011455
0 0.278009 0.624547 0.014735 0.011344
0 0.402117 0.751634 0.015209 0.010967
0 0.849509 0.331077 0.014819 0.011896
0 0.707403 0.447025 0.017344 0.010256
0 0.857787 0.719298 0.014502 0.011023
0 0.662175 0.250340 0.015840 0.011584
0 0.666744 0.318052 0.015493 0.012701
0 0.445656 0.714558 0.014558 0.011667
0 0.629031 0.396762 0.012891 0.009548
0 0.838729 0.310181 0.015876 0.011508
0 0.893485 0.482676 0.013824 0.011339
0 0.337914 0.659334 0.015231 0.011464
0 0.593996 0.439806 0.015401 0.011468
0 0.441618 0.664190 0.014620 0.012051
0 0.376370 0.509991 0.017166 0.013568
0 0.564434 0.782799 0.019805 0.015060
0 0.805659 0.529045 0.015871 0.011364
0 0.563315 0.694842 0.016080 0.011958
0 0.534173 0.213695 0.013376 0.011048
0 0.934641 0.355474 0.017014 0.015387
0 0.656304 0.438647 0.016717 0.012504
0 0.912523 0.504357 0.012312 0.010035
0 0.773898 0.400506 0.013347 0.008931
0 0.586540 0.623132 0.015616 0.011793
0 0.658794 0.287830 0.017461 0.013253
0 0.702582 0.354699 0.012712 0.009859
0 0.479343 0.765006 0.018145 0.012915
0 0.571781 0.373216 0.015011 0.011894
0 0.812670 0.764897 0.015892 0.010876
0 0.961603 0.482078 0.014306 0.012343
0 0.751256 0.580586 0.015864 0.012594
0 0.232919 0.452452 0.014535 0.010915
0 0.736873 0.474476 0.013809 0.010603
0 0.551263 0.666332 0.013205 0.009520
0 0.573523 0.535991 0.012389 0.009035
0 0.655061 0.467713 0.013866 0.010308
0 0.567138 0.356376 0.012592 0.009650
0 0.480400 0.613910 0.014477 0.010729
0 0.598383 0.363140 0.012872 0.009818
0 0.460889 0.793980 0.019450 0.015149
0 0.958364 0.529648 0.017251 0.012421
0 0.657194 0.551081 0.016121 0.012093
0 0.946445 0.559485 0.013388 0.009922
0 0.457878 0.772060 0.016821 0.012070
0 0.719760 0.255304 0.016745 0.012786
0 0.809466 0.333275 0.015759 0.015097
0 0.227938 0.481153 0.017643 0.012597
0 0.876915 0.455648 0.012313 0.009220
0 0.588962 0.461278 0.015945 0.011178
0 0.517010 0.514736 0.012037 0.008903
0 0.518653 0.664847 0.013856 0.010381
0 0.512996 0.689605 0.016302 0.013122
0 0.486662 0.581809 0.012248 0.008502
0 0.967456 0.502894 0.012413 0.009561
0 0.784360 0.437598 0.016501 0.012351
0 0.850649 0.430970 0.013431 0.011530
0 0.288851 0.640606 0.013632 0.010105
0 0.484091 0.270524 0.018112 0.019591
0 0.697231 0.326167 0.014107 0.010288
0 0.476309 0.668409 0.014762 0.010485
0 0.642576 0.313302 0.014773 0.015680
0 0.968873 0.554995 0.013006 0.009540
0 0.834322 0.567832 0.013131 0.010558
0 0.565519 0.606870 0.015606 0.010074
1 0.452483 0.378511 0.040531 0.033125
0 0.707180 0.374168 0.012989 0.010493
0 0.728729 0.543534 0.014367 0.012578
0 0.776478 0.781117 0.015568 0.010631
0 0.636746 0.563076 0.013419 0.010671
0 0.693908 0.229346 0.012892 0.010570
0 0.656830 0.783717 0.020971 0.016258
0 0.486082 0.333088 0.019271 0.013013
0 0.412583 0.265312 0.015748 0.012177
0 0.237211 0.601147 0.014067 0.010910
0 0.703209 0.558547 0.012446 0.008550
0 0.500233 0.345537 0.014102 0.009327
0 0.604788 0.216157 0.012565 0.008921
0 0.663339 0.333776 0.014614 0.011528
0 0.577902 0.481716 0.014312 0.010256
0 0.425171 0.503037 0.017391 0.014949
0 0.606081 0.275537 0.014651 0.014597
0 0.693525 0.418793 0.014489 0.012754
0 0.401632 0.250075 0.015877 0.012844
0 0.964903 0.376192 0.020275 0.013282
0 0.881655 0.577593 0.013595 0.009216
0 0.900147 0.351430 0.013485 0.010306
0 0.896516 0.417758 0.013230 0.009478
0 0.987395 0.466236 0.014965 0.010647
0 0.611154 0.251957 0.014685 0.010209
0 0.547355 0.726717 0.016912 0.011758
0 0.714003 0.529864 0.014798 0.010454
0 0.747999 0.449828 0.014180 0.014038
0 0.561896 0.394707 0.015791 0.010093
0 0.923573 0.533935 0.012408 0.009050
0 0.372530 0.629305 0.018153 0.011829
0 0.835597 0.586374 0.014156 0.010174
0 0.493971 0.709814 0.015256 0.011440
0 0.738711 0.402428 0.013182 0.011244
0 0.862778 0.378929 0.016077 0.011978
0 0.838665 0.544271 0.013452 0.009679
0 0.604041 0.613253 0.013096 0.010947
0 0.630714 0.648750 0.015712 0.009735
0 0.864528 0.520998 0.013444 0.010102
0 0.532800 0.679628 0.013342 0.009956
0 0.318494 0.477271 0.014246 0.010797
0 0.209761 0.444604 0.017551 0.012139
0 0.938175 0.388138 0.021366 0.014937
0 0.647246 0.384426 0.017430 0.010148
0 0.843630 0.382391 0.013923 0.010345
0 0.771000 0.458848 0.015866 0.011204
0 0.293248 0.316002 0.020690 0.016007
0 0.522296 0.593903 0.013337 0.012076
0 0.381981 0.755117 0.015618 0.012026
0 0.253505 0.617622 0.015518 0.011734
0 0.492012 0.629349 0.012685 0.010437
0 0.904486 0.671106 0.015602 0.010981
0 0.717608 0.383151 0.013235 0.009140
0 0.483418 0.695945 0.012935 0.011228
0 0.454475 0.448586 0.014462 0.011216
0 0.290690 0.482721 0.016170 0.011446
0 0.369179 0.482397 0.017595 0.011603
0 0.396322 0.488893 0.018084 0.016859
0 0.620016 0.648853 0.015182 0.009760
0 0.915755 0.440020 0.012130 0.010174
0 0.567235 0.571079 0.019034 0.013741
0 0.543237 0.590450 0.012935 0.010146
0 0.937293 0.517633 0.014638 0.011803
0 0.855895 0.516485 0.014499 0.011333
0 0.909956 0.378778 0.013275 0.010190
0 0.197164 0.511950 0.016953 0.014961
0 0.636006 0.263922 0.017650 0.011021
0 0.281554 0.666387 0.014877 0.010400
0 0.913617 0.481175 0.011171 0.009383
0 0.302487 0.691374 0.013200 0.009951
0 0.898394 0.395429 0.015095 0.012322
0 0.765150 0.499440 0.013345 0.009629
0 0.500984 0.243975 0.021463 0.013431
0 0.538746 0.558196 0.013294 0.008113
0 0.478673 0.346547 0.015084 0.010867
0 0.821002 0.589286 0.013987 0.009401
0 0.676918 0.270886 0.017430 0.011221
0 0.552561 0.448715 0.011894 0.010734
0 0.693949 0.395198 0.020527 0.010407
0 0.727965 0.564021 0.012820 0.009577
0 0.607430 0.565788 0.012949 0.009839
0 0.518610 0.234378 0.014228 0.010648
0 0.846555 0.261422 0.015158 0.012921
0 0.498394 0.221018 0.013425 0.010983
0 0.620996 0.208620 0.013271 0.009720
0 0.915948 0.461179 0.011897 0.009758
0 0.213562 0.415688 0.015267 0.011302
0 0.607595 0.335116 0.016438 0.011779
0 0.619644 0.227899 0.012484 0.010397
0 0.827501 0.749648 0.017478 0.012326
0 0.709220 0.214390 0.015439 0.012469
0 0.508605 0.263788 0.014139 0.011471
0 0.872787 0.412507 0.015264 0.010970
0 0.556114 0.460902 0.013228 0.010458
0 0.933880 0.419212 0.013596 0.012083
0 0.469170 0.753356 0.020543 0.012308
0 0.591712 0.669757 0.022441 0.012080
0 0.955499 0.456214 0.015910 0.012078
0 0.778199 0.544144 0.012920 0.010216
0 0.439180 0.681563 0.013650 0.010454
0 0.658191 0.384875 0.015882 0.009496
0 0.352269 0.749278 0.014591 0.011064
0 0.458827 0.681129 0.013034 0.008991
0 0.360581 0.351637 0.014195 0.010851
0 0.835507 0.527024 0.013243 0.009726
0 0.606834 0.284423 0.013539 0.013101
0 0.886786 0.617125 0.014992 0.010267
0 0.238202 0.631825 0.015586 0.011003
0 0.576781 0.500748 0.018242 0.011413
0 0.842715 0.768773 0.016559 0.010688
0 0.396722 0.474186 0.015955 0.019634
0 0.743703 0.416382 0.010957 0.009113
0 0.552467 0.486627 0.014583 0.014309
0 0.594459 0.553938 0.014084 0.010522
0 0.795751 0.783581 0.016091 0.010282
0 0.483833 0.338336 0.018971 0.019045
0 0.683596 0.267038 0.017659 0.013360
0 0.610595 0.542529 0.010566 0.010973
0 0.500983 0.379029 0.033219 0.012836
0 0.979532 0.427507 0.015504 0.012974
0 0.912715 0.660337 0.016950 0.012162
0 0.599274 0.320241 0.014604 0.018919
0 0.760500 0.475809 0.013557 0.009495
0 0.818676 0.562742 0.014358 0.012889
0 0.486513 0.615044 0.021658 0.012255
0 0.539370 0.702445 0.014738 0.012295
0 0.580866 0.677832 0.014011 0.011048
0 0.695008 0.252670 0.014655 0.012342
0 0.203869 0.488707 0.016858 0.012932
0 0.493351 0.618519 0.014364 0.011612
0 0.836817 0.358678 0.016095 0.014304
0 0.602536 0.626752 0.013036 0.010872
0 0.751377 0.454081 0.022028 0.012239
0 0.551521 0.493205 0.014558 0.016621
0 0.758926 0.544028 0.014356 0.009597
0 0.267689 0.591980 0.016397 0.010968
0 0.555460 0.607804 0.014074 0.008469
0 0.893809 0.468316 0.012337 0.011454
0 0.936670 0.413091 0.013561 0.013044
0 0.460827 0.460302 0.012069 0.009195
0 0.599323 0.312127 0.013285 0.017484