0 0.491827 0.533387 0.017275 0.013088
1 0.783852 0.319567 0.052074 0.041644
0 0.709332 0.265116 0.014765 0.012407
0 0.167137 0.457652 0.017955 0.014783
0 0.182272 0.347992 0.015751 0.012543
0 0.152077 0.398621 0.016955 0.013562
0 0.427222 0.645336 0.025245 0.016422
1 0.215928 0.483555 0.048948 0.038188
1 0.541852 0.252153 0.047374 0.039814
0 0.591673 0.624240 0.020225 0.014914
0 0.807489 0.373990 0.015533 0.012393
1 0.388448 0.197600 0.073903 0.049636
0 0.746243 0.414060 0.014390 0.011202
0 0.511608 0.452159 0.015093 0.011423
0 0.751766 0.216742 0.015700 0.012319
0 0.330313 0.367979 0.017054 0.012816
0 0.412638 0.381165 0.014506 0.011784
1 0.442990 0.422595 0.045205 0.037827
0 0.348973 0.530647 0.014346 0.011250
0 0.457334 0.488182 0.012758 0.010740
0 0.409760 0.663354 0.025919 0.017928
0 0.454729 0.363712 0.023996 0.018333
0 0.488852 0.443683 0.018325 0.017714
0 0.285821 0.410721 0.015683 0.013297
0 0.462648 0.314548 0.016153 0.013279
0 0.392813 0.409492 0.014272 0.010669
0 0.690962 0.417137 0.014874 0.014087
0 0.175710 0.405151 0.013646 0.012951
0 0.202814 0.514362 0.013981 0.009449
0 0.091232 0.321985 0.017519 0.014934
0 0.482532 0.677714 0.025215 0.018824
0 0.346286 0.603696 0.016146 0.012064
1 0.472709 0.334025 0.043968 0.032141
0 0.509362 0.330282 0.014988 0.014235
0 0.689568 0.564816 0.016032 0.011765
0 0.482478 0.289525 0.014808 0.011773
0 0.332765 0.328566 0.016332 0.012762
0 0.281856 0.342662 0.017639 0.012041
0 0.475453 0.194369 0.015475 0.016560
0 0.535376 0.433119 0.016524 0.012893
0 0.577278 0.198479 0.017620 0.014670
0 0.687058 0.331908 0.015023 0.013034
0 0.437739 0.674841 0.027472 0.019618
0 0.491492 0.237870 0.018446 0.015563
0 0.229145 0.540858 0.014186 0.011262
1 0.217341 0.266673 0.049953 0.032269
0 0.730389 0.598745 0.014481 0.009851
0 0.391752 0.592086 0.013517 0.011370
0 0.774090 0.352611 0.010429 0.008606
0 0.277971 0.458099 0.013624 0.013200