0 0.330581 0.417874 0.014059 0.010360
0 0.523846 0.298057 0.015176 0.012042
0 0.360448 0.216951 0.017361 0.013919
0 0.338605 0.360616 0.017863 0.013340
0 0.318013 0.455342 0.012856 0.010371
0 0.829306 0.372338 0.018203 0.014018
0 0.340011 0.574741 0.015527 0.011126
0 0.746686 0.327659 0.016215 0.012303
0 0.437508 0.619375 0.017421 0.013174
0 0.347773 0.321300 0.015986 0.012409
1 0.274472 0.442047 0.046082 0.042360
0 0.382515 0.394093 0.015769 0.011802
0 0.246654 0.275482 0.012906 0.010144
0 0.571672 0.312977 0.015646 0.013112
0 0.283675 0.498646 0.013442 0.010847
1 0.502757 0.556095 0.046693 0.033865
0 0.534642 0.391664 0.017248 0.013234
0 0.703924 0.322952 0.017921 0.014520
0 0.414515 0.628718 0.018606 0.013693
0 0.320093 0.116103 0.016414 0.012964
0 0.318088 0.283653 0.014780 0.012492
0 0.449664 0.404130 0.016309 0.013849
0 0.479594 0.234701 0.016899 0.012921
1 0.793832 0.529318 0.051806 0.038058
0 0.649325 0.267826 0.014667 0.011873
0 0.329206 0.305587 0.014672 0.011095
0 0.386546 0.361432 0.015562 0.013244
0 0.766212 0.182582 0.013703 0.011835
0 0.588737 0.197580 0.014372 0.011932
0 0.729835 0.158381 0.015520 0.012447
0 0.863083 0.338726 0.016913 0.012074
0 0.190006 0.285174 0.014479 0.010947
1 0.550881 0.549523 0.041894 0.043103
0 0.812966 0.406713 0.013434 0.010084
1 0.627153 0.598752 0.047338 0.036881
0 0.557503 0.121505 0.018584 0.013742
0 0.717259 0.193687 0.015589 0.011855
0 0.189621 0.207126 0.017669 0.013726
0 0.485157 0.106176 0.013626 0.012122
0 0.766783 0.254719 0.013518 0.011025
0 0.483307 0.510850 0.013295 0.009888
0 0.536072 0.442241 0.014388 0.010938
0 0.693391 0.160145 0.014700 0.012584
0 0.859121 0.250012 0.018695 0.013962
0 0.267294 0.520763 0.014568 0.010935
0 0.283848 0.325508 0.016583 0.014515
0 0.267049 0.401785 0.012867 0.010069
1 0.603950 0.131702 0.043605 0.034928
1 0.184735 0.261090 0.044237 0.034080
0 0.538921 0.236645 0.013893 0.010457
0 0.754426 0.436497 0.014040 0.010766
0 0.387153 0.566731 0.016102 0.011455
1 0.760320 0.589249 0.045676 0.030932
0 0.290672 0.136542 0.012013 0.010594
0 0.153255 0.340320 0.015069 0.011856
1 0.527576 0.600539 0.051243 0.037405
0 0.355315 0.170719 0.017427 0.014114
0 0.284159 0.267575 0.013405 0.010704
1 0.594454 0.244927 0.052843 0.038762
0 0.485161 0.267456 0.012821 0.010213
1 0.491425 0.614617 0.039000 0.044322
0 0.520835 0.063561 0.016067 0.011376
0 0.257791 0.480915 0.013017 0.010472
0 0.845164 0.204310 0.017147 0.013543
0 0.506371 0.335743 0.014150 0.011090
0 0.595786 0.373631 0.018416 0.015032
0 0.364108 0.546390 0.012690 0.009018
0 0.410210 0.080889 0.018231 0.015232
0 0.512107 0.235179 0.015409 0.011189
0 0.579617 0.097491 0.012581 0.011098
0 0.259812 0.172153 0.014313 0.012188
0 0.500428 0.453703 0.011914 0.010005
0 0.450006 0.230290 0.016670 0.014603
0 0.399009 0.202521 0.014006 0.011827
0 0.839924 0.221776 0.017804 0.014630
0 0.583669 0.596995 0.018807 0.015151
0 0.623950 0.399018 0.013549 0.011673
0 0.408441 0.575547 0.013419 0.011114
0 0.426672 0.555523 0.015890 0.011300
0 0.431429 0.588570 0.012945 0.009338
0 0.302076 0.473466 0.011086 0.007922
0 0.515671 0.280040 0.012812 0.010526
0 0.223052 0.375909 0.013126 0.010608
0 0.389337 0.438447 0.014037 0.011251
0 0.617138 0.474548 0.013737 0.011780
0 0.437952 0.571855 0.013595 0.012512
0 0.523474 0.410720 0.014640 0.011457
0 0.593340 0.551131 0.011710 0.008653
0 0.208754 0.210371 0.012621 0.010599
0 0.181866 0.395698 0.011801 0.010038
0 0.687353 0.381062 0.014015 0.012383
0 0.597806 0.351600 0.013618 0.010628
0 0.634155 0.355913 0.013956 0.013562
0 0.781474 0.267494 0.011493 0.008804