0 0.295217 0.707984 0.019756 0.015852
0 0.587418 0.735392 0.022240 0.016711
0 0.259514 0.889719 0.019435 0.014997
0 0.192419 0.858171 0.020476 0.016486
0 0.448532 0.427080 0.018093 0.015001
0 0.337133 0.391917 0.020830 0.016511
1 0.223128 0.651136 0.041697 0.035068
1 0.586276 0.691645 0.042712 0.035468
0 0.549290 0.576268 0.017587 0.014308
0 0.379170 0.741376 0.019561 0.015856
0 0.358301 0.507269 0.017811 0.014569
0 0.703926 0.648501 0.020560 0.015790
0 0.525937 0.733386 0.017308 0.014559
0 0.350553 0.687059 0.023330 0.016436
0 0.601180 0.433832 0.017066 0.013775
0 0.611617 0.883215 0.020311 0.016233
0 0.430780 0.787946 0.020650 0.016275
0 0.390294 0.492235 0.015916 0.013423
1 0.505139 0.634633 0.069179 0.042353
1 0.414657 0.941223 0.039448 0.041595
0 0.695167 0.576477 0.017475 0.013940
0 0.615099 0.771034 0.020863 0.017584
0 0.242003 0.407267 0.022382 0.017334
0 0.340441 0.490047 0.017740 0.014295
0 0.732490 0.540571 0.016903 0.014482
0 0.181243 0.613200 0.024677 0.018537
0 0.391750 0.761319 0.017288 0.014114
0 0.737001 0.509803 0.020663 0.016109
0 0.153716 0.579714 0.026863 0.014512
1 0.249007 0.624424 0.034037 0.031250
0 0.335595 0.564975 0.016660 0.013397
0 0.616603 0.546925 0.031113 0.025229
1 0.617151 0.546638 0.028641 0.025003
0 0.787276 0.610428 0.030658 0.020542
1 0.380301 0.642512 0.080515 0.033816