1 0.582080 0.703858 0.039246 0.053551
1 0.339025 0.774751 0.038836 0.052160
0 0.601739 0.660796 0.014202 0.018618
1 0.447465 0.921961 0.040089 0.056774
0 0.731604 0.820275 0.017007 0.023029
0 0.509673 0.544831 0.013280 0.017228
1 0.463355 0.867813 0.040831 0.046510
0 0.472480 0.538131 0.013638 0.017749
0 0.535908 0.883046 0.013523 0.018411
0 0.593314 0.932776 0.013091 0.019673
0 0.614720 0.799554 0.014163 0.019477
1 0.476992 0.832221 0.030768 0.046125
0 0.453275 0.746225 0.012544 0.017296
0 0.689334 0.612870 0.010372 0.014954
1 0.527064 0.647314 0.029023 0.041776
1 0.594174 0.486093 0.027233 0.039335
1 0.607994 0.580346 0.026732 0.040990
0 0.679681 0.709867 0.014710 0.022121
0 0.477470 0.380992 0.014569 0.018952
0 0.622699 0.462472 0.011312 0.017246
0 0.661429 0.450614 0.011811 0.017448
0 0.677233 0.564540 0.009937 0.014080
0 0.651797 0.865905 0.017720 0.022038
1 0.502191 0.503238 0.031994 0.043845
0 0.593084 0.611907 0.016198 0.029116
0 0.745065 0.584502 0.014145 0.018667
0 0.286843 0.541221 0.009651 0.014126
0 0.657276 0.598282 0.009800 0.015338
1 0.422696 0.454321 0.025668 0.038945
1 0.760302 0.745338 0.046911 0.053107