1 0.263006 0.469859 0.037123 0.048171
1 0.333371 0.528713 0.030657 0.043155
0 0.126068 0.572155 0.009735 0.014155
0 0.322855 0.280954 0.013858 0.018574
0 0.344324 0.586351 0.012444 0.018001
1 0.409437 0.488184 0.027812 0.044674
0 0.145253 0.271080 0.014854 0.019457
1 0.509320 0.312542 0.029670 0.045160
0 0.173571 0.560551 0.012605 0.018105
0 0.604839 0.446130 0.013882 0.018054
0 0.216491 0.549462 0.011623 0.016319
0 0.136864 0.602817 0.011165 0.014869
0 0.265729 0.823575 0.011814 0.016145
0 0.162930 0.361472 0.012199 0.017479
0 0.324800 0.657631 0.009014 0.012522
0 0.391643 0.510790 0.012383 0.018888
0 0.268772 0.603031 0.010509 0.014967
1 0.139199 0.518098 0.035045 0.040045
0 0.156106 0.641587 0.009238 0.013311
0 0.550435 0.513975 0.014501 0.019929
1 0.400317 0.423988 0.025564 0.035782
0 0.216020 0.481514 0.012102 0.017599
0 0.325010 0.775263 0.011373 0.016627
0 0.376810 0.620208 0.010337 0.014755
1 0.353925 0.184220 0.035000 0.046016
0 0.280213 0.651879 0.009462 0.015793
0 0.532612 0.307399 0.011135 0.017319
0 0.216483 0.796892 0.012014 0.014044
0 0.164953 0.602731 0.009209 0.013976
0 0.142489 0.486683 0.011396 0.015737
1 0.259031 0.328480 0.032213 0.037640
0 0.603789 0.273240 0.012718 0.017462
0 0.348812 0.818475 0.014865 0.019779
0 0.155930 0.418326 0.011441 0.017399
1 0.496172 0.157672 0.029075 0.040649
0 0.485089 0.601304 0.010773 0.016146
0 0.455277 0.496321 0.011379 0.017397
0 0.155266 0.729300 0.009780 0.015116
0 0.486071 0.511469 0.015286 0.022453
0 0.308026 0.625936 0.014328 0.017163
1 0.316074 0.239865 0.041499 0.044373
0 0.237054 0.613501 0.009667 0.013057
0 0.635806 0.421377 0.012240 0.018979
0 0.383700 0.235011 0.010991 0.016423