0 0.541227 0.666914 0.014800 0.011925
0 0.360586 0.684826 0.016380 0.012722
0 0.595333 0.651626 0.016556 0.013204
0 0.425460 0.734397 0.017159 0.014533
0 0.375361 0.491740 0.019319 0.014454
0 0.437333 0.352217 0.020521 0.016343
0 0.815933 0.554593 0.015778 0.012012
0 0.530579 0.268327 0.017775 0.015908
0 0.346874 0.525228 0.017015 0.012837
0 0.285667 0.657845 0.013465 0.010836
0 0.647330 0.605993 0.014828 0.011609
0 0.648994 0.656051 0.015058 0.012056
0 0.293240 0.502339 0.016118 0.013207
0 0.472844 0.542539 0.018593 0.014135
0 0.510419 0.295654 0.015787 0.014652
0 0.343427 0.412247 0.016951 0.012571
0 0.599245 0.464085 0.015547 0.012073
0 0.151261 0.591821 0.013871 0.011437
0 0.490537 0.580133 0.017444 0.013788
0 0.156903 0.557671 0.016494 0.013366
0 0.697206 0.336844 0.020288 0.014630
0 0.727123 0.451078 0.020652 0.015789
0 0.813811 0.496508 0.016417 0.012175
0 0.575643 0.259913 0.020107 0.016526
0 0.502567 0.517474 0.021231 0.015958
0 0.700191 0.436764 0.015339 0.011869
0 0.307436 0.416208 0.015747 0.012632
0 0.278836 0.707717 0.015172 0.010890
0 0.450989 0.298935 0.017217 0.014596
0 0.367019 0.572955 0.017011 0.013236
0 0.477935 0.279774 0.017079 0.014088
0 0.436811 0.546605 0.016141 0.012887
0 0.613971 0.438874 0.014276 0.011305
0 0.415542 0.662657 0.017119 0.013155
0 0.711147 0.664102 0.015594 0.011613
0 0.273130 0.549740 0.019720 0.013523
0 0.461857 0.722281 0.019639 0.014754
0 0.098102 0.510252 0.014275 0.011195
0 0.389813 0.607777 0.016694 0.013933
0 0.724870 0.644658 0.015504 0.012712
0 0.744262 0.663553 0.014385 0.010923
0 0.462804 0.369691 0.022482 0.015512
0 0.647566 0.452402 0.013945 0.010881
0 0.614545 0.491885 0.014828 0.012060
0 0.652246 0.763706 0.019449 0.013333
0 0.601468 0.620174 0.017117 0.014834
0 0.280185 0.623572 0.013972 0.011686
0 0.454310 0.751217 0.020250 0.018156
0 0.201627 0.517444 0.017619 0.012902
0 0.678739 0.527488 0.015456 0.012392
0 0.417606 0.696099 0.016265 0.011415
0 0.347360 0.561463 0.015923 0.011974
0 0.383663 0.683054 0.015763 0.011832
0 0.107340 0.443205 0.017131 0.013526
0 0.740959 0.720721 0.013802 0.010309
0 0.093843 0.562752 0.014793 0.012564
0 0.712941 0.567567 0.013979 0.010840
0 0.706986 0.683908 0.016523 0.013111
0 0.318235 0.479950 0.015494 0.011863
0 0.285619 0.487139 0.015609 0.013572
0 0.677311 0.501749 0.014882 0.011024
0 0.392673 0.447053 0.015755 0.013993
0 0.651625 0.489794 0.014063 0.010563
0 0.439654 0.595038 0.016286 0.013609
0 0.707658 0.458193 0.014257 0.012937
0 0.731733 0.680905 0.015812 0.013147
0 0.378692 0.408113 0.026272 0.013903
0 0.635527 0.475382 0.016087 0.014043
0 0.388567 0.625506 0.016163 0.015655
0 0.324543 0.713487 0.013351 0.011596
0 0.280764 0.346228 0.013534 0.011802
0 0.144113 0.370044 0.013683 0.012019
0 0.594269 0.533090 0.017845 0.016185
1 0.371552 0.233899 0.036407 0.019954