0 0.783344 0.687350 0.019907 0.021633
0 0.720000 0.628148 0.017256 0.018910
0 0.564936 0.348973 0.016530 0.016994
0 0.517180 0.972213 0.020436 0.021002
0 0.520511 0.517781 0.016829 0.018949
0 0.594100 0.275583 0.013906 0.014703
0 0.484081 0.500689 0.019658 0.019580
0 0.284868 0.313149 0.016790 0.016790
0 0.692697 0.304213 0.015861 0.016478
0 0.264362 0.493104 0.018456 0.019366
0 0.456403 0.411816 0.017943 0.019284
0 0.342114 0.306666 0.014898 0.016644
0 0.622920 0.261246 0.014593 0.014939
0 0.607227 0.393405 0.015314 0.016697
0 0.549209 0.491630 0.015180 0.016047
1 0.450785 0.745983 0.073041 0.085710
0 0.418132 0.339825 0.014688 0.016394
0 0.380775 0.320797 0.014915 0.016411
0 0.470069 0.577124 0.017135 0.019081
0 0.450488 0.176275 0.014439 0.015793
0 0.668865 0.276863 0.014972 0.016042
0 0.620955 0.296776 0.015772 0.016277
0 0.374988 0.130765 0.013569 0.015065
0 0.153765 0.326721 0.017525 0.017300
0 0.130590 0.385897 0.016211 0.017900
0 0.448973 0.368716 0.016176 0.015719
0 0.471412 0.231465 0.017442 0.018996
0 0.594398 0.244090 0.013158 0.014598
0 0.865388 0.578214 0.018338 0.017977
0 0.595823 0.422568 0.018542 0.018335
0 0.248921 0.385504 0.014943 0.017145
0 0.383459 0.277318 0.015296 0.016635
0 0.749365 0.684209 0.019276 0.021243
0 0.780809 0.353486 0.015134 0.016513
0 0.100342 0.554803 0.016183 0.018183
0 0.088773 0.352087 0.015693 0.016078
0 0.600751 0.182323 0.014660 0.016452
0 0.656040 0.322123 0.021801 0.025220
1 0.131869 0.159762 0.049023 0.059015
0 0.343282 0.246082 0.015144 0.015469
0 0.424391 0.246628 0.016160 0.018858
0 0.828942 0.525586 0.017342 0.019503
0 0.481012 0.394500 0.015045 0.015860
0 0.224655 0.166060 0.013899 0.016247
0 0.549305 0.265362 0.017818 0.015396
0 0.815516 0.615396 0.023126 0.020979
0 0.203861 0.208449 0.016406 0.018272
0 0.263799 0.784133 0.016527 0.018088
0 0.592496 0.662121 0.016146 0.017029
0 0.376523 0.506493 0.016594 0.017673
0 0.280216 0.455481 0.016497 0.017073
0 0.128861 0.330677 0.015352 0.015616
0 0.319916 0.425023 0.016676 0.017252
0 0.513313 0.219831 0.017164 0.021144
0 0.694118 0.382742 0.017705 0.018531
0 0.563539 0.682209 0.016398 0.020722
0 0.395286 0.456984 0.017070 0.017863
0 0.562160 0.602671 0.015860 0.016986
1 0.069341 0.532880 0.049942 0.047969
0 0.580495 0.218239 0.017472 0.021409
0 0.530001 0.164560 0.015057 0.016750
0 0.186622 0.182065 0.013685 0.015931
1 0.106715 0.501569 0.055184 0.056359
0 0.100350 0.439547 0.017497 0.018440
0 0.460904 0.345213 0.015442 0.015816
0 0.720852 0.680678 0.017281 0.019280
0 0.495906 0.803149 0.016339 0.017286
0 0.282560 0.674561 0.016195 0.016991
0 0.301389 0.397459 0.015373 0.016035
0 0.479928 0.258856 0.015674 0.016031
0 0.257338 0.451766 0.018127 0.019392
0 0.381067 0.545155 0.019089 0.019554
0 0.571081 0.448385 0.015861 0.017355
0 0.559543 0.525956 0.014772 0.016218
0 0.564996 0.180243 0.017809 0.020487
0 0.356027 0.497027 0.015049 0.016447
0 0.820415 0.416945 0.016117 0.016305
0 0.124445 0.615600 0.016654 0.017570
0 0.346745 0.643386 0.018443 0.019180
0 0.136034 0.420456 0.015799 0.016974
0 0.546720 0.551711 0.017308 0.019146
0 0.085599 0.653091 0.016592 0.017489
0 0.320665 0.231716 0.017826 0.018098
0 0.493973 0.412779 0.016377 0.019476
0 0.208615 0.268266 0.014690 0.015810
0 0.568277 0.870075 0.014902 0.017095
0 0.171102 0.407807 0.015157 0.015953
1 0.029372 0.872967 0.044828 0.050129
0 0.544037 0.909852 0.015764 0.018050
0 0.518721 0.834010 0.015490 0.017463
0 0.392439 0.818271 0.017622 0.019340
0 0.022516 0.258552 0.015428 0.017488
0 0.345173 0.275250 0.015792 0.015988
0 0.693321 0.237530 0.015521 0.015105
0 0.166941 0.237254 0.017458 0.023013
0 0.281530 0.276569 0.015186 0.015868
0 0.485852 0.663781 0.016917 0.017171
0 0.220203 0.317341 0.021996 0.018444
0 0.028313 0.211882 0.016773 0.017399
0 0.464419 0.785876 0.023679 0.023529
0 0.223910 0.764497 0.020079 0.017475
0 0.189230 0.316761 0.014320 0.015338
0 0.516474 0.135823 0.015814 0.016335
0 0.488460 0.295408 0.017201 0.019555
0 0.522489 0.552380 0.015150 0.017156
0 0.448075 0.253352 0.016153 0.017937
0 0.253627 0.548856 0.015560 0.017016
0 0.089379 0.782709 0.016611 0.018333
0 0.430318 0.566743 0.019273 0.022588
0 0.354811 0.553008 0.016033 0.016391
0 0.635466 0.388783 0.015002 0.017641
0 0.244580 0.579268 0.016730 0.018724
0 0.628738 0.934715 0.019394 0.020924
0 0.481209 0.127280 0.014417 0.017205
0 0.263167 0.696430 0.016867 0.019328
0 0.218033 0.393249 0.016778 0.017225
0 0.730312 0.360056 0.014861 0.015232
0 0.579955 0.724963 0.015509 0.015991
0 0.200438 0.362893 0.015670 0.016183
0 0.030763 0.778146 0.017355 0.018471
0 0.687790 0.631978 0.018056 0.022251
0 0.882586 0.632988 0.016876 0.017397
0 0.498791 0.316140 0.017114 0.017565
0 0.271136 0.175811 0.014713 0.018081
1 0.681161 0.887917 0.048950 0.055270
0 0.037271 0.804060 0.017393 0.019157
0 0.496374 0.468609 0.020500 0.015914
0 0.699507 0.419879 0.015370 0.016214
0 0.350705 0.138884 0.011762 0.013295
0 0.516315 0.324181 0.016287 0.016476
0 0.451472 0.872754 0.015887 0.017420
0 0.578088 0.399270 0.018252 0.019321
0 0.348173 0.587600 0.018514 0.023430
0 0.559576 0.465116 0.015335 0.015710
0 0.199111 0.642346 0.015288 0.016222
0 0.131903 0.748355 0.017236 0.020085
0 0.646332 0.410917 0.020208 0.022075
0 0.612905 0.913331 0.015580 0.017469
0 0.352131 0.098355 0.013708 0.013728
0 0.336844 0.378746 0.013687 0.014927
0 0.324393 0.449615 0.017141 0.018225
0 0.548294 0.758818 0.015123 0.017278
0 0.391140 0.781149 0.018106 0.017770
0 0.502037 0.634525 0.016049 0.018879
0 0.810834 0.814012 0.022868 0.026838
0 0.751559 0.296654 0.018076 0.022935
0 0.371280 0.418214 0.016081 0.017446
0 0.568145 0.576684 0.018711 0.018216
0 0.592199 0.784266 0.016101 0.017345
0 0.420088 0.824099 0.016975 0.017472
0 0.629155 0.873401 0.015220 0.018184
0 0.129134 0.702973 0.018897 0.018565
0 0.663081 0.429646 0.014475 0.015927
0 0.569793 0.419620 0.015437 0.016884
0 0.424755 0.849490 0.016937 0.017724
0 0.336303 0.747470 0.016140 0.018921
0 0.477261 0.158287 0.012416 0.014390
0 0.043432 0.665641 0.015167 0.016468
0 0.242741 0.329403 0.014807 0.016484
0 0.413570 0.464976 0.015159 0.018317
0 0.300180 0.169543 0.018773 0.032208
0 0.322459 0.569708 0.016649 0.019086
0 0.582664 0.699676 0.014820 0.015702
0 0.208643 0.623026 0.015594 0.017305
0 0.149720 0.621051 0.015416 0.016265
0 0.428363 0.115185 0.013899 0.015543
0 0.427282 0.573813 0.020399 0.026285
0 0.586382 0.751818 0.015571 0.016164
0 0.187563 0.734166 0.015140 0.017482
0 0.199347 0.690720 0.017441 0.018823
0 0.261197 0.314612 0.013577 0.014496
0 0.317663 0.098120 0.013122 0.013450
0 0.132335 0.832331 0.017033 0.020128
0 0.219742 0.893254 0.016825 0.017617
0 0.550790 0.631160 0.014793 0.016308
0 0.410412 0.190606 0.017838 0.018301
0 0.149178 0.900222 0.015352 0.018184
0 0.768098 0.976138 0.020060 0.021607
0 0.303362 0.876163 0.021152 0.021879
0 0.069442 0.385407 0.027715 0.030502
0 0.605960 0.854118 0.016827 0.019083
0 0.598809 0.877712 0.016085 0.016316
0 0.053687 0.579815 0.019646 0.019311
0 0.250032 0.916419 0.015556 0.017486
0 0.476423 0.554302 0.015089 0.017384
0 0.211230 0.867436 0.018522 0.020634
0 0.615509 0.945394 0.020763 0.023531
0 0.452716 0.812386 0.017010 0.017466
1 0.087533 0.522152 0.081505 0.076734
0 0.429847 0.390663 0.014740 0.015332
0 0.319497 0.536068 0.014817 0.018023
0 0.458108 0.524148 0.013940 0.014860
0 0.217385 0.138171 0.013431 0.015055
0 0.631204 0.855161 0.013820 0.017279
0 0.659057 0.309268 0.016495 0.021641
0 0.195331 0.409431 0.016717 0.016896
0 0.338787 0.712470 0.016187 0.017574
0 0.170483 0.616190 0.017989 0.016173
0 0.304562 0.453877 0.015725 0.014797
0 0.242551 0.125242 0.018713 0.021114
0 0.642382 0.204781 0.021636 0.021371
0 0.422031 0.893374 0.018597 0.022145
0 0.623154 0.939771 0.025915 0.023093
0 0.263285 0.952234 0.016272 0.017484
0 0.179552 0.672061 0.014255 0.015731
0 0.052593 0.362663 0.016007 0.016631
0 0.631814 0.688597 0.015325 0.017021
0 0.531815 0.431580 0.016736 0.020636
0 0.354817 0.907981 0.016577 0.018127
0 0.422765 0.580543 0.016301 0.019643
0 0.586935 0.515892 0.015104 0.017035
0 0.401363 0.854175 0.016194 0.018843