1 0.779501 0.513433 0.047148 0.037167
1 0.447689 0.523449 0.053888 0.039182
0 0.341782 0.490044 0.012329 0.009738
1 0.747341 0.223598 0.054774 0.038961
1 0.800598 0.393231 0.054258 0.047485
1 0.771936 0.369450 0.050959 0.034019
1 0.814018 0.268580 0.046141 0.034071
1 0.525719 0.353722 0.052042 0.034236
0 0.306988 0.465334 0.013476 0.010831
1 0.700243 0.253768 0.056184 0.037841
1 0.630736 0.313829 0.049482 0.032202
0 0.480265 0.416046 0.013071 0.010105
1 0.360423 0.283092 0.046718 0.038956
1 0.584359 0.468205 0.042684 0.029646
1 0.533787 0.544588 0.040481 0.032747
0 0.336998 0.399005 0.014712 0.011119
1 0.415946 0.486845 0.047848 0.031250
0 0.656731 0.400161 0.012822 0.010397
0 0.545948 0.428601 0.011700 0.009306
0 0.309506 0.507094 0.010535 0.009091
0 0.499388 0.395362 0.012672 0.010154
1 0.836048 0.471736 0.041354 0.030014
0 0.681204 0.514763 0.010812 0.008692
0 0.655343 0.511654 0.012372 0.009281
1 0.798568 0.645339 0.044904 0.034208
0 0.665395 0.414062 0.012817 0.010487
0 0.450572 0.436756 0.014187 0.012928
0 0.454143 0.339878 0.015854 0.012354
0 0.250558 0.308494 0.014918 0.012730
0 0.623146 0.420345 0.011595 0.009256
0 0.201802 0.384985 0.016830 0.012016
0 0.715184 0.425007 0.012290 0.009738
0 0.817997 0.558461 0.010914 0.008914
0 0.633781 0.389816 0.014619 0.012444
0 0.538955 0.389373 0.013240 0.010324
0 0.239561 0.445083 0.013618 0.010407
0 0.773118 0.570097 0.010486 0.008518
0 0.693092 0.441034 0.013361 0.011637
0 0.250534 0.390585 0.012483 0.010289
0 0.627774 0.453053 0.012821 0.010216
0 0.455659 0.474737 0.012765 0.009701
0 0.543448 0.456925 0.012459 0.011494
0 0.244900 0.417330 0.014487 0.011856
0 0.475448 0.633437 0.011181 0.009090
0 0.549979 0.215508 0.019221 0.015189
1 0.564312 0.570852 0.054992 0.024696
0 0.354493 0.669429 0.015632 0.012094
0 0.633223 0.686875 0.019326 0.014400
0 0.335403 0.614528 0.010695 0.008151
0 0.436460 0.634044 0.011727 0.010420
0 0.414094 0.388204 0.015865 0.012112
0 0.375253 0.565807 0.013315 0.010459
0 0.546808 0.409612 0.012931 0.010014
0 0.381529 0.398011 0.013944 0.010697
0 0.265138 0.359630 0.013911 0.011246
0 0.290129 0.598139 0.009673 0.008179
0 0.852235 0.304705 0.017743 0.016520
0 0.518750 0.459271 0.014205 0.010576
0 0.360211 0.477245 0.012808 0.009951
0 0.480166 0.548245 0.013900 0.011921
0 0.448564 0.589567 0.011970 0.009304
0 0.847695 0.515658 0.010600 0.008680
0 0.830614 0.301859 0.010931 0.010070
0 0.516903 0.430088 0.011790 0.010389
0 0.690458 0.362746 0.012401 0.010608
0 0.665812 0.334597 0.013345 0.010948
0 0.421205 0.593047 0.011942 0.009168
0 0.477781 0.449557 0.013257 0.009879
0 0.713790 0.391622 0.012936 0.010655
0 0.411697 0.511413 0.012996 0.008806
0 0.209417 0.544334 0.010931 0.009764
0 0.561116 0.597182 0.012322 0.008989
0 0.813986 0.436324 0.011582 0.009237
0 0.218536 0.484931 0.010820 0.008354
0 0.222495 0.423861 0.013877 0.012764
0 0.699127 0.531123 0.010935 0.009409
0 0.576988 0.387008 0.014352 0.010799
0 0.164521 0.453048 0.013572 0.011550
0 0.627419 0.335816 0.015152 0.011008
0 0.400771 0.454302 0.014143 0.009689
0 0.323798 0.632560 0.011465 0.008985
0 0.616195 0.529383 0.011389 0.009513
0 0.373370 0.436953 0.014196 0.010810
1 0.557292 0.619948 0.089324 0.036140
0 0.723347 0.487443 0.012662 0.010522
0 0.568040 0.534292 0.013156 0.010324
0 0.298185 0.430951 0.013197 0.011598
0 0.387572 0.252519 0.017825 0.012899
0 0.665374 0.432322 0.011791 0.008922
0 0.405304 0.362380 0.014108 0.011421
0 0.327369 0.466559 0.011465 0.010059
0 0.291021 0.480873 0.011820 0.008334
0 0.340058 0.345186 0.013131 0.011245
0 0.225249 0.563090 0.012362 0.010597
0 0.217037 0.344747 0.015290 0.015121
0 0.593985 0.648902 0.013792 0.010635
0 0.634175 0.490851 0.012467 0.009868
0 0.449435 0.419053 0.010996 0.009680
0 0.623101 0.503926 0.013305 0.011715
0 0.200919 0.474146 0.013725 0.015275
0 0.743494 0.571618 0.009765 0.007804
0 0.216360 0.504605 0.011991 0.011194
0 0.599685 0.682555 0.021043 0.013913
0 0.497497 0.441933 0.010395 0.009570
0 0.406802 0.412731 0.012561 0.010097
0 0.598846 0.239330 0.014680 0.012106
0 0.609083 0.401460 0.011602 0.010341
0 0.364977 0.406187 0.014422 0.012538
0 0.338794 0.314033 0.013478 0.010276
0 0.564909 0.403795 0.013660 0.010165
0 0.290952 0.383640 0.013417 0.011723
0 0.687744 0.561671 0.010374 0.008025
0 0.813888 0.530117 0.010264 0.008707
0 0.648488 0.373723 0.011973 0.012299
0 0.771248 0.541361 0.012325 0.009482
0 0.623126 0.469132 0.014535 0.012899
0 0.191099 0.344114 0.016271 0.014516
0 0.516169 0.496653 0.012727 0.009697
0 0.721384 0.518968 0.011249 0.009223
0 0.381669 0.472506 0.012678 0.013662
0 0.228077 0.393591 0.011135 0.009320
0 0.185809 0.306328 0.016423 0.013510
0 0.326597 0.418367 0.018731 0.011789