0 0.510695 0.204145 0.019373 0.015941
0 0.425620 0.179884 0.017621 0.015394
0 0.620406 0.504301 0.022008 0.016911
0 0.395736 0.269611 0.019376 0.015544
0 0.225101 0.641318 0.021407 0.017079
1 0.734322 0.358906 0.043178 0.033703
0 0.142125 0.323620 0.018420 0.015644
0 0.287200 0.423906 0.020171 0.016299
0 0.777266 0.511164 0.021138 0.014741
0 0.133056 0.422820 0.018274 0.014709
0 0.335204 0.240729 0.020137 0.016521
1 0.763810 0.472995 0.036064 0.029078
0 0.328336 0.281444 0.018685 0.015396
0 0.583154 0.673088 0.024678 0.019127
0 0.241015 0.323507 0.026875 0.019251
0 0.173936 0.335122 0.017806 0.014715
0 0.102434 0.323154 0.021971 0.017512
0 0.301326 0.659864 0.021313 0.017189
0 0.372936 0.632298 0.033374 0.031151
0 0.619820 0.340804 0.022297 0.016543
0 0.161633 0.603307 0.016513 0.012633
0 0.465383 0.257755 0.019007 0.015086
0 0.608993 0.664555 0.021186 0.015926
0 0.598274 0.326088 0.021327 0.017333
0 0.264802 0.194127 0.016657 0.013350
0 0.330803 0.665504 0.021562 0.016788
0 0.782367 0.428844 0.015544 0.012388
0 0.617644 0.545676 0.020938 0.018463
0 0.201944 0.350541 0.017355 0.014928
0 0.544734 0.309835 0.018163 0.015924
0 0.481302 0.542324 0.015040 0.012490
0 0.137423 0.344714 0.017039 0.013022
0 0.153425 0.452554 0.022817 0.018422
0 0.461035 0.389906 0.021616 0.016652
0 0.504858 0.608300 0.020549 0.015771
0 0.131856 0.475632 0.017917 0.014589
0 0.382213 0.168064 0.015921 0.018312
0 0.376756 0.229255 0.017317 0.014587
0 0.298923 0.462106 0.016627 0.014082
0 0.629714 0.433382 0.020441 0.016074