0 0.510242 0.362442 0.014011 0.010709
0 0.611619 0.426428 0.015146 0.012050
0 0.363521 0.397654 0.016131 0.012712
1 0.335227 0.557473 0.051755 0.032158
0 0.801035 0.370037 0.014560 0.011635
0 0.642818 0.430898 0.013936 0.010771
0 0.603695 0.504801 0.018289 0.012441
0 0.587353 0.226572 0.015547 0.011802
0 0.512087 0.519302 0.013125 0.010954
0 0.655569 0.330674 0.015464 0.010875
0 0.564706 0.411565 0.014239 0.011361
0 0.629136 0.473484 0.017146 0.010935
0 0.431693 0.465305 0.013757 0.011098
0 0.632428 0.304344 0.015840 0.012247
0 0.665219 0.349455 0.013611 0.010662
0 0.564225 0.305590 0.014496 0.012226
0 0.724069 0.386683 0.012878 0.010750
0 0.423842 0.365051 0.013965 0.010650
0 0.418834 0.215480 0.015381 0.012847
0 0.669935 0.454126 0.015167 0.012234
0 0.481697 0.427237 0.012994 0.009677
0 0.547025 0.254095 0.017013 0.013584
0 0.490810 0.226342 0.017260 0.014524
0 0.648403 0.261823 0.014344 0.012081
0 0.701677 0.330430 0.015829 0.011514
0 0.380514 0.375725 0.015816 0.012668
0 0.517553 0.265603 0.015649 0.012448
0 0.594128 0.247123 0.012356 0.009594
0 0.523415 0.442811 0.012394 0.009685
0 0.749463 0.370072 0.013816 0.010953
0 0.625796 0.352458 0.012977 0.010791
0 0.772586 0.425673 0.014631 0.011250
0 0.648358 0.493458 0.013060 0.010948
0 0.575318 0.393745 0.013283 0.010088
0 0.343586 0.581985 0.013403 0.010475
0 0.483682 0.543467 0.014634 0.011073
0 0.685540 0.435489 0.014961 0.010655
0 0.435360 0.573794 0.012694 0.009148
0 0.359368 0.315797 0.012682 0.010139
0 0.693977 0.410123 0.015664 0.011991
0 0.605877 0.277895 0.017148 0.014894
0 0.674516 0.289477 0.014582 0.013041
0 0.771365 0.314058 0.014705 0.011494
0 0.808187 0.331360 0.015689 0.011761
0 0.347447 0.370836 0.012939 0.009407
0 0.512186 0.244321 0.011795 0.009235
0 0.715505 0.441567 0.013500 0.010798
0 0.518283 0.419764 0.013565 0.010307
0 0.597638 0.374692 0.014720 0.012704
0 0.394166 0.265169 0.015170 0.012348
0 0.637323 0.234399 0.012810 0.010398
0 0.676677 0.385473 0.016027 0.012815
0 0.417105 0.347354 0.013709 0.009873
0 0.458819 0.242670 0.014171 0.014828
0 0.481814 0.514961 0.012209 0.009607
0 0.359025 0.341222 0.015966 0.012914
0 0.214103 0.389933 0.015929 0.013339
0 0.362026 0.294141 0.015680 0.012016
0 0.274645 0.523169 0.012653 0.009831
0 0.735749 0.312139 0.013253 0.011127
0 0.444917 0.624541 0.014277 0.010765
0 0.574461 0.429950 0.012877 0.010136
0 0.531404 0.346141 0.015044 0.012919
0 0.265327 0.423712 0.012781 0.008828
0 0.265989 0.498498 0.012225 0.009194
0 0.281493 0.590750 0.011920 0.008831
0 0.551457 0.336323 0.013001 0.010715
0 0.487962 0.306601 0.013450 0.010843
0 0.491041 0.409908 0.015976 0.012058
0 0.589249 0.317810 0.013028 0.009795
0 0.649336 0.214825 0.012934 0.011207
0 0.384737 0.505469 0.010790 0.009559
0 0.265357 0.571206 0.010677 0.008726
0 0.440345 0.429728 0.012155 0.009974
0 0.565410 0.370991 0.016049 0.011805
0 0.583945 0.483324 0.015839 0.012496
0 0.471674 0.485802 0.015521 0.009846
0 0.430986 0.504893 0.011647 0.010014
0 0.606725 0.208426 0.014632 0.013601
0 0.364246 0.520974 0.010535 0.008760
0 0.413385 0.326258 0.017444 0.012809
0 0.685299 0.354842 0.014838 0.010611
0 0.800453 0.396008 0.015275 0.014903
0 0.750442 0.348856 0.024482 0.015597
0 0.314465 0.597520 0.011239 0.008333
0 0.357080 0.480429 0.013733 0.012299
0 0.472866 0.393795 0.014000 0.012429
0 0.696119 0.465485 0.015587 0.013453
0 0.460982 0.536545 0.011833 0.008242
0 0.291152 0.361344 0.011619 0.009242
0 0.226351 0.472572 0.012207 0.009823
0 0.491051 0.612410 0.015552 0.011668
0 0.353001 0.242001 0.015373 0.013145
0 0.436197 0.531363 0.013509 0.009142
0 0.373164 0.226900 0.018364 0.014051
0 0.386549 0.404874 0.011963 0.009301
0 0.296794 0.459023 0.011712 0.008722
0 0.518474 0.545770 0.012784 0.009869
0 0.339088 0.349991 0.012232 0.009476
0 0.725008 0.292633 0.013442 0.013092
0 0.375379 0.558929 0.010827 0.009603
0 0.416050 0.595297 0.011519 0.009182
0 0.577559 0.200404 0.016419 0.012770
0 0.324420 0.447977 0.012515 0.008569
0 0.520351 0.494688 0.020227 0.012386
0 0.780215 0.327729 0.013741 0.010511
0 0.623701 0.325198 0.012942 0.009809
0 0.451563 0.211180 0.014760 0.013894
0 0.392725 0.291046 0.014509 0.011166
0 0.330787 0.503301 0.015628 0.013244
0 0.245877 0.302578 0.015787 0.013941
0 0.334452 0.528297 0.011274 0.008252
0 0.505252 0.392109 0.016581 0.011151
0 0.463123 0.584636 0.011974 0.008745
0 0.301449 0.474953 0.011988 0.010318
0 0.532613 0.226091 0.013183 0.016154
0 0.671789 0.280848 0.015278 0.012909
0 0.580910 0.522016 0.015384 0.011148
0 0.597030 0.445811 0.015056 0.012730
0 0.766078 0.265738 0.013658 0.011666
0 0.386299 0.312228 0.014623 0.010589
0 0.574002 0.454994 0.015804 0.012711
0 0.551307 0.191365 0.015011 0.011324
0 0.550987 0.528821 0.014798 0.012157
0 0.286749 0.425168 0.012167 0.009420
0 0.829990 0.344348 0.019041 0.017811
0 0.427720 0.406034 0.011924 0.009129
0 0.631027 0.277385 0.012783 0.010233
0 0.545258 0.509812 0.012495 0.011042
0 0.577329 0.340119 0.013080 0.010611
0 0.510402 0.456509 0.014477 0.011646
0 0.658816 0.425771 0.013964 0.011423
0 0.640126 0.371822 0.012069 0.010335
0 0.800382 0.290885 0.014459 0.010689
0 0.287781 0.576281 0.010558 0.008716
0 0.745417 0.440919 0.020176 0.015250
0 0.602140 0.181434 0.012937 0.011504
0 0.634901 0.369283 0.013222 0.010023
0 0.226983 0.536434 0.013291 0.009877
0 0.671067 0.310064 0.015781 0.009244
0 0.623892 0.255549 0.013700 0.009994
0 0.282447 0.303031 0.014810 0.012422
0 0.524185 0.303041 0.016908 0.014470
0 0.542633 0.403481 0.013574 0.011955
0 0.471900 0.283669 0.027427 0.020923
0 0.365446 0.614938 0.013247 0.010772
0 0.598810 0.462055 0.014117 0.011844
0 0.486017 0.200564 0.014014 0.012470
0 0.352474 0.447644 0.012341 0.011442
0 0.718433 0.353944 0.013075 0.009891