0 0.361018 0.657573 0.012320 0.009322
0 0.300597 0.546498 0.013158 0.011090
0 0.532073 0.460943 0.013152 0.010000
1 0.215762 0.342589 0.076600 0.060474
0 0.507015 0.328776 0.015649 0.011805
0 0.141652 0.438849 0.015398 0.011846
0 0.290988 0.611631 0.012768 0.010189
0 0.416353 0.648953 0.014377 0.010756
0 0.093272 0.411666 0.016588 0.012623
0 0.110235 0.441699 0.014433 0.010686
1 0.383275 0.576794 0.051190 0.053825
0 0.584467 0.683973 0.012978 0.010413
0 0.667229 0.444139 0.013773 0.011062
0 0.529497 0.254460 0.016024 0.012112
0 0.408911 0.673063 0.014080 0.010812
0 0.296308 0.429451 0.013844 0.010439
0 0.256777 0.591009 0.015913 0.012745
0 0.566407 0.470969 0.013626 0.010033
0 0.262440 0.502676 0.017353 0.013441
0 0.161620 0.357608 0.015761 0.013217
0 0.268239 0.469762 0.015477 0.013049
0 0.425278 0.377164 0.012384 0.009254
0 0.677473 0.410490 0.013907 0.010059
0 0.410617 0.432259 0.013523 0.010483
0 0.217640 0.503216 0.018105 0.013207
0 0.443505 0.396773 0.018105 0.014348
0 0.219513 0.409717 0.016293 0.012541
0 0.458588 0.336778 0.012727 0.009371
0 0.381706 0.673066 0.013895 0.010610
0 0.508407 0.284946 0.021415 0.017568
0 0.510694 0.628004 0.011130 0.009141
0 0.205154 0.530745 0.014451 0.010651
0 0.626457 0.431647 0.014280 0.010850
0 0.500807 0.419913 0.013093 0.010888
0 0.565110 0.705747 0.013700 0.010011
0 0.610788 0.359377 0.018357 0.012666
1 0.097117 0.613431 0.058566 0.037349
0 0.200516 0.685900 0.014906 0.011260
0 0.203747 0.600498 0.016796 0.013325
0 0.289414 0.655176 0.015021 0.012332
0 0.424472 0.523203 0.011267 0.008624
0 0.253973 0.263864 0.013996 0.010492
0 0.217649 0.629898 0.014941 0.011847
0 0.266401 0.306636 0.016420 0.013502
0 0.359771 0.472671 0.014853 0.012295
0 0.747933 0.423212 0.014994 0.012131
0 0.378930 0.283919 0.019968 0.015328
0 0.106792 0.560986 0.013053 0.009874
0 0.238492 0.523670 0.012574 0.009841
0 0.467369 0.731686 0.016076 0.011626
0 0.476671 0.270940 0.015629 0.013708
0 0.068508 0.546066 0.013113 0.010293
0 0.502230 0.358203 0.014938 0.010521
1 0.720308 0.577951 0.074057 0.046741
0 0.487566 0.397594 0.015780 0.012364
0 0.286864 0.742802 0.013977 0.009889
0 0.131541 0.492363 0.015758 0.011965
0 0.614579 0.459090 0.012824 0.010626
0 0.511174 0.487660 0.018541 0.012817
0 0.629977 0.545457 0.011277 0.008774
1 0.309371 0.490546 0.042744 0.034315
0 0.693907 0.350780 0.017976 0.013404
0 0.538437 0.699417 0.019660 0.015648
0 0.414604 0.455309 0.017109 0.011797
0 0.180413 0.388409 0.017824 0.012537
0 0.181301 0.523102 0.014779 0.012485
1 0.591355 0.303359 0.041732 0.029089
0 0.246054 0.241662 0.015621 0.011526
0 0.711991 0.455911 0.012065 0.008941
0 0.183578 0.560900 0.014715 0.011284
0 0.633711 0.451263 0.014177 0.011034
0 0.056985 0.387243 0.017493 0.015315
0 0.342617 0.608797 0.016150 0.011683
0 0.446559 0.239539 0.012479 0.009749
0 0.274504 0.332414 0.014966 0.011684
0 0.399468 0.488248 0.015534 0.012006
0 0.360498 0.432109 0.015748 0.010828
0 0.415097 0.609042 0.016980 0.014053
0 0.123206 0.424750 0.014016 0.010783
0 0.562128 0.340258 0.014119 0.010747
1 0.633445 0.715368 0.043924 0.033872
0 0.039010 0.548575 0.014809 0.010418
0 0.056896 0.354192 0.016226 0.014651
0 0.490528 0.543617 0.012685 0.009900
0 0.357789 0.350842 0.021097 0.014707
0 0.316763 0.404866 0.018209 0.012338
0 0.422599 0.750756 0.017572 0.012549
0 0.434561 0.628124 0.013057 0.010107
0 0.103945 0.492985 0.013844 0.010180
1 0.683605 0.657476 0.050769 0.038634
0 0.730664 0.441593 0.012860 0.009502
0 0.476188 0.711780 0.017166 0.015100
0 0.423652 0.239712 0.011494 0.009886
0 0.361778 0.728123 0.013873 0.010456
0 0.382957 0.362379 0.012892 0.009832
0 0.439475 0.646110 0.011670 0.008867
0 0.634579 0.317623 0.011965 0.009435
0 0.299559 0.257773 0.013195 0.012658
0 0.301908 0.226988 0.015050 0.013979
0 0.115009 0.387881 0.014772 0.010904
0 0.259398 0.394549 0.013358 0.012770
0 0.039467 0.521045 0.013524 0.009605
0 0.664768 0.512620 0.012323 0.010329
0 0.271033 0.730853 0.015686 0.012409
0 0.570572 0.605485 0.013225 0.009272
0 0.704828 0.434342 0.013654 0.010623
0 0.432888 0.492868 0.014173 0.010868
0 0.575079 0.330661 0.015404 0.013687
0 0.065807 0.529458 0.012560 0.009986
0 0.136580 0.414685 0.014066 0.009798
0 0.245129 0.484556 0.016370 0.012281
0 0.468551 0.479004 0.016999 0.013696
0 0.366889 0.384967 0.011897 0.010186
1 0.075703 0.475935 0.037911 0.028637
0 0.378873 0.331986 0.014468 0.012030
0 0.200539 0.396693 0.016617 0.014979
0 0.254780 0.668703 0.012102 0.009344
0 0.355151 0.706828 0.017362 0.014252
0 0.343086 0.424309 0.015156 0.011049
0 0.459028 0.633269 0.014211 0.009409
0 0.568833 0.571775 0.014515 0.010985
1 0.532694 0.759542 0.046053 0.031692
0 0.685261 0.597940 0.011735 0.009797
0 0.513572 0.611249 0.011167 0.008976
0 0.145168 0.275682 0.018636 0.016651
0 0.652130 0.398466 0.013559 0.009299
0 0.641421 0.565890 0.011791 0.009017
0 0.168269 0.320204 0.012488 0.009525
1 0.652903 0.348186 0.039466 0.032966
0 0.515078 0.525283 0.011447 0.010930
0 0.087267 0.561808 0.013966 0.009688
0 0.004925 0.457315 0.009850 0.009716
0 0.125145 0.507759 0.013279 0.009627
0 0.732717 0.501444 0.012622 0.009784
0 0.466086 0.363011 0.020654 0.013226
0 0.608251 0.567022 0.011157 0.008659
0 0.348939 0.222855 0.014755 0.010484
0 0.541253 0.406621 0.012735 0.009190
1 0.502367 0.685748 0.036934 0.030661
0 0.676906 0.373036 0.015185 0.010886
0 0.392530 0.401169 0.011884 0.010847
0 0.033103 0.367450 0.016034 0.011866
0 0.252078 0.407876 0.019382 0.011759
0 0.554555 0.279077 0.015442 0.016160
0 0.140245 0.626891 0.012377 0.010773
0 0.308687 0.705643 0.015288 0.011709
0 0.739873 0.463978 0.013158 0.010404
0 0.427330 0.561001 0.015318 0.009944
0 0.523780 0.342715 0.011700 0.009382
0 0.407159 0.263244 0.012352 0.011703
0 0.361889 0.399530 0.015408 0.011573
0 0.230760 0.575279 0.012239 0.008941
0 0.576873 0.262198 0.012628 0.012755
0 0.291357 0.305235 0.017080 0.015314
0 0.176277 0.545346 0.011870 0.009452
0 0.353068 0.754316 0.026177 0.019096
0 0.449147 0.609507 0.011525 0.008403
0 0.571953 0.433335 0.011730 0.009708
0 0.436299 0.754528 0.019576 0.012053
0 0.337038 0.323779 0.012180 0.010170
0 0.285145 0.401014 0.013303 0.015141
0 0.630417 0.295139 0.010491 0.009452
0 0.313007 0.764573 0.024006 0.018227
0 0.531727 0.229012 0.012728 0.010776
0 0.306800 0.288223 0.020342 0.017770
0 0.689532 0.379497 0.013198 0.010109
0 0.428091 0.775099 0.016529 0.010684
0 0.671031 0.461181 0.013884 0.010553
0 0.061068 0.333008 0.016365 0.014983
0 0.274204 0.599097 0.010747 0.009537
0 0.458741 0.517022 0.012572 0.009665
0 0.726993 0.397914 0.017622 0.011927
0 0.226493 0.616154 0.012335 0.009325
0 0.361683 0.223930 0.014454 0.010665
0 0.460683 0.537957 0.015146 0.013742
0 0.243996 0.408521 0.017064 0.011476
0 0.570320 0.733898 0.013053 0.010347
0 0.479690 0.451929 0.010884 0.009335
0 0.730860 0.376938 0.023206 0.019259
0 0.603921 0.585566 0.010751 0.008174
0 0.035574 0.566684 0.014391 0.009738
0 0.067161 0.511430 0.012808 0.010784
0 0.161591 0.623816 0.017142 0.012256
1 0.530151 0.383541 0.030664 0.019155
0 0.517449 0.551036 0.011635 0.010699
0 0.323700 0.407464 0.018695 0.012157
0 0.099267 0.328832 0.017867 0.014647
0 0.432330 0.212721 0.013224 0.011214
0 0.556092 0.442522 0.012551 0.010473
0 0.388697 0.410981 0.012063 0.010731
0 0.320275 0.382885 0.024161 0.012708
0 0.014187 0.522436 0.013207 0.010428
0 0.251944 0.562267 0.016010 0.013375
0 0.475140 0.526933 0.018519 0.013134
0 0.213740 0.548011 0.011753 0.009048
0 0.254311 0.557241 0.018217 0.014507
0 0.417384 0.343891 0.011717 0.010878
0 0.494459 0.597513 0.014731 0.012536
0 0.540182 0.594481 0.011579 0.009284
0 0.155731 0.645400 0.013490 0.010150
0 0.164801 0.372476 0.014547 0.011362
0 0.425235 0.253517 0.011050 0.014222
0 0.634356 0.683778 0.012434 0.008292
0 0.424306 0.248266 0.010110 0.017479
0 0.405793 0.268697 0.013312 0.013744
0 0.700765 0.539734 0.012273 0.008586
0 0.090397 0.382523 0.016425 0.013483
0 0.432166 0.267034 0.011214 0.008565
1 0.506087 0.573134 0.054165 0.020861
1 0.146285 0.722442 0.029278 0.021959