0 0.597236 0.308895 0.014516 0.011604
0 0.515851 0.423228 0.014996 0.012592
0 0.191582 0.518489 0.013957 0.010945
0 0.509960 0.504736 0.014384 0.010842
1 0.291244 0.583196 0.070917 0.042275
0 0.439321 0.448077 0.013951 0.011265
0 0.566992 0.383077 0.017996 0.014182
0 0.360859 0.493354 0.014562 0.011701
0 0.240563 0.439830 0.015337 0.012895
0 0.436231 0.471579 0.014520 0.010478
0 0.399056 0.420096 0.015495 0.010718
0 0.521144 0.302673 0.015289 0.013627
0 0.483540 0.334732 0.013046 0.011197
0 0.552521 0.414046 0.013654 0.010587
0 0.567371 0.441300 0.013360 0.010622
0 0.554575 0.314532 0.013554 0.012079
0 0.565155 0.470682 0.013447 0.009905
0 0.486614 0.447322 0.015463 0.012186
0 0.203557 0.558241 0.012607 0.009792
0 0.484650 0.709519 0.013147 0.010512
1 0.144709 0.459403 0.045735 0.033958
0 0.214400 0.495439 0.013409 0.010146
0 0.665264 0.497246 0.012878 0.011754
0 0.433507 0.431037 0.014347 0.010948
0 0.421204 0.508751 0.014055 0.011610
0 0.423217 0.750696 0.014833 0.010649
0 0.605525 0.420440 0.013305 0.010689
0 0.309865 0.441050 0.015037 0.010836
0 0.419292 0.533720 0.012762 0.009583
0 0.327543 0.609057 0.012236 0.009259
0 0.598362 0.279235 0.013319 0.010455
1 0.624578 0.564880 0.054229 0.030699
0 0.436035 0.635602 0.013736 0.009370
0 0.303685 0.337711 0.015175 0.012550
0 0.534298 0.473741 0.013651 0.010256
0 0.202567 0.464040 0.014763 0.011738
0 0.438828 0.311182 0.013248 0.010436
0 0.199025 0.582012 0.010544 0.008717
0 0.198426 0.428894 0.017784 0.011346
0 0.472348 0.467560 0.015464 0.011601
0 0.664597 0.604496 0.012529 0.009510
0 0.182676 0.447254 0.012269 0.009223
0 0.586007 0.525898 0.013290 0.011436
0 0.551467 0.546582 0.012423 0.011106
0 0.515740 0.342235 0.012418 0.010261
0 0.350291 0.540574 0.012982 0.009863
0 0.333355 0.355154 0.022293 0.013619
0 0.632422 0.447637 0.013254 0.010152
0 0.506792 0.759815 0.015132 0.011409
0 0.367483 0.635828 0.014125 0.009063
0 0.368194 0.455985 0.016809 0.014220
0 0.246938 0.505899 0.014217 0.013898
0 0.575878 0.263954 0.014610 0.012051
0 0.407897 0.618553 0.016067 0.014695
0 0.185169 0.492394 0.013508 0.009610
0 0.544176 0.341612 0.015016 0.011597
0 0.341915 0.397136 0.013699 0.010090
0 0.407879 0.554199 0.012884 0.010054
0 0.283559 0.702926 0.011425 0.008694
0 0.637848 0.349963 0.013452 0.010720
0 0.086660 0.537196 0.013207 0.009944
0 0.499726 0.540320 0.012969 0.011502
0 0.307569 0.367261 0.013646 0.010350
0 0.398558 0.356043 0.017212 0.012973
0 0.402173 0.327554 0.014871 0.013772
0 0.605933 0.482430 0.018329 0.013833
0 0.481276 0.637202 0.011963 0.009365
0 0.345887 0.314137 0.019812 0.015317
0 0.513815 0.375147 0.020417 0.014818
0 0.172755 0.529229 0.013523 0.009896
0 0.259646 0.467071 0.014972 0.011260
0 0.372333 0.508110 0.013489 0.011092
0 0.667106 0.467670 0.013988 0.009360
0 0.064948 0.479147 0.011135 0.008599
0 0.217002 0.598598 0.011670 0.008862
1 0.016974 0.480879 0.032563 0.081218
0 0.640522 0.475020 0.013305 0.010331
0 0.422217 0.406949 0.014619 0.011113
0 0.521382 0.729942 0.011915 0.009420
0 0.555490 0.457023 0.014244 0.010798
0 0.342113 0.451636 0.013508 0.012995
0 0.111799 0.515870 0.012608 0.009424
0 0.232984 0.282454 0.015519 0.013475
0 0.479700 0.486094 0.014952 0.011752
0 0.292541 0.285273 0.013250 0.009993
0 0.637787 0.412361 0.012417 0.011827
0 0.128642 0.501000 0.014913 0.011124
0 0.691075 0.364588 0.015897 0.012481
0 0.478214 0.400082 0.013043 0.010855
0 0.396402 0.521934 0.013119 0.010307
0 0.176030 0.698744 0.012703 0.009447
0 0.123191 0.575629 0.014404 0.011623
0 0.386826 0.607603 0.011874 0.008619
0 0.539573 0.757247 0.015975 0.010869
0 0.233023 0.479368 0.012141 0.008815
0 0.223806 0.462178 0.013824 0.012660
0 0.151943 0.551757 0.013536 0.010053
0 0.478132 0.421271 0.013077 0.010012
0 0.656208 0.296290 0.019450 0.014814
0 0.140297 0.483859 0.014074 0.011255
0 0.076413 0.555278 0.012506 0.009427
0 0.095107 0.458682 0.012467 0.009374
0 0.636094 0.606284 0.011124 0.008292
0 0.664057 0.545980 0.010267 0.008329
0 0.159949 0.680211 0.013598 0.010108
0 0.553289 0.736145 0.017568 0.011171
0 0.482864 0.435081 0.015126 0.012859
0 0.163054 0.489250 0.013085 0.010069
0 0.369057 0.392285 0.021933 0.012313
0 0.320693 0.503677 0.011643 0.009551
0 0.215391 0.330039 0.013461 0.010245
0 0.099720 0.558620 0.015003 0.011473
0 0.380839 0.407327 0.017167 0.012475
0 0.262295 0.315638 0.013671 0.011300
0 0.400934 0.377681 0.014298 0.010279
0 0.705630 0.428410 0.011734 0.009224
0 0.617865 0.702177 0.013247 0.010369
0 0.202278 0.283488 0.012625 0.011390
0 0.429666 0.560593 0.013047 0.009738
0 0.519974 0.563313 0.011611 0.008687
0 0.297119 0.419298 0.014666 0.011006
0 0.453055 0.772548 0.032953 0.022035
0 0.487167 0.523069 0.012468 0.009004
0 0.131623 0.541536 0.011645 0.008735
0 0.263619 0.337602 0.013505 0.012214
0 0.245853 0.416125 0.016977 0.012543
0 0.391446 0.469435 0.015401 0.012481
0 0.343429 0.597306 0.011482 0.011040
0 0.378480 0.743302 0.012631 0.010733
0 0.679670 0.403316 0.010576 0.008918
0 0.690338 0.511596 0.011090 0.009081
0 0.360507 0.582381 0.011978 0.011591
0 0.269653 0.443724 0.015840 0.010739
0 0.402826 0.485979 0.012510 0.010161
0 0.481431 0.311733 0.013899 0.011722
0 0.226804 0.380536 0.015979 0.010693
0 0.319441 0.398435 0.012399 0.011627
0 0.429639 0.243364 0.013856 0.011067
0 0.605974 0.376397 0.015694 0.012215
0 0.326041 0.737831 0.016681 0.016262
0 0.681971 0.419482 0.014807 0.009495
0 0.374583 0.303387 0.012729 0.010666
0 0.265801 0.559752 0.013385 0.011891
0 0.091381 0.399821 0.012345 0.009701
0 0.528914 0.592491 0.016750 0.014839
0 0.576814 0.348631 0.014727 0.010413
0 0.157283 0.574115 0.010925 0.007942
0 0.653179 0.587060 0.011371 0.008021
0 0.265513 0.692112 0.010099 0.008214
0 0.686178 0.453317 0.011197 0.008401
0 0.326854 0.785985 0.015435 0.011627
0 0.269193 0.633758 0.013905 0.013569
0 0.354278 0.245349 0.013588 0.011443
0 0.284816 0.538112 0.015540 0.012437
0 0.625757 0.285938 0.020369 0.017208
0 0.295628 0.502827 0.013298 0.010668
0 0.528000 0.651419 0.011795 0.009668
0 0.119386 0.429678 0.012308 0.009597
0 0.422595 0.386251 0.015247 0.009464
0 0.324784 0.556140 0.013704 0.009320
0 0.052925 0.514793 0.011789 0.009343
0 0.354383 0.426868 0.013744 0.009017
0 0.354906 0.749758 0.017220 0.013525
0 0.290610 0.460450 0.013175 0.011848
0 0.538116 0.359419 0.014403 0.010509
0 0.170243 0.588969 0.012579 0.009984
0 0.276516 0.767988 0.019963 0.017126
0 0.308106 0.617409 0.011858 0.008870
0 0.284736 0.732132 0.013957 0.009838
0 0.674543 0.439548 0.011575 0.009469
0 0.641532 0.383726 0.012637 0.011575
0 0.275560 0.399949 0.012683 0.010805
0 0.458113 0.289700 0.016014 0.011997
0 0.269651 0.743747 0.013099 0.010205
0 0.437752 0.368401 0.015906 0.013166
0 0.246668 0.530088 0.015886 0.011057
0 0.357798 0.618726 0.010507 0.008446
0 0.468809 0.292029 0.017967 0.009979
0 0.126743 0.570632 0.013475 0.010532
0 0.604690 0.599101 0.010853 0.007612
0 0.274116 0.495663 0.013501 0.009576
0 0.243829 0.720562 0.014952 0.013039
0 0.708451 0.560055 0.011307 0.007688
0 0.493433 0.295487 0.014992 0.012038
0 0.588808 0.495482 0.011037 0.008145
0 0.243397 0.578182 0.014997 0.011138
0 0.555922 0.715968 0.014106 0.010205
0 0.484389 0.442815 0.015310 0.018831
0 0.380138 0.572954 0.012364 0.009212
0 0.328548 0.418142 0.016038 0.012387
0 0.421204 0.296599 0.014551 0.012074
0 0.295576 0.530729 0.013567 0.009924
0 0.248249 0.610456 0.012386 0.010851
0 0.467475 0.543332 0.019692 0.013057
0 0.702494 0.607191 0.012021 0.009474
0 0.645158 0.368898 0.012346 0.010146
0 0.367529 0.781578 0.018565 0.015092
0 0.460503 0.342511 0.015161 0.011530
0 0.560180 0.505267 0.012131 0.011347
0 0.206944 0.702816 0.012329 0.010977
0 0.386541 0.226183 0.013557 0.013379
0 0.335295 0.332388 0.013399 0.008964
0 0.619551 0.720761 0.012132 0.008626
0 0.466975 0.740428 0.011762 0.008803
0 0.479922 0.427743 0.012586 0.019802
0 0.248586 0.653363 0.010173 0.008599
0 0.602497 0.379407 0.016723 0.014286
0 0.600424 0.536586 0.010752 0.009108
0 0.450917 0.263324 0.010244 0.009003
0 0.422068 0.282131 0.014495 0.012378
0 0.726148 0.518442 0.011722 0.008393
0 0.378528 0.321038 0.015531 0.010469
0 0.104440 0.416521 0.013496 0.010045
0 0.683007 0.339612 0.022955 0.014384
1 0.343574 0.684233 0.052335 0.030193