0 0.497122 0.311946 0.016173 0.011565
0 0.441885 0.437163 0.013937 0.010523
0 0.526789 0.272255 0.017390 0.012974
0 0.575692 0.338433 0.015977 0.012116
0 0.330865 0.282776 0.015245 0.012312
0 0.560495 0.356447 0.015628 0.012396
0 0.238785 0.421970 0.017930 0.013149
0 0.491163 0.283959 0.016381 0.013420
1 0.746803 0.479159 0.048952 0.037052
0 0.464202 0.469193 0.013176 0.009707
0 0.715876 0.322948 0.016808 0.013590
0 0.633494 0.354070 0.016945 0.013785
0 0.276744 0.505328 0.013670 0.010881
0 0.490805 0.468071 0.014758 0.011601
0 0.435445 0.547571 0.013518 0.011127
0 0.408339 0.528810 0.013490 0.010974
0 0.560243 0.430761 0.013023 0.010576
0 0.150800 0.315924 0.017094 0.014002
0 0.278279 0.445192 0.013191 0.009052
0 0.513203 0.565040 0.012276 0.009600
0 0.083920 0.484025 0.012559 0.009832
0 0.171420 0.534794 0.015066 0.011206
0 0.475818 0.411276 0.018819 0.013338
0 0.494197 0.438669 0.014179 0.010431
0 0.102293 0.447659 0.013713 0.010574
0 0.202527 0.434803 0.015142 0.010954
0 0.397631 0.634718 0.011401 0.009454
0 0.344460 0.483167 0.011953 0.009826
0 0.713010 0.447055 0.012577 0.009874
0 0.296090 0.344721 0.012591 0.009466
0 0.341605 0.523806 0.016431 0.013842
0 0.464473 0.197501 0.013301 0.010907
0 0.437554 0.631884 0.011842 0.009421
0 0.651291 0.496782 0.014152 0.011135
0 0.274129 0.263450 0.016059 0.013283
0 0.280227 0.302161 0.019520 0.013965
0 0.684769 0.482658 0.013015 0.010373
0 0.385043 0.211138 0.014850 0.012272
0 0.497320 0.656088 0.012781 0.009400
0 0.640865 0.466696 0.014465 0.011801
1 0.591329 0.579361 0.048047 0.033829
0 0.368282 0.640791 0.012011 0.010323
0 0.339999 0.652474 0.011576 0.008951
0 0.414465 0.329120 0.017266 0.015878
0 0.394567 0.416363 0.016853 0.012011
0 0.234042 0.384021 0.018450 0.014772
0 0.741530 0.567252 0.012950 0.009796
0 0.557043 0.299975 0.022294 0.013851
0 0.249624 0.619103 0.013593 0.010826
0 0.679554 0.452488 0.013810 0.010232
0 0.688304 0.572368 0.012445 0.009608
0 0.272165 0.328312 0.014059 0.010993
0 0.210083 0.596767 0.018400 0.012104
0 0.451377 0.279916 0.013974 0.011447
0 0.693216 0.432350 0.012232 0.010475
0 0.633863 0.301301 0.014736 0.011704
1 0.615866 0.547636 0.041986 0.034215
0 0.230587 0.625049 0.011938 0.009320
0 0.459955 0.640162 0.013388 0.011476
0 0.579940 0.406118 0.013371 0.010432
0 0.224734 0.455407 0.017900 0.012087
0 0.602022 0.452034 0.014292 0.012058
0 0.155071 0.625893 0.014473 0.012507
0 0.552037 0.576663 0.010773 0.008550
1 0.676160 0.286640 0.050934 0.034582
0 0.649120 0.545932 0.012770 0.010065
0 0.671954 0.386771 0.015708 0.011312
0 0.273872 0.475084 0.012734 0.010262
0 0.299771 0.635457 0.013375 0.012499
0 0.176926 0.654969 0.013918 0.010357
0 0.298043 0.481939 0.011844 0.010125
0 0.204198 0.284321 0.018162 0.015103
0 0.381889 0.231998 0.013288 0.011559
0 0.467176 0.595565 0.016947 0.014937
0 0.197845 0.666082 0.014020 0.010281
0 0.618212 0.382234 0.013554 0.011621
0 0.603684 0.335685 0.012809 0.009577
0 0.349805 0.760868 0.018770 0.015111
0 0.523501 0.771108 0.015940 0.011910
0 0.681749 0.539921 0.012975 0.010868
0 0.466756 0.225623 0.012963 0.011292
0 0.129903 0.493310 0.013931 0.011158
0 0.138705 0.362961 0.015119 0.010387
0 0.601796 0.630239 0.011266 0.009858
0 0.392940 0.777103 0.017092 0.013752
0 0.373571 0.758935 0.022074 0.015920
0 0.488150 0.747681 0.017408 0.014127
0 0.468869 0.548758 0.014894 0.013305
0 0.672406 0.422964 0.017329 0.010899
0 0.256979 0.491517 0.018359 0.011930
0 0.577654 0.546139 0.018642 0.014266
0 0.504974 0.421322 0.012730 0.010331
0 0.440038 0.668660 0.011733 0.009636
0 0.255535 0.564496 0.019219 0.011700
0 0.169182 0.286898 0.019097 0.016619
0 0.733177 0.334566 0.017350 0.013894
0 0.107511 0.333662 0.021266 0.017466
0 0.498710 0.603758 0.011591 0.009662
0 0.502688 0.588033 0.013173 0.011561
0 0.575466 0.655080 0.010455 0.008213
0 0.503614 0.369073 0.017889 0.012196
0 0.487304 0.535999 0.016241 0.010728
1 0.193379 0.498154 0.047010 0.036183
0 0.569553 0.630811 0.013965 0.010537
0 0.477060 0.356217 0.024925 0.016599
0 0.674664 0.586330 0.011223 0.008664
0 0.586362 0.278110 0.023471 0.020478
1 0.420100 0.279928 0.041642 0.034909
0 0.251619 0.714603 0.017057 0.013962
0 0.524240 0.501371 0.019778 0.011912
0 0.152222 0.589886 0.010713 0.008822
0 0.189366 0.303497 0.016909 0.015063
0 0.172934 0.436914 0.016590 0.013940
0 0.479025 0.379617 0.013386 0.009756
0 0.274416 0.409046 0.016625 0.012323
0 0.730176 0.632587 0.014028 0.009959
0 0.728363 0.536273 0.011061 0.008525
0 0.262727 0.686008 0.013332 0.009937
0 0.687882 0.502982 0.011078 0.008503
0 0.674920 0.318780 0.015311 0.011785
0 0.402302 0.470773 0.018062 0.012419
0 0.538000 0.214226 0.017454 0.013089
0 0.140946 0.282068 0.015865 0.013271
0 0.546913 0.382714 0.011631 0.009066
0 0.391094 0.726916 0.011127 0.008758
0 0.418699 0.688012 0.010954 0.009066
0 0.456426 0.264087 0.016418 0.010706
0 0.489938 0.510111 0.020072 0.013576
0 0.437590 0.726583 0.011721 0.008660
0 0.356920 0.214961 0.012886 0.010421
0 0.309241 0.452886 0.010967 0.008400
0 0.632345 0.651263 0.016135 0.010717
0 0.780386 0.381635 0.014087 0.010521
0 0.651214 0.625446 0.013275 0.011902
0 0.286921 0.662555 0.012158 0.009253
0 0.421784 0.184630 0.014133 0.009176
0 0.434657 0.360754 0.017951 0.013679
0 0.121957 0.305142 0.016422 0.016603
0 0.084103 0.390646 0.014549 0.012777
0 0.702601 0.601569 0.012811 0.010332
0 0.351981 0.675839 0.014900 0.012849
0 0.383046 0.508144 0.019588 0.014262
1 0.632927 0.683336 0.044133 0.030787
0 0.530975 0.732748 0.011395 0.008565
0 0.132995 0.435941 0.013296 0.010140
0 0.638927 0.709977 0.012842 0.009292
0 0.202632 0.323294 0.014473 0.010617
0 0.260635 0.665607 0.012875 0.009083
0 0.372222 0.285598 0.017021 0.011481
0 0.224621 0.650020 0.010823 0.008447
0 0.263792 0.646000 0.012805 0.009667
0 0.569340 0.213533 0.016416 0.014851
0 0.189814 0.612697 0.012080 0.008371
0 0.338969 0.780890 0.018468 0.011534
0 0.478388 0.678766 0.015949 0.012732
1 0.349283 0.416525 0.041850 0.035739
0 0.282725 0.610845 0.014362 0.010118
0 0.228131 0.722514 0.016298 0.012377
0 0.759369 0.444478 0.011880 0.010247
0 0.359831 0.284291 0.016565 0.011024
0 0.133048 0.387345 0.015129 0.010566
0 0.457237 0.721422 0.011064 0.009137
0 0.384387 0.597501 0.017735 0.014036
0 0.579222 0.496651 0.014637 0.012146
0 0.113470 0.545255 0.016117 0.013201
0 0.638585 0.603394 0.013659 0.010600
0 0.628193 0.280914 0.013670 0.011763
0 0.691534 0.621412 0.018415 0.013008
1 0.308301 0.239604 0.029693 0.019856
0 0.257056 0.394110 0.015398 0.013922
0 0.450396 0.342858 0.014930 0.011639
0 0.162131 0.423978 0.012769 0.013394
0 0.416008 0.583133 0.009697 0.007684
0 0.549582 0.629739 0.011435 0.014994
0 0.365028 0.196338 0.014530 0.011103
0 0.419140 0.498897 0.016733 0.016820
0 0.700537 0.546806 0.012023 0.009253
0 0.326283 0.205771 0.015995 0.013484
0 0.703530 0.292448 0.014699 0.011233
0 0.549227 0.594650 0.009453 0.008034
0 0.743122 0.587887 0.012492 0.009795
0 0.630653 0.269283 0.013493 0.012994
0 0.325232 0.629021 0.012953 0.009050
0 0.161073 0.367068 0.012001 0.009514
0 0.388466 0.322019 0.018740 0.013379
0 0.048516 0.383071 0.017058 0.015550
0 0.292738 0.704248 0.016801 0.012294
0 0.243882 0.578350 0.011494 0.008389
0 0.275751 0.384208 0.014755 0.009809
1 0.662933 0.241584 0.031268 0.022905
0 0.783090 0.416738 0.014198 0.010503
0 0.360534 0.759572 0.034818 0.014593
0 0.765334 0.584835 0.014183 0.011079
0 0.782049 0.347617 0.017016 0.014596
0 0.667191 0.464469 0.013444 0.010840
0 0.223042 0.745594 0.015857 0.010813
0 0.182623 0.516212 0.015046 0.010195
0 0.123866 0.667753 0.017536 0.013238
0 0.638103 0.649840 0.019866 0.010710
0 0.450692 0.376096 0.015111 0.012934
0 0.715196 0.610607 0.013172 0.010650
0 0.633059 0.442725 0.012018 0.010137
0 0.205605 0.715680 0.014023 0.010149
0 0.406936 0.461768 0.015704 0.012450
0 0.417280 0.710372 0.012615 0.010179
0 0.624905 0.472182 0.014285 0.010894
0 0.210073 0.386919 0.015605 0.011431
0 0.118131 0.603288 0.016887 0.011697
0 0.199860 0.270367 0.014220 0.013504
0 0.269782 0.422645 0.018579 0.011262
0 0.397781 0.668965 0.009475 0.008010
0 0.653366 0.320737 0.013375 0.010209
0 0.285650 0.372382 0.014481 0.011381
0 0.297705 0.678127 0.011806 0.008595