0 0.463556 0.470190 0.018568 0.014124
0 0.601417 0.333218 0.017896 0.013539
0 0.534183 0.406512 0.017001 0.013516
0 0.379800 0.527244 0.018689 0.013607
0 0.507894 0.430788 0.017394 0.013623
0 0.563533 0.284251 0.018509 0.014449
0 0.463224 0.348471 0.018449 0.013920
0 0.340853 0.322026 0.019923 0.015099
0 0.489363 0.496666 0.018734 0.013957
0 0.419946 0.521507 0.018464 0.013168
0 0.263579 0.327031 0.020743 0.015362
0 0.308280 0.296382 0.018337 0.014217
0 0.324252 0.475431 0.019375 0.015469
0 0.573673 0.593275 0.019454 0.014569
0 0.462460 0.419994 0.017936 0.013274
0 0.614428 0.478450 0.019682 0.014902
0 0.610599 0.245448 0.018031 0.013669
0 0.195040 0.491425 0.020016 0.014032
0 0.736120 0.407752 0.017213 0.013618
0 0.622736 0.439652 0.017337 0.012918
0 0.568237 0.347592 0.017377 0.013265
0 0.640386 0.244945 0.017668 0.013385
0 0.277531 0.272299 0.018425 0.013799
0 0.216595 0.503482 0.022258 0.015487
0 0.601176 0.682862 0.017365 0.013295
0 0.414466 0.605337 0.019972 0.015682
0 0.644766 0.268378 0.015403 0.012606
0 0.514651 0.560588 0.017348 0.012907
0 0.596266 0.434960 0.018070 0.013748
0 0.399724 0.378560 0.019008 0.014583
0 0.267850 0.290378 0.017511 0.013066
0 0.495058 0.374485 0.016670 0.013911
0 0.145978 0.497376 0.019595 0.014496
0 0.380453 0.600999 0.019571 0.016073
0 0.075714 0.427566 0.018305 0.013919
0 0.446925 0.644946 0.020670 0.016711
0 0.129670 0.293983 0.018754 0.015459
0 0.332732 0.509560 0.016566 0.012981
0 0.407868 0.695981 0.030662 0.023863
0 0.643678 0.547752 0.014800 0.010818
0 0.146441 0.261482 0.017425 0.013428
0 0.407315 0.437009 0.017572 0.015844
1 0.454636 0.542667 0.035771 0.033764
0 0.185598 0.415846 0.016167 0.012521
0 0.162382 0.488925 0.019178 0.015822
0 0.733527 0.283857 0.019489 0.013864
0 0.426422 0.562362 0.015565 0.013069
0 0.191226 0.395164 0.016970 0.013823
0 0.317490 0.275777 0.020495 0.015835
0 0.584864 0.662631 0.019791 0.016087
0 0.417919 0.373250 0.015507 0.011716
0 0.474836 0.312496 0.020136 0.017166
0 0.584261 0.617077 0.018516 0.013780
0 0.427249 0.346711 0.016362 0.013305
0 0.331440 0.678134 0.024917 0.017984
0 0.080048 0.466723 0.018690 0.012531
0 0.169995 0.589921 0.018614 0.013861
0 0.519963 0.525338 0.014767 0.011292
0 0.314499 0.174249 0.016918 0.013300
0 0.473139 0.376091 0.016333 0.011676
1 0.483411 0.732803 0.039843 0.028725
0 0.814950 0.374586 0.015274 0.013214
0 0.405149 0.301239 0.016088 0.012899
0 0.543546 0.601835 0.032370 0.026128
0 0.157969 0.562410 0.015259 0.011491
0 0.290081 0.629421 0.018353 0.014229
0 0.481301 0.522389 0.014202 0.011202
0 0.524980 0.579827 0.017664 0.015055
0 0.383818 0.498997 0.014585 0.012098
1 0.544470 0.601634 0.029868 0.024370
0 0.404758 0.356827 0.017452 0.012955
0 0.202565 0.339300 0.013905 0.011437
1 0.754500 0.544085 0.050915 0.030265
0 0.305925 0.653181 0.017988 0.014201
0 0.091752 0.411497 0.020021 0.014534
0 0.731769 0.464239 0.012484 0.010388
0 0.629105 0.560678 0.015233 0.011495
0 0.216976 0.227441 0.016454 0.013935
0 0.552751 0.508612 0.013731 0.011648
0 0.232385 0.247811 0.013384 0.011009
1 0.561716 0.165788 0.030742 0.021959