0 0.107395 0.589826 0.021538 0.025866
0 0.050041 0.533539 0.020325 0.026803
0 0.078283 0.552506 0.020821 0.025409
0 0.723254 0.426930 0.021791 0.025107
0 0.762243 0.463437 0.020541 0.026291
0 0.667686 0.549222 0.021034 0.023900
0 0.442754 0.369516 0.019406 0.024421
0 0.718495 0.619269 0.018234 0.021673
0 0.151533 0.616593 0.021465 0.026699
0 0.087107 0.650085 0.022662 0.026704
0 0.542596 0.392119 0.018928 0.023065
0 0.678491 0.342725 0.018287 0.019864
0 0.084265 0.336365 0.020912 0.024282
0 0.679154 0.280694 0.017111 0.020688
0 0.509599 0.177780 0.017160 0.021031
0 0.195575 0.562383 0.020059 0.022969
0 0.836167 0.449088 0.017137 0.020702
0 0.732162 0.870724 0.023811 0.027339
0 0.872061 0.731328 0.019999 0.024079
0 0.667609 0.170294 0.014179 0.017761
0 0.782583 0.547528 0.020784 0.024247
0 0.326433 0.786735 0.021912 0.025820
0 0.443448 0.116441 0.015044 0.018552
0 0.356113 0.886785 0.021225 0.025898
0 0.724482 0.211380 0.017625 0.021170
0 0.452268 0.455970 0.021570 0.027617
0 0.224132 0.791978 0.026429 0.038919
0 0.324718 0.538368 0.018617 0.021954
0 0.294475 0.435113 0.019456 0.025363
0 0.368153 0.114717 0.015501 0.020482
0 0.796548 0.334339 0.017579 0.020374
0 0.630425 0.343290 0.017194 0.021510
0 0.480219 0.292001 0.024337 0.026163
0 0.676775 0.213780 0.015117 0.017794
0 0.637833 0.277388 0.017161 0.021144
0 0.601969 0.342858 0.018534 0.022979
0 0.215779 0.478900 0.028454 0.030572
0 0.356043 0.707201 0.019675 0.024503
0 0.784742 0.666209 0.018242 0.021877
0 0.824509 0.825112 0.021113 0.024851
0 0.188540 0.613071 0.023256 0.028084
0 0.318353 0.310300 0.016532 0.021633
0 0.620873 0.496831 0.019994 0.024264
0 0.746745 0.674428 0.017126 0.020627
0 0.450642 0.552556 0.025504 0.035807
0 0.351003 0.316975 0.016183 0.023082
0 0.663818 0.764980 0.019107 0.021908
0 0.281466 0.349999 0.019748 0.023194
0 0.552121 0.576910 0.030216 0.023811
0 0.234114 0.604281 0.020448 0.025255
1 0.938127 0.582510 0.046281 0.067705
0 0.580710 0.876676 0.023737 0.028753
0 0.133000 0.292704 0.018760 0.021560
0 0.867081 0.392935 0.016781 0.020607
0 0.183761 0.939049 0.023856 0.028175
0 0.800966 0.292462 0.016407 0.020059
0 0.097514 0.287262 0.015570 0.019706
0 0.343407 0.269891 0.019521 0.021614
0 0.201368 0.230191 0.017483 0.022034
0 0.029569 0.879370 0.024008 0.038062
0 0.137383 0.189281 0.016961 0.019513
0 0.893016 0.757089 0.023194 0.032489
0 0.431674 0.067383 0.013331 0.017435
0 0.321433 0.594213 0.025843 0.025765
0 0.877861 0.988888 0.026180 0.021519
1 0.326390 0.037593 0.044227 0.044840
0 0.513158 0.718693 0.033645 0.034054
0 0.136624 0.155884 0.015258 0.018768
0 0.322837 0.982278 0.026868 0.028997
0 0.521247 0.979015 0.023131 0.024898
0 0.470985 0.389747 0.019077 0.025763
0 0.704977 0.475741 0.018508 0.025786
0 0.137478 0.802217 0.018368 0.024356
0 0.323435 0.339380 0.018056 0.023292
0 0.395260 0.877992 0.019593 0.024115
0 0.308060 0.276769 0.016972 0.023170
0 0.143622 0.213762 0.014977 0.019016
0 0.647703 0.872655 0.022427 0.026057
0 0.210932 0.593061 0.022197 0.026331