0 0.548749 0.781043 0.019301 0.015512
0 0.541069 0.745070 0.022904 0.018046
0 0.615301 0.618732 0.015416 0.012202
0 0.443336 0.714068 0.021391 0.017016
0 0.402927 0.614665 0.017103 0.013017
0 0.207975 0.611024 0.019656 0.015727
0 0.261092 0.642342 0.017570 0.014877
0 0.253135 0.568759 0.019975 0.015093
0 0.239023 0.720876 0.017029 0.014697
0 0.038317 0.775192 0.019618 0.014385
0 0.337871 0.648410 0.018975 0.016347
0 0.239036 0.986333 0.017376 0.014350
0 0.213195 0.669687 0.023050 0.016385
0 0.675472 0.770866 0.012976 0.009823
0 0.133932 0.761957 0.015961 0.013214
0 0.622217 0.577586 0.018064 0.010775
0 0.125422 0.855350 0.015724 0.012361