0 0.675871 0.541291 0.017610 0.017811
0 0.256616 0.582341 0.017767 0.018475
0 0.595475 0.510617 0.017544 0.018047
0 0.635206 0.202707 0.016429 0.016348
0 0.476370 0.609096 0.017121 0.017571
0 0.780950 0.238331 0.015752 0.016084
0 0.637481 0.110021 0.017143 0.017312
0 0.315165 0.673340 0.017358 0.018940
0 0.650754 0.477665 0.018120 0.018001
0 0.336167 0.299611 0.019801 0.020782
1 0.709161 0.117072 0.049195 0.054688
1 0.102226 0.656914 0.043318 0.045028
0 0.870452 0.276505 0.015760 0.015151
0 0.417849 0.141129 0.016651 0.017497
1 0.636593 0.707116 0.047013 0.050480
0 0.849182 0.196999 0.014869 0.015846
0 0.506874 0.358783 0.018792 0.017535
1 0.318361 0.159969 0.040514 0.042811
0 0.340478 0.647567 0.016931 0.016930
0 0.864803 0.559854 0.017121 0.016287
1 0.368158 0.679034 0.049493 0.051939
0 0.350658 0.510738 0.018495 0.019426
0 0.715867 0.311218 0.018287 0.017606
0 0.367551 0.353238 0.016649 0.017798
0 0.378091 0.392126 0.019787 0.020179
0 0.711798 0.843613 0.020945 0.020590
0 0.523490 0.148597 0.015729 0.016494
0 0.233887 0.594723 0.016500 0.015978
1 0.587343 0.132186 0.039549 0.041108
0 0.704524 0.280133 0.017262 0.017125
0 0.772717 0.339946 0.017301 0.016152
0 0.308366 0.290011 0.019203 0.019851
0 0.196672 0.389720 0.017092 0.017113
1 0.782199 0.446448 0.053722 0.049258
0 0.179062 0.257629 0.025816 0.024142
0 0.406382 0.498513 0.016819 0.017705
0 0.529348 0.780437 0.016677 0.017348
0 0.399597 0.046830 0.016270 0.018519
0 0.243282 0.531730 0.017619 0.017132
0 0.594800 0.232845 0.018704 0.019350
1 0.125968 0.158066 0.041527 0.048863
0 0.814476 0.299545 0.016136 0.016840
0 0.232774 0.293964 0.016691 0.017472
0 0.474655 0.180688 0.015056 0.017349
0 0.830954 0.251409 0.017639 0.018418
0 0.636782 0.050934 0.018142 0.018732
0 0.545130 0.120550 0.017414 0.018913
0 0.163898 0.671539 0.015487 0.016052
0 0.463702 0.030917 0.015268 0.015502
0 0.720368 0.486663 0.020087 0.019768
0 0.230581 0.880779 0.015010 0.015941
0 0.927882 0.515529 0.016564 0.017454
0 0.406890 0.614826 0.014381 0.014728
0 0.521405 0.183102 0.020437 0.020353
0 0.735769 0.304800 0.014681 0.014253
0 0.716159 0.254878 0.019765 0.018143
0 0.908754 0.524866 0.016604 0.017183
0 0.382623 0.815965 0.016281 0.016848
0 0.733207 0.671235 0.015193 0.016097
0 0.751719 0.199240 0.016396 0.017349
0 0.429576 0.088194 0.014806 0.014997
0 0.319171 0.041368 0.016159 0.018156
0 0.709901 0.565914 0.014954 0.015761
0 0.556809 0.710826 0.015953 0.015693
0 0.574534 0.383478 0.017060 0.016883
0 0.184573 0.099957 0.023181 0.022850
0 0.472514 0.507556 0.019708 0.023355
0 0.829472 0.364934 0.021638 0.021387
0 0.586952 0.165491 0.018465 0.017178
0 0.430211 0.182084 0.016759 0.017099
0 0.489370 0.260881 0.019397 0.021991
0 0.261212 0.400674 0.014706 0.016474
0 0.599151 0.406413 0.016327 0.018022
0 0.483004 0.133289 0.015382 0.015912
0 0.702911 0.353902 0.018087 0.017331
0 0.213040 0.220237 0.015985 0.017873
0 0.493288 0.790102 0.016379 0.016737
0 0.342434 0.327716 0.016240 0.015872
0 0.496444 0.196509 0.015029 0.014767