0 0.449068 0.572851 0.013137 0.011061
0 0.482867 0.505826 0.012884 0.010301
0 0.399340 0.556586 0.013742 0.011205
0 0.598516 0.670335 0.014415 0.011066
0 0.303467 0.583816 0.013966 0.010329
0 0.292950 0.449874 0.016354 0.012378
0 0.640363 0.372991 0.015229 0.011364
0 0.599810 0.392341 0.013097 0.009988
0 0.558841 0.540048 0.013358 0.010515
0 0.598349 0.346165 0.014939 0.011160
0 0.301541 0.350568 0.015043 0.012390
0 0.334542 0.545746 0.013752 0.010751
0 0.364678 0.308361 0.015746 0.012524
0 0.561165 0.564980 0.013784 0.011298
0 0.674985 0.260599 0.014049 0.011746
0 0.497041 0.330798 0.014411 0.010703
0 0.495184 0.649838 0.015018 0.011490
0 0.449256 0.494512 0.013091 0.010100
0 0.242662 0.413276 0.014054 0.011092
0 0.275253 0.339800 0.015695 0.013286
0 0.707462 0.472647 0.014106 0.010975
0 0.669487 0.368782 0.013903 0.010876
0 0.630716 0.695617 0.015521 0.011280
0 0.393365 0.637626 0.012428 0.009607
0 0.581983 0.466205 0.014992 0.012214
0 0.252990 0.383700 0.014777 0.013423
0 0.548066 0.289808 0.013684 0.011052
0 0.394016 0.333049 0.015421 0.011357
0 0.655667 0.231166 0.014286 0.011472
0 0.443367 0.617576 0.012850 0.010809
0 0.327008 0.267122 0.013285 0.010843
0 0.426731 0.371513 0.014604 0.011083
0 0.554340 0.609740 0.012912 0.010809
0 0.319481 0.560443 0.012985 0.009757
0 0.446897 0.427394 0.017470 0.012293
0 0.325206 0.605433 0.014540 0.011484
0 0.691160 0.347308 0.012929 0.009651
0 0.615214 0.417657 0.013800 0.010539
0 0.452782 0.639957 0.011512 0.009138
0 0.510377 0.416934 0.014153 0.010550
0 0.406857 0.461670 0.014223 0.011050
0 0.532025 0.375559 0.013748 0.010497
0 0.219562 0.504397 0.013233 0.010425
0 0.297391 0.247587 0.013316 0.010921
0 0.554703 0.461404 0.014625 0.012652
0 0.391397 0.492178 0.014808 0.012082
0 0.418036 0.634217 0.013717 0.011128
0 0.217286 0.321863 0.014227 0.011472
0 0.365283 0.522222 0.017669 0.011277
0 0.273388 0.398543 0.013707 0.011081
0 0.202682 0.350728 0.013534 0.011161
0 0.237049 0.253012 0.016407 0.013536
0 0.308849 0.431043 0.014364 0.011532
0 0.248831 0.435792 0.013809 0.011261
0 0.802565 0.461604 0.013078 0.010483
0 0.502855 0.398041 0.014228 0.010264
0 0.383537 0.596811 0.013555 0.010338
0 0.136029 0.358300 0.016469 0.013621
0 0.690097 0.309612 0.012572 0.009780
0 0.631470 0.668190 0.014927 0.010859
0 0.167368 0.433863 0.012462 0.010522
0 0.350383 0.568353 0.014130 0.010994
0 0.383194 0.351866 0.014197 0.011162
0 0.625710 0.320634 0.015028 0.011495
0 0.733519 0.361681 0.014021 0.011962
0 0.595378 0.228695 0.014117 0.010860
0 0.523982 0.200051 0.014604 0.011335
0 0.145225 0.462169 0.014013 0.010234
0 0.733005 0.465915 0.012454 0.009911
0 0.618818 0.436195 0.013245 0.011665
0 0.588294 0.629544 0.011777 0.008983
1 0.694496 0.404118 0.043976 0.031329
0 0.538926 0.266455 0.013566 0.010718
1 0.677477 0.625680 0.050074 0.035417
0 0.201794 0.287587 0.015942 0.013275
0 0.723795 0.650190 0.014221 0.011031
0 0.365415 0.615308 0.013721 0.009903
0 0.384806 0.382627 0.020049 0.015867
0 0.553831 0.685323 0.016267 0.012851
0 0.277063 0.274875 0.018327 0.015857
1 0.622047 0.513375 0.051089 0.037449
0 0.394593 0.437621 0.013119 0.009650
1 0.635628 0.298431 0.063536 0.036986
0 0.549289 0.228222 0.012856 0.011590
0 0.577744 0.330057 0.015147 0.012559
0 0.761152 0.408264 0.011686 0.009093
0 0.513070 0.218639 0.014026 0.010639
0 0.763762 0.341322 0.017936 0.014890
0 0.152917 0.382120 0.013412 0.010754
0 0.406948 0.669622 0.014012 0.010471
0 0.547779 0.657586 0.012925 0.010360
0 0.425112 0.321816 0.014201 0.012776
0 0.466913 0.384025 0.013801 0.012380
0 0.691284 0.212910 0.015566 0.012504
1 0.554976 0.499555 0.081934 0.037905
0 0.377435 0.690363 0.014429 0.011584
0 0.748148 0.375565 0.015613 0.013214
0 0.443136 0.264645 0.013060 0.010630
0 0.722899 0.581725 0.012764 0.009653
0 0.428070 0.672030 0.013613 0.010674
0 0.448463 0.294258 0.016705 0.014193
0 0.437642 0.194287 0.013470 0.011063
0 0.467706 0.249772 0.014647 0.015086
0 0.566319 0.199936 0.012709 0.011675
0 0.260325 0.550105 0.012624 0.010737
0 0.258902 0.646791 0.014475 0.011381
0 0.465684 0.215896 0.014081 0.011411
0 0.784786 0.432758 0.011434 0.008838
0 0.559848 0.347819 0.018248 0.015581
0 0.476566 0.293982 0.013822 0.011088
0 0.475783 0.629301 0.013214 0.009977
0 0.366961 0.285355 0.016809 0.012905
0 0.557171 0.404274 0.012718 0.011064
1 0.773703 0.277528 0.076198 0.040734
0 0.643646 0.459749 0.011283 0.009080
1 0.496829 0.740909 0.085392 0.031192
0 0.678168 0.564518 0.012953 0.010433
0 0.611767 0.250587 0.018569 0.015831
0 0.422043 0.208266 0.014188 0.011215
0 0.335022 0.581845 0.012536 0.009093
0 0.492954 0.586289 0.013496 0.009755
0 0.297970 0.279859 0.015233 0.011755
0 0.429637 0.248160 0.013332 0.011413
0 0.488008 0.201997 0.012517 0.011479
0 0.424538 0.400586 0.017577 0.012780
0 0.576754 0.256071 0.013025 0.010482
0 0.376688 0.674567 0.013450 0.011473
0 0.449322 0.345948 0.015555 0.011221
0 0.340558 0.484989 0.014030 0.013303
0 0.198938 0.577983 0.013784 0.010623
0 0.847076 0.376442 0.016177 0.012903
0 0.165385 0.318414 0.018771 0.014766
0 0.811867 0.492015 0.011392 0.008810
0 0.403944 0.510974 0.014042 0.012118
0 0.674168 0.483265 0.013014 0.009543
0 0.780685 0.576971 0.012405 0.009765
0 0.540736 0.410999 0.014297 0.011156
0 0.538287 0.396377 0.014499 0.011456
0 0.725602 0.429926 0.014015 0.011866
0 0.622457 0.193519 0.014830 0.013016
0 0.206484 0.399981 0.014983 0.012214
0 0.586566 0.376035 0.013300 0.010307
0 0.776669 0.604700 0.014879 0.011086
0 0.450378 0.451061 0.014732 0.012570
0 0.640300 0.563658 0.010422 0.008819
0 0.356340 0.680688 0.016906 0.013339
0 0.626287 0.275462 0.015979 0.010956
0 0.477186 0.351377 0.018554 0.013057
0 0.499016 0.450130 0.018280 0.015647
0 0.803401 0.442405 0.010734 0.008271
0 0.732277 0.312970 0.014815 0.011133
0 0.785285 0.470713 0.011934 0.009223
0 0.422409 0.502414 0.015657 0.012903
0 0.548108 0.594333 0.010634 0.009014
0 0.594113 0.546762 0.012212 0.008895
0 0.753162 0.564509 0.012885 0.009756
0 0.790096 0.306074 0.014741 0.011220
0 0.685109 0.507618 0.013118 0.009560
0 0.589815 0.207746 0.013851 0.010526
0 0.720402 0.268783 0.014112 0.010879
0 0.320580 0.655867 0.016461 0.012839
0 0.436520 0.464541 0.013265 0.010068
0 0.397392 0.215971 0.016717 0.015457
0 0.432868 0.333231 0.014493 0.011155
0 0.347049 0.612737 0.014533 0.010669
0 0.544632 0.164497 0.017086 0.011441
1 0.211347 0.624820 0.045439 0.034000
0 0.682792 0.439858 0.012926 0.012342
1 0.591127 0.277745 0.039791 0.022117
0 0.347407 0.443843 0.014771 0.013317
0 0.605169 0.555091 0.012131 0.009824
0 0.373242 0.586361 0.013112 0.010471
0 0.828385 0.425767 0.011790 0.008944
0 0.476021 0.314662 0.015829 0.014967
0 0.723996 0.449387 0.012907 0.009654
0 0.768056 0.322027 0.013093 0.009906
0 0.775124 0.554320 0.012967 0.010344
0 0.655734 0.398850 0.011559 0.011032
0 0.613355 0.715486 0.016078 0.011618
0 0.452168 0.364557 0.016099 0.012386
0 0.633046 0.334722 0.013737 0.011209
0 0.260335 0.615029 0.012780 0.010974
0 0.660089 0.390313 0.013564 0.011053
0 0.339696 0.447194 0.018304 0.013307
0 0.830591 0.338024 0.019345 0.016458
0 0.481087 0.177125 0.011899 0.010606
0 0.815911 0.365871 0.018339 0.010990
0 0.616009 0.226167 0.015884 0.012631
0 0.294346 0.658043 0.015855 0.011871
0 0.273887 0.660153 0.018218 0.013345
0 0.767942 0.520802 0.012098 0.009837
0 0.406735 0.419474 0.013332 0.010341
0 0.330863 0.326200 0.012649 0.010748
0 0.670133 0.481530 0.015072 0.009555
0 0.507073 0.354810 0.011910 0.009098
0 0.185325 0.456876 0.018488 0.014594
1 0.358161 0.235428 0.050908 0.044908
0 0.523482 0.693700 0.013188 0.010822
0 0.248395 0.478296 0.011883 0.009684
0 0.729566 0.230349 0.019301 0.016477
0 0.139199 0.422045 0.013706 0.013713
0 0.589294 0.296346 0.012674 0.009466
0 0.439282 0.212903 0.012237 0.009399
0 0.182605 0.323698 0.018536 0.014663
0 0.703401 0.567832 0.013180 0.011412
0 0.604358 0.477638 0.011177 0.008780
0 0.597254 0.549798 0.013321 0.012041
0 0.478222 0.159283 0.014781 0.011818
0 0.133325 0.430364 0.015237 0.012836
1 0.392705 0.253005 0.043337 0.033902
0 0.510325 0.562326 0.010860 0.010238
0 0.657540 0.395004 0.013170 0.016666
0 0.685543 0.385068 0.011342 0.008154
0 0.553616 0.521246 0.012401 0.009806
0 0.290321 0.277988 0.025729 0.012900
0 0.524271 0.466772 0.011625 0.009606
1 0.343593 0.208105 0.060020 0.027448
1 0.750561 0.250924 0.039526 0.020861