0 0.398814 0.293856 0.016550 0.012760
0 0.534416 0.219854 0.015021 0.012352
0 0.514043 0.240079 0.016587 0.012333
0 0.430235 0.344888 0.016274 0.011696
0 0.548397 0.320794 0.017686 0.013561
0 0.475768 0.534731 0.017351 0.013288
0 0.491023 0.473108 0.018213 0.013450
0 0.582297 0.322372 0.017061 0.013407
0 0.497466 0.204289 0.015979 0.012266
0 0.580407 0.192617 0.016317 0.012402
0 0.256859 0.409861 0.017442 0.013151
0 0.584131 0.258388 0.016736 0.012771
0 0.427737 0.241064 0.019293 0.014270
0 0.370795 0.218896 0.019125 0.014469
0 0.347179 0.241420 0.015595 0.012010
0 0.654198 0.357430 0.018457 0.014440
0 0.611129 0.350031 0.017682 0.012612
0 0.629589 0.278366 0.021190 0.016114
0 0.346942 0.485630 0.018113 0.013493
0 0.681542 0.425692 0.017794 0.013485
0 0.383491 0.483955 0.016484 0.013629
0 0.432070 0.275301 0.013708 0.010632
0 0.357369 0.412679 0.017535 0.013482
0 0.396472 0.355132 0.016439 0.011725
0 0.755602 0.362141 0.016550 0.012014
0 0.829897 0.225539 0.016779 0.012317
0 0.588684 0.389082 0.016108 0.011961
0 0.746393 0.284168 0.017760 0.014104
0 0.632139 0.327377 0.017664 0.013645
0 0.452590 0.575034 0.016967 0.013273
0 0.479045 0.429981 0.016522 0.012118
0 0.664862 0.449941 0.017937 0.013537
0 0.276769 0.308167 0.014298 0.011324
0 0.507842 0.284512 0.016877 0.013496
0 0.412299 0.185200 0.019614 0.015589
0 0.868273 0.371093 0.022700 0.017544
0 0.462578 0.336245 0.016618 0.012453
0 0.467218 0.273480 0.013898 0.011099
0 0.389458 0.618816 0.021496 0.016830
0 0.375775 0.179871 0.016562 0.013992
0 0.550102 0.474430 0.017423 0.013532
0 0.381435 0.383843 0.017312 0.013541
0 0.396092 0.587337 0.021047 0.015687
0 0.205042 0.446294 0.016644 0.013487
0 0.353748 0.310235 0.015215 0.012993
0 0.222109 0.298105 0.016126 0.012746
0 0.653099 0.187789 0.020192 0.014772
0 0.364295 0.378107 0.017230 0.012646
0 0.487257 0.159230 0.015116 0.012217
0 0.689855 0.512137 0.020142 0.015524
0 0.724167 0.418571 0.017782 0.014346
0 0.833862 0.397360 0.023069 0.017599
0 0.685126 0.461310 0.017333 0.011889
0 0.251411 0.433192 0.015509 0.012410
0 0.478302 0.182017 0.018233 0.013429
0 0.201499 0.349732 0.015505 0.011994
0 0.481433 0.329148 0.014806 0.011236
0 0.537649 0.434278 0.016535 0.011906
0 0.502001 0.441978 0.014668 0.010493
0 0.885432 0.319864 0.018146 0.015007
0 0.535175 0.377618 0.016355 0.013591
0 0.776179 0.237990 0.016913 0.014943
0 0.273533 0.455893 0.014533 0.012859
0 0.382351 0.260493 0.018863 0.013888
0 0.323737 0.365685 0.015316 0.012196
0 0.711754 0.204578 0.021615 0.015760
0 0.692120 0.484800 0.018097 0.013859
0 0.755122 0.413054 0.020376 0.017096
0 0.243636 0.268753 0.017045 0.014055
0 0.512677 0.466356 0.015897 0.011465
0 0.682965 0.187378 0.017546 0.014002
0 0.429295 0.158968 0.017553 0.013481
0 0.348516 0.531812 0.013318 0.009988
0 0.559117 0.249506 0.018315 0.012217
0 0.587091 0.287666 0.012727 0.010425
0 0.683418 0.390483 0.015673 0.012201
0 0.676953 0.479277 0.017528 0.013531
0 0.473001 0.620680 0.020000 0.015345
0 0.632133 0.210142 0.020675 0.014676
0 0.501982 0.509450 0.017396 0.013523
0 0.611884 0.374618 0.017551 0.014678
0 0.634984 0.139909 0.016359 0.011403
0 0.513488 0.387538 0.015081 0.010972
0 0.468010 0.587564 0.016625 0.013047
0 0.458500 0.220747 0.011830 0.009592
0 0.701744 0.572028 0.017977 0.013871
0 0.837918 0.500622 0.018496 0.014024
0 0.573061 0.596902 0.021685 0.015985
0 0.726555 0.268263 0.019314 0.017748
0 0.590959 0.176185 0.011590 0.009581
0 0.623438 0.492163 0.018755 0.013988
0 0.472669 0.179660 0.019958 0.014375
0 0.729908 0.413856 0.021926 0.018943
0 0.523116 0.451365 0.015994 0.013569
0 0.633112 0.406879 0.017353 0.018031
0 0.680003 0.213142 0.019865 0.014174
0 0.646178 0.252280 0.013484 0.010575
0 0.592310 0.220710 0.012144 0.010875
0 0.629055 0.410933 0.018405 0.013783
0 0.663841 0.268587 0.016417 0.011693
0 0.813868 0.499897 0.015961 0.012371
0 0.736280 0.407033 0.023975 0.016259
0 0.571822 0.384210 0.014598 0.011117