0 0.640864 0.565188 0.015392 0.012514
0 0.637393 0.528094 0.022456 0.013224
0 0.660137 0.617090 0.018513 0.014912
0 0.320113 0.372269 0.017434 0.013063
0 0.279805 0.576429 0.014805 0.011291
0 0.288093 0.477578 0.013938 0.012235
0 0.457919 0.745793 0.017980 0.013914
0 0.611932 0.586063 0.015549 0.014079
0 0.416821 0.465119 0.015441 0.014211
0 0.471618 0.793689 0.014490 0.010805
0 0.363097 0.487967 0.013803 0.011388
0 0.616727 0.672105 0.016772 0.013130
0 0.516409 0.557619 0.017709 0.016026
0 0.489513 0.638118 0.017674 0.014208
0 0.715858 0.708871 0.016291 0.011288
0 0.353268 0.416510 0.014480 0.011885
0 0.260664 0.554339 0.017262 0.012298
0 0.295873 0.729779 0.017277 0.014750
0 0.619437 0.650848 0.016400 0.014826
0 0.687140 0.596228 0.014929 0.011090
0 0.437412 0.337498 0.013928 0.012306
0 0.369912 0.703715 0.013451 0.012849
0 0.295911 0.384454 0.012467 0.013283
0 0.440022 0.361914 0.010455 0.010746
0 0.424958 0.808346 0.024237 0.020096
0 0.301288 0.650020 0.016421 0.014048
0 0.319803 0.669881 0.013809 0.012261
0 0.324500 0.406260 0.017711 0.013134
0 0.322778 0.541568 0.015758 0.012128
0 0.373321 0.618799 0.014332 0.012258
0 0.351526 0.733857 0.017593 0.013023
0 0.254560 0.676836 0.011865 0.010160
0 0.508270 0.869440 0.024457 0.017921
0 0.262609 0.414609 0.014127 0.013564
0 0.565677 0.615559 0.014738 0.015044
0 0.434726 0.510704 0.015876 0.014239
0 0.312583 0.427391 0.021604 0.014243
0 0.318457 0.430258 0.020920 0.017540
0 0.545084 0.462573 0.020999 0.017170
0 0.187470 0.456022 0.011557 0.012518
0 0.558432 0.474267 0.020479 0.014094
0 0.541403 0.770911 0.028069 0.016339
0 0.534339 0.835457 0.020456 0.015580
0 0.730752 0.602892 0.015217 0.010293
0 0.553557 0.471221 0.025545 0.021376
0 0.535568 0.559357 0.015962 0.015704
0 0.674992 0.723482 0.012991 0.011641
0 0.533146 0.856806 0.021566 0.017026
1 0.734742 0.648474 0.078247 0.057512
1 0.571987 0.893779 0.062598 0.034038