0 0.684939 0.354339 0.013662 0.011249
0 0.474442 0.348880 0.014189 0.010618
0 0.485223 0.434655 0.015894 0.012110
0 0.648737 0.341523 0.013015 0.010993
0 0.391822 0.510144 0.013276 0.010645
0 0.522489 0.568733 0.012741 0.010159
0 0.724599 0.358994 0.016057 0.011875
0 0.688410 0.407745 0.013702 0.010746
0 0.650700 0.418752 0.014306 0.012163
0 0.549077 0.721051 0.012479 0.009951
1 0.525704 0.656851 0.056443 0.041832
0 0.376024 0.406451 0.014660 0.011596
0 0.458398 0.396338 0.014976 0.012299
0 0.305815 0.494296 0.015304 0.012863
0 0.478021 0.301267 0.012773 0.010496
0 0.528596 0.611281 0.012641 0.010028
0 0.557645 0.577393 0.016583 0.012687
0 0.414014 0.398674 0.015608 0.012193
0 0.501342 0.497876 0.015584 0.012045
0 0.716030 0.390108 0.014338 0.011434
0 0.530600 0.325154 0.015664 0.011707
0 0.393013 0.484253 0.014950 0.012062
0 0.547916 0.634744 0.013244 0.009867
0 0.914344 0.440726 0.016522 0.013422
0 0.832984 0.605742 0.011233 0.009548
1 0.538382 0.360186 0.081467 0.039520
0 0.814900 0.459018 0.013913 0.012339
0 0.643488 0.487519 0.014594 0.012577
0 0.673908 0.395049 0.013552 0.011639
0 0.590436 0.525751 0.017228 0.014384
0 0.596209 0.498354 0.014005 0.010926
0 0.654436 0.444146 0.017976 0.012695
0 0.357393 0.692392 0.011965 0.009762
0 0.616961 0.471895 0.019159 0.014958
0 0.616593 0.438450 0.017154 0.013812
0 0.444154 0.311237 0.014650 0.011953
0 0.859242 0.505570 0.011356 0.009401
0 0.367806 0.530600 0.011601 0.009313
0 0.387368 0.429635 0.016089 0.012325
0 0.352208 0.499047 0.012976 0.011313
0 0.414973 0.534519 0.016233 0.011816
0 0.641203 0.314737 0.015177 0.011807
0 0.551187 0.407099 0.013208 0.010683
0 0.450194 0.368072 0.012027 0.010569
0 0.849584 0.577503 0.011397 0.009428
0 0.493461 0.330211 0.012687 0.010200
1 0.583571 0.391201 0.038742 0.033050
0 0.506945 0.610395 0.012736 0.010143
0 0.608991 0.369682 0.013850 0.010957
0 0.607094 0.407232 0.014646 0.011582
0 0.368459 0.451530 0.014767 0.011718
0 0.768642 0.586408 0.011935 0.010509
0 0.547312 0.522946 0.017527 0.013904
0 0.565108 0.280507 0.013306 0.013587
0 0.511794 0.383016 0.019966 0.012026
1 0.489685 0.702316 0.040403 0.031067
0 0.739903 0.340044 0.017701 0.012752
0 0.822485 0.718639 0.014764 0.010631
0 0.234294 0.564106 0.013142 0.010216
0 0.730479 0.399969 0.012969 0.010331
0 0.802069 0.724517 0.012171 0.009348
0 0.827991 0.677500 0.011735 0.009135
0 0.562591 0.681354 0.010845 0.008622
0 0.531541 0.434300 0.017501 0.014792
0 0.723901 0.320841 0.012426 0.011185
0 0.869725 0.626174 0.011215 0.008989
0 0.913828 0.472077 0.013264 0.010587
0 0.464407 0.522592 0.015064 0.014328
0 0.402010 0.378097 0.016658 0.013495
0 0.657804 0.376707 0.019480 0.012849
0 0.651463 0.753466 0.013896 0.010294
0 0.861017 0.534670 0.014139 0.010835
0 0.319483 0.546704 0.013143 0.009831
0 0.564188 0.312299 0.014591 0.013840
0 0.833886 0.533222 0.012650 0.012310
0 0.763793 0.406933 0.016681 0.011532
0 0.515957 0.593018 0.014937 0.010882
0 0.487819 0.396967 0.014886 0.013043
0 0.354881 0.430739 0.015044 0.014026
0 0.679068 0.289666 0.014809 0.013106
0 0.585313 0.725861 0.011973 0.009416
0 0.491485 0.415258 0.015384 0.013157
0 0.703993 0.374404 0.012966 0.009711
0 0.714772 0.523381 0.015063 0.013216
0 0.520631 0.277860 0.013990 0.011535
0 0.561198 0.449388 0.014768 0.011708
0 0.755389 0.749926 0.013964 0.011162
0 0.391225 0.677545 0.010631 0.008535
0 0.846839 0.630700 0.011113 0.008535
0 0.838592 0.460227 0.011736 0.009607
0 0.527387 0.473309 0.014962 0.011994
0 0.558298 0.425164 0.013398 0.012911
0 0.445248 0.289095 0.019243 0.013673
0 0.315121 0.417652 0.013456 0.011961
0 0.645301 0.372784 0.014099 0.011232
0 0.594826 0.303345 0.011461 0.009718
0 0.697264 0.685365 0.010361 0.009202
0 0.773993 0.720452 0.012331 0.011671
0 0.713764 0.500081 0.012837 0.013069
0 0.609096 0.665266 0.012523 0.009707
0 0.618358 0.540799 0.016013 0.011840
0 0.484182 0.602782 0.011986 0.010439
0 0.613471 0.687580 0.013588 0.011731
0 0.587713 0.595795 0.017917 0.012084
0 0.490276 0.574561 0.015074 0.015050
0 0.817283 0.576773 0.013818 0.009480
0 0.711180 0.598244 0.014995 0.011695
0 0.303495 0.401290 0.014243 0.011900
0 0.741505 0.422050 0.015223 0.012353
0 0.622925 0.501808 0.013876 0.010783
0 0.644493 0.616601 0.011762 0.009601
0 0.436908 0.615704 0.011829 0.009332
0 0.457413 0.423301 0.014912 0.013234
0 0.794059 0.705884 0.011647 0.009083
0 0.700153 0.431269 0.013066 0.010489
0 0.442157 0.674929 0.014446 0.009769
0 0.456598 0.334701 0.014274 0.013679
0 0.685736 0.478439 0.016596 0.011739
0 0.645083 0.700057 0.013567 0.011192
0 0.821772 0.499135 0.015267 0.014861
0 0.295066 0.648370 0.014937 0.011542
0 0.634659 0.518725 0.017818 0.015673
0 0.649572 0.288857 0.015196 0.011891
0 0.600779 0.616530 0.012657 0.013739
0 0.283514 0.528740 0.013964 0.010993
0 0.341810 0.607579 0.012012 0.009525
0 0.680912 0.460214 0.014085 0.010793
0 0.886652 0.512710 0.011776 0.010010
0 0.268482 0.518070 0.012030 0.009564
0 0.624120 0.457493 0.015012 0.013096
0 0.726182 0.577852 0.014626 0.014004
0 0.590318 0.793934 0.014946 0.011368
0 0.292663 0.435142 0.015202 0.011073
0 0.803845 0.564781 0.012736 0.010104
0 0.878141 0.444469 0.013402 0.009412
0 0.794160 0.596319 0.010994 0.010029
0 0.778669 0.613156 0.011559 0.009624
0 0.350302 0.507421 0.011994 0.015505
0 0.756710 0.385258 0.012681 0.010238
0 0.667601 0.301320 0.014090 0.011631
0 0.636650 0.783418 0.020350 0.011396
0 0.525678 0.303643 0.011718 0.010318
0 0.870503 0.554521 0.009528 0.007731
0 0.855885 0.474702 0.011156 0.009056
0 0.424005 0.498958 0.012726 0.009653
0 0.512086 0.692050 0.014452 0.010967
0 0.606091 0.556805 0.015408 0.011373
0 0.840406 0.696932 0.010796 0.008124
0 0.612853 0.261239 0.016459 0.013169
1 0.564859 0.775229 0.049039 0.038185
0 0.493940 0.673455 0.015253 0.010915
0 0.572847 0.550355 0.012397 0.013743
0 0.372125 0.320296 0.014180 0.011725
0 0.656625 0.655260 0.011809 0.009780
0 0.850677 0.673438 0.012138 0.009683
0 0.321510 0.525755 0.014851 0.011679
0 0.343959 0.597204 0.014119 0.012215
0 0.520367 0.538283 0.013572 0.011038
0 0.781630 0.637330 0.012445 0.011080
0 0.886751 0.413578 0.015161 0.013386
0 0.582516 0.665081 0.011181 0.009113
0 0.461796 0.762578 0.014465 0.011234
0 0.300579 0.571148 0.014870 0.012111
0 0.665026 0.790504 0.017223 0.011355
0 0.612651 0.776265 0.015260 0.012987
0 0.871522 0.642871 0.011240 0.008792
0 0.438140 0.694836 0.013672 0.010763
0 0.782133 0.341714 0.014083 0.013004
0 0.581112 0.426368 0.015012 0.010374
0 0.564197 0.602398 0.012453 0.010253
1 0.553830 0.822766 0.070547 0.027605
1 0.508588 0.726147 0.047542 0.036807