0 0.759903 0.329225 0.015190 0.011691
0 0.513747 0.245043 0.015613 0.012097
0 0.643578 0.246528 0.016545 0.012003
0 0.729584 0.428600 0.014869 0.010634
0 0.755143 0.272058 0.015832 0.012545
0 0.725666 0.478563 0.014187 0.010975
0 0.405732 0.398820 0.016774 0.013075
0 0.424206 0.372943 0.015011 0.012534
0 0.636109 0.666682 0.015715 0.012276
0 0.787426 0.352700 0.014684 0.010344
0 0.365273 0.340500 0.015520 0.011716
0 0.780717 0.285414 0.016178 0.012584
0 0.689562 0.307339 0.015219 0.011015
0 0.690235 0.216645 0.016593 0.013339
0 0.743085 0.213103 0.013924 0.011037
0 0.572631 0.404755 0.015725 0.012642
0 0.536127 0.228405 0.014282 0.010790
0 0.677610 0.284224 0.014167 0.010662
0 0.500374 0.319618 0.013212 0.011130
0 0.442840 0.298281 0.015986 0.012882
0 0.732043 0.631443 0.012824 0.009286
0 0.843391 0.325180 0.014858 0.011500
0 0.555664 0.251284 0.014137 0.009880
0 0.654522 0.271957 0.016328 0.013717
0 0.444786 0.429767 0.014048 0.010274
0 0.684657 0.422559 0.013809 0.010124
0 0.612842 0.346489 0.020073 0.015259
0 0.661183 0.306933 0.016593 0.012351
0 0.727739 0.290016 0.014792 0.011211
0 0.709702 0.270232 0.014875 0.011289
0 0.855437 0.514592 0.011720 0.008578
0 0.808404 0.598780 0.011927 0.009044
0 0.768516 0.652141 0.014087 0.010022
0 0.534012 0.654965 0.014841 0.011627
0 0.840448 0.252390 0.014491 0.012026
0 0.602186 0.274028 0.014552 0.011945
0 0.469076 0.359732 0.014491 0.012548
0 0.637419 0.635945 0.012748 0.009471
0 0.759307 0.416039 0.013247 0.010340
0 0.839770 0.485566 0.012903 0.009253
0 0.686154 0.337019 0.014092 0.010643
0 0.673054 0.594602 0.011430 0.007982
0 0.354995 0.247461 0.014529 0.011781
0 0.657270 0.349677 0.013791 0.011121
0 0.752267 0.578454 0.011948 0.009719
0 0.760939 0.229521 0.013287 0.009989
0 0.684510 0.469285 0.013966 0.011348
0 0.609490 0.393932 0.017066 0.011030
0 0.474052 0.234453 0.013934 0.011403
0 0.792867 0.482791 0.012266 0.008983
0 0.488443 0.227463 0.015017 0.011939
0 0.548449 0.372933 0.013653 0.010596
0 0.630743 0.223578 0.014150 0.011482
0 0.660615 0.654798 0.017417 0.013039
0 0.740025 0.408160 0.013192 0.009855
1 0.557667 0.291214 0.049271 0.038191
0 0.356235 0.399557 0.012331 0.009143
0 0.576331 0.464396 0.013990 0.010401
0 0.595386 0.223082 0.015039 0.010844
0 0.812297 0.281834 0.016715 0.012034
0 0.897466 0.345763 0.012822 0.009642
0 0.737647 0.512804 0.012712 0.008497
0 0.382790 0.412902 0.012664 0.009752
0 0.412769 0.256641 0.014050 0.011362
0 0.528922 0.469447 0.014207 0.009784
0 0.749480 0.296914 0.017162 0.011559
0 0.810867 0.430966 0.013353 0.009785
0 0.635177 0.563030 0.010484 0.008754
0 0.687982 0.667175 0.017170 0.012763
0 0.440249 0.260748 0.014705 0.011376
0 0.748055 0.371948 0.014403 0.011257
0 0.598757 0.442418 0.016377 0.012171
0 0.927881 0.339713 0.014424 0.011458
0 0.774848 0.307848 0.021367 0.016032
0 0.474956 0.301079 0.014727 0.013275
0 0.510192 0.582448 0.010931 0.007823
0 0.519002 0.491424 0.014333 0.010359
0 0.435899 0.240003 0.012833 0.010211
0 0.400649 0.427196 0.013628 0.009876
0 0.679115 0.188905 0.021870 0.013485
0 0.655098 0.455419 0.015527 0.014413
0 0.509298 0.364528 0.012457 0.009796
0 0.352001 0.282684 0.012851 0.010762
0 0.614896 0.623839 0.010884 0.008472
0 0.483337 0.415228 0.013227 0.010229
0 0.407591 0.276629 0.021021 0.011318
0 0.576321 0.652545 0.015628 0.015058
0 0.884160 0.427601 0.013382 0.009771
0 0.802586 0.362249 0.013600 0.010159
0 0.565389 0.382551 0.016892 0.011499
0 0.825443 0.373847 0.014226 0.012207
0 0.783780 0.608856 0.012215 0.010091
0 0.464352 0.442824 0.013403 0.010105
0 0.887715 0.367549 0.013605 0.009677
0 0.550427 0.164824 0.013409 0.012990
0 0.632076 0.290134 0.014984 0.010675
0 0.852393 0.574744 0.011982 0.009720
0 0.663856 0.231147 0.016331 0.013889
0 0.524330 0.452136 0.011618 0.009319
0 0.341891 0.359549 0.014741 0.010858
0 0.760307 0.620343 0.012663 0.008413
0 0.561129 0.327004 0.015783 0.011923
0 0.456641 0.205506 0.013372 0.010929
0 0.485483 0.267975 0.013988 0.011057
0 0.720060 0.346672 0.016411 0.011246
0 0.713771 0.620147 0.012956 0.009341
0 0.618258 0.586823 0.011016 0.008552
0 0.706818 0.584507 0.014789 0.009030
0 0.471932 0.331560 0.013364 0.010341
0 0.644766 0.542034 0.011362 0.008630
0 0.646380 0.395909 0.014204 0.013256
0 0.366088 0.385934 0.017989 0.009950
0 0.710183 0.381965 0.015588 0.013283
0 0.832361 0.393250 0.013001 0.009784
0 0.506785 0.275236 0.014533 0.011776
0 0.669816 0.385619 0.012211 0.010454
0 0.650287 0.428633 0.017695 0.012285
0 0.402333 0.296437 0.012645 0.009838
0 0.621771 0.511178 0.012464 0.010066
0 0.783248 0.375868 0.013618 0.009660
0 0.585844 0.329331 0.013741 0.009206
0 0.524418 0.385812 0.012900 0.010202
0 0.555793 0.540501 0.016239 0.012214
0 0.692832 0.556761 0.013325 0.010203
0 0.856201 0.314041 0.014311 0.011665
0 0.698347 0.251584 0.018825 0.011031
1 0.677391 0.633025 0.038139 0.028710
0 0.782634 0.625149 0.012591 0.010633
0 0.823165 0.462101 0.012496 0.010329
0 0.868134 0.283568 0.016361 0.014088
0 0.848778 0.619564 0.013452 0.011608
0 0.564080 0.207066 0.014551 0.012546
0 0.647386 0.505188 0.015956 0.009759
0 0.606942 0.252324 0.012373 0.015131
0 0.610881 0.417450 0.013762 0.011649
0 0.389472 0.366362 0.015574 0.010031
0 0.551543 0.507944 0.012290 0.008546
0 0.675271 0.513540 0.013105 0.008372
0 0.828857 0.509576 0.011293 0.008518
0 0.473851 0.185596 0.014977 0.013077
0 0.818074 0.230322 0.014983 0.012474
0 0.527286 0.511092 0.011831 0.008897
0 0.663462 0.531738 0.012638 0.009568
0 0.712519 0.233693 0.016173 0.011182
0 0.774613 0.479569 0.012557 0.009813
0 0.563458 0.222892 0.016694 0.012567
0 0.722562 0.564516 0.012825 0.009350
0 0.747020 0.547618 0.012951 0.008306
0 0.820338 0.622301 0.012832 0.009980
0 0.318588 0.340703 0.012117 0.010337
0 0.328478 0.246774 0.013108 0.010512
0 0.408957 0.316816 0.015067 0.012279
0 0.726864 0.267454 0.013991 0.010600
0 0.558641 0.673141 0.021514 0.011646
0 0.664601 0.675313 0.016840 0.011742
0 0.538311 0.349496 0.015538 0.014641
0 0.739080 0.657657 0.017624 0.012752
0 0.632950 0.182523 0.014693 0.013621
0 0.933059 0.369428 0.011730 0.009370
0 0.585351 0.578214 0.011183 0.008310
0 0.869602 0.464774 0.012087 0.008483
0 0.738752 0.595979 0.013129 0.007822
0 0.303584 0.430281 0.012221 0.009907
0 0.490859 0.486774 0.010932 0.008919
0 0.844241 0.415257 0.012579 0.009823
0 0.556143 0.479481 0.013714 0.009186
0 0.732216 0.340413 0.016244 0.011436
0 0.611802 0.200381 0.014212 0.011205
0 0.883366 0.395339 0.013253 0.010265
0 0.824327 0.608817 0.012525 0.009830
0 0.654533 0.364222 0.012571 0.010140
0 0.362849 0.311793 0.014531 0.011745
0 0.791628 0.540106 0.010800 0.007902
0 0.814760 0.393824 0.020104 0.009983
0 0.802652 0.452421 0.013711 0.010536
0 0.791555 0.568371 0.013737 0.011399
0 0.791113 0.396610 0.015710 0.013353
0 0.418352 0.227445 0.012715 0.010336
0 0.587987 0.622095 0.011655 0.008278
0 0.620701 0.271767 0.013371 0.009748
0 0.628843 0.365671 0.014424 0.010406
0 0.523749 0.565267 0.010460 0.008384
0 0.760164 0.516719 0.010224 0.008605
0 0.607267 0.541107 0.011743 0.010572
0 0.383913 0.365234 0.019962 0.010551
0 0.589474 0.365421 0.013868 0.012939
0 0.511382 0.639842 0.015840 0.010808
0 0.292705 0.393989 0.012320 0.011555
0 0.602131 0.595235 0.010971 0.007623
0 0.305240 0.274500 0.014774 0.012529
0 0.887484 0.484664 0.015988 0.008974
0 0.524544 0.539330 0.010722 0.007804
0 0.344461 0.302445 0.013609 0.009884
0 0.424579 0.201976 0.015430 0.014107
0 0.583059 0.508009 0.013474 0.013870
0 0.888700 0.516252 0.013157 0.009068
0 0.630202 0.691144 0.016198 0.011282
0 0.755715 0.596288 0.013076 0.009002
0 0.707072 0.201681 0.012341 0.009466
0 0.296214 0.262140 0.015884 0.013556
0 0.317713 0.405128 0.010806 0.009762
0 0.384045 0.538672 0.010577 0.009084
0 0.504878 0.555907 0.010959 0.009804
0 0.924888 0.447746 0.013210 0.009800
0 0.560069 0.636256 0.011680 0.008378
0 0.723818 0.537853 0.012288 0.008937
0 0.411267 0.599662 0.011471 0.009188
0 0.423086 0.439893 0.013376 0.010001
0 0.713940 0.648953 0.017436 0.011510
0 0.472220 0.477405 0.015084 0.008379
0 0.608617 0.465943 0.014816 0.009924
0 0.483398 0.229830 0.020871 0.013671
0 0.721301 0.238577 0.013976 0.010534
0 0.459734 0.266659 0.016181 0.010413
0 0.565094 0.447320 0.015337 0.011059
0 0.502469 0.659782 0.014665 0.010413
0 0.703525 0.432896 0.013132 0.009441
0 0.901265 0.405708 0.012721 0.009276
0 0.880693 0.448764 0.014675 0.011335
0 0.441877 0.621943 0.012764 0.008996
0 0.610954 0.492505 0.017622 0.011517
0 0.686537 0.673012 0.018301 0.015811
0 0.701343 0.481940 0.014165 0.012208
0 0.509951 0.195357 0.014976 0.011525
0 0.395600 0.612330 0.013585 0.010252
0 0.702047 0.492181 0.012439 0.011417
0 0.466916 0.317179 0.015117 0.011898
0 0.473387 0.505985 0.011379 0.009881
0 0.545565 0.577154 0.012479 0.009810
0 0.482378 0.457424 0.014568 0.008912
0 0.913455 0.529118 0.017191 0.012457
0 0.487360 0.627608 0.012883 0.008247
0 0.435117 0.310702 0.012840 0.009596
0 0.521132 0.345365 0.014025 0.009895
0 0.377356 0.304292 0.012777 0.010372
0 0.726189 0.343421 0.024151 0.012191
0 0.635734 0.205026 0.018167 0.010075
0 0.572854 0.310638 0.014827 0.010321
0 0.857372 0.452274 0.013699 0.010183
0 0.861249 0.404797 0.014952 0.011803
0 0.551111 0.434555 0.013860 0.016192
0 0.582881 0.359334 0.020570 0.011389
0 0.606873 0.228170 0.014226 0.012705
0 0.896123 0.498374 0.014894 0.009150
0 0.336548 0.391494 0.016287 0.010005
1 0.894509 0.575092 0.039784 0.029838
1 0.253570 0.369153 0.051530 0.040580
0 0.297209 0.505857 0.007729 0.010628
0 0.327483 0.491848 0.014171 0.007729
0 0.312668 0.471075 0.015459 0.004831
0 0.303006 0.459964 0.011594 0.007729
0 0.257917 0.477355 0.014171 0.007729
0 0.382233 0.460447 0.007729 0.008696
0 0.399624 0.486051 0.014171 0.013527
0 0.370639 0.513104 0.015459 0.013527
0 0.337144 0.531944 0.015459 0.006763
0 0.351315 0.558998 0.012882 0.010628
0 0.300429 0.541123 0.016747 0.007729
0 0.442780 0.545471 0.010306 0.006763
0 0.424745 0.536775 0.020612 0.008696
0 0.441492 0.515036 0.012882 0.009662
0 0.438272 0.497645 0.014171 0.011594
0 0.434407 0.477838 0.014171 0.006763
0 0.419592 0.569143 0.015459 0.009662
0 0.456307 0.566727 0.011594 0.006763
0 0.382877 0.583635 0.016747 0.007729
0 0.478851 0.600262 0.012882 0.006763