0 0.156415 0.461583 0.014688 0.011123
0 0.463719 0.738752 0.013595 0.010697
0 0.063713 0.468423 0.016996 0.012325
0 0.233373 0.565815 0.020302 0.013846
0 0.423697 0.695074 0.012377 0.009385
0 0.341768 0.406199 0.013240 0.010875
1 0.240464 0.460324 0.049333 0.037021
0 0.507107 0.382455 0.014776 0.011385
1 0.695206 0.416995 0.048186 0.038067
0 0.109923 0.576139 0.012463 0.010210
0 0.256192 0.664161 0.016579 0.013324
0 0.417119 0.742347 0.012694 0.010219
0 0.182282 0.553416 0.015783 0.013176
0 0.372662 0.564462 0.018192 0.014288
0 0.416570 0.551773 0.014567 0.012136
1 0.147750 0.600416 0.051721 0.039332
0 0.480142 0.336895 0.015359 0.011235
0 0.308249 0.691649 0.013921 0.011321
0 0.528993 0.490405 0.014462 0.011144
0 0.335005 0.602558 0.014346 0.011695
0 0.381855 0.415313 0.013886 0.010492
0 0.464980 0.775958 0.013942 0.010714
0 0.383479 0.771338 0.016773 0.013665
0 0.175542 0.509500 0.016007 0.012693
0 0.131299 0.486329 0.016477 0.016029
0 0.146382 0.361168 0.013774 0.011159
0 0.100054 0.464667 0.014182 0.011054
0 0.173125 0.439279 0.014810 0.010591
0 0.533663 0.657460 0.013524 0.010838
0 0.643739 0.654175 0.011166 0.009500
0 0.479711 0.505555 0.016574 0.013606
0 0.160719 0.413536 0.024202 0.014968
0 0.448528 0.546063 0.014977 0.012304
0 0.703448 0.635761 0.013476 0.009833
0 0.067175 0.418454 0.016655 0.012894
0 0.501718 0.455608 0.019295 0.011137
0 0.545037 0.600055 0.015864 0.011426
0 0.330819 0.737337 0.011205 0.008885
0 0.361344 0.429448 0.014247 0.010255
0 0.258812 0.635945 0.017998 0.012382
0 0.501772 0.714740 0.012408 0.009789
0 0.459764 0.420207 0.014059 0.010470
0 0.538194 0.469156 0.017539 0.014268
0 0.464057 0.381374 0.019230 0.019034
0 0.212957 0.504897 0.021803 0.015160
0 0.278282 0.778398 0.015663 0.011847
0 0.349370 0.589971 0.015919 0.012039
0 0.190371 0.652462 0.014435 0.011065
0 0.610836 0.616769 0.011359 0.008832
0 0.202923 0.535174 0.017600 0.011926
0 0.287045 0.851306 0.020563 0.015078
0 0.095434 0.653445 0.012308 0.009695
0 0.582213 0.475959 0.013595 0.010658
0 0.423523 0.282982 0.012747 0.010651
0 0.689888 0.651458 0.012857 0.009152
0 0.534924 0.572223 0.014675 0.011108
0 0.516957 0.583004 0.020613 0.013903
0 0.485260 0.542097 0.021738 0.014334
0 0.610064 0.355160 0.018664 0.013999
0 0.513194 0.559487 0.016297 0.013837
0 0.428323 0.652827 0.013979 0.010685
0 0.213994 0.375825 0.015079 0.011516
0 0.435387 0.681906 0.014314 0.009984
0 0.298428 0.725887 0.012526 0.010563
0 0.280788 0.606728 0.016226 0.012326
0 0.419640 0.513651 0.020788 0.016332
0 0.336676 0.828492 0.014769 0.011759
0 0.274161 0.823327 0.014407 0.010925
0 0.659506 0.591095 0.014018 0.010831
0 0.472574 0.646397 0.014482 0.013142
0 0.315704 0.827803 0.017777 0.011846
0 0.188338 0.484892 0.020339 0.012631
0 0.381082 0.363224 0.021446 0.017188
0 0.450431 0.661313 0.012064 0.009807
0 0.687222 0.670511 0.013137 0.010118
0 0.593207 0.407214 0.019912 0.014608
0 0.189465 0.800234 0.014249 0.010661
0 0.150499 0.671281 0.015148 0.012257
0 0.346254 0.749300 0.011582 0.009360
0 0.289687 0.571125 0.014624 0.014221
0 0.654853 0.618321 0.010763 0.008362
0 0.616193 0.445691 0.012342 0.010387
0 0.574605 0.658445 0.012419 0.009315
0 0.069204 0.637514 0.012875 0.010558
0 0.576386 0.624064 0.011513 0.009271
0 0.439746 0.435216 0.017059 0.011594
0 0.488838 0.526354 0.014656 0.011706
0 0.304845 0.369661 0.016452 0.012105
0 0.538458 0.370975 0.021337 0.015728
0 0.209825 0.332601 0.012995 0.010570
0 0.068145 0.510233 0.012802 0.010277
0 0.302322 0.353065 0.021465 0.016782
0 0.455996 0.284635 0.012331 0.010139
0 0.084424 0.617338 0.013708 0.010743
0 0.108352 0.435897 0.012762 0.010666
0 0.262256 0.328558 0.014009 0.012348
0 0.429321 0.363646 0.025650 0.016053
0 0.667146 0.677620 0.012851 0.009010
0 0.430727 0.388497 0.017325 0.014520
0 0.535093 0.441264 0.014779 0.011875
0 0.492636 0.358849 0.018196 0.011439
0 0.252950 0.388106 0.017174 0.015291
0 0.476153 0.301809 0.012601 0.010434
0 0.281662 0.390283 0.017319 0.014273
0 0.600867 0.801859 0.016484 0.012344
0 0.551026 0.426271 0.016526 0.013102
0 0.511475 0.769624 0.015368 0.011973
0 0.397212 0.438786 0.014597 0.010159
0 0.419371 0.625146 0.013015 0.012146
0 0.051089 0.594605 0.013659 0.008987
0 0.655895 0.467311 0.013426 0.009783
0 0.516815 0.698904 0.013555 0.011729
0 0.524353 0.748952 0.010867 0.008876
0 0.451008 0.623792 0.012049 0.010027
0 0.251921 0.839769 0.021896 0.017043
0 0.496936 0.432175 0.023924 0.013064
0 0.315704 0.659772 0.010302 0.009209
0 0.591558 0.644538 0.012672 0.011131
0 0.305776 0.596778 0.022130 0.014728
0 0.132690 0.644564 0.011261 0.010079
0 0.126525 0.704710 0.010858 0.008775
0 0.515973 0.676885 0.014413 0.012586
0 0.258257 0.378528 0.015550 0.014737
0 0.543032 0.307497 0.014985 0.012973
1 0.303310 0.528644 0.037881 0.026832
0 0.330468 0.574946 0.013487 0.010659
0 0.586504 0.812532 0.013801 0.011835
0 0.384661 0.460323 0.034465 0.021488
1 0.053135 0.571118 0.045433 0.033242
0 0.402930 0.595763 0.012267 0.009457
0 0.519963 0.799121 0.012984 0.010430
0 0.596158 0.453368 0.014395 0.010841
0 0.654464 0.699961 0.015675 0.012815
0 0.386434 0.516553 0.010956 0.008162
0 0.643662 0.500468 0.012884 0.010274
0 0.363208 0.659250 0.014045 0.010996
0 0.556114 0.742356 0.016032 0.010600
0 0.553995 0.773194 0.016055 0.011643
0 0.325304 0.309167 0.013839 0.016208
0 0.655628 0.535344 0.011046 0.009120
0 0.681273 0.576780 0.019624 0.011515
0 0.644548 0.642025 0.010680 0.009746
0 0.577863 0.720412 0.019324 0.015947
0 0.298643 0.818562 0.014737 0.009998
0 0.386755 0.648023 0.017270 0.014148
1 0.185095 0.717014 0.047615 0.036720
0 0.608804 0.466796 0.013653 0.010396
0 0.409726 0.779056 0.010319 0.008629
1 0.195006 0.763031 0.049773 0.028546