0 0.428942 0.762658 0.014901 0.010695
0 0.575597 0.684578 0.015431 0.013110
0 0.297851 0.740588 0.014727 0.011159
0 0.392380 0.576606 0.016857 0.013015
0 0.515602 0.543669 0.015538 0.011920
0 0.347316 0.809445 0.013849 0.010357
0 0.646558 0.693223 0.016872 0.012285
0 0.274437 0.596397 0.013816 0.011067
0 0.537949 0.720078 0.016411 0.012728
0 0.657431 0.887560 0.016248 0.012516
0 0.558438 0.660073 0.017243 0.013123
0 0.387601 0.921541 0.015176 0.011269
0 0.474357 0.452199 0.015106 0.013095
0 0.317367 0.627233 0.015079 0.013092
0 0.648898 0.535543 0.018611 0.014316
0 0.684220 0.909942 0.018170 0.013718
0 0.436115 0.649254 0.014588 0.011546
0 0.547140 0.537321 0.017829 0.012508
0 0.724538 0.546305 0.019622 0.015535
0 0.193535 0.670505 0.012741 0.009883
0 0.520337 0.492498 0.018343 0.012856
0 0.638752 0.448707 0.021027 0.016800
0 0.695604 0.860073 0.015122 0.011413
0 0.644501 0.654508 0.018963 0.015687
0 0.330025 0.912654 0.017137 0.013004
0 0.382365 0.620080 0.016203 0.013713
0 0.547648 0.510817 0.018754 0.015814
0 0.263006 0.655766 0.016181 0.011498
0 0.581510 0.509988 0.018397 0.012903
0 0.663535 0.465138 0.019840 0.015218
0 0.297121 0.906153 0.015730 0.011135
0 0.453285 0.483760 0.016221 0.013601
0 0.608125 0.608761 0.018977 0.013864
0 0.431334 0.508155 0.014998 0.012427
0 0.275952 0.485032 0.011957 0.010258
1 0.379493 0.505989 0.046061 0.034118
0 0.348283 0.597706 0.015038 0.011471
0 0.669378 0.520044 0.016746 0.013795
0 0.321927 0.494642 0.022657 0.019186
0 0.448219 0.747653 0.016465 0.012824
0 0.623435 0.723565 0.013652 0.011160
0 0.280074 0.872239 0.017760 0.014617
0 0.412272 0.413399 0.015724 0.012279
0 0.338005 0.534762 0.015300 0.011258
0 0.505368 0.383976 0.014120 0.012077
1 0.455175 0.807759 0.045058 0.033247
0 0.373511 0.547898 0.012719 0.010242
0 0.616428 0.466552 0.016442 0.012812
0 0.686246 0.727956 0.019091 0.014159
0 0.372389 0.944638 0.016157 0.011915
1 0.409413 0.856695 0.055202 0.034559
0 0.515961 0.815078 0.014106 0.010613
0 0.629782 0.774154 0.013520 0.010572
0 0.540185 0.378781 0.013828 0.011549
0 0.310056 0.427890 0.013706 0.011218
0 0.371730 0.716438 0.016655 0.011389
0 0.513277 0.738311 0.017739 0.015343
0 0.231179 0.744255 0.013188 0.010863
0 0.497063 0.831351 0.017237 0.012618
0 0.502028 0.514167 0.014786 0.012362
0 0.535824 0.761631 0.017733 0.011663
0 0.466209 0.967049 0.020489 0.016908
0 0.435293 0.381452 0.013043 0.011514
0 0.513358 0.706252 0.012124 0.009126
0 0.331655 0.656882 0.015244 0.014289
0 0.145437 0.626463 0.018170 0.012363
0 0.400076 0.538086 0.019009 0.011346
0 0.265415 0.741446 0.014045 0.011735
0 0.706815 0.525216 0.018393 0.015567
0 0.446576 0.949505 0.017037 0.012791
0 0.514885 0.665125 0.019182 0.016961
0 0.702611 0.488165 0.021058 0.016545
0 0.586953 0.748334 0.017193 0.013205
0 0.374304 0.649991 0.012682 0.011080
0 0.131776 0.535644 0.015916 0.012551
0 0.544716 0.408036 0.012687 0.011751
0 0.407042 0.461946 0.014499 0.011770
0 0.601290 0.809687 0.011479 0.009247
0 0.311698 0.839095 0.013369 0.010488
0 0.303111 0.776165 0.019604 0.014903
0 0.408145 0.890838 0.013356 0.010667
0 0.439521 0.524859 0.017101 0.011622
0 0.790098 0.585944 0.025010 0.015501
0 0.782774 0.609537 0.016074 0.012706
0 0.665652 0.733366 0.012639 0.009798
0 0.361108 0.569577 0.013739 0.010179
0 0.537551 0.673643 0.014148 0.010472
0 0.415467 0.447754 0.012623 0.010314
0 0.311329 0.541406 0.013329 0.009469
0 0.457418 0.398996 0.010896 0.008510
0 0.379316 0.736821 0.017490 0.012793
0 0.467490 0.427807 0.017226 0.013120
0 0.405658 0.718070 0.014583 0.011034
0 0.614695 0.656232 0.019893 0.019232
0 0.491008 0.760271 0.013795 0.009454
0 0.819350 0.582658 0.018288 0.015159
1 0.271391 0.562532 0.047831 0.032921
0 0.604900 0.738121 0.013167 0.009750
0 0.360669 0.456548 0.014692 0.010275
0 0.390943 0.815104 0.017185 0.015311
0 0.208459 0.570590 0.016645 0.012040
0 0.649783 0.710082 0.014009 0.011491
0 0.285599 0.929815 0.019436 0.012115
0 0.681146 0.621801 0.014020 0.011380
0 0.392384 0.451612 0.012964 0.010529
1 0.219491 0.490306 0.050840 0.033009
0 0.602897 0.764307 0.013953 0.010358
0 0.251169 0.523221 0.011983 0.008987
0 0.433159 0.739437 0.014835 0.010636
0 0.571283 0.825300 0.011795 0.009462
0 0.370610 0.786855 0.012309 0.012799
0 0.331768 0.614257 0.012859 0.009746
0 0.591954 0.626661 0.015393 0.011147
0 0.710075 0.879314 0.013362 0.009729
0 0.528549 0.519381 0.015605 0.011008
0 0.295312 0.523931 0.012170 0.009979
0 0.151016 0.698139 0.011917 0.010191
0 0.159548 0.718696 0.014445 0.011132
0 0.433684 0.472512 0.013061 0.010241
0 0.486239 0.884862 0.010869 0.009013
0 0.187797 0.648124 0.011831 0.009053
0 0.340793 0.754773 0.013633 0.013180
0 0.368592 0.769928 0.011585 0.013713
0 0.403260 0.387700 0.020203 0.011509
0 0.201788 0.704565 0.013592 0.010359
1 0.209943 0.865079 0.059287 0.039342
0 0.230308 0.604943 0.013049 0.013278
0 0.292614 0.651959 0.014278 0.011753
1 0.544786 0.632671 0.033661 0.025917
0 0.210846 0.686934 0.013423 0.014169
0 0.240843 0.684161 0.011410 0.010254
0 0.216013 0.591050 0.012931 0.009480
0 0.286216 0.627778 0.013983 0.011812
0 0.427893 0.672281 0.011299 0.008166
0 0.752997 0.655423 0.019914 0.016723
0 0.797045 0.806651 0.014015 0.010994
0 0.411488 0.651688 0.011920 0.010321
0 0.392178 0.476593 0.012856 0.009361
1 0.532288 0.932034 0.063162 0.043771
0 0.607693 0.698009 0.013997 0.011404
0 0.359153 0.385083 0.012583 0.010752
0 0.094418 0.643867 0.012339 0.010875
0 0.559544 0.952569 0.015552 0.012035
0 0.749340 0.788163 0.015240 0.011875
0 0.683207 0.773201 0.013655 0.011177
0 0.465338 0.620930 0.010364 0.008607
0 0.267423 0.700117 0.010424 0.008643
0 0.567325 0.900172 0.016383 0.015545
1 0.808577 0.841454 0.028405 0.029293
0 0.397404 0.613159 0.014117 0.011925
0 0.252275 0.637217 0.012649 0.009239
0 0.163821 0.657047 0.012893 0.010216
0 0.332709 0.776185 0.013579 0.009766
0 0.379921 0.674255 0.016023 0.011799
0 0.295734 0.655549 0.017007 0.011678
0 0.504174 0.618567 0.014008 0.010377
0 0.383146 0.882202 0.015630 0.013962
0 0.197911 0.540515 0.012039 0.010329
0 0.335242 0.406128 0.011766 0.009670
0 0.549780 0.477593 0.013900 0.010595
0 0.307073 0.447366 0.016031 0.012959
0 0.493489 0.811825 0.012215 0.009146
0 0.466408 0.889516 0.011096 0.009218
0 0.761928 0.806866 0.018059 0.013034
0 0.237688 0.698509 0.011632 0.009670
0 0.173718 0.612844 0.012207 0.012776
0 0.155671 0.604911 0.014980 0.011133
0 0.151977 0.651013 0.016317 0.011007
0 0.642112 0.790905 0.012658 0.010135
0 0.575174 0.423926 0.015241 0.012754
0 0.454708 0.433116 0.016948 0.010562
0 0.320167 0.398860 0.014235 0.011410
0 0.588787 0.857991 0.011317 0.009051
0 0.123179 0.573976 0.016765 0.014129
0 0.219658 0.808323 0.014901 0.011110
0 0.234883 0.730312 0.013141 0.011533
0 0.285497 0.539850 0.014973 0.008651
0 0.476924 0.776540 0.011348 0.008307
0 0.470092 0.840446 0.013006 0.009407
0 0.145658 0.758190 0.015478 0.012495
0 0.780312 0.729666 0.016066 0.013199
0 0.596943 0.428576 0.012852 0.010329
0 0.135706 0.670920 0.011206 0.008586
1 0.186248 0.786310 0.048309 0.028180
1 0.330280 0.465591 0.042941 0.020129