0 0.648252 0.428019 0.025337 0.018392
0 0.419062 0.409955 0.024278 0.019059
0 0.681106 0.478011 0.021922 0.017198
0 0.385479 0.360082 0.018916 0.015182
0 0.311671 0.836580 0.022509 0.016577
0 0.348941 0.765088 0.021308 0.016029
0 0.718864 0.617808 0.019606 0.014717
0 0.474896 0.412175 0.023057 0.019033
0 0.461926 0.473005 0.019437 0.014525
0 0.364818 0.689422 0.021483 0.016776
0 0.608288 0.842515 0.025686 0.020839
0 0.667605 0.803082 0.024284 0.020170
0 0.803510 0.661412 0.020939 0.016413
0 0.546943 0.485070 0.021695 0.016669
0 0.434105 0.514145 0.021500 0.017710
0 0.758689 0.663535 0.018128 0.015263
0 0.718140 0.793651 0.024529 0.019612
0 0.335496 0.812855 0.022947 0.018445
0 0.556649 0.591143 0.019852 0.015039
0 0.781200 0.753303 0.019112 0.013775
0 0.272545 0.529123 0.023931 0.017311
0 0.709891 0.567354 0.017653 0.014173
0 0.296166 0.748716 0.025196 0.020383
0 0.247110 0.590275 0.023312 0.017614
0 0.477160 0.496220 0.021273 0.016989
0 0.634956 0.886310 0.022464 0.017252
0 0.786050 0.734051 0.018883 0.014682
0 0.298119 0.373889 0.021754 0.017493
0 0.167871 0.618027 0.020102 0.016066
0 0.380103 0.551328 0.021797 0.016028
0 0.424153 0.730751 0.033188 0.021710
1 0.378671 0.600876 0.045137 0.037953
0 0.633689 0.517371 0.017696 0.014733
0 0.499299 0.919479 0.024797 0.017794
0 0.254686 0.435326 0.027649 0.022235
0 0.540271 0.564560 0.018904 0.015082
0 0.498831 0.766069 0.022837 0.017973
0 0.394090 0.637976 0.015849 0.012296
0 0.224436 0.724481 0.023783 0.015924
0 0.709440 0.669043 0.018452 0.014886
0 0.211051 0.496272 0.018658 0.015153
0 0.665976 0.611086 0.018690 0.015046
0 0.567286 0.905023 0.029226 0.024421
0 0.863065 0.541674 0.018016 0.013735
0 0.663077 0.853683 0.018763 0.013892
0 0.273198 0.631142 0.019465 0.016264
1 0.595780 0.714325 0.059107 0.059766
0 0.635159 0.339511 0.019470 0.015642
0 0.578806 0.358830 0.017782 0.014350
0 0.607443 0.536738 0.032951 0.023968
0 0.356552 0.375284 0.017114 0.014718
0 0.616670 0.404899 0.017482 0.014641
0 0.625593 0.624484 0.016594 0.013826
0 0.804820 0.505579 0.021497 0.016887
0 0.718026 0.586728 0.019595 0.015799
0 0.792630 0.553709 0.020508 0.015864
0 0.675168 0.582595 0.017385 0.013362
0 0.445987 0.751287 0.029123 0.024381
0 0.745868 0.402139 0.021055 0.015587
0 0.785407 0.637315 0.014419 0.010639
0 0.468579 0.512996 0.018988 0.013814
0 0.475599 0.324543 0.017191 0.013705
0 0.785910 0.774573 0.015359 0.011549
0 0.787731 0.530741 0.022339 0.015646
0 0.487385 0.640777 0.015469 0.012609
0 0.456436 0.447138 0.015375 0.011460
0 0.707729 0.714119 0.021955 0.014855
0 0.479831 0.858846 0.024609 0.020498
0 0.772616 0.538459 0.018860 0.015420
0 0.313274 0.593784 0.028764 0.023109