0 0.414286 0.662021 0.018210 0.013147
0 0.345421 0.673119 0.015664 0.011950
0 0.353306 0.528573 0.017039 0.013325
0 0.431452 0.684858 0.016982 0.012858
0 0.240722 0.572015 0.015801 0.012682
0 0.490823 0.511311 0.015534 0.012619
0 0.532679 0.434149 0.015885 0.012623
0 0.703735 0.555688 0.017617 0.013036
0 0.303367 0.758790 0.016164 0.012642
0 0.391030 0.925652 0.024326 0.017385
0 0.314758 0.520904 0.014801 0.011207
0 0.431136 0.494459 0.016000 0.011579
0 0.559936 0.445940 0.016588 0.013032
0 0.283661 0.645718 0.015337 0.012158
0 0.478927 0.534858 0.015326 0.011377
0 0.293236 0.547324 0.014523 0.011278
0 0.829644 0.622517 0.021115 0.015413
0 0.341459 0.483460 0.015474 0.011944
0 0.267715 0.767926 0.015982 0.012245
0 0.832051 0.567163 0.016119 0.011722
0 0.652002 0.576633 0.017367 0.012705
0 0.315303 0.471111 0.014765 0.011549
0 0.650699 0.606704 0.018141 0.012953
0 0.645019 0.647965 0.021721 0.015308
0 0.591060 0.434793 0.020962 0.014912
0 0.536014 0.559711 0.016330 0.012166
0 0.381824 0.503945 0.017727 0.014966
0 0.754218 0.639410 0.018554 0.014053
0 0.299908 0.706255 0.015953 0.013214
0 0.510040 0.718970 0.018120 0.014490
0 0.386772 0.603019 0.018243 0.014912
0 0.404296 0.445890 0.016970 0.012246
0 0.867348 0.714614 0.017570 0.013682
0 0.737685 0.597713 0.021255 0.015265
0 0.627964 0.541722 0.016749 0.012447
0 0.306166 0.794647 0.019130 0.014578
0 0.377557 0.711917 0.016692 0.012566
0 0.558088 0.405772 0.014475 0.011658
0 0.481399 0.584522 0.013193 0.010338
0 0.741110 0.664793 0.020124 0.014572
0 0.564201 0.484962 0.019061 0.016456
0 0.199545 0.580648 0.014942 0.011220
0 0.693986 0.599890 0.017068 0.013366
0 0.898609 0.596164 0.017081 0.012134
0 0.215438 0.560170 0.015379 0.011880
0 0.632190 0.471753 0.022106 0.014864
0 0.531842 0.376103 0.014238 0.012272
0 0.819435 0.590377 0.016464 0.012242
0 0.520077 0.519715 0.015412 0.012893
0 0.869044 0.757504 0.017206 0.012729
0 0.588543 0.520221 0.019653 0.015207
0 0.244130 0.511668 0.014571 0.010392
0 0.256998 0.489488 0.016665 0.011450
0 0.317617 0.608028 0.014376 0.010348
0 0.444960 0.571424 0.014183 0.010749
0 0.791302 0.598799 0.016576 0.012490
0 0.855479 0.505917 0.019903 0.014261
0 0.277508 0.421014 0.019437 0.015265
0 0.428702 0.523835 0.014417 0.010941
0 0.590000 0.347115 0.015167 0.011647
0 0.166945 0.619979 0.016819 0.013669
0 0.388710 0.461283 0.014890 0.011536
0 0.261477 0.470796 0.014428 0.011142
0 0.846871 0.440439 0.018553 0.014837
0 0.501190 0.470853 0.015637 0.013012
0 0.427873 0.572249 0.014810 0.011274
0 0.574827 0.625450 0.014893 0.011588
0 0.400287 0.765037 0.018040 0.014414
0 0.568383 0.748170 0.022399 0.017853
0 0.423523 0.636316 0.016846 0.014453
0 0.329240 0.800475 0.020959 0.014221
0 0.208647 0.473201 0.016007 0.013697
0 0.407050 0.596160 0.014394 0.011390
0 0.571237 0.581430 0.019172 0.016111
0 0.797802 0.617227 0.018201 0.013385
0 0.232706 0.774556 0.016170 0.011938
0 0.368789 0.628574 0.020706 0.012452
0 0.638867 0.451319 0.021785 0.014958
0 0.870389 0.480276 0.016785 0.012021
0 0.215927 0.512685 0.017066 0.012441
0 0.876463 0.784250 0.021750 0.014691
1 0.237732 0.813294 0.050713 0.041167
0 0.567866 0.545129 0.016998 0.012953
0 0.292389 0.512829 0.013719 0.009484
0 0.502192 0.364395 0.018917 0.015480
0 0.557709 0.361876 0.012906 0.011102
0 0.412554 0.473691 0.016406 0.011258
0 0.267846 0.730111 0.014742 0.011309
1 0.353108 0.583596 0.049086 0.039013
0 0.275119 0.810296 0.017106 0.013840
0 0.296070 0.491627 0.016577 0.011632
0 0.392069 0.869196 0.020777 0.015874
0 0.772862 0.826317 0.037495 0.026930
0 0.593749 0.378859 0.013118 0.010903
0 0.706625 0.450074 0.014716 0.011830
0 0.530713 0.537488 0.019227 0.012095
0 0.458450 0.401958 0.019582 0.014585
0 0.272397 0.706088 0.016989 0.015172
0 0.324844 0.718996 0.016496 0.012050
0 0.367666 0.553081 0.015575 0.011820
0 0.202992 0.758328 0.017316 0.014121
0 0.240035 0.542625 0.017295 0.012181
0 0.176003 0.668594 0.016654 0.015422
0 0.229007 0.601983 0.013224 0.009344
0 0.298341 0.437276 0.013695 0.010785
0 0.161623 0.578269 0.016692 0.011880
0 0.490985 0.641218 0.022896 0.011708
0 0.565344 0.682499 0.030296 0.020212
0 0.493181 0.620167 0.018467 0.014896
0 0.429653 0.372430 0.021000 0.014139
0 0.896330 0.556601 0.017252 0.011167
0 0.175279 0.735908 0.013895 0.010538
0 0.465046 0.374870 0.018303 0.016360
0 0.881682 0.512394 0.017518 0.013760
0 0.129740 0.612723 0.016126 0.013408
0 0.599705 0.539381 0.016748 0.014139
0 0.948638 0.575116 0.016259 0.013564
0 0.763382 0.410145 0.018977 0.015762
0 0.262493 0.440568 0.014327 0.011169
0 0.234831 0.539181 0.019030 0.012810
0 0.928596 0.533954 0.016770 0.013392
0 0.600358 0.556543 0.019679 0.013269
0 0.789793 0.773815 0.017763 0.013247
0 0.273916 0.679311 0.016666 0.012237
0 0.781383 0.576370 0.014653 0.011264
0 0.230314 0.536348 0.016176 0.011747
0 0.905909 0.534872 0.022252 0.013986
0 0.501168 0.822601 0.019157 0.015535
0 0.685662 0.481864 0.016744 0.014270
0 0.324224 0.576467 0.009933 0.011899
0 0.571066 0.549219 0.025133 0.017865
0 0.423613 0.477561 0.021535 0.012771
0 0.142997 0.574311 0.017517 0.015501