1 0.616957 0.493164 0.078946 0.050928
0 0.712560 0.555700 0.013178 0.009638
0 0.457301 0.665134 0.012607 0.009729
0 0.698073 0.384742 0.015401 0.012269
0 0.445677 0.709022 0.013984 0.010855
0 0.475234 0.682260 0.012651 0.009580
0 0.545432 0.688369 0.012367 0.009400
0 0.571256 0.674206 0.011497 0.008757
0 0.705451 0.433586 0.014609 0.011215
0 0.339261 0.712726 0.018052 0.014728
0 0.659444 0.522326 0.016349 0.011399
0 0.487440 0.315579 0.015315 0.011528
0 0.701353 0.478829 0.012612 0.010220
0 0.637585 0.394398 0.012946 0.010279
0 0.376399 0.351294 0.013697 0.010967
0 0.416476 0.646228 0.012096 0.009016
0 0.472334 0.367079 0.014811 0.011772
0 0.416167 0.580053 0.013857 0.010617
0 0.482082 0.528501 0.013646 0.010180
0 0.374291 0.473443 0.014078 0.011306
0 0.331116 0.647825 0.012199 0.009654
0 0.346509 0.355384 0.016623 0.011577
0 0.206504 0.412478 0.014224 0.010366
0 0.749590 0.479910 0.014377 0.011078
0 0.706195 0.583255 0.012020 0.009076
0 0.507398 0.410744 0.016177 0.011146
0 0.534301 0.508941 0.013553 0.010588
0 0.426857 0.479472 0.013190 0.010127
0 0.236997 0.411490 0.013387 0.009966
0 0.311881 0.708057 0.014470 0.010502
0 0.427243 0.672255 0.010852 0.008224
0 0.360638 0.703434 0.014419 0.011117
0 0.585440 0.617231 0.010881 0.008659
0 0.495111 0.384760 0.014116 0.010279
0 0.443695 0.530337 0.014573 0.009867
0 0.681092 0.643387 0.011544 0.009274
1 0.380225 0.681994 0.041103 0.033000
0 0.590496 0.634685 0.011327 0.009430
0 0.704866 0.623027 0.012151 0.008989
0 0.673642 0.446206 0.018499 0.015948
0 0.751805 0.502626 0.011217 0.008979
0 0.625011 0.641663 0.011686 0.008589
0 0.723022 0.448376 0.013308 0.010608
0 0.456901 0.735607 0.014583 0.011013
0 0.250277 0.472476 0.013630 0.009935
0 0.473040 0.422874 0.015114 0.012022
0 0.504946 0.661721 0.013933 0.010109
0 0.446049 0.635868 0.012985 0.010241
0 0.499930 0.509251 0.015008 0.010740
0 0.602215 0.587373 0.011559 0.009209
0 0.243097 0.387050 0.012854 0.009388
0 0.784572 0.385091 0.018600 0.015249
0 0.615941 0.545987 0.013114 0.010322
0 0.208730 0.469791 0.012429 0.010124
0 0.610850 0.661368 0.013984 0.010325
0 0.487947 0.732989 0.013463 0.009870
0 0.413523 0.706716 0.017290 0.014259
0 0.466785 0.722728 0.013171 0.009470
0 0.527405 0.558733 0.014751 0.011970
0 0.650974 0.641015 0.011940 0.008637
0 0.320549 0.453121 0.013049 0.009117
0 0.421668 0.427424 0.018629 0.012297
0 0.406013 0.493064 0.012357 0.009466
0 0.524607 0.386768 0.014055 0.011353
0 0.676717 0.591334 0.011561 0.008785
1 0.307093 0.741945 0.044877 0.034412
0 0.686650 0.510375 0.011393 0.009499
0 0.468036 0.347059 0.014177 0.013734
0 0.736598 0.571921 0.012058 0.008681
0 0.224504 0.543134 0.011981 0.010465
0 0.673327 0.692077 0.013084 0.009468
0 0.178973 0.399459 0.013729 0.010463
1 0.408192 0.322197 0.036347 0.039146
0 0.668690 0.615780 0.011619 0.009002
0 0.256992 0.455704 0.012258 0.009560
0 0.374151 0.434719 0.013302 0.009912
0 0.259934 0.666849 0.013957 0.011083
0 0.198174 0.594542 0.012864 0.011002
0 0.325321 0.386349 0.016284 0.011685
0 0.638509 0.345501 0.013533 0.010264
0 0.187449 0.427689 0.013479 0.011796
0 0.447379 0.393429 0.013828 0.013198
0 0.454240 0.494384 0.013990 0.011124
1 0.539223 0.637558 0.043628 0.030203
0 0.399003 0.727422 0.014201 0.010185
0 0.780067 0.518431 0.012115 0.009547
0 0.276153 0.415945 0.015490 0.011254
0 0.344844 0.334320 0.015846 0.012181
0 0.246071 0.329890 0.013972 0.010129
0 0.663687 0.657623 0.011969 0.008191
0 0.189075 0.442686 0.011461 0.009838
0 0.521522 0.703716 0.016703 0.010294
0 0.617939 0.527152 0.012960 0.010444
0 0.491533 0.710761 0.011698 0.008941
0 0.603256 0.690702 0.011952 0.009024
0 0.625327 0.730458 0.013147 0.009682
0 0.569029 0.519370 0.016212 0.012562
0 0.524190 0.475490 0.014119 0.010659
0 0.236519 0.488523 0.011393 0.008909
0 0.409599 0.383847 0.018632 0.011778
0 0.299948 0.518547 0.013393 0.010098
0 0.499419 0.351792 0.013796 0.011304
0 0.220196 0.507587 0.012533 0.008765
0 0.400240 0.665252 0.013184 0.008388
0 0.482836 0.486937 0.015846 0.010945
0 0.359534 0.382476 0.016367 0.010667
0 0.602479 0.711357 0.012246 0.008532
0 0.190238 0.495613 0.015156 0.010532
0 0.296539 0.431698 0.017917 0.012074
0 0.691209 0.522269 0.012172 0.009848
0 0.635761 0.376167 0.014132 0.011104
0 0.200943 0.519818 0.013193 0.009308
0 0.635347 0.615933 0.016563 0.010212
0 0.521483 0.302268 0.015553 0.012425
0 0.559657 0.423028 0.012930 0.010216
0 0.530250 0.661396 0.011543 0.007700
0 0.322922 0.587246 0.011027 0.008687
0 0.531405 0.727573 0.012509 0.009534
0 0.398670 0.709336 0.014628 0.013523
0 0.273204 0.600826 0.011240 0.008212
0 0.577073 0.367017 0.015614 0.010642
0 0.364734 0.509535 0.013153 0.009617
1 0.459652 0.564113 0.045069 0.030230
0 0.350506 0.555328 0.010301 0.008861
0 0.534307 0.402835 0.016281 0.010093
0 0.620156 0.424894 0.014617 0.014114
0 0.209845 0.571761 0.014222 0.009144
0 0.455838 0.752577 0.015171 0.012001
0 0.324377 0.627283 0.010612 0.007996
0 0.347497 0.417241 0.015175 0.010369
0 0.511096 0.517560 0.015596 0.011556
0 0.685485 0.421318 0.014365 0.013003
0 0.691340 0.670378 0.012765 0.009558
0 0.260346 0.517446 0.012335 0.009712
0 0.388628 0.458771 0.014269 0.010101
0 0.358962 0.634628 0.012289 0.008493
0 0.382400 0.415846 0.012900 0.009886
0 0.384278 0.456078 0.013957 0.010386
0 0.717212 0.605188 0.012139 0.009928
0 0.409099 0.541177 0.015931 0.012518
0 0.532261 0.703393 0.017011 0.010012
0 0.346258 0.482343 0.012233 0.009737
0 0.750574 0.373911 0.018618 0.014827
0 0.731878 0.653848 0.012965 0.009665
0 0.302126 0.567249 0.014654 0.009684
0 0.290326 0.391881 0.012613 0.010197
0 0.762561 0.631586 0.013127 0.010566
0 0.634916 0.690445 0.012001 0.008824
0 0.532956 0.490272 0.013118 0.011327
0 0.221514 0.370488 0.018827 0.012170
0 0.560150 0.486629 0.013829 0.011280
0 0.238460 0.561077 0.012292 0.008010
0 0.191818 0.364000 0.012866 0.010739
0 0.609922 0.377339 0.013639 0.010938
0 0.376147 0.497445 0.014495 0.010383
0 0.697723 0.333206 0.012736 0.011379
0 0.387827 0.744836 0.021353 0.012696
0 0.307598 0.614867 0.010740 0.008128
0 0.678013 0.715805 0.012922 0.009873
0 0.769492 0.423448 0.021192 0.015109
0 0.380618 0.395152 0.012845 0.010152
0 0.798899 0.496707 0.013376 0.010891
0 0.489998 0.625147 0.011654 0.009189
0 0.566264 0.730115 0.016822 0.010613
0 0.476788 0.596823 0.015939 0.012829
0 0.437906 0.324785 0.013713 0.010789
0 0.433279 0.749746 0.015951 0.012032
0 0.665136 0.550521 0.014662 0.014911
0 0.588276 0.327428 0.013076 0.009790
0 0.538555 0.339495 0.015454 0.012222
0 0.800024 0.459723 0.014864 0.012720
0 0.299556 0.364578 0.014662 0.010408
0 0.351771 0.539329 0.010910 0.010095
0 0.566623 0.602829 0.014178 0.010010
0 0.274193 0.376708 0.014715 0.012387
0 0.557127 0.502343 0.013406 0.010492
0 0.579848 0.746659 0.012232 0.009441
0 0.770062 0.449443 0.016212 0.013145
0 0.256173 0.541207 0.011875 0.008454
0 0.751600 0.536014 0.011535 0.009236
0 0.390083 0.654027 0.014112 0.009911
0 0.559801 0.450723 0.022428 0.012463
0 0.474455 0.636135 0.011998 0.008458
0 0.638517 0.547913 0.013397 0.010230
0 0.737622 0.396970 0.014670 0.011018
0 0.595406 0.385749 0.014331 0.011047
0 0.509297 0.729095 0.012146 0.008941
0 0.399370 0.581312 0.010307 0.008437
0 0.743593 0.533345 0.016259 0.009649
0 0.156359 0.454879 0.012271 0.009691
0 0.163839 0.468691 0.011863 0.009227
0 0.585352 0.527539 0.014941 0.012619
0 0.209012 0.520939 0.017295 0.009635
0 0.549521 0.308108 0.011904 0.010489
0 0.566980 0.392851 0.015112 0.011592
0 0.445577 0.300037 0.013533 0.012504
0 0.235420 0.600694 0.012860 0.011958
0 0.738696 0.531972 0.013056 0.009115
0 0.471066 0.468610 0.014504 0.009393
0 0.606996 0.345003 0.012415 0.010363
0 0.215482 0.439586 0.013001 0.009758
0 0.205545 0.548686 0.011015 0.008337
0 0.402125 0.623650 0.010937 0.008226
0 0.473334 0.386288 0.012630 0.010037
0 0.561976 0.700616 0.013107 0.009710
0 0.575983 0.643902 0.010556 0.008832
0 0.515153 0.434168 0.014132 0.010407
0 0.439483 0.765850 0.016299 0.012955
0 0.234696 0.623144 0.010276 0.008116
0 0.369053 0.642712 0.010518 0.008070
0 0.630748 0.591188 0.011794 0.009936
0 0.373327 0.592597 0.011992 0.011810
0 0.799715 0.416563 0.017749 0.015242
0 0.386723 0.560901 0.012695 0.011573
0 0.261017 0.567607 0.009999 0.008803
0 0.431877 0.514936 0.015268 0.012331
0 0.507749 0.338326 0.016073 0.013484
0 0.300416 0.679190 0.011411 0.008828
0 0.263125 0.583877 0.015138 0.007527
0 0.271250 0.488070 0.013013 0.010220
0 0.320135 0.536666 0.013324 0.010580
0 0.413500 0.448124 0.016009 0.010414
0 0.517212 0.740331 0.013378 0.008569
0 0.294770 0.596360 0.011229 0.008068
0 0.210522 0.646102 0.011876 0.009230
0 0.579370 0.573733 0.013064 0.011284
0 0.152550 0.553219 0.011673 0.009268
0 0.323874 0.418089 0.014775 0.010575
0 0.504135 0.512037 0.022420 0.013465
0 0.482092 0.273606 0.012098 0.012588
0 0.531745 0.585398 0.015561 0.009336
0 0.438356 0.463641 0.014072 0.011718
0 0.362267 0.403388 0.014938 0.012223
0 0.647798 0.458008 0.013854 0.011669
0 0.255023 0.655973 0.013016 0.010146
0 0.270673 0.710799 0.017044 0.014756
0 0.752800 0.575074 0.013566 0.010155
0 0.406666 0.709003 0.026826 0.013882
0 0.227775 0.429527 0.013245 0.011599
0 0.749905 0.522435 0.012668 0.009652
0 0.664044 0.486360 0.012203 0.009712
0 0.224271 0.670000 0.013845 0.010509
0 0.494678 0.449671 0.015532 0.011499
0 0.553653 0.352734 0.013009 0.009771
0 0.675602 0.402217 0.016400 0.014709
0 0.741245 0.619001 0.013378 0.009058
0 0.643922 0.675231 0.011774 0.010412
0 0.585034 0.548611 0.012599 0.010444
0 0.268205 0.434353 0.016869 0.011273
0 0.627208 0.356924 0.012951 0.010535
0 0.631252 0.714171 0.013468 0.009408
0 0.438924 0.350322 0.024541 0.010912
0 0.245966 0.678253 0.014216 0.010829
0 0.616133 0.755445 0.016504 0.010170
0 0.739450 0.410865 0.016334 0.013309
0 0.423358 0.559518 0.013823 0.008174
0 0.750697 0.601731 0.014563 0.009016
0 0.190022 0.572052 0.011290 0.010238
0 0.798053 0.476218 0.012034 0.010387
0 0.534162 0.322725 0.013720 0.011984
0 0.718964 0.684898 0.012920 0.009877
0 0.285936 0.549742 0.012451 0.009000
0 0.420464 0.406061 0.012864 0.009325
0 0.645028 0.592675 0.011754 0.008986
0 0.296197 0.293575 0.013176 0.012365
1 0.444943 0.609532 0.021471 0.023004
1 0.147036 0.409442 0.032206 0.036807