0 0.726649 0.311383 0.015256 0.012058
0 0.493228 0.564945 0.016770 0.012768
0 0.180698 0.476236 0.017661 0.013451
1 0.797268 0.366653 0.050613 0.039279
0 0.773703 0.266111 0.015330 0.012756
1 0.224171 0.504175 0.049262 0.039133
0 0.427459 0.411072 0.014291 0.011975
0 0.519271 0.483957 0.015601 0.011329
0 0.204901 0.369885 0.014334 0.010905
0 0.171379 0.418227 0.017114 0.013123
0 0.816012 0.422505 0.016540 0.013416
1 0.453509 0.452730 0.044258 0.035792
0 0.117062 0.341170 0.018230 0.014896
0 0.419984 0.674294 0.026698 0.017291
1 0.564482 0.290970 0.049647 0.037745
0 0.400795 0.691881 0.021289 0.016626
0 0.461245 0.517873 0.012627 0.011005
0 0.753082 0.458873 0.014538 0.011288
0 0.632796 0.627779 0.015282 0.011848
1 0.422004 0.230288 0.076110 0.052645
0 0.193260 0.425328 0.013523 0.012748
0 0.210096 0.532524 0.013691 0.010199
0 0.497624 0.474622 0.017140 0.015897
0 0.698149 0.458806 0.015519 0.014227
0 0.588377 0.660923 0.021151 0.015964
0 0.351742 0.555702 0.012976 0.010599
0 0.469377 0.396512 0.022438 0.016706
0 0.347204 0.393688 0.015743 0.012431
0 0.482007 0.349325 0.015524 0.014035
0 0.515279 0.276492 0.018334 0.014335
0 0.352373 0.357139 0.015509 0.012094
0 0.414818 0.372013 0.012380 0.010392
0 0.687764 0.605113 0.015640 0.011653
0 0.201122 0.570735 0.011927 0.009321
0 0.389344 0.619394 0.012390 0.010290
0 0.301036 0.435156 0.014645 0.012932
0 0.304969 0.368908 0.017217 0.011717
0 0.525800 0.365753 0.015492 0.014578
0 0.342136 0.629389 0.015498 0.011039
0 0.468844 0.267457 0.018648 0.014049
1 0.246697 0.293137 0.049975 0.031913
0 0.648094 0.443363 0.014429 0.013099
1 0.489306 0.367535 0.041580 0.029258
0 0.601495 0.241287 0.017021 0.013662
0 0.502371 0.325437 0.015290 0.012111
0 0.286494 0.666101 0.017218 0.011099
0 0.752147 0.335145 0.015474 0.012463
0 0.231920 0.377455 0.015217 0.012552
1 0.560294 0.154898 0.045625 0.024155