0 0.541543 0.326667 0.017087 0.013617
0 0.384285 0.559899 0.016182 0.013213
0 0.592296 0.332851 0.016897 0.014547
0 0.436606 0.441136 0.017880 0.013749
0 0.299553 0.606050 0.013622 0.010642
0 0.403054 0.518428 0.016140 0.012895
0 0.247691 0.432933 0.015313 0.011764
0 0.247488 0.503615 0.016491 0.013179
1 0.714307 0.612300 0.053458 0.050352
0 0.150879 0.567570 0.015225 0.011579
0 0.465943 0.568019 0.016592 0.012953
0 0.435061 0.485598 0.018010 0.014673
0 0.222213 0.535778 0.016549 0.013061
0 0.232631 0.454844 0.016240 0.012634
0 0.321316 0.601844 0.014197 0.011209
0 0.294539 0.502416 0.016152 0.012841
0 0.079334 0.564358 0.015812 0.011429
0 0.570876 0.355782 0.016401 0.012587
0 0.291654 0.774584 0.019347 0.016790
0 0.371951 0.534780 0.014972 0.012131
0 0.384231 0.733975 0.013537 0.010670
0 0.357889 0.382735 0.017130 0.013634
0 0.051947 0.554686 0.013642 0.010617
0 0.073590 0.400257 0.015412 0.011533
1 0.195931 0.429320 0.055546 0.040777
0 0.156353 0.476525 0.015509 0.012589
0 0.590573 0.471142 0.014993 0.012682
0 0.530855 0.566547 0.016403 0.012345
0 0.665236 0.612411 0.013474 0.010522
0 0.102383 0.564743 0.017393 0.013220
0 0.358557 0.461272 0.016647 0.017454
0 0.291692 0.398622 0.014114 0.012224
0 0.480245 0.633748 0.013433 0.010892
0 0.119884 0.470070 0.015007 0.012503
0 0.369022 0.397923 0.016124 0.011797
0 0.456478 0.611751 0.012413 0.010394
0 0.591153 0.530618 0.015525 0.012796
0 0.126688 0.723391 0.015886 0.012705
0 0.542327 0.631469 0.013932 0.010957
0 0.490645 0.618536 0.013011 0.010735
1 0.214381 0.295855 0.054075 0.041196
0 0.494578 0.536837 0.014346 0.011269
0 0.347916 0.356016 0.015045 0.011654
0 0.619515 0.373116 0.023049 0.017166
0 0.041387 0.426267 0.017637 0.013325
0 0.519310 0.551128 0.016002 0.012880
1 0.282223 0.347032 0.039385 0.034079
0 0.519575 0.310535 0.018210 0.013744
0 0.317442 0.439156 0.014153 0.011221
0 0.226089 0.571418 0.013870 0.010978
0 0.398911 0.413250 0.015225 0.012458
0 0.485535 0.356772 0.024962 0.019336
0 0.488658 0.373336 0.019253 0.015304
0 0.449022 0.496650 0.015067 0.011605
0 0.361725 0.417265 0.015038 0.011231
0 0.114447 0.730318 0.018044 0.014423
0 0.513582 0.634197 0.013975 0.012426
0 0.527840 0.485694 0.014396 0.012786
0 0.279016 0.439658 0.013000 0.009969
0 0.624842 0.433626 0.015215 0.014869
0 0.491226 0.489704 0.014541 0.012450
0 0.337000 0.486227 0.013509 0.011609
0 0.302822 0.478074 0.014088 0.011947
0 0.584130 0.608493 0.014602 0.010829
0 0.038313 0.626616 0.012470 0.009680
0 0.508031 0.344318 0.021064 0.015489
0 0.474429 0.451253 0.016510 0.011394
0 0.587437 0.385071 0.016326 0.013663
0 0.176128 0.333263 0.013691 0.012265
0 0.013637 0.575640 0.013858 0.010928
0 0.027413 0.390278 0.017876 0.015708
0 0.307871 0.365155 0.015172 0.013031
0 0.357133 0.557823 0.013958 0.012213
0 0.564100 0.617997 0.014792 0.012386
0 0.297391 0.463913 0.014927 0.012583
0 0.277338 0.465483 0.013361 0.011342
0 0.487566 0.368834 0.026579 0.024771