0 0.348709 0.699290 0.017371 0.012996
0 0.183787 0.623195 0.017020 0.013485
0 0.295296 0.875747 0.018213 0.013998
0 0.360579 0.627932 0.015669 0.012407
0 0.145393 0.716887 0.018955 0.014201
0 0.184854 0.573891 0.017043 0.013214
0 0.412733 0.606315 0.016849 0.012396
0 0.230275 0.602615 0.017430 0.013511
0 0.290927 0.843183 0.016265 0.013081
0 0.278458 0.541402 0.017125 0.012928
0 0.132574 0.639465 0.019001 0.015215
0 0.393100 0.722333 0.019813 0.015450
0 0.317162 0.803009 0.015847 0.012729
0 0.422059 0.547959 0.017292 0.013054
0 0.324924 0.605367 0.019052 0.015144
0 0.367183 0.657564 0.015432 0.012492
0 0.459005 0.605121 0.015646 0.012694
0 0.530759 0.688020 0.017609 0.012630
0 0.459571 0.768958 0.017472 0.014408
0 0.291253 0.563765 0.016796 0.013406
0 0.462870 0.807187 0.017687 0.014052
0 0.077181 0.637154 0.018136 0.013221
1 0.212965 0.801373 0.086250 0.077545
0 0.475992 0.674188 0.016036 0.013600
0 0.405465 0.644380 0.017487 0.013025
0 0.365342 0.736346 0.019867 0.015116
0 0.631432 0.596437 0.016884 0.012580
0 0.072570 0.678911 0.019478 0.015958
0 0.248304 0.648167 0.019274 0.014859
0 0.425325 0.623116 0.015111 0.011634
0 0.435411 0.489373 0.016323 0.013095
0 0.648456 0.637683 0.014780 0.012158
0 0.483110 0.913740 0.018069 0.014753
0 0.445078 0.458135 0.015625 0.012261
0 0.457216 0.849375 0.016038 0.011767
0 0.267513 0.725918 0.017015 0.013893
1 0.714833 0.679259 0.049044 0.045210
0 0.363822 0.818904 0.014784 0.011809
0 0.372229 0.536178 0.016967 0.013177
1 0.522472 0.633772 0.071331 0.066098
0 0.406768 0.481749 0.013229 0.011906
0 0.585284 0.773253 0.015514 0.012261
0 0.219456 0.649260 0.018944 0.018639
0 0.531860 0.922189 0.018167 0.013620
0 0.252055 0.625917 0.017706 0.013309
1 0.328305 0.921860 0.088121 0.052765
0 0.340815 0.877830 0.014185 0.010737
0 0.262185 0.502626 0.015588 0.012362
0 0.359396 0.989329 0.016904 0.013384
1 0.713960 0.781352 0.051832 0.036277
0 0.323031 0.581067 0.016069 0.013095
0 0.260581 0.791285 0.013854 0.011469
0 0.584032 0.906850 0.018741 0.014439
0 0.367437 0.481144 0.013387 0.011032
0 0.696393 0.594044 0.016380 0.012530
0 0.463972 0.475007 0.013801 0.010963
0 0.249696 0.564085 0.017406 0.014472
0 0.126086 0.578939 0.014954 0.011748
0 0.395827 0.898280 0.015101 0.011497
0 0.351141 0.853730 0.014919 0.011822
0 0.481009 0.499694 0.015531 0.012743
0 0.135669 0.678210 0.021846 0.017038
0 0.441914 0.708051 0.014733 0.011261
0 0.100377 0.725488 0.017118 0.013945
0 0.676483 0.676356 0.013846 0.010252
0 0.524397 0.469709 0.013507 0.011307
1 0.162297 0.849771 0.057742 0.044550
0 0.609792 0.942819 0.016303 0.012535
1 0.271666 0.946412 0.048591 0.044752
0 0.507901 0.857901 0.017490 0.012413
0 0.679090 0.846562 0.015916 0.012634
0 0.497861 0.775313 0.014009 0.011517
0 0.347384 0.534836 0.017450 0.016547
0 0.622314 0.511742 0.013731 0.012123
1 0.655623 0.776849 0.052040 0.040109
0 0.376161 0.776074 0.014882 0.012424
0 0.232289 0.994312 0.018014 0.011034
0 0.289250 0.755961 0.021548 0.017623
0 0.185727 0.533979 0.013945 0.010655
0 0.322719 0.444186 0.014222 0.011924
1 0.450931 0.977267 0.056765 0.043844
0 0.248683 0.765047 0.014685 0.011478
0 0.137363 0.602073 0.014328 0.010590
0 0.648880 0.619426 0.011768 0.010555
0 0.503062 0.455411 0.014220 0.011503
0 0.639729 0.799882 0.012790 0.009435
0 0.302650 0.996160 0.016230 0.007680
1 0.075087 0.607711 0.042643 0.028033
0 0.640463 0.845568 0.017288 0.016395
0 0.249361 0.528604 0.016446 0.010872
0 0.490585 0.442583 0.013147 0.011674
0 0.525421 0.516599 0.014245 0.010622
0 0.291802 0.456403 0.012497 0.013585
1 0.717643 0.742502 0.050192 0.043070
0 0.391409 0.550073 0.015708 0.016568
0 0.534434 0.442184 0.014839 0.011582
0 0.413121 0.776904 0.013334 0.011646
0 0.236123 0.513660 0.013309 0.011541
0 0.131822 0.870924 0.015295 0.012692
0 0.101003 0.622263 0.015469 0.011928
0 0.199871 0.752487 0.013045 0.011449
0 0.391062 0.857674 0.013446 0.010379
0 0.198518 0.860191 0.016109 0.013958
0 0.150990 0.524495 0.013716 0.011153
1 0.021050 0.772087 0.042099 0.049970
0 0.429329 0.620799 0.024221 0.011040
0 0.590044 0.846247 0.012655 0.011252
1 0.535762 0.538022 0.049157 0.027968
1 0.185733 0.506240 0.044072 0.030511
1 0.220481 0.480178 0.042376 0.029240