1 0.735132 0.465849 0.045284 0.048233
0 0.595313 0.767507 0.018166 0.013833
0 0.598077 0.615361 0.018618 0.014099
0 0.617603 0.798988 0.018750 0.014108
0 0.566656 0.670325 0.017932 0.012774
0 0.257883 0.548411 0.018438 0.014865
1 0.133056 0.657968 0.048151 0.046363
0 0.442291 0.526567 0.017182 0.013463
0 0.039110 0.626063 0.020313 0.014301
0 0.392102 0.745104 0.020743 0.015788
0 0.386304 0.666408 0.022099 0.015742
1 0.305267 0.796588 0.039234 0.032400
1 0.688190 0.645151 0.050166 0.034517
0 0.720052 0.604661 0.013158 0.009754
0 0.102322 0.454065 0.020234 0.015161
0 0.619435 0.633737 0.017126 0.012556
1 0.685368 0.686439 0.050115 0.036248
0 0.230174 0.617191 0.015564 0.011376
0 0.475169 0.717374 0.014316 0.011378
0 0.428169 0.488623 0.015215 0.011677
0 0.361319 0.784974 0.020401 0.014964
0 0.257568 0.620822 0.022798 0.017060
0 0.380076 0.549863 0.023245 0.016051
0 0.609571 0.525997 0.018674 0.014302
0 0.360563 0.415132 0.017914 0.013917
0 0.690152 0.616510 0.015830 0.012904
0 0.566838 0.757279 0.017381 0.013074
0 0.271036 0.654914 0.014282 0.011077
0 0.536149 0.516654 0.018011 0.014348
0 0.387307 0.824369 0.025806 0.019392
0 0.139768 0.486676 0.016206 0.013269
1 0.503929 0.874898 0.046069 0.038580
0 0.389165 0.770652 0.015964 0.011774
0 0.184876 0.528384 0.014842 0.012048
0 0.345680 0.605752 0.014249 0.011331
0 0.586160 0.533577 0.026427 0.020949
0 0.359831 0.481251 0.015705 0.013494
0 0.306549 0.770153 0.013240 0.010545
0 0.240886 0.693441 0.014108 0.011845
0 0.551912 0.689796 0.019857 0.014393
0 0.151917 0.584367 0.014944 0.011771
0 0.020971 0.608101 0.016892 0.014748
0 0.397580 0.474310 0.020596 0.014159
0 0.057402 0.592421 0.012831 0.010275
0 0.484420 0.403150 0.017530 0.014257
0 0.392987 0.376601 0.012945 0.010150
0 0.388789 0.794573 0.015461 0.013417
0 0.224874 0.642489 0.013864 0.009784
0 0.443409 0.877644 0.025758 0.020760
0 0.248697 0.830380 0.017789 0.014173
1 0.631604 0.461347 0.042376 0.030511
1 0.304457 0.516013 0.076278 0.033054
0 0.249951 0.360995 0.030511 0.015256