0 0.356586 0.485727 0.010631 0.014070
0 0.270235 0.378239 0.011926 0.016449
0 0.407386 0.396181 0.011374 0.017340
0 0.449413 0.424173 0.010032 0.013989
0 0.317972 0.460265 0.011285 0.015449
0 0.475207 0.390374 0.011118 0.015291
0 0.596759 0.461128 0.010580 0.014341
0 0.263119 0.426171 0.010703 0.014943
0 0.314202 0.278765 0.010796 0.015192
0 0.364431 0.526503 0.010391 0.014116
0 0.235548 0.390718 0.013185 0.018010
0 0.563464 0.477316 0.010080 0.013295
0 0.475020 0.472390 0.012214 0.017850
0 0.307768 0.341502 0.011489 0.015649
0 0.434530 0.792849 0.012271 0.016331
0 0.308740 0.755479 0.010414 0.015948
0 0.095387 0.480104 0.012940 0.018428
0 0.331451 0.747281 0.010930 0.015076
0 0.213376 0.524854 0.012853 0.017250
0 0.230204 0.721079 0.010262 0.014969
0 0.382829 0.302733 0.010600 0.015003
0 0.373939 0.373516 0.010054 0.013627
0 0.559747 0.671033 0.010289 0.014646
0 0.263463 0.286825 0.011112 0.016396
0 0.205528 0.424359 0.011572 0.016483
0 0.624316 0.640009 0.011287 0.014991
0 0.252818 0.462044 0.010532 0.013990
0 0.205813 0.502315 0.011614 0.017005
0 0.606778 0.411143 0.011948 0.016760
0 0.372985 0.589966 0.009849 0.014065
0 0.599542 0.357055 0.013351 0.018820
0 0.217365 0.609925 0.011577 0.014850
0 0.323321 0.946910 0.011576 0.016014
0 0.197922 0.467192 0.010935 0.015226
0 0.350904 0.820429 0.010193 0.015104
0 0.307935 0.646946 0.012934 0.015308
0 0.593667 0.608988 0.009703 0.013967
0 0.291696 0.857991 0.010944 0.015731
0 0.580053 0.333291 0.012493 0.018103
0 0.147550 0.480663 0.010761 0.014562
0 0.401768 0.469655 0.009717 0.012583
0 0.282953 0.485763 0.010101 0.014187
0 0.388020 0.713482 0.010290 0.014046
0 0.195780 0.550826 0.010035 0.012556
0 0.289091 0.323996 0.010789 0.014667
0 0.582248 0.518498 0.009427 0.012618
0 0.557306 0.438951 0.009902 0.014770
0 0.442237 0.388966 0.009311 0.013566
0 0.369420 0.671933 0.010117 0.012843
0 0.238471 0.455537 0.010736 0.014362
0 0.358898 0.276832 0.009108 0.013407
0 0.405322 0.701855 0.010396 0.014570
0 0.280875 0.509722 0.009716 0.013428
0 0.232207 0.788435 0.010036 0.014070
0 0.288243 0.819327 0.010387 0.014702
0 0.218280 0.754294 0.010697 0.015883
0 0.371606 0.735125 0.010683 0.016697
0 0.441702 0.983719 0.011705 0.016478
0 0.550419 0.723290 0.010975 0.014493
0 0.660090 0.489527 0.012505 0.017450
0 0.510889 0.383781 0.014937 0.020429
0 0.408758 0.982484 0.012732 0.018341
0 0.279308 0.891814 0.011201 0.015455
0 0.345318 0.390232 0.010577 0.014779
0 0.498697 0.614476 0.008871 0.012999
0 0.454597 0.698327 0.010391 0.015425
0 0.290960 0.431461 0.011374 0.016578
0 0.232562 0.848249 0.012810 0.018104
0 0.627523 0.488498 0.011628 0.015024
0 0.353408 0.427525 0.012152 0.015622
0 0.508573 0.820295 0.010129 0.014029
0 0.530541 0.530406 0.011517 0.012994
0 0.643219 0.652158 0.010462 0.014809
0 0.414683 0.312561 0.010376 0.015361
0 0.405386 0.341388 0.010731 0.015213
0 0.393176 0.322667 0.009829 0.014536
0 0.300556 0.606059 0.010840 0.014418
0 0.335670 0.371942 0.009475 0.013064
0 0.375726 0.413558 0.012227 0.016213
0 0.335305 0.436133 0.011403 0.014432
0 0.412013 0.878327 0.010464 0.014362
0 0.386066 0.992887 0.010913 0.014090
0 0.527482 0.849655 0.011855 0.014642
0 0.256186 0.745786 0.010410 0.014082
0 0.447753 0.500776 0.010926 0.015894
0 0.343721 0.594225 0.009327 0.011767
0 0.324452 0.395273 0.010007 0.014839
0 0.601558 0.551520 0.008674 0.012451
0 0.399100 0.856318 0.010292 0.013833
0 0.200238 0.290397 0.011785 0.017193
0 0.241514 0.929224 0.014153 0.018265
0 0.430441 0.252609 0.012880 0.014270
0 0.289950 0.285502 0.012592 0.016534
0 0.652597 0.587770 0.012231 0.016362
0 0.313181 0.229808 0.013129 0.016665
0 0.533193 0.366832 0.013233 0.021491
0 0.342650 0.552792 0.012340 0.017973
0 0.193512 0.602033 0.012411 0.017153
0 0.370758 0.462569 0.009773 0.017342
0 0.446571 0.558717 0.010326 0.015923
0 0.478606 0.736607 0.013441 0.015322
0 0.585430 0.418618 0.010717 0.015151
0 0.292042 0.793768 0.009611 0.013323
0 0.461236 0.241767 0.011447 0.016737
0 0.332370 0.667605 0.013432 0.015187
0 0.434361 0.282458 0.009581 0.012630
0 0.502850 0.479635 0.010745 0.012162
0 0.455029 0.371882 0.011676 0.015205
0 0.276520 0.456777 0.009561 0.012962
0 0.533290 0.484100 0.010887 0.016244
0 0.610591 0.728153 0.011500 0.016253
0 0.323429 0.553587 0.011370 0.014843
0 0.174432 0.330913 0.012724 0.017511
0 0.142784 0.432680 0.009383 0.013167
0 0.513771 0.303830 0.013822 0.018178
0 0.319675 0.315640 0.012922 0.016811
0 0.472659 0.271054 0.010120 0.014160
0 0.388738 0.504883 0.011231 0.018136
0 0.539232 0.311409 0.012313 0.015711
0 0.568254 0.538875 0.009477 0.012788
0 0.268812 0.731589 0.009499 0.013286
0 0.329111 0.702484 0.009321 0.011371
0 0.548135 0.889049 0.013278 0.015298
0 0.460210 0.511633 0.009475 0.012257
0 0.546524 0.811753 0.011824 0.016549
0 0.510031 0.914784 0.011375 0.016219
0 0.577519 0.730697 0.011290 0.016901
0 0.161064 0.582021 0.010227 0.013543
0 0.549284 0.585397 0.010329 0.013111
0 0.414058 0.577243 0.011417 0.017319
0 0.398570 0.934978 0.010243 0.014757
0 0.519245 0.495173 0.009630 0.012999
0 0.352268 0.689485 0.009970 0.014630
0 0.369449 0.322652 0.011572 0.017867
0 0.528686 0.762952 0.009580 0.013750
0 0.590845 0.678223 0.009502 0.016567
0 0.204212 0.898876 0.011697 0.015002
0 0.338994 0.903433 0.011336 0.014768
0 0.355186 0.714645 0.009926 0.013884
0 0.421434 0.718337 0.012698 0.017941
0 0.528255 0.439281 0.009174 0.011872
0 0.634781 0.465138 0.013428 0.017328
0 0.636991 0.540750 0.011048 0.015418
0 0.586405 0.660623 0.008687 0.012906
0 0.305807 0.564892 0.010822 0.015835
0 0.150817 0.514360 0.010194 0.013573
0 0.313544 0.821763 0.010600 0.014160
0 0.427028 0.494169 0.012316 0.013505
0 0.348172 0.254313 0.011762 0.015201
0 0.304681 0.980420 0.012373 0.016119
0 0.295904 0.399841 0.012583 0.013710
0 0.368977 0.862497 0.012663 0.016903
0 0.370797 0.923683 0.010131 0.013585
0 0.635969 0.440838 0.012280 0.016667
0 0.549828 0.626781 0.010521 0.012868
0 0.491729 0.286356 0.008978 0.014322
0 0.258605 0.906840 0.011615 0.016251
0 0.309197 0.523412 0.012116 0.015013
0 0.527704 0.675293 0.009092 0.012060
0 0.439518 0.337178 0.010685 0.017305
0 0.269448 0.262331 0.010714 0.015223
0 0.455056 0.761511 0.011125 0.014062
0 0.491026 0.638213 0.009337 0.011892
0 0.326916 0.829349 0.011508 0.013501
0 0.200711 0.378229 0.009975 0.013482
0 0.333860 0.516002 0.011072 0.015597
0 0.158053 0.735031 0.011270 0.015791
0 0.446082 0.731498 0.010433 0.013293
0 0.560571 0.825144 0.011029 0.014194
0 0.320879 0.603254 0.011882 0.018866
0 0.256427 0.401703 0.010242 0.013093
0 0.377035 0.833162 0.012057 0.017233
0 0.512208 0.863368 0.013496 0.019878
0 0.270864 0.235873 0.012162 0.016708
0 0.130751 0.492802 0.010924 0.014847
0 0.495284 0.406282 0.009380 0.011831
0 0.264510 0.990178 0.013080 0.015509
0 0.314290 0.867084 0.011295 0.014403
0 0.537006 0.782094 0.009935 0.012519
0 0.457840 0.592835 0.010593 0.013715
0 0.182701 0.892418 0.011219 0.014438
0 0.492098 0.451735 0.010515 0.018492
0 0.493123 0.685166 0.009408 0.013648
0 0.481006 0.567146 0.009972 0.015988
0 0.519041 0.654588 0.009227 0.013209
0 0.288904 0.945367 0.015958 0.020013
0 0.305527 0.423541 0.010413 0.013773
0 0.418979 0.935453 0.011414 0.019227
0 0.182790 0.385061 0.014117 0.018520
0 0.549413 0.554935 0.009307 0.012415
0 0.504601 0.714388 0.010202 0.013436
0 0.563796 0.401696 0.010509 0.014439
0 0.498487 0.346320 0.012365 0.017240
0 0.151517 0.852833 0.012516 0.015971
0 0.544284 0.508977 0.011162 0.015239
0 0.132767 0.713583 0.012959 0.015474
0 0.463095 0.560567 0.010146 0.012634
0 0.532081 0.608295 0.012425 0.016882
0 0.235045 0.892195 0.011117 0.015318
0 0.536178 0.890627 0.013724 0.015849
0 0.148258 0.639801 0.010971 0.012653
0 0.333533 0.260391 0.009794 0.013802
0 0.442612 0.668216 0.007888 0.014042
0 0.164997 0.459974 0.012572 0.014204
0 0.365319 0.337239 0.010510 0.014136
0 0.390031 0.602098 0.009407 0.012056
0 0.191708 0.825860 0.010176 0.012958
0 0.094650 0.509024 0.010442 0.015466
0 0.210788 0.815485 0.010677 0.017812
0 0.467476 0.318622 0.013728 0.016458
0 0.256049 0.867757 0.009394 0.015010
0 0.527942 0.277617 0.011494 0.016347
0 0.560410 0.516156 0.010082 0.015163
0 0.452166 0.631903 0.012953 0.013008
0 0.571272 0.598970 0.008935 0.012709
0 0.242879 0.667659 0.012591 0.020029
0 0.425480 0.540638 0.011674 0.015504
0 0.156168 0.783768 0.008408 0.013032
0 0.112458 0.619007 0.008787 0.011094
0 0.162748 0.911990 0.011669 0.016125
0 0.191910 0.757435 0.010253 0.014422
0 0.143509 0.383600 0.013643 0.019507
0 0.320545 0.504451 0.010367 0.014397
0 0.507139 0.793628 0.008869 0.012403
0 0.522101 0.458869 0.009248 0.011861
0 0.580154 0.358370 0.011358 0.015378
0 0.352770 0.751065 0.010827 0.017388
0 0.109235 0.653799 0.011020 0.014746
0 0.126451 0.450957 0.010493 0.013457
0 0.129519 0.616462 0.009934 0.012432
0 0.411901 0.518189 0.010382 0.014880
0 0.573757 0.906536 0.014191 0.018020
0 0.134905 0.390133 0.014588 0.017708
0 0.171995 0.870230 0.013080 0.015786
0 0.447619 0.270558 0.010069 0.013380
0 0.404976 0.644958 0.009655 0.014952
0 0.183316 0.413179 0.013865 0.015253
0 0.509252 0.543904 0.008305 0.012895
0 0.410896 0.275039 0.011218 0.019928
0 0.331893 0.858804 0.011354 0.012963
0 0.207502 0.697299 0.013272 0.017986
0 0.362678 0.228679 0.008514 0.014036
0 0.503418 0.564175 0.009672 0.014143
0 0.168937 0.663688 0.011812 0.015483
0 0.365953 0.210687 0.009550 0.014414
0 0.167980 0.619619 0.009842 0.013647
0 0.149797 0.543106 0.009950 0.014891
0 0.510653 0.935796 0.012193 0.019127
0 0.110839 0.433952 0.014278 0.021839
0 0.513509 0.347216 0.012897 0.017400
0 0.574399 0.570004 0.008529 0.011858
0 0.166647 0.405219 0.010671 0.014759
0 0.111148 0.557291 0.013376 0.016091
0 0.396682 0.895922 0.012568 0.017033
0 0.408973 0.504516 0.010999 0.015376
0 0.534401 0.650735 0.009752 0.016183
0 0.335272 0.510459 0.011307 0.018718
0 0.401081 0.253892 0.008357 0.012125
0 0.483958 0.356281 0.010725 0.016626
0 0.508117 0.693993 0.010401 0.017191
0 0.136658 0.582921 0.012238 0.014957
0 0.264528 0.932818 0.010812 0.013680
0 0.210337 0.447594 0.010220 0.013336
0 0.439720 0.319251 0.011741 0.018078
0 0.575719 0.850818 0.008817 0.011412
0 0.409880 0.244448 0.009392 0.013074
0 0.196731 0.724914 0.009099 0.012167
0 0.413731 0.354006 0.008979 0.011007
0 0.112653 0.415310 0.013840 0.022804
0 0.403808 0.786305 0.010340 0.013393
0 0.189758 0.361709 0.011442 0.018513
0 0.477087 0.991184 0.012686 0.014606
0 0.475289 0.698723 0.009872 0.013586
0 0.413151 0.292319 0.011926 0.018123
0 0.352955 0.904072 0.011233 0.017945
0 0.160617 0.808388 0.011007 0.013020
0 0.460556 0.305746 0.016686 0.021851
0 0.492627 0.306121 0.009002 0.013844
0 0.481680 0.342232 0.010679 0.021906
0 0.185015 0.446138 0.010088 0.013309
0 0.505481 0.439457 0.011213 0.014042
0 0.521135 0.782359 0.010836 0.013022
0 0.150283 0.344054 0.011273 0.019478
0 0.277611 0.959513 0.012237 0.015790
0 0.137931 0.671574 0.010432 0.017024
0 0.469472 0.653764 0.013401 0.013358
0 0.358615 0.617333 0.011545 0.017363
0 0.220710 0.964103 0.011645 0.016882
0 0.322494 0.419505 0.010815 0.012340
0 0.546972 0.828800 0.011312 0.014781
0 0.222131 0.990402 0.012275 0.014937
0 0.371125 0.768492 0.010278 0.016740
0 0.338426 0.220330 0.008541 0.012185
0 0.183422 0.651931 0.009799 0.016673
0 0.246837 0.985548 0.011955 0.015250
0 0.468260 0.956491 0.013257 0.016710
0 0.473891 0.757032 0.010011 0.013794
0 0.450428 0.362752 0.010211 0.013664
0 0.464890 0.298091 0.015172 0.018441
0 0.410239 0.510378 0.009817 0.017703
0 0.535056 0.351625 0.013232 0.019888
0 0.441606 0.657494 0.008350 0.015655
0 0.382063 0.885401 0.011030 0.014770
0 0.407797 0.604806 0.010099 0.012534
0 0.180091 0.699563 0.011531 0.014888
0 0.178910 0.339167 0.012472 0.017334
0 0.484227 0.563421 0.012282 0.013884
0 0.387617 0.763507 0.010339 0.015372
0 0.566650 0.622850 0.010505 0.015399
0 0.552824 0.827422 0.015818 0.013656
0 0.618106 0.763587 0.012847 0.021020
0 0.356333 0.413767 0.010701 0.018388
0 0.410650 0.767521 0.013075 0.016783
0 0.123525 0.779948 0.010004 0.015530
0 0.485476 0.956253 0.013022 0.020727
0 0.165147 0.372237 0.014609 0.016055
0 0.208210 0.855545 0.011501 0.014396
0 0.439917 0.609876 0.010658 0.015697
0 0.509353 0.449344 0.011389 0.018156
0 0.217004 0.569730 0.009132 0.012017
0 0.209778 0.875473 0.010654 0.015299
1 0.388620 0.641375 0.031864 0.030684