0 0.481423 0.220803 0.013204 0.010144
0 0.385177 0.340156 0.015851 0.012259
0 0.357701 0.444690 0.017914 0.014191
0 0.608491 0.662935 0.017313 0.013489
0 0.700076 0.253544 0.014146 0.010424
0 0.322562 0.491350 0.020390 0.015825
0 0.469011 0.195112 0.016196 0.012667
0 0.511855 0.209844 0.013994 0.010491
0 0.413799 0.273450 0.017713 0.014119
0 0.430383 0.603958 0.011671 0.010165
0 0.723536 0.611984 0.015815 0.011955
0 0.386862 0.439541 0.015345 0.011708
0 0.785872 0.488455 0.016939 0.012259
0 0.762878 0.428014 0.015850 0.011855
0 0.314583 0.445838 0.019084 0.015467
0 0.705928 0.448300 0.016035 0.012259
0 0.419737 0.470794 0.015802 0.010795
0 0.662141 0.295244 0.015500 0.012017
0 0.831712 0.482019 0.013391 0.010155
0 0.539872 0.699782 0.018102 0.013600
0 0.547206 0.212063 0.012942 0.009900
0 0.584918 0.497717 0.018219 0.013666
0 0.401742 0.639508 0.014338 0.011042
0 0.587518 0.378728 0.015299 0.012286
0 0.446172 0.373502 0.013159 0.010786
0 0.250500 0.485650 0.020287 0.015293
0 0.391943 0.502133 0.016583 0.012266
0 0.474370 0.682382 0.023121 0.015496
0 0.615732 0.518291 0.013517 0.009736
0 0.675288 0.531786 0.015738 0.012064
0 0.716403 0.396561 0.015057 0.012296
0 0.456303 0.485865 0.013623 0.010790
0 0.502836 0.321148 0.014105 0.009675
0 0.586842 0.473573 0.016835 0.012500
0 0.754892 0.329508 0.014455 0.010576
0 0.312511 0.556179 0.015261 0.011551
0 0.206683 0.375316 0.019550 0.015303
0 0.563461 0.153580 0.013479 0.010941
0 0.516352 0.545687 0.013362 0.010613
0 0.390112 0.587979 0.012911 0.010268
0 0.378653 0.402568 0.014852 0.010919
0 0.738346 0.562609 0.016826 0.014628
0 0.535893 0.620237 0.012175 0.009783
0 0.375135 0.250317 0.016128 0.012491
0 0.740202 0.271207 0.014788 0.010892
0 0.637237 0.680559 0.015789 0.012102
0 0.806166 0.532646 0.018764 0.013849
0 0.563648 0.565295 0.014015 0.011348
0 0.434767 0.581596 0.011320 0.009914
0 0.549104 0.542794 0.013477 0.009973
0 0.738432 0.208681 0.016199 0.011927
0 0.688279 0.227171 0.013533 0.010179
0 0.515427 0.165125 0.011889 0.010500
0 0.303080 0.269076 0.020098 0.015023
0 0.693276 0.646024 0.016013 0.012351
0 0.411244 0.493431 0.015686 0.011585
0 0.620593 0.553905 0.013275 0.010206
0 0.462169 0.396382 0.015680 0.010921
0 0.594568 0.318081 0.011973 0.009411
0 0.176890 0.362886 0.016060 0.012998
0 0.316295 0.192282 0.015690 0.012001
0 0.597088 0.686912 0.018934 0.012499
0 0.362548 0.281436 0.019751 0.011848
0 0.506046 0.624355 0.012787 0.010486
0 0.532130 0.231238 0.013390 0.010182
0 0.283754 0.564199 0.013926 0.011168
0 0.716398 0.365854 0.014689 0.010699
0 0.698046 0.577322 0.013166 0.010382
0 0.806786 0.295389 0.018604 0.015886
0 0.429823 0.311384 0.015753 0.012182
0 0.627466 0.229636 0.015689 0.012656
0 0.546268 0.655165 0.014829 0.010536
0 0.674062 0.559367 0.016855 0.012364
0 0.529501 0.279069 0.015476 0.012443
0 0.725736 0.188658 0.016443 0.013233
0 0.467507 0.329156 0.015014 0.011682
0 0.765157 0.291710 0.021017 0.016407
0 0.693055 0.674185 0.014563 0.011084
0 0.441353 0.436884 0.015756 0.012454
0 0.618737 0.254582 0.016347 0.013178
0 0.360741 0.233444 0.022079 0.013925
0 0.578153 0.335564 0.017292 0.011526
0 0.387701 0.613421 0.013802 0.009626
0 0.179899 0.379499 0.015004 0.011416
0 0.641413 0.407851 0.018823 0.012756
0 0.656892 0.313865 0.012425 0.009076
0 0.670994 0.399914 0.015826 0.011915
0 0.552392 0.290894 0.012976 0.009578
0 0.508591 0.288240 0.015976 0.012015
0 0.414011 0.399593 0.014112 0.009496
0 0.776759 0.457094 0.014209 0.010893
0 0.537525 0.353216 0.015045 0.012326
0 0.417140 0.557782 0.011392 0.008496
0 0.292447 0.188925 0.015664 0.013850
0 0.382092 0.297962 0.014860 0.011467
0 0.377188 0.684254 0.017073 0.014159
0 0.348067 0.408802 0.013754 0.010781
0 0.304086 0.240383 0.023549 0.017150
0 0.742281 0.445440 0.014143 0.011294
0 0.697027 0.630761 0.014816 0.010530
0 0.445527 0.519277 0.013609 0.010315
0 0.558598 0.382693 0.015918 0.013077
0 0.335907 0.354708 0.016052 0.011515
0 0.582286 0.595224 0.011787 0.009385
0 0.827110 0.403349 0.011238 0.008727
0 0.696872 0.195180 0.015078 0.010827
0 0.683284 0.420251 0.014989 0.010966
0 0.680728 0.274985 0.015356 0.013380
0 0.531508 0.185863 0.017805 0.013038
0 0.760448 0.232173 0.016961 0.012971
0 0.314574 0.616922 0.018466 0.014030
0 0.639375 0.350333 0.012390 0.009136
0 0.295913 0.594364 0.015889 0.011447
0 0.607676 0.279900 0.014027 0.010397
0 0.475327 0.440208 0.016126 0.012598
0 0.451872 0.591941 0.012197 0.009109
0 0.241472 0.580971 0.015902 0.012502
0 0.652014 0.171532 0.014004 0.010696
0 0.591497 0.570037 0.011847 0.009005
0 0.846236 0.292541 0.018966 0.013429
0 0.675910 0.337950 0.012297 0.008670
0 0.433570 0.352254 0.012919 0.009403
0 0.638201 0.154802 0.013964 0.010904
0 0.530886 0.322058 0.018007 0.009859
0 0.692658 0.323995 0.016692 0.011749
0 0.354295 0.586892 0.014697 0.012308
0 0.829217 0.333377 0.012753 0.009867
0 0.173136 0.419014 0.016389 0.013696
0 0.150435 0.393307 0.018231 0.012016
0 0.408783 0.355598 0.012966 0.009848
0 0.573391 0.244895 0.017330 0.016255
0 0.559572 0.519130 0.018984 0.012403
0 0.766423 0.253818 0.020026 0.014954
0 0.587415 0.531318 0.016297 0.010499
0 0.582587 0.219883 0.012487 0.011054
0 0.473625 0.608886 0.012919 0.009717
0 0.835787 0.456995 0.012632 0.009472
0 0.522743 0.679808 0.019255 0.015498
0 0.638044 0.529825 0.014197 0.010984
0 0.642498 0.373966 0.017277 0.010604
0 0.336158 0.244947 0.017605 0.013030
0 0.487015 0.406967 0.014775 0.010436
0 0.419347 0.429209 0.015754 0.012363
0 0.778598 0.601786 0.016339 0.013504
0 0.514642 0.567846 0.013639 0.010775
0 0.725687 0.344405 0.016540 0.012234
0 0.445108 0.329248 0.012356 0.009265
0 0.745283 0.348679 0.013339 0.010222
0 0.827409 0.435437 0.013273 0.009162
0 0.419157 0.654813 0.014295 0.010495
0 0.578943 0.631448 0.011647 0.009163
0 0.355502 0.354715 0.017195 0.013049
0 0.481144 0.584666 0.013892 0.010173
0 0.805109 0.253702 0.023809 0.014572
0 0.500468 0.237962 0.018490 0.015166
0 0.622762 0.299018 0.014634 0.012547
0 0.645618 0.551394 0.013562 0.012467
0 0.610009 0.587533 0.012935 0.014737
0 0.630659 0.308715 0.014934 0.009988
0 0.853571 0.427200 0.011636 0.009056
0 0.130959 0.406549 0.016942 0.013097
0 0.367010 0.369157 0.014446 0.010321
0 0.338535 0.641811 0.016074 0.014464
0 0.454031 0.537611 0.017602 0.011067
0 0.361879 0.618706 0.014861 0.010500
0 0.596211 0.162600 0.014383 0.010724
0 0.460475 0.646357 0.013257 0.010507
0 0.566446 0.355800 0.013958 0.010886
0 0.489588 0.275856 0.019297 0.013290
0 0.345160 0.559136 0.015682 0.010967
0 0.685646 0.177767 0.017312 0.013438
0 0.545378 0.592627 0.011781 0.008841
0 0.757891 0.387843 0.014011 0.008920
0 0.529339 0.257905 0.016813 0.012672
0 0.374808 0.540632 0.015669 0.012516
0 0.517347 0.138482 0.016112 0.011449
0 0.834500 0.523410 0.019174 0.011153
0 0.858778 0.303775 0.016981 0.013000
0 0.763005 0.581756 0.025467 0.012123
0 0.616602 0.633820 0.013272 0.009517
0 0.688126 0.606121 0.013990 0.008976
0 0.866974 0.445298 0.014268 0.011788
0 0.406455 0.706096 0.018583 0.014221
0 0.853795 0.384903 0.014048 0.009548
0 0.434104 0.656815 0.015422 0.010444
0 0.149905 0.422718 0.015997 0.012490
0 0.393421 0.370963 0.013940 0.010542
0 0.580648 0.283844 0.014509 0.011275
0 0.448598 0.624349 0.014383 0.009040
0 0.191286 0.445381 0.016672 0.013429
0 0.515998 0.359769 0.013634 0.009785
0 0.561142 0.585850 0.012723 0.010097
0 0.703270 0.328908 0.016230 0.011354
0 0.480907 0.428259 0.014835 0.012688
0 0.838759 0.417008 0.011629 0.008378
0 0.264702 0.229970 0.025992 0.014335
0 0.327924 0.576806 0.016746 0.011548
0 0.591124 0.267027 0.014242 0.012098
0 0.490447 0.589909 0.014135 0.009851
0 0.335706 0.602072 0.015486 0.012495
0 0.682410 0.379269 0.012394 0.010031
0 0.143298 0.392535 0.022008 0.012845
0 0.379469 0.549441 0.013827 0.012631
0 0.400928 0.535112 0.015508 0.013481
0 0.335678 0.634418 0.016020 0.012791
0 0.520089 0.254585 0.017511 0.012377
0 0.461320 0.661360 0.014406 0.011649
0 0.534024 0.642184 0.011674 0.009510
0 0.611677 0.592800 0.013418 0.012571
0 0.390855 0.321075 0.014938 0.010133
0 0.796764 0.422440 0.014506 0.010938
1 0.272606 0.645377 0.044416 0.034311
0 0.471288 0.542050 0.014206 0.011400
0 0.431964 0.527793 0.014021 0.009967
0 0.322757 0.259620 0.019115 0.013337
0 0.798960 0.370987 0.012191 0.008444
0 0.489336 0.650853 0.019504 0.012685
0 0.294628 0.620094 0.015544 0.009704
0 0.642686 0.589269 0.011420 0.015830
0 0.494047 0.273301 0.015915 0.011435
0 0.816043 0.271444 0.017519 0.013023
0 0.236099 0.598209 0.016342 0.011424
0 0.626059 0.694818 0.018706 0.012295
0 0.168188 0.467035 0.016289 0.011063
0 0.794265 0.412841 0.013321 0.012505
0 0.409956 0.311573 0.017023 0.011323
0 0.515542 0.586351 0.013501 0.011832
0 0.695000 0.605366 0.022931 0.009411
0 0.834383 0.267412 0.021152 0.013967
0 0.793298 0.383531 0.011372 0.007954
0 0.561005 0.367698 0.016195 0.013437
0 0.660504 0.574518 0.018866 0.009414
0 0.514318 0.660337 0.014373 0.012724
0 0.620950 0.306238 0.015699 0.011893
0 0.390384 0.146750 0.014749 0.012243
0 0.478286 0.551634 0.012934 0.011830
0 0.459894 0.624221 0.020873 0.009519
0 0.701756 0.604336 0.014417 0.010531
0 0.430603 0.398649 0.014842 0.009212
0 0.445985 0.587586 0.015395 0.011695
0 0.628804 0.621616 0.019561 0.013112
0 0.772774 0.387826 0.017062 0.008382
0 0.527156 0.295852 0.013537 0.009271
0 0.428961 0.353633 0.019392 0.008890
0 0.489848 0.566092 0.012461 0.009516
0 0.597335 0.618705 0.014610 0.010244
0 0.387504 0.384793 0.014214 0.011895
0 0.643525 0.595518 0.011171 0.010925
0 0.820622 0.352842 0.013753 0.009893
0 0.461062 0.650450 0.015166 0.021015
0 0.568810 0.273545 0.015014 0.010291
0 0.477036 0.349576 0.013937 0.008594
0 0.461217 0.539200 0.029481 0.010978