0 0.198445 0.459290 0.017699 0.013293
0 0.212795 0.596175 0.017736 0.013180
0 0.079972 0.688021 0.018671 0.013627
0 0.167774 0.519453 0.017162 0.013005
1 0.687962 0.615407 0.065273 0.063461
0 0.249074 0.779013 0.014943 0.011841
0 0.559739 0.877524 0.020660 0.015321
1 0.513141 0.741840 0.066101 0.045604
0 0.462378 0.453665 0.017203 0.012784
0 0.235336 0.453462 0.016065 0.012454
0 0.501731 0.552206 0.017100 0.013344
0 0.217597 0.493025 0.018769 0.015358
0 0.259874 0.497840 0.014341 0.011312
0 0.395714 0.607410 0.016088 0.012182
0 0.585358 0.644822 0.014404 0.011143
1 0.353425 0.777091 0.054821 0.048817
0 0.296518 0.638716 0.015558 0.011752
0 0.300687 0.509684 0.013528 0.010722
0 0.378209 0.645154 0.015418 0.011404
0 0.638732 0.518007 0.017800 0.013666
0 0.479683 0.522183 0.018461 0.014492
0 0.355114 0.615168 0.016200 0.011763
0 0.058226 0.716793 0.017876 0.013890
0 0.330388 0.932828 0.021133 0.015547
0 0.471237 0.489587 0.018034 0.013148
0 0.258650 0.796698 0.015835 0.011873
0 0.027439 0.691861 0.018323 0.014197
0 0.557750 0.666085 0.019337 0.013709
0 0.614327 0.698918 0.017909 0.012985
0 0.172030 0.883192 0.019152 0.014036
1 0.354746 0.540383 0.050723 0.041203
0 0.068817 0.492285 0.016817 0.013018
0 0.291662 0.795548 0.014806 0.010757
0 0.174767 0.744043 0.016398 0.012524
0 0.323370 0.674216 0.015921 0.011993
0 0.344100 0.903386 0.018844 0.014418
0 0.297536 0.891237 0.018114 0.014037
0 0.515655 0.462544 0.017754 0.013639
0 0.445711 0.546146 0.015035 0.011595
0 0.184467 0.794941 0.015645 0.012033
0 0.401116 0.522390 0.014035 0.010450
0 0.466312 0.558272 0.015302 0.011332
0 0.373796 0.695410 0.016802 0.011887
0 0.212382 0.891358 0.020222 0.014629
0 0.649206 0.684483 0.019965 0.014074
0 0.067858 0.745980 0.016883 0.012925
0 0.297576 0.475375 0.020227 0.015680
0 0.431535 0.592013 0.015193 0.011545
0 0.620132 0.656236 0.016258 0.012697
0 0.548445 0.378985 0.016751 0.013529
0 0.276242 0.408763 0.019975 0.015357
0 0.329055 0.509337 0.015455 0.012505
0 0.368614 0.360400 0.013721 0.011821
0 0.334184 0.438967 0.016325 0.013749
0 0.435123 0.660299 0.016400 0.012613
1 0.082890 0.812242 0.059940 0.045145
0 0.468949 0.593120 0.020350 0.013339
0 0.210322 0.839404 0.015351 0.011938
0 0.280053 0.759952 0.019438 0.013253
0 0.349374 0.701705 0.015576 0.011303
0 0.349034 0.676520 0.015136 0.012201
0 0.449670 0.377862 0.016910 0.012374
0 0.507528 0.846241 0.019051 0.015021
0 0.139996 0.512317 0.018071 0.014759
0 0.390054 0.857905 0.018426 0.014249
0 0.203249 0.869149 0.017282 0.012924
0 0.526796 0.845623 0.019815 0.015358
1 0.485416 0.407511 0.055379 0.036963
1 0.396915 0.561598 0.046969 0.034727
0 0.417146 0.673552 0.015127 0.010997
0 0.041536 0.661156 0.013233 0.010961
0 0.407425 0.926060 0.024332 0.020946
0 0.334847 0.724371 0.019052 0.013287
0 0.257361 0.738493 0.018929 0.015328
0 0.240755 0.351280 0.014214 0.012076
0 0.577793 0.820369 0.015341 0.011905
0 0.207183 0.364724 0.021649 0.015348
0 0.609577 0.441425 0.023456 0.015034
0 0.418507 0.753210 0.017666 0.013991
0 0.507534 0.803389 0.020067 0.014923
0 0.524304 0.626888 0.012849 0.010174
0 0.396157 0.882644 0.017067 0.013536
0 0.155269 0.756602 0.013784 0.010095
0 0.450004 0.581571 0.016599 0.012194
0 0.144797 0.564928 0.015308 0.011488
0 0.281340 0.557181 0.015056 0.010423
0 0.610716 0.838734 0.016400 0.012501
0 0.029791 0.504916 0.016992 0.014496
0 0.744250 0.497429 0.019785 0.014799
0 0.298753 0.447121 0.013815 0.011190
0 0.298496 0.840679 0.019502 0.013452
0 0.115454 0.553517 0.016524 0.013879
0 0.594570 0.554295 0.020201 0.016174
0 0.379476 0.445636 0.016126 0.013261
0 0.684783 0.766266 0.019406 0.015642
0 0.363649 0.633735 0.015855 0.011304
0 0.581227 0.394208 0.013578 0.011047
0 0.307889 0.395826 0.019979 0.014169
0 0.032918 0.519788 0.016453 0.013454
0 0.502192 0.369200 0.015786 0.012968
0 0.156066 0.399301 0.014197 0.012586
0 0.293461 0.575411 0.015474 0.013861
0 0.567068 0.454377 0.016438 0.012532
0 0.148329 0.469257 0.014620 0.012180
0 0.612601 0.408163 0.015008 0.012278
0 0.636622 0.552052 0.014327 0.010938
0 0.705230 0.636807 0.016794 0.014055
0 0.287680 0.844669 0.019897 0.013602
0 0.457234 0.632918 0.012169 0.008996
0 0.313614 0.553976 0.018713 0.013151
0 0.625279 0.677525 0.015249 0.010256
0 0.332828 0.859830 0.023593 0.018924
0 0.468659 0.685691 0.013771 0.011836
0 0.558106 0.830677 0.016728 0.011431
0 0.285760 0.812165 0.012579 0.009909
0 0.746809 0.634795 0.014790 0.011764
0 0.598865 0.536767 0.015532 0.013192
0 0.296573 0.921714 0.018415 0.014416
0 0.184899 0.402954 0.014336 0.014124
0 0.118604 0.773346 0.012154 0.008736
0 0.143867 0.635895 0.013890 0.013154
0 0.297849 0.581693 0.021160 0.015874
0 0.033827 0.632915 0.016547 0.013843
0 0.711042 0.474815 0.021273 0.017767
0 0.255686 0.543262 0.022298 0.020942
0 0.390360 0.624297 0.013532 0.010693
0 0.637114 0.490372 0.015534 0.012022
0 0.733900 0.735194 0.042008 0.023104