0 0.698629 0.618316 0.017397 0.012157
0 0.463414 0.693710 0.016276 0.011715
0 0.474012 0.403195 0.015817 0.012805
0 0.391366 0.705174 0.017507 0.013315
0 0.694475 0.655142 0.019332 0.014698
0 0.563815 0.401860 0.017617 0.013281
0 0.244472 0.699244 0.017792 0.013347
0 0.206240 0.517309 0.017204 0.012641
0 0.515611 0.627197 0.015578 0.012339
0 0.241656 0.555827 0.015041 0.011725
0 0.484990 0.366556 0.015189 0.012094
0 0.419889 0.517359 0.016873 0.013262
0 0.619722 0.632481 0.018033 0.012559
0 0.456208 0.789503 0.021141 0.015549
0 0.338945 0.656300 0.018380 0.012886
0 0.372365 0.448546 0.017052 0.013366
0 0.148123 0.662269 0.014921 0.011135
0 0.623115 0.606366 0.017536 0.012673
0 0.674176 0.381307 0.017704 0.013786
0 0.509459 0.701188 0.016457 0.013022
0 0.406015 0.649911 0.018576 0.015761
1 0.235048 0.394763 0.052664 0.041918
1 0.297104 0.583600 0.046950 0.045268
0 0.624311 0.699372 0.017604 0.013281
0 0.292361 0.690373 0.019716 0.014096
0 0.182912 0.473864 0.017403 0.013801
0 0.692954 0.722306 0.018040 0.013823
0 0.526228 0.346100 0.014232 0.011868
0 0.390839 0.374524 0.018537 0.014792
0 0.470342 0.737896 0.021044 0.014653
0 0.491222 0.545339 0.018744 0.015074
0 0.081005 0.577481 0.017008 0.013189
0 0.208637 0.543429 0.016991 0.012849
0 0.684402 0.473091 0.014974 0.011910
0 0.571176 0.748321 0.018001 0.014274
0 0.586256 0.762302 0.018939 0.014927
0 0.418227 0.489271 0.014469 0.011929
0 0.180058 0.431708 0.014825 0.011591
0 0.413374 0.726092 0.016474 0.011670
0 0.656411 0.457757 0.014158 0.010696
0 0.456623 0.433998 0.014518 0.011631
1 0.438024 0.591479 0.049019 0.035224
0 0.628324 0.354245 0.017607 0.012845
0 0.206913 0.569052 0.019249 0.014292
0 0.506727 0.432163 0.016987 0.012897
0 0.639213 0.805778 0.017552 0.012706
0 0.467021 0.754157 0.019142 0.014248
0 0.161531 0.384672 0.014452 0.011784
0 0.512862 0.671751 0.022331 0.015090
0 0.613155 0.413599 0.017582 0.014608
0 0.101729 0.563848 0.016084 0.012260
0 0.627690 0.765445 0.015951 0.012103
1 0.152604 0.729993 0.057386 0.045252
0 0.597787 0.554179 0.016921 0.014002
0 0.362764 0.790722 0.024508 0.019549
1 0.748353 0.480308 0.041158 0.035805
0 0.643103 0.646130 0.016241 0.013094
0 0.121241 0.515806 0.016000 0.012272
0 0.276550 0.399031 0.016877 0.011850
0 0.379158 0.429704 0.016266 0.011667
0 0.099434 0.448950 0.017308 0.013805
0 0.186439 0.659660 0.013296 0.011363
0 0.415459 0.339098 0.015207 0.011830
0 0.490226 0.467152 0.016999 0.016582
0 0.537754 0.454684 0.018193 0.013715
0 0.222190 0.454443 0.017184 0.013942
0 0.403457 0.438675 0.015081 0.010984
0 0.513701 0.798486 0.020833 0.015142
0 0.600195 0.612004 0.016483 0.012386
0 0.578915 0.356475 0.015197 0.012369
0 0.284853 0.753109 0.017536 0.012076
0 0.178056 0.642909 0.014896 0.011488
0 0.533499 0.371994 0.016505 0.012082
1 0.325292 0.333718 0.090740 0.051219
0 0.378557 0.651329 0.018206 0.017493
0 0.620106 0.781100 0.015693 0.011570
0 0.349481 0.563537 0.011611 0.009532
0 0.544742 0.363887 0.015787 0.013636
0 0.339433 0.377603 0.012565 0.010408
0 0.190584 0.633981 0.014427 0.011104
0 0.608009 0.467496 0.013132 0.010517
0 0.667216 0.510696 0.019402 0.015169
0 0.216653 0.433345 0.016803 0.012315
0 0.425058 0.712363 0.016738 0.014138
0 0.518145 0.584201 0.016606 0.013947
0 0.759781 0.639126 0.017079 0.012825
0 0.427917 0.627147 0.012806 0.010172
0 0.418231 0.421258 0.018653 0.014509
0 0.390096 0.480636 0.012934 0.010445
0 0.336116 0.634055 0.016139 0.013203
0 0.740305 0.638087 0.017444 0.012634
0 0.608055 0.390662 0.025987 0.016214
0 0.530700 0.763818 0.026232 0.015882
0 0.453471 0.348841 0.011293 0.008633
0 0.689601 0.491609 0.016575 0.014406
0 0.231318 0.538655 0.014377 0.010547
0 0.640598 0.529262 0.016029 0.012461
0 0.381461 0.348684 0.014330 0.010633
0 0.669203 0.580614 0.014402 0.010223
0 0.229561 0.352784 0.011855 0.009810
0 0.590103 0.458096 0.013017 0.010328
0 0.604563 0.358452 0.016985 0.012300
0 0.707229 0.733179 0.018048 0.012719
0 0.221645 0.580444 0.014194 0.010263
0 0.572687 0.462489 0.014509 0.011425
0 0.192614 0.610496 0.013295 0.009344
0 0.643603 0.557062 0.014651 0.012683
0 0.435386 0.725348 0.014648 0.010141
0 0.321016 0.397437 0.011732 0.008976
0 0.707652 0.476127 0.011337 0.008684
0 0.754982 0.627311 0.015788 0.013269
0 0.708694 0.594020 0.011344 0.008955
0 0.289298 0.475154 0.014659 0.013164
0 0.560882 0.508328 0.023733 0.022900
0 0.265741 0.521282 0.011402 0.009518
0 0.432340 0.721895 0.015375 0.012493
0 0.715162 0.434735 0.017204 0.014106
0 0.513564 0.446093 0.015560 0.011984
0 0.625815 0.545980 0.015100 0.012045
0 0.185580 0.779190 0.022114 0.018547
0 0.782332 0.610571 0.017374 0.014648
0 0.417560 0.315160 0.009492 0.008319
0 0.449319 0.292426 0.012816 0.009573
0 0.298619 0.719797 0.012421 0.009927
0 0.186383 0.594106 0.017602 0.013872
0 0.208952 0.436833 0.018812 0.012631
0 0.557864 0.434505 0.013011 0.010014
0 0.477748 0.706439 0.014475 0.012598
0 0.159925 0.702363 0.016755 0.012176
0 0.424764 0.416871 0.017329 0.013405
0 0.615367 0.608720 0.031676 0.014719
0 0.460338 0.324118 0.022989 0.013723
0 0.489357 0.450652 0.015117 0.013243