0 0.130779 0.298306 0.018976 0.014876
0 0.409010 0.651378 0.013786 0.010395
0 0.591631 0.497800 0.014419 0.011178
0 0.499206 0.660827 0.015707 0.012105
1 0.193546 0.462572 0.064209 0.071207
0 0.577389 0.642533 0.015459 0.011795
0 0.331336 0.628907 0.013591 0.010332
0 0.263549 0.324424 0.016235 0.012145
0 0.690158 0.529497 0.012393 0.009806
0 0.236083 0.353621 0.015524 0.012198
0 0.294697 0.617418 0.016405 0.012035
0 0.541162 0.233263 0.013450 0.011337
0 0.484097 0.371518 0.015616 0.011646
0 0.538492 0.482966 0.013229 0.010830
0 0.683280 0.447893 0.016652 0.012143
0 0.421339 0.712376 0.017614 0.013043
0 0.450920 0.254722 0.012320 0.010277
0 0.660584 0.516329 0.014321 0.011365
0 0.441410 0.673437 0.013766 0.010465
0 0.424232 0.313841 0.015668 0.012319
0 0.640656 0.351698 0.012340 0.009858
0 0.623788 0.199457 0.016634 0.013054
0 0.184079 0.244898 0.017152 0.012586
0 0.210839 0.396675 0.013975 0.011256
0 0.258844 0.254030 0.014119 0.012751
0 0.518447 0.286697 0.014679 0.011835
0 0.448788 0.715808 0.017100 0.013219
0 0.226644 0.320125 0.013575 0.009830
0 0.562887 0.218565 0.016892 0.014715
0 0.689354 0.472754 0.013169 0.009816
0 0.618720 0.286887 0.014692 0.011211
0 0.198046 0.342709 0.016582 0.012455
0 0.399226 0.696776 0.015110 0.011857
0 0.257181 0.429883 0.015775 0.012834
0 0.560368 0.543770 0.015947 0.011257
0 0.627287 0.323067 0.016484 0.012075
0 0.274600 0.407649 0.016426 0.011224
0 0.678085 0.570907 0.012465 0.010000
0 0.322542 0.330688 0.014835 0.011531
0 0.705803 0.290969 0.015360 0.012750
0 0.219031 0.655207 0.016494 0.012023
0 0.495718 0.723862 0.020146 0.014721
0 0.450029 0.282591 0.011751 0.010166
0 0.560621 0.704688 0.015811 0.011769
0 0.616781 0.476111 0.014558 0.011347
0 0.546886 0.384397 0.015282 0.011639
0 0.677558 0.311970 0.013902 0.010416
0 0.200898 0.305653 0.013252 0.010251
0 0.657383 0.419008 0.016664 0.011161
0 0.348269 0.348573 0.013199 0.009722
0 0.578979 0.271768 0.019504 0.011862
0 0.728158 0.524510 0.012256 0.009776
0 0.173373 0.389115 0.012741 0.010075
0 0.530738 0.619154 0.015478 0.013172
0 0.643227 0.462567 0.011439 0.009201
0 0.595739 0.209431 0.014382 0.011349
0 0.545229 0.285000 0.013294 0.010090
0 0.342970 0.374949 0.014827 0.010719
0 0.631695 0.418578 0.012962 0.009214
0 0.482771 0.282077 0.013462 0.010649
0 0.140925 0.386900 0.014550 0.012111
0 0.567124 0.190619 0.017622 0.012287
0 0.364148 0.194305 0.014778 0.011919
0 0.210497 0.230623 0.015310 0.013284
0 0.329660 0.575974 0.013539 0.011290
0 0.648504 0.498367 0.011741 0.009078
0 0.446967 0.485241 0.014096 0.010611
1 0.454557 0.520980 0.061223 0.032092
0 0.673716 0.237699 0.016567 0.012001
0 0.192123 0.514739 0.013615 0.011662
0 0.196290 0.624491 0.014374 0.010545
0 0.251727 0.301676 0.019690 0.014576
0 0.319851 0.656766 0.014993 0.012366
0 0.738255 0.403270 0.012827 0.009457
0 0.198257 0.590683 0.013233 0.009826
0 0.423609 0.340568 0.015397 0.010967
0 0.630441 0.389817 0.012371 0.009833
0 0.367667 0.661123 0.013020 0.010750
0 0.418610 0.431031 0.012369 0.009313
0 0.295725 0.466899 0.013712 0.011050
0 0.635277 0.681959 0.015026 0.012135
0 0.712295 0.567583 0.015138 0.011619
0 0.343256 0.427187 0.014863 0.010510
0 0.412228 0.455505 0.014135 0.011310
0 0.742261 0.279339 0.022710 0.015936
0 0.236846 0.241900 0.014186 0.011935
0 0.266344 0.518891 0.010424 0.008227
0 0.608397 0.234488 0.013811 0.010839
0 0.635372 0.227816 0.013103 0.010221
0 0.399293 0.502721 0.013505 0.009133
0 0.282941 0.435865 0.012569 0.008655
0 0.767648 0.424958 0.014622 0.011711
0 0.594822 0.474937 0.013793 0.011421
0 0.657975 0.287390 0.013178 0.011399
1 0.495365 0.235719 0.048407 0.031844
0 0.356732 0.407303 0.011964 0.009350
0 0.384461 0.565444 0.011528 0.009891
0 0.489573 0.443632 0.013345 0.012910
0 0.524643 0.404843 0.015863 0.011088
0 0.560806 0.496244 0.011317 0.008598
0 0.399494 0.402866 0.016299 0.010741
0 0.668570 0.638645 0.014635 0.012069
0 0.092519 0.378381 0.014539 0.011701
0 0.329578 0.442852 0.012480 0.009627
0 0.726790 0.596587 0.015486 0.011981
1 0.553650 0.452950 0.042461 0.032917
0 0.606688 0.594363 0.013851 0.011261
0 0.599288 0.432791 0.012663 0.010066
0 0.658781 0.676587 0.017717 0.013561
0 0.448824 0.448959 0.013790 0.013800
0 0.374238 0.335321 0.015673 0.011447
0 0.402542 0.354670 0.017675 0.011140
0 0.463543 0.688012 0.013419 0.009301
0 0.594384 0.455432 0.011013 0.009001
0 0.412809 0.357640 0.016966 0.010849
0 0.229895 0.403674 0.012666 0.010020
0 0.535586 0.695011 0.017792 0.016408
0 0.134783 0.515598 0.016140 0.010663
0 0.255106 0.557413 0.014625 0.010315
0 0.252429 0.206624 0.017891 0.013828
0 0.252383 0.661632 0.014700 0.010960
0 0.540679 0.188778 0.011901 0.010625
0 0.549167 0.314492 0.016152 0.012194
0 0.108069 0.348475 0.016564 0.013503
0 0.433255 0.377384 0.016966 0.008842
0 0.461161 0.497740 0.012700 0.009458
0 0.721126 0.434479 0.013325 0.011558
0 0.738417 0.306685 0.016436 0.011314
0 0.673550 0.379267 0.015919 0.013727
0 0.099456 0.323830 0.017428 0.015666
0 0.300982 0.270307 0.013294 0.013810
0 0.703384 0.607180 0.019582 0.013129
0 0.591417 0.303494 0.012188 0.010017
0 0.417834 0.410583 0.012599 0.009481
0 0.588606 0.232326 0.013641 0.010047
0 0.569190 0.406588 0.013883 0.010764
0 0.422125 0.489396 0.012125 0.010287
0 0.157327 0.406198 0.014839 0.009555
0 0.485334 0.702296 0.021063 0.017900
0 0.506447 0.398322 0.016011 0.011424
0 0.741039 0.434188 0.016157 0.012027
0 0.722951 0.340206 0.012615 0.009331
0 0.301755 0.245587 0.013440 0.009847
0 0.354749 0.514473 0.011845 0.009130
0 0.523592 0.333021 0.016768 0.010297
0 0.600904 0.513631 0.013145 0.008479
0 0.685256 0.398238 0.012514 0.008666
0 0.582895 0.339492 0.013623 0.010809
0 0.224433 0.618369 0.013202 0.010585
0 0.653378 0.440748 0.011336 0.008449
0 0.708919 0.257530 0.019253 0.015728
0 0.589552 0.367644 0.016030 0.010365
0 0.612874 0.697118 0.015703 0.011707
0 0.646067 0.330529 0.011838 0.009406
0 0.731756 0.549092 0.011916 0.009629
0 0.691734 0.656273 0.012988 0.009961
0 0.581387 0.390311 0.011431 0.010269
0 0.658728 0.256523 0.014778 0.012409
0 0.282152 0.214937 0.015166 0.013223
0 0.547384 0.360009 0.013697 0.011325
0 0.773797 0.295319 0.016264 0.013351
0 0.486650 0.427197 0.013803 0.011292
0 0.673925 0.218801 0.015791 0.012104
0 0.419777 0.578494 0.012800 0.010535
0 0.162485 0.315521 0.014013 0.011461
0 0.398439 0.292471 0.014331 0.011069
0 0.783806 0.316349 0.018072 0.014151
0 0.605774 0.385899 0.014203 0.012858
0 0.249984 0.644054 0.016200 0.011559
0 0.123441 0.368589 0.014290 0.011585
0 0.374210 0.692995 0.016102 0.013043
0 0.368279 0.678862 0.016355 0.012582
0 0.586600 0.544875 0.012236 0.009560
0 0.522486 0.671948 0.016410 0.015569
0 0.644997 0.265614 0.018883 0.011432
0 0.467408 0.410148 0.013732 0.009777
0 0.504452 0.359218 0.016539 0.013902
0 0.739787 0.367250 0.017951 0.012490
0 0.122321 0.407979 0.014360 0.010749
0 0.644194 0.375336 0.011087 0.008829
0 0.559182 0.670055 0.015682 0.011450
0 0.651558 0.309116 0.014909 0.011511
0 0.603710 0.564446 0.014695 0.009081
0 0.778184 0.336952 0.020476 0.010907
0 0.258624 0.593170 0.013611 0.009906
0 0.319367 0.607565 0.012304 0.009403
0 0.623731 0.549634 0.016329 0.010943
0 0.172563 0.338918 0.014861 0.010504
1 0.281286 0.697610 0.081495 0.040138
0 0.655874 0.474478 0.012223 0.009372
0 0.400902 0.309812 0.016526 0.012801
0 0.354833 0.322526 0.018221 0.011404
0 0.182779 0.589862 0.012831 0.009655
0 0.502359 0.598205 0.012698 0.011153
0 0.700058 0.357830 0.012025 0.011120
0 0.161009 0.283577 0.015520 0.012478
0 0.361841 0.712179 0.020908 0.013359
0 0.321749 0.463587 0.011478 0.008594
0 0.745450 0.325220 0.014840 0.010279
0 0.574539 0.515868 0.012103 0.012231
0 0.217712 0.261338 0.013456 0.010357
0 0.324730 0.520994 0.012559 0.009812
0 0.817634 0.384773 0.015297 0.012538
0 0.168554 0.609902 0.015397 0.011630
0 0.286492 0.501173 0.012469 0.009717
0 0.760624 0.522144 0.015671 0.010117
0 0.604264 0.437134 0.011367 0.008992
0 0.144973 0.586103 0.014201 0.010938
0 0.538163 0.688039 0.017369 0.018063
0 0.570638 0.351692 0.015015 0.011144
0 0.673325 0.488801 0.013416 0.009367
0 0.735113 0.573449 0.014005 0.012448
0 0.221871 0.433812 0.012422 0.009006
0 0.423341 0.470760 0.014047 0.010402
0 0.709973 0.319258 0.013885 0.010228
0 0.497317 0.309212 0.013454 0.008857
0 0.615113 0.254431 0.016281 0.012316
0 0.433999 0.420801 0.012578 0.010005
0 0.284575 0.317362 0.015976 0.011881
0 0.479961 0.313827 0.015278 0.011226
0 0.134908 0.549069 0.016469 0.011422
0 0.675252 0.544519 0.016565 0.009391
0 0.381543 0.453013 0.014516 0.011180
0 0.250636 0.617957 0.014575 0.011537
0 0.575273 0.521096 0.012414 0.013360
0 0.391823 0.444683 0.015545 0.010564
0 0.497085 0.334708 0.012319 0.012138
0 0.180471 0.286461 0.018726 0.013920
0 0.715805 0.401112 0.011864 0.010437
0 0.289062 0.194754 0.014375 0.015688
0 0.478818 0.675417 0.018218 0.015243
0 0.804431 0.359581 0.024712 0.014342
0 0.273229 0.605432 0.015083 0.015121
0 0.204504 0.277065 0.016367 0.012579
0 0.651474 0.208495 0.015072 0.013652
0 0.385459 0.373850 0.016526 0.012990
0 0.334422 0.488653 0.011729 0.009806
0 0.091455 0.423338 0.013646 0.011174
0 0.108416 0.436360 0.011903 0.009292
0 0.247120 0.450064 0.012706 0.009557
0 0.757694 0.584086 0.016172 0.013817
0 0.551849 0.420158 0.010374 0.009989
0 0.269828 0.473792 0.012773 0.011505
0 0.649391 0.569486 0.012760 0.014986
0 0.583055 0.546545 0.011887 0.010830
0 0.298327 0.586214 0.012943 0.009675
0 0.375933 0.498873 0.015379 0.010159
0 0.757129 0.556574 0.018815 0.010357
0 0.323806 0.225960 0.019093 0.017800
0 0.291525 0.573485 0.016215 0.014006
0 0.614517 0.315897 0.016291 0.011557
0 0.596166 0.183314 0.013972 0.012264
0 0.783373 0.505905 0.010766 0.008784
0 0.383913 0.294628 0.014916 0.010527
0 0.079943 0.411598 0.014991 0.012774
0 0.517941 0.566329 0.013811 0.011721
0 0.282017 0.311158 0.014537 0.012849
0 0.716130 0.406243 0.010917 0.016182
0 0.533612 0.374808 0.014088 0.009613
0 0.126623 0.514871 0.019308 0.011651
0 0.382892 0.172425 0.012618 0.010749
0 0.224638 0.635177 0.012532 0.013465
0 0.663319 0.543199 0.020058 0.009198
0 0.211051 0.284131 0.015681 0.012827