0 0.679209 0.520392 0.017501 0.013190
0 0.480131 0.574155 0.019662 0.015520
0 0.731592 0.550444 0.017139 0.012973
0 0.655346 0.693520 0.015608 0.011973
0 0.776662 0.757578 0.021489 0.017284
0 0.773610 0.810927 0.017394 0.013159
0 0.498558 0.361451 0.014775 0.012044
0 0.565309 0.479333 0.014488 0.010925
0 0.595714 0.430337 0.019566 0.013811
0 0.815640 0.775550 0.016172 0.013173
0 0.478375 0.513693 0.018538 0.014493
0 0.274837 0.664426 0.015335 0.012071
0 0.364954 0.663379 0.018260 0.012930
0 0.327648 0.671680 0.016717 0.013639
0 0.539961 0.516297 0.018005 0.013837
0 0.877532 0.690156 0.015461 0.012264
0 0.574701 0.406182 0.015364 0.012440
1 0.558657 0.380345 0.049304 0.038180
0 0.756451 0.670682 0.016351 0.013349
0 0.523309 0.857463 0.021802 0.016083
0 0.709352 0.367759 0.014812 0.012497
0 0.851002 0.497868 0.016039 0.013435
0 0.575696 0.337623 0.013984 0.011407
0 0.634198 0.522156 0.015340 0.014094
0 0.749451 0.640487 0.014371 0.011445
0 0.472996 0.330947 0.024525 0.021070
0 0.648525 0.593589 0.017398 0.013955
0 0.474474 0.667168 0.015321 0.012393
0 0.898351 0.651719 0.013556 0.010501
0 0.649560 0.738527 0.016138 0.013512
0 0.635533 0.672531 0.015877 0.011811
0 0.618912 0.381227 0.015135 0.012286
0 0.825819 0.527497 0.020363 0.015939
0 0.900855 0.506439 0.014019 0.010883
0 0.339506 0.543466 0.015689 0.012864
0 0.721705 0.428830 0.019346 0.012379
0 0.657136 0.495321 0.015158 0.012873
0 0.550156 0.596165 0.011525 0.009977
0 0.340311 0.689136 0.014479 0.011966
0 0.392774 0.340178 0.020975 0.016453
0 0.783527 0.511816 0.015746 0.013536
0 0.556855 0.778484 0.014791 0.012606
0 0.434931 0.734520 0.017301 0.014855
0 0.346642 0.600303 0.018914 0.014937
0 0.532484 0.769040 0.016898 0.012756
0 0.564469 0.354096 0.014171 0.010015
0 0.537186 0.449013 0.024734 0.020098
0 0.838780 0.519511 0.017591 0.013408
0 0.784850 0.453488 0.013505 0.010923
0 0.305855 0.595507 0.015604 0.012876
0 0.824592 0.572423 0.027965 0.012006
0 0.733134 0.378778 0.015347 0.012348
0 0.499693 0.447080 0.015169 0.013071
0 0.319127 0.460318 0.018150 0.014352
0 0.620709 0.326716 0.013510 0.011771
1 0.812796 0.359555 0.032519 0.023910
1 0.696996 0.407851 0.036293 0.023454
0 0.555969 0.517269 0.016236 0.012506
0 0.421001 0.615622 0.025536 0.018752
0 0.477053 0.455432 0.016504 0.014419
0 0.392234 0.363880 0.019239 0.016955
0 0.547907 0.634808 0.013813 0.011988
0 0.913697 0.450858 0.015422 0.012559
0 0.519275 0.389211 0.014358 0.010730
0 0.795372 0.397364 0.013813 0.011210
0 0.843362 0.650107 0.018705 0.014618
0 0.802761 0.476103 0.017504 0.012842
0 0.687708 0.312121 0.021216 0.015607