0 0.368325 0.351051 0.018482 0.018598
1 0.204549 0.510659 0.150064 0.159665
0 0.535479 0.665106 0.019151 0.018189
0 0.528041 0.468029 0.018917 0.019411
0 0.449688 0.495982 0.017746 0.017805
0 0.801229 0.796771 0.018195 0.019062
0 0.257156 0.199058 0.018739 0.018278
0 0.532353 0.873465 0.020209 0.019903
0 0.521329 0.276307 0.021333 0.020854
1 0.746097 0.552229 0.044263 0.045422
0 0.423809 0.116348 0.016802 0.018723
0 0.325997 0.202092 0.019794 0.020793
0 0.640288 0.542007 0.017862 0.018300
0 0.435144 0.529550 0.021226 0.022782
0 0.196575 0.671208 0.017650 0.019789
0 0.093187 0.222312 0.015903 0.016541
0 0.822477 0.327519 0.016845 0.016633
0 0.414827 0.802274 0.019037 0.018999
0 0.143313 0.211758 0.015908 0.016399
0 0.581073 0.845278 0.018055 0.018351
0 0.479658 0.551017 0.018317 0.017416
0 0.484681 0.058734 0.013721 0.015029
0 0.454568 0.050342 0.014856 0.016428
0 0.469899 0.807926 0.018321 0.018834
0 0.286746 0.118962 0.019612 0.019912
1 0.558001 0.344848 0.050833 0.045347
0 0.345728 0.674507 0.020877 0.021558
0 0.721291 0.478264 0.019128 0.019744
0 0.346658 0.117668 0.016269 0.018668
0 0.569402 0.519552 0.015580 0.016461
0 0.398102 0.197162 0.015676 0.016820
0 0.702449 0.106259 0.015617 0.016455
0 0.586090 0.728115 0.017987 0.018049
0 0.839579 0.220450 0.015197 0.016468
0 0.197934 0.363888 0.014850 0.015076
0 0.692889 0.341040 0.022657 0.020390
0 0.444723 0.372793 0.018961 0.018320
0 0.661986 0.678678 0.019272 0.019757
0 0.756141 0.190604 0.016360 0.017504
0 0.606600 0.381939 0.019665 0.019176
0 0.134961 0.234049 0.015859 0.016174
0 0.558728 0.417446 0.020400 0.020294
0 0.209345 0.197033 0.020492 0.025667
0 0.093492 0.308065 0.017937 0.017501
0 0.198047 0.598142 0.017904 0.017573
0 0.830766 0.632412 0.013915 0.014836
0 0.277563 0.405309 0.013337 0.013264
0 0.331655 0.393285 0.015015 0.015668
0 0.271975 0.082935 0.014769 0.017503
0 0.147575 0.266392 0.015873 0.017588
0 0.353062 0.182581 0.021216 0.020125
0 0.907730 0.502951 0.016877 0.016652
0 0.413042 0.060783 0.025499 0.021765
0 0.620099 0.271411 0.018163 0.019907
0 0.707027 0.814384 0.017599 0.017664
0 0.496153 0.891816 0.020962 0.018819
0 0.279731 0.825338 0.020239 0.018559
0 0.556180 0.715155 0.014980 0.015964
0 0.640776 0.357916 0.016207 0.016430
0 0.262759 0.802771 0.019143 0.018806
0 0.414716 0.401190 0.022531 0.026451
0 0.722302 0.442080 0.016904 0.016942
0 0.887218 0.596679 0.020243 0.021560
0 0.258240 0.262312 0.019598 0.018254
0 0.105373 0.181445 0.013703 0.015606
0 0.249881 0.822015 0.017083 0.017109
0 0.620390 0.232155 0.015149 0.015951
0 0.222865 0.403019 0.014645 0.015374
0 0.432857 0.178184 0.017453 0.017222
0 0.379576 0.164079 0.016382 0.017397
0 0.714023 0.495511 0.017694 0.017897
0 0.518794 0.158352 0.026654 0.022207
0 0.141903 0.644818 0.017637 0.018692
0 0.935318 0.541867 0.015546 0.014635
0 0.353442 0.480221 0.015354 0.015678
0 0.563262 0.412229 0.021921 0.021527
0 0.587438 0.276807 0.014775 0.017584
0 0.587940 0.424377 0.019343 0.019732
0 0.508158 0.160168 0.022882 0.021020
0 0.420563 0.978173 0.019831 0.020535
0 0.523415 0.723548 0.015901 0.017667
0 0.182928 0.313334 0.016455 0.017714
0 0.722925 0.198469 0.015373 0.015105
0 0.432075 0.449031 0.014058 0.015543
0 0.514499 0.892728 0.020472 0.019634
0 0.249568 0.659880 0.019128 0.020267
0 0.570214 0.630863 0.019093 0.019067
0 0.230357 0.636572 0.016641 0.019226
0 0.117798 0.279820 0.017292 0.017503
0 0.063212 0.259420 0.018675 0.022841
0 0.039097 0.280486 0.014605 0.016745
0 0.788458 0.512419 0.016062 0.017456
0 0.867130 0.265677 0.016621 0.017428
0 0.759492 0.379492 0.018412 0.021153
0 0.387725 0.536214 0.017431 0.019166
0 0.785821 0.293059 0.020260 0.021521
0 0.522729 0.407365 0.019446 0.017018