0 0.539255 0.736719 0.020412 0.015767
0 0.269946 0.444787 0.018545 0.014414
0 0.576866 0.485042 0.022157 0.016464
0 0.349843 0.415368 0.018283 0.015727
0 0.300098 0.630317 0.019207 0.015499
0 0.352536 0.609090 0.019218 0.015941
0 0.458278 0.360437 0.020795 0.015145
0 0.329975 0.552601 0.021105 0.015914
0 0.608208 0.638623 0.022378 0.017084
0 0.590991 0.362190 0.017787 0.015024
0 0.425036 0.337455 0.018337 0.014499
0 0.375226 0.476085 0.017063 0.012724
0 0.328993 0.373691 0.018686 0.014872
0 0.483965 0.385088 0.019592 0.016720
0 0.298202 0.390531 0.019479 0.015774
0 0.362535 0.355561 0.016648 0.012636
0 0.324197 0.581619 0.016478 0.013181
0 0.508427 0.754719 0.019720 0.015964
0 0.617418 0.501424 0.019365 0.015790
0 0.675887 0.411005 0.018582 0.015837
0 0.283420 0.578543 0.019887 0.017599
0 0.253464 0.603619 0.021480 0.017612
0 0.631435 0.851571 0.020478 0.015402
0 0.255697 0.713982 0.022306 0.016377
0 0.444868 0.624749 0.019985 0.016108
0 0.268472 0.763724 0.017043 0.012555
0 0.496668 0.435848 0.017744 0.013762
0 0.188454 0.510997 0.019736 0.014007
0 0.609345 0.424094 0.026358 0.020237
0 0.656939 0.473420 0.020154 0.017448
0 0.557721 0.769113 0.017116 0.013337
0 0.699912 0.549117 0.022660 0.015518
0 0.711030 0.489518 0.018518 0.014685
0 0.630826 0.732770 0.019798 0.015854
0 0.359053 0.822181 0.018250 0.014335
0 0.524293 0.605231 0.016278 0.012974
0 0.735948 0.448998 0.019705 0.015708
0 0.320910 0.453655 0.020323 0.014995
0 0.553624 0.372292 0.018399 0.014533
0 0.514108 0.564459 0.019809 0.015423
0 0.367549 0.500169 0.020456 0.016385
0 0.756177 0.699365 0.024093 0.019616
0 0.398958 0.523807 0.018034 0.014412
0 0.676881 0.856237 0.015504 0.011301
0 0.449286 0.825886 0.019183 0.014767
0 0.601129 0.865239 0.021400 0.016423
1 0.311219 0.829488 0.074887 0.049073
0 0.621793 0.467415 0.018627 0.014969
0 0.695549 0.860632 0.016899 0.013079
0 0.431291 0.860026 0.027000 0.021156
0 0.401669 0.857027 0.019848 0.015743
0 0.641245 0.704448 0.018188 0.014920
0 0.526432 0.801743 0.020377 0.015939
0 0.788868 0.623592 0.020931 0.016850
0 0.352081 0.698265 0.020802 0.016331
0 0.681697 0.858440 0.024547 0.013013
0 0.717408 0.502128 0.018495 0.016166
0 0.800908 0.547282 0.015700 0.013395
0 0.362514 0.328932 0.013334 0.011851