0 0.462733 0.717343 0.015445 0.011299
0 0.607089 0.456499 0.015667 0.011763
0 0.433431 0.783834 0.016004 0.013188
0 0.277540 0.715719 0.013388 0.011035
0 0.422039 0.350771 0.015491 0.012440
0 0.405847 0.669463 0.014864 0.011133
0 0.351124 0.458169 0.014808 0.012606
0 0.262853 0.807964 0.016889 0.012407
0 0.530848 0.634813 0.017149 0.013368
0 0.229724 0.422040 0.016511 0.013404
0 0.332771 0.742916 0.015315 0.011373
0 0.576600 0.572085 0.016754 0.012608
0 0.074868 0.522489 0.015816 0.011875
0 0.283461 0.401942 0.016409 0.012380
0 0.192024 0.622143 0.016559 0.012781
0 0.457810 0.327274 0.015140 0.012960
0 0.382438 0.684251 0.013105 0.010217
0 0.310887 0.696051 0.012656 0.009962
0 0.433797 0.531675 0.014257 0.011663
0 0.291874 0.733745 0.013586 0.011438
0 0.181420 0.450276 0.015648 0.011183
0 0.598529 0.761164 0.016930 0.014137
0 0.574094 0.360402 0.017327 0.015369
0 0.314703 0.776864 0.014934 0.013687
0 0.591185 0.401294 0.014186 0.010950
0 0.296546 0.364107 0.017692 0.014387
0 0.250092 0.645217 0.012032 0.009193
0 0.257194 0.458498 0.014126 0.010248
0 0.347093 0.484364 0.013115 0.010032
0 0.407728 0.436302 0.018293 0.012800
0 0.479061 0.370666 0.014654 0.011597
0 0.389798 0.462614 0.016770 0.010813
0 0.373233 0.262011 0.014732 0.011296
0 0.641476 0.400672 0.016321 0.013393
0 0.359077 0.591727 0.014213 0.011437
0 0.490947 0.289605 0.013564 0.011681
0 0.711878 0.453142 0.012879 0.009803
0 0.369523 0.774337 0.017243 0.012704
0 0.090583 0.454266 0.014769 0.011567
0 0.371538 0.342364 0.019404 0.014515
0 0.377072 0.294824 0.012077 0.010212
0 0.524551 0.686068 0.012987 0.011025
0 0.487415 0.830828 0.023600 0.016521
0 0.538310 0.487366 0.017686 0.012650
0 0.618851 0.671706 0.013331 0.010277
0 0.530996 0.809649 0.016855 0.012862
0 0.319654 0.547439 0.012095 0.009457
0 0.613082 0.542299 0.014766 0.011198
0 0.500665 0.713998 0.012523 0.008887
0 0.454242 0.446668 0.013764 0.010458
0 0.362424 0.316452 0.013552 0.011377
0 0.451032 0.372289 0.017112 0.013259
0 0.383926 0.802238 0.016872 0.012685
0 0.347010 0.396075 0.016882 0.012798
0 0.540929 0.606429 0.013740 0.010537
0 0.504642 0.414123 0.017591 0.013816
0 0.507785 0.504385 0.017305 0.014446
0 0.556240 0.467792 0.018681 0.014144
0 0.217606 0.314528 0.017123 0.014163
0 0.204140 0.722826 0.014685 0.013211
0 0.244577 0.777802 0.015359 0.011853
0 0.376989 0.826486 0.020761 0.016429
0 0.148975 0.384974 0.014077 0.010793
0 0.410513 0.470205 0.013455 0.011382
0 0.491154 0.804145 0.016183 0.012559
0 0.211894 0.691059 0.012020 0.009691
0 0.154994 0.435874 0.021161 0.014157
0 0.760890 0.437124 0.016723 0.014657
0 0.373959 0.363461 0.014219 0.011537
0 0.458136 0.663985 0.017275 0.012016
1 0.704011 0.501454 0.041670 0.036917
0 0.285091 0.339583 0.015989 0.012626
1 0.233151 0.520211 0.047733 0.034902
0 0.535278 0.762507 0.016701 0.015022
0 0.278373 0.595843 0.015464 0.012394
0 0.041717 0.401518 0.016568 0.013739
0 0.637118 0.420545 0.017438 0.013455
0 0.069188 0.493590 0.015188 0.011697
0 0.380471 0.403764 0.021979 0.014145
0 0.725254 0.572668 0.017810 0.012587
0 0.313941 0.675428 0.013399 0.009624
0 0.286149 0.320591 0.020620 0.014056
1 0.769812 0.523613 0.081545 0.043815
0 0.587072 0.485892 0.012853 0.011000
0 0.681597 0.656050 0.015072 0.010696
0 0.292693 0.804662 0.018084 0.013791
0 0.336066 0.299163 0.016949 0.013678
0 0.299652 0.301526 0.018220 0.013429
0 0.579484 0.734589 0.016838 0.013011
0 0.614357 0.586223 0.018380 0.012285
0 0.532963 0.281004 0.018147 0.015260
0 0.197949 0.560123 0.015124 0.012100
0 0.523945 0.351714 0.020152 0.015033
0 0.243966 0.378802 0.013049 0.010967
0 0.620155 0.557351 0.017312 0.013244
0 0.485840 0.743805 0.011822 0.008850
0 0.213446 0.585194 0.016189 0.014721
0 0.740458 0.471124 0.012667 0.009724
0 0.226567 0.494765 0.012962 0.010929
0 0.321989 0.607971 0.012429 0.008912
0 0.723746 0.434580 0.013113 0.010607
0 0.348456 0.835144 0.023406 0.014933
0 0.742275 0.587923 0.015443 0.011290
0 0.163374 0.534402 0.017445 0.013040
0 0.239020 0.363810 0.012746 0.010632
0 0.119826 0.440374 0.016046 0.012548
0 0.174210 0.677824 0.013127 0.010772
0 0.275812 0.786317 0.016863 0.012721
1 0.633122 0.342043 0.023516 0.019710
0 0.489570 0.489988 0.018925 0.015353
0 0.569531 0.432038 0.018044 0.013106
0 0.395226 0.638353 0.014849 0.009658
0 0.355981 0.752221 0.011964 0.008895
0 0.415370 0.718862 0.012952 0.010631
0 0.255771 0.285081 0.016800 0.013157
0 0.041166 0.430574 0.015048 0.012292
1 0.014349 0.570226 0.028698 0.039369
0 0.198526 0.526767 0.014582 0.011368
0 0.732361 0.404184 0.015886 0.012871
0 0.410264 0.317803 0.012138 0.010248
0 0.246804 0.575904 0.012467 0.009742
0 0.049049 0.510147 0.013275 0.009899
0 0.168563 0.409006 0.015668 0.010926
0 0.716870 0.370952 0.019140 0.016996
0 0.180109 0.509529 0.011802 0.008948
0 0.174927 0.297320 0.020353 0.015242
0 0.550504 0.795347 0.014001 0.011594
0 0.659152 0.660125 0.012723 0.009607
0 0.208292 0.756973 0.014327 0.010913
0 0.460635 0.747236 0.012776 0.009962
0 0.686642 0.627527 0.013489 0.011026
0 0.317667 0.507618 0.010377 0.008698
0 0.420423 0.575322 0.017079 0.015174
0 0.484100 0.559094 0.016213 0.013357
0 0.276431 0.690550 0.011146 0.010099
0 0.596562 0.320137 0.016809 0.012867
0 0.328216 0.377251 0.017202 0.011427
0 0.659100 0.480663 0.011346 0.009169
0 0.417674 0.503972 0.012385 0.009749
1 0.441146 0.283180 0.047364 0.034284
0 0.473874 0.471480 0.015068 0.011035
0 0.751872 0.413788 0.018149 0.013248
0 0.589533 0.434757 0.013494 0.010886
0 0.425584 0.623475 0.018735 0.013894
0 0.303506 0.608647 0.011892 0.009412
0 0.465006 0.610420 0.012437 0.008892
0 0.222582 0.400508 0.013859 0.011092
0 0.606971 0.648412 0.012843 0.011167
0 0.366803 0.543016 0.012606 0.009030
0 0.459383 0.799538 0.017623 0.015295
0 0.119989 0.715842 0.013069 0.010591
0 0.566682 0.541179 0.018001 0.015053
0 0.597168 0.683467 0.013022 0.011626
0 0.325373 0.813631 0.020945 0.015368
0 0.231605 0.594125 0.013970 0.009923
0 0.272148 0.500694 0.017884 0.012066
0 0.571201 0.324550 0.019789 0.014548
0 0.284083 0.496744 0.017127 0.012697
0 0.402120 0.775061 0.016447 0.012705
0 0.089984 0.377604 0.024138 0.015482
0 0.620698 0.632384 0.011390 0.008689
0 0.601356 0.727520 0.015652 0.012122
0 0.398051 0.819032 0.015784 0.011800
0 0.315420 0.843106 0.018455 0.013934
0 0.657086 0.701770 0.012886 0.010102
0 0.541084 0.502975 0.013592 0.010400
0 0.584470 0.294248 0.014845 0.011883
0 0.210517 0.664537 0.011241 0.009130
0 0.514173 0.603356 0.014917 0.011948
0 0.324230 0.531271 0.011303 0.009242
0 0.507402 0.562810 0.012430 0.009861
0 0.617344 0.714140 0.016430 0.011925
0 0.388277 0.604515 0.014238 0.009608
0 0.177816 0.370244 0.015877 0.009953
0 0.371893 0.510929 0.019535 0.013457
0 0.773391 0.484818 0.013925 0.011518
0 0.478990 0.504767 0.018824 0.011432
0 0.599636 0.790390 0.016536 0.012052
0 0.468863 0.580743 0.018016 0.012117
0 0.334613 0.321473 0.014284 0.010726
0 0.413096 0.247666 0.011930 0.008669
0 0.416877 0.301762 0.012635 0.010279
0 0.196208 0.383671 0.021797 0.012749
0 0.387594 0.738773 0.014364 0.011370
0 0.215552 0.617413 0.011589 0.009837
0 0.117380 0.640626 0.017081 0.012196
1 0.093842 0.563763 0.049957 0.037599
0 0.556928 0.583630 0.011449 0.009306
0 0.250830 0.698675 0.011940 0.009718
0 0.348037 0.416727 0.013635 0.013092
0 0.102632 0.672041 0.013581 0.011345
0 0.074136 0.417048 0.012581 0.010715
0 0.183304 0.753138 0.017963 0.018658
0 0.088728 0.707157 0.016422 0.011469
0 0.158571 0.594857 0.017080 0.012721
0 0.487434 0.403830 0.015105 0.010617
0 0.681743 0.685657 0.016301 0.012346
0 0.449480 0.305508 0.013132 0.010242
0 0.004962 0.526335 0.009924 0.009589
0 0.224820 0.451139 0.016107 0.012964
0 0.217636 0.638545 0.013176 0.009965
0 0.068790 0.433327 0.012613 0.011524
0 0.634876 0.745386 0.015320 0.014946
0 0.409079 0.491479 0.013394 0.012060
0 0.070976 0.638833 0.013641 0.012961
0 0.578973 0.663607 0.012076 0.009743
0 0.294005 0.421030 0.012194 0.010169
0 0.121738 0.397463 0.014536 0.010983
0 0.148726 0.461286 0.016556 0.009869
0 0.394816 0.266047 0.009968 0.009521
0 0.535394 0.553210 0.012122 0.009085
0 0.577868 0.622658 0.012963 0.008944
0 0.264328 0.765793 0.013098 0.010298
0 0.352982 0.573074 0.011565 0.011316
0 0.394695 0.726703 0.014215 0.013482
0 0.532807 0.403847 0.013070 0.010620
0 0.295427 0.664916 0.012826 0.011077
0 0.186483 0.757793 0.017090 0.012675
0 0.764335 0.466443 0.014377 0.010724
0 0.396933 0.564407 0.015104 0.015217
0 0.662512 0.522152 0.012547 0.010534
0 0.046644 0.608783 0.017108 0.015378
0 0.360023 0.662143 0.012357 0.009852
0 0.412696 0.713492 0.012803 0.012239
0 0.297301 0.462724 0.011419 0.010652
0 0.425271 0.649035 0.012216 0.009239
0 0.571888 0.340989 0.016991 0.012066
0 0.250898 0.725560 0.011947 0.011728
0 0.205815 0.545626 0.015043 0.012786
0 0.465785 0.746024 0.019075 0.008978
0 0.631925 0.571532 0.013244 0.009801
0 0.179464 0.428691 0.013043 0.010552
0 0.721727 0.687576 0.015715 0.012045
0 0.181615 0.746534 0.016078 0.018845
0 0.093607 0.753151 0.016450 0.012838
0 0.278865 0.534827 0.009910 0.008234
0 0.115559 0.367178 0.016998 0.011974
0 0.414212 0.501511 0.013040 0.012802
0 0.696532 0.698708 0.012597 0.009361
0 0.564170 0.685646 0.011661 0.009570
0 0.408179 0.542128 0.014404 0.009752
0 0.156459 0.709645 0.012885 0.013478
0 0.453767 0.551126 0.016696 0.010184
0 0.433735 0.465186 0.012812 0.008975
0 0.457942 0.692700 0.011084 0.008897
0 0.217668 0.292380 0.011484 0.010328
0 0.110570 0.469782 0.013114 0.009997
0 0.400037 0.545117 0.014444 0.009523
0 0.106203 0.407977 0.012106 0.010172
0 0.145246 0.404530 0.013341 0.010164
0 0.782223 0.460138 0.014577 0.012207