0 0.612961 0.377999 0.015427 0.011244
0 0.578926 0.734134 0.018900 0.013805
0 0.149180 0.382052 0.016018 0.013015
0 0.628571 0.441688 0.017630 0.013649
0 0.264516 0.586067 0.015948 0.012137
0 0.228624 0.489231 0.014797 0.011560
0 0.409715 0.299905 0.014181 0.010998
0 0.326284 0.508440 0.015042 0.011993
0 0.334277 0.481556 0.017594 0.012237
0 0.424381 0.733230 0.020677 0.015822
0 0.440458 0.282952 0.014962 0.011344
0 0.298044 0.435955 0.016301 0.012036
0 0.550673 0.584090 0.014226 0.011166
0 0.557929 0.516417 0.012742 0.010385
0 0.398418 0.432888 0.015047 0.011168
0 0.594593 0.583086 0.014466 0.011033
0 0.214979 0.526150 0.013598 0.011598
0 0.598163 0.419049 0.016320 0.012153
0 0.559025 0.646243 0.013678 0.011028
0 0.722036 0.463439 0.014836 0.010386
0 0.355850 0.596304 0.014964 0.011071
0 0.758470 0.439575 0.014453 0.010909
0 0.680635 0.517555 0.014296 0.011218
0 0.572477 0.347958 0.013887 0.010614
0 0.775723 0.545910 0.013278 0.010128
0 0.612192 0.555067 0.014823 0.011724
0 0.571701 0.271500 0.013780 0.011393
0 0.742061 0.489234 0.012989 0.010628
0 0.541690 0.473841 0.012881 0.010413
0 0.530504 0.752439 0.020242 0.013396
0 0.179930 0.519808 0.015543 0.011085
0 0.546844 0.371683 0.014393 0.011214
0 0.272383 0.555008 0.013690 0.010375
0 0.344745 0.558713 0.012872 0.010081
0 0.648346 0.337442 0.014432 0.011101
0 0.177045 0.445211 0.014127 0.011360
0 0.703801 0.364532 0.013618 0.010829
0 0.390288 0.387344 0.012433 0.009747
0 0.351314 0.538249 0.013548 0.011057
0 0.662273 0.398559 0.015270 0.012240
0 0.497749 0.330428 0.015070 0.011726
0 0.573584 0.427690 0.014748 0.011242
0 0.245321 0.609094 0.015793 0.011168
0 0.458604 0.778617 0.021146 0.015785
0 0.530969 0.574625 0.013700 0.010363
0 0.218665 0.347167 0.014040 0.011600
0 0.632234 0.697501 0.013974 0.011232
0 0.268791 0.642903 0.015150 0.011551
0 0.611628 0.518469 0.012838 0.010706
0 0.459248 0.642310 0.012895 0.010648
0 0.335577 0.246187 0.014242 0.011402
0 0.556035 0.338229 0.013978 0.011211
0 0.287659 0.358438 0.014119 0.010432
0 0.357770 0.439324 0.013231 0.010428
0 0.302359 0.316562 0.014771 0.012038
0 0.262668 0.275516 0.013901 0.011544
0 0.309537 0.361096 0.013536 0.010805
0 0.700153 0.488848 0.014461 0.012606
0 0.659359 0.492068 0.013678 0.011437
0 0.206767 0.571106 0.014512 0.011214
0 0.402377 0.523737 0.014197 0.011572
0 0.371155 0.636038 0.013306 0.010714
0 0.526650 0.301332 0.014859 0.011274
0 0.494727 0.433519 0.013014 0.010091
0 0.450313 0.385324 0.019301 0.011941
0 0.625662 0.492493 0.013552 0.011224
0 0.577812 0.295150 0.015071 0.012852
0 0.730410 0.395904 0.013525 0.010084
0 0.783618 0.429426 0.011225 0.009034
0 0.358255 0.467281 0.015747 0.011863
0 0.630957 0.595094 0.012494 0.009874
0 0.510601 0.243781 0.012068 0.010509
0 0.289788 0.716033 0.026329 0.015799
0 0.684989 0.433745 0.012505 0.008910
0 0.472011 0.686407 0.013615 0.010334
0 0.646726 0.251556 0.015853 0.011911
0 0.796927 0.512128 0.014273 0.011001
0 0.515030 0.783862 0.024397 0.018148
0 0.169796 0.488814 0.013166 0.010073
0 0.419006 0.561416 0.012544 0.009872
0 0.755925 0.388758 0.013043 0.009950
0 0.232439 0.589015 0.014622 0.011302
0 0.695319 0.397147 0.013594 0.010166
0 0.190968 0.466453 0.016385 0.011387
0 0.499326 0.446013 0.012754 0.010120
0 0.238084 0.563739 0.014485 0.009895
0 0.519844 0.435724 0.011670 0.009154
0 0.631330 0.358293 0.013824 0.009962
0 0.498049 0.391174 0.014692 0.010674
0 0.381159 0.589742 0.012174 0.010449
0 0.197219 0.551625 0.014067 0.010988
0 0.744902 0.315767 0.013409 0.010111
0 0.190312 0.399024 0.015031 0.010926
0 0.380382 0.292846 0.014903 0.010968
0 0.217980 0.544779 0.013018 0.010320
0 0.812380 0.550725 0.014015 0.010673
0 0.269838 0.395418 0.018003 0.014344
0 0.579672 0.489180 0.014473 0.010647
0 0.645332 0.466125 0.015506 0.012406
0 0.528289 0.600363 0.012615 0.009702
0 0.683583 0.285175 0.014278 0.012853
0 0.413725 0.661719 0.014657 0.014140
0 0.175107 0.329605 0.014383 0.011767
0 0.379159 0.534992 0.014898 0.010904
0 0.713214 0.344603 0.013421 0.010450
0 0.542848 0.434904 0.013102 0.009503
0 0.652707 0.609239 0.017804 0.013766
0 0.783297 0.483138 0.012621 0.010027
0 0.484169 0.671995 0.016104 0.010641
0 0.530370 0.380301 0.013525 0.010907
0 0.503693 0.742353 0.017084 0.013490
1 0.362315 0.327031 0.036088 0.027019
0 0.264843 0.376952 0.014072 0.010876
0 0.590963 0.321667 0.016807 0.014750
0 0.462263 0.608277 0.012039 0.009425
0 0.448607 0.325840 0.014956 0.014248
0 0.719646 0.294852 0.016160 0.013319
0 0.422837 0.548907 0.012781 0.009722
0 0.788152 0.352812 0.015780 0.012297
0 0.666359 0.631643 0.018536 0.013846
0 0.583599 0.491045 0.016557 0.010206
0 0.550579 0.298325 0.012355 0.010324
0 0.782560 0.322218 0.015558 0.012761
0 0.580724 0.459785 0.012383 0.009316
0 0.782325 0.375606 0.013339 0.010873
0 0.753645 0.658241 0.017349 0.012192
0 0.550044 0.458970 0.014922 0.010088
0 0.380941 0.616691 0.013120 0.009955
0 0.515772 0.321136 0.014529 0.011481
0 0.515937 0.214192 0.013723 0.011613
0 0.333789 0.368966 0.013750 0.010438
0 0.320830 0.600468 0.012430 0.010532
0 0.472256 0.363538 0.013858 0.009743
0 0.544912 0.548630 0.014336 0.011004
0 0.741037 0.367141 0.012789 0.010171
0 0.172830 0.580794 0.017620 0.015783
0 0.149416 0.412653 0.013849 0.011302
0 0.585886 0.700084 0.015949 0.011218
0 0.776768 0.500610 0.013996 0.010833
0 0.551935 0.680952 0.011967 0.009503
0 0.276862 0.442419 0.013352 0.009793
0 0.168168 0.535400 0.014263 0.011110
0 0.476502 0.384238 0.014301 0.010467
0 0.176670 0.349399 0.019566 0.012750
0 0.403079 0.758907 0.018321 0.013656
0 0.590624 0.336182 0.014315 0.012440
0 0.635552 0.629100 0.013440 0.010172
0 0.402092 0.624480 0.013948 0.013303
0 0.485969 0.643501 0.013455 0.010352
0 0.400460 0.340670 0.013343 0.012709
0 0.358992 0.400766 0.014700 0.013155
0 0.506706 0.590023 0.013131 0.009465
0 0.818662 0.484891 0.012383 0.009256
0 0.444310 0.579127 0.011805 0.009168
0 0.457657 0.533824 0.017708 0.013051
0 0.337751 0.457504 0.013260 0.010026
0 0.164856 0.554706 0.013677 0.011233
0 0.318039 0.271242 0.013514 0.012921
0 0.440742 0.212639 0.016427 0.011487
0 0.571803 0.608137 0.011681 0.008543
0 0.643919 0.393812 0.014145 0.010679
0 0.506614 0.699720 0.012439 0.011191
0 0.503865 0.620028 0.014668 0.012977
0 0.460093 0.716166 0.018733 0.012786
0 0.328487 0.345893 0.017586 0.015545
0 0.554510 0.540748 0.013935 0.010693
0 0.379044 0.448712 0.016846 0.010980
0 0.232387 0.285110 0.014911 0.014505
0 0.599738 0.684249 0.013641 0.010577
0 0.822774 0.407131 0.013963 0.009974
0 0.497380 0.362621 0.013098 0.009906
0 0.765141 0.343090 0.016606 0.012642
0 0.838633 0.453649 0.012592 0.009517
0 0.346855 0.362940 0.014670 0.011006
0 0.453898 0.530194 0.021313 0.014536
0 0.671147 0.364798 0.016474 0.014093
0 0.186382 0.349248 0.017786 0.011712
0 0.466989 0.496436 0.012844 0.010051
0 0.345352 0.396255 0.016120 0.012027
0 0.638819 0.519986 0.013793 0.010161
0 0.430181 0.498998 0.015367 0.008656
0 0.550467 0.543590 0.014873 0.012744
0 0.228468 0.373631 0.012874 0.010340
0 0.489602 0.562299 0.014262 0.011968
0 0.445647 0.607625 0.011591 0.009237
0 0.333311 0.309335 0.012245 0.009946
0 0.705316 0.301986 0.012104 0.009800
0 0.831468 0.470281 0.010899 0.008448
0 0.496499 0.436395 0.012928 0.019481
0 0.326800 0.562003 0.012372 0.009899
0 0.655447 0.516708 0.014619 0.012574
0 0.194403 0.586666 0.014862 0.010760
0 0.812247 0.528545 0.012062 0.008810
0 0.422114 0.609264 0.013559 0.012607
0 0.503301 0.366775 0.017270 0.009666
0 0.400759 0.347794 0.011391 0.014998
0 0.484424 0.793858 0.020821 0.012043
0 0.649408 0.301118 0.012923 0.012471
0 0.603517 0.651863 0.011324 0.009399
1 0.840618 0.631386 0.024538 0.029906