0 0.477852 0.782589 0.010607 0.014122
0 0.626239 0.582965 0.011622 0.014676
1 0.592961 0.543000 0.059527 0.074427
0 0.479934 0.381523 0.010903 0.015993
0 0.657144 0.463837 0.011610 0.015926
0 0.667821 0.625733 0.009689 0.013627
0 0.492595 0.806847 0.009590 0.013317
0 0.489326 0.313562 0.010597 0.014183
0 0.656942 0.522429 0.009337 0.013580
0 0.605242 0.410944 0.009568 0.013466
0 0.650252 0.397415 0.011684 0.016833
0 0.407807 0.364026 0.010403 0.014481
0 0.381251 0.764746 0.010178 0.014358
0 0.507912 0.437388 0.012091 0.014757
0 0.444065 0.668057 0.011478 0.016401
0 0.470578 0.843050 0.008960 0.012618
0 0.281627 0.450695 0.010306 0.014334
0 0.564896 0.792003 0.008658 0.012332
0 0.408607 0.524527 0.012061 0.015878
0 0.595195 0.589504 0.010313 0.013916
0 0.515107 0.776761 0.011614 0.014459
0 0.717608 0.573768 0.010114 0.014584
0 0.434019 0.551941 0.010100 0.013800
0 0.595625 0.773955 0.009982 0.013346
0 0.694395 0.522571 0.012712 0.016272
0 0.333551 0.453524 0.011842 0.016024
1 0.430609 0.324423 0.030066 0.054407
0 0.545842 0.811760 0.009771 0.013483
0 0.665118 0.664065 0.009861 0.012973
0 0.298164 0.625167 0.010355 0.014256
0 0.308890 0.339840 0.010735 0.015519
0 0.670939 0.480978 0.009729 0.014098
0 0.492136 0.597405 0.010356 0.013728
0 0.519963 0.405208 0.010839 0.015019
0 0.708964 0.727856 0.010288 0.014904
0 0.492606 0.541551 0.013117 0.015944
0 0.388937 0.850241 0.010304 0.015136
0 0.604391 0.346738 0.010110 0.013817
0 0.455423 0.793203 0.008650 0.011468
0 0.368746 0.846777 0.009318 0.012876
1 0.420871 0.807494 0.034097 0.050891
0 0.584055 0.390649 0.010750 0.014322
0 0.648532 0.746228 0.008588 0.012223
0 0.385197 0.371188 0.012323 0.015632
0 0.443633 0.462941 0.013718 0.016725
0 0.270049 0.387255 0.011092 0.016049
0 0.384438 0.342688 0.012110 0.017145
0 0.557914 0.581123 0.011752 0.017009
0 0.481613 0.456953 0.011730 0.016292
0 0.500104 0.360046 0.010913 0.015697
0 0.304548 0.448699 0.010330 0.014082
0 0.323976 0.589734 0.009995 0.014321
0 0.574477 0.714006 0.008096 0.011832
0 0.498004 0.404904 0.010513 0.013438
0 0.648463 0.328706 0.010142 0.015534
0 0.618141 0.913552 0.011564 0.014789
0 0.477198 0.355564 0.010713 0.016313
0 0.462131 0.415352 0.010830 0.017562
0 0.612181 0.710631 0.012540 0.013826
0 0.531698 0.567927 0.010511 0.014357
0 0.315847 0.529015 0.011625 0.013526
0 0.707934 0.480456 0.013281 0.018197
0 0.605154 0.746536 0.007903 0.010953
0 0.585897 0.672567 0.009568 0.013036
0 0.727328 0.436157 0.013785 0.021453
0 0.523425 0.523485 0.011454 0.014616
0 0.566367 0.325698 0.009839 0.014109
0 0.307285 0.702259 0.010304 0.016459
0 0.271389 0.563081 0.011897 0.015228
0 0.578118 0.736974 0.008733 0.012127
0 0.408657 0.474917 0.009992 0.012768
0 0.319800 0.506988 0.010032 0.014073
0 0.632325 0.623807 0.012281 0.019541
0 0.528602 0.426674 0.010897 0.013445
0 0.633260 0.480256 0.013068 0.021150
0 0.463433 0.599495 0.011480 0.014021
0 0.594598 0.615135 0.010162 0.013536
0 0.664643 0.716938 0.008531 0.011253
0 0.647324 0.566866 0.009269 0.015657
0 0.402641 0.970201 0.011742 0.015848
0 0.491932 0.691121 0.013864 0.018419
0 0.291866 0.577859 0.011857 0.014539
0 0.592310 0.452543 0.011694 0.017829
0 0.505138 0.570767 0.011699 0.015681
0 0.278617 0.695836 0.009887 0.014071
0 0.705002 0.446855 0.014620 0.019785
0 0.515919 0.293858 0.010568 0.015919
0 0.597171 0.931629 0.010124 0.013245
0 0.515124 0.582109 0.010892 0.013789
0 0.481206 0.516796 0.012177 0.015472
0 0.438505 0.614616 0.011882 0.017119
0 0.469145 0.741966 0.010517 0.014024
1 0.476324 0.644905 0.034026 0.042815
0 0.435568 0.408108 0.013341 0.016075
0 0.688806 0.381636 0.014826 0.020723
0 0.308303 0.416355 0.009522 0.012746
0 0.387543 0.453067 0.011459 0.015148
0 0.625401 0.743600 0.008029 0.011482
0 0.527754 0.635683 0.011872 0.017003
0 0.642151 0.675090 0.008924 0.011658
0 0.412756 0.689563 0.009557 0.015180
0 0.304653 0.549775 0.009834 0.014764
0 0.502991 0.873997 0.008842 0.011535
1 0.539111 0.741888 0.034430 0.042219
0 0.405679 0.839675 0.009245 0.012572
0 0.283715 0.528368 0.010139 0.013617
0 0.414675 0.448765 0.010723 0.013869
0 0.695618 0.553080 0.008793 0.011943
0 0.599660 0.898544 0.008220 0.011474
0 0.715545 0.396178 0.013765 0.020213
0 0.565456 0.866590 0.010067 0.012552
0 0.260601 0.435103 0.010018 0.013752
0 0.368244 0.500570 0.009611 0.012911
0 0.357334 0.740207 0.009965 0.014618
0 0.567946 0.751496 0.009038 0.012828
0 0.610970 0.618718 0.010861 0.014678
0 0.548384 0.560156 0.010125 0.014086
0 0.680876 0.411401 0.010603 0.016609
0 0.369476 0.411755 0.012017 0.016410
0 0.710873 0.760731 0.009376 0.012089
0 0.638211 0.708942 0.009474 0.012154
0 0.462458 0.898946 0.009434 0.012868
0 0.505813 0.845043 0.008117 0.011416
0 0.683172 0.820461 0.008580 0.011899
0 0.641847 0.445933 0.009862 0.016826
0 0.502425 0.955258 0.011392 0.016710
0 0.528940 0.342948 0.011448 0.016317
0 0.449279 0.532211 0.010419 0.014242
0 0.424712 0.272499 0.009764 0.014480
0 0.374565 0.680842 0.010145 0.012762
0 0.414771 0.724148 0.012637 0.017057
0 0.443412 0.843022 0.014309 0.017369
0 0.418018 0.503212 0.010625 0.015122
0 0.332048 0.401899 0.011414 0.017388
0 0.268200 0.472459 0.010376 0.015683
0 0.688032 0.646966 0.008715 0.012009
0 0.479854 0.902243 0.008076 0.011284
0 0.427439 0.893991 0.013340 0.013789
0 0.604366 0.388292 0.009760 0.014353
0 0.398078 0.433373 0.011726 0.017391
1 0.231596 0.441396 0.030698 0.044045
0 0.292729 0.394570 0.013621 0.015758
1 0.364944 0.892240 0.029999 0.040580
0 0.282373 0.595416 0.013619 0.014521
0 0.558955 0.378901 0.011373 0.014980
0 0.349997 0.475324 0.013540 0.017249
0 0.609038 0.677825 0.009130 0.012050
0 0.531511 0.834136 0.015060 0.013858
0 0.580472 0.348189 0.008914 0.012839
0 0.573499 0.403090 0.010834 0.014604
0 0.694988 0.596707 0.011230 0.013774
0 0.393655 0.636574 0.008854 0.013930
0 0.736400 0.666760 0.008564 0.012614
0 0.678028 0.801768 0.008810 0.012927
0 0.731021 0.496920 0.011601 0.019278
0 0.551738 0.412049 0.011599 0.015902
0 0.726517 0.706147 0.009526 0.012410
0 0.487142 0.861596 0.008514 0.012361
0 0.343848 0.420497 0.009698 0.013325
0 0.688452 0.592936 0.010748 0.013932
0 0.652136 0.705586 0.008934 0.012016
0 0.547291 0.454236 0.009738 0.012977
0 0.403719 0.574019 0.010198 0.014401
0 0.358524 0.654376 0.013134 0.016392
0 0.326824 0.792447 0.008850 0.014696
0 0.631777 0.873000 0.009483 0.012944
0 0.397899 0.406257 0.011857 0.014144
0 0.571352 0.593423 0.010926 0.016078
0 0.548489 0.491116 0.014462 0.017132
0 0.467761 0.920511 0.008630 0.011928
0 0.251855 0.708344 0.009955 0.013858
0 0.608582 0.867245 0.008594 0.012229
0 0.421945 0.641936 0.010706 0.016258
0 0.384837 0.924543 0.011288 0.017387
0 0.459612 0.289764 0.009791 0.017934
0 0.436302 0.871163 0.008826 0.012672
0 0.643518 0.813590 0.008747 0.011194
0 0.484341 0.259535 0.009583 0.014021
0 0.356362 0.588178 0.011349 0.016536
0 0.558645 0.694681 0.011544 0.015772
0 0.457798 0.507374 0.012498 0.017763
0 0.296900 0.471183 0.011012 0.016678
0 0.437876 0.491061 0.011093 0.012821
0 0.322620 0.623179 0.009638 0.013247
0 0.386398 0.989360 0.012438 0.017104
0 0.590571 0.812644 0.008829 0.012136
0 0.499865 0.488805 0.011812 0.018265
0 0.243580 0.640126 0.009528 0.014509
0 0.411309 0.559190 0.011203 0.015327
0 0.620690 0.786492 0.008553 0.014195
0 0.634953 0.766684 0.008270 0.010638
0 0.469701 0.552878 0.010920 0.016309
0 0.552682 0.617135 0.011707 0.016417
0 0.446955 0.760570 0.009135 0.011492
0 0.346688 0.289781 0.010767 0.017061
0 0.615962 0.497240 0.009662 0.016725
0 0.333807 0.548508 0.010786 0.014486
0 0.649011 0.575323 0.009080 0.018246
0 0.482041 0.407576 0.010157 0.013326
0 0.288101 0.664863 0.011662 0.013122
0 0.449062 0.922322 0.012222 0.010917
0 0.682272 0.430056 0.011663 0.017205
0 0.629548 0.536559 0.008852 0.013474
0 0.699084 0.687243 0.010692 0.012647
0 0.420643 0.937974 0.014578 0.020168
0 0.300263 0.792311 0.010294 0.016555
0 0.638000 0.914657 0.009215 0.012375
0 0.530339 0.542949 0.010113 0.017182
0 0.337457 0.894949 0.011607 0.017044
0 0.657467 0.782507 0.009269 0.012829
0 0.324565 0.780947 0.008581 0.015578
0 0.454821 0.574599 0.012174 0.016785
0 0.718738 0.682564 0.008924 0.012422
0 0.500333 0.727754 0.010139 0.013561
0 0.408316 0.901863 0.009537 0.015557
0 0.479478 0.879541 0.008943 0.012737
0 0.336714 0.848938 0.011064 0.018320
0 0.245487 0.511773 0.010060 0.015588
0 0.336683 0.702238 0.009034 0.012199
0 0.597355 0.363320 0.010351 0.014130
0 0.580430 0.963725 0.009465 0.013359
0 0.244829 0.466155 0.009885 0.015183
0 0.652158 0.346169 0.009848 0.014990
0 0.404282 0.345641 0.010011 0.014423
0 0.743705 0.579963 0.008132 0.012822
0 0.485461 0.579643 0.010051 0.012951
0 0.493292 0.994208 0.011479 0.010996
0 0.599448 0.307817 0.012293 0.019015
0 0.749612 0.535809 0.014121 0.018866
0 0.541488 0.640974 0.011722 0.015623
0 0.532510 0.672399 0.011234 0.012380
0 0.379605 0.303509 0.012241 0.022817
0 0.524700 0.321935 0.011777 0.016822
0 0.659467 0.867472 0.008873 0.012456
0 0.719007 0.786050 0.011097 0.012969
0 0.686296 0.758701 0.008399 0.012412
0 0.352809 0.520450 0.013066 0.019137
0 0.387047 0.539612 0.010959 0.014366
0 0.541823 0.359158 0.011001 0.012689
1 0.254247 0.852120 0.030416 0.048440
1 0.467025 0.708491 0.026191 0.033795