0 0.463314 0.893643 0.019216 0.014864
0 0.195575 0.627468 0.016680 0.012599
0 0.026901 0.622814 0.016637 0.013341
0 0.148712 0.577997 0.015522 0.011584
0 0.446371 0.848343 0.017459 0.014011
0 0.080656 0.627593 0.016867 0.012815
0 0.048219 0.731492 0.016947 0.012510
0 0.589350 0.846876 0.017648 0.013636
0 0.219509 0.605357 0.017342 0.013382
0 0.426841 0.781032 0.018649 0.014804
0 0.093847 0.702805 0.016926 0.013132
0 0.424525 0.738897 0.015400 0.011629
0 0.579309 0.526237 0.017948 0.013587
0 0.237982 0.827995 0.018685 0.014404
0 0.607397 0.510811 0.015665 0.012943
0 0.559388 0.492034 0.017553 0.014318
0 0.522370 0.766283 0.015298 0.012602
0 0.488199 0.512443 0.018547 0.013223
0 0.455070 0.762504 0.015930 0.012299
0 0.173655 0.564986 0.015910 0.012812
0 0.356916 0.730797 0.014873 0.011092
0 0.170033 0.714200 0.016552 0.012702
0 0.157389 0.882959 0.019982 0.015521
0 0.329437 0.565066 0.017930 0.012525
0 0.381820 0.652297 0.014635 0.011369
0 0.283042 0.758647 0.017585 0.014725
0 0.509875 0.662809 0.015514 0.011743
0 0.524555 0.852368 0.017296 0.013669
0 0.521517 0.519270 0.018931 0.014816
0 0.148377 0.637581 0.014995 0.011117
0 0.431732 0.633777 0.014806 0.011487
0 0.056865 0.590339 0.018321 0.014433
1 0.519927 0.632921 0.049472 0.039710
0 0.473326 0.633331 0.014686 0.010992
0 0.271749 0.992340 0.022830 0.014436
0 0.428043 0.720697 0.013466 0.011023
0 0.630073 0.814962 0.016322 0.012236
0 0.048594 0.550902 0.015974 0.012348
0 0.309704 0.737835 0.018412 0.015035
0 0.023987 0.575511 0.015474 0.013102
0 0.009404 0.716003 0.016479 0.013454
0 0.248098 0.619241 0.015572 0.012462
0 0.456171 0.525964 0.015369 0.012661
0 0.231815 0.693923 0.014976 0.011914
0 0.109590 0.662103 0.013881 0.010604
0 0.201371 0.561022 0.014696 0.011703
0 0.385914 0.592268 0.022063 0.016539
0 0.423623 0.505414 0.016442 0.015434
0 0.402440 0.619319 0.014199 0.011464
0 0.263040 0.439414 0.012461 0.010455
0 0.618373 0.793175 0.015260 0.011677
0 0.149643 0.780903 0.017906 0.014281
0 0.375568 0.871640 0.018227 0.014511
1 0.539366 0.936119 0.147065 0.111914
0 0.559424 0.575460 0.019830 0.015363
1 0.091540 0.928445 0.059477 0.042555
0 0.282701 0.875210 0.021128 0.015186
0 0.261049 0.584495 0.014190 0.011733
0 0.689742 0.748068 0.014994 0.011452
0 0.602940 0.687789 0.014836 0.011800
0 0.662977 0.731474 0.013550 0.010449
0 0.480832 0.858715 0.016591 0.013264
0 0.468068 0.827839 0.017051 0.012059
0 0.095165 0.497216 0.014710 0.013210
0 0.439261 0.577174 0.019130 0.014302
0 0.591732 0.871794 0.021330 0.014082
0 0.574890 0.729116 0.013314 0.011187
0 0.583898 0.798806 0.015322 0.012238
1 0.681417 0.503415 0.046999 0.041969
0 0.724914 0.562391 0.018855 0.015684
0 0.443204 0.453147 0.012948 0.012085
0 0.441219 0.800308 0.014946 0.012536
0 0.532343 0.482573 0.016313 0.012440
0 0.333658 0.585968 0.015265 0.013063
0 0.664657 0.601719 0.014053 0.010485
0 0.441399 0.679161 0.015965 0.012370
0 0.071055 0.540222 0.014746 0.011730
0 0.100795 0.888021 0.015934 0.012063
0 0.472569 0.673083 0.012503 0.010531
0 0.387942 0.538568 0.019356 0.016335
0 0.623997 0.737655 0.012131 0.009972
0 0.133810 0.718482 0.019462 0.014964
0 0.415022 0.416088 0.015347 0.013581
0 0.639577 0.759085 0.013180 0.010635
0 0.612329 0.605383 0.012773 0.010534
0 0.379351 0.443705 0.014921 0.012240
0 0.498810 0.702452 0.017428 0.013431
1 0.568163 0.679060 0.042950 0.034619
0 0.120780 0.709754 0.015935 0.015375
0 0.381625 0.478546 0.014871 0.011583
1 0.098682 0.562066 0.058232 0.035644
0 0.631732 0.712978 0.014101 0.010819
0 0.514246 0.417160 0.021365 0.020269
0 0.570103 0.753629 0.014014 0.010195
0 0.693341 0.543272 0.016648 0.013265
0 0.481127 0.401804 0.013315 0.012247
0 0.134895 0.612459 0.014575 0.010358
1 0.185313 0.671218 0.056007 0.043989
0 0.641640 0.658195 0.014171 0.012539
1 0.378560 0.402753 0.036691 0.027621
0 0.290402 0.580035 0.014451 0.012713
0 0.533979 0.794484 0.012430 0.010297
0 0.267203 0.802688 0.015723 0.012668
0 0.373330 0.756983 0.012542 0.010233
0 0.311585 0.596989 0.013525 0.010203
0 0.370054 0.560459 0.013900 0.010241
0 0.244943 0.966981 0.018195 0.012761
0 0.372848 0.972079 0.018613 0.015725
1 0.320178 0.459950 0.030944 0.025950
0 0.127170 0.714179 0.024054 0.018726
0 0.429022 0.664204 0.012496 0.010513
0 0.135995 0.921330 0.014211 0.011159
0 0.306921 0.818189 0.013542 0.012174
0 0.340654 0.538002 0.012731 0.010418
1 0.222807 0.415206 0.028252 0.013387
0 0.600720 0.821921 0.013933 0.012312
1 0.289470 0.681007 0.045327 0.037574
1 0.334201 0.687269 0.048906 0.042941
1 0.384895 0.689505 0.042941 0.042047
1 0.222076 0.533843 0.046520 0.029522
1 0.228040 0.489559 0.051291 0.035785
1 0.319887 0.508346 0.056063 0.030417
1 0.321676 0.432667 0.040556 0.025049
1 0.425662 0.962456 0.040556 0.043836