0 0.621123 0.437886 0.015554 0.011638
0 0.533835 0.579543 0.014312 0.011266
0 0.602380 0.349175 0.016491 0.012789
0 0.626075 0.274104 0.016242 0.013626
0 0.456864 0.297731 0.017074 0.014438
0 0.709065 0.570802 0.012968 0.010413
0 0.565795 0.371872 0.014067 0.011509
1 0.337676 0.610251 0.052522 0.049219
0 0.797810 0.338896 0.016710 0.011970
0 0.662563 0.306454 0.016723 0.012138
0 0.519339 0.472744 0.013927 0.010182
0 0.693278 0.370803 0.014307 0.011456
0 0.730918 0.517032 0.014127 0.010799
0 0.713852 0.338028 0.016974 0.012937
0 0.493321 0.286309 0.015909 0.012470
0 0.682057 0.413841 0.015560 0.011901
0 0.756231 0.394570 0.015805 0.012026
0 0.375482 0.342361 0.014411 0.012038
0 0.554333 0.415660 0.016071 0.012334
0 0.390553 0.425304 0.014136 0.010978
0 0.731349 0.684035 0.014288 0.011474
0 0.634351 0.571924 0.013721 0.010232
0 0.665239 0.259888 0.014830 0.012540
0 0.866217 0.427910 0.012818 0.010176
0 0.657711 0.325983 0.015628 0.012524
0 0.641625 0.450948 0.013346 0.009896
0 0.221068 0.407034 0.015899 0.011802
0 0.898668 0.402260 0.015057 0.011890
0 0.405813 0.482944 0.013518 0.010268
0 0.628133 0.404638 0.016712 0.012677
0 0.909590 0.378694 0.015806 0.012200
1 0.526068 0.527546 0.052838 0.038234
0 0.290850 0.538628 0.014495 0.011331
0 0.664235 0.508185 0.013642 0.009644
0 0.652485 0.363747 0.014991 0.011231
0 0.851104 0.340739 0.016563 0.012813
0 0.571947 0.697650 0.017408 0.014076
0 0.363240 0.399244 0.012922 0.009711
0 0.454336 0.484225 0.014125 0.011300
1 0.807202 0.485515 0.065413 0.066261
0 0.582232 0.268379 0.014120 0.011422
0 0.378539 0.491002 0.013556 0.010683
0 0.841424 0.380370 0.013857 0.010967
0 0.661085 0.528640 0.013454 0.010799
0 0.599522 0.206956 0.012203 0.010659
1 0.802900 0.653692 0.054909 0.039169
0 0.898124 0.467258 0.012279 0.009254
0 0.364665 0.523590 0.015779 0.012487
0 0.548860 0.674053 0.015060 0.013038
0 0.687666 0.499244 0.018780 0.010805
0 0.664113 0.592531 0.013307 0.010942
0 0.272560 0.400580 0.012953 0.009530
0 0.653321 0.222442 0.013694 0.011739
0 0.404532 0.355901 0.016025 0.011904
0 0.367849 0.426449 0.014021 0.010912
0 0.776311 0.369497 0.015421 0.015362
0 0.845109 0.362465 0.015031 0.011864
0 0.358004 0.310577 0.018473 0.013991
0 0.659998 0.482285 0.013807 0.009687
0 0.215112 0.379178 0.016902 0.013269
1 0.453628 0.417380 0.045720 0.058951
0 0.676666 0.718723 0.016071 0.012131
0 0.673471 0.390892 0.014653 0.010891
0 0.726855 0.360768 0.015073 0.011821
0 0.265438 0.460614 0.012598 0.009422
0 0.311850 0.317441 0.016400 0.013296
0 0.621004 0.540691 0.017785 0.011313
0 0.397757 0.581427 0.016755 0.012360
0 0.492350 0.584451 0.013105 0.010114
0 0.676535 0.473415 0.012776 0.009474
0 0.602766 0.699524 0.020195 0.014169
0 0.315059 0.295847 0.014787 0.011689
0 0.399664 0.306501 0.014608 0.011422
0 0.709345 0.278376 0.018809 0.016187
0 0.919341 0.436169 0.011636 0.009576
0 0.563006 0.564044 0.014615 0.010815
0 0.579266 0.566435 0.014419 0.010510
0 0.525735 0.337637 0.018378 0.015800
0 0.762426 0.458306 0.011509 0.009209
1 0.758739 0.593198 0.049540 0.040830
0 0.473454 0.555484 0.012962 0.010050
0 0.746800 0.323080 0.015074 0.011008
0 0.480662 0.488089 0.012741 0.010329
0 0.844756 0.589069 0.016918 0.011250
0 0.278941 0.305521 0.015864 0.011396
0 0.322525 0.406806 0.013950 0.010554
0 0.876656 0.326780 0.016868 0.013333
0 0.365940 0.470608 0.013248 0.010361
0 0.557538 0.541115 0.012908 0.010113
0 0.797139 0.288294 0.016889 0.012465
0 0.452093 0.508699 0.013287 0.010327
0 0.644778 0.548568 0.013810 0.010958
0 0.800957 0.315353 0.015899 0.012210
0 0.489703 0.602504 0.013041 0.009924
0 0.422362 0.465324 0.013238 0.009457
0 0.723858 0.371073 0.014296 0.011240
0 0.694396 0.726409 0.017452 0.012773
0 0.332654 0.517339 0.017740 0.011555
0 0.236193 0.544926 0.013141 0.009909
0 0.226238 0.503187 0.018440 0.015209
0 0.482016 0.522686 0.012959 0.010081
0 0.443465 0.564326 0.012949 0.010377
1 0.545495 0.249371 0.069522 0.037743
1 0.331729 0.260322 0.052825 0.035831
1 0.288677 0.438687 0.039955 0.028496
0 0.780058 0.701396 0.014239 0.010761
1 0.744049 0.489234 0.040101 0.032596
0 0.560752 0.320677 0.019106 0.013911
0 0.688918 0.677956 0.012722 0.009036
1 0.370801 0.718788 0.046508 0.034823
0 0.479887 0.226521 0.014354 0.012082
0 0.493100 0.634356 0.013819 0.010728
0 0.431935 0.615307 0.014714 0.011843
1 0.922928 0.510204 0.048177 0.035925
1 0.305894 0.382225 0.038633 0.033914
0 0.474632 0.443116 0.018023 0.011390
0 0.883612 0.339796 0.016160 0.012936
0 0.493288 0.411805 0.010993 0.009129
1 0.413182 0.274349 0.041227 0.033349
0 0.534718 0.502053 0.015961 0.011644
0 0.632696 0.372080 0.015681 0.012322
0 0.493623 0.355486 0.016644 0.013239
0 0.476789 0.357382 0.016691 0.014465
0 0.635415 0.706183 0.021967 0.017329
0 0.411953 0.600317 0.016180 0.014082
1 0.821553 0.549382 0.051412 0.035331
1 0.499653 0.676193 0.053111 0.036075
1 0.731058 0.608707 0.047315 0.034935
0 0.728066 0.464974 0.015345 0.011382
1 0.856480 0.524191 0.037776 0.035826
0 0.499196 0.222726 0.015108 0.011637
0 0.930099 0.367837 0.015773 0.012378
0 0.610026 0.589231 0.013437 0.011306
0 0.386526 0.552450 0.019690 0.014356
0 0.607172 0.475717 0.022036 0.011732
0 0.880170 0.330839 0.015755 0.016154
0 0.409929 0.386817 0.016888 0.013838
0 0.599644 0.477940 0.019873 0.011438
0 0.543299 0.193583 0.013151 0.010568
0 0.516598 0.630099 0.013765 0.010810
0 0.831675 0.612579 0.014461 0.010458
0 0.709813 0.720684 0.016519 0.013616
0 0.688470 0.291068 0.016310 0.014221
0 0.375874 0.616151 0.014193 0.011659
0 0.587948 0.620868 0.014811 0.012442
0 0.712164 0.488689 0.013303 0.011102
0 0.584838 0.240399 0.013043 0.010000
0 0.644245 0.555570 0.013573 0.012094
0 0.471549 0.618698 0.013148 0.009983
0 0.623351 0.679020 0.015070 0.011192
0 0.911000 0.554332 0.012227 0.009626
0 0.613143 0.476865 0.015688 0.011045
0 0.750006 0.408943 0.013992 0.011028
0 0.769220 0.681366 0.013435 0.015396
0 0.657039 0.203618 0.012663 0.011559
0 0.700454 0.302899 0.015356 0.011316
1 0.268208 0.345506 0.041335 0.031458
0 0.752525 0.503134 0.015296 0.010130
0 0.659871 0.611557 0.013587 0.010029
0 0.823139 0.522242 0.011537 0.008026
0 0.809970 0.703536 0.013123 0.009442
0 0.475852 0.269838 0.013286 0.010339
0 0.912634 0.341988 0.019268 0.015234
0 0.627197 0.318358 0.013393 0.011491
0 0.440746 0.286197 0.011622 0.011290
0 0.258086 0.536230 0.014095 0.011941
0 0.184896 0.477514 0.013473 0.011419
0 0.938921 0.383369 0.014301 0.013131
0 0.394226 0.618750 0.014253 0.010809
0 0.697047 0.299631 0.017747 0.014552
0 0.249577 0.418849 0.015656 0.012182
0 0.914592 0.491336 0.011947 0.010052
0 0.706019 0.533096 0.009221 0.007916
0 0.255319 0.423094 0.012850 0.009969