0 0.431817 0.447648 0.015332 0.012244
0 0.442301 0.662980 0.015364 0.012299
0 0.296939 0.657808 0.014749 0.010957
0 0.363698 0.696231 0.015187 0.011108
0 0.613956 0.656611 0.016067 0.011747
0 0.526521 0.767370 0.021901 0.016227
0 0.215743 0.597331 0.018121 0.014599
0 0.606859 0.703718 0.018595 0.014757
0 0.460779 0.483946 0.015745 0.012326
0 0.504271 0.738435 0.017934 0.013403
0 0.233653 0.355487 0.018148 0.014662
0 0.383557 0.510161 0.016625 0.012189
0 0.637819 0.527364 0.016961 0.011898
0 0.657380 0.640915 0.015306 0.011067
0 0.403825 0.727963 0.016902 0.012844
0 0.533439 0.719311 0.014952 0.011867
0 0.350488 0.680829 0.015256 0.010851
0 0.718635 0.568256 0.014169 0.011012
0 0.450437 0.759729 0.019905 0.017379
0 0.439001 0.407680 0.018971 0.013465
0 0.521885 0.379211 0.016135 0.011936
0 0.240330 0.607655 0.015538 0.010938
0 0.431167 0.741966 0.017282 0.012769
0 0.133135 0.623826 0.017179 0.013371
0 0.362005 0.659724 0.014263 0.011303
0 0.253261 0.534614 0.016463 0.013443
0 0.588608 0.590806 0.017162 0.014568
0 0.351360 0.440129 0.014145 0.009996
0 0.179352 0.564845 0.017318 0.013045
0 0.554532 0.409345 0.023189 0.014008
0 0.016107 0.498986 0.016355 0.012916
0 0.551027 0.353135 0.016866 0.013341
0 0.108001 0.700492 0.018008 0.013048
0 0.182345 0.725551 0.017105 0.013154
0 0.363742 0.530116 0.018479 0.014055
0 0.097024 0.676216 0.017271 0.012806
0 0.323458 0.333345 0.017822 0.013251
0 0.475701 0.776049 0.017280 0.013566
0 0.199753 0.756745 0.019457 0.013085
0 0.374820 0.319258 0.014661 0.011578
0 0.596947 0.757092 0.015144 0.011078
0 0.340678 0.290870 0.012380 0.010155
0 0.601724 0.430942 0.019788 0.015569
0 0.144873 0.402151 0.017886 0.013260
0 0.212964 0.531497 0.023947 0.015583
0 0.529353 0.611050 0.015855 0.012181
0 0.576694 0.488034 0.017935 0.013681
0 0.311928 0.442224 0.018616 0.012775
0 0.350793 0.394863 0.013329 0.009764
0 0.367280 0.370684 0.023044 0.012833
0 0.368976 0.424081 0.013906 0.010769
0 0.642328 0.604168 0.019066 0.012620
0 0.288549 0.723309 0.016390 0.013053
0 0.474494 0.325984 0.015172 0.012794
0 0.284589 0.327608 0.023637 0.020109
0 0.169628 0.651471 0.022362 0.018180
0 0.576577 0.763895 0.014427 0.011309
0 0.410020 0.368642 0.015074 0.012674
0 0.125918 0.677188 0.017938 0.015785
0 0.573842 0.429418 0.016299 0.012097
0 0.398192 0.815204 0.022151 0.016750
0 0.275034 0.836840 0.021922 0.013694
0 0.473887 0.442844 0.013187 0.010147
0 0.582689 0.622099 0.015385 0.011235
0 0.650144 0.694654 0.020839 0.016842
0 0.438693 0.699067 0.022896 0.015864
0 0.588641 0.787098 0.016443 0.011568
0 0.360643 0.470126 0.014149 0.012709
0 0.417197 0.677462 0.020019 0.012321
0 0.391078 0.341757 0.014396 0.011398
0 0.562054 0.512288 0.021192 0.013224
0 0.662222 0.556466 0.013895 0.010501
0 0.341578 0.605571 0.016868 0.012689
0 0.244218 0.818705 0.030349 0.016029
0 0.136561 0.457140 0.019164 0.014159
0 0.385279 0.464885 0.014477 0.012338
0 0.625896 0.576852 0.012660 0.009446
0 0.257673 0.299688 0.021029 0.017517
0 0.543121 0.685643 0.013788 0.011016
0 0.460469 0.829111 0.026377 0.018232
0 0.575071 0.368457 0.016319 0.012674
0 0.302086 0.301262 0.014582 0.011564
0 0.683167 0.621204 0.016158 0.011346
0 0.136978 0.325981 0.015574 0.011897
0 0.399607 0.631927 0.014850 0.010660
0 0.670841 0.499338 0.014067 0.010248
0 0.316914 0.725360 0.017201 0.013317
0 0.664383 0.623113 0.018251 0.014537
0 0.042913 0.695918 0.021473 0.013930
0 0.601382 0.391391 0.014163 0.010404
0 0.122458 0.660302 0.016345 0.012735
0 0.314665 0.511596 0.014568 0.011134
0 0.635898 0.350639 0.015489 0.013401
0 0.471159 0.605051 0.018978 0.014815
0 0.055919 0.511336 0.015778 0.012437
0 0.096563 0.385125 0.021319 0.015525
0 0.392569 0.276888 0.013220 0.010863
0 0.279809 0.370004 0.018642 0.013116
0 0.369758 0.408242 0.018347 0.010226
0 0.364084 0.260818 0.012416 0.009351
0 0.498204 0.547697 0.016696 0.014325
0 0.595485 0.356913 0.014903 0.011359
0 0.433732 0.624343 0.017693 0.012693
0 0.176080 0.685621 0.016576 0.014929
0 0.578362 0.805213 0.017808 0.012816
0 0.005863 0.431816 0.011726 0.012519
0 0.475649 0.494097 0.012661 0.009718
0 0.163470 0.449104 0.020680 0.017481
0 0.501350 0.606491 0.016058 0.012553
0 0.295475 0.687154 0.014831 0.011122
0 0.613562 0.517718 0.014004 0.010689
0 0.452539 0.520944 0.022774 0.016414
0 0.425128 0.515102 0.017475 0.015800
0 0.288336 0.812893 0.030716 0.018643
0 0.656760 0.455392 0.015444 0.011957
0 0.664819 0.388760 0.016381 0.013324
0 0.700147 0.593810 0.013475 0.010674
0 0.629073 0.672113 0.014931 0.010980
0 0.169732 0.774917 0.016885 0.011532
0 0.618562 0.497073 0.013729 0.009997
0 0.675680 0.587426 0.014026 0.012911
0 0.202850 0.788401 0.015528 0.012259
0 0.179556 0.438001 0.018377 0.016708
0 0.327980 0.486616 0.018360 0.011339
0 0.384234 0.601719 0.018931 0.011760
0 0.652224 0.478944 0.020412 0.016398
0 0.285586 0.387433 0.013182 0.010373
0 0.480811 0.393470 0.018900 0.018018
0 0.266589 0.419388 0.014606 0.011937
0 0.343323 0.490709 0.013471 0.010836
0 0.012001 0.579478 0.016826 0.012479
0 0.292917 0.523205 0.014969 0.012373
0 0.057833 0.376202 0.016775 0.014054
0 0.696024 0.651522 0.013957 0.009968
0 0.050891 0.452884 0.019071 0.014258
0 0.332188 0.355748 0.011649 0.009185
0 0.005288 0.533066 0.010576 0.014862
0 0.184165 0.622165 0.022257 0.021428
0 0.480241 0.591315 0.014336 0.011834
0 0.244731 0.490238 0.011354 0.009374
0 0.411336 0.382631 0.013000 0.010253
0 0.175063 0.414319 0.014587 0.012723
0 0.433390 0.321153 0.020958 0.022473
0 0.306782 0.424422 0.025195 0.014648
0 0.673002 0.543714 0.010815 0.008366
0 0.254503 0.507838 0.017818 0.012167
0 0.353492 0.329887 0.013958 0.009312
0 0.480448 0.411125 0.015993 0.016289
0 0.395057 0.327114 0.015519 0.012446
0 0.202011 0.826588 0.016780 0.011780
0 0.200610 0.673926 0.011513 0.009814
0 0.321021 0.632030 0.024922 0.018344
0 0.098476 0.531534 0.012728 0.010985
0 0.695619 0.417632 0.016529 0.012054
0 0.382969 0.252565 0.012819 0.009465
0 0.491066 0.831710 0.020239 0.013729
0 0.623575 0.401099 0.016425 0.016071
0 0.726976 0.544896 0.012337 0.009862
0 0.507782 0.628973 0.013064 0.009951
0 0.698689 0.397637 0.025274 0.016751
0 0.287572 0.287055 0.018948 0.014302
0 0.263570 0.655960 0.011670 0.009597
0 0.360284 0.276960 0.010879 0.008865
0 0.173705 0.442952 0.027210 0.022390
0 0.481387 0.403497 0.017232 0.033924
0 0.426761 0.625643 0.026636 0.013151
0 0.266980 0.510661 0.016501 0.011214
0 0.430140 0.717469 0.015660 0.011730
0 0.255385 0.430979 0.016291 0.015896
1 0.447816 0.602732 0.035427 0.027778