0 0.538944 0.707039 0.022261 0.016802
0 0.597630 0.461069 0.019714 0.014846
0 0.321175 0.493289 0.020298 0.015315
0 0.436937 0.741522 0.022378 0.017980
0 0.424371 0.672613 0.019249 0.015186
0 0.479568 0.670513 0.021122 0.018009
0 0.597354 0.631010 0.026780 0.019218
0 0.458417 0.636289 0.021540 0.019248
0 0.640377 0.481844 0.017490 0.013128
0 0.675900 0.626881 0.018209 0.013566
0 0.638449 0.457931 0.017285 0.012028
0 0.685908 0.579558 0.023570 0.015133
0 0.410947 0.731271 0.018494 0.013776
0 0.688116 0.648500 0.023946 0.016484
0 0.439989 0.562059 0.019703 0.015152
0 0.709128 0.648982 0.022647 0.016624
0 0.194861 0.529965 0.015932 0.014148
0 0.475542 0.714478 0.021004 0.015462
0 0.357445 0.911061 0.028631 0.022739
0 0.459801 0.542800 0.020624 0.015786
0 0.431916 0.379481 0.023326 0.017159
0 0.181167 0.650681 0.018922 0.013863
0 0.319342 0.666238 0.018115 0.015185
0 0.294693 0.707669 0.018380 0.015422
0 0.367839 0.718794 0.015833 0.012201
0 0.383154 0.633384 0.019542 0.015078
0 0.283964 0.670124 0.026473 0.017926
0 0.529907 0.664623 0.018530 0.013131
0 0.318554 0.439265 0.023215 0.020728
0 0.318148 0.455998 0.023387 0.016911
0 0.491848 0.706150 0.018607 0.014292
0 0.313744 0.861312 0.019765 0.016858
0 0.361239 0.415458 0.015136 0.014629
0 0.337575 0.731244 0.017444 0.012827
0 0.531942 0.474884 0.019598 0.014961
0 0.217663 0.470195 0.016912 0.013791
0 0.261101 0.434388 0.015926 0.014064
0 0.940825 0.005509 0.016074 0.008874