0 0.128886 0.745119 0.018661 0.015707
0 0.343027 0.469134 0.017997 0.013438
0 0.577143 0.665525 0.017869 0.011518
0 0.509831 0.408447 0.018847 0.014533
0 0.378641 0.433802 0.016412 0.012196
0 0.575982 0.460488 0.016164 0.011785
0 0.304735 0.641125 0.017609 0.012882
0 0.302663 0.444733 0.017485 0.013248
0 0.340592 0.811367 0.019478 0.016842
0 0.539885 0.648111 0.022970 0.017738
0 0.293091 0.470456 0.015226 0.011463
0 0.774497 0.553676 0.025035 0.014872
0 0.131681 0.508263 0.017025 0.014569
0 0.113787 0.578984 0.015602 0.012284
0 0.361887 0.328075 0.010112 0.008965
0 0.194754 0.562521 0.018448 0.013133
0 0.651229 0.523630 0.017020 0.012527
0 0.176153 0.481831 0.015679 0.012300
0 0.138642 0.711136 0.017515 0.014267
0 0.406815 0.830466 0.019507 0.014626
0 0.330491 0.497599 0.016708 0.012519
0 0.720787 0.421796 0.021262 0.015604
0 0.552649 0.565660 0.017228 0.013010
0 0.522801 0.828901 0.017401 0.012767
0 0.495460 0.814347 0.017806 0.013911
0 0.284040 0.508596 0.016284 0.013702
0 0.054654 0.660968 0.011833 0.008381
0 0.560610 0.512923 0.013920 0.009200
0 0.561913 0.410867 0.020249 0.013176
0 0.302851 0.408427 0.016478 0.012608
0 0.668196 0.557932 0.015792 0.011698
0 0.227558 0.471582 0.011177 0.007816
0 0.369889 0.392192 0.017154 0.012840
0 0.262907 0.597688 0.017531 0.012469
0 0.561954 0.814867 0.018403 0.011703
0 0.752940 0.526358 0.014938 0.010420
0 0.598477 0.618103 0.018128 0.014854
0 0.515630 0.458217 0.012738 0.010018
0 0.577555 0.633982 0.015219 0.010379
0 0.445937 0.727347 0.014621 0.009470
0 0.245762 0.528185 0.013523 0.009111
0 0.438506 0.584581 0.012506 0.008877
0 0.022954 0.558864 0.018844 0.013435
0 0.446570 0.826902 0.017900 0.013558
0 0.377819 0.745291 0.020798 0.012087
0 0.329598 0.439829 0.016098 0.012841
0 0.264370 0.472508 0.013773 0.009933
0 0.494664 0.670401 0.015420 0.014443
0 0.578175 0.843872 0.016921 0.012266
0 0.327085 0.836328 0.017683 0.012020
0 0.561902 0.529756 0.014707 0.010262
0 0.437380 0.852051 0.022398 0.013688
0 0.354040 0.545818 0.012761 0.009309
0 0.162666 0.500065 0.017344 0.011312
0 0.331906 0.764212 0.017761 0.011711
0 0.605430 0.350625 0.013317 0.009488
0 0.628194 0.666645 0.015467 0.010867
0 0.586393 0.528343 0.015526 0.010049
0 0.340757 0.530591 0.014898 0.010359
0 0.154437 0.743793 0.015134 0.011265
0 0.426955 0.285200 0.011408 0.008282
0 0.544093 0.479951 0.017462 0.013698
0 0.398970 0.356551 0.013245 0.009531
0 0.311803 0.354866 0.020154 0.013045
0 0.455655 0.713216 0.017213 0.013201
0 0.310034 0.573137 0.014894 0.010010
0 0.203091 0.501602 0.010400 0.008792
0 0.448491 0.672041 0.016681 0.011691
0 0.477455 0.658469 0.018016 0.012545
0 0.420122 0.714500 0.013204 0.011336
0 0.302838 0.372777 0.014839 0.010088
0 0.360810 0.304641 0.011129 0.009419
0 0.380064 0.798789 0.017878 0.013643
0 0.433845 0.607449 0.014687 0.009693
0 0.246931 0.503441 0.016023 0.013985
0 0.371222 0.652965 0.016464 0.011254
0 0.456639 0.344434 0.015756 0.011091
0 0.355214 0.856608 0.018474 0.012349
0 0.431482 0.773225 0.016309 0.012805
0 0.422282 0.355557 0.016510 0.010573
0 0.610639 0.772399 0.016618 0.011350
0 0.570715 0.552129 0.019423 0.009019
0 0.778924 0.497116 0.018262 0.012512
0 0.480877 0.634545 0.016916 0.012272
0 0.168321 0.528988 0.017451 0.010583
0 0.646182 0.500182 0.016908 0.010267
0 0.220565 0.563388 0.017288 0.012595
0 0.279645 0.580249 0.014885 0.009654
0 0.344530 0.288966 0.014564 0.009814
0 0.654292 0.714564 0.016921 0.011494
0 0.411914 0.373125 0.014846 0.009559
0 0.644170 0.784583 0.014179 0.009163
0 0.678836 0.470489 0.019715 0.013792
0 0.399692 0.607832 0.021622 0.015100
0 0.468264 0.719080 0.015189 0.012737
0 0.482024 0.300971 0.012052 0.010235
0 0.609794 0.812380 0.017756 0.015094
0 0.602552 0.851464 0.015580 0.011306
0 0.115224 0.547165 0.015764 0.010273
0 0.175390 0.348861 0.013587 0.011971
0 0.569160 0.478380 0.019454 0.011003
0 0.329990 0.363949 0.016321 0.012847
0 0.189923 0.341851 0.019017 0.016848
0 0.171499 0.546353 0.014718 0.009914
0 0.220679 0.753661 0.012225 0.009101
0 0.748649 0.430966 0.014634 0.010119
0 0.754644 0.450396 0.014084 0.009597
0 0.487873 0.611173 0.022370 0.014589
0 0.094778 0.508691 0.013942 0.010398
0 0.611148 0.806490 0.016273 0.013625
0 0.103691 0.458748 0.011993 0.010980
0 0.592849 0.371325 0.020746 0.009550
0 0.571779 0.329442 0.025221 0.014475
0 0.705784 0.451659 0.015106 0.009728
0 0.102520 0.530749 0.016234 0.012084
0 0.352362 0.691940 0.017441 0.009950
0 0.398776 0.570518 0.018378 0.013580
0 0.524880 0.382872 0.012136 0.009146
0 0.410102 0.326197 0.016346 0.011833
0 0.639188 0.486233 0.014605 0.009852
0 0.604666 0.421140 0.013692 0.011651
0 0.263157 0.527243 0.012068 0.009098
0 0.220269 0.422379 0.012501 0.010807
0 0.129754 0.447526 0.011777 0.011924
0 0.312514 0.657603 0.013709 0.012306
0 0.617796 0.428279 0.015786 0.011185
0 0.482491 0.608718 0.021135 0.013274
0 0.471140 0.736272 0.013997 0.011048
0 0.184963 0.448228 0.014813 0.011093
0 0.393821 0.553798 0.013743 0.010080
0 0.290184 0.490452 0.014292 0.010377
0 0.143074 0.415897 0.014502 0.011252
0 0.333732 0.309010 0.010572 0.009407
0 0.204157 0.378112 0.015159 0.010167
0 0.318663 0.357711 0.023048 0.014531
0 0.659246 0.643563 0.014383 0.011267
0 0.315053 0.390012 0.012142 0.009202
0 0.586654 0.476391 0.014022 0.008995
0 0.216120 0.379415 0.015107 0.010111
0 0.303967 0.590935 0.015981 0.009353
0 0.156257 0.447676 0.016419 0.010633
0 0.120050 0.470976 0.010139 0.008657
0 0.036818 0.644494 0.011300 0.008176
0 0.453541 0.313600 0.011245 0.012396
0 0.625812 0.753266 0.013728 0.008937
0 0.588825 0.373730 0.015733 0.009425
0 0.317920 0.587198 0.014863 0.008795
0 0.482675 0.661284 0.022618 0.015544
0 0.287391 0.643795 0.014048 0.010977
0 0.217446 0.324427 0.015364 0.011901
0 0.470239 0.726114 0.015071 0.017826
0 0.609692 0.424572 0.024899 0.012960
0 0.419175 0.372148 0.020088 0.013360
0 0.385273 0.571759 0.023921 0.012875
0 0.388246 0.719922 0.013093 0.008292
0 0.775041 0.479970 0.017328 0.012367
0 0.318805 0.669379 0.012910 0.011370
0 0.558889 0.328670 0.022954 0.014125
0 0.458408 0.716261 0.027308 0.015155
0 0.360990 0.480791 0.014274 0.010228
0 0.119875 0.528334 0.018171 0.012417
0 0.782247 0.470114 0.015350 0.012678
0 0.303558 0.528504 0.011427 0.009171
0 0.317196 0.662803 0.013880 0.014647
1 0.765258 0.739437 0.051643 0.035211
1 0.302034 0.692488 0.051643 0.035211
1 0.058685 0.613850 0.050078 0.035211