0 0.674899 0.635834 0.016745 0.013243
0 0.364921 0.361594 0.022761 0.016562
0 0.251193 0.594045 0.019037 0.015110
0 0.715807 0.460263 0.018021 0.013980
0 0.505808 0.465467 0.020182 0.016241
0 0.315663 0.480566 0.018404 0.014283
0 0.374762 0.727759 0.023368 0.017549
0 0.598652 0.270214 0.021581 0.016666
0 0.687924 0.312532 0.023513 0.018263
0 0.611013 0.445649 0.018436 0.013432
0 0.590717 0.408386 0.019826 0.015254
0 0.771715 0.327507 0.024329 0.018835
0 0.744458 0.552225 0.021717 0.015950
0 0.628776 0.534100 0.023564 0.019258
0 0.147977 0.535147 0.020117 0.015596
0 0.666065 0.559831 0.019418 0.015979
0 0.476181 0.452802 0.019302 0.013079
0 0.787022 0.369788 0.024359 0.018828
0 0.237168 0.553154 0.018038 0.014283
0 0.729056 0.485531 0.019434 0.013947
0 0.697987 0.545352 0.018388 0.014135
0 0.289361 0.559416 0.017470 0.013890
0 0.730361 0.290092 0.022810 0.016678
0 0.632099 0.462015 0.018240 0.014020
0 0.232281 0.609181 0.021888 0.016138
0 0.637211 0.304359 0.027030 0.020560
0 0.686674 0.354238 0.022501 0.017174
0 0.480546 0.338719 0.022478 0.016377
0 0.400759 0.320150 0.021524 0.016789
1 0.563493 0.619239 0.055898 0.041130
0 0.697456 0.491809 0.019441 0.014837
1 0.734545 0.710277 0.043424 0.037307
0 0.125568 0.516857 0.020485 0.016341
0 0.356060 0.500442 0.016977 0.013124
0 0.663663 0.338294 0.023652 0.017752
0 0.299494 0.285884 0.034415 0.026645
1 0.467444 0.768287 0.061033 0.044452
1 0.683785 0.676337 0.039451 0.032510
0 0.373517 0.512476 0.016470 0.012213
0 0.551696 0.245212 0.024446 0.019020
0 0.269163 0.512407 0.017557 0.013321
1 0.519852 0.697191 0.046220 0.036193
0 0.712739 0.511299 0.018383 0.013780
0 0.303849 0.735668 0.030435 0.017533
0 0.431246 0.455721 0.018922 0.019021
0 0.145942 0.576216 0.019264 0.013540
0 0.360278 0.619738 0.015512 0.012087
0 0.405094 0.625183 0.022761 0.018256
0 0.348604 0.401149 0.022402 0.016401
0 0.278177 0.651333 0.019491 0.015020
0 0.127048 0.409681 0.021113 0.015956
1 0.182234 0.249734 0.058930 0.045834
0 0.332966 0.584006 0.015032 0.012700
0 0.296407 0.505651 0.018561 0.013142
0 0.290988 0.219069 0.017315 0.014284
0 0.489353 0.492958 0.014153 0.010420
0 0.288808 0.703494 0.018624 0.013957
1 0.620756 0.699942 0.048636 0.039466
0 0.264773 0.336955 0.020219 0.015775
0 0.205483 0.471893 0.022579 0.017698
0 0.158147 0.597159 0.027259 0.018163
1 0.468739 0.560689 0.041544 0.031658
1 0.452988 0.527099 0.056833 0.041340
0 0.668068 0.223064 0.017283 0.014355
0 0.526261 0.535793 0.018644 0.014311
0 0.615733 0.663625 0.014815 0.011787
0 0.610389 0.312812 0.021228 0.016118
1 0.393897 0.551787 0.052370 0.039872
0 0.533263 0.460008 0.015705 0.011488
0 0.347331 0.287052 0.021270 0.016363
1 0.637418 0.686616 0.043866 0.033668
0 0.295423 0.522899 0.015676 0.011521
0 0.777219 0.501172 0.019106 0.017035
0 0.403995 0.501832 0.022542 0.018087
0 0.546826 0.226153 0.021766 0.017127
1 0.440331 0.513840 0.040127 0.033342
0 0.781466 0.506135 0.022549 0.021976
0 0.429482 0.462421 0.018689 0.021466
0 0.628904 0.486318 0.015412 0.011170
0 0.361028 0.525421 0.015174 0.010508
0 0.533147 0.529459 0.020488 0.018149
0 0.831192 0.445644 0.018518 0.014609
1 0.436485 0.527968 0.044321 0.033593
0 0.241677 0.624152 0.019318 0.014416
0 0.314389 0.510343 0.016692 0.013190
0 0.274605 0.753414 0.020489 0.013948
1 0.509210 0.801565 0.084690 0.026838