0 0.312661 0.604901 0.018194 0.013622
0 0.277929 0.569609 0.017274 0.013253
0 0.345604 0.566644 0.015672 0.012143
0 0.432546 0.977417 0.023115 0.017429
0 0.610630 0.679363 0.018994 0.014028
0 0.326685 0.651569 0.015872 0.011665
0 0.103548 0.749212 0.018303 0.013040
0 0.193245 0.634966 0.018520 0.013915
0 0.505012 0.881393 0.017590 0.013387
0 0.615482 0.602782 0.019146 0.014631
0 0.158776 0.683963 0.015189 0.011719
0 0.584501 0.665209 0.016750 0.012524
0 0.209496 0.676883 0.015191 0.010991
0 0.380059 0.544306 0.017273 0.012709
0 0.268804 0.531071 0.015644 0.012449
0 0.450475 0.902907 0.018923 0.014865
0 0.685085 0.854588 0.018464 0.014508
1 0.260338 0.687160 0.047331 0.042493
0 0.472275 0.965676 0.021887 0.015234
0 0.616031 0.763702 0.014736 0.012069
0 0.619142 0.834468 0.015678 0.012183
0 0.327774 0.966358 0.020536 0.015550
0 0.344113 0.540211 0.014188 0.011893
0 0.662948 0.726123 0.015708 0.011924
1 0.086183 0.780775 0.050009 0.035874
0 0.111153 0.580213 0.021147 0.016383
0 0.744756 0.833567 0.016429 0.012465
0 0.247871 0.473064 0.019122 0.014136
0 0.170184 0.709525 0.015506 0.011192
0 0.357862 0.849286 0.015669 0.011956
0 0.733210 0.686533 0.015609 0.011803
0 0.171089 0.610609 0.016992 0.013283
0 0.696175 0.652409 0.017931 0.014389
0 0.447302 0.723285 0.018344 0.013989
0 0.702586 0.727705 0.015086 0.011361
1 0.265012 0.741356 0.061001 0.061265
0 0.229643 0.503852 0.016690 0.012585
0 0.688194 0.706208 0.014026 0.011191
0 0.583925 0.688920 0.016635 0.013970
0 0.457227 0.876776 0.014844 0.011820
0 0.208125 0.561024 0.019570 0.015074
0 0.168874 0.582248 0.015821 0.012238
0 0.548067 0.968572 0.019368 0.014834
0 0.102854 0.672479 0.015405 0.011628
0 0.346052 0.807300 0.017244 0.013348
0 0.566692 0.623732 0.019756 0.014865
0 0.487296 0.860210 0.018193 0.013613
0 0.616124 0.738195 0.015334 0.012030
0 0.179952 0.489588 0.022186 0.018684
0 0.578328 0.803279 0.014712 0.010864
0 0.388366 0.804280 0.013788 0.009963
0 0.503164 0.562449 0.015265 0.011444
0 0.665865 0.663540 0.017689 0.013794
0 0.741910 0.790800 0.017448 0.012536
0 0.557534 0.817317 0.014552 0.012112
0 0.580796 0.969212 0.019809 0.015198
0 0.160004 0.779467 0.019433 0.013944
0 0.562314 0.683390 0.015820 0.011899
0 0.311127 0.876551 0.018592 0.014143
0 0.367804 0.591897 0.012920 0.010405
0 0.725119 0.747825 0.015486 0.012685
0 0.578783 0.778501 0.015671 0.011667
0 0.220881 0.543178 0.015136 0.011801
0 0.658858 0.861940 0.018718 0.014426
0 0.340870 0.614775 0.017155 0.012753
0 0.132868 0.547099 0.017700 0.013601
1 0.521288 0.777344 0.072147 0.039418
0 0.050337 0.720545 0.016235 0.012983
0 0.637070 0.639523 0.016254 0.012649
0 0.518016 0.711873 0.012534 0.010129
0 0.765367 0.847293 0.016477 0.013445
0 0.590216 0.609455 0.016546 0.012567
0 0.612042 0.961877 0.018574 0.013346
0 0.291086 0.445205 0.018429 0.013374
0 0.055295 0.693183 0.014710 0.011049
0 0.146126 0.630369 0.014732 0.011479
0 0.218605 0.704727 0.015471 0.011029
0 0.732427 0.859993 0.017750 0.013739
1 0.369987 0.634080 0.040509 0.031760
1 0.461067 0.816776 0.114872 0.093722
0 0.116246 0.511289 0.018192 0.016986
0 0.124571 0.786276 0.013923 0.011247
0 0.383776 0.614055 0.015810 0.012010
0 0.680429 0.781460 0.013290 0.010976
0 0.717748 0.870575 0.017413 0.014079
0 0.209468 0.805000 0.016188 0.012648
0 0.364104 0.658971 0.015328 0.011487
0 0.525006 0.441199 0.017012 0.013241
0 0.181120 0.897169 0.014663 0.013223
0 0.396078 0.840566 0.014553 0.011667
0 0.406726 0.912132 0.015865 0.012785
0 0.407108 0.685260 0.014303 0.012644
1 0.461083 0.791855 0.049305 0.032087
0 0.421595 0.562605 0.016960 0.015551
0 0.176973 0.595117 0.016522 0.012574
0 0.186855 0.935281 0.014830 0.010292
0 0.749301 0.734719 0.017458 0.016404
0 0.809771 0.730103 0.013671 0.011356
0 0.724610 0.628075 0.013867 0.012587
0 0.596603 0.712063 0.017655 0.014605
1 0.347539 0.494800 0.042665 0.027136
0 0.314800 0.681307 0.010549 0.008817
0 0.649601 0.618701 0.014454 0.010642
0 0.343339 0.520872 0.015630 0.011107
0 0.643251 0.656384 0.019991 0.014368
0 0.173111 0.590547 0.017263 0.018292
0 0.348889 0.819210 0.014773 0.011246
1 0.389755 0.439859 0.044809 0.043058
1 0.554987 0.483967 0.050410 0.047259
1 0.497576 0.528075 0.044809 0.028355
1 0.567589 0.587412 0.030806 0.025205
1 0.515079 0.612091 0.032206 0.030456
1 0.444366 0.689806 0.047609 0.030456
1 0.459068 0.602640 0.060211 0.040958