0 0.278632 0.340761 0.016569 0.012397
1 0.621366 0.556284 0.048918 0.040759
1 0.452554 0.509193 0.043234 0.028192
1 0.491107 0.205702 0.053126 0.039127
0 0.507125 0.314023 0.016452 0.012714
0 0.639894 0.500726 0.014158 0.011012
0 0.676696 0.335398 0.022708 0.016769
1 0.242338 0.140147 0.047262 0.024255
0 0.582559 0.264131 0.014680 0.012039
0 0.486308 0.111612 0.019430 0.014142
0 0.429961 0.405175 0.015948 0.013097
0 0.321192 0.155042 0.016624 0.014645
0 0.379394 0.316486 0.014149 0.011172
0 0.643451 0.228982 0.016124 0.013443
0 0.357639 0.306329 0.017490 0.013760
0 0.605840 0.640028 0.020242 0.014978
0 0.435776 0.541646 0.015098 0.011486
0 0.406051 0.175827 0.023707 0.020533
0 0.365548 0.539438 0.013640 0.011394
0 0.536915 0.233289 0.020115 0.018546
0 0.329426 0.200730 0.016708 0.013983
0 0.449598 0.279203 0.013948 0.012622
0 0.401117 0.436429 0.016299 0.012444
0 0.250375 0.315718 0.018505 0.012787
1 0.449625 0.103367 0.021257 0.016048
0 0.321319 0.428836 0.016781 0.014161
0 0.472213 0.356005 0.014884 0.014226
0 0.211701 0.484630 0.017792 0.014344
0 0.277390 0.630262 0.020422 0.014939
0 0.549837 0.621310 0.016290 0.013624