0 0.241864 0.461567 0.018224 0.013887
0 0.623620 0.644771 0.024124 0.017442
0 0.210601 0.311395 0.018234 0.013368
0 0.401498 0.307073 0.017564 0.013670
0 0.277451 0.475964 0.016965 0.012833
0 0.357353 0.529379 0.016476 0.012826
0 0.598144 0.510510 0.018715 0.014301
0 0.440946 0.521260 0.015760 0.012487
0 0.674006 0.487516 0.016550 0.012762
0 0.535231 0.443912 0.016130 0.013068
0 0.699778 0.460598 0.017793 0.013775
0 0.278002 0.400988 0.017732 0.012989
0 0.510949 0.599062 0.019378 0.014363
0 0.624344 0.391948 0.015680 0.012467
0 0.733630 0.258674 0.014869 0.012360
0 0.376155 0.279468 0.017457 0.014346
0 0.485813 0.445103 0.016262 0.012751
0 0.385428 0.472661 0.018574 0.013548
0 0.392193 0.166773 0.018952 0.015920
0 0.752877 0.314463 0.015353 0.012222
0 0.353708 0.497907 0.016815 0.011587
0 0.410810 0.490851 0.020470 0.014412
0 0.480311 0.494741 0.016009 0.012192
0 0.537752 0.539572 0.016882 0.012130
0 0.518463 0.159538 0.015418 0.013993
0 0.569268 0.369006 0.015737 0.011919
0 0.447969 0.339770 0.017375 0.013092
0 0.590872 0.532400 0.016606 0.012376
0 0.776545 0.270923 0.015144 0.012390
0 0.444855 0.320401 0.016626 0.013459
0 0.568463 0.392951 0.017366 0.013162
0 0.565556 0.338407 0.015871 0.012101
0 0.729063 0.496781 0.017233 0.013383
0 0.389797 0.508643 0.017684 0.013296
0 0.390797 0.575183 0.017236 0.014476
0 0.748037 0.199257 0.015397 0.011937
0 0.407062 0.364416 0.017688 0.016460
0 0.366283 0.261128 0.015602 0.011857
0 0.500245 0.414110 0.018282 0.015840
0 0.509438 0.222210 0.017760 0.014482
0 0.270561 0.280909 0.015335 0.012002
0 0.724501 0.172055 0.015932 0.012328
0 0.222584 0.424584 0.015408 0.011866
0 0.551311 0.225073 0.017877 0.014450
0 0.800130 0.252677 0.015046 0.011740
0 0.758343 0.525503 0.016156 0.012594
0 0.667230 0.410595 0.017070 0.013530
0 0.224442 0.497434 0.015114 0.011782
0 0.390118 0.438469 0.016784 0.012450
0 0.218601 0.344684 0.017748 0.013908
1 0.880154 0.300738 0.041001 0.033628
0 0.337617 0.638997 0.018370 0.012894
0 0.630163 0.180142 0.022359 0.013869
0 0.652527 0.384767 0.014953 0.011188
0 0.769069 0.392261 0.015005 0.012058
0 0.880060 0.386257 0.018186 0.013716
0 0.283353 0.372035 0.016393 0.012172
0 0.540301 0.565222 0.018776 0.014614
0 0.809872 0.539338 0.018374 0.015853
0 0.193564 0.407527 0.014608 0.011736
0 0.405798 0.521443 0.015622 0.011458
0 0.385253 0.215413 0.015399 0.012529
0 0.328900 0.603493 0.017568 0.012682
0 0.527687 0.288517 0.015250 0.012050
1 0.654810 0.283379 0.045759 0.028255
0 0.833067 0.354190 0.015733 0.012402
0 0.822926 0.292328 0.013033 0.010623
0 0.182253 0.321707 0.018194 0.015317
0 0.583739 0.148575 0.015333 0.013983
0 0.720532 0.551526 0.017001 0.013406
0 0.684212 0.402076 0.016314 0.012910
0 0.455785 0.479201 0.015424 0.012790
0 0.226418 0.272633 0.017528 0.015738
0 0.277829 0.192128 0.019414 0.015699
0 0.326384 0.621636 0.017152 0.012320
0 0.896579 0.324501 0.015648 0.012053
0 0.184869 0.472301 0.013555 0.010833
0 0.751756 0.618813 0.015725 0.011794
0 0.194727 0.498269 0.014515 0.011121
0 0.264022 0.323901 0.014008 0.011279
0 0.231875 0.545998 0.014611 0.011683
0 0.728365 0.568226 0.019777 0.014388
0 0.698917 0.319557 0.014311 0.011654