0 0.307879 0.633506 0.014348 0.010799
1 0.483028 0.704789 0.058378 0.055383
0 0.384885 0.756104 0.013308 0.010539
0 0.514724 0.435703 0.014808 0.010846
0 0.236071 0.678780 0.013897 0.010479
0 0.445426 0.778007 0.014346 0.010526
0 0.315928 0.855639 0.015911 0.011476
0 0.322110 0.583760 0.014652 0.010826
0 0.477222 0.534531 0.013705 0.010630
0 0.583315 0.555655 0.013809 0.011054
0 0.593713 0.677732 0.013869 0.009712
0 0.459013 0.829042 0.015820 0.011956
0 0.480416 0.861645 0.016631 0.011749
0 0.300213 0.716930 0.017194 0.013185
0 0.288752 0.651361 0.014587 0.010208
0 0.199772 0.734015 0.011893 0.009749
0 0.472819 0.465172 0.014624 0.010509
0 0.589903 0.522470 0.015384 0.011933
0 0.168586 0.828067 0.014061 0.010687
0 0.632072 0.696472 0.015676 0.011540
0 0.118119 0.648777 0.013387 0.009690
0 0.545015 0.690637 0.013413 0.010833
0 0.227109 0.765949 0.011929 0.009048
0 0.340425 0.823364 0.017124 0.014426
0 0.566684 0.780111 0.015886 0.012885
0 0.140282 0.529377 0.015102 0.011694
0 0.538136 0.742397 0.011977 0.008814
0 0.384577 0.707705 0.016581 0.011304
0 0.316222 0.698804 0.015344 0.012102
0 0.516652 0.370836 0.017928 0.014233
0 0.560113 0.539044 0.013788 0.009873
0 0.526157 0.850273 0.020803 0.013438
0 0.647755 0.531599 0.012573 0.009293
0 0.581813 0.707354 0.012683 0.010016
0 0.229010 0.848636 0.016780 0.013283
0 0.208008 0.649264 0.017563 0.012810
0 0.549687 0.633406 0.013339 0.009979
0 0.596938 0.418565 0.019230 0.015140
0 0.400887 0.542448 0.015903 0.012633
0 0.491081 0.831877 0.013705 0.010150
0 0.144110 0.668551 0.013244 0.010173
0 0.253792 0.582538 0.017972 0.013638
0 0.275484 0.558190 0.013124 0.009923
0 0.598171 0.473914 0.018259 0.013034
0 0.341186 0.624732 0.013125 0.010204
0 0.044984 0.518544 0.013292 0.009970
0 0.161567 0.566717 0.013016 0.010248
0 0.593738 0.571741 0.012372 0.009447
0 0.146593 0.468197 0.016871 0.012010
0 0.134877 0.721426 0.014832 0.010669
0 0.525823 0.399109 0.022569 0.016137
0 0.409967 0.666917 0.013262 0.010497
0 0.294155 0.828395 0.013256 0.010265
0 0.400875 0.468764 0.013381 0.009655
0 0.602870 0.629432 0.017640 0.012380
0 0.266726 0.867822 0.021003 0.012868
0 0.434891 0.849074 0.016203 0.012272
0 0.627299 0.784623 0.013500 0.009466
0 0.386461 0.728330 0.017416 0.011334
0 0.023265 0.646059 0.013224 0.010193
0 0.629151 0.501309 0.012992 0.009067
0 0.070426 0.491453 0.013832 0.010502
0 0.398169 0.522654 0.014690 0.011918
0 0.667742 0.460602 0.012797 0.009595
0 0.468262 0.388767 0.014399 0.010601
0 0.034853 0.625808 0.013310 0.009789
0 0.607675 0.716434 0.016555 0.012156
0 0.358861 0.534982 0.017428 0.013594
0 0.391110 0.684977 0.011896 0.008790
0 0.506141 0.796765 0.019936 0.015918
0 0.132192 0.452887 0.018691 0.013695
0 0.360734 0.507533 0.014062 0.010408
0 0.071348 0.556478 0.012872 0.009422
0 0.632277 0.405736 0.015814 0.011435
0 0.619149 0.527857 0.013184 0.009434
0 0.460135 0.491750 0.014512 0.010899
0 0.198171 0.496141 0.021203 0.016244
0 0.344445 0.421143 0.015932 0.013136
1 0.695243 0.747004 0.043502 0.035543
0 0.673477 0.499107 0.012067 0.008945
0 0.455666 0.363982 0.012626 0.009312
0 0.166050 0.652290 0.015382 0.010489
0 0.443155 0.507710 0.018764 0.016320
0 0.173785 0.854400 0.021321 0.015537
0 0.430647 0.713886 0.011815 0.008476
0 0.420114 0.393560 0.020628 0.014895
0 0.238230 0.737671 0.017679 0.011686
0 0.645304 0.736433 0.013166 0.009407
0 0.463852 0.325711 0.016117 0.012319
0 0.434339 0.694209 0.014051 0.011662
0 0.369493 0.795315 0.010926 0.008012
0 0.085555 0.451603 0.013603 0.009967
0 0.276529 0.668413 0.016028 0.011210
0 0.173340 0.500840 0.018263 0.014256
0 0.251863 0.833658 0.013742 0.010408
0 0.639841 0.766542 0.015992 0.010319
0 0.523830 0.538659 0.021184 0.013344
0 0.302044 0.457370 0.012790 0.009324
0 0.426608 0.890508 0.018342 0.012575
0 0.580274 0.732734 0.012707 0.010293
0 0.614524 0.379309 0.015175 0.012332
0 0.171640 0.783404 0.016592 0.013677
0 0.490138 0.335863 0.013963 0.011472
0 0.225022 0.392350 0.018678 0.014899
0 0.528498 0.804633 0.015122 0.013264
0 0.615269 0.482790 0.015054 0.011403
0 0.282619 0.843816 0.016461 0.012827
0 0.415695 0.423167 0.013759 0.011097
0 0.055288 0.732921 0.019254 0.011967
0 0.341703 0.684269 0.013281 0.010149
0 0.208240 0.786082 0.014426 0.011141
0 0.058162 0.429453 0.016002 0.012718
0 0.700354 0.483796 0.013240 0.009947
0 0.194262 0.796248 0.015442 0.012000
0 0.379566 0.507628 0.014590 0.010091
0 0.646139 0.424911 0.014932 0.010511
0 0.093046 0.731205 0.012099 0.009630
0 0.616989 0.545820 0.011281 0.008478
0 0.690369 0.628338 0.011884 0.009320
1 0.434238 0.648362 0.051167 0.034730
1 0.347512 0.378968 0.070629 0.033852
0 0.706001 0.452967 0.017769 0.014328
1 0.361789 0.651648 0.047578 0.038161
0 0.353050 0.888247 0.018207 0.014449
0 0.682127 0.655918 0.016556 0.013208
0 0.322838 0.329169 0.014694 0.012334
0 0.564874 0.613775 0.020285 0.015779
0 0.319883 0.529184 0.015697 0.011388
0 0.060907 0.698552 0.022785 0.016804
0 0.307945 0.518788 0.014375 0.011954
0 0.097667 0.581602 0.011577 0.008652
0 0.356135 0.325535 0.014042 0.010952
0 0.093395 0.614160 0.023951 0.017128
0 0.422128 0.453142 0.022505 0.016882
0 0.583111 0.649768 0.012645 0.010753
0 0.125586 0.675304 0.012019 0.008842
0 0.561570 0.435370 0.015014 0.011308
0 0.497143 0.772410 0.012754 0.009379
0 0.302034 0.426822 0.013100 0.009603
0 0.119258 0.527406 0.014090 0.010059
0 0.032871 0.532023 0.012379 0.009430
1 0.247613 0.441277 0.046803 0.030983
0 0.215029 0.473616 0.016564 0.012893
0 0.159889 0.426544 0.015639 0.012062
0 0.126221 0.540266 0.012693 0.009564
0 0.260539 0.664515 0.014035 0.010240
0 0.512075 0.779861 0.014384 0.010887
0 0.568018 0.843401 0.014219 0.011164
0 0.688620 0.565689 0.017318 0.014415
0 0.620469 0.601770 0.021131 0.014675
0 0.655584 0.474806 0.011300 0.008433
0 0.261555 0.848850 0.017741 0.013800
0 0.674908 0.423594 0.020947 0.011795
0 0.591076 0.501625 0.014180 0.009111
0 0.656855 0.559721 0.012782 0.008823
0 0.029478 0.479449 0.018676 0.011715
0 0.244968 0.640412 0.016151 0.012908
0 0.199592 0.826814 0.014068 0.012955
0 0.534190 0.483326 0.016618 0.016496
0 0.017386 0.728177 0.019525 0.012983
1 0.341588 0.460632 0.040087 0.038969
0 0.301398 0.495420 0.012124 0.009803
0 0.539723 0.437674 0.014916 0.010160
0 0.010601 0.503328 0.017207 0.012346
0 0.209610 0.849115 0.014573 0.011178
0 0.293139 0.889324 0.016587 0.012826
0 0.240239 0.650212 0.014590 0.011431
0 0.441958 0.862200 0.014502 0.011258
0 0.110703 0.444500 0.015069 0.011064
0 0.562556 0.593935 0.017168 0.010834
0 0.726166 0.601255 0.011097 0.011037
0 0.046089 0.655398 0.013526 0.009531
0 0.167117 0.765975 0.011932 0.009092
0 0.315048 0.677692 0.012096 0.009015
0 0.104345 0.554660 0.017251 0.011501
0 0.416722 0.690525 0.013916 0.009991
1 0.149220 0.396942 0.065234 0.044153
0 0.436040 0.678630 0.011408 0.008275
0 0.579482 0.486187 0.012051 0.009006
0 0.321447 0.419393 0.014050 0.009762
0 0.654956 0.595487 0.020535 0.014575
0 0.186244 0.640904 0.013172 0.010527
0 0.501231 0.473370 0.012524 0.012040
0 0.503917 0.487940 0.023745 0.014609
0 0.647687 0.794037 0.011227 0.008069
0 0.306495 0.816808 0.012511 0.008546
0 0.180118 0.435470 0.013023 0.008742
0 0.661489 0.591973 0.019877 0.015748
1 0.216676 0.355484 0.043572 0.036134
0 0.197681 0.461750 0.016399 0.017450
0 0.196231 0.399946 0.011677 0.008730
0 0.436347 0.479841 0.015592 0.012634
0 0.173270 0.601121 0.016573 0.013875
0 0.400610 0.507898 0.012721 0.009204
0 0.652453 0.394673 0.015309 0.012017
0 0.248352 0.406186 0.014308 0.018166
0 0.272629 0.418774 0.013159 0.010088
0 0.326708 0.836073 0.015649 0.010774
0 0.110193 0.556031 0.014076 0.009876
0 0.230983 0.803597 0.012136 0.008569
0 0.105330 0.802233 0.012341 0.008813
0 0.426889 0.406667 0.015520 0.011682
0 0.703344 0.466070 0.013533 0.010728
0 0.336392 0.797573 0.013560 0.010714
0 0.031110 0.705501 0.014522 0.010188
0 0.204479 0.788634 0.020016 0.014845
0 0.681710 0.423579 0.020786 0.013906
0 0.714540 0.499467 0.014082 0.010347
0 0.578750 0.453713 0.021048 0.011456
0 0.205330 0.427489 0.011494 0.007843
0 0.336880 0.672252 0.013245 0.010848
0 0.441021 0.469136 0.018427 0.020712
0 0.385329 0.898030 0.022868 0.015386
0 0.269559 0.846146 0.026020 0.012525
0 0.297075 0.799296 0.013229 0.010471
0 0.235729 0.882066 0.014515 0.010054
0 0.728739 0.617972 0.014191 0.008907
0 0.354810 0.783760 0.013551 0.013415
0 0.291070 0.400113 0.017766 0.009049
0 0.453834 0.895027 0.021848 0.014796
0 0.117506 0.833560 0.013973 0.010682
0 0.157074 0.431112 0.016664 0.013414
0 0.338548 0.779577 0.013064 0.011789
1 0.216762 0.545344 0.040258 0.042271
1 0.372425 0.297257 0.034890 0.021135