0 0.632555 0.709706 0.019639 0.020038
0 0.687908 0.734754 0.019259 0.019059
0 0.514352 0.366821 0.018050 0.019373
0 0.756846 0.640605 0.019554 0.019775
0 0.395907 0.321971 0.017098 0.018195
0 0.466585 0.251820 0.017428 0.017774
0 0.172604 0.712212 0.018424 0.018398
0 0.209062 0.344665 0.017743 0.017441
0 0.412829 0.601911 0.017608 0.017501
0 0.832968 0.690597 0.017994 0.017975
0 0.505696 0.127849 0.015533 0.016335
0 0.474086 0.662128 0.019378 0.019441
0 0.358660 0.314746 0.017701 0.017384
0 0.123730 0.414648 0.016073 0.016135
0 0.219475 0.639056 0.016975 0.017476
0 0.487279 0.201715 0.019834 0.019031
0 0.558985 0.573767 0.018057 0.017900
0 0.600811 0.135433 0.015089 0.016366
0 0.682402 0.519244 0.019852 0.020749
0 0.621194 0.271919 0.021251 0.021702
0 0.196269 0.415729 0.016431 0.017893
0 0.580170 0.231504 0.016999 0.017394
0 0.315764 0.252784 0.016116 0.016911
0 0.118543 0.721649 0.016174 0.016996
0 0.421279 0.755311 0.017594 0.017879
0 0.858517 0.503911 0.018039 0.019181
0 0.823163 0.200109 0.016913 0.018610
0 0.866641 0.292192 0.020148 0.018449
0 0.641960 0.945891 0.016827 0.017431
0 0.159451 0.360046 0.015188 0.015259
0 0.391849 0.190604 0.017187 0.020507
1 0.451609 0.983656 0.052606 0.032688
0 0.281699 0.990780 0.015823 0.015733
0 0.907842 0.758123 0.017011 0.017163
0 0.446972 0.275204 0.014333 0.013854
0 0.900741 0.538402 0.016480 0.017215
0 0.151305 0.548712 0.015540 0.017318
0 0.705600 0.497748 0.022003 0.023398
0 0.504041 0.594847 0.020607 0.021160
0 0.450047 0.173435 0.020864 0.021530
0 0.271730 0.536682 0.017044 0.018773
0 0.992018 0.782638 0.013855 0.014260
0 0.545385 0.689717 0.019929 0.019434
0 0.280439 0.219887 0.020871 0.021442
0 0.459222 0.627145 0.020583 0.019959
1 0.664240 0.237822 0.040219 0.042558
0 0.864274 0.858338 0.015874 0.016084
0 0.407828 0.628635 0.018227 0.018033
0 0.780636 0.366476 0.017950 0.018095
0 0.813662 0.304705 0.017741 0.018376
0 0.431699 0.475272 0.016189 0.017763
0 0.395934 0.494982 0.015677 0.018503
0 0.446001 0.227138 0.018490 0.016734
0 0.804800 0.375821 0.015367 0.015509
0 0.419131 0.521939 0.015752 0.016474
0 0.802159 0.864964 0.016195 0.016936
0 0.095398 0.677788 0.016299 0.016307
0 0.558322 0.409716 0.017758 0.018572
0 0.732299 0.359189 0.016183 0.016456
0 0.548516 0.340938 0.017299 0.017114
0 0.617369 0.161897 0.015541 0.016157
0 0.372060 0.242333 0.021361 0.022760
0 0.594518 0.448138 0.019116 0.018612
0 0.950610 0.580629 0.035587 0.032030
0 0.244021 0.438569 0.015365 0.017292
0 0.233334 0.306479 0.016982 0.016490
0 0.776310 0.233469 0.019091 0.018298
0 0.183129 0.265950 0.016853 0.017930
0 0.418731 0.193184 0.014358 0.015604
0 0.613051 0.433631 0.015231 0.016427
0 0.275408 0.796392 0.017560 0.018229
0 0.227942 0.282790 0.016007 0.016605
0 0.472393 0.538100 0.017146 0.017679
0 0.458756 0.927628 0.015466 0.016521
0 0.453593 0.431330 0.020776 0.019841
0 0.486611 0.895792 0.018558 0.018028
0 0.522440 0.276666 0.017541 0.018774
0 0.961105 0.430905 0.015730 0.016326
0 0.914106 0.464091 0.031005 0.031141
0 0.706568 0.557804 0.018107 0.017838
0 0.470781 0.496092 0.019753 0.020661
1 0.377169 0.122445 0.033011 0.035550
0 0.935709 0.807962 0.015327 0.016424
0 0.228499 0.556329 0.018365 0.016938
0 0.300026 0.897686 0.016080 0.016469
0 0.135805 0.300338 0.016587 0.018816
0 0.491059 0.773330 0.017321 0.019641
0 0.533966 0.151340 0.014913 0.015947
0 0.444800 0.883694 0.016736 0.016242
0 0.474947 0.459992 0.027489 0.026464