0 0.340030 0.698566 0.016729 0.013889
0 0.256102 0.723720 0.017414 0.015176
0 0.123956 0.633619 0.015401 0.014082
0 0.278257 0.874679 0.017199 0.013197
0 0.408117 0.606831 0.017573 0.012032
0 0.287415 0.559898 0.014442 0.010508
0 0.275837 0.755454 0.021917 0.016635
0 0.466940 0.919269 0.016939 0.012157
0 0.320373 0.603905 0.015681 0.012691
0 0.350192 0.820695 0.016542 0.012682
0 0.456316 0.606712 0.015784 0.010617
0 0.179492 0.569467 0.015933 0.010902
0 0.523315 0.614503 0.017690 0.013044
0 0.183130 0.528763 0.013149 0.009097
0 0.513863 0.928306 0.015617 0.010853
0 0.371350 0.534400 0.016136 0.012078
0 0.275007 0.539204 0.014220 0.008895
0 0.629884 0.603135 0.017640 0.011367
0 0.223739 0.598476 0.013827 0.010663
0 0.319124 0.579359 0.014684 0.012025
0 0.494108 0.441699 0.012907 0.010741
0 0.446772 0.772036 0.017929 0.013463
0 0.260266 0.498022 0.015467 0.013362
0 0.644535 0.644742 0.016594 0.011009
0 0.244536 0.622022 0.016331 0.011730
0 0.355135 0.628044 0.012703 0.010127
0 0.304825 0.803044 0.015045 0.011838
0 0.089005 0.719219 0.014438 0.012629
0 0.176619 0.617873 0.012965 0.010544
0 0.443197 0.853614 0.014934 0.010441
0 0.294536 0.660217 0.016639 0.013076
0 0.523258 0.692345 0.017018 0.011766
0 0.370001 0.480472 0.012896 0.009598
0 0.323497 0.878574 0.015576 0.010859
0 0.069765 0.629354 0.013581 0.009632
0 0.121178 0.572022 0.010437 0.008230
0 0.337264 0.854122 0.012228 0.011330
0 0.450793 0.810427 0.016942 0.013267
0 0.361602 0.657328 0.013795 0.009703
0 0.449413 0.458004 0.017181 0.010542
0 0.275501 0.842640 0.016175 0.011808
0 0.355729 0.737464 0.018113 0.013087
0 0.239463 0.644386 0.015623 0.011806
0 0.592267 0.950962 0.013326 0.012312
0 0.061000 0.672313 0.014190 0.012500
0 0.383433 0.723652 0.019970 0.014937
0 0.399738 0.645464 0.017114 0.010797
0 0.694381 0.601931 0.016951 0.010998
0 0.421117 0.547532 0.016676 0.010777
0 0.436178 0.489248 0.018353 0.011516
0 0.246114 0.789370 0.014260 0.012161
0 0.464899 0.476617 0.014482 0.010406
0 0.624273 0.515308 0.014238 0.012392
0 0.094060 0.615506 0.012388 0.010262
0 0.212270 0.640382 0.015305 0.011141
0 0.670435 0.685535 0.012718 0.011400
0 0.128837 0.595793 0.013684 0.007988
0 0.528108 0.470675 0.016020 0.011297
0 0.488431 0.779494 0.014412 0.009595
0 0.134198 0.712006 0.018118 0.012513
0 0.234671 0.507912 0.013257 0.010068
0 0.323575 0.440863 0.011375 0.010889
0 0.378668 0.901392 0.015179 0.009474
0 0.402050 0.778708 0.014342 0.009268
0 0.407979 0.481544 0.014217 0.010114
0 0.244566 0.560507 0.013109 0.010051
0 0.143629 0.490253 0.009226 0.010455
0 0.575731 0.779253 0.014710 0.011032
0 0.470264 0.678077 0.012743 0.010822
0 0.363365 0.778266 0.014183 0.010044
0 0.235919 0.764172 0.012133 0.010359
0 0.642092 0.627158 0.012814 0.007578
0 0.567707 0.915313 0.015372 0.009472
0 0.130521 0.946313 0.014241 0.008744
0 0.623596 0.860984 0.013653 0.010144
0 0.419302 0.623810 0.013209 0.009591
0 0.506505 0.457200 0.014780 0.010123
0 0.207771 0.993459 0.020201 0.011186
0 0.167659 0.481491 0.009332 0.009654
0 0.480725 0.500538 0.013294 0.010079
0 0.363705 0.916639 0.013988 0.009738
0 0.147883 0.517812 0.011110 0.009918
0 0.538439 0.443365 0.014038 0.011314
0 0.712434 0.735898 0.012148 0.007555
0 0.388880 0.550747 0.015542 0.013846
0 0.004925 0.621833 0.009850 0.013540
0 0.213592 0.648277 0.014916 0.015324
0 0.012118 0.640659 0.012363 0.010549
0 0.627964 0.856925 0.011400 0.011882
0 0.564667 0.807563 0.014647 0.011097
0 0.375840 0.860552 0.013144 0.009168
0 0.433541 0.709152 0.014549 0.010358
0 0.323942 0.902987 0.013321 0.011114
0 0.504438 0.950255 0.012501 0.009391
0 0.180473 0.527311 0.014160 0.014387
0 0.504555 0.633915 0.013929 0.013009
1 0.415383 0.977308 0.069118 0.045383
1 0.248781 0.949482 0.043688 0.037656
1 0.144452 0.846049 0.056729 0.042058
1 0.201507 0.803502 0.086072 0.083138
1 0.012736 0.758265 0.024126 0.031788
1 0.031319 0.564358 0.052165 0.043036
1 0.062944 0.605927 0.043688 0.025430
1 0.214874 0.477308 0.046296 0.039124
1 0.183249 0.504695 0.058685 0.042058
1 0.313988 0.921606 0.084116 0.049394
1 0.646864 0.788830 0.052165 0.037167
1 0.711418 0.756309 0.039124 0.040591
1 0.704246 0.792498 0.041732 0.035700
1 0.707832 0.688576 0.043688 0.038146
1 0.514170 0.654098 0.071075 0.035700
1 0.531124 0.540785 0.046296 0.028365