0 0.525881 0.483049 0.015513 0.011758
0 0.558162 0.442808 0.019475 0.015891
0 0.601299 0.417606 0.018101 0.013621
0 0.481495 0.474816 0.015881 0.012460
0 0.297703 0.598012 0.012232 0.009828
0 0.379855 0.478415 0.014730 0.011327
0 0.585267 0.469548 0.015842 0.011712
0 0.460642 0.482268 0.014448 0.011430
0 0.667230 0.556566 0.012588 0.009572
1 0.738737 0.161054 0.063401 0.058249
0 0.415405 0.347894 0.017748 0.013695
0 0.386402 0.512303 0.014096 0.010771
1 0.811001 0.363333 0.048203 0.036435
0 0.267753 0.596197 0.013364 0.009930
1 0.144933 0.331985 0.052519 0.039638
0 0.308888 0.483760 0.015933 0.012811
0 0.729419 0.428558 0.015513 0.012347
0 0.740486 0.552736 0.016323 0.012460
0 0.247928 0.523031 0.013306 0.009836
0 0.240796 0.499390 0.013705 0.010509
0 0.245270 0.578796 0.013465 0.009981
0 0.591794 0.437642 0.015507 0.012161
0 0.433702 0.460145 0.014196 0.011915
0 0.776662 0.379645 0.014042 0.011694
0 0.428168 0.661462 0.019357 0.014247
0 0.508034 0.576128 0.014319 0.009326
0 0.306089 0.563342 0.013014 0.009481
0 0.717071 0.568217 0.013010 0.009942
0 0.726405 0.530936 0.011691 0.008838
0 0.466514 0.453494 0.016883 0.010891
0 0.572443 0.483822 0.015119 0.010842
0 0.546058 0.399618 0.019173 0.014468
0 0.632551 0.557616 0.013696 0.009401
1 0.401609 0.540216 0.046376 0.029744
0 0.701937 0.540868 0.014071 0.011357
0 0.347682 0.500361 0.017846 0.013877
1 0.407896 0.290931 0.045349 0.033671
0 0.459647 0.381565 0.015423 0.011391
0 0.420387 0.427816 0.016389 0.011719
0 0.405767 0.602004 0.011274 0.009003
0 0.483971 0.429734 0.018710 0.013102
0 0.158317 0.475921 0.014097 0.012674
0 0.353951 0.429240 0.016019 0.012091
0 0.377292 0.387149 0.016537 0.012866
0 0.566611 0.653462 0.016636 0.012808
0 0.295172 0.633695 0.014155 0.010487
0 0.210937 0.478290 0.014000 0.009971
0 0.702101 0.474888 0.014049 0.010338
0 0.585124 0.396691 0.017307 0.013057
0 0.378258 0.621992 0.013206 0.010068
0 0.357314 0.585797 0.013518 0.012839
0 0.804232 0.430585 0.013766 0.009690
0 0.454321 0.432683 0.015193 0.010577
0 0.192364 0.447698 0.013371 0.010629
0 0.531722 0.606952 0.011839 0.009854
0 0.135972 0.436823 0.013916 0.010710
0 0.471815 0.612502 0.015859 0.011688
0 0.328791 0.472031 0.014354 0.010924
0 0.183491 0.510575 0.012017 0.009624
0 0.286027 0.467886 0.014382 0.011114
0 0.432979 0.364600 0.015465 0.011538
0 0.672165 0.477506 0.014679 0.011592
0 0.315518 0.648919 0.015052 0.010884
0 0.815994 0.416830 0.012661 0.010160
0 0.435535 0.639652 0.014922 0.011124
0 0.748419 0.411622 0.015665 0.011616
0 0.508413 0.375410 0.014968 0.012030
0 0.222543 0.544879 0.012019 0.009143
0 0.311673 0.416661 0.014543 0.011034
0 0.764465 0.344697 0.017934 0.014559
0 0.682085 0.520976 0.015864 0.009198
0 0.572303 0.518338 0.011230 0.008325
0 0.363246 0.463851 0.017285 0.013500
0 0.359494 0.533049 0.012626 0.009183
0 0.516210 0.333235 0.017748 0.014422
1 0.514705 0.633742 0.047767 0.033310
0 0.733706 0.458945 0.011815 0.009648
0 0.608301 0.353345 0.015738 0.012880
0 0.609586 0.377887 0.018010 0.015810
0 0.817353 0.396621 0.015408 0.011470
0 0.471633 0.404888 0.015811 0.013178
0 0.785899 0.483829 0.014593 0.010028
0 0.522018 0.504689 0.013001 0.009755
0 0.808478 0.453061 0.014275 0.011078
0 0.458149 0.300208 0.018178 0.015300
0 0.203602 0.425410 0.014195 0.012132
0 0.313485 0.628592 0.013724 0.011191
0 0.206580 0.518036 0.014231 0.009969
0 0.416215 0.619707 0.015086 0.010347
0 0.428986 0.381991 0.015593 0.011318
0 0.645880 0.576214 0.013641 0.010887
0 0.418799 0.567671 0.012159 0.010454
0 0.460867 0.576328 0.012512 0.009648
0 0.426721 0.585815 0.012804 0.008612
0 0.305041 0.400841 0.014650 0.012410
0 0.483271 0.515962 0.013210 0.009657
0 0.552198 0.508332 0.014041 0.009536
0 0.406060 0.622658 0.018766 0.011223
0 0.269198 0.612171 0.013664 0.010330
1 0.101109 0.334255 0.058659 0.037000
0 0.743310 0.365928 0.017166 0.013520
0 0.560522 0.116742 0.020152 0.019896
0 0.458832 0.661810 0.026763 0.018010
0 0.344718 0.409080 0.014068 0.011030
0 0.521831 0.534330 0.012511 0.011666
0 0.492002 0.404234 0.014186 0.010807
0 0.813603 0.477295 0.014897 0.011382
0 0.393014 0.401237 0.014243 0.010844
0 0.444502 0.276391 0.021710 0.016987
0 0.258165 0.467568 0.014515 0.012860
0 0.139880 0.451715 0.012586 0.009697
0 0.229522 0.478174 0.011834 0.008753
0 0.268389 0.577547 0.010866 0.009148
0 0.218760 0.518374 0.015867 0.007701
0 0.412594 0.458047 0.014903 0.013210
0 0.714053 0.498457 0.012885 0.009966
0 0.577998 0.562992 0.012828 0.009288
0 0.730977 0.515100 0.012322 0.009000
0 0.340289 0.445596 0.016058 0.012736
0 0.583419 0.542596 0.012793 0.009823
0 0.789946 0.446601 0.012513 0.009904
0 0.385198 0.578431 0.011367 0.008488
0 0.744605 0.502524 0.012731 0.009130
1 0.607218 0.622681 0.065582 0.038006
0 0.421740 0.501314 0.015477 0.014137
0 0.290291 0.549678 0.010583 0.008631
0 0.608627 0.563076 0.013599 0.010877
0 0.431548 0.524088 0.015831 0.011301
0 0.365444 0.657695 0.016044 0.013674
0 0.403027 0.642530 0.013463 0.009755
0 0.436906 0.419571 0.014567 0.015685
0 0.129580 0.470838 0.017856 0.011967
0 0.793997 0.503006 0.013159 0.010094
0 0.664997 0.599052 0.013401 0.009371
0 0.469037 0.592715 0.013313 0.007993
0 0.596804 0.527484 0.014107 0.010825
0 0.719638 0.590397 0.014005 0.009870
0 0.528791 0.679561 0.023818 0.015194
0 0.541039 0.561493 0.014061 0.010874
1 0.248297 0.437655 0.041600 0.036232