0 0.267553 0.481342 0.017305 0.014031
0 0.357855 0.473421 0.017669 0.014300
0 0.489442 0.458760 0.016902 0.012718
0 0.322688 0.669971 0.018319 0.014137
0 0.657738 0.621411 0.016671 0.015486
0 0.479800 0.486751 0.018875 0.014144
0 0.667303 0.585134 0.013624 0.011010
0 0.403224 0.567114 0.016636 0.013516
0 0.402365 0.921922 0.014933 0.011084
0 0.516195 0.779310 0.014916 0.010683
0 0.432744 0.583196 0.017679 0.015125
0 0.379709 0.462505 0.019366 0.013763
0 0.634480 0.472336 0.014790 0.011258
0 0.707904 0.493397 0.019116 0.014304
0 0.331455 0.429565 0.018868 0.014746
0 0.491290 0.583758 0.019589 0.016175
0 0.345691 0.647104 0.019649 0.013674
0 0.533412 0.453552 0.018098 0.014820
0 0.694745 0.652276 0.019288 0.013082
0 0.489998 0.530483 0.020961 0.015337
0 0.206073 0.450974 0.019055 0.015448
0 0.178711 0.574616 0.020553 0.015960
0 0.793934 0.486526 0.023792 0.017414
0 0.741360 0.552485 0.017775 0.013281
0 0.304095 0.908887 0.018867 0.014937
0 0.451070 0.384773 0.016634 0.012876
0 0.323146 0.532112 0.016892 0.012589
0 0.358927 0.709953 0.016853 0.013150
0 0.331743 0.601358 0.018328 0.013447
0 0.636984 0.403625 0.023331 0.017629
0 0.563878 0.621549 0.016526 0.011872
0 0.631483 0.877759 0.012077 0.009133
0 0.580036 0.443752 0.018486 0.015107
0 0.634518 0.842911 0.013945 0.011677
0 0.621632 0.817136 0.016993 0.012696
0 0.158371 0.545729 0.017267 0.013993
0 0.429560 0.756455 0.017222 0.012371
0 0.442342 0.445170 0.016036 0.013680
0 0.648834 0.525534 0.016784 0.013267
0 0.586343 0.647299 0.019885 0.014767
0 0.185365 0.625465 0.018779 0.014938
0 0.230249 0.685057 0.017899 0.015295
0 0.455418 0.418276 0.017678 0.013616
0 0.693511 0.472626 0.027188 0.017769
0 0.641746 0.930929 0.018852 0.014802
0 0.451752 0.952297 0.021816 0.016379
0 0.471991 0.804382 0.014369 0.010389
0 0.696635 0.613669 0.015157 0.011211
0 0.239286 0.902511 0.017392 0.012356
0 0.156585 0.716595 0.013680 0.010986
0 0.541601 0.476007 0.018293 0.014431
0 0.348521 0.946486 0.019398 0.014244
0 0.435111 0.620947 0.017648 0.013052
0 0.573613 0.380904 0.015773 0.012839
0 0.527237 0.796501 0.012717 0.010209
0 0.153357 0.760544 0.016897 0.011022
0 0.315301 0.503352 0.014492 0.010622
0 0.749145 0.468329 0.019906 0.015245
0 0.366455 0.435679 0.016813 0.013387
0 0.478420 0.657172 0.015150 0.011967
0 0.638456 0.505038 0.015612 0.011773
0 0.580924 0.600001 0.016026 0.012755
0 0.532749 0.870567 0.012959 0.010627
0 0.554516 0.432758 0.018109 0.016489
0 0.300268 0.541007 0.015305 0.011581
0 0.371415 0.814935 0.013993 0.011088
0 0.500514 0.553875 0.017620 0.014059
0 0.409945 0.606741 0.014283 0.010808
0 0.492427 0.982100 0.022968 0.014722
0 0.196270 0.513237 0.016400 0.012276
0 0.676032 0.872982 0.017976 0.013980
0 0.620772 0.427104 0.015225 0.011449
0 0.203677 0.559166 0.015162 0.011987
0 0.308460 0.620410 0.017324 0.014435
0 0.562907 0.564648 0.015366 0.015529
0 0.722379 0.570882 0.014737 0.010809
0 0.708051 0.842720 0.015309 0.011484
0 0.612447 0.456133 0.014368 0.010185
0 0.473162 0.715168 0.017172 0.013756
0 0.667027 0.844611 0.013034 0.011247
0 0.506435 0.850138 0.013763 0.009744
0 0.516085 0.908899 0.016329 0.014373
0 0.246335 0.457048 0.014624 0.011866
0 0.345917 0.814357 0.011404 0.008606
0 0.424063 0.688426 0.013261 0.010040
0 0.773743 0.660720 0.014131 0.011766
0 0.585176 0.422013 0.015820 0.011377
0 0.814416 0.530802 0.025581 0.017274
0 0.575347 0.707203 0.016713 0.013115
0 0.674842 0.926111 0.015142 0.011127
0 0.270343 0.915676 0.018840 0.012466
0 0.709079 0.669963 0.013359 0.010386
0 0.424603 0.509961 0.019847 0.015734
0 0.622384 0.639669 0.013995 0.010924
0 0.490348 0.755314 0.013675 0.009520
0 0.451518 0.840784 0.020273 0.011752
0 0.755305 0.442979 0.021776 0.016191
0 0.754837 0.491754 0.018658 0.014274
0 0.618436 0.552695 0.020514 0.015518
0 0.824302 0.549118 0.017064 0.014384
0 0.665527 0.797420 0.012787 0.010241
0 0.503438 0.674085 0.013967 0.011420
0 0.372122 0.757807 0.012206 0.008621
0 0.253217 0.626855 0.014297 0.011453
0 0.097222 0.555813 0.014961 0.012050
0 0.398773 0.439998 0.015227 0.011468
0 0.427542 0.390885 0.017823 0.013241
0 0.154985 0.501861 0.016460 0.011601
0 0.342652 0.694371 0.018306 0.012337
0 0.425169 0.886860 0.012772 0.011003
0 0.688677 0.533899 0.014073 0.010489
0 0.144550 0.737978 0.014775 0.010678
0 0.591571 0.512684 0.013825 0.011138
0 0.614232 0.388335 0.013842 0.012113
0 0.198827 0.670121 0.015375 0.013148
0 0.770428 0.801808 0.016790 0.011679
0 0.607181 0.864517 0.016029 0.010216
0 0.778211 0.746838 0.014354 0.010986
0 0.571454 0.827132 0.013380 0.009705
0 0.809753 0.630221 0.010759 0.008720
0 0.628443 0.905711 0.011466 0.008703
0 0.459310 0.594979 0.014349 0.010641
0 0.351735 0.583401 0.013430 0.013491
0 0.682125 0.896752 0.016558 0.012957
0 0.347685 0.765392 0.012123 0.009435
0 0.607073 0.914113 0.016370 0.010696
0 0.698818 0.600346 0.013291 0.011350
0 0.454382 0.862824 0.013377 0.011650
0 0.625313 0.944171 0.015846 0.010339
0 0.512570 0.819135 0.014897 0.010231
0 0.320227 0.466436 0.015581 0.012377
0 0.411055 0.794751 0.022347 0.016004
0 0.408304 0.530747 0.017510 0.016294
0 0.424047 0.844297 0.011037 0.008462
0 0.534622 0.511600 0.014204 0.010468
0 0.457875 0.737917 0.014238 0.010123
0 0.394945 0.710016 0.016379 0.012075
0 0.533445 0.765990 0.013554 0.010577
0 0.617868 0.587667 0.016904 0.012632
0 0.769842 0.616228 0.020223 0.017688
0 0.723667 0.904947 0.017731 0.012240
0 0.095532 0.693819 0.016314 0.012347
0 0.673676 0.699753 0.011246 0.009524
0 0.383724 0.945738 0.016420 0.013461
0 0.619412 0.676212 0.017664 0.013766
0 0.308878 0.566183 0.014904 0.013663
0 0.136209 0.574178 0.015888 0.013275
0 0.442126 0.654372 0.016543 0.011111
0 0.382895 0.516073 0.017297 0.016057
0 0.575330 0.522389 0.012167 0.008884
0 0.386098 0.861166 0.014827 0.009771
0 0.402784 0.399262 0.012938 0.010437
0 0.242052 0.417203 0.017075 0.015174
0 0.606893 0.574188 0.014562 0.011565
0 0.492815 0.432691 0.018980 0.014426
0 0.103910 0.760395 0.013853 0.010767
0 0.207584 0.475000 0.014467 0.011767
0 0.597513 0.617881 0.014431 0.011045
0 0.345473 0.873958 0.016173 0.011604
0 0.296204 0.778341 0.011613 0.010955
0 0.400842 0.676177 0.015794 0.013636
0 0.368231 0.842218 0.011110 0.010763
0 0.389673 0.423501 0.016381 0.013095
0 0.548183 0.693272 0.012503 0.010659
0 0.399680 0.816075 0.013716 0.011175
0 0.444049 0.542045 0.015253 0.010206
0 0.432596 0.941536 0.012800 0.008853
0 0.428064 0.826716 0.011498 0.009459
0 0.183050 0.811768 0.018230 0.012205
0 0.370155 0.853620 0.012721 0.010801
0 0.115973 0.676075 0.014722 0.012855
0 0.374347 0.907116 0.018710 0.015430
0 0.305813 0.392206 0.018738 0.016987
0 0.731760 0.832871 0.012303 0.009839
0 0.336680 0.451215 0.015980 0.011889
0 0.117464 0.780147 0.018261 0.012275
0 0.413870 0.713996 0.020015 0.013807
0 0.566827 0.645494 0.016860 0.012233
0 0.481078 0.889381 0.013519 0.010189
0 0.726229 0.595018 0.014014 0.012361