0 0.453096 0.790662 0.012853 0.010061
0 0.290198 0.524463 0.016478 0.011512
0 0.460947 0.375175 0.013075 0.010573
0 0.092880 0.532535 0.015483 0.011406
0 0.215718 0.674948 0.013100 0.009671
0 0.324345 0.485134 0.013918 0.011025
0 0.404119 0.473473 0.017553 0.012274
0 0.234770 0.704859 0.011248 0.009224
0 0.499565 0.390671 0.013156 0.010471
0 0.233830 0.733532 0.013077 0.010279
0 0.215791 0.621886 0.013337 0.010732
0 0.345578 0.463622 0.012396 0.009327
0 0.252369 0.454634 0.015938 0.011564
0 0.555939 0.381213 0.012710 0.010049
0 0.286827 0.428841 0.015900 0.012613
1 0.407300 0.698748 0.080745 0.057212
0 0.314036 0.443237 0.015735 0.011295
0 0.540196 0.611784 0.012620 0.010298
0 0.081771 0.561084 0.014646 0.011003
0 0.479975 0.757297 0.012767 0.010494
0 0.280536 0.699207 0.012914 0.010515
0 0.081585 0.610117 0.014166 0.010790
0 0.476443 0.829556 0.014623 0.011336
0 0.523338 0.495507 0.012700 0.009612
0 0.264170 0.573066 0.013562 0.010715
1 0.318058 0.702594 0.041313 0.035203
0 0.305825 0.745800 0.011639 0.008969
0 0.122626 0.598575 0.016638 0.012374
0 0.491425 0.645576 0.011987 0.008227
0 0.360905 0.498664 0.012785 0.009595
0 0.280451 0.832306 0.015173 0.011518
0 0.176639 0.615020 0.012952 0.009641
0 0.524049 0.391935 0.013077 0.010746
0 0.642671 0.354408 0.016403 0.013483
0 0.588170 0.710358 0.015594 0.011084
0 0.342016 0.533387 0.018213 0.015324
0 0.674683 0.673770 0.014387 0.010096
0 0.333206 0.595772 0.012530 0.009681
0 0.208173 0.411523 0.019458 0.016853
0 0.272031 0.596267 0.018266 0.015625
0 0.362828 0.763772 0.012181 0.009603
0 0.225726 0.641059 0.014483 0.010255
0 0.282636 0.379644 0.015362 0.011166
0 0.656873 0.656991 0.012541 0.009570
0 0.418046 0.626584 0.012663 0.009199
0 0.170163 0.548317 0.015167 0.011220
0 0.444062 0.660485 0.014122 0.010613
0 0.280553 0.754134 0.013178 0.009526
0 0.420846 0.554608 0.012479 0.009950
0 0.420707 0.530983 0.014681 0.011978
0 0.157524 0.741545 0.011936 0.009965
0 0.144992 0.542571 0.015178 0.010587
0 0.630107 0.578306 0.016995 0.012273
0 0.241093 0.376901 0.013296 0.009841
0 0.055921 0.556167 0.015661 0.011482
0 0.467339 0.475212 0.015853 0.009314
1 0.064127 0.486637 0.091998 0.048592
0 0.152140 0.619315 0.013379 0.009653
0 0.667950 0.531830 0.012333 0.009912
0 0.333076 0.332010 0.012947 0.010681
1 0.374632 0.412371 0.044182 0.037877
0 0.336260 0.379742 0.013302 0.010018
0 0.263003 0.395931 0.015931 0.013084
0 0.484414 0.515375 0.018073 0.012663
0 0.275198 0.336150 0.018536 0.015239
0 0.649269 0.717191 0.013510 0.011282
0 0.425517 0.352401 0.015600 0.013082
1 0.251220 0.796131 0.065976 0.049268
0 0.303138 0.798462 0.013293 0.009842
0 0.146636 0.691851 0.010905 0.008941
0 0.481400 0.547884 0.011711 0.009286
1 0.309212 0.563521 0.041398 0.030014
0 0.518755 0.664764 0.012839 0.010542
0 0.587177 0.546939 0.010550 0.008552
0 0.165449 0.455077 0.012769 0.009716
0 0.364900 0.548517 0.011525 0.008807
0 0.221979 0.501404 0.015277 0.011485
0 0.631752 0.557790 0.013441 0.010020
0 0.167568 0.565582 0.017393 0.012234
0 0.315404 0.397741 0.015889 0.012470
0 0.277230 0.716872 0.011876 0.010423
0 0.630864 0.460667 0.017846 0.011962
0 0.699477 0.707119 0.011547 0.009580
0 0.557520 0.581738 0.016622 0.013490
0 0.371283 0.568857 0.011646 0.009096
0 0.690771 0.416281 0.013109 0.012454
1 0.156800 0.387587 0.053682 0.033673
0 0.163984 0.340212 0.012040 0.009429
0 0.197991 0.498519 0.013614 0.010427
0 0.516056 0.576815 0.016314 0.014218
1 0.018370 0.602353 0.036740 0.032603
0 0.494856 0.605933 0.016945 0.014833
0 0.691057 0.390827 0.018727 0.013886
0 0.463778 0.646312 0.014456 0.011738
0 0.316371 0.360781 0.020282 0.013532
0 0.468564 0.781310 0.012655 0.010152
0 0.431593 0.513136 0.016031 0.012193
0 0.152708 0.520505 0.019485 0.013574
0 0.471778 0.421494 0.017205 0.013306
0 0.208410 0.580130 0.014522 0.010700
0 0.210585 0.459448 0.011989 0.008475
0 0.067675 0.543436 0.013314 0.010036
0 0.624994 0.711669 0.011857 0.009371
0 0.426587 0.398988 0.011894 0.008721
0 0.729634 0.621824 0.011405 0.008497
0 0.538920 0.591503 0.015016 0.011344
0 0.260881 0.472977 0.013022 0.010716
0 0.580281 0.345017 0.014332 0.010848
0 0.295507 0.840976 0.016032 0.011538
0 0.138189 0.495851 0.013357 0.010894
0 0.285938 0.399191 0.013562 0.011169
0 0.654259 0.631965 0.011201 0.008980
1 0.439084 0.575935 0.041206 0.032084
0 0.701617 0.468315 0.010804 0.008643
0 0.590729 0.772724 0.013982 0.010638
0 0.252657 0.432655 0.015769 0.010602
0 0.561214 0.799671 0.013884 0.011627
0 0.156933 0.708430 0.012841 0.010019
0 0.193740 0.312222 0.017186 0.014280
0 0.711250 0.403234 0.014868 0.012185
0 0.293891 0.361484 0.015668 0.012144
0 0.444472 0.438401 0.017977 0.013704
0 0.598344 0.344191 0.013370 0.010647
0 0.237511 0.434361 0.015937 0.011366
0 0.582032 0.439993 0.018324 0.014864
0 0.050506 0.432079 0.013089 0.010324
0 0.655161 0.562435 0.015728 0.014339
0 0.361453 0.587351 0.013421 0.009639
0 0.161776 0.765419 0.012810 0.009836
0 0.462174 0.528296 0.013131 0.009267
0 0.360703 0.801946 0.015926 0.011105
0 0.180637 0.373280 0.015784 0.011079
0 0.691990 0.581223 0.015780 0.011723
0 0.124626 0.723502 0.013817 0.010984
0 0.587125 0.758889 0.012205 0.009014
0 0.297195 0.309230 0.017587 0.013427
0 0.417349 0.286220 0.015004 0.012382
0 0.448619 0.419806 0.012867 0.009260
1 0.743563 0.482436 0.048560 0.034014
0 0.393301 0.431171 0.013117 0.010085
0 0.332803 0.658044 0.011497 0.008501
0 0.359321 0.315343 0.014824 0.013087
0 0.556088 0.501875 0.019385 0.013997
0 0.153382 0.361091 0.012404 0.010231
0 0.463403 0.300119 0.014739 0.014690
0 0.702627 0.557217 0.016807 0.015436
0 0.234839 0.303792 0.020466 0.014336
0 0.563441 0.790207 0.012674 0.011448
0 0.179659 0.592207 0.014516 0.010237
0 0.154111 0.597890 0.017191 0.010029
0 0.371440 0.520411 0.010979 0.008170
0 0.560552 0.526116 0.013806 0.009708
0 0.188302 0.515164 0.017351 0.011966
0 0.610886 0.430508 0.020396 0.016218
0 0.379314 0.275426 0.010816 0.008417
0 0.267768 0.455619 0.014283 0.009465
0 0.227292 0.582288 0.016650 0.011191
0 0.417407 0.457252 0.016258 0.011245
0 0.305863 0.828433 0.014659 0.012123
0 0.412828 0.645579 0.015939 0.012739
0 0.103654 0.616323 0.013212 0.010013
0 0.594544 0.366154 0.012065 0.008925
0 0.117275 0.692798 0.013995 0.010414
0 0.185121 0.780740 0.015068 0.011133
0 0.700796 0.659454 0.011345 0.009155
0 0.359573 0.295060 0.010601 0.009249
0 0.318682 0.471275 0.011463 0.008622
0 0.548150 0.750607 0.013842 0.013879
0 0.503353 0.300546 0.023283 0.018489
0 0.619611 0.682368 0.016590 0.013913
0 0.569407 0.704144 0.011376 0.008517
0 0.640984 0.691445 0.011264 0.009395
0 0.608698 0.362588 0.011450 0.009002
0 0.463666 0.283373 0.014746 0.012857
0 0.681277 0.721083 0.013733 0.009595
0 0.685184 0.636314 0.013480 0.010723
0 0.751874 0.441653 0.018230 0.011757
0 0.582997 0.625125 0.009756 0.007686
0 0.655605 0.387084 0.011576 0.009386
0 0.456167 0.686124 0.010251 0.007883
0 0.600659 0.326884 0.012409 0.011623
0 0.406366 0.654643 0.011586 0.008643
0 0.057205 0.411544 0.013694 0.011573
0 0.647918 0.330477 0.013821 0.011311
0 0.554631 0.423477 0.013026 0.009412
0 0.502542 0.336417 0.021332 0.015892
0 0.368693 0.674006 0.010697 0.009100
0 0.512557 0.426247 0.012857 0.009876
0 0.630833 0.321813 0.014770 0.013180
0 0.342104 0.413267 0.011218 0.008968
0 0.570621 0.412951 0.013162 0.012845
0 0.381672 0.739737 0.009922 0.008092
0 0.718878 0.579359 0.012190 0.009300
0 0.760907 0.459368 0.013987 0.009499
0 0.252197 0.612416 0.013143 0.010646
0 0.436676 0.263822 0.011109 0.008295
0 0.129387 0.734216 0.012382 0.009828
0 0.403126 0.609074 0.011695 0.009164
0 0.411255 0.499970 0.012201 0.008617
0 0.692230 0.725257 0.012750 0.008846
0 0.345650 0.715240 0.012589 0.010686
0 0.237377 0.833749 0.012768 0.009044
0 0.391573 0.361237 0.023125 0.019658
0 0.147655 0.451932 0.012133 0.009611
0 0.377532 0.310032 0.016725 0.012892
0 0.604053 0.674386 0.012215 0.010438
0 0.580068 0.458479 0.011591 0.009330
0 0.524678 0.441916 0.027677 0.021088
0 0.522121 0.533838 0.024440 0.016985
0 0.431423 0.675299 0.011752 0.009231
0 0.557705 0.449921 0.012991 0.011444
0 0.297992 0.447734 0.013646 0.010260
0 0.293263 0.278074 0.016899 0.014310
0 0.603628 0.311419 0.015825 0.013425
0 0.162079 0.796004 0.015701 0.011959
0 0.378217 0.332975 0.012502 0.009271
0 0.668504 0.369749 0.012687 0.010788
0 0.290108 0.805305 0.011819 0.009717
0 0.528654 0.744137 0.012828 0.011542
0 0.542787 0.305931 0.017566 0.013704
0 0.396629 0.327704 0.012553 0.010410
0 0.269103 0.734494 0.011156 0.008551
0 0.558384 0.726107 0.010427 0.007443
0 0.410083 0.650956 0.015417 0.011859
0 0.664449 0.438999 0.015068 0.010857
1 0.592295 0.402508 0.026966 0.024230
1 0.084041 0.491121 0.045161 0.036952
0 0.592340 0.649648 0.010888 0.009746
0 0.248670 0.552489 0.010600 0.009653
0 0.628433 0.408039 0.016157 0.012717
0 0.437013 0.457017 0.017562 0.013054
1 0.592297 0.489473 0.038647 0.027053
1 0.664439 0.500584 0.054106 0.022222
1 0.567821 0.292371 0.030918 0.027053