0 0.361186 0.518924 0.017592 0.013014
0 0.416692 0.460024 0.014352 0.011402
0 0.630447 0.378715 0.015161 0.011245
0 0.394657 0.480272 0.015184 0.011002
0 0.539029 0.472627 0.015830 0.010801
0 0.534178 0.371717 0.013722 0.010657
0 0.474315 0.469739 0.018132 0.014195
0 0.360717 0.425166 0.016801 0.013602
0 0.284772 0.667253 0.012553 0.010268
0 0.168649 0.524197 0.016258 0.012579
0 0.283670 0.406526 0.019945 0.015878
0 0.347634 0.693004 0.013736 0.010825
0 0.428051 0.758203 0.012181 0.009904
1 0.319013 0.785657 0.068768 0.047785
0 0.296740 0.633095 0.015046 0.010743
0 0.285418 0.453366 0.014325 0.011277
0 0.286100 0.614021 0.014114 0.011345
0 0.741655 0.533436 0.012823 0.009422
0 0.608840 0.612153 0.013555 0.010951
0 0.157717 0.551624 0.014505 0.012144
0 0.517385 0.788626 0.012251 0.009854
0 0.411422 0.529593 0.017353 0.014570
0 0.240824 0.448657 0.013896 0.011204
0 0.558319 0.644866 0.012658 0.009482
0 0.340545 0.589042 0.017812 0.014664
0 0.302462 0.696819 0.011417 0.009125
0 0.431631 0.494217 0.013642 0.010065
0 0.490782 0.528596 0.015759 0.013091
0 0.500477 0.510224 0.016889 0.012166
0 0.326152 0.449333 0.018382 0.012759
0 0.550143 0.546299 0.012607 0.009497
0 0.385083 0.438914 0.015633 0.011126
1 0.160596 0.484601 0.054014 0.038235
0 0.594284 0.494832 0.012995 0.010442
0 0.658438 0.547563 0.012690 0.009494
0 0.337525 0.391358 0.017547 0.013259
0 0.510368 0.658137 0.014598 0.011022
0 0.489387 0.552198 0.014042 0.010492
0 0.227515 0.513512 0.019785 0.014067
0 0.539552 0.827790 0.014782 0.011722
1 0.444941 0.409272 0.044377 0.035542
0 0.553304 0.513765 0.018905 0.014124
0 0.243338 0.540982 0.014471 0.011500
0 0.573335 0.388157 0.013323 0.010776
0 0.332737 0.467782 0.015710 0.011864
0 0.747677 0.368032 0.014059 0.010930
0 0.693487 0.714983 0.012414 0.009229
1 0.473561 0.695384 0.080773 0.056758
0 0.625733 0.800907 0.013984 0.011312
0 0.345610 0.823958 0.015273 0.012478
1 0.385199 0.697232 0.040374 0.034898
0 0.726617 0.661039 0.011285 0.009488
0 0.544035 0.755289 0.012509 0.010765
0 0.391752 0.356617 0.021061 0.014775
0 0.441095 0.517118 0.012830 0.010396
0 0.702427 0.579806 0.015752 0.011712
0 0.493498 0.283855 0.016212 0.013551
0 0.249041 0.606640 0.012729 0.009534
0 0.706098 0.460521 0.020545 0.013009
0 0.131895 0.546782 0.017140 0.013239
1 0.507044 0.574487 0.043226 0.031166
0 0.654966 0.711920 0.014625 0.010383
0 0.408886 0.375490 0.012847 0.010433
0 0.226231 0.730881 0.013816 0.010880
0 0.562472 0.604474 0.018330 0.015880
0 0.584659 0.576105 0.017452 0.015478
0 0.745985 0.679833 0.013784 0.010484
0 0.301439 0.724532 0.013422 0.009690
0 0.484510 0.623126 0.011797 0.008781
0 0.725517 0.634729 0.011227 0.009389
0 0.499564 0.349449 0.016272 0.013238
0 0.367956 0.792642 0.014437 0.010991
0 0.717762 0.722251 0.014212 0.011730
0 0.344022 0.711029 0.012828 0.010726
0 0.530269 0.645437 0.015433 0.012559
0 0.224963 0.610009 0.014285 0.010453
0 0.720816 0.352575 0.017350 0.013941
0 0.574965 0.368131 0.012388 0.009828
0 0.597275 0.390530 0.013605 0.011352
0 0.387051 0.395139 0.016264 0.013428
0 0.189144 0.682727 0.017004 0.012717
0 0.358051 0.376179 0.015539 0.011882
0 0.424507 0.797074 0.017422 0.011559
0 0.499345 0.396449 0.011849 0.010607
0 0.652451 0.627056 0.010347 0.008368
0 0.180453 0.394888 0.019382 0.016411
0 0.768503 0.415898 0.013691 0.012949
0 0.335041 0.567488 0.013324 0.010967
0 0.455583 0.271438 0.012416 0.010125
0 0.515179 0.438197 0.018480 0.015607
0 0.401410 0.590485 0.012301 0.009834
1 0.378895 0.558880 0.034935 0.028286
0 0.372452 0.739924 0.011701 0.009357
0 0.628517 0.456736 0.014126 0.011112
0 0.626680 0.581259 0.017469 0.014009
0 0.627222 0.501591 0.019683 0.014690
0 0.769609 0.711963 0.012318 0.009752
0 0.607772 0.590645 0.015064 0.012337
0 0.655087 0.438058 0.019523 0.016564
0 0.282502 0.573331 0.016391 0.010206
0 0.479400 0.643009 0.016009 0.012377
0 0.585526 0.666183 0.013482 0.012280
0 0.645344 0.412096 0.015959 0.012601
0 0.540160 0.279135 0.014008 0.012085
0 0.575710 0.332179 0.019775 0.014372
0 0.408376 0.328099 0.012430 0.011108
0 0.833563 0.442648 0.020414 0.013676
0 0.359891 0.395100 0.014352 0.011217
0 0.626802 0.421960 0.014030 0.010312
0 0.791082 0.403000 0.013293 0.012103
0 0.250615 0.473433 0.014269 0.011014
0 0.595792 0.441272 0.026843 0.022096
0 0.802590 0.627003 0.011300 0.008597
0 0.658811 0.343108 0.016375 0.011413
0 0.689967 0.499970 0.011735 0.009262
0 0.398288 0.652886 0.012712 0.009571
0 0.614655 0.752096 0.014755 0.011720
0 0.316639 0.372996 0.014190 0.010917
0 0.778500 0.468278 0.011232 0.008838
0 0.322090 0.607899 0.015808 0.012534
0 0.219515 0.534905 0.015509 0.010258
0 0.481235 0.496811 0.012881 0.009696
0 0.156389 0.600133 0.013519 0.010323
1 0.822669 0.484807 0.051642 0.034064
0 0.294084 0.495026 0.015819 0.013074
0 0.240428 0.558250 0.016424 0.012670
0 0.533508 0.778031 0.012927 0.010611
0 0.466017 0.740149 0.011114 0.008833
0 0.685016 0.360327 0.013537 0.009768
0 0.826876 0.405905 0.016128 0.012934
0 0.767241 0.389980 0.018752 0.012957
0 0.593373 0.744567 0.013563 0.011768
0 0.350641 0.332247 0.018241 0.014582
0 0.635504 0.706494 0.011161 0.008765
0 0.464762 0.358758 0.022520 0.021612
0 0.748087 0.724744 0.012598 0.010167
0 0.631117 0.525393 0.014806 0.009817
0 0.670838 0.364795 0.012857 0.009242
0 0.583351 0.424004 0.012710 0.009804
0 0.651954 0.761095 0.011728 0.009370
0 0.743015 0.436184 0.012704 0.010555
0 0.656610 0.774660 0.013382 0.010107
0 0.777704 0.560544 0.017021 0.014437
0 0.726602 0.327702 0.013580 0.011056
0 0.257941 0.368118 0.014523 0.011934
0 0.488057 0.454567 0.016560 0.013503
0 0.312109 0.299584 0.017428 0.013868
1 0.739200 0.502710 0.053795 0.035716
0 0.544009 0.417440 0.018129 0.015580
0 0.434079 0.312485 0.016103 0.013130
0 0.627107 0.793983 0.013262 0.012030
0 0.227018 0.698506 0.014563 0.011102
0 0.347013 0.747689 0.012440 0.009472
0 0.685101 0.429924 0.020132 0.016004
0 0.839745 0.460985 0.015119 0.010276
0 0.592532 0.534257 0.023501 0.016396
0 0.709112 0.695206 0.011088 0.008714
0 0.543212 0.336332 0.011519 0.009913
0 0.660697 0.651503 0.011764 0.010448
0 0.726419 0.562400 0.016699 0.013932
0 0.373915 0.491920 0.012067 0.008963
0 0.577908 0.298719 0.022013 0.019725
0 0.539350 0.296989 0.012983 0.012824
0 0.687907 0.685243 0.015754 0.014118
0 0.369861 0.819867 0.013333 0.010452
0 0.652916 0.458281 0.012176 0.010247
0 0.367733 0.358621 0.015901 0.012007
0 0.762135 0.730660 0.012347 0.008847
0 0.709131 0.317990 0.016048 0.013223
0 0.672931 0.677192 0.012344 0.010867
0 0.531298 0.526132 0.013839 0.009941
0 0.429694 0.583187 0.014350 0.010378
0 0.766118 0.584752 0.015546 0.011443
0 0.439738 0.565411 0.012218 0.010033
0 0.436379 0.670724 0.012022 0.009406
0 0.212681 0.489767 0.014837 0.011538
0 0.511846 0.259900 0.011790 0.009498
0 0.377996 0.762778 0.011195 0.008895
0 0.316831 0.428751 0.021827 0.010709
0 0.636577 0.660380 0.016939 0.012966
0 0.624628 0.727042 0.010523 0.007750
0 0.196685 0.590427 0.013854 0.010708
0 0.323882 0.428390 0.017248 0.011964
0 0.676623 0.323807 0.011667 0.012016
0 0.463299 0.428813 0.013552 0.010687
0 0.252127 0.770012 0.014869 0.010664
0 0.373676 0.304713 0.016572 0.013069
0 0.143758 0.534391 0.014117 0.011362
0 0.480279 0.596565 0.015808 0.011063
0 0.576632 0.804129 0.011568 0.008853
0 0.271239 0.308758 0.014704 0.013755
0 0.707319 0.410440 0.012681 0.010117
0 0.271146 0.494927 0.014435 0.011434
0 0.758621 0.458858 0.015379 0.012916
0 0.230132 0.754547 0.013180 0.010329
0 0.772589 0.663631 0.011096 0.008608
0 0.732856 0.385438 0.011822 0.010684
0 0.704401 0.559257 0.013322 0.009700
0 0.471334 0.605881 0.013143 0.010565
0 0.447894 0.735566 0.010341 0.008098
0 0.415721 0.407860 0.011231 0.008735
0 0.734163 0.741171 0.012769 0.010150
0 0.519784 0.418913 0.014823 0.010463
0 0.751976 0.609996 0.013767 0.011178
0 0.433741 0.290742 0.009910 0.010458
0 0.261459 0.513150 0.015213 0.014529
0 0.434227 0.545275 0.012060 0.009192
0 0.356542 0.829920 0.019636 0.013116
0 0.443441 0.850611 0.017274 0.015562
0 0.757736 0.641359 0.012643 0.011667
0 0.216889 0.683045 0.013260 0.009273
0 0.495114 0.853838 0.017017 0.013033
0 0.366695 0.823111 0.016808 0.013618
0 0.390984 0.466202 0.013910 0.009624
1 0.100188 0.596719 0.041224 0.034783
1 0.122088 0.473048 0.033494 0.040580
1 0.074423 0.543579 0.041224 0.030918
1 0.238674 0.383192 0.057971 0.032850
1 0.673457 0.400584 0.033494 0.021256
1 0.647048 0.287540 0.039936 0.027053
1 0.663795 0.487057 0.039936 0.031884