0 0.607644 0.695847 0.018910 0.014538
0 0.473262 0.686680 0.018331 0.014592
0 0.474654 0.556706 0.016190 0.012595
0 0.519184 0.660281 0.016000 0.013323
0 0.687314 0.609326 0.020157 0.015434
0 0.631097 0.448701 0.017846 0.013564
0 0.666809 0.476616 0.017982 0.014529
1 0.799871 0.766257 0.057036 0.042208
0 0.499515 0.753829 0.018997 0.014136
0 0.603715 0.757341 0.021844 0.016249
0 0.320855 0.783477 0.019246 0.014661
1 0.634455 0.620000 0.053217 0.040665
0 0.453651 0.741991 0.015815 0.011346
0 0.854289 0.505073 0.017323 0.013087
0 0.718332 0.787476 0.022044 0.016490
1 0.499338 0.890391 0.044597 0.037518
0 0.738777 0.690258 0.018337 0.014123
0 0.376367 0.830773 0.021390 0.017181
0 0.677573 0.773188 0.017771 0.013431
0 0.552898 0.622476 0.014143 0.011499
1 0.687496 0.448068 0.044959 0.037854
1 0.343799 0.498916 0.044252 0.036621
1 0.361950 0.648692 0.055999 0.042627
0 0.681923 0.717620 0.015838 0.012470
1 0.804635 0.499607 0.042305 0.030465
1 0.753671 0.565659 0.039974 0.034175
1 0.446515 0.619359 0.041597 0.030051
0 0.500847 0.784431 0.016613 0.012352
0 0.371061 0.601701 0.014542 0.010425
0 0.255223 0.578335 0.024492 0.016059
0 0.236875 0.437744 0.014475 0.010962
0 0.261143 0.404523 0.014743 0.012358
0 0.739397 0.834200 0.013613 0.010403
1 0.614789 0.549059 0.038523 0.031015
0 0.675708 0.660821 0.014054 0.012228
0 0.905974 0.525837 0.019434 0.015236
0 0.436566 0.586499 0.012864 0.010161
0 0.533068 0.681243 0.013637 0.011313
0 0.234993 0.417907 0.016574 0.013123
0 0.706662 0.747530 0.015668 0.011570
0 0.713656 0.576545 0.021914 0.021250
0 0.747090 0.353706 0.020646 0.016259
0 0.225385 0.498789 0.014229 0.012248
1 0.635072 0.364819 0.041918 0.032655
0 0.615314 0.668825 0.012680 0.010392
0 0.318343 0.584685 0.016064 0.012323
0 0.594369 0.417657 0.012971 0.010565
0 0.816882 0.641399 0.013812 0.011211
0 0.329511 0.416852 0.013787 0.010866
0 0.179323 0.490788 0.018793 0.014708
0 0.515674 0.737870 0.013848 0.011199
0 0.476339 0.730599 0.014156 0.010193
0 0.264681 0.471258 0.012958 0.011896
0 0.628179 0.507560 0.014306 0.012695
0 0.649373 0.664788 0.013071 0.010441
0 0.551467 0.339018 0.014814 0.013171