0 0.361761 0.589992 0.014637 0.010430
0 0.184115 0.319901 0.014838 0.012420
0 0.408491 0.661396 0.014630 0.012589
0 0.224462 0.617965 0.013869 0.011688
0 0.323049 0.343247 0.012581 0.009768
0 0.528268 0.645277 0.015055 0.011067
0 0.613506 0.622364 0.016955 0.011632
0 0.603855 0.588183 0.010603 0.007046
0 0.421579 0.368161 0.013931 0.011530
0 0.611623 0.215516 0.015063 0.010612
0 0.273310 0.349133 0.013157 0.009570
0 0.560695 0.353197 0.010509 0.008753
0 0.222028 0.339273 0.013703 0.009425
0 0.405584 0.717378 0.017077 0.013850
0 0.255150 0.581909 0.017123 0.013371
0 0.761246 0.288856 0.016135 0.012950
0 0.530006 0.266968 0.012436 0.009219
0 0.094907 0.328068 0.014762 0.011948
0 0.505170 0.616499 0.013883 0.011216
0 0.354712 0.246190 0.015379 0.011906
0 0.559276 0.676431 0.015389 0.014195
0 0.727411 0.259477 0.015643 0.013884
0 0.470739 0.684442 0.014162 0.010316
0 0.285568 0.562714 0.013899 0.013247
0 0.458947 0.453569 0.011740 0.007678
0 0.491923 0.224721 0.019371 0.018078
0 0.494443 0.675302 0.014589 0.011979
0 0.772895 0.352669 0.013977 0.009817
0 0.495233 0.601348 0.011914 0.009639
0 0.530881 0.381555 0.014348 0.009989
0 0.684174 0.626026 0.014988 0.011767
0 0.274000 0.691963 0.014684 0.010822
0 0.478241 0.511477 0.015016 0.011770
0 0.612914 0.315821 0.015827 0.011844
0 0.589090 0.670112 0.011936 0.008252
0 0.119714 0.500692 0.010281 0.006726
0 0.426309 0.387143 0.012491 0.011646
0 0.588016 0.616604 0.013762 0.012554
0 0.529266 0.620546 0.012594 0.007042
0 0.607187 0.508607 0.010380 0.008146
0 0.406864 0.216826 0.015232 0.010611
0 0.454214 0.472868 0.010691 0.008967
0 0.436498 0.206271 0.014444 0.013221
0 0.551490 0.265049 0.013990 0.010435
0 0.596913 0.552546 0.013124 0.009677
0 0.501934 0.415089 0.013045 0.010210
0 0.530486 0.694350 0.015257 0.009895
0 0.337514 0.463582 0.013493 0.011538
0 0.703167 0.277382 0.017518 0.014050
0 0.377745 0.361907 0.014385 0.012486
0 0.535491 0.197911 0.012596 0.010172
0 0.760905 0.395777 0.012016 0.010054
0 0.415323 0.293143 0.013323 0.009545
0 0.432180 0.330669 0.016601 0.015237
0 0.205000 0.216352 0.017790 0.013664
0 0.358417 0.175256 0.010919 0.011000
0 0.275835 0.603400 0.012334 0.009310
0 0.400404 0.529509 0.011897 0.009172
0 0.528626 0.226326 0.012629 0.010990
0 0.502641 0.696428 0.014213 0.010140
0 0.586966 0.309784 0.013754 0.010973
0 0.153677 0.357931 0.010532 0.007985
0 0.318941 0.691761 0.014089 0.012651
0 0.627332 0.280771 0.012645 0.010117
0 0.244254 0.378799 0.016297 0.015632
0 0.233177 0.662304 0.013180 0.008594
0 0.680124 0.605945 0.013932 0.007119
0 0.235341 0.201343 0.017490 0.014115
0 0.316944 0.495364 0.011148 0.007954
0 0.370287 0.445480 0.011012 0.006646
0 0.587240 0.690752 0.012433 0.011243
0 0.068987 0.348401 0.022442 0.014043
0 0.371484 0.497273 0.017635 0.013510
0 0.478737 0.583908 0.012892 0.009060
0 0.674429 0.483675 0.012435 0.008740
0 0.321665 0.239774 0.014001 0.008672
0 0.087021 0.309327 0.017359 0.013977
0 0.684256 0.235825 0.016937 0.016039
0 0.371417 0.718018 0.013651 0.010019
0 0.503116 0.154309 0.010573 0.008081
0 0.654725 0.599095 0.016224 0.011920
0 0.476779 0.181823 0.010286 0.009026
0 0.661012 0.209323 0.014329 0.011327
0 0.535053 0.363204 0.014360 0.011191
0 0.553279 0.323655 0.013208 0.008453
0 0.286844 0.667584 0.012769 0.008527
0 0.379074 0.329379 0.012479 0.009087
0 0.643108 0.590864 0.010648 0.010054
0 0.437681 0.656717 0.020246 0.013874
0 0.111952 0.285174 0.017426 0.015491
0 0.632622 0.382207 0.012284 0.008351
0 0.594649 0.371926 0.013548 0.008095
0 0.057921 0.404129 0.014126 0.009910
0 0.590741 0.458674 0.012900 0.008111
0 0.345750 0.158441 0.011941 0.007847
0 0.553765 0.303362 0.016221 0.010134
0 0.663356 0.252291 0.017323 0.012840
0 0.528794 0.448973 0.011041 0.008307
0 0.104154 0.472044 0.011007 0.007615
0 0.632222 0.539728 0.015008 0.009712
0 0.051243 0.383516 0.012437 0.010851
0 0.500388 0.471461 0.012397 0.009559
0 0.634936 0.416636 0.012917 0.009042
0 0.569082 0.703756 0.015000 0.010736
0 0.430897 0.418968 0.018289 0.013380
0 0.179477 0.389099 0.011839 0.008986
0 0.357138 0.636325 0.011491 0.009517
0 0.361551 0.468830 0.012715 0.008887
0 0.062364 0.451409 0.014653 0.008662
0 0.378071 0.392169 0.012516 0.008462
0 0.365187 0.303873 0.015162 0.010493
0 0.408298 0.403606 0.013190 0.009304
0 0.637314 0.464832 0.009492 0.006927
0 0.583118 0.566495 0.009760 0.007816
0 0.620951 0.693141 0.015192 0.010471
0 0.555434 0.397964 0.011594 0.005507
0 0.378494 0.678156 0.014926 0.009386
0 0.758993 0.477495 0.011071 0.009508
0 0.766769 0.371803 0.011890 0.008309
0 0.571321 0.286265 0.012939 0.009406
0 0.352795 0.290587 0.012701 0.012852
0 0.430427 0.710178 0.016041 0.011556
0 0.102314 0.383366 0.011627 0.007435
0 0.211212 0.372472 0.013362 0.008399
0 0.512284 0.247796 0.013806 0.010007
0 0.076128 0.502960 0.011590 0.009175
0 0.337712 0.189592 0.008759 0.007643
0 0.353620 0.208410 0.009172 0.007323
0 0.319021 0.162741 0.012628 0.011323
0 0.555942 0.458001 0.011153 0.007207
0 0.505446 0.516473 0.012696 0.008266
0 0.257117 0.184276 0.012264 0.009486
0 0.629584 0.227934 0.015126 0.011191
0 0.500714 0.548625 0.010747 0.009221
0 0.526247 0.513518 0.012908 0.008588
0 0.297600 0.609648 0.011403 0.009228
0 0.710455 0.360172 0.010837 0.008056
0 0.520231 0.595426 0.010403 0.008866
0 0.754003 0.490603 0.011317 0.009316
0 0.620041 0.452619 0.011607 0.008801
0 0.572663 0.384147 0.011481 0.006926
0 0.793609 0.383474 0.012717 0.007904
0 0.699955 0.343396 0.010949 0.007176
0 0.424704 0.193284 0.017278 0.014647
0 0.645601 0.433127 0.012854 0.006217
0 0.387020 0.203575 0.012134 0.008401
0 0.389211 0.311337 0.010409 0.008005
0 0.356035 0.548579 0.008841 0.006830
0 0.385797 0.377522 0.011051 0.008292
0 0.196639 0.231204 0.014117 0.010619
0 0.269276 0.289714 0.017346 0.014492
0 0.325958 0.362963 0.011701 0.012741
0 0.520395 0.552704 0.010932 0.008177
0 0.595846 0.233248 0.015338 0.011792
0 0.300574 0.171320 0.011616 0.009908
0 0.396828 0.465676 0.014105 0.010873
0 0.363073 0.663285 0.012202 0.008581
0 0.639006 0.680440 0.012776 0.011433
0 0.288443 0.215639 0.017696 0.010723
0 0.552753 0.248296 0.011080 0.008893
0 0.578560 0.520729 0.012187 0.010376
0 0.569608 0.590574 0.009628 0.008325
0 0.588681 0.405735 0.011849 0.008275
0 0.452749 0.510815 0.011984 0.007737
0 0.072745 0.420579 0.011699 0.008663
0 0.247634 0.688870 0.014294 0.012630
0 0.474665 0.262641 0.017624 0.011624
0 0.573768 0.541964 0.013735 0.010520
0 0.214629 0.353150 0.013333 0.007641
0 0.379770 0.533631 0.011439 0.009379
0 0.461696 0.420229 0.016186 0.009649
0 0.292750 0.230898 0.019235 0.014419
0 0.535539 0.668121 0.016266 0.012032
0 0.616452 0.401453 0.013893 0.010342
0 0.609820 0.353120 0.010827 0.007048
0 0.217109 0.659597 0.013902 0.010132
0 0.375725 0.629447 0.011667 0.010449
0 0.540392 0.558456 0.012528 0.008850
0 0.578389 0.209554 0.014724 0.010915
0 0.487049 0.478380 0.010987 0.006970
0 0.696819 0.490656 0.012096 0.010656
0 0.286827 0.280693 0.014083 0.010130
0 0.582855 0.212151 0.016275 0.012104
0 0.365340 0.267731 0.012803 0.010732
0 0.714320 0.511107 0.011934 0.010358
0 0.083662 0.483073 0.013405 0.008358
0 0.393460 0.433825 0.012037 0.009302
0 0.271109 0.628740 0.009871 0.009168
0 0.648292 0.322641 0.009816 0.007358
0 0.310703 0.557133 0.012261 0.009489
0 0.540703 0.532705 0.012102 0.007206
0 0.261218 0.259714 0.008805 0.007544
0 0.504602 0.179803 0.010158 0.008948
0 0.407801 0.341180 0.016141 0.012919
0 0.223138 0.247402 0.015323 0.009363
0 0.571785 0.428503 0.010793 0.008268
0 0.528194 0.404102 0.012555 0.012367
0 0.413407 0.488605 0.013529 0.010242
0 0.666930 0.406158 0.012858 0.010190
0 0.211739 0.196977 0.013600 0.013825
0 0.319379 0.216406 0.012210 0.008255
0 0.414557 0.469369 0.012143 0.008111
0 0.497455 0.193964 0.009214 0.007614
0 0.380936 0.250787 0.013901 0.012878
0 0.661025 0.634143 0.016039 0.012977
0 0.329061 0.632472 0.015681 0.008275
0 0.257503 0.649984 0.011790 0.007841
0 0.270763 0.212305 0.013391 0.009976
0 0.639566 0.352087 0.008110 0.007309
0 0.573677 0.323562 0.012199 0.008449
0 0.506175 0.716475 0.015537 0.011160
0 0.394451 0.294516 0.010670 0.007402
0 0.311964 0.278376 0.012405 0.008052
0 0.358695 0.412786 0.008216 0.006214
0 0.344063 0.384768 0.010298 0.007209
0 0.795598 0.416655 0.017610 0.011422
0 0.470274 0.716491 0.015007 0.014648
0 0.314559 0.589264 0.012691 0.010407
0 0.121613 0.316486 0.016289 0.012180
0 0.628252 0.493620 0.010112 0.005946
0 0.719354 0.290277 0.016804 0.009479
0 0.091200 0.520577 0.012816 0.009806
0 0.621480 0.528042 0.008018 0.007602
0 0.371581 0.515535 0.012419 0.007953
0 0.460949 0.195321 0.010121 0.007211
0 0.376801 0.426208 0.011328 0.008071
0 0.262513 0.227637 0.016382 0.010048
0 0.703984 0.309740 0.009536 0.006200
0 0.379987 0.164478 0.012555 0.012054
0 0.352973 0.226180 0.016550 0.010639
0 0.688097 0.360197 0.009490 0.006008
0 0.324876 0.672172 0.012571 0.008818
0 0.324850 0.266388 0.015838 0.008992
0 0.650618 0.621514 0.015890 0.009062
0 0.718821 0.340871 0.010290 0.007101
0 0.427659 0.562372 0.011293 0.009109
0 0.470597 0.705742 0.015501 0.012555
0 0.579155 0.516213 0.009296 0.010532
0 0.154047 0.263134 0.011597 0.008708
0 0.583995 0.431501 0.010854 0.006589
0 0.507950 0.500593 0.015909 0.007732
0 0.525216 0.483422 0.014546 0.009281
0 0.344068 0.652224 0.017660 0.008265
0 0.073429 0.466710 0.012674 0.010834
0 0.126698 0.251150 0.016745 0.012270
0 0.306066 0.645028 0.010265 0.007086
0 0.643338 0.385315 0.012795 0.008973
0 0.314628 0.611844 0.010750 0.010032
0 0.428294 0.679238 0.012165 0.009515
0 0.164366 0.371799 0.013390 0.008532
0 0.478663 0.260739 0.014234 0.010686
0 0.670516 0.333419 0.011822 0.007786
0 0.426215 0.498532 0.016860 0.010238
0 0.536735 0.420006 0.007714 0.006496
0 0.327987 0.380567 0.009603 0.009841
0 0.546448 0.484939 0.013383 0.010741
0 0.650552 0.269064 0.013481 0.010460
0 0.799867 0.364053 0.012530 0.008534
0 0.588212 0.214934 0.017871 0.011670
0 0.633644 0.419626 0.015067 0.009472
0 0.517776 0.581111 0.011392 0.008129
0 0.130877 0.331842 0.009036 0.009785
0 0.626882 0.426105 0.009804 0.006631
0 0.329706 0.555691 0.011022 0.007002
0 0.277995 0.648674 0.012234 0.011137
0 0.647421 0.284126 0.012468 0.009140
0 0.803178 0.435730 0.012065 0.007086
0 0.667967 0.281753 0.011803 0.012576
0 0.280715 0.645893 0.014114 0.007718
0 0.349951 0.223318 0.021672 0.010378
0 0.695382 0.493387 0.017992 0.011031
0 0.498044 0.500117 0.013813 0.008482
0 0.591929 0.404284 0.011666 0.010665
0 0.526909 0.452726 0.011772 0.013310
0 0.135424 0.303300 0.008373 0.007239
0 0.218757 0.344761 0.013643 0.015219
0 0.309125 0.263528 0.011583 0.007943
0 0.532592 0.413492 0.011553 0.011754
0 0.374896 0.662707 0.018932 0.009258
0 0.363767 0.377912 0.012462 0.011318
0 0.587680 0.434599 0.009673 0.007240
0 0.608477 0.465702 0.012397 0.008813
0 0.489335 0.476479 0.016371 0.008084
0 0.542575 0.487417 0.022764 0.012861
0 0.588655 0.674774 0.013181 0.016389
0 0.276064 0.212243 0.021349 0.013057
0 0.134328 0.351412 0.010370 0.007722
0 0.126123 0.533561 0.010757 0.006670
0 0.473790 0.415710 0.011674 0.009636
0 0.689817 0.496895 0.012144 0.007972
0 0.291129 0.221149 0.018695 0.017629
0 0.384153 0.515026 0.012735 0.010780
0 0.380001 0.160086 0.010111 0.011427
0 0.615453 0.219401 0.018119 0.013646
0 0.510763 0.674102 0.022744 0.014006
0 0.652596 0.284203 0.014280 0.009190
0 0.781403 0.488218 0.014321 0.010801