0 0.810721 0.765956 0.016759 0.013305
0 0.652947 0.685757 0.015891 0.012022
0 0.727965 0.545340 0.017246 0.012891
0 0.769618 0.800298 0.017727 0.013403
0 0.483593 0.569170 0.018032 0.015294
0 0.772518 0.748794 0.021041 0.016500
0 0.371473 0.655795 0.018460 0.013896
0 0.565447 0.476707 0.015260 0.011721
0 0.675700 0.516443 0.017313 0.013350
0 0.347177 0.681529 0.013806 0.010351
0 0.574723 0.405911 0.015119 0.012496
0 0.535091 0.759534 0.016160 0.012601
0 0.499629 0.362115 0.015280 0.012108
0 0.778463 0.507647 0.015843 0.013344
0 0.596397 0.429041 0.019042 0.013542
0 0.334129 0.664615 0.016253 0.013824
0 0.648956 0.729013 0.016774 0.013913
0 0.526445 0.846034 0.021352 0.015600
0 0.312673 0.591751 0.013671 0.012067
0 0.844844 0.494595 0.016056 0.012842
0 0.344608 0.539131 0.014249 0.011576
0 0.550992 0.590553 0.011987 0.010155
0 0.557649 0.769055 0.015197 0.011710
0 0.244957 0.535397 0.013629 0.012814
0 0.476725 0.659896 0.015220 0.011856
0 0.872693 0.682302 0.014565 0.011339
0 0.716903 0.427386 0.019522 0.012522
0 0.575099 0.338496 0.013292 0.010819
1 0.559598 0.380482 0.046144 0.035611
0 0.751330 0.662825 0.016195 0.013363
0 0.632690 0.519003 0.015005 0.014413
0 0.705372 0.367747 0.014925 0.012131
0 0.744736 0.634041 0.015172 0.011719
0 0.894281 0.502605 0.014306 0.011107
0 0.891118 0.645142 0.012411 0.009726
0 0.352219 0.594478 0.016258 0.013430
0 0.440028 0.725360 0.015669 0.013535
0 0.818300 0.523596 0.018469 0.014422
0 0.520238 0.389329 0.013526 0.010717
0 0.475955 0.333906 0.025995 0.020850
0 0.397225 0.341148 0.018167 0.015496
0 0.616976 0.381165 0.014588 0.011941
0 0.434915 0.555421 0.015807 0.012777
0 0.481284 0.510133 0.016824 0.014299
0 0.564652 0.354963 0.014073 0.010234
0 0.502025 0.445619 0.015572 0.012568
0 0.243763 0.421620 0.016609 0.012917
0 0.479040 0.454428 0.015678 0.013843
0 0.374356 0.477042 0.015115 0.014787
0 0.549735 0.628476 0.013692 0.011365
0 0.283367 0.620414 0.014210 0.010503
0 0.727939 0.378216 0.015119 0.012483
0 0.426745 0.608274 0.024076 0.016132
0 0.289400 0.453454 0.013581 0.011636
0 0.336830 0.628970 0.015014 0.011436
0 0.811988 0.797152 0.013669 0.011060
0 0.543155 0.512832 0.019194 0.013916
0 0.633837 0.327582 0.015548 0.011471
0 0.779899 0.452178 0.013058 0.010881
0 0.447292 0.531303 0.019163 0.011586
0 0.300132 0.617609 0.014821 0.011057
0 0.823792 0.462569 0.013079 0.009695
0 0.419690 0.539081 0.013933 0.010922
0 0.274712 0.403901 0.014177 0.012773
0 0.635512 0.664749 0.014092 0.010662
0 0.436778 0.448990 0.014397 0.012457
0 0.819637 0.567148 0.027936 0.011719
0 0.799507 0.543380 0.011281 0.009422
0 0.907310 0.448215 0.016586 0.013469
0 0.834474 0.381658 0.016890 0.012157
1 0.807461 0.360064 0.032048 0.025138
0 0.853052 0.445278 0.011799 0.009631
0 0.623268 0.327579 0.016255 0.011875
0 0.539302 0.448175 0.023141 0.019481
0 0.434167 0.430952 0.016303 0.012933
0 0.918609 0.578285 0.012480 0.010326
0 0.515745 0.471127 0.016674 0.013801
1 0.693887 0.407155 0.034046 0.020495
0 0.227719 0.619521 0.013029 0.010866
0 0.502287 0.522165 0.014646 0.012437
0 0.566664 0.726396 0.014162 0.011253
0 0.794192 0.473196 0.015423 0.011962
0 0.552744 0.513598 0.021050 0.012486