0 0.289091 0.425298 0.019637 0.015548
0 0.396529 0.272693 0.019525 0.014738
0 0.508976 0.208517 0.019249 0.015474
0 0.617975 0.504658 0.021217 0.016668
0 0.425099 0.184620 0.017633 0.015831
0 0.330131 0.284195 0.019149 0.015154
0 0.595904 0.328804 0.021693 0.017360
0 0.581510 0.671744 0.024973 0.019719
0 0.616157 0.545662 0.019830 0.016907
0 0.166121 0.602441 0.015582 0.011664
0 0.543402 0.312603 0.019061 0.016050
1 0.726831 0.360495 0.045122 0.030915
0 0.465424 0.260892 0.018444 0.014773
0 0.626996 0.434446 0.019916 0.015435
1 0.760584 0.474685 0.041856 0.030756
0 0.228651 0.640078 0.017970 0.013521
0 0.616956 0.343334 0.020755 0.016350
0 0.243621 0.325106 0.025349 0.017687
0 0.137534 0.423691 0.016047 0.013098
0 0.336463 0.245079 0.019394 0.016633
0 0.266387 0.197688 0.016376 0.013259
0 0.461009 0.391016 0.021508 0.016536
0 0.157812 0.452011 0.022075 0.016636
0 0.528568 0.268502 0.016770 0.014213
0 0.649689 0.381869 0.020588 0.015632
0 0.736315 0.549854 0.016422 0.012912
0 0.607735 0.663812 0.020414 0.015346
0 0.148232 0.326113 0.015827 0.012539
0 0.381805 0.171266 0.017033 0.015529
0 0.480755 0.543102 0.015077 0.012174
0 0.504628 0.607780 0.019987 0.015204
0 0.300547 0.463282 0.016172 0.013900
0 0.332406 0.663137 0.020704 0.014802
0 0.237766 0.616797 0.015289 0.010872
0 0.373802 0.630330 0.033203 0.030440
0 0.362491 0.218115 0.017636 0.013358
0 0.699514 0.529239 0.015561 0.012554
0 0.331776 0.386238 0.020474 0.018481
0 0.108450 0.325606 0.017762 0.014011
0 0.475665 0.581909 0.015204 0.012676
0 0.398861 0.501386 0.015824 0.012513
0 0.704718 0.485084 0.015085 0.011623
0 0.141294 0.346609 0.014742 0.012415
0 0.274015 0.465813 0.017679 0.015029
0 0.498630 0.250940 0.024547 0.016321
0 0.618490 0.286890 0.019663 0.015689
0 0.401686 0.573364 0.015117 0.012074