0 0.490032 0.232421 0.016284 0.012867
0 0.360391 0.246851 0.016273 0.012677
0 0.609156 0.262425 0.016575 0.013200
0 0.391192 0.523344 0.017163 0.013363
0 0.197978 0.433064 0.015955 0.011941
0 0.499831 0.731577 0.018368 0.014118
0 0.464096 0.603900 0.016385 0.012339
0 0.400867 0.234764 0.019080 0.015009
0 0.531659 0.655335 0.016317 0.012288
0 0.542209 0.163496 0.016225 0.012896
0 0.180526 0.347174 0.021326 0.015851
0 0.824308 0.348257 0.020343 0.016190
0 0.261769 0.553228 0.018231 0.013110
0 0.571436 0.677870 0.015986 0.012025
0 0.746414 0.659530 0.018823 0.014610
0 0.647199 0.735297 0.020013 0.014138
0 0.527903 0.388529 0.016943 0.013153
0 0.239608 0.394329 0.018736 0.015458
0 0.275521 0.279479 0.016682 0.013076
0 0.225462 0.465650 0.014083 0.011590
0 0.845613 0.364277 0.018076 0.013927
0 0.525316 0.486167 0.017720 0.013586
0 0.672783 0.303057 0.019325 0.014343
0 0.279532 0.245872 0.017021 0.012851
0 0.896432 0.381809 0.017103 0.012860
0 0.615796 0.162314 0.016120 0.012446
0 0.435955 0.252868 0.022338 0.016379
0 0.284982 0.530340 0.020166 0.015017
0 0.495056 0.404334 0.019142 0.015417
0 0.851266 0.279490 0.017914 0.014800
0 0.349000 0.509167 0.023612 0.016448
0 0.207033 0.287713 0.018506 0.014273
0 0.656086 0.176464 0.017391 0.013770
0 0.625065 0.569745 0.014032 0.010692
0 0.596787 0.729075 0.023401 0.016350
0 0.739836 0.612259 0.017676 0.013383
0 0.681815 0.452260 0.014688 0.011812
0 0.704244 0.197365 0.018911 0.015424
0 0.598136 0.661977 0.016616 0.012176
0 0.461469 0.200880 0.018706 0.014128
0 0.569250 0.202934 0.017030 0.014988
0 0.552520 0.591591 0.015151 0.012608
0 0.435576 0.613386 0.017595 0.013609
0 0.389148 0.420233 0.021154 0.015835
0 0.574431 0.739460 0.017476 0.013523
0 0.705369 0.694421 0.017719 0.013597
0 0.752275 0.245310 0.018691 0.013912
0 0.724483 0.422005 0.019871 0.014439
0 0.534247 0.414548 0.015957 0.012064
0 0.419319 0.540284 0.019271 0.014441
0 0.711341 0.384832 0.016413 0.013507
0 0.577366 0.173067 0.013897 0.012875
0 0.536340 0.757163 0.023097 0.018586
0 0.888452 0.343380 0.019799 0.017778
0 0.775809 0.229945 0.022687 0.018836
0 0.703282 0.628294 0.015909 0.013108
0 0.227919 0.554251 0.013987 0.010508
0 0.373013 0.587556 0.017615 0.013229
0 0.476789 0.676963 0.018675 0.014420
0 0.457065 0.552417 0.015648 0.012710
0 0.763211 0.348563 0.018759 0.014646
0 0.486338 0.321824 0.021863 0.017972
0 0.328092 0.434360 0.025439 0.017494
0 0.173034 0.482086 0.014475 0.010972
0 0.317027 0.590243 0.014992 0.011746
0 0.575332 0.452882 0.017682 0.014318
0 0.853352 0.339983 0.015919 0.011611
0 0.609608 0.585972 0.019335 0.016427
0 0.537085 0.504293 0.015256 0.011544
0 0.156607 0.445811 0.015595 0.012932
0 0.673863 0.273045 0.021632 0.018515
0 0.705741 0.595530 0.014569 0.011588
0 0.470749 0.569311 0.014503 0.010871
0 0.240764 0.258724 0.018697 0.015708
0 0.774391 0.288802 0.014959 0.012533
0 0.578608 0.714577 0.017735 0.012120
1 0.844210 0.489014 0.052227 0.041644
0 0.657559 0.535946 0.012456 0.010049
0 0.424533 0.193431 0.025883 0.017050
0 0.301668 0.569880 0.019257 0.013927
0 0.761238 0.467526 0.025755 0.018262
0 0.517864 0.252890 0.013745 0.011640
0 0.339920 0.233079 0.013890 0.011512
0 0.252722 0.504203 0.013101 0.010304
0 0.248612 0.641662 0.016550 0.013752
0 0.416875 0.359022 0.015344 0.012893
0 0.439646 0.296140 0.020170 0.014786
0 0.413321 0.332034 0.025148 0.019066
0 0.517549 0.184178 0.015062 0.016027
0 0.266610 0.610597 0.017889 0.014953
0 0.797381 0.450014 0.014184 0.010814
0 0.606217 0.504412 0.023589 0.017947
0 0.839410 0.535585 0.016394 0.012152
0 0.386290 0.646985 0.017461 0.013949
0 0.412433 0.591838 0.011820 0.009498
0 0.218367 0.338420 0.016453 0.013703
0 0.366111 0.282152 0.013911 0.011467
0 0.628621 0.386463 0.018924 0.013267
0 0.592752 0.597275 0.015482 0.012159
0 0.787142 0.485933 0.017706 0.012876
0 0.194815 0.469652 0.014216 0.011049
0 0.700757 0.308843 0.018696 0.014617
0 0.250088 0.595144 0.015875 0.012534
0 0.325812 0.394800 0.015602 0.014331
0 0.439752 0.275734 0.017410 0.013999
0 0.583729 0.362679 0.018786 0.015577
0 0.476888 0.541479 0.019141 0.017205
0 0.714180 0.514612 0.018759 0.017083
0 0.448757 0.164508 0.013229 0.011653
0 0.678865 0.327537 0.014790 0.010661
0 0.752173 0.426663 0.020347 0.014151
0 0.532497 0.683250 0.021927 0.015656
0 0.374349 0.317308 0.012349 0.009920
0 0.479276 0.619526 0.013235 0.010046
0 0.804170 0.570067 0.016742 0.015266
0 0.460273 0.511410 0.016902 0.016763
0 0.466661 0.422560 0.014160 0.012023
0 0.283482 0.305963 0.013192 0.011166
0 0.716744 0.670487 0.017916 0.013357
0 0.587265 0.644645 0.011149 0.008642
0 0.252455 0.302560 0.012175 0.009401
0 0.623952 0.353020 0.028608 0.021535
0 0.399048 0.404370 0.015083 0.011146
0 0.711491 0.503879 0.017662 0.014112
0 0.386353 0.352112 0.015607 0.011574
0 0.554426 0.255243 0.013986 0.011562
0 0.554857 0.696951 0.017244 0.013667
0 0.221805 0.361974 0.012356 0.009789
0 0.708074 0.541296 0.014840 0.012585
0 0.339620 0.660290 0.012111 0.009351
0 0.521588 0.620339 0.010795 0.008527
0 0.220016 0.483254 0.012238 0.009258
0 0.665891 0.509408 0.017569 0.018675
0 0.257109 0.328190 0.013050 0.009362
0 0.886592 0.433360 0.014132 0.010376
0 0.837377 0.574970 0.014707 0.012206
0 0.933043 0.436925 0.014687 0.012053
0 0.642971 0.675804 0.022103 0.019889
0 0.722549 0.668476 0.025018 0.013093
0 0.587548 0.689968 0.013036 0.009422
0 0.299573 0.643902 0.018276 0.021213
0 0.454686 0.290822 0.019509 0.014810
0 0.383971 0.614850 0.011890 0.009339
0 0.617754 0.574568 0.019135 0.016793
0 0.196812 0.325638 0.017909 0.013752
0 0.162932 0.503725 0.018215 0.012363
0 0.587401 0.556839 0.012680 0.009466
0 0.306815 0.617179 0.012967 0.010632
0 0.625560 0.308966 0.015818 0.013521
0 0.796654 0.671288 0.013109 0.009322
0 0.411811 0.496360 0.011519 0.008437
0 0.716501 0.643078 0.015603 0.011275
0 0.899368 0.440880 0.012496 0.009287
0 0.335398 0.528881 0.012979 0.009559