0 0.433136 0.813623 0.015748 0.012246
0 0.675931 0.571660 0.014824 0.011284
0 0.531024 0.487874 0.016826 0.012911
1 0.338553 0.771207 0.049992 0.034084
0 0.671347 0.611969 0.014413 0.011622
1 0.643511 0.540133 0.048030 0.049888
0 0.664053 0.655590 0.014026 0.010811
0 0.565316 0.842550 0.015099 0.011857
0 0.387612 0.740260 0.014998 0.010932
0 0.748202 0.704315 0.012429 0.010070
0 0.312614 0.833485 0.017984 0.014052
0 0.680670 0.634178 0.013848 0.011285
0 0.693475 0.601750 0.013776 0.011683
0 0.283261 0.837074 0.014896 0.012510
0 0.503047 0.913512 0.016970 0.012315
0 0.765378 0.508323 0.013409 0.010951
0 0.594538 0.712461 0.014111 0.010824
0 0.637348 0.715062 0.014754 0.011336
0 0.736641 0.732112 0.013945 0.011937
0 0.307836 0.789594 0.012659 0.011210
0 0.794538 0.622963 0.014274 0.011888
0 0.368128 0.724784 0.014171 0.011050
0 0.798287 0.458019 0.013627 0.011419
0 0.486238 0.655576 0.013323 0.010312
0 0.487393 0.937282 0.021423 0.016973
0 0.586251 0.477406 0.021339 0.013670
0 0.430684 0.777884 0.014032 0.011959
0 0.262633 0.802631 0.019134 0.012616
0 0.819586 0.560998 0.012741 0.010366
0 0.823676 0.542702 0.013667 0.011005
0 0.637123 0.619098 0.013444 0.010261
0 0.284037 0.468941 0.017409 0.014477
0 0.682238 0.763150 0.015186 0.013731
0 0.467166 0.681703 0.014788 0.011805
0 0.484672 0.603284 0.014234 0.011895
0 0.844275 0.804033 0.014987 0.011540
0 0.587635 0.596815 0.013250 0.010887
0 0.244386 0.542385 0.015381 0.011727
0 0.534685 0.433042 0.014267 0.011508
0 0.235055 0.840255 0.013411 0.010320
0 0.688619 0.541492 0.013663 0.011810
0 0.692076 0.784746 0.013807 0.011105
0 0.641814 0.675034 0.014611 0.011375
0 0.782958 0.713202 0.012181 0.009535
0 0.428090 0.932077 0.021588 0.015362
0 0.282310 0.776389 0.015874 0.012773
0 0.511289 0.571551 0.014654 0.010665
0 0.871880 0.525877 0.015337 0.012650
0 0.495630 0.435414 0.016525 0.012584
0 0.861350 0.620653 0.012475 0.009601
0 0.890872 0.647270 0.012538 0.010620
0 0.329883 0.639690 0.017261 0.014663
0 0.616515 0.393950 0.015541 0.014639
0 0.177687 0.680321 0.013897 0.010567
0 0.881439 0.631441 0.012094 0.009439
0 0.635641 0.570081 0.013372 0.010241
0 0.199788 0.626025 0.013889 0.011960
0 0.365723 0.680631 0.014661 0.012689
0 0.659285 0.937649 0.018559 0.013376
0 0.527354 0.764645 0.012051 0.009704
0 0.626446 0.420752 0.012120 0.010550
0 0.368559 0.846465 0.015209 0.012340
0 0.794103 0.607501 0.011389 0.009543
0 0.552018 0.724951 0.013306 0.011531
0 0.748215 0.648734 0.017069 0.012940
0 0.822756 0.725625 0.014208 0.012591
0 0.566596 0.695559 0.015341 0.011396
0 0.582291 0.661313 0.013089 0.011162
0 0.563910 0.969956 0.024105 0.019173
0 0.914348 0.626200 0.014030 0.012437
0 0.545982 0.635683 0.014656 0.011246
0 0.844934 0.692718 0.011456 0.008902
1 0.713927 0.424597 0.044425 0.027852
1 0.420936 0.412242 0.032294 0.026924
0 0.447227 0.677382 0.014212 0.011586
0 0.348037 0.710753 0.014260 0.011484
0 0.622471 0.445111 0.014712 0.011717