1 0.766799 0.710288 0.160769 0.119618
0 0.512605 0.818565 0.016977 0.012709
0 0.573043 0.621426 0.011618 0.008996
0 0.639726 0.528749 0.013940 0.011244
0 0.640961 0.601745 0.012576 0.009658
0 0.279626 0.644220 0.011769 0.008826
0 0.290164 0.601583 0.013261 0.010250
0 0.388199 0.764982 0.012742 0.009651
0 0.605578 0.650951 0.012499 0.009305
0 0.492433 0.822455 0.017751 0.013324
0 0.746818 0.426577 0.013506 0.010283
0 0.352253 0.618195 0.012407 0.010199
0 0.407620 0.336046 0.015372 0.012658
0 0.473621 0.599383 0.012750 0.009904
1 0.342474 0.684093 0.050554 0.037637
0 0.794143 0.534028 0.011455 0.008887
0 0.502537 0.789927 0.013160 0.009945
0 0.478830 0.805228 0.018283 0.014583
0 0.359977 0.401611 0.017042 0.012851
0 0.792335 0.574497 0.011796 0.009634
0 0.568131 0.684749 0.010300 0.008785
0 0.785341 0.646488 0.012298 0.009224
0 0.346015 0.466685 0.015582 0.011855
0 0.311029 0.546504 0.013772 0.010612
1 0.750035 0.633540 0.047403 0.032424
0 0.457821 0.651250 0.011833 0.009741
0 0.388647 0.628214 0.012037 0.008943
0 0.740978 0.448561 0.012197 0.009640
0 0.743130 0.585423 0.012138 0.010344
0 0.514135 0.568915 0.013398 0.010235
0 0.550178 0.405320 0.014078 0.011682
0 0.499038 0.490014 0.016681 0.014018
0 0.395485 0.614593 0.012436 0.009962
0 0.731277 0.532945 0.014413 0.011042
0 0.600980 0.677270 0.010955 0.009688
0 0.555640 0.739906 0.010578 0.008152
0 0.826190 0.610379 0.011244 0.008276
0 0.329535 0.577752 0.014640 0.011390
0 0.549180 0.646708 0.012043 0.010162
0 0.281497 0.619509 0.011883 0.009570
0 0.669477 0.767075 0.012408 0.009168
0 0.389875 0.585799 0.017590 0.012504
0 0.727117 0.560560 0.012108 0.009421
0 0.570672 0.665952 0.010332 0.009158
0 0.209917 0.465110 0.013006 0.010351
0 0.473054 0.547905 0.013794 0.010728
0 0.660118 0.617145 0.010766 0.008361
0 0.566275 0.712808 0.011119 0.009109
0 0.624022 0.761675 0.012139 0.010043
0 0.763971 0.570677 0.012999 0.010015
0 0.318172 0.406592 0.014684 0.010274
0 0.405602 0.645237 0.011415 0.008115
0 0.754236 0.482109 0.011644 0.009096
0 0.301363 0.441597 0.013959 0.011651
0 0.323052 0.527029 0.013036 0.009978
0 0.657768 0.484928 0.015821 0.013199
0 0.703004 0.435132 0.014002 0.012549
0 0.307968 0.558398 0.011871 0.009628
0 0.381822 0.701964 0.011606 0.008853
0 0.789793 0.491914 0.011158 0.009288
0 0.638435 0.788880 0.014090 0.009951
0 0.810660 0.510321 0.011542 0.008757
0 0.690337 0.457057 0.013811 0.011958
0 0.702705 0.351718 0.015165 0.013271
0 0.677533 0.414637 0.012231 0.009669
0 0.621096 0.447275 0.014756 0.011696
0 0.714566 0.508305 0.013192 0.010449
0 0.511004 0.543766 0.014314 0.012706
0 0.612306 0.826353 0.020963 0.014557
0 0.577958 0.823406 0.019940 0.013827
0 0.429509 0.740009 0.012288 0.009567
0 0.281668 0.702982 0.011766 0.009042
0 0.366225 0.810233 0.015655 0.014030
0 0.292858 0.348615 0.015258 0.013454
0 0.805476 0.594588 0.014481 0.009841
0 0.258851 0.361744 0.014773 0.012482
0 0.396143 0.501157 0.013696 0.010586
0 0.695130 0.621764 0.012322 0.008642
0 0.427786 0.633775 0.010901 0.008657
0 0.315799 0.433416 0.013377 0.010532
0 0.409520 0.530686 0.016429 0.013713
0 0.659837 0.393283 0.013981 0.010468
0 0.717727 0.461174 0.012992 0.009828
0 0.336334 0.711959 0.011905 0.007430
0 0.668244 0.653577 0.010424 0.007790
0 0.669705 0.675567 0.012509 0.008845
0 0.621127 0.595050 0.011660 0.008835
0 0.459539 0.377463 0.012819 0.009739
0 0.654041 0.637693 0.012266 0.011856
0 0.615682 0.330844 0.016419 0.013595
0 0.418135 0.605410 0.012018 0.011313
0 0.246810 0.538416 0.014476 0.011825
0 0.535943 0.332792 0.015888 0.015128
0 0.333679 0.609526 0.010540 0.008856
0 0.491638 0.381457 0.016690 0.013371
0 0.212290 0.638365 0.012283 0.009784
0 0.243703 0.628242 0.013783 0.012159
0 0.361545 0.529526 0.012477 0.009237
0 0.312392 0.327592 0.013860 0.011148
0 0.748466 0.341496 0.013192 0.011226
0 0.625694 0.747664 0.011540 0.009422
0 0.361366 0.639897 0.013710 0.010302
0 0.817876 0.635552 0.012366 0.008917
0 0.324529 0.368334 0.014185 0.010922
0 0.509475 0.589480 0.012527 0.010671
0 0.457642 0.399774 0.015908 0.011428
0 0.558732 0.321880 0.011533 0.010138
0 0.308438 0.741130 0.012574 0.010036
0 0.583801 0.765734 0.012970 0.011094
0 0.613650 0.621848 0.014525 0.010179
0 0.881831 0.479627 0.013929 0.010486
0 0.368225 0.653831 0.010442 0.007739
0 0.639600 0.667333 0.013185 0.010066
0 0.431671 0.760482 0.011054 0.008510
0 0.487211 0.624890 0.012639 0.010036
0 0.648120 0.569630 0.011879 0.011290
0 0.441728 0.793285 0.012431 0.010872
0 0.635850 0.691673 0.012533 0.009944
0 0.705840 0.564847 0.014945 0.010856
0 0.757591 0.536466 0.013673 0.009841
0 0.409223 0.477510 0.015075 0.014230
0 0.794012 0.425466 0.012935 0.011298
0 0.457322 0.540829 0.013377 0.009955
0 0.715585 0.606567 0.011418 0.012031
0 0.471392 0.784053 0.013942 0.010642
0 0.762322 0.609709 0.012319 0.008941
0 0.454795 0.564261 0.012711 0.011380
0 0.585616 0.583473 0.016820 0.011783
0 0.566645 0.435360 0.014813 0.015639
0 0.812404 0.672305 0.013422 0.009990
0 0.601046 0.694528 0.009960 0.008549
0 0.622178 0.410251 0.015050 0.011404
0 0.554925 0.566677 0.017629 0.012387
0 0.721588 0.782842 0.013005 0.009706
0 0.520704 0.627514 0.013808 0.012713
0 0.656284 0.364209 0.014945 0.012273
0 0.605170 0.347272 0.013224 0.009885
0 0.688032 0.744292 0.014828 0.010950
0 0.616706 0.511401 0.014066 0.009912
0 0.607681 0.624964 0.017859 0.011417
0 0.593432 0.386142 0.013452 0.010277
0 0.797444 0.463568 0.013210 0.010860
0 0.777158 0.365546 0.016163 0.012269
0 0.415269 0.688133 0.012575 0.008735
0 0.189192 0.528387 0.012367 0.009556
0 0.855182 0.554690 0.011775 0.008782
0 0.282416 0.541971 0.011406 0.009393
0 0.500749 0.756219 0.012604 0.009361
0 0.525613 0.724857 0.010788 0.009079
0 0.810618 0.441434 0.011233 0.009134
0 0.420265 0.585888 0.012418 0.010648
0 0.515055 0.516727 0.012838 0.010180
0 0.430723 0.647273 0.011547 0.009435
0 0.659609 0.424674 0.018099 0.012529
0 0.786691 0.616091 0.012660 0.009286
0 0.773389 0.515902 0.018571 0.012014
0 0.275412 0.760263 0.014316 0.010666
0 0.497743 0.333672 0.016327 0.012330
0 0.660957 0.710993 0.010951 0.007945
0 0.329967 0.390508 0.012959 0.010559
0 0.370898 0.724425 0.011002 0.008813
0 0.380766 0.421419 0.014583 0.010281
0 0.640391 0.460806 0.015310 0.013994
0 0.697116 0.399500 0.011656 0.008882
0 0.590978 0.451072 0.017102 0.013073
0 0.375153 0.372071 0.017547 0.017133
0 0.290051 0.506570 0.020890 0.012358
0 0.304740 0.717928 0.012753 0.010792
0 0.617003 0.545639 0.018992 0.010538
0 0.804726 0.555156 0.012612 0.010417
0 0.675647 0.801234 0.013544 0.010129
0 0.281259 0.672453 0.013529 0.010319
0 0.560552 0.534655 0.014369 0.011024
0 0.674146 0.581874 0.012076 0.009578
0 0.540248 0.696195 0.012465 0.008861
0 0.545589 0.840346 0.019520 0.013425
0 0.848817 0.456079 0.014249 0.010392
0 0.399871 0.670193 0.013691 0.010157
0 0.716181 0.323623 0.013288 0.014494
0 0.396611 0.721024 0.009950 0.008768
0 0.290604 0.735272 0.013305 0.009866
0 0.815808 0.467178 0.012161 0.009598
0 0.272238 0.445370 0.013667 0.011858
0 0.595354 0.506099 0.017086 0.009250
0 0.501542 0.457820 0.015416 0.010457
0 0.451067 0.628078 0.011170 0.011184
0 0.719618 0.361668 0.010662 0.009185
0 0.293724 0.395334 0.013535 0.011351
0 0.603871 0.423061 0.014441 0.011033
0 0.502118 0.694601 0.010599 0.009355
0 0.804370 0.551253 0.011457 0.010238
0 0.592046 0.314620 0.011257 0.010174
0 0.635854 0.491627 0.017759 0.012535
0 0.474244 0.685999 0.013810 0.010713
0 0.703764 0.776042 0.013041 0.010801
0 0.353390 0.346226 0.021253 0.013054
0 0.561227 0.499547 0.013806 0.012300
0 0.525640 0.507114 0.019161 0.010144
0 0.204664 0.493341 0.013983 0.010838
0 0.564287 0.374239 0.014356 0.012004
0 0.331777 0.769409 0.016982 0.011053
0 0.512151 0.705733 0.010465 0.009589
0 0.223975 0.442264 0.014524 0.013412
0 0.429386 0.361897 0.016110 0.012480
0 0.449445 0.619894 0.011137 0.012980
0 0.419095 0.660080 0.010789 0.008442
0 0.869190 0.445506 0.014162 0.012167
0 0.477599 0.363791 0.014571 0.010975
0 0.716590 0.402026 0.013949 0.009007
0 0.433896 0.410235 0.016687 0.011880
0 0.401671 0.551200 0.017261 0.011464
0 0.589961 0.416266 0.013991 0.011571
0 0.325971 0.350467 0.013495 0.011136
0 0.616895 0.569087 0.013770 0.008735
0 0.548532 0.659163 0.010915 0.010040
0 0.676834 0.520486 0.017943 0.010816
0 0.582228 0.565124 0.013404 0.010074
0 0.369543 0.675935 0.011417 0.009088
0 0.534132 0.602050 0.012668 0.009590
0 0.485527 0.571655 0.013055 0.012217
0 0.868061 0.429365 0.015320 0.013526
0 0.380457 0.524452 0.011457 0.011603
0 0.404878 0.453352 0.013857 0.011162
0 0.682569 0.633393 0.010284 0.009302
0 0.622064 0.690006 0.013779 0.009537
0 0.829116 0.669924 0.010887 0.008483