1 0.229706 0.579390 0.082663 0.041892
0 0.592976 0.489370 0.017099 0.012744
0 0.069233 0.608904 0.018627 0.014011
0 0.544031 0.492759 0.014955 0.011419
0 0.723019 0.466165 0.017278 0.013396
0 0.098608 0.620097 0.017749 0.013055
0 0.409674 0.490604 0.018586 0.014404
0 0.339509 0.456424 0.015020 0.011730
0 0.491455 0.392813 0.017894 0.014349
0 0.695307 0.490241 0.018283 0.013799
0 0.301898 0.431167 0.019938 0.014275
0 0.614494 0.804758 0.017534 0.012776
0 0.542662 0.410524 0.018647 0.015219
0 0.382096 0.355835 0.018741 0.015862
0 0.330550 0.830488 0.025312 0.016124
0 0.266312 0.544670 0.013266 0.010623
0 0.427216 0.517264 0.015881 0.011320
0 0.219203 0.542224 0.018935 0.013866
0 0.506737 0.418469 0.015881 0.012032
0 0.450340 0.558168 0.019568 0.015996
0 0.337352 0.793361 0.019497 0.014703
0 0.369396 0.400799 0.016364 0.012158
0 0.623376 0.629930 0.021734 0.016879
0 0.659802 0.574605 0.021971 0.017332
0 0.468021 0.317517 0.014102 0.011492
0 0.691142 0.369020 0.018892 0.014804
0 0.514116 0.461842 0.017332 0.013320
0 0.768736 0.452226 0.018889 0.014461
0 0.688366 0.421444 0.020656 0.015308
0 0.672656 0.767788 0.019873 0.014715
0 0.428468 0.590501 0.025173 0.019311
0 0.248928 0.807690 0.016794 0.012266
0 0.510122 0.506794 0.018613 0.014643
0 0.656922 0.359538 0.017331 0.013599
0 0.317377 0.474601 0.014998 0.010524
0 0.546576 0.335652 0.018316 0.013756
0 0.474915 0.371675 0.016553 0.012611
0 0.387263 0.560029 0.017141 0.012459
0 0.344486 0.746510 0.019681 0.014274
0 0.232212 0.827166 0.019252 0.013717
0 0.515318 0.331471 0.013861 0.012336
1 0.738705 0.524365 0.059460 0.038644
0 0.532250 0.576191 0.018190 0.015063
0 0.252061 0.789698 0.017543 0.012718
0 0.316296 0.555047 0.016290 0.011907
0 0.405354 0.442550 0.018640 0.013631
0 0.409370 0.543452 0.014064 0.011336
0 0.572675 0.563642 0.014014 0.010341
0 0.457776 0.635891 0.018378 0.014957
0 0.368782 0.547517 0.014289 0.012405
0 0.382592 0.768763 0.016247 0.012731
0 0.298882 0.844476 0.016574 0.011499
0 0.683442 0.566315 0.017366 0.012368
0 0.149342 0.656474 0.017289 0.012956
0 0.543869 0.385466 0.017099 0.012254
0 0.308542 0.569637 0.016906 0.013919
0 0.493056 0.544169 0.013213 0.009811
0 0.777059 0.430111 0.022804 0.016396
0 0.411960 0.329370 0.018394 0.012400
0 0.333308 0.531703 0.017109 0.011626
0 0.542806 0.776268 0.016333 0.012450
0 0.405284 0.301286 0.015671 0.012141
0 0.457391 0.387806 0.017728 0.015707
0 0.482673 0.522385 0.019337 0.014691
0 0.589335 0.455421 0.018691 0.014832
0 0.541012 0.455227 0.017693 0.017140
0 0.369320 0.593275 0.016386 0.011778
0 0.475973 0.485611 0.013693 0.011547
0 0.543933 0.659835 0.023401 0.017355
0 0.711764 0.782098 0.018059 0.014148
0 0.325896 0.502367 0.017376 0.012134
1 0.251959 0.493880 0.048209 0.044090
0 0.727202 0.428844 0.017679 0.011816
0 0.512705 0.752860 0.018909 0.016037
0 0.692808 0.632157 0.027865 0.021047
0 0.314399 0.505592 0.017837 0.010813
0 0.536361 0.429916 0.015330 0.010782
0 0.386743 0.323211 0.015082 0.010846
0 0.345375 0.521368 0.013954 0.011425
0 0.387524 0.525196 0.017252 0.012560
0 0.485832 0.340511 0.013093 0.010265
0 0.570078 0.818695 0.029499 0.021029
0 0.520166 0.806976 0.023398 0.017768
0 0.497014 0.480872 0.015199 0.011446
0 0.119522 0.615719 0.015698 0.010949
0 0.479078 0.857495 0.029205 0.020598
0 0.525376 0.386943 0.016608 0.012077
0 0.495374 0.611282 0.014729 0.012241
0 0.796407 0.487418 0.017702 0.014554
0 0.339492 0.580609 0.017884 0.013323
0 0.354367 0.576585 0.016939 0.013109
0 0.317894 0.784581 0.015870 0.011534
0 0.578015 0.813017 0.032393 0.022922
0 0.346473 0.579214 0.024981 0.013656
0 0.395500 0.518738 0.018130 0.013798
0 0.587302 0.443244 0.017264 0.012691
0 0.454613 0.333519 0.012955 0.010372
0 0.495497 0.450364 0.022707 0.011680
0 0.798699 0.458010 0.018388 0.014167
0 0.052536 0.587084 0.015751 0.011540
0 0.305277 0.332748 0.021702 0.020602
0 0.645455 0.590405 0.018712 0.013193
0 0.101965 0.577825 0.013357 0.011976
0 0.150609 0.689693 0.017887 0.013644
0 0.309230 0.455302 0.013229 0.010175
0 0.085295 0.635913 0.014510 0.010943
0 0.322950 0.669087 0.014636 0.011757
0 0.488525 0.840897 0.021371 0.017156
0 0.407807 0.419097 0.013466 0.012027
0 0.340773 0.830381 0.029083 0.015861
1 0.479005 0.732335 0.032206 0.027448