0 0.741998 0.432046 0.024789 0.019688
1 0.950859 0.603312 0.061532 0.051814
0 0.558300 0.183666 0.021293 0.016892
0 0.497057 0.117289 0.018694 0.015406
0 0.742564 0.215153 0.017403 0.015204
0 0.433233 0.323777 0.022794 0.019213
0 0.797924 0.260643 0.019810 0.016245
1 0.620304 0.928526 0.062907 0.053124
0 0.707603 0.632821 0.021388 0.017285
0 0.848560 0.375704 0.021587 0.017611
0 0.688818 0.584276 0.021837 0.017678
0 0.408500 0.096075 0.020588 0.018851
0 0.423126 0.393218 0.026209 0.022744
0 0.780464 0.541682 0.023881 0.019295
0 0.839093 0.708414 0.020446 0.017193
0 0.543475 0.363468 0.023652 0.019467
0 0.727870 0.305818 0.018790 0.015793
0 0.776772 0.468987 0.022942 0.019782
0 0.864859 0.343311 0.019522 0.016906
0 0.642336 0.784979 0.024203 0.020066
0 0.496383 0.508628 0.026288 0.020907
0 0.072639 0.609988 0.030598 0.030229
0 0.742430 0.252186 0.017319 0.014627
0 0.492678 0.269383 0.036604 0.027158
1 0.378620 0.021560 0.053662 0.036758
0 0.679929 0.961562 0.020831 0.016188
0 0.623498 0.338444 0.021463 0.017853
0 0.247958 0.269767 0.025383 0.019719
0 0.646225 0.517517 0.022586 0.017898
0 0.865857 0.476280 0.024236 0.018767
0 0.655849 0.344283 0.022545 0.018038
0 0.029390 0.452724 0.022903 0.018145
0 0.681239 0.293076 0.019193 0.016473
0 0.205549 0.713906 0.022890 0.020216
0 0.655858 0.977768 0.024453 0.018365
0 0.300973 0.244562 0.021205 0.017894
0 0.759779 0.770510 0.020021 0.016839
0 0.756633 0.635701 0.023990 0.019100
0 0.770800 0.911602 0.022236 0.014806
0 0.398280 0.469301 0.030272 0.024365
0 0.135125 0.355932 0.028264 0.021637
0 0.467131 0.752155 0.024084 0.031267
0 0.253919 0.430384 0.021056 0.015870
0 0.606479 0.463091 0.024753 0.023472
0 0.711494 0.355564 0.021146 0.016118
0 0.196230 0.627442 0.020877 0.017171
0 0.459695 0.212486 0.019249 0.015221
0 0.096238 0.421252 0.021910 0.017909
0 0.243462 0.340524 0.024376 0.020897
0 0.014270 0.208962 0.020575 0.017884
0 0.856798 0.736048 0.018502 0.018094
0 0.797826 0.941122 0.018819 0.019026
0 0.590012 0.686887 0.026596 0.021347
0 0.786499 0.911028 0.019723 0.013943
0 0.916042 0.438393 0.023045 0.019993
0 0.797759 0.957135 0.020631 0.022276