0 0.430612 0.429570 0.025668 0.019462
0 0.276194 0.703285 0.024446 0.019779
0 0.127528 0.297495 0.024205 0.017590
0 0.274561 0.354137 0.021803 0.018744
0 0.494970 0.308439 0.025782 0.018438
0 0.438551 0.362236 0.023470 0.019187
0 0.571336 0.340598 0.024250 0.019593
0 0.159855 0.656482 0.025803 0.019658
0 0.445254 0.709626 0.026477 0.019144
0 0.142020 0.615442 0.025619 0.020623
0 0.361585 0.365254 0.021622 0.018098
0 0.495088 0.276621 0.024505 0.020945
0 0.530611 0.392578 0.023265 0.018435
0 0.171023 0.438760 0.020993 0.015585
0 0.514487 0.722524 0.022054 0.016155
0 0.478181 0.334427 0.024693 0.016416
0 0.339371 0.438738 0.020608 0.015008
0 0.577200 0.625231 0.025444 0.017101
0 0.535828 0.704303 0.019590 0.015760
0 0.225781 0.593209 0.020062 0.015638
0 0.565938 0.297093 0.023036 0.017069
0 0.244639 0.236027 0.017951 0.016542
0 0.585195 0.564277 0.025136 0.021745
0 0.305504 0.645639 0.022859 0.019189
0 0.461401 0.574142 0.021122 0.018306
0 0.613148 0.359566 0.021327 0.014828
0 0.389034 0.324977 0.021220 0.014948
0 0.301732 0.295869 0.016718 0.013685
0 0.583476 0.383710 0.022050 0.016643
0 0.268159 0.634679 0.020240 0.015369
0 0.370694 0.478229 0.019598 0.018005
0 0.264449 0.605104 0.019920 0.016313
0 0.433598 0.621334 0.015083 0.011362
0 0.241153 0.616455 0.022521 0.015880
0 0.579203 0.645274 0.021191 0.014326
0 0.423468 0.597811 0.018536 0.016278
0 0.238286 0.387705 0.013229 0.011160
0 0.079716 0.337024 0.023753 0.018263
0 0.383339 0.505756 0.020163 0.016137
0 0.705471 0.420174 0.018900 0.014491
0 0.635781 0.328848 0.019769 0.014064
0 0.141677 0.457117 0.033143 0.018031
0 0.176775 0.545871 0.024406 0.016946
0 0.695980 0.451965 0.025465 0.017501
0 0.109773 0.436600 0.020977 0.015108
0 0.051288 0.368709 0.021937 0.014292
0 0.046845 0.630113 0.018723 0.014591
0 0.340771 0.236197 0.017696 0.014342
0 0.580752 0.704522 0.018665 0.011278
0 0.273208 0.488002 0.020485 0.017403
0 0.132103 0.454640 0.022347 0.017493
0 0.203261 0.341668 0.022652 0.017006
0 0.261615 0.547583 0.017394 0.013138
0 0.513304 0.429120 0.014586 0.010575
0 0.246743 0.481547 0.019375 0.015675
0 0.444790 0.501585 0.021479 0.015961
0 0.045636 0.545661 0.016281 0.012849
0 0.553214 0.714365 0.017785 0.012754
0 0.471006 0.246831 0.025409 0.017172
0 0.101361 0.478985 0.019801 0.015784
0 0.271464 0.662871 0.021516 0.018789
0 0.316827 0.482394 0.019735 0.014853
0 0.268944 0.669534 0.020229 0.019246
0 0.340216 0.269357 0.021961 0.018723
0 0.381531 0.610754 0.030002 0.020410
0 0.125647 0.699653 0.017801 0.013791
0 0.035779 0.584290 0.012570 0.011123
0 0.618118 0.505351 0.015008 0.009819
0 0.375082 0.782136 0.020085 0.013698
0 0.470832 0.751291 0.015267 0.009976
0 0.504137 0.677947 0.016465 0.012356
0 0.426006 0.761540 0.028101 0.019544
0 0.463783 0.584747 0.015521 0.015425