0 0.661242 0.783997 0.022797 0.016524
0 0.289307 0.922001 0.026627 0.018907
0 0.234188 0.693753 0.017853 0.014301
0 0.272845 0.975848 0.029262 0.021079
0 0.726016 0.771451 0.033745 0.020693
0 0.231876 0.828405 0.028028 0.020673
0 0.367623 0.860042 0.023486 0.018355
1 0.460252 0.802127 0.049832 0.037870
0 0.554582 0.600801 0.023169 0.019360
0 0.419067 0.723833 0.017675 0.013841
0 0.423415 0.555059 0.025121 0.018552
0 0.279973 0.729452 0.018724 0.013587
0 0.370282 0.932726 0.027277 0.018288
0 0.308843 0.630797 0.026854 0.019021
0 0.315817 0.596472 0.037461 0.023696
0 0.241904 0.775079 0.023378 0.018414
0 0.585647 0.930343 0.024310 0.018366
0 0.519534 0.623117 0.017306 0.013363
0 0.709826 0.526282 0.018909 0.015073
0 0.583422 0.759442 0.018398 0.014581
0 0.368042 0.771930 0.035392 0.020060
1 0.532560 0.890731 0.040870 0.034475
0 0.632671 0.807854 0.019626 0.014523
0 0.580201 0.868260 0.029454 0.021290
0 0.599136 0.815329 0.016390 0.013531
1 0.616611 0.840012 0.039657 0.029284
0 0.687541 0.699901 0.031706 0.023867
1 0.646018 0.909598 0.039581 0.034400
0 0.391084 0.726689 0.016153 0.013311
0 0.758435 0.642275 0.022266 0.018078
0 0.569935 0.907526 0.026716 0.021298
0 0.568636 0.503947 0.013678 0.010875
0 0.376942 0.579619 0.014528 0.010798
0 0.322514 0.566875 0.015981 0.012447
0 0.555394 0.766208 0.022500 0.017070
0 0.448335 0.595958 0.023138 0.026932
0 0.742326 0.621663 0.017230 0.015322
0 0.424407 0.536378 0.015546 0.013107
0 0.775731 0.575769 0.018084 0.015889
0 0.451794 0.602967 0.018262 0.016905
0 0.417110 0.578257 0.031001 0.018170
0 0.452642 0.868147 0.035037 0.025598
0 0.246705 0.982778 0.021550 0.015610
1 0.550481 0.737470 0.044283 0.028684
1 0.282768 0.523098 0.056361 0.028684