0 0.462883 0.812051 0.018169 0.013560
0 0.663766 0.474368 0.017623 0.012730
0 0.610321 0.583447 0.016881 0.012760
0 0.316301 0.458796 0.020185 0.015121
0 0.224289 0.600973 0.015463 0.011585
0 0.311320 0.720989 0.017864 0.014099
0 0.226367 0.541029 0.017288 0.013042
0 0.346122 0.668452 0.016845 0.012161
0 0.714123 0.783991 0.017484 0.013310
0 0.604791 0.898022 0.019021 0.014180
0 0.585145 0.492143 0.016180 0.012466
0 0.633106 0.868022 0.019500 0.014721
0 0.440554 0.846905 0.019288 0.014929
0 0.471594 0.898113 0.021885 0.016537
0 0.575365 0.822446 0.017210 0.012870
0 0.445073 0.547370 0.017001 0.012691
0 0.586122 0.788515 0.017098 0.012437
0 0.729162 0.707728 0.018967 0.013726
0 0.340739 0.555646 0.017252 0.013192
0 0.679432 0.621188 0.017452 0.013663
0 0.649030 0.755507 0.016824 0.012754
0 0.325118 0.649217 0.015902 0.012794
0 0.239534 0.453936 0.018781 0.014646
0 0.244530 0.709341 0.018739 0.014679
0 0.677386 0.827184 0.018301 0.013420
0 0.592840 0.875351 0.017228 0.013882
0 0.584861 0.392077 0.015537 0.012996
0 0.527796 0.879069 0.021318 0.015655
0 0.418268 0.584557 0.018269 0.014121
0 0.601586 0.543869 0.015173 0.011428
0 0.781452 0.593187 0.020364 0.014410
0 0.564182 0.854624 0.018206 0.013725
0 0.503094 0.506861 0.018593 0.013568
0 0.452510 0.597163 0.017139 0.013281
0 0.619235 0.724615 0.016234 0.012385
0 0.708977 0.454428 0.017114 0.013149
0 0.678099 0.425859 0.017406 0.013507
0 0.517368 0.665680 0.017114 0.013443
0 0.590501 0.423643 0.017298 0.013641
0 0.249397 0.614103 0.014957 0.011476
0 0.496934 0.579609 0.015879 0.011717
0 0.376988 0.688913 0.015725 0.012619
0 0.496003 0.716041 0.019268 0.013903
0 0.252467 0.550375 0.016579 0.011509
0 0.372476 0.807873 0.019564 0.014391
0 0.410592 0.606981 0.017300 0.012977
0 0.378087 0.774009 0.018223 0.013962
0 0.261477 0.586324 0.016888 0.014684
0 0.553790 0.654925 0.015480 0.012495
0 0.538286 0.855814 0.018546 0.013322
0 0.800756 0.766686 0.017297 0.013238
0 0.369656 0.618143 0.016245 0.012422
0 0.797841 0.731038 0.019017 0.015182
0 0.820843 0.677577 0.019906 0.015549
0 0.651542 0.568901 0.019644 0.015501
0 0.392399 0.839682 0.021460 0.017302
0 0.755902 0.717317 0.018426 0.014349
0 0.647082 0.537827 0.016444 0.012479
0 0.645815 0.514779 0.017572 0.013443
0 0.257799 0.517118 0.015791 0.011565
0 0.730945 0.437257 0.020632 0.014522
0 0.475994 0.564511 0.021751 0.015355
0 0.614204 0.460155 0.014165 0.011978
0 0.393721 0.381848 0.019159 0.015473
0 0.204656 0.500456 0.017071 0.013118
0 0.497020 0.543057 0.023604 0.017543
0 0.499429 0.913082 0.020744 0.016395
0 0.851029 0.682070 0.016721 0.012626
0 0.578064 0.747900 0.017641 0.012760
0 0.278361 0.731600 0.016809 0.012585
0 0.655057 0.446982 0.014387 0.010151
0 0.631429 0.705575 0.016568 0.012958
0 0.280064 0.536043 0.014965 0.010640
1 0.583431 0.628401 0.046397 0.031037
0 0.603145 0.521614 0.015831 0.013128
0 0.649188 0.645021 0.013700 0.011946
0 0.558308 0.407347 0.015348 0.012494
0 0.603655 0.652220 0.014333 0.010917
0 0.313594 0.682499 0.015130 0.012074
0 0.275985 0.747343 0.016963 0.013460
0 0.778735 0.654677 0.015946 0.011677
0 0.407569 0.763288 0.013808 0.012566
0 0.514683 0.817714 0.020447 0.013871
0 0.842085 0.563579 0.014270 0.011263
0 0.704631 0.613841 0.014049 0.010334
0 0.574808 0.593033 0.013185 0.010599
0 0.709017 0.495097 0.017888 0.014681
0 0.331732 0.604132 0.016098 0.012362
0 0.442475 0.726417 0.014942 0.013071
0 0.725543 0.799599 0.017626 0.012095
0 0.537891 0.664256 0.016404 0.012567
0 0.731010 0.731193 0.015328 0.011134
0 0.212142 0.676212 0.016974 0.013324
0 0.671392 0.856037 0.019634 0.013496
0 0.296858 0.598124 0.016596 0.011890
0 0.857871 0.610297 0.018412 0.013184
0 0.560693 0.920244 0.020718 0.021639
0 0.549305 0.609641 0.016278 0.014176
0 0.776407 0.632864 0.014510 0.011756
0 0.536462 0.618734 0.014921 0.010736
0 0.630595 0.414637 0.023173 0.017079
0 0.754685 0.657932 0.014575 0.010370
0 0.531485 0.452126 0.019354 0.019812
0 0.172960 0.480595 0.017583 0.012417
0 0.740110 0.412858 0.016807 0.013382
0 0.476411 0.650895 0.012447 0.010406
0 0.268814 0.488601 0.024904 0.020743
0 0.681105 0.692610 0.012706 0.010353
0 0.597449 0.924925 0.018635 0.014106
0 0.386288 0.822091 0.018187 0.013577
0 0.652630 0.421909 0.018183 0.013476
0 0.479549 0.468286 0.020852 0.017695
0 0.750355 0.474487 0.016790 0.014048
0 0.520564 0.529077 0.020371 0.013781
0 0.210132 0.658783 0.015068 0.012047
0 0.207670 0.565255 0.013205 0.010541
0 0.298026 0.520988 0.017392 0.016113
0 0.606273 0.701446 0.017028 0.018162
0 0.803830 0.667459 0.017383 0.012532
0 0.180236 0.610436 0.013590 0.010856
0 0.610082 0.828507 0.014222 0.010734
0 0.797531 0.441770 0.015331 0.012790
0 0.819159 0.532167 0.021340 0.014273
0 0.823071 0.536192 0.018037 0.014188
0 0.770810 0.736156 0.017252 0.013553
0 0.499638 0.479690 0.015414 0.011572
0 0.283844 0.653535 0.013518 0.010319
0 0.810368 0.653432 0.016516 0.013122
0 0.733191 0.496467 0.017118 0.013028
0 0.294562 0.560787 0.013039 0.009654
0 0.562600 0.907881 0.016765 0.014462
0 0.149889 0.478300 0.017125 0.012640
0 0.874878 0.589766 0.022267 0.015872
0 0.365842 0.788276 0.017157 0.011857
0 0.329156 0.418997 0.014800 0.012374
0 0.637382 0.410781 0.021465 0.017116
0 0.806175 0.662808 0.017840 0.017052
0 0.246504 0.634248 0.011183 0.009187
0 0.256650 0.687245 0.013873 0.010125
0 0.243555 0.777754 0.020113 0.012998
0 0.200364 0.698025 0.017520 0.012598
0 0.739125 0.797398 0.019724 0.012366
0 0.371482 0.345183 0.019774 0.015367
0 0.524601 0.547228 0.021995 0.015173
0 0.545306 0.659456 0.022535 0.018294
0 0.618233 0.384550 0.016144 0.012244
0 0.747020 0.514284 0.015063 0.010562