0 0.290258 0.658456 0.015558 0.012363
0 0.410842 0.601238 0.014336 0.011198
0 0.357414 0.379817 0.015885 0.012438
0 0.200287 0.365749 0.016374 0.013685
0 0.484875 0.379342 0.013021 0.010321
1 0.490320 0.622326 0.053447 0.038588
0 0.436905 0.558922 0.014475 0.011439
0 0.369321 0.539246 0.013829 0.010205
0 0.439317 0.656080 0.019133 0.017600
1 0.728092 0.689164 0.047273 0.041628
1 0.454576 0.678874 0.049749 0.039213
0 0.675898 0.421689 0.016175 0.012707
1 0.758098 0.443211 0.050442 0.043849
0 0.508336 0.398248 0.012826 0.010214
0 0.411680 0.642306 0.013375 0.010366
0 0.524907 0.688065 0.011843 0.009606
0 0.576865 0.675931 0.018379 0.013829
0 0.148203 0.397621 0.021272 0.016434
0 0.428825 0.629469 0.012222 0.009668
0 0.308017 0.531457 0.017921 0.014463
1 0.160838 0.702609 0.048993 0.039327
0 0.210133 0.634158 0.018548 0.015079
0 0.226843 0.492196 0.020869 0.015443
1 0.313574 0.394204 0.048159 0.036913
0 0.430208 0.514901 0.015503 0.012043
0 0.530599 0.645921 0.012062 0.009027
1 0.358923 0.802419 0.055017 0.049259
0 0.559408 0.417483 0.018044 0.015242
0 0.486892 0.312543 0.012212 0.010533
0 0.512842 0.508546 0.019153 0.016166
0 0.178043 0.452857 0.021427 0.015364
0 0.630989 0.415513 0.019989 0.015665
0 0.633000 0.333028 0.018930 0.014620
0 0.250501 0.550274 0.017387 0.014153
0 0.335306 0.428045 0.014819 0.011409
0 0.240100 0.669513 0.013972 0.010857
0 0.699932 0.457296 0.014426 0.011614
0 0.589748 0.515594 0.012566 0.010324
1 0.680851 0.360294 0.060448 0.045734
0 0.379908 0.571599 0.013872 0.010104
0 0.268173 0.341900 0.016205 0.013964
0 0.667608 0.650068 0.014792 0.011516
1 0.342346 0.717811 0.036547 0.028069
0 0.338208 0.448986 0.020696 0.016657
1 0.403422 0.420804 0.043851 0.036884
0 0.397559 0.499506 0.018373 0.017092
0 0.654634 0.558569 0.015488 0.013448
0 0.438303 0.532498 0.014467 0.010567
0 0.431997 0.380714 0.014801 0.011954
0 0.664270 0.671755 0.013235 0.010134
0 0.579209 0.309465 0.019357 0.013877
0 0.083768 0.467136 0.020716 0.016855
0 0.460555 0.733871 0.010827 0.009288
0 0.215126 0.431856 0.012655 0.010935
0 0.665668 0.503440 0.014299 0.010614
0 0.237945 0.617302 0.024020 0.017121
1 0.285336 0.602729 0.058434 0.038408
1 0.477909 0.492016 0.043003 0.032374
0 0.472682 0.405033 0.013216 0.010778
1 0.447228 0.313461 0.053678 0.040184
0 0.508182 0.706361 0.011736 0.009088
1 0.261143 0.759172 0.044005 0.032857
0 0.626479 0.747058 0.012965 0.010425
0 0.664847 0.466690 0.013935 0.011371
0 0.593069 0.475443 0.015787 0.015716
0 0.569142 0.751989 0.017515 0.012250
1 0.534462 0.842755 0.061731 0.041798
0 0.406667 0.468506 0.024236 0.014108
0 0.561637 0.339800 0.018627 0.016741
0 0.733413 0.483661 0.014182 0.012256
0 0.544639 0.557395 0.010730 0.009583
0 0.164561 0.477643 0.014660 0.011944
0 0.671832 0.446456 0.016036 0.011066
0 0.664459 0.401174 0.013428 0.011961
1 0.195879 0.798453 0.046476 0.037904
0 0.652451 0.583887 0.013329 0.010215
0 0.309537 0.718965 0.017181 0.014087
1 0.787596 0.713860 0.021471 0.030864
1 0.419015 0.865498 0.046520 0.028180