0 0.241490 0.388396 0.016067 0.012702
0 0.624126 0.626109 0.013991 0.010786
0 0.296926 0.472209 0.016767 0.012872
0 0.058766 0.362885 0.016130 0.013145
0 0.195963 0.719772 0.016691 0.012201
0 0.109937 0.594074 0.013867 0.011812
0 0.240597 0.330038 0.018828 0.015466
1 0.024343 0.584760 0.047626 0.033680
0 0.576631 0.513077 0.015036 0.012256
0 0.455529 0.588425 0.019878 0.013492
0 0.489216 0.416263 0.018568 0.013053
0 0.676700 0.535776 0.013221 0.009891
1 0.285248 0.370731 0.046609 0.031091
0 0.212133 0.384164 0.019821 0.017933
0 0.248340 0.668712 0.016375 0.012231
0 0.141005 0.380120 0.014109 0.011707
0 0.559099 0.545214 0.014257 0.011479
0 0.568546 0.609790 0.014767 0.012501
0 0.665536 0.569566 0.013486 0.010389
0 0.466770 0.482636 0.015140 0.012630
0 0.050148 0.519583 0.012985 0.010471
0 0.036584 0.610377 0.016188 0.011285
0 0.645217 0.596757 0.014433 0.012885
0 0.231708 0.433319 0.013402 0.010442
0 0.324034 0.420136 0.021166 0.015301
0 0.458506 0.295377 0.018655 0.013878
0 0.219497 0.417382 0.020397 0.013561
0 0.516892 0.732046 0.016494 0.012397
0 0.125059 0.368543 0.012235 0.010500
0 0.573010 0.712061 0.019246 0.014482
0 0.421561 0.391201 0.017507 0.014332
0 0.240270 0.598248 0.014208 0.014238
0 0.309442 0.720954 0.016990 0.013289
1 0.678526 0.645542 0.038354 0.030484
0 0.557866 0.733174 0.015965 0.010722
0 0.599235 0.491739 0.014652 0.012083
0 0.595344 0.535417 0.015370 0.012816
0 0.404881 0.351111 0.016864 0.015662
0 0.196945 0.610704 0.013286 0.010241