0 0.142068 0.779484 0.020382 0.015329
0 0.186907 0.758992 0.018061 0.016150
0 0.331857 0.515517 0.014429 0.012878
0 0.312554 0.821864 0.017096 0.012729
0 0.694197 0.685881 0.014179 0.012165
0 0.654979 0.808680 0.016622 0.013761
0 0.362685 0.816137 0.017318 0.013396
0 0.707576 0.767467 0.013343 0.010953
0 0.255504 0.579716 0.015434 0.011954
0 0.115569 0.520853 0.016525 0.012320
0 0.197800 0.708959 0.018244 0.013784
0 0.065050 0.731007 0.019546 0.016015
0 0.205269 0.579658 0.015788 0.012371
0 0.361459 0.572925 0.013935 0.011031
0 0.125021 0.684825 0.014923 0.012728
0 0.058831 0.625725 0.014139 0.013798
0 0.659868 0.447011 0.013040 0.011439
0 0.429615 0.759247 0.017087 0.012485
0 0.539266 0.584929 0.015327 0.012281
0 0.240222 0.679485 0.017442 0.012423
0 0.534890 0.528448 0.023272 0.017067
0 0.760333 0.714417 0.014207 0.010363
0 0.584769 0.565042 0.013862 0.009761
0 0.415329 0.528491 0.015616 0.011764
0 0.321069 0.583923 0.014928 0.010143
0 0.226429 0.849718 0.022078 0.014821
0 0.408292 0.562737 0.016759 0.011155
0 0.352559 0.655244 0.015523 0.011666
0 0.603151 0.704117 0.014460 0.010682
0 0.595692 0.646330 0.013458 0.008996
0 0.651581 0.745359 0.016769 0.012267
0 0.116345 0.635455 0.016231 0.013935
0 0.312343 0.528731 0.014193 0.010565
0 0.227638 0.545776 0.018402 0.016435
0 0.184770 0.677018 0.017334 0.012858
0 0.379981 0.551921 0.015161 0.011995
0 0.556115 0.553433 0.012886 0.009517
0 0.100128 0.741246 0.019845 0.016542
0 0.627868 0.684631 0.016625 0.012608
0 0.214974 0.509922 0.015880 0.012777
0 0.357418 0.510753 0.014609 0.010807
0 0.442163 0.524354 0.013705 0.010580
0 0.125970 0.488593 0.013456 0.013758
0 0.157396 0.519865 0.014439 0.011758
0 0.593392 0.459320 0.013295 0.010535
0 0.195374 0.534896 0.016921 0.013877
0 0.588152 0.593517 0.012794 0.010613
0 0.319364 0.661886 0.015579 0.013058
0 0.098578 0.655909 0.017623 0.014573
0 0.623836 0.443907 0.016467 0.011312
0 0.485796 0.670102 0.016383 0.013104
0 0.488516 0.912279 0.022514 0.015397
0 0.566891 0.793956 0.016840 0.013372
0 0.484320 0.526587 0.014081 0.011527
0 0.404501 0.632955 0.012076 0.008773
0 0.514041 0.499176 0.014488 0.010912
0 0.632828 0.768269 0.017324 0.012365
0 0.481195 0.801509 0.014720 0.010628
0 0.204659 0.666197 0.015352 0.013320
0 0.278546 0.649782 0.015733 0.010886
0 0.498641 0.608932 0.018589 0.015561
0 0.229096 0.798411 0.024398 0.016508
0 0.593990 0.665973 0.014710 0.009847
0 0.116029 0.577545 0.012566 0.008911
0 0.454624 0.886435 0.015970 0.012846
0 0.513921 0.416028 0.012770 0.008351
0 0.620654 0.720950 0.014816 0.010328
0 0.351199 0.848601 0.014658 0.011987
0 0.762649 0.526123 0.010691 0.009912
0 0.395269 0.390882 0.010270 0.007139
0 0.665211 0.775341 0.015131 0.011065
0 0.463105 0.689918 0.013833 0.011266
0 0.527952 0.660365 0.011678 0.008060
0 0.236148 0.498368 0.009482 0.008355
0 0.558244 0.440477 0.013610 0.012418
0 0.477317 0.506045 0.017941 0.010164
0 0.157287 0.562120 0.013363 0.010344
0 0.704489 0.500869 0.017835 0.012084
0 0.484896 0.478111 0.011912 0.008904
0 0.487115 0.637716 0.017949 0.011773
0 0.775258 0.678904 0.012006 0.009165
0 0.738194 0.671366 0.011000 0.009278
0 0.129921 0.853889 0.015472 0.009820
0 0.585829 0.624040 0.012775 0.008418
0 0.456409 0.451604 0.029847 0.019864
0 0.491956 0.761884 0.013182 0.010211
0 0.245757 0.933672 0.018231 0.012409
0 0.628985 0.517709 0.013440 0.011691
0 0.412893 0.870702 0.016561 0.013732
0 0.657112 0.628434 0.016350 0.011990
0 0.767241 0.563717 0.015183 0.008270
0 0.165201 0.538239 0.015764 0.012434
0 0.469276 0.891689 0.016275 0.012444
0 0.330480 0.808376 0.014877 0.012975
0 0.407545 0.450975 0.013967 0.007985
0 0.251111 0.457296 0.009523 0.009209
0 0.526968 0.476058 0.018932 0.012794
0 0.739888 0.647608 0.010903 0.009238
0 0.408008 0.365449 0.013469 0.007678
0 0.094996 0.653027 0.015818 0.012790
0 0.304861 0.562229 0.012821 0.008357
0 0.767130 0.695799 0.014503 0.007931
0 0.454485 0.733290 0.010115 0.009699
0 0.239759 0.801382 0.026970 0.016541
0 0.363042 0.388907 0.009331 0.008630
0 0.362958 0.434753 0.021620 0.017564
0 0.465219 0.847153 0.017143 0.015283
0 0.280410 0.509448 0.015475 0.013310
0 0.300239 0.651362 0.016767 0.013196
0 0.372330 0.479045 0.037020 0.022758
0 0.483695 0.675694 0.016530 0.017048
0 0.342911 0.718762 0.016805 0.015319
0 0.409494 0.852646 0.015195 0.012691
0 0.624584 0.561800 0.017053 0.011595
0 0.152655 0.626278 0.012085 0.012698
0 0.790843 0.703537 0.011153 0.009735
0 0.421766 0.489898 0.013053 0.007969
0 0.471902 0.589749 0.011842 0.009348
0 0.493725 0.746728 0.013653 0.011802
0 0.464476 0.454473 0.024263 0.021373
0 0.594069 0.651037 0.013313 0.017184
0 0.267464 0.887240 0.016080 0.013791
0 0.630988 0.568991 0.015846 0.012982
0 0.591378 0.546754 0.016883 0.008102
0 0.357781 0.371246 0.023171 0.012035
0 0.585909 0.510454 0.017469 0.012327
0 0.719158 0.728644 0.009575 0.008717
1 0.309077 0.863263 0.037559 0.034038
1 0.424883 0.937793 0.050078 0.032864
1 0.485915 0.955399 0.043818 0.051643
1 0.630673 0.869131 0.057903 0.048122
1 0.671362 0.889085 0.045383 0.031690
1 0.683099 0.848592 0.028169 0.032864
1 0.671362 0.558685 0.042254 0.044601
1 0.726135 0.599178 0.045383 0.029343
1 0.549296 0.622066 0.032864 0.035211
1 0.454617 0.403169 0.037559 0.022300
1 0.454617 0.371479 0.056338 0.026995
1 0.265258 0.520540 0.046948 0.038732
1 0.356025 0.614437 0.059468 0.036385