0 0.542890 0.347920 0.014997 0.015907
0 0.610198 0.539915 0.017304 0.018007
0 0.203638 0.466051 0.018173 0.018370
0 0.275708 0.593946 0.015074 0.015196
0 0.589823 0.377096 0.016909 0.016635
0 0.555015 0.430465 0.017733 0.018535
0 0.293106 0.468727 0.016159 0.017178
0 0.154478 0.990950 0.019273 0.018100
0 0.028888 0.483123 0.017974 0.017187
1 0.111213 0.283417 0.062747 0.080621
1 0.281792 0.386975 0.046856 0.049364
0 0.286916 0.503075 0.014870 0.015404
0 0.209735 0.923515 0.017746 0.018781
0 0.587735 0.423154 0.016798 0.017998
0 0.297430 0.716110 0.014782 0.015145
0 0.240704 0.597433 0.016560 0.015731
0 0.675304 0.578355 0.017052 0.017552
0 0.266110 0.527111 0.019056 0.016591
0 0.024825 0.560683 0.016374 0.017106
0 0.405321 0.145598 0.014087 0.015268
0 0.562466 0.639481 0.015523 0.016798
0 0.636792 0.757740 0.015864 0.016565
0 0.200475 0.372348 0.015890 0.016833
0 0.581241 0.457960 0.017300 0.017611
0 0.382016 0.836822 0.016800 0.017664
0 0.536855 0.252194 0.015716 0.016396
0 0.680948 0.488303 0.019496 0.018645
0 0.259400 0.317797 0.016363 0.017294
0 0.431618 0.524656 0.013878 0.014822
0 0.157788 0.234763 0.015637 0.016348
1 0.595116 0.810199 0.087454 0.122922
0 0.744998 0.474728 0.015594 0.015734
0 0.163501 0.686369 0.018847 0.016823
0 0.288593 0.772533 0.014986 0.015751
1 0.586757 0.787525 0.056005 0.056413
0 0.519201 0.572466 0.014487 0.016490
0 0.817285 0.513104 0.016549 0.016361
0 0.076793 0.406539 0.017139 0.018088
0 0.368414 0.297049 0.017065 0.018307
0 0.723665 0.365050 0.019157 0.018553
0 0.257990 0.578693 0.018681 0.017713
0 0.010797 0.632071 0.016040 0.016601
0 0.745080 0.331332 0.017744 0.017675
0 0.469571 0.250730 0.015550 0.019355
0 0.518070 0.387792 0.014407 0.016201
0 0.453449 0.310919 0.017568 0.018496
0 0.665288 0.486396 0.018684 0.018235
0 0.472097 0.599025 0.015021 0.015943
0 0.506554 0.680239 0.015198 0.016592
0 0.316658 0.415943 0.018058 0.019278
0 0.437073 0.733913 0.017101 0.018190
0 0.668792 0.299074 0.013662 0.016237
1 0.009489 0.685420 0.018977 0.040765
0 0.228441 0.154224 0.017282 0.017805
0 0.227298 0.344022 0.016331 0.016737
0 0.314391 0.091211 0.016915 0.016523
0 0.643934 0.570480 0.017952 0.018987
0 0.496623 0.160080 0.013807 0.016056
0 0.553240 0.268589 0.016596 0.016470
0 0.217767 0.639304 0.017797 0.017817
0 0.600464 0.254417 0.018765 0.022397
0 0.493882 0.275503 0.016596 0.017375
0 0.591976 0.925094 0.015193 0.017001
0 0.347836 0.294049 0.020183 0.018141
0 0.519862 0.326164 0.014393 0.016000
1 0.605945 0.826433 0.065325 0.068912
0 0.411706 0.656463 0.017736 0.017231
0 0.380246 0.472355 0.016746 0.020091
0 0.414420 0.168250 0.015314 0.015772
0 0.065726 0.687836 0.017484 0.020714
0 0.559731 0.613716 0.014566 0.016216
0 0.458930 0.748503 0.015487 0.016421
0 0.567599 0.577089 0.012656 0.013697
0 0.198823 0.327380 0.018207 0.019448
0 0.484940 0.886357 0.014167 0.016001
0 0.248270 0.258299 0.016275 0.015991
0 0.049207 0.242936 0.016190 0.017154
0 0.437387 0.172175 0.013987 0.015465
0 0.799678 0.574582 0.017010 0.017049
0 0.633452 0.391580 0.013406 0.014659
0 0.256854 0.126183 0.016711 0.018507
0 0.128931 0.577624 0.015671 0.015749