0 0.734648 0.633629 0.020026 0.014957
0 0.690645 0.463954 0.021436 0.015778
0 0.158404 0.653551 0.016424 0.012741
0 0.758915 0.489648 0.020969 0.014586
0 0.181502 0.591299 0.016157 0.013267
0 0.209574 0.554199 0.015612 0.012512
0 0.587444 0.472288 0.017184 0.015053
0 0.638758 0.578879 0.015365 0.011634
0 0.572972 0.594165 0.017626 0.013286
0 0.105536 0.608034 0.013808 0.012035
0 0.543436 0.654629 0.015273 0.012007
0 0.393915 0.850912 0.017477 0.012821
0 0.448312 0.670766 0.017143 0.012253
0 0.356461 0.868475 0.019349 0.014358
0 0.671705 0.853135 0.018141 0.013623
0 0.313169 0.803172 0.016068 0.013560
0 0.360073 0.469563 0.016465 0.011998
0 0.586824 0.744304 0.015788 0.012106
0 0.184535 0.741078 0.015834 0.012384
0 0.126102 0.678324 0.015496 0.010830
0 0.395433 0.402687 0.016582 0.011701
0 0.395366 0.464115 0.015566 0.012894
0 0.353480 0.753297 0.015462 0.011068
0 0.413961 0.422193 0.015658 0.012446
0 0.439798 0.601431 0.014938 0.010366
0 0.321935 0.829867 0.016550 0.012164
0 0.357517 0.545135 0.014959 0.010833
0 0.529819 0.604087 0.019064 0.015642
0 0.420814 0.368787 0.010794 0.009362
0 0.318365 0.595304 0.015657 0.010912
0 0.428689 0.846411 0.015637 0.010584
0 0.417084 0.757061 0.015376 0.011748
0 0.615783 0.525941 0.015225 0.010695
0 0.456847 0.360043 0.011388 0.006912
0 0.569074 0.831331 0.022374 0.017210
0 0.504104 0.308344 0.012635 0.009269
0 0.129170 0.561079 0.014770 0.012050
0 0.610302 0.645528 0.021525 0.015834
0 0.386539 0.601995 0.014423 0.008969
0 0.167734 0.514524 0.014097 0.009324
0 0.747940 0.577919 0.014260 0.012256
0 0.421877 0.659854 0.013614 0.010624
0 0.346839 0.773576 0.016612 0.010415
0 0.384659 0.439964 0.018917 0.013093
0 0.359553 0.577575 0.017562 0.011795
0 0.182484 0.498015 0.013106 0.010924
0 0.567644 0.716564 0.016695 0.012251
0 0.508792 0.390165 0.020351 0.018362
0 0.543882 0.748137 0.017054 0.013310
0 0.355576 0.722743 0.011007 0.008189
0 0.348638 0.508406 0.015710 0.009544
0 0.161189 0.716173 0.012018 0.009228
0 0.554936 0.348979 0.019301 0.016038
0 0.520021 0.699446 0.015219 0.011723
0 0.557147 0.559528 0.011452 0.008662
0 0.311354 0.503618 0.015621 0.012000
0 0.477378 0.346455 0.012345 0.009680
0 0.454813 0.314641 0.012381 0.010274
0 0.228478 0.676495 0.013639 0.010395
0 0.546011 0.722502 0.014767 0.012529
0 0.338333 0.577019 0.018708 0.011914
0 0.597215 0.335153 0.017363 0.013603
0 0.107323 0.480273 0.013064 0.014199
0 0.338891 0.815290 0.014171 0.009690
0 0.471208 0.528977 0.016467 0.011220
0 0.630412 0.616398 0.012935 0.008623
0 0.439435 0.473441 0.015656 0.014060
0 0.636706 0.502743 0.014249 0.012733
0 0.469633 0.681574 0.012067 0.007577
0 0.575371 0.797110 0.023084 0.017257
0 0.107691 0.657567 0.014115 0.009833
0 0.464141 0.400192 0.020680 0.016256
0 0.670515 0.684749 0.018615 0.014736
0 0.166184 0.771396 0.020829 0.012545
0 0.572685 0.405730 0.014665 0.011526
0 0.356416 0.486637 0.014343 0.010285
0 0.661683 0.376202 0.012837 0.011441
0 0.441416 0.869286 0.021443 0.017980
0 0.354262 0.329592 0.013268 0.009510
0 0.480992 0.584857 0.014107 0.009527
0 0.556415 0.681194 0.016626 0.010291
0 0.755044 0.522697 0.010482 0.009043
0 0.603416 0.846961 0.014274 0.010389
0 0.528723 0.317856 0.010499 0.010399
0 0.394767 0.771121 0.017089 0.011435
0 0.381908 0.769685 0.014458 0.010024
0 0.706370 0.590232 0.016864 0.012479
0 0.624513 0.416429 0.014096 0.010549
0 0.665495 0.689821 0.016495 0.014709
0 0.248241 0.619887 0.015397 0.012084
0 0.525334 0.353262 0.014068 0.009698
0 0.520114 0.371506 0.016853 0.010794
0 0.333798 0.371095 0.010992 0.008324
0 0.553375 0.578864 0.012385 0.008129
0 0.465390 0.731869 0.014192 0.011304
0 0.360081 0.475195 0.017049 0.018517
0 0.322741 0.895286 0.016371 0.008845
0 0.390481 0.310899 0.011384 0.009990
0 0.246473 0.611339 0.014353 0.012864
0 0.336403 0.791911 0.012519 0.009696
0 0.236464 0.498214 0.017148 0.014164
0 0.702703 0.761072 0.017801 0.015001
0 0.512993 0.719958 0.013726 0.013431
0 0.337180 0.597815 0.015380 0.010559
0 0.459902 0.449630 0.019426 0.013158
0 0.431362 0.889514 0.020407 0.014116
0 0.603592 0.805657 0.014949 0.010917
0 0.639010 0.510134 0.016850 0.015510
0 0.595439 0.859677 0.017722 0.013485
0 0.330591 0.515927 0.011878 0.008189
0 0.587787 0.818237 0.017582 0.012946
0 0.780557 0.570967 0.009278 0.007390
1 0.154147 0.448944 0.065728 0.031690
1 0.401408 0.333333 0.068858 0.037559
1 0.427230 0.553404 0.054773 0.036385
1 0.339593 0.654930 0.107981 0.053991