0 0.444870 0.496020 0.018939 0.014929
0 0.582080 0.360827 0.018210 0.013968
0 0.507694 0.562207 0.018122 0.014053
0 0.480407 0.684211 0.021057 0.016164
0 0.352662 0.495497 0.016677 0.014729
0 0.596528 0.609256 0.018199 0.013602
0 0.645950 0.703118 0.022652 0.017687
0 0.360279 0.612364 0.017399 0.013374
0 0.659395 0.409827 0.018522 0.014098
0 0.691546 0.430290 0.018446 0.014438
0 0.455180 0.451711 0.016534 0.012632
0 0.494558 0.727794 0.026992 0.020033
0 0.456570 0.404156 0.018768 0.014531
0 0.497932 0.278356 0.017272 0.013341
0 0.473409 0.350283 0.018835 0.014261
0 0.454268 0.546086 0.017144 0.013546
0 0.608987 0.492223 0.019495 0.014836
0 0.523311 0.479598 0.016817 0.013346
0 0.449310 0.585480 0.014636 0.011055
0 0.271602 0.642748 0.019796 0.015549
0 0.429844 0.629722 0.020527 0.014740
0 0.483153 0.595145 0.016415 0.013135
0 0.316742 0.635681 0.017522 0.013893
0 0.464531 0.717097 0.024344 0.018394
0 0.323887 0.499472 0.016769 0.013971
1 0.683698 0.322209 0.047433 0.035689
0 0.472401 0.324353 0.018341 0.013080
0 0.783517 0.526698 0.017628 0.013766
0 0.678354 0.671914 0.019103 0.013951
0 0.305824 0.664195 0.019301 0.014300
0 0.740817 0.356670 0.016079 0.013104
1 0.336310 0.369369 0.039862 0.029470
0 0.417644 0.372189 0.019588 0.013827
0 0.561398 0.210080 0.016974 0.013056
0 0.572559 0.460770 0.018913 0.015081
0 0.722610 0.481926 0.016768 0.013552
0 0.707966 0.545172 0.018980 0.014328
0 0.583228 0.295013 0.017069 0.014536
0 0.203639 0.520665 0.015594 0.012249
0 0.151490 0.496088 0.016769 0.013535
0 0.551379 0.589936 0.016998 0.013723
0 0.515665 0.407261 0.016116 0.013005
0 0.617962 0.389118 0.017593 0.013491
0 0.334974 0.594575 0.016976 0.013229
0 0.325748 0.722380 0.016982 0.012551
0 0.261426 0.433653 0.015758 0.013286
0 0.555878 0.456136 0.017281 0.013587
0 0.475872 0.487614 0.014008 0.011465
0 0.166019 0.532235 0.015347 0.012540
0 0.551832 0.767407 0.023060 0.017331
0 0.624360 0.360582 0.019715 0.016481
0 0.814127 0.457047 0.016232 0.012834
0 0.516986 0.240824 0.013165 0.011094
0 0.833297 0.539410 0.016444 0.013568
0 0.355163 0.284936 0.016705 0.014061
0 0.591648 0.230284 0.013586 0.012172
0 0.799217 0.549561 0.016196 0.012881
0 0.208776 0.450822 0.014055 0.011124
0 0.639885 0.395030 0.016851 0.014048
0 0.278339 0.427371 0.014845 0.013177
0 0.364319 0.570450 0.018396 0.014349
0 0.642973 0.449136 0.020713 0.015034
0 0.173621 0.546724 0.014546 0.011973
0 0.159299 0.394218 0.016226 0.013534
0 0.511321 0.313023 0.013281 0.011550
0 0.749774 0.623403 0.015992 0.012502
0 0.183867 0.470492 0.014877 0.011060