0 0.638245 0.508285 0.019721 0.015545
0 0.583949 0.401679 0.018207 0.014220
0 0.300528 0.471821 0.017929 0.014791
0 0.510432 0.480568 0.023361 0.016760
0 0.399560 0.642165 0.018184 0.015466
0 0.144530 0.522539 0.015514 0.012030
0 0.731187 0.627840 0.016018 0.011791
0 0.522123 0.406120 0.020455 0.016333
0 0.718565 0.424278 0.014739 0.012136
0 0.556996 0.619824 0.022872 0.018757
0 0.439087 0.481228 0.024082 0.016623
1 0.503485 0.824725 0.055737 0.045236
0 0.680525 0.357617 0.015800 0.012348
0 0.726240 0.682762 0.016360 0.012348
0 0.312169 0.334108 0.030299 0.021937
0 0.593773 0.516317 0.039675 0.019904
0 0.452196 0.655935 0.013379 0.011245
0 0.393241 0.493488 0.020117 0.014721
0 0.647732 0.713941 0.014261 0.010811
1 0.131143 0.617694 0.037800 0.028355
0 0.215388 0.481062 0.016473 0.013519
0 0.471268 0.419476 0.029439 0.021143
0 0.631488 0.390738 0.013277 0.010834
0 0.417341 0.437965 0.017130 0.013426
0 0.588225 0.751287 0.020137 0.015775
0 0.217051 0.757836 0.014629 0.011261
0 0.340127 0.431015 0.020485 0.016186
0 0.584424 0.491288 0.012710 0.010891
0 0.558971 0.330688 0.019584 0.015051
0 0.531154 0.583032 0.024681 0.018980
0 0.115923 0.514487 0.014712 0.011438
0 0.610175 0.602083 0.019296 0.015802
0 0.189718 0.428698 0.021500 0.015415
0 0.519454 0.353353 0.015522 0.012170
0 0.574695 0.430377 0.013885 0.011721
0 0.393123 0.606251 0.025307 0.018615
0 0.696870 0.633533 0.014925 0.011749
0 0.250323 0.403340 0.018285 0.015688
0 0.394405 0.356329 0.023967 0.021584
0 0.676122 0.319792 0.055783 0.030672
0 0.412695 0.805734 0.027872 0.020460
1 0.675266 0.319764 0.053835 0.030462
0 0.742067 0.561933 0.016207 0.012552
0 0.601515 0.337807 0.013817 0.012106
0 0.565065 0.298185 0.017259 0.014754
0 0.750806 0.419949 0.013572 0.012305
0 0.092946 0.474079 0.014307 0.012467
0 0.355829 0.391485 0.016158 0.013897