0 0.443249 0.360973 0.011759 0.015580
0 0.433075 0.532890 0.012430 0.016477
1 0.321300 0.572686 0.041569 0.045575
0 0.477915 0.343510 0.011209 0.014688
0 0.561638 0.388196 0.011725 0.017226
0 0.429815 0.283057 0.011255 0.015121
0 0.518610 0.464856 0.013928 0.017218
0 0.538305 0.362162 0.011056 0.015123
0 0.258661 0.501121 0.008915 0.012167
0 0.448397 0.623198 0.013167 0.017746
0 0.515452 0.358000 0.012407 0.017045
0 0.329639 0.316133 0.012339 0.016775
0 0.421204 0.350350 0.011968 0.018102
0 0.383341 0.435592 0.011706 0.015515
0 0.532164 0.420144 0.012072 0.014063
0 0.422588 0.589952 0.010509 0.013999
0 0.319824 0.350865 0.012162 0.017177
0 0.498464 0.288911 0.010814 0.016284
0 0.406029 0.331493 0.011596 0.016759
0 0.268545 0.532963 0.009718 0.014153
0 0.417285 0.374823 0.010650 0.014224
0 0.410490 0.432152 0.011477 0.015683
0 0.354370 0.273614 0.010581 0.014491
0 0.246658 0.397912 0.010097 0.012613
0 0.476204 0.481525 0.010867 0.013157
0 0.224686 0.471088 0.010038 0.014220
0 0.458861 0.530258 0.009843 0.013201
0 0.305313 0.237671 0.010085 0.014818
0 0.331180 0.605502 0.011775 0.017319
0 0.403904 0.208371 0.010409 0.015031
0 0.394009 0.411987 0.011842 0.015288
0 0.472668 0.288226 0.012593 0.016367
0 0.431780 0.432048 0.010034 0.013117
0 0.361661 0.297786 0.011600 0.015812
0 0.487826 0.367787 0.010715 0.013931
0 0.539171 0.474938 0.011396 0.014475
0 0.502009 0.438163 0.011750 0.018133
0 0.302344 0.312475 0.009660 0.014886
0 0.308873 0.270565 0.012425 0.018057
0 0.305003 0.206729 0.011076 0.016835
0 0.546056 0.247010 0.009928 0.014415
0 0.264168 0.398221 0.009336 0.012259
0 0.270701 0.362057 0.013273 0.017394
0 0.281276 0.465040 0.009350 0.013245
0 0.201148 0.358681 0.011134 0.018075
0 0.480187 0.444396 0.009825 0.014197
0 0.401139 0.581387 0.010883 0.013857
0 0.443837 0.259882 0.011606 0.018892
0 0.451492 0.495417 0.010516 0.015818
0 0.353387 0.567858 0.009865 0.015951
0 0.418655 0.304696 0.010828 0.014535
0 0.504088 0.491785 0.010675 0.014994
0 0.430439 0.197970 0.011570 0.017689
0 0.310432 0.498214 0.012693 0.015946
0 0.387428 0.486702 0.010328 0.014807
0 0.337242 0.487043 0.009283 0.012515
0 0.549834 0.443173 0.009809 0.014001
0 0.506271 0.387096 0.012637 0.017031
0 0.450454 0.393489 0.009464 0.013379
0 0.469727 0.464866 0.009444 0.013205
0 0.327079 0.196878 0.010357 0.014272
0 0.449344 0.661047 0.018857 0.028367
0 0.353375 0.643717 0.012377 0.018243
0 0.448935 0.319075 0.010194 0.014295
0 0.559133 0.295247 0.011670 0.017456
0 0.377292 0.398218 0.009217 0.013099
0 0.414289 0.644822 0.013042 0.018654
0 0.404769 0.251880 0.011238 0.015941
0 0.325923 0.227946 0.012986 0.014911
0 0.418701 0.457337 0.012109 0.014169
0 0.593736 0.365586 0.009730 0.013957
0 0.389102 0.177974 0.019506 0.028054
0 0.223367 0.509689 0.008100 0.013080
0 0.281040 0.269566 0.011396 0.017132
0 0.515833 0.255166 0.009790 0.014641
0 0.507778 0.310999 0.010644 0.013699
0 0.396886 0.523039 0.009426 0.013237
0 0.303136 0.369265 0.011409 0.016512
0 0.389408 0.611674 0.012256 0.016413
0 0.482367 0.318551 0.010394 0.014430
0 0.242342 0.226884 0.011075 0.017369
0 0.402471 0.325059 0.014111 0.019032
0 0.586985 0.244877 0.009991 0.015262
0 0.326787 0.465712 0.011811 0.018821
0 0.237764 0.281642 0.010404 0.013858