0 0.656216 0.531250 0.015916 0.010690
0 0.727687 0.523490 0.020595 0.013901
0 0.204094 0.543412 0.016783 0.012022
0 0.225797 0.508541 0.015218 0.013610
0 0.661252 0.504506 0.016121 0.009958
0 0.312219 0.558796 0.019165 0.014733
0 0.524524 0.438113 0.013776 0.010546
0 0.405244 0.692043 0.015292 0.010073
0 0.544975 0.396744 0.017272 0.011777
0 0.405563 0.521345 0.016138 0.012233
0 0.430747 0.543491 0.016135 0.010671
0 0.542040 0.523326 0.027856 0.012994
0 0.394016 0.622632 0.017497 0.013294
0 0.167224 0.556063 0.015402 0.014678
0 0.522964 0.500481 0.021619 0.014673
0 0.369425 0.554403 0.016248 0.013995
0 0.434918 0.509073 0.014906 0.011152
0 0.555642 0.464936 0.018212 0.010449
0 0.307805 0.607087 0.018353 0.012435
0 0.231838 0.810434 0.012869 0.007862
0 0.227198 0.628264 0.014041 0.010590
0 0.507684 0.405251 0.016895 0.009881
0 0.294594 0.661990 0.021276 0.011247
0 0.625412 0.502476 0.016206 0.009465
0 0.565080 0.424241 0.018057 0.012791
0 0.298342 0.703478 0.013846 0.009508
0 0.332404 0.629806 0.023868 0.017851
0 0.648152 0.416161 0.017757 0.012928
0 0.428168 0.326180 0.016449 0.014218
0 0.163267 0.553126 0.012241 0.014187
0 0.463921 0.478085 0.011614 0.009004
0 0.436889 0.683427 0.017753 0.022818
0 0.378720 0.384937 0.013241 0.009195
0 0.564802 0.375620 0.013527 0.010210
0 0.328103 0.712328 0.017211 0.009458
0 0.543113 0.687909 0.013451 0.011418
0 0.317754 0.665478 0.020336 0.013514
0 0.449264 0.312050 0.018595 0.011912
1 0.421753 0.431338 0.122066 0.092723
1 0.294210 0.444836 0.051643 0.035211
1 0.330203 0.769366 0.039124 0.036385
1 0.178404 0.673122 0.045383 0.041080
1 0.274648 0.877347 0.040689 0.045775
1 0.274648 0.823944 0.050078 0.039906
1 0.341158 0.819249 0.054773 0.032864
1 0.476526 0.859742 0.071987 0.038732
1 0.432707 0.814554 0.050078 0.042254
1 0.388106 0.755869 0.061033 0.032864
1 0.506260 0.712441 0.125196 0.072770
1 0.586072 0.612089 0.043818 0.031690
1 0.756651 0.564554 0.056338 0.044601
1 0.147887 0.476526 0.065728 0.025822
1 0.220657 0.468897 0.061033 0.052817
1 0.367762 0.600939 0.042254 0.042254
1 0.662754 0.446596 0.031299 0.026995
1 0.730829 0.455399 0.054773 0.042254
1 0.280125 0.350352 0.076682 0.055164
1 0.535994 0.327465 0.062598 0.032864
1 0.672144 0.386737 0.043818 0.031690