0 0.273257 0.609633 0.024314 0.018117
0 0.474553 0.714032 0.025427 0.019483
0 0.195326 0.784151 0.026327 0.019681
0 0.452658 0.608455 0.022810 0.017917
0 0.542874 0.715177 0.024638 0.019098
0 0.307728 0.451285 0.021795 0.017299
0 0.738595 0.760045 0.030585 0.021283
0 0.377378 0.942137 0.026010 0.019838
0 0.584728 0.592578 0.027994 0.021998
0 0.495519 0.888808 0.023339 0.018199
0 0.655348 0.570421 0.027362 0.021144
0 0.496563 0.414749 0.021322 0.016006
0 0.467406 0.932519 0.026638 0.020528
0 0.139764 0.615161 0.024437 0.018564
0 0.492726 0.809768 0.025729 0.018380
0 0.275588 0.857421 0.021419 0.017374
0 0.278588 0.789731 0.020767 0.016490
0 0.166793 0.675805 0.025877 0.018700
0 0.251606 0.783500 0.019204 0.015885
0 0.789506 0.615523 0.025468 0.018770
0 0.651283 0.510319 0.023390 0.017681
0 0.293076 0.677754 0.021009 0.016806
0 0.394994 0.850927 0.019232 0.016171
0 0.284706 0.537300 0.019303 0.015552
0 0.558576 0.956492 0.025985 0.020170
0 0.375269 0.776223 0.020069 0.017556
0 0.441611 0.780732 0.018011 0.015178
0 0.316305 0.638919 0.028667 0.026712
0 0.666609 0.934167 0.018060 0.014988
0 0.150650 0.508769 0.018907 0.015534
0 0.420852 0.593731 0.019115 0.015539
0 0.715159 0.728981 0.020903 0.016448
0 0.665928 0.820872 0.019462 0.016290
0 0.541294 0.898984 0.019012 0.016509
0 0.402927 0.625485 0.024967 0.020903
0 0.351392 0.961432 0.029097 0.026787