0 0.358161 0.651245 0.016949 0.012537
0 0.206195 0.667624 0.019472 0.015868
0 0.287406 0.279578 0.016241 0.012954
0 0.228718 0.447035 0.016741 0.012990
0 0.414677 0.421069 0.014432 0.011514
0 0.383751 0.232055 0.015788 0.013416
0 0.091188 0.474307 0.016308 0.013322
0 0.259246 0.554351 0.015012 0.011137
0 0.119121 0.385356 0.015927 0.012278
0 0.247516 0.283237 0.018810 0.015115
0 0.254173 0.453680 0.015668 0.012376
1 0.748571 0.460213 0.039056 0.032651
0 0.593083 0.506141 0.018835 0.014996
0 0.237438 0.535143 0.015900 0.011966
0 0.501769 0.482121 0.016458 0.013893
0 0.392929 0.271211 0.019223 0.017145
0 0.372336 0.443012 0.014409 0.011405
0 0.370532 0.345304 0.019676 0.016005
0 0.632919 0.616328 0.014297 0.011180
1 0.455154 0.481617 0.037580 0.030944
0 0.321422 0.748229 0.024003 0.018610
0 0.452171 0.249326 0.013754 0.010699
0 0.236444 0.414802 0.014293 0.011292
0 0.573511 0.620384 0.013147 0.009941
0 0.456280 0.418004 0.014694 0.011085
0 0.215446 0.366060 0.015485 0.012089
0 0.204788 0.298423 0.015609 0.012874
0 0.339797 0.322061 0.014397 0.011768
0 0.559921 0.361395 0.015068 0.012163
0 0.683601 0.423514 0.015410 0.011807
0 0.116266 0.583477 0.013909 0.010838
0 0.280524 0.749966 0.019839 0.015544
0 0.378143 0.484541 0.017415 0.014549
0 0.703647 0.511816 0.013515 0.009948
1 0.287840 0.435042 0.038071 0.027691
0 0.257443 0.212887 0.013832 0.012611
0 0.299821 0.663838 0.016825 0.013460
0 0.582280 0.560777 0.015254 0.012635
0 0.036277 0.371736 0.018070 0.014284
0 0.597176 0.411810 0.017971 0.014267
0 0.570400 0.313731 0.014357 0.011358
0 0.205003 0.458294 0.017058 0.013658
0 0.243195 0.301451 0.018079 0.014928
0 0.353015 0.576135 0.015750 0.012478
0 0.198123 0.385538 0.016287 0.014099
0 0.090059 0.335053 0.013393 0.011604
0 0.230268 0.515594 0.015899 0.012385
0 0.643386 0.427905 0.014038 0.011535
0 0.578212 0.376789 0.015731 0.013060
0 0.113917 0.428850 0.015338 0.012751
0 0.528300 0.253653 0.015036 0.012302
0 0.061008 0.497332 0.013134 0.010777
0 0.330149 0.308843 0.013673 0.011250
0 0.609626 0.326092 0.015298 0.013324
0 0.560032 0.287363 0.016259 0.013442
0 0.178857 0.538911 0.014672 0.011653
0 0.400793 0.396670 0.015343 0.012626
0 0.265928 0.389341 0.022672 0.020713
0 0.096760 0.546491 0.014870 0.013580
0 0.632831 0.334069 0.017901 0.014325
0 0.434782 0.352481 0.015512 0.013329
0 0.312940 0.725330 0.018722 0.013795
0 0.457780 0.569857 0.016498 0.012923
0 0.552596 0.416505 0.015435 0.012117
0 0.507631 0.277447 0.015626 0.013577
0 0.078420 0.378713 0.014269 0.012680
0 0.399940 0.515222 0.014254 0.011047