0 0.277809 0.769616 0.016337 0.011678
0 0.314047 0.761434 0.016799 0.012273
0 0.741533 0.603377 0.023213 0.017813
0 0.657613 0.581816 0.018968 0.014035
0 0.516571 0.722997 0.020474 0.016370
0 0.708228 0.561589 0.018342 0.014101
0 0.650371 0.652336 0.022144 0.016672
0 0.596654 0.441745 0.020272 0.014428
0 0.363814 0.534651 0.017427 0.013527
0 0.333933 0.722269 0.015701 0.011748
0 0.574606 0.751861 0.024017 0.019316
0 0.316749 0.796084 0.017532 0.013663
0 0.656814 0.612334 0.020191 0.013624
0 0.401766 0.870662 0.023909 0.017030
0 0.439222 0.688684 0.018295 0.013304
0 0.581121 0.630560 0.017917 0.012852
0 0.309749 0.709277 0.015996 0.013128
0 0.485262 0.541254 0.016382 0.011925
0 0.698629 0.604474 0.020123 0.016360
0 0.324791 0.526670 0.015413 0.011507
0 0.294968 0.649941 0.015400 0.011463
0 0.423053 0.666104 0.017876 0.014021
0 0.390855 0.510469 0.018644 0.015469
0 0.566515 0.452640 0.017195 0.013439
0 0.539484 0.441772 0.016941 0.013322
0 0.542770 0.565176 0.017943 0.012969
0 0.351002 0.489741 0.016317 0.012250
0 0.228477 0.518468 0.018609 0.013766
0 0.386100 0.715584 0.018818 0.014025
0 0.251817 0.577078 0.015293 0.011902
0 0.355659 0.676713 0.017093 0.012324
0 0.758827 0.644627 0.021857 0.016455
0 0.303427 0.552957 0.014817 0.010958
0 0.497808 0.517135 0.018793 0.013388
0 0.399642 0.926816 0.026465 0.018354
0 0.633658 0.547834 0.017988 0.013895
0 0.244756 0.776251 0.015681 0.011147
0 0.325782 0.477696 0.015243 0.012361
0 0.413684 0.453276 0.017933 0.013140
0 0.595002 0.526519 0.022822 0.017261
0 0.279887 0.732101 0.015400 0.011215
0 0.439754 0.501539 0.016575 0.012409
0 0.569454 0.490970 0.021787 0.017382
0 0.637520 0.478215 0.021608 0.014872
0 0.395742 0.607217 0.019101 0.015899
0 0.431184 0.640707 0.017844 0.014207
0 0.489042 0.589157 0.014088 0.010495
0 0.526413 0.525280 0.017656 0.014217
0 0.181228 0.623694 0.017169 0.013014
0 0.497526 0.646485 0.021036 0.013888
0 0.564686 0.413543 0.014792 0.011405
0 0.267929 0.496184 0.018279 0.012716
0 0.227688 0.565633 0.015136 0.011450
0 0.508962 0.477344 0.016379 0.013460
1 0.250382 0.814761 0.049737 0.040183
0 0.571320 0.686849 0.029130 0.020345
0 0.746425 0.671023 0.022794 0.017784
0 0.508888 0.825747 0.024683 0.018821
0 0.240692 0.606548 0.013181 0.010164
0 0.537617 0.384533 0.013868 0.011842
0 0.397566 0.468063 0.016071 0.011367
0 0.273361 0.477020 0.015900 0.012019
0 0.212601 0.585049 0.014897 0.010699
0 0.576187 0.586609 0.020956 0.016917
0 0.376211 0.632737 0.023632 0.013422
0 0.641567 0.458127 0.019622 0.015446
0 0.256866 0.517987 0.014500 0.010683
0 0.537744 0.543747 0.020821 0.013419
0 0.574145 0.550385 0.019704 0.014353
0 0.595406 0.355220 0.016037 0.011525
0 0.601748 0.816440 0.028730 0.023641
0 0.563775 0.369814 0.013843 0.010952
0 0.509358 0.373201 0.016387 0.014602
0 0.436726 0.529926 0.015903 0.010800
0 0.189369 0.671100 0.017878 0.015220
0 0.409108 0.768039 0.016889 0.013386
0 0.571415 0.726014 0.027775 0.019952
0 0.290317 0.428925 0.019904 0.015447
0 0.284763 0.682787 0.018828 0.013202
1 0.362619 0.587590 0.050197 0.040445
0 0.450380 0.576914 0.018529 0.011559
0 0.464454 0.409058 0.019820 0.015253
0 0.438433 0.577474 0.019269 0.011653
0 0.274994 0.448279 0.014341 0.011239
0 0.286429 0.811038 0.015969 0.012332
0 0.282118 0.707276 0.017634 0.013948
0 0.339685 0.802163 0.018392 0.013506
0 0.175072 0.582574 0.016407 0.011579
0 0.605629 0.561615 0.022077 0.014488
0 0.499596 0.624306 0.021005 0.014880
0 0.796328 0.604300 0.019481 0.015470
0 0.711434 0.456984 0.015540 0.012321
0 0.414552 0.601951 0.016599 0.013778
0 0.433989 0.382205 0.021576 0.015746
0 0.328145 0.612649 0.015023 0.011365
0 0.308395 0.498155 0.021744 0.011930
0 0.222117 0.479357 0.015719 0.012630
0 0.253958 0.549418 0.016971 0.012445
0 0.377726 0.558216 0.015404 0.011085
0 0.144163 0.616876 0.017180 0.012234
0 0.215576 0.760339 0.015855 0.013291
0 0.302242 0.519441 0.013067 0.009445
0 0.472418 0.385756 0.020048 0.017001
0 0.426260 0.481247 0.023193 0.012921
0 0.832733 0.627820 0.020517 0.014767
0 0.599988 0.387576 0.011618 0.010292
0 0.692406 0.488285 0.016913 0.014343
0 0.728387 0.746128 0.028711 0.022071
0 0.248570 0.545816 0.022805 0.013856
0 0.823768 0.595478 0.017692 0.013500
0 0.308866 0.444265 0.013950 0.010802
0 0.360980 0.635356 0.015580 0.011030
0 0.369105 0.634420 0.023615 0.012623
0 0.606847 0.546285 0.017513 0.015086
0 0.188075 0.737682 0.012343 0.009141
0 0.639975 0.464393 0.024495 0.033122
0 0.335425 0.580454 0.013861 0.010878
0 0.241265 0.542541 0.017589 0.012022