0 0.294592 0.736117 0.020456 0.015184
0 0.329571 0.688005 0.018351 0.013518
1 0.459317 0.676974 0.049557 0.038936
0 0.374466 0.727026 0.027250 0.020098
0 0.461843 0.502876 0.025454 0.019656
0 0.407836 0.731389 0.028253 0.024911
0 0.094084 0.598743 0.020942 0.016771
1 0.220031 0.651276 0.045034 0.045193
1 0.475671 0.435810 0.056235 0.036351
0 0.381263 0.705793 0.022974 0.016529
0 0.448320 0.372382 0.016053 0.012788
0 0.153131 0.752995 0.019379 0.014621
1 0.272410 0.855442 0.045089 0.039386
0 0.131991 0.596272 0.020246 0.017143
0 0.383890 0.643116 0.018498 0.013667
0 0.399765 0.563399 0.019881 0.016345
0 0.300663 0.801625 0.023403 0.018831
0 0.223689 0.394017 0.017252 0.015166
0 0.162143 0.406259 0.017417 0.014213
1 0.458863 0.441708 0.075286 0.049195