0 0.306304 0.284732 0.013976 0.019956
0 0.247808 0.459845 0.014168 0.018751
0 0.543692 0.734890 0.016584 0.021540
0 0.330349 0.318559 0.015643 0.020668
0 0.573502 0.481756 0.014955 0.019508
0 0.182607 0.347835 0.013965 0.018606
0 0.226957 0.547331 0.013432 0.018699
0 0.206209 0.500116 0.013200 0.017623
0 0.390641 0.598501 0.012375 0.016936
0 0.257277 0.561641 0.012683 0.017429
0 0.326545 0.622274 0.012735 0.016925
0 0.558803 0.520432 0.013964 0.018226
0 0.370335 0.355638 0.014172 0.018721
0 0.339753 0.541186 0.013314 0.017209
0 0.319687 0.580840 0.011436 0.015418
0 0.414446 0.489989 0.013348 0.018360
0 0.182151 0.480643 0.012295 0.016231
0 0.504758 0.590919 0.012875 0.017294
0 0.296685 0.261556 0.011872 0.015694
0 0.342140 0.393437 0.015853 0.024239
0 0.506469 0.561486 0.014377 0.019383
0 0.431699 0.194656 0.014461 0.020585
0 0.590217 0.287214 0.012416 0.017309
0 0.365981 0.329823 0.013476 0.018975
0 0.466881 0.608216 0.012901 0.017158
0 0.362734 0.604280 0.011827 0.015984
0 0.225287 0.299130 0.013105 0.017252
0 0.458413 0.339473 0.013256 0.017115
0 0.359564 0.679624 0.013924 0.019319
0 0.568573 0.217537 0.011144 0.015708
0 0.217888 0.599453 0.012091 0.015859
0 0.362766 0.561446 0.014780 0.020191
0 0.454339 0.693154 0.016347 0.021626
0 0.195312 0.389158 0.015466 0.021083
0 0.302603 0.134087 0.012404 0.017403
0 0.338706 0.494286 0.013499 0.019105
0 0.542661 0.421138 0.013031 0.018348
0 0.326751 0.774303 0.014660 0.018975
0 0.662420 0.569298 0.015517 0.021816
0 0.420392 0.447309 0.014220 0.021741
0 0.225860 0.357931 0.012217 0.017421
0 0.466075 0.379510 0.012977 0.017898
0 0.468316 0.411123 0.012838 0.017792
0 0.651784 0.329101 0.013801 0.019865
0 0.349106 0.589768 0.012422 0.015914
0 0.451340 0.481211 0.011703 0.017455
0 0.600821 0.228279 0.011301 0.016451
0 0.416627 0.556788 0.012377 0.017080
0 0.508892 0.401810 0.012764 0.017711
0 0.189575 0.292307 0.013630 0.019139
0 0.599326 0.524629 0.012915 0.017902
0 0.624629 0.558291 0.011936 0.016875
0 0.529233 0.390358 0.011723 0.015877
0 0.396563 0.110518 0.011501 0.018109
0 0.247268 0.421076 0.014535 0.018488
0 0.552044 0.407972 0.012430 0.017395
0 0.399681 0.194820 0.014257 0.020622
0 0.305334 0.199422 0.012061 0.016115
0 0.612627 0.385225 0.011768 0.017152
1 0.678708 0.254008 0.029848 0.042530
0 0.570590 0.138479 0.011880 0.016526
0 0.689577 0.363733 0.015013 0.020900
0 0.600932 0.597012 0.013634 0.019570
1 0.515715 0.257785 0.034644 0.041920
0 0.230584 0.664948 0.011183 0.015321
0 0.614325 0.202288 0.011309 0.013511
0 0.424105 0.280683 0.011666 0.016729
0 0.315080 0.727307 0.012048 0.017182
0 0.162621 0.364972 0.013244 0.019237
0 0.480975 0.126438 0.014027 0.016417
0 0.470662 0.642595 0.014112 0.020952
0 0.395619 0.539941 0.011589 0.016871
0 0.549687 0.106487 0.011538 0.016683
0 0.696449 0.467391 0.013524 0.018005
0 0.693479 0.284263 0.012740 0.020498
0 0.636649 0.250104 0.010177 0.014998
0 0.194818 0.605455 0.011196 0.014983
0 0.227188 0.517999 0.010994 0.015819
0 0.183082 0.569449 0.010659 0.014721
0 0.232960 0.687748 0.010467 0.013829