0 0.344086 0.687402 0.016913 0.012530
0 0.255952 0.737080 0.015387 0.011526
0 0.485578 0.860022 0.015262 0.012432
0 0.440730 0.828183 0.014398 0.011602
0 0.357668 0.734828 0.017244 0.013526
0 0.319140 0.763569 0.016024 0.011991
0 0.448005 0.718584 0.016421 0.013139
0 0.526275 0.518063 0.015259 0.012955
0 0.165434 0.593784 0.015436 0.011502
0 0.468661 0.812264 0.014143 0.011500
0 0.180452 0.510077 0.019340 0.014913
0 0.519893 0.718304 0.016577 0.013337
0 0.163608 0.553432 0.016086 0.012420
0 0.513438 0.491619 0.017420 0.013337
0 0.255444 0.653780 0.017476 0.013250
0 0.208579 0.503064 0.016625 0.013151
0 0.457742 0.878399 0.017309 0.013394
0 0.411137 0.466918 0.013236 0.011634
0 0.240794 0.677592 0.016303 0.011590
0 0.296929 0.717911 0.018636 0.015243
0 0.259563 0.893027 0.014570 0.011577
0 0.311085 0.473940 0.013933 0.011229
0 0.564479 0.807281 0.013339 0.010636
0 0.453190 0.787160 0.015006 0.011412
0 0.477868 0.528525 0.014636 0.010891
0 0.084457 0.859694 0.017914 0.013150
0 0.399391 0.914733 0.015223 0.012653
0 0.666840 0.694712 0.016675 0.013077
0 0.109707 0.847070 0.017691 0.012828
0 0.452126 0.558170 0.012107 0.009771
0 0.119768 0.804038 0.017602 0.014622
0 0.143411 0.496431 0.016713 0.012585
0 0.494276 0.513035 0.015427 0.012027
0 0.307200 0.589139 0.013851 0.011475
0 0.351977 0.797644 0.019694 0.013473
0 0.545267 0.478689 0.015810 0.011281
0 0.417499 0.810890 0.015063 0.011964
0 0.440554 0.523535 0.014688 0.012304
0 0.358505 0.653538 0.016620 0.013225
0 0.465296 0.460284 0.015049 0.012110
0 0.220600 0.531562 0.016394 0.013455
0 0.672188 0.545416 0.017881 0.014020
0 0.162763 0.899897 0.015480 0.011618
0 0.429253 0.790656 0.014994 0.011463
0 0.449610 0.928883 0.017574 0.013904
0 0.437406 0.467374 0.014708 0.012222
0 0.320622 0.649608 0.017029 0.013788
0 0.418021 0.856787 0.017377 0.012672
0 0.625603 0.840113 0.020373 0.014651
0 0.102391 0.554665 0.015078 0.012940
0 0.494657 0.475449 0.013831 0.011219
0 0.328002 0.507848 0.017048 0.012561
0 0.299229 0.509785 0.015979 0.011988
0 0.693409 0.781390 0.016863 0.012766
0 0.345081 0.464458 0.013854 0.010436
0 0.216975 0.908164 0.017853 0.012448
0 0.216557 0.461424 0.015325 0.012774
0 0.056763 0.825855 0.016466 0.012585
0 0.040540 0.576491 0.016326 0.013082
1 0.133749 0.630559 0.047751 0.043381
0 0.576849 0.892460 0.018541 0.015393
0 0.606967 0.714520 0.017363 0.013553
0 0.707578 0.612662 0.015686 0.012107
0 0.516874 0.616068 0.013970 0.011064
0 0.332304 0.916446 0.016065 0.012680
0 0.497678 0.754915 0.014606 0.010837
0 0.370610 0.835340 0.019522 0.011397
0 0.077405 0.610630 0.012907 0.009962
1 0.326590 0.878438 0.053928 0.044136
0 0.257553 0.849616 0.014806 0.010876
0 0.251927 0.584486 0.017003 0.013257
0 0.531221 0.845363 0.016057 0.012107
0 0.117911 0.881535 0.017512 0.013525
0 0.211252 0.606625 0.018687 0.015620
1 0.197074 0.833644 0.045204 0.037100
0 0.676995 0.643190 0.013933 0.011137
0 0.571599 0.533472 0.016144 0.011635
1 0.622839 0.566125 0.042346 0.034745
0 0.224149 0.954084 0.014162 0.011617
0 0.414722 0.895736 0.013208 0.010682
1 0.279092 0.806691 0.051409 0.039337
0 0.671205 0.671305 0.013359 0.009704
0 0.115399 0.921134 0.015650 0.012964
0 0.581891 0.488312 0.016198 0.013055
0 0.089232 0.691156 0.018349 0.013517
0 0.321186 0.457205 0.012119 0.010636
0 0.095548 0.578084 0.014604 0.010501
0 0.670220 0.606115 0.014132 0.010223
0 0.633214 0.697190 0.013831 0.011474
0 0.174853 0.678847 0.013558 0.011056
0 0.610571 0.795467 0.013052 0.010627
0 0.432428 0.763855 0.011005 0.008753
1 0.569983 0.627790 0.040179 0.030699
0 0.294822 0.779976 0.018239 0.014529
0 0.637513 0.871413 0.015421 0.011644
0 0.546587 0.843439 0.016148 0.011468
0 0.163880 0.630692 0.013549 0.011106
0 0.155838 0.944109 0.017473 0.012547
0 0.624910 0.923750 0.015514 0.012718
0 0.564890 0.593908 0.013414 0.011551
1 0.568743 0.672708 0.046666 0.041730
0 0.693640 0.816106 0.014621 0.010823
0 0.498261 0.690391 0.015864 0.013915
0 0.249802 0.537985 0.019958 0.015106
0 0.197603 0.648446 0.015449 0.012463
0 0.709792 0.710092 0.013157 0.011042
0 0.020519 0.594209 0.021159 0.016193
0 0.341767 0.644478 0.016041 0.012087
1 0.655003 0.896942 0.058800 0.042524
0 0.083061 0.744106 0.015752 0.019328
1 0.373583 0.550047 0.036104 0.030419
0 0.071374 0.518448 0.015135 0.012804
0 0.407905 0.495476 0.013676 0.012650
0 0.409786 0.716911 0.011000 0.008781
1 0.425436 0.579919 0.059849 0.056138
0 0.588630 0.552581 0.011809 0.010629
0 0.524559 0.667458 0.018262 0.015638
1 0.146414 0.695907 0.053266 0.047480
0 0.156657 0.741420 0.013997 0.011220
0 0.577992 0.509832 0.012746 0.010652
0 0.559763 0.533251 0.017054 0.011750
0 0.178253 0.951598 0.023886 0.021544
0 0.588970 0.561980 0.011060 0.010141
0 0.360814 0.868759 0.010586 0.009431
0 0.661573 0.577609 0.017552 0.016497
0 0.266792 0.570474 0.012186 0.009860
0 0.222100 0.857053 0.015925 0.016397
0 0.127384 0.481939 0.016930 0.013069
0 0.516895 0.642736 0.010758 0.008903
0 0.462265 0.990274 0.019615 0.014423
1 0.511428 0.588774 0.038995 0.035403
0 0.350466 0.529153 0.015535 0.013504
0 0.221465 0.601701 0.015408 0.013142
0 0.344272 0.995422 0.017859 0.009156
0 0.611943 0.626017 0.015312 0.014025
0 0.069695 0.694193 0.015296 0.011103
0 0.361158 0.957455 0.013203 0.010956
0 0.105499 0.524351 0.022848 0.017568
0 0.407767 0.934317 0.012086 0.010219
1 0.531595 0.779303 0.045767 0.038139
1 0.204449 0.979914 0.045767 0.040172