0 0.756678 0.616097 0.017079 0.017670
0 0.242816 0.452279 0.016190 0.016537
0 0.794852 0.486026 0.016443 0.017632
0 0.321222 0.800217 0.015291 0.015623
0 0.849926 0.408067 0.015366 0.015842
0 0.606912 0.414123 0.016509 0.017000
0 0.882379 0.665711 0.014254 0.014369
0 0.690913 0.547009 0.016536 0.018083
0 0.323603 0.958315 0.015951 0.017300
0 0.569421 0.283381 0.017341 0.018484
0 0.415637 0.308666 0.014170 0.015431
0 0.724107 0.645899 0.017361 0.016883
0 0.653202 0.539511 0.018197 0.021060
0 0.914304 0.561972 0.019494 0.020699
0 0.634240 0.816176 0.014667 0.015439
0 0.232880 0.554594 0.015574 0.015334
0 0.169348 0.440578 0.015631 0.017125
0 0.089710 0.798796 0.013758 0.014099
0 0.702221 0.353767 0.016301 0.016625
0 0.168098 0.981632 0.014463 0.014186
1 0.128287 0.373241 0.052201 0.051699
0 0.193364 0.469235 0.015284 0.016932
0 0.711930 0.627414 0.016686 0.015768
0 0.266864 0.760443 0.019957 0.020697
0 0.358549 0.318291 0.017745 0.020280
0 0.355843 0.877618 0.014050 0.014375
0 0.706722 0.430744 0.015242 0.015596
0 0.284348 0.700582 0.015082 0.013633
0 0.603255 0.814298 0.015087 0.015331
0 0.296690 0.383724 0.017200 0.020325
0 0.855424 0.552735 0.016970 0.016029
0 0.329352 0.654385 0.014944 0.016082
0 0.712477 0.308412 0.014640 0.016079
0 0.719875 0.531962 0.017301 0.017473
0 0.161528 0.533853 0.014060 0.015494
0 0.385556 0.367938 0.015087 0.013402
0 0.848363 0.650300 0.014182 0.015775
0 0.785931 0.668409 0.014440 0.015901
0 0.343648 0.678143 0.013313 0.014249
0 0.540478 0.173917 0.013108 0.013673
0 0.886623 0.529052 0.019272 0.021590
0 0.649077 0.455756 0.014481 0.015298
0 0.692824 0.862764 0.012581 0.012737
0 0.595276 0.486677 0.016314 0.015950
0 0.819764 0.554888 0.014886 0.016148
0 0.635659 0.412130 0.017501 0.018514
0 0.361109 0.820570 0.014641 0.014906
0 0.660674 0.418955 0.014797 0.015054
0 0.502240 0.605326 0.020843 0.018709
0 0.593085 0.373537 0.018280 0.016594
0 0.645167 0.761749 0.015190 0.016312
0 0.519299 0.837897 0.016000 0.017603
0 0.099077 0.392082 0.012547 0.013224
0 0.236651 0.966351 0.014236 0.014340
0 0.627442 0.355184 0.017522 0.017094
0 0.345754 0.705337 0.014057 0.014306
0 0.299297 0.930193 0.013113 0.014200
0 0.828817 0.931370 0.011979 0.012554
0 0.239217 0.892761 0.013415 0.014854
0 0.727665 0.419545 0.015777 0.015600
0 0.636824 0.307045 0.014960 0.014954
0 0.486556 0.702149 0.015055 0.016778
0 0.324563 0.853386 0.015185 0.014741
0 0.875534 0.560490 0.016829 0.017409
0 0.204676 0.531127 0.016114 0.015988
0 0.797851 0.860125 0.011154 0.011708
0 0.313504 0.519389 0.014809 0.015248
0 0.787560 0.633728 0.014253 0.015485
0 0.715396 0.452980 0.015533 0.015778
0 0.512634 0.235010 0.013317 0.013172
0 0.277364 0.350447 0.013587 0.014427
0 0.590133 0.562203 0.016942 0.018428
0 0.760536 0.457219 0.023209 0.019999
0 0.458750 0.491390 0.019908 0.018972
0 0.352017 0.936807 0.014626 0.014850
0 0.575919 0.333793 0.017503 0.018564
0 0.568368 0.956940 0.012614 0.012685
0 0.174074 0.956951 0.013046 0.014592
0 0.563837 0.571944 0.015284 0.015752
0 0.360427 0.982723 0.013201 0.013781
0 0.400612 0.403008 0.014641 0.015382
0 0.818787 0.576831 0.014659 0.017187
0 0.298972 0.288536 0.013616 0.015377
0 0.456742 0.568484 0.016378 0.016623
0 0.302916 0.620326 0.015053 0.016290
0 0.472736 0.728613 0.014566 0.014869
0 0.867335 0.631347 0.013072 0.013855
0 0.616828 0.576271 0.017058 0.017395
0 0.428793 0.659930 0.016117 0.015997
1 0.624724 0.691818 0.073210 0.080497
0 0.581055 0.239324 0.015263 0.015615
0 0.216657 0.988922 0.013924 0.015076
0 0.555769 0.242265 0.014637 0.016090
0 0.400201 0.901517 0.016133 0.015893
0 0.386285 0.663337 0.018897 0.019501
0 0.626432 0.286470 0.017427 0.016200
0 0.106976 0.462713 0.013388 0.014712
0 0.212284 0.345907 0.012333 0.014921
0 0.653892 0.590721 0.017730 0.017456
0 0.153178 0.614287 0.017374 0.018247
0 0.377911 0.239639 0.013276 0.015301
0 0.862715 0.858217 0.014044 0.015588
0 0.334095 0.548643 0.017253 0.016030
0 0.527312 0.205988 0.015694 0.016772
0 0.498677 0.247407 0.013164 0.015857
0 0.605425 0.994967 0.013086 0.010065
0 0.780768 0.770986 0.013256 0.013665
0 0.611122 0.264916 0.016465 0.015968
0 0.247719 0.945843 0.013102 0.013453
0 0.291468 0.677067 0.015624 0.016512
0 0.458629 0.347603 0.016203 0.016804
0 0.492241 0.524840 0.022078 0.024124
0 0.282580 0.904108 0.016022 0.017142
0 0.204882 0.288829 0.014936 0.017065
0 0.252261 0.280011 0.015521 0.016988
0 0.524006 0.373392 0.014181 0.014246
0 0.199686 0.491569 0.013681 0.013505
0 0.445398 0.249734 0.014313 0.013745
0 0.192367 0.672413 0.013010 0.013749
0 0.493799 0.292135 0.015894 0.015036
0 0.752981 0.642777 0.020402 0.016833
0 0.473973 0.446642 0.014515 0.015226
0 0.372325 0.917920 0.015656 0.015875
0 0.849193 0.464238 0.013658 0.014925
0 0.480411 0.643375 0.015843 0.016316
0 0.103406 0.658082 0.016864 0.016491
0 0.226169 0.622497 0.014365 0.015326
0 0.277447 0.232107 0.012125 0.017335
0 0.344983 0.964581 0.014830 0.016597
0 0.320214 0.370226 0.014659 0.014051
0 0.123567 0.819754 0.012356 0.013117
0 0.300137 0.752833 0.012881 0.014893
0 0.464497 0.270467 0.013491 0.014709
0 0.559180 0.834612 0.013777 0.014569
0 0.250781 0.861035 0.012630 0.013480
0 0.440821 0.315379 0.015115 0.016224
0 0.183883 0.265762 0.016894 0.014547
0 0.800255 0.679303 0.013719 0.015064
0 0.804405 0.789817 0.011520 0.012651
0 0.511067 0.919985 0.014230 0.016643
0 0.408783 0.246593 0.010801 0.013426
0 0.724453 0.283761 0.019035 0.017792
0 0.371583 0.427288 0.016177 0.017156
0 0.609018 0.459417 0.020384 0.019155
0 0.687591 0.749595 0.012721 0.014807