0 0.327221 0.589756 0.021620 0.015886
0 0.341629 0.563535 0.019727 0.014126
0 0.198582 0.594881 0.018430 0.014338
1 0.374102 0.710012 0.046511 0.037618
0 0.619760 0.474248 0.021838 0.016689
0 0.479793 0.512303 0.022724 0.016554
1 0.318063 0.860606 0.130304 0.052619
0 0.308267 0.677831 0.019418 0.014828
0 0.635208 0.498376 0.017144 0.012766
0 0.696963 0.419948 0.018020 0.014324
0 0.712897 0.474156 0.017500 0.013224
0 0.634548 0.452826 0.015878 0.011839
0 0.322335 0.539134 0.019523 0.015087
0 0.074987 0.635879 0.015839 0.012605
0 0.683256 0.573446 0.016949 0.013749
0 0.510105 0.510661 0.022255 0.021740
0 0.671077 0.519688 0.015596 0.012063
0 0.107001 0.707454 0.016200 0.012449
0 0.413464 0.524974 0.022754 0.017127
0 0.631593 0.375064 0.014957 0.011494
0 0.499281 0.443369 0.019477 0.016136
1 0.603523 0.733633 0.045021 0.035721
0 0.159440 0.490942 0.016686 0.012184
0 0.583660 0.579100 0.021623 0.015919
0 0.393822 0.573699 0.022638 0.016942
0 0.400493 0.529764 0.022238 0.015025
0 0.514792 0.551276 0.019085 0.015872
0 0.411358 0.597795 0.025950 0.018288
0 0.082893 0.720799 0.013142 0.010424
0 0.197461 0.519112 0.031336 0.022371
0 0.559117 0.479186 0.022759 0.020294
1 0.360109 0.804877 0.097239 0.058206
0 0.594680 0.437894 0.015845 0.012860
0 0.319463 0.633157 0.017250 0.013540
0 0.477607 0.474759 0.026895 0.025455
0 0.146293 0.586591 0.018725 0.016633
0 0.274644 0.413280 0.016277 0.013882
0 0.148591 0.515647 0.018552 0.013923
0 0.572372 0.458420 0.025369 0.016546
0 0.368578 0.580103 0.020384 0.015633
0 0.704021 0.446233 0.019610 0.015036
0 0.639979 0.536309 0.017378 0.012571
0 0.561953 0.610489 0.017578 0.013293
0 0.300492 0.405556 0.018734 0.016187
0 0.065125 0.653225 0.015087 0.011305
0 0.169922 0.570533 0.014112 0.011825
0 0.286665 0.566957 0.015514 0.011549
0 0.203660 0.743333 0.014105 0.010704
0 0.599427 0.561638 0.017160 0.012973
0 0.106935 0.667314 0.015180 0.013920
0 0.061656 0.710470 0.012735 0.010835
0 0.616407 0.584273 0.017513 0.013393
0 0.278626 0.627429 0.017590 0.015295
0 0.625976 0.608602 0.020596 0.015295
0 0.175703 0.635636 0.016511 0.013146
0 0.715631 0.434385 0.017144 0.015226
0 0.363579 0.649961 0.017002 0.013632
0 0.431713 0.753760 0.021503 0.018142
0 0.525209 0.371324 0.015431 0.016767
0 0.636598 0.680725 0.023480 0.020502
0 0.570450 0.365344 0.022357 0.014601
0 0.074117 0.618261 0.012705 0.009843
1 0.099200 0.525975 0.037807 0.040958
1 0.700614 0.743891 0.030806 0.021004