0 0.910740 0.221597 0.025435 0.016833
0 0.607679 0.706475 0.023307 0.014366
0 0.555371 0.427934 0.025513 0.018550
0 0.482450 0.210245 0.020664 0.014484
0 0.480848 0.380502 0.025049 0.016357
0 0.759175 0.190474 0.021648 0.014193
0 0.404317 0.607076 0.023422 0.016032
0 0.668741 0.416437 0.025718 0.019572
0 0.687332 0.350366 0.027012 0.018007
0 0.439608 0.267677 0.022208 0.014159
0 0.339256 0.493399 0.023129 0.015281
0 0.583550 0.407049 0.021893 0.013961
0 0.655358 0.305547 0.020881 0.013223
0 0.902152 0.299114 0.023123 0.014803
1 0.372458 0.793023 0.102893 0.058885
0 0.378708 0.371636 0.021918 0.014447
0 0.752537 0.635479 0.024868 0.014115
0 0.685963 0.157993 0.021301 0.013657
0 0.729070 0.152340 0.021039 0.014109
0 0.654273 0.458986 0.022032 0.017551
0 0.800367 0.076746 0.016679 0.011778
0 0.761337 0.050411 0.019102 0.014666
0 0.518954 0.855223 0.022281 0.015074
0 0.753091 0.244141 0.025667 0.017166
0 0.792585 0.209406 0.026157 0.017704
0 0.764037 0.461537 0.025079 0.016946
0 0.766245 0.271650 0.023563 0.015730
0 0.580596 0.477826 0.024176 0.017084
0 0.829377 0.159641 0.023674 0.016457
1 0.329498 0.673332 0.098508 0.052541
0 0.698615 0.291340 0.032102 0.015828
0 0.544035 0.296980 0.022869 0.013079
0 0.576686 0.864462 0.025269 0.017155
0 0.976402 0.477558 0.026480 0.017948
0 0.859682 0.631454 0.024399 0.015421
1 0.795908 0.703598 0.078526 0.049735
0 0.940198 0.570498 0.024786 0.017224
0 0.784348 0.615354 0.023341 0.017178
0 0.569969 0.229542 0.027861 0.018055
0 0.521365 0.601692 0.026685 0.017974
0 0.633562 0.339213 0.021873 0.014273
0 0.880681 0.415929 0.025375 0.016154
0 0.712864 0.569353 0.023673 0.014817
0 0.820913 0.120023 0.024012 0.016550
0 0.710531 0.173686 0.024165 0.016111
0 0.518221 0.269142 0.020457 0.013153
0 0.231605 0.287521 0.022629 0.014253
0 0.698402 0.404642 0.022815 0.016036
0 0.462414 0.470737 0.025810 0.016841
0 0.629937 0.165956 0.025457 0.014685
0 0.943599 0.045124 0.021856 0.015350
0 0.678709 0.878794 0.024433 0.016030
0 0.266002 0.464439 0.025108 0.016482
1 0.660848 0.240987 0.085290 0.051308
0 0.650537 0.564141 0.028529 0.016494
0 0.882742 0.055117 0.021704 0.015913
0 0.611617 0.382353 0.026439 0.018846
1 0.577327 0.182169 0.065814 0.042617
0 0.721803 0.098265 0.029265 0.019993
0 0.590136 0.284747 0.024474 0.015786
0 0.924768 0.262013 0.023146 0.015972
0 0.758008 0.599134 0.023835 0.017096
0 0.545635 0.752872 0.024668 0.015557
0 0.464678 0.603523 0.024305 0.016737
0 0.532545 0.232908 0.020481 0.013522
0 0.166546 0.453325 0.021273 0.015118
0 0.937746 0.633296 0.027745 0.017465
0 0.713521 0.831000 0.022778 0.015456
0 0.793756 0.130351 0.025468 0.013849
0 0.597111 0.627225 0.021261 0.015894
0 0.651439 0.914337 0.029483 0.018627
0 0.242287 0.494488 0.018980 0.012629
0 0.794100 0.033843 0.017521 0.011244
0 0.329184 0.460589 0.018777 0.013086
0 0.629051 0.054650 0.021850 0.015381
0 0.878613 0.253534 0.023649 0.018449
0 0.588108 0.088849 0.018235 0.012960
0 0.347266 0.294964 0.020355 0.015390
0 0.648691 0.675216 0.023727 0.018126
0 0.613497 0.658895 0.019027 0.013313
0 0.956067 0.250416 0.027720 0.020150
0 0.443883 0.442356 0.019918 0.013487
0 0.417006 0.537553 0.021358 0.013232
0 0.256155 0.427155 0.030089 0.019473
0 0.535323 0.656758 0.033523 0.020611
1 0.717200 0.784249 0.106659 0.063371
0 0.470181 0.538748 0.017940 0.012353
0 0.646361 0.644368 0.019425 0.013665
0 0.721429 0.465576 0.019283 0.014414
0 0.545070 0.122713 0.020640 0.014767
0 0.471357 0.257997 0.022640 0.014001
0 0.558505 0.073018 0.021700 0.015562
0 0.899028 0.597347 0.029789 0.022489
0 0.902451 0.488205 0.033176 0.024735
0 0.754096 0.377051 0.019454 0.014199
1 0.475090 0.328803 0.084483 0.049314
0 0.665425 0.499643 0.028657 0.016441
0 0.957283 0.287779 0.025856 0.016440
0 0.505753 0.892571 0.030444 0.017465
0 0.501891 0.293955 0.021116 0.011901
0 0.266804 0.534562 0.019225 0.012576
0 0.280194 0.568333 0.023597 0.015663
0 0.682816 0.718521 0.029498 0.022272
0 0.686634 0.197136 0.018465 0.013384
0 0.607093 0.495096 0.020056 0.012998
0 0.803941 0.190619 0.021183 0.013739
0 0.899511 0.548101 0.019534 0.014373
0 0.941456 0.498527 0.021384 0.015285
0 0.690555 0.106700 0.019642 0.012841
0 0.364352 0.340247 0.027911 0.017598
0 0.404406 0.393719 0.020812 0.023913
0 0.491127 0.802960 0.028290 0.020248
0 0.954545 0.090642 0.018544 0.013309
0 0.372515 0.526214 0.026167 0.022374
0 0.205515 0.491581 0.021238 0.015323
0 0.400913 0.265503 0.016845 0.011070
0 0.502321 0.430037 0.019773 0.015194
0 0.188608 0.527053 0.017597 0.011723
0 0.138563 0.473087 0.019492 0.015206
1 0.387438 0.216928 0.088119 0.049944
0 0.879077 0.943444 0.027120 0.018620
0 0.749228 0.497033 0.018093 0.012561
0 0.666746 0.595144 0.038055 0.020638
0 0.321386 0.534799 0.017348 0.011650
0 0.336510 0.185604 0.021307 0.015472
0 0.870376 0.740640 0.028867 0.018073
0 0.200529 0.360242 0.019637 0.014049
0 0.534086 0.150146 0.024101 0.015363
0 0.680391 0.701964 0.022386 0.015386
0 0.238797 0.579568 0.018773 0.012541
0 0.523714 0.475585 0.023843 0.015222
0 0.510921 0.463764 0.021445 0.015893
0 0.680032 0.598791 0.030010 0.020700
0 0.304359 0.413735 0.019646 0.012946
0 0.595998 0.609881 0.020110 0.017049
0 0.221118 0.344965 0.021771 0.015191
0 0.696177 0.062748 0.028072 0.016285
0 0.354010 0.548481 0.019357 0.013122
0 0.292516 0.474786 0.019117 0.011703
1 0.956259 0.436236 0.059627 0.040473
0 0.502139 0.250550 0.024543 0.015792
0 0.336599 0.363302 0.024146 0.016066
0 0.833284 0.655867 0.019494 0.012171
0 0.675032 0.823124 0.023404 0.019205
0 0.170865 0.325596 0.024464 0.017095
0 0.242767 0.599494 0.018238 0.012544
0 0.582430 0.655722 0.021562 0.013081
0 0.431568 0.473132 0.028703 0.017663
0 0.302695 0.395888 0.020700 0.015730
0 0.518953 0.471115 0.027022 0.021303
0 0.371572 0.332112 0.030071 0.018632
0 0.254813 0.268107 0.020844 0.015222
0 0.970427 0.697713 0.021675 0.015778
0 0.715435 0.059744 0.029443 0.016269
0 0.331070 0.366822 0.025461 0.015075
0 0.612130 0.352004 0.020278 0.013422
0 0.261323 0.628262 0.022688 0.014026
0 0.488795 0.887929 0.023216 0.016371
0 0.206689 0.590323 0.018769 0.014482
0 0.540429 0.195902 0.018378 0.012853
0 0.687169 0.552007 0.031531 0.017307
0 0.216246 0.468215 0.020455 0.012288
0 0.425034 0.515259 0.019508 0.014141
0 0.766437 0.759155 0.018630 0.012558
0 0.815116 0.948403 0.029691 0.022896
0 0.617242 0.388410 0.023881 0.017404
0 0.278718 0.388531 0.024023 0.016803
0 0.738106 0.714503 0.017884 0.010953
1 0.945006 0.898551 0.109988 0.062802