0 0.492446 0.759715 0.018248 0.013882
0 0.462810 0.546046 0.016933 0.012858
0 0.716887 0.828607 0.018124 0.013844
0 0.313434 0.532558 0.018244 0.014350
0 0.423797 0.648894 0.016936 0.013635
0 0.777583 0.790316 0.016624 0.012985
0 0.641036 0.559719 0.015121 0.012294
0 0.621201 0.592942 0.015259 0.010947
0 0.702624 0.699981 0.015589 0.012499
0 0.267298 0.692075 0.017669 0.014028
0 0.690990 0.465619 0.015839 0.013882
0 0.826017 0.669011 0.014535 0.011596
0 0.352090 0.638064 0.015389 0.012484
0 0.732171 0.794711 0.016083 0.013032
0 0.336690 0.566895 0.014663 0.011816
0 0.250287 0.740067 0.018574 0.014878
0 0.312744 0.665256 0.016813 0.012403
0 0.698096 0.785203 0.015953 0.013592
0 0.282946 0.519015 0.015730 0.012949
0 0.690513 0.736142 0.016408 0.013777
0 0.248002 0.501738 0.017085 0.012963
0 0.441267 0.565938 0.014263 0.011636
0 0.369449 0.812751 0.016399 0.012170
0 0.288618 0.563227 0.015263 0.011863
0 0.197472 0.612645 0.018099 0.013297
0 0.490221 0.559743 0.015279 0.012725
0 0.838712 0.738609 0.015000 0.011704
1 0.470152 0.934499 0.050063 0.036806
0 0.778209 0.625245 0.015026 0.012322
0 0.669769 0.573464 0.013900 0.010753
0 0.772329 0.705889 0.013531 0.010781
0 0.221360 0.467883 0.018231 0.014829
0 0.420064 0.809228 0.017501 0.013788
0 0.673419 0.718127 0.017638 0.014053
0 0.539211 0.806220 0.019179 0.014542
1 0.361517 0.849934 0.055344 0.041755
0 0.555784 0.674729 0.018078 0.016744
0 0.399696 0.576688 0.014697 0.011146
0 0.141801 0.599126 0.016776 0.013866
1 0.763538 0.574664 0.051988 0.040005
0 0.306112 0.495207 0.015705 0.012281
0 0.174911 0.629615 0.021805 0.017574
0 0.621835 0.533035 0.022544 0.017216
0 0.531836 0.692395 0.018268 0.014342
0 0.720261 0.764280 0.016513 0.012416
0 0.725342 0.450602 0.016990 0.012282
0 0.672927 0.658893 0.013463 0.010986
0 0.565639 0.506609 0.018226 0.012518
0 0.480072 0.630779 0.014304 0.011088
0 0.257723 0.658410 0.016171 0.013532
0 0.417559 0.507877 0.013197 0.011107
0 0.571521 0.528897 0.016683 0.014070
0 0.534468 0.917039 0.022543 0.016946
0 0.508343 0.487907 0.013510 0.010768
0 0.527500 0.521720 0.015474 0.013430
0 0.761678 0.455633 0.017292 0.013785
0 0.410085 0.711239 0.019329 0.014617
0 0.290018 0.782700 0.021722 0.013944
1 0.817688 0.619502 0.046407 0.032287
0 0.670519 0.603485 0.015441 0.011873
0 0.628576 0.805401 0.017395 0.014305
0 0.499538 0.525465 0.014383 0.012077
0 0.201032 0.555344 0.015504 0.012553
0 0.601097 0.667744 0.012270 0.009731
0 0.862415 0.544897 0.016638 0.013386
0 0.396898 0.520418 0.014389 0.010231
0 0.714998 0.574231 0.013967 0.010621
0 0.443684 0.502862 0.013881 0.011205
1 0.435997 0.606943 0.053234 0.040191
0 0.198596 0.662636 0.016878 0.013250
0 0.668772 0.676756 0.014475 0.010851
0 0.206655 0.499739 0.015488 0.012431
0 0.603671 0.502002 0.014539 0.010911
0 0.741019 0.644160 0.016664 0.013136
0 0.614208 0.416943 0.012843 0.011570
0 0.276558 0.649552 0.015473 0.014081
0 0.205257 0.756695 0.018645 0.014446
0 0.574327 0.479440 0.013558 0.011713
0 0.620063 0.479543 0.018456 0.016018
1 0.352084 0.504737 0.053348 0.034544
0 0.281449 0.832580 0.016487 0.012837
0 0.169680 0.716390 0.019378 0.016516
1 0.629548 0.629166 0.043408 0.038613
1 0.525033 0.965049 0.061945 0.050691
0 0.663576 0.635706 0.013254 0.009791
0 0.390028 0.653966 0.018322 0.015842
0 0.656613 0.447979 0.014265 0.016628
0 0.805754 0.513126 0.020846 0.015323
0 0.325573 0.484843 0.014093 0.011970
0 0.631990 0.898274 0.015836 0.013421
0 0.714737 0.613127 0.012392 0.010101
0 0.377489 0.644088 0.015853 0.014112
0 0.858174 0.704183 0.016682 0.012279
0 0.495546 0.384234 0.010945 0.009618
0 0.723453 0.527119 0.013764 0.012426
0 0.365089 0.599188 0.014315 0.011483
0 0.578511 0.959301 0.018352 0.013888
0 0.854827 0.628113 0.012525 0.010988
0 0.877136 0.676736 0.013362 0.010011
0 0.138435 0.702904 0.016570 0.013673
0 0.755184 0.603353 0.013386 0.010056
0 0.716333 0.590963 0.014504 0.011024
0 0.261041 0.439773 0.015382 0.012627
0 0.669242 0.696932 0.013027 0.010546
0 0.683199 0.618783 0.015038 0.011909
0 0.873147 0.732992 0.015546 0.012168
0 0.253920 0.519577 0.013900 0.011201
0 0.243193 0.542553 0.013968 0.011345
0 0.847055 0.722188 0.013779 0.010533
0 0.519287 0.852499 0.016071 0.014170
1 0.552252 0.452817 0.038308 0.025875
0 0.863170 0.584075 0.015189 0.012856
1 0.550688 0.623141 0.084234 0.042934
0 0.821968 0.694827 0.013066 0.009489
0 0.676723 0.516491 0.018717 0.013693
1 0.553398 0.400487 0.034565 0.023383
0 0.403109 0.843452 0.013723 0.011353
0 0.729227 0.586699 0.016567 0.012018
0 0.292153 0.918068 0.016676 0.013550
0 0.344005 0.444851 0.012650 0.011775
0 0.329290 0.611831 0.013907 0.010369
0 0.553235 0.766133 0.013448 0.010996
0 0.673101 0.862398 0.015982 0.011796
0 0.757221 0.668550 0.012796 0.011174
0 0.659590 0.800600 0.012714 0.011854
0 0.708784 0.867814 0.012695 0.009825
0 0.810056 0.536296 0.013425 0.010517
1 0.459512 0.365111 0.044475 0.024155
1 0.466414 0.433549 0.049076 0.032206
1 0.464880 0.474381 0.046009 0.028755
1 0.122882 0.563991 0.036807 0.036807
1 0.684955 0.895253 0.044475 0.029906
1 0.717161 0.910206 0.053677 0.032206
1 0.747067 0.869949 0.033740 0.025305
1 0.783874 0.883751 0.052143 0.050610
1 0.802277 0.846369 0.046009 0.033356
1 0.842152 0.834292 0.042941 0.036807
1 0.554597 0.373054 0.050610 0.020704