0 0.438232 0.819277 0.015296 0.012786
0 0.687261 0.638944 0.016451 0.012260
0 0.507736 0.919149 0.018551 0.012386
0 0.852291 0.811842 0.017092 0.011733
0 0.393004 0.744266 0.016651 0.010935
0 0.600008 0.718014 0.015199 0.012940
0 0.697941 0.790485 0.015505 0.011639
0 0.572904 0.848270 0.015343 0.012946
0 0.754740 0.709528 0.014232 0.010605
0 0.488128 0.606522 0.012826 0.011043
0 0.370864 0.685329 0.013593 0.011113
0 0.700511 0.604631 0.013817 0.011656
0 0.643161 0.721627 0.018610 0.013217
0 0.830231 0.729990 0.014244 0.011380
0 0.790273 0.718430 0.015858 0.009710
0 0.204144 0.629903 0.010016 0.009053
0 0.182881 0.684841 0.011003 0.012011
0 0.667653 0.660193 0.015332 0.012445
0 0.311400 0.797387 0.011102 0.009113
0 0.592458 0.600675 0.010868 0.008477
0 0.371892 0.852406 0.012172 0.009455
0 0.490096 0.944844 0.022261 0.016184
0 0.267451 0.585181 0.011526 0.007739
0 0.271611 0.809184 0.012700 0.010922
0 0.755017 0.653592 0.015100 0.012605
0 0.413130 0.512735 0.012055 0.008255
0 0.763741 0.846306 0.014012 0.010097
0 0.872316 0.625691 0.019584 0.011790
0 0.805085 0.627356 0.017050 0.009395
0 0.667298 0.944269 0.019073 0.012893
0 0.373705 0.728753 0.013574 0.008565
0 0.292558 0.712142 0.011737 0.009964
0 0.745978 0.741067 0.014740 0.011672
0 0.888896 0.758983 0.017030 0.010553
0 0.689100 0.769612 0.017572 0.014066
0 0.804998 0.460539 0.012573 0.011324
0 0.336265 0.643807 0.013080 0.011291
0 0.676250 0.614529 0.016018 0.011499
0 0.433810 0.935499 0.016497 0.012010
0 0.229355 0.796521 0.010355 0.007361
0 0.540335 0.436387 0.012689 0.011022
0 0.870355 0.743723 0.014118 0.008786
0 0.575496 0.979759 0.015198 0.010510
0 0.855595 0.697679 0.012750 0.009210
0 0.469436 0.683684 0.015025 0.010948
0 0.435333 0.783533 0.013824 0.011959
0 0.620359 0.394580 0.016861 0.012907
0 0.643957 0.624204 0.018637 0.014449
0 0.648174 0.679180 0.009851 0.012253
0 0.725367 0.604476 0.020644 0.015500
0 0.434993 0.868082 0.017944 0.013477
0 0.238354 0.844951 0.008779 0.006157
0 0.896195 0.651063 0.020910 0.011972
0 0.815749 0.779075 0.020660 0.014453
0 0.892406 0.611164 0.016084 0.010759
0 0.887189 0.636431 0.011737 0.005869
0 0.942397 0.658601 0.010868 0.010433
0 0.905665 0.556880 0.012172 0.008477
0 0.878713 0.532591 0.010433 0.008151
0 0.855891 0.515311 0.013476 0.007499
0 0.867845 0.497217 0.010433 0.005869
0 0.754821 0.620130 0.007825 0.006521
0 0.770036 0.511888 0.006955 0.008477
0 0.711350 0.542535 0.007825 0.005869
0 0.718088 0.529657 0.006521 0.005543
0 0.758734 0.545469 0.011302 0.008477
0 0.825678 0.564868 0.008694 0.005543
0 0.680704 0.574649 0.010868 0.008803
0 0.698961 0.592906 0.009998 0.004890
0 0.553117 0.589157 0.010433 0.005869
0 0.602674 0.583125 0.010433 0.006847
0 0.599631 0.534221 0.007825 0.006195
0 0.571375 0.530309 0.010433 0.005543
0 0.562029 0.492489 0.009998 0.004238
0 0.588328 0.666492 0.013041 0.007825
0 0.588980 0.676110 0.013476 0.006847
0 0.563115 0.667797 0.012172 0.008477
0 0.572462 0.690130 0.008259 0.007499
0 0.581808 0.703986 0.009564 0.007173
0 0.567680 0.700074 0.012607 0.005869
0 0.555943 0.730720 0.014345 0.006521
0 0.643754 0.862238 0.008259 0.007825
0 0.736346 0.904133 0.009129 0.007499
0 0.784599 0.889788 0.012607 0.010107
0 0.621366 0.987546 0.013911 0.007825
0 0.511603 0.978906 0.009998 0.006847
0 0.531164 0.966191 0.009129 0.009455
0 0.547683 0.964397 0.005651 0.007825
0 0.553987 0.972222 0.010433 0.006521
0 0.568767 0.972059 0.013041 0.007499
0 0.632451 0.681923 0.007390 0.007825
0 0.567028 0.640843 0.009564 0.009129
0 0.551596 0.639539 0.006521 0.007173
0 0.687442 0.525851 0.008694 0.006847
0 0.693093 0.547043 0.010433 0.006195
0 0.615280 0.507430 0.011302 0.009129
0 0.600718 0.495204 0.009998 0.003586
0 0.257129 0.732264 0.009564 0.006521
0 0.304295 0.726558 0.007390 0.004890
0 0.313424 0.720038 0.008259 0.005543
0 0.352547 0.715799 0.006521 0.004890
0 0.436663 0.955758 0.008694 0.007499
0 0.491436 0.661189 0.008694 0.007173
0 0.479264 0.653202 0.010433 0.005543
0 0.466875 0.642606 0.008259 0.005869
0 0.457964 0.648800 0.013041 0.005869
0 0.452965 0.681729 0.006521 0.008477
0 0.504695 0.587670 0.007390 0.006847
0 0.522300 0.642443 0.007825 0.006195
0 0.517736 0.577237 0.009998 0.007499
0 0.339724 0.690206 0.010433 0.005216
0 0.334507 0.684827 0.011302 0.008151
0 0.509694 0.461170 0.012172 0.008151
0 0.502739 0.439326 0.009564 0.009455
0 0.529038 0.425959 0.007390 0.006195
0 0.434272 0.439652 0.007390 0.004890
0 0.371240 0.418786 0.006521 0.005543
0 0.407973 0.400528 0.007825 0.006195
0 0.426230 0.401017 0.006955 0.005216
0 0.640106 0.576585 0.007825 0.006847
0 0.761650 0.828604 0.011531 0.008031
0 0.753413 0.791230 0.011531 0.008648
1 0.341158 0.776995 0.042254 0.042254
1 0.428013 0.415493 0.056338 0.021127
1 0.723005 0.427817 0.048513 0.036385
1 0.644757 0.541667 0.048513 0.045775