0 0.596612 0.930723 0.013700 0.017972
0 0.537297 0.880004 0.012860 0.018033
1 0.586032 0.699254 0.039489 0.053451
1 0.336062 0.768172 0.037411 0.051673
0 0.607021 0.652800 0.013729 0.017896
0 0.619156 0.795853 0.014271 0.018928
0 0.562040 0.952751 0.012024 0.016727
0 0.473656 0.525497 0.012529 0.017046
1 0.477162 0.830067 0.032076 0.048809
0 0.629505 0.448015 0.011083 0.016242
1 0.446349 0.918271 0.039832 0.055406
0 0.739320 0.816003 0.015376 0.021208
1 0.461804 0.863356 0.043974 0.050564
0 0.511660 0.531890 0.012924 0.017336
1 0.504517 0.490021 0.033134 0.049592
1 0.613546 0.570262 0.029241 0.042515
0 0.669305 0.435191 0.012464 0.017169
1 0.529266 0.637828 0.029095 0.042677
0 0.453174 0.740207 0.012145 0.016101
0 0.558102 0.490092 0.009278 0.013873
1 0.600707 0.472245 0.027964 0.040072
0 0.633834 0.715360 0.010826 0.015044
0 0.432808 0.517231 0.010849 0.014908
0 0.479515 0.363351 0.014905 0.018311
0 0.686685 0.704166 0.014563 0.021998
0 0.657566 0.863365 0.019003 0.021689
0 0.272688 0.689939 0.010770 0.015266
0 0.394333 0.806543 0.008798 0.012305
0 0.664294 0.588514 0.009478 0.013975
0 0.377085 0.499908 0.011485 0.016345
0 0.368455 0.550213 0.010600 0.015563
0 0.600007 0.607097 0.013821 0.020640
0 0.605167 0.764492 0.009692 0.014038
0 0.380711 0.958598 0.010278 0.014928
0 0.570836 0.390817 0.009781 0.014949
0 0.707435 0.830090 0.012909 0.018163
0 0.674392 0.768816 0.011704 0.017064
0 0.282329 0.528140 0.010011 0.014008
0 0.542860 0.756875 0.010502 0.015631
0 0.449288 0.797431 0.009501 0.014312
0 0.311642 0.876530 0.009376 0.012168
0 0.547446 0.820023 0.010612 0.015621
0 0.755429 0.575921 0.014643 0.019071
0 0.376660 0.879171 0.011274 0.015892
1 0.423883 0.442987 0.026191 0.039428
1 0.768172 0.743764 0.032105 0.041681