0 0.580293 0.442502 0.016765 0.012516
0 0.543156 0.718547 0.018950 0.014529
0 0.484973 0.653109 0.018038 0.014318
0 0.658208 0.755310 0.019846 0.015397
0 0.616127 0.421146 0.018830 0.012844
0 0.496727 0.588850 0.021199 0.015569
0 0.393003 0.627706 0.017598 0.014268
0 0.499624 0.788713 0.019576 0.015027
0 0.267543 0.680310 0.015184 0.011611
0 0.680484 0.728999 0.017438 0.012912
1 0.477015 0.759471 0.045214 0.035639
0 0.310434 0.477912 0.016757 0.013382
0 0.309216 0.413793 0.017522 0.013720
0 0.445256 0.602080 0.024303 0.016521
0 0.244432 0.687746 0.015080 0.010881
0 0.464297 0.685473 0.018699 0.015308
0 0.403256 0.530198 0.017124 0.012791
0 0.465800 0.438491 0.017518 0.013852
0 0.441275 0.569528 0.016516 0.012631
0 0.441489 0.831099 0.020704 0.016196
0 0.584199 0.397938 0.014183 0.011615
0 0.519677 0.339435 0.014958 0.012137
0 0.513198 0.670507 0.019325 0.014193
0 0.405047 0.549398 0.016433 0.013179
0 0.166328 0.563323 0.015393 0.012797
1 0.698280 0.544799 0.046418 0.036019
0 0.167763 0.402386 0.016779 0.014096
0 0.580452 0.374450 0.017005 0.013009
0 0.408799 0.489010 0.015596 0.012118
0 0.243628 0.550563 0.018665 0.013949
0 0.266200 0.387677 0.019397 0.015266
0 0.403932 0.573385 0.017754 0.013298
0 0.337446 0.661078 0.015320 0.012772
0 0.467013 0.477791 0.018286 0.015267
0 0.406949 0.446608 0.015216 0.011831
0 0.484059 0.363238 0.015459 0.014767
0 0.208536 0.369693 0.012873 0.011641
0 0.212196 0.480025 0.018198 0.014313
0 0.131374 0.505128 0.017670 0.011873
0 0.361551 0.855999 0.028657 0.020870
0 0.372672 0.785346 0.016225 0.012005
0 0.141999 0.729844 0.014284 0.011536
0 0.253680 0.472379 0.014277 0.011741
0 0.395486 0.604830 0.013696 0.010770
0 0.335503 0.380511 0.015526 0.011927
1 0.395022 0.427300 0.035977 0.028500
0 0.388056 0.652687 0.015282 0.011699
0 0.730638 0.465847 0.014774 0.011630
0 0.167098 0.456802 0.016587 0.013776
0 0.208146 0.590170 0.014256 0.012052
0 0.130983 0.648633 0.018389 0.015922
0 0.586358 0.460121 0.012894 0.010515
0 0.308903 0.368692 0.018959 0.014058
0 0.273777 0.363913 0.018449 0.012451
0 0.457660 0.550875 0.015885 0.012506
0 0.125830 0.420296 0.016877 0.013500
0 0.109611 0.667111 0.015293 0.012173
0 0.339666 0.403687 0.024496 0.020302
0 0.163587 0.666715 0.014802 0.010566
0 0.532800 0.529418 0.018082 0.013586
0 0.205803 0.633425 0.013792 0.011428
0 0.305851 0.596614 0.017188 0.014298
0 0.095541 0.735129 0.014546 0.010963
0 0.355439 0.780890 0.015503 0.012090
0 0.432444 0.326139 0.018487 0.013835
0 0.121316 0.502797 0.017184 0.011981
0 0.615566 0.521713 0.018177 0.014308
0 0.624827 0.755358 0.017492 0.012959
0 0.366934 0.682643 0.016339 0.012826
0 0.367291 0.783599 0.022454 0.012036
0 0.190027 0.743394 0.013982 0.011378
0 0.244935 0.671163 0.013283 0.010832
0 0.610945 0.609803 0.018339 0.015305
0 0.601378 0.485100 0.013660 0.014452
0 0.467933 0.858535 0.025746 0.019321
0 0.349635 0.439511 0.016213 0.012505
0 0.499755 0.319352 0.017213 0.015204
0 0.045641 0.521467 0.015119 0.011383