0 0.473943 0.573641 0.026919 0.019358
0 0.274120 0.722962 0.030769 0.024374
0 0.241593 0.576613 0.020756 0.015786
0 0.250167 0.596571 0.021313 0.016766
0 0.277117 0.502851 0.019607 0.015017
0 0.315418 0.657501 0.021975 0.017825
0 0.639013 0.408345 0.023134 0.017542
0 0.299594 0.386885 0.018848 0.015170
0 0.507202 0.604698 0.019686 0.015449
1 0.226619 0.684040 0.043452 0.035744
0 0.475098 0.673849 0.025540 0.019188
0 0.225741 0.412104 0.016090 0.012681
1 0.399943 0.415663 0.055392 0.041732
0 0.260894 0.440938 0.021920 0.017779
0 0.507381 0.567891 0.020034 0.015516
0 0.320367 0.426709 0.021293 0.016402
0 0.408835 0.832638 0.039722 0.030629
0 0.544924 0.756463 0.027260 0.022024
0 0.488659 0.646126 0.023323 0.018392
0 0.624364 0.782879 0.020646 0.016438
0 0.551339 0.639434 0.021418 0.017698
0 0.347749 0.829086 0.038403 0.027461
0 0.498954 0.456104 0.018544 0.015002
0 0.589734 0.396312 0.025691 0.021241
0 0.666889 0.702506 0.018367 0.014649
0 0.302582 0.577982 0.019978 0.015827
0 0.250649 0.647270 0.017691 0.015084
0 0.386725 0.369301 0.019165 0.013920
0 0.669393 0.673106 0.018630 0.014548
0 0.284611 0.480347 0.016378 0.013190
1 0.553631 0.301800 0.042376 0.024155