0 0.778983 0.498021 0.014865 0.011618
0 0.828028 0.538828 0.015086 0.011629
0 0.413362 0.372750 0.015858 0.013453
0 0.387984 0.543374 0.013383 0.009624
0 0.592420 0.414735 0.012829 0.010209
0 0.722636 0.351417 0.014597 0.010699
0 0.589209 0.432389 0.015264 0.011605
0 0.747327 0.283961 0.015197 0.011885
0 0.720608 0.506647 0.015511 0.011427
0 0.474362 0.335562 0.014061 0.011008
0 0.521578 0.459407 0.012232 0.008503
0 0.605613 0.789316 0.019146 0.014461
0 0.678357 0.582350 0.014510 0.012244
0 0.463062 0.774843 0.017440 0.013775
0 0.491380 0.297038 0.013944 0.012197
0 0.478718 0.664556 0.012354 0.009678
0 0.731359 0.396214 0.013060 0.010399
0 0.444939 0.420545 0.014367 0.010705
0 0.688122 0.270986 0.014116 0.011274
0 0.691945 0.487532 0.012236 0.009257
0 0.416936 0.579739 0.013296 0.010361
0 0.855250 0.511493 0.015874 0.012169
0 0.281748 0.452173 0.013625 0.010198
0 0.585478 0.543618 0.014602 0.010155
0 0.534524 0.397901 0.016101 0.011259
0 0.384578 0.444275 0.011909 0.008936
0 0.260815 0.467512 0.015707 0.012116
0 0.813311 0.330532 0.015882 0.011464
0 0.809346 0.503564 0.013095 0.010376
0 0.479831 0.626477 0.013225 0.011183
0 0.801544 0.584498 0.013175 0.010192
0 0.930407 0.407954 0.018159 0.013582
0 0.394748 0.352280 0.015985 0.012347
0 0.619458 0.626880 0.012549 0.009756
0 0.730577 0.707984 0.014743 0.010017
0 0.764914 0.742544 0.014501 0.010400
0 0.430263 0.631010 0.012587 0.009286
0 0.406235 0.743371 0.016355 0.012032
0 0.802084 0.714630 0.014008 0.010906
0 0.305744 0.566835 0.013131 0.009428
0 0.620338 0.403375 0.013131 0.010324
0 0.542348 0.364125 0.014837 0.011107
0 0.735045 0.774811 0.015680 0.012412
0 0.508265 0.709417 0.012819 0.010246
0 0.464678 0.531777 0.013918 0.011226
0 0.932108 0.535755 0.013157 0.009802
0 0.335290 0.427817 0.013175 0.009491
0 0.505018 0.673506 0.012617 0.011236
0 0.661461 0.302755 0.015212 0.011323
0 0.828465 0.568592 0.015341 0.011168
0 0.756285 0.327675 0.013781 0.010083
0 0.714462 0.734915 0.012255 0.009677
0 0.327567 0.464079 0.012252 0.009046
0 0.694361 0.382346 0.012122 0.009851
0 0.657137 0.273916 0.012221 0.009712
0 0.856044 0.410802 0.014122 0.011873
0 0.522683 0.692227 0.012515 0.009170
0 0.592652 0.647738 0.013045 0.010141
0 0.546696 0.627256 0.013533 0.009852
0 0.460172 0.349546 0.012902 0.009966
0 0.747241 0.678237 0.014589 0.010573
0 0.462246 0.733074 0.016499 0.012930
0 0.816337 0.692750 0.013212 0.009581
0 0.859167 0.582920 0.012194 0.008849
0 0.751790 0.471413 0.014283 0.013132
0 0.659243 0.492423 0.014898 0.010499
0 0.502194 0.379365 0.016747 0.013014
0 0.558445 0.283498 0.016643 0.015943
0 0.303192 0.490504 0.014061 0.009953
0 0.684754 0.785492 0.018081 0.013026
0 0.551270 0.700866 0.012304 0.009398
0 0.716537 0.294477 0.012034 0.010175
0 0.523545 0.416943 0.014448 0.010586
0 0.339069 0.676523 0.012335 0.009012
0 0.821677 0.441419 0.017055 0.012904
0 0.696810 0.722360 0.012354 0.009202
0 0.649910 0.251838 0.014564 0.011766
0 0.618206 0.240646 0.013801 0.010890
0 0.345886 0.605995 0.012021 0.009276
0 0.768209 0.576387 0.012677 0.010221
0 0.591953 0.389652 0.012606 0.009739
0 0.363848 0.380592 0.015131 0.010479
0 0.639519 0.500432 0.012764 0.009130
0 0.510241 0.655320 0.011978 0.009589
0 0.909548 0.379435 0.016289 0.013162
0 0.657117 0.348337 0.015615 0.011769
0 0.730957 0.615405 0.012534 0.009801
0 0.390453 0.485736 0.013381 0.010107
0 0.598114 0.621246 0.012324 0.009199
0 0.483493 0.765580 0.015816 0.011871
0 0.584581 0.271145 0.013119 0.012750
0 0.876673 0.464530 0.014790 0.010795
0 0.685190 0.685415 0.011197 0.008620
0 0.432156 0.737900 0.014348 0.011852
0 0.659468 0.775539 0.016671 0.015828
0 0.440619 0.540285 0.015862 0.011814
0 0.727741 0.649330 0.012627 0.010816
0 0.761256 0.313342 0.012769 0.010957
0 0.677236 0.366343 0.015799 0.011275
0 0.373151 0.605010 0.012389 0.009466
0 0.286359 0.380285 0.017509 0.012973
0 0.701891 0.762918 0.019513 0.013727
1 0.637830 0.655146 0.042357 0.033849
0 0.664840 0.461623 0.014227 0.013188
0 0.527876 0.596928 0.012083 0.009703
0 0.278926 0.564754 0.012674 0.010513
0 0.615437 0.679509 0.011106 0.009282
0 0.609117 0.520291 0.014392 0.010990
0 0.496921 0.266728 0.018076 0.013660
0 0.666343 0.756640 0.014417 0.011144
0 0.760411 0.612517 0.013220 0.009529
0 0.301848 0.609222 0.013376 0.009433
0 0.516380 0.759682 0.015772 0.015432
0 0.776460 0.415545 0.013234 0.010896
0 0.432896 0.478104 0.011578 0.009036
0 0.616623 0.555650 0.011987 0.010420
0 0.625166 0.478283 0.013483 0.008960
0 0.765659 0.348345 0.015586 0.013304
0 0.448901 0.379577 0.012890 0.010712
0 0.412555 0.288501 0.017957 0.017052
0 0.522647 0.559659 0.014844 0.013118
0 0.551467 0.755186 0.014903 0.010467
0 0.424445 0.509092 0.010909 0.008490
0 0.804626 0.422460 0.014378 0.010777
0 0.622472 0.453219 0.011510 0.008760
0 0.412156 0.633803 0.012569 0.009220
0 0.868572 0.538682 0.013664 0.010029
0 0.687028 0.613725 0.013151 0.009092
0 0.696363 0.640797 0.011666 0.009459
0 0.777955 0.707572 0.012451 0.008794
0 0.531377 0.732043 0.016123 0.011300
0 0.722983 0.537740 0.012164 0.008700
0 0.358975 0.502193 0.012673 0.010273
0 0.690494 0.335572 0.013027 0.016269
0 0.900086 0.520659 0.017403 0.012001
0 0.878714 0.595771 0.010693 0.008691
0 0.806686 0.748291 0.017803 0.014042
0 0.886269 0.624879 0.012614 0.009916
0 0.521787 0.360847 0.012652 0.010053
0 0.496124 0.550260 0.010930 0.008480
0 0.569675 0.774900 0.015511 0.011295
0 0.476144 0.475581 0.013272 0.011236
0 0.596355 0.477387 0.012365 0.009856
0 0.337699 0.407954 0.017624 0.011456
0 0.510021 0.429771 0.014967 0.012642
0 0.438315 0.564935 0.016382 0.013031
0 0.531404 0.272532 0.014299 0.010848
0 0.353218 0.563046 0.011042 0.008334
0 0.472639 0.576342 0.012425 0.008973
0 0.907584 0.644014 0.013130 0.009688
0 0.623659 0.291120 0.011608 0.009970
0 0.387870 0.666320 0.013380 0.009733
0 0.298313 0.363178 0.016675 0.014732
0 0.292769 0.403895 0.016329 0.011768
0 0.727238 0.470563 0.011544 0.008646
0 0.703924 0.456010 0.014637 0.009349
0 0.853601 0.744029 0.018281 0.012555
0 0.432463 0.313053 0.017705 0.012366
0 0.480129 0.456893 0.012227 0.009321
0 0.907060 0.437845 0.014214 0.010892
0 0.617998 0.726528 0.013148 0.012468
0 0.732248 0.254837 0.013415 0.010629
0 0.718763 0.687768 0.011442 0.009082
0 0.624620 0.356327 0.013846 0.010871
0 0.846493 0.703231 0.014072 0.010908
0 0.640594 0.420483 0.011885 0.008544
0 0.328784 0.623128 0.012932 0.009049
0 0.413394 0.557715 0.012733 0.009116
0 0.758801 0.401765 0.012883 0.010053
0 0.583905 0.762058 0.016833 0.011685
0 0.655480 0.403529 0.015613 0.011960
0 0.341610 0.586026 0.012844 0.009765
0 0.552464 0.795645 0.015894 0.011775
0 0.543479 0.574423 0.014592 0.009938
0 0.334061 0.520094 0.012426 0.010900
0 0.705857 0.668868 0.012694 0.011856
0 0.850582 0.334986 0.014937 0.013309
0 0.342051 0.338153 0.014543 0.012344
0 0.779351 0.379494 0.012270 0.010291
0 0.515829 0.633938 0.013168 0.010567
0 0.501530 0.732875 0.013545 0.010322
0 0.299221 0.583492 0.012571 0.009874
0 0.449809 0.611720 0.016774 0.009499
0 0.908192 0.607157 0.011654 0.009542
0 0.543007 0.776363 0.017724 0.015251
0 0.719642 0.797369 0.017020 0.011464
0 0.407976 0.431050 0.012687 0.008953
0 0.633929 0.790123 0.017287 0.012976
0 0.611270 0.439128 0.011799 0.009001
0 0.431959 0.402420 0.012915 0.009548
0 0.829267 0.600375 0.016826 0.014247
0 0.908278 0.421235 0.013525 0.009947
0 0.579090 0.611956 0.011251 0.008550
0 0.718967 0.421147 0.016324 0.012356
0 0.700103 0.398939 0.013106 0.009968
0 0.621423 0.702664 0.012137 0.008997
0 0.550613 0.534720 0.011670 0.009431
0 0.587420 0.580566 0.016251 0.011216
0 0.842597 0.716844 0.013324 0.010105
0 0.744659 0.420990 0.016732 0.011912
0 0.640517 0.394029 0.012495 0.009597
0 0.257028 0.417143 0.016552 0.013618
0 0.860850 0.604729 0.010698 0.008083
0 0.851741 0.566730 0.012844 0.009334
0 0.441956 0.708254 0.014910 0.010430
0 0.976859 0.584101 0.012576 0.010198
0 0.372153 0.741796 0.013851 0.010423
0 0.345095 0.478646 0.013936 0.010613
0 0.790129 0.468592 0.016429 0.009454
0 0.931641 0.559905 0.013550 0.011309
0 0.580007 0.289749 0.012234 0.010183
0 0.636213 0.367712 0.013416 0.009216
0 0.856973 0.383514 0.015305 0.010211
0 0.844420 0.670114 0.012656 0.009336
0 0.533423 0.490275 0.012151 0.010243
0 0.641097 0.478385 0.013296 0.009091
0 0.860064 0.470030 0.012310 0.009656
0 0.584069 0.739577 0.015701 0.010190
0 0.878646 0.429960 0.016970 0.013424
0 0.471212 0.683916 0.011063 0.008734
0 0.734341 0.577675 0.015134 0.011307
0 0.406659 0.715144 0.014112 0.009599
0 0.818582 0.730503 0.012387 0.009354
0 0.355477 0.643813 0.013805 0.013191
0 0.862987 0.628689 0.011387 0.009504
0 0.641200 0.684815 0.011150 0.008476
0 0.574131 0.634936 0.012431 0.010396
0 0.732910 0.489346 0.013488 0.011759
0 0.319671 0.490859 0.012873 0.009223
0 0.406892 0.481647 0.013581 0.012108
0 0.300685 0.399233 0.017482 0.010664
0 0.567317 0.506700 0.013542 0.011290
0 0.881820 0.565897 0.014651 0.011202
0 0.878250 0.694862 0.014012 0.011763
0 0.651574 0.798755 0.016651 0.012282
0 0.571357 0.350463 0.017220 0.013590
0 0.776373 0.626966 0.011882 0.008138
0 0.251971 0.442059 0.015752 0.013671
0 0.743659 0.438497 0.015442 0.008831
0 0.355446 0.520679 0.012831 0.008605
0 0.690885 0.299775 0.013047 0.009834
0 0.485614 0.697659 0.012205 0.008991
0 0.538728 0.711684 0.011957 0.009059
0 0.653644 0.712933 0.011564 0.008943
0 0.473133 0.268134 0.014805 0.011235
0 0.349874 0.381734 0.015666 0.010578
0 0.254674 0.558335 0.012247 0.009660
0 0.804189 0.378521 0.014033 0.010341
0 0.372037 0.580451 0.011209 0.008250
0 0.677617 0.419885 0.012237 0.008599
0 0.775165 0.433651 0.012670 0.012390
0 0.880601 0.645313 0.011596 0.008949
0 0.249300 0.540447 0.012118 0.009668
0 0.614765 0.546254 0.012264 0.012687
0 0.311182 0.653564 0.012609 0.009378
0 0.982525 0.554569 0.012295 0.009164
0 0.662729 0.630758 0.013880 0.010056
0 0.731890 0.436642 0.014376 0.009406
0 0.397089 0.403463 0.011746 0.009381
0 0.282302 0.606881 0.013837 0.011607
0 0.879782 0.350403 0.014577 0.010985
0 0.868004 0.367677 0.016074 0.011512
0 0.537172 0.781107 0.020141 0.014232
0 0.702159 0.587200 0.012269 0.008885
0 0.509327 0.486097 0.011934 0.008806
0 0.420952 0.334108 0.016491 0.013764
0 0.486207 0.424378 0.014748 0.011857
0 0.807003 0.402269 0.014907 0.009984
0 0.535168 0.249105 0.014377 0.009564
0 0.788159 0.603857 0.011446 0.009251
0 0.683491 0.294189 0.014586 0.011890
0 0.483683 0.389007 0.012255 0.009049
0 0.490352 0.482387 0.012562 0.009374
0 0.596246 0.362953 0.015030 0.014270
0 0.781469 0.367124 0.013034 0.011226
0 0.935914 0.620038 0.013668 0.011940
0 0.442032 0.276174 0.015916 0.014767
0 0.558042 0.593441 0.010850 0.011411
0 0.793131 0.329081 0.013476 0.012603
0 0.705559 0.781486 0.016784 0.014421
0 0.312246 0.690554 0.017908 0.011236
0 0.444802 0.668838 0.012875 0.009306
0 0.460983 0.557863 0.010771 0.009298
0 0.441346 0.287535 0.014030 0.014126
0 0.840279 0.372949 0.014191 0.010098
0 0.361260 0.505052 0.012905 0.011405
0 0.346080 0.624795 0.012629 0.008425
1 0.502325 0.520384 0.023627 0.025350
0 0.694863 0.419464 0.014348 0.009944
0 0.657546 0.676590 0.010540 0.009019
0 0.444626 0.687090 0.014815 0.009081
0 0.808892 0.636513 0.010572 0.010472
0 0.279317 0.585812 0.012229 0.010665
0 0.357147 0.720328 0.014284 0.010723
0 0.594938 0.740723 0.013252 0.009632
0 0.653372 0.432988 0.011318 0.011447
0 0.340640 0.365968 0.020953 0.012265
0 0.893186 0.660201 0.012295 0.009246
0 0.754357 0.261814 0.013570 0.009695
0 0.673860 0.721487 0.016345 0.009112
0 0.894009 0.523146 0.019255 0.011819
0 0.411800 0.651696 0.011391 0.009848
0 0.821396 0.383622 0.015957 0.010029
0 0.916467 0.659901 0.012526 0.009416
0 0.718353 0.628421 0.011439 0.007912
0 0.447883 0.462874 0.017242 0.012057
0 0.904812 0.562508 0.012306 0.008442
0 0.788301 0.317510 0.012923 0.009765
0 0.372158 0.679027 0.012517 0.009414
0 0.410988 0.463040 0.012882 0.009583
0 0.368577 0.513973 0.011779 0.008955
0 0.993839 0.458865 0.012321 0.012482
0 0.781965 0.397904 0.013395 0.009887
0 0.379696 0.325773 0.019195 0.015514
0 0.704052 0.617005 0.012877 0.008137
0 0.348703 0.705058 0.014409 0.011461
0 0.791091 0.323146 0.012636 0.014827
0 0.431226 0.432468 0.014673 0.010884
0 0.849851 0.654206 0.014231 0.011922
0 0.517679 0.248434 0.015769 0.010770
0 0.315514 0.376297 0.014158 0.010891
0 0.601012 0.590903 0.010835 0.007851
0 0.942796 0.384505 0.017434 0.013677
0 0.255122 0.435154 0.015401 0.023761
0 0.579693 0.579878 0.013152 0.009773
0 0.786148 0.451278 0.017049 0.010914
0 0.550185 0.554605 0.014609 0.010730
0 0.527977 0.516989 0.013836 0.011624
0 0.692597 0.458355 0.013530 0.009444
0 0.290649 0.377211 0.020579 0.018471
0 0.805672 0.625831 0.012348 0.009874
0 0.442684 0.282235 0.015728 0.016514
0 0.897870 0.341080 0.017068 0.012113
0 0.382078 0.319689 0.019064 0.018838
0 0.453803 0.439237 0.016883 0.010348
0 0.420758 0.600706 0.010185 0.007815
0 0.274346 0.392210 0.014365 0.011925
0 0.841806 0.430139 0.011663 0.014683
0 0.485716 0.480239 0.019738 0.009378
0 0.454585 0.587976 0.012063 0.010063
0 0.419060 0.632789 0.027566 0.008719
0 0.972748 0.609741 0.012751 0.009627
0 0.349617 0.319325 0.020524 0.014431
0 0.350558 0.464135 0.011719 0.009387
0 0.729203 0.473900 0.011690 0.019179
0 0.403640 0.405578 0.020768 0.008346
0 0.381681 0.311698 0.020840 0.017182
0 0.589850 0.494091 0.021843 0.013198
0 0.558904 0.604934 0.009495 0.012006
1 0.631984 0.320060 0.021959 0.037330
1 0.900612 0.318962 0.035134 0.026350