0 0.577336 0.715628 0.019371 0.014465
0 0.364439 0.282299 0.017680 0.013298
0 0.710871 0.385164 0.015748 0.012134
0 0.332016 0.533058 0.018269 0.014144
0 0.381284 0.391160 0.016947 0.012698
0 0.342959 0.580906 0.016381 0.013247
0 0.586127 0.421969 0.013913 0.010236
0 0.398292 0.478987 0.015124 0.011074
0 0.623592 0.295268 0.016625 0.012601
0 0.756637 0.458482 0.012942 0.009618
0 0.511339 0.287625 0.014920 0.011324
0 0.391284 0.433609 0.018358 0.011670
0 0.393264 0.521555 0.014779 0.011993
0 0.480224 0.564927 0.012479 0.009091
0 0.759676 0.311245 0.013755 0.010138
0 0.308774 0.657739 0.018108 0.014438
0 0.533250 0.561062 0.013409 0.010786
0 0.496758 0.722137 0.018638 0.015123
1 0.222630 0.484425 0.059066 0.037948
0 0.811288 0.336735 0.015061 0.011598
0 0.338456 0.300045 0.014640 0.010510
0 0.522397 0.623833 0.012950 0.009351
0 0.548161 0.602677 0.012115 0.009140
0 0.296502 0.275061 0.019212 0.014317
0 0.410502 0.459903 0.012873 0.010545
0 0.691355 0.577327 0.014694 0.011905
0 0.748599 0.418270 0.014202 0.010660
0 0.484332 0.583624 0.010806 0.008705
0 0.543056 0.632053 0.012045 0.009353
0 0.617366 0.604869 0.011508 0.009537
0 0.676702 0.543664 0.014092 0.011789
0 0.609331 0.699821 0.013941 0.011489
0 0.436856 0.286906 0.014241 0.010925
0 0.445088 0.613374 0.011808 0.009054
0 0.359940 0.675062 0.016653 0.011675
0 0.690782 0.235179 0.014232 0.011835
0 0.667064 0.446297 0.013837 0.010222
0 0.661851 0.511122 0.012713 0.009664
0 0.629105 0.393181 0.013830 0.009983
0 0.781381 0.552727 0.016327 0.012047
0 0.643966 0.489993 0.015215 0.012852
0 0.533694 0.294253 0.014548 0.010812
0 0.592580 0.577614 0.011742 0.009055
0 0.442082 0.573771 0.013287 0.009455
0 0.555870 0.405553 0.013639 0.009628
0 0.566674 0.459639 0.012961 0.009408
0 0.492578 0.327637 0.013876 0.012686
0 0.596112 0.379105 0.012789 0.009281
0 0.465792 0.385894 0.014422 0.010171
0 0.514993 0.501959 0.013137 0.010757
0 0.818954 0.510028 0.012863 0.009878
0 0.374006 0.696286 0.019695 0.013285
0 0.408170 0.295609 0.015145 0.012000
0 0.598496 0.195783 0.013450 0.009966
0 0.846325 0.374819 0.016257 0.011708
0 0.386098 0.644080 0.014429 0.010117
0 0.366290 0.411501 0.018040 0.014092
0 0.605717 0.524823 0.012128 0.008791
0 0.616457 0.663972 0.014187 0.012125
0 0.479544 0.268349 0.021420 0.013054
0 0.853967 0.440834 0.003694 0.009391
0 0.441677 0.266048 0.016705 0.011877
0 0.694822 0.268687 0.020075 0.014012
0 0.647913 0.700284 0.014415 0.010462
0 0.733503 0.598590 0.017213 0.011592
0 0.475433 0.455946 0.013370 0.010418
0 0.586818 0.540142 0.012390 0.009347
0 0.778891 0.583923 0.013204 0.009464
0 0.480633 0.694359 0.017809 0.013041
0 0.688520 0.409460 0.011519 0.009291
0 0.476832 0.302935 0.013298 0.010466
0 0.633395 0.422827 0.012404 0.009539
0 0.187787 0.367465 0.022704 0.016793
0 0.513189 0.434893 0.012781 0.010007
0 0.559658 0.195192 0.017050 0.013014
0 0.649113 0.558985 0.014038 0.009981
0 0.686033 0.435537 0.012611 0.009740
0 0.649089 0.655017 0.014300 0.010280
0 0.609959 0.413485 0.012567 0.009264
0 0.659430 0.276613 0.012628 0.010079
0 0.442504 0.404060 0.013753 0.011524
0 0.422297 0.325550 0.017411 0.012019
0 0.425105 0.239293 0.016823 0.013680
0 0.395641 0.503897 0.012463 0.009937
0 0.457065 0.424031 0.015372 0.012734
0 0.638280 0.634907 0.016134 0.011545
0 0.790386 0.450238 0.012111 0.009372
0 0.757670 0.278287 0.019041 0.012324
0 0.604207 0.443248 0.011936 0.008582
0 0.513027 0.694857 0.017287 0.011744
0 0.643835 0.535932 0.018422 0.011033
0 0.824311 0.289756 0.014838 0.011952
0 0.781305 0.336054 0.015537 0.013316
0 0.800608 0.276858 0.017929 0.014375
0 0.492955 0.466735 0.014960 0.011898
0 0.596156 0.486233 0.013955 0.009460
0 0.645306 0.381521 0.014790 0.012562
0 0.577494 0.356464 0.014078 0.010547
0 0.690862 0.457430 0.012233 0.009661
0 0.438848 0.433653 0.013350 0.010006
0 0.449926 0.554498 0.012342 0.009076
0 0.700852 0.294627 0.017669 0.011320
0 0.376923 0.584952 0.015147 0.011751
0 0.636249 0.243234 0.013613 0.011032
0 0.542474 0.478766 0.013944 0.010689
0 0.723330 0.680334 0.014293 0.010864
0 0.535516 0.379560 0.012429 0.009578
0 0.721747 0.644709 0.015378 0.010838
0 0.293862 0.604239 0.018860 0.014779
0 0.615562 0.574295 0.013191 0.011445
0 0.535345 0.322852 0.013755 0.010191
0 0.765152 0.527827 0.013066 0.009983
0 0.373589 0.659344 0.016154 0.011325
0 0.819550 0.394382 0.012336 0.009515
0 0.720117 0.292658 0.015396 0.011303
0 0.451668 0.304560 0.013547 0.010138
0 0.438920 0.536665 0.012907 0.008739
0 0.608134 0.351157 0.014426 0.010950
0 0.661011 0.209298 0.017459 0.012867
0 0.732185 0.623681 0.014104 0.010576
0 0.569795 0.526373 0.013221 0.008898
0 0.356513 0.598323 0.014584 0.010427
0 0.414075 0.617769 0.014943 0.010189
0 0.351367 0.211488 0.018568 0.015491
0 0.602851 0.553653 0.011778 0.008393
0 0.708080 0.630218 0.013730 0.010408
0 0.468160 0.727184 0.018190 0.013253
0 0.614935 0.210749 0.013637 0.011170
0 0.749772 0.640424 0.015453 0.014051
0 0.586348 0.248613 0.015635 0.013459
0 0.744158 0.488957 0.013060 0.010153
0 0.508401 0.652253 0.015404 0.011943
0 0.489622 0.613646 0.011343 0.008832
0 0.401004 0.401060 0.012389 0.008549
0 0.674877 0.317339 0.017955 0.012723
0 0.602482 0.330138 0.016533 0.011956
0 0.413057 0.591458 0.013217 0.010175
0 0.690113 0.477885 0.012730 0.009648
0 0.668867 0.579542 0.013112 0.010402
0 0.389715 0.362787 0.015826 0.010433
0 0.834631 0.534556 0.014476 0.011081
0 0.351005 0.342673 0.018593 0.012295
0 0.658721 0.676063 0.014689 0.013846
0 0.676819 0.684777 0.013552 0.010266
0 0.514369 0.352333 0.015040 0.011620
0 0.497238 0.352435 0.012748 0.009562
0 0.403430 0.368162 0.015096 0.009553
0 0.520667 0.449669 0.013527 0.008969
0 0.546456 0.480632 0.013973 0.009737
0 0.567912 0.322376 0.015176 0.012214
0 0.700294 0.675506 0.014735 0.011284
0 0.434320 0.682193 0.017919 0.014459
0 0.666529 0.255381 0.013669 0.010335
0 0.724640 0.223316 0.013973 0.012662
0 0.574608 0.672396 0.015589 0.011305
0 0.599995 0.276312 0.019521 0.014076
0 0.668612 0.655591 0.013729 0.009729
0 0.528638 0.678582 0.016506 0.011410
0 0.358408 0.644096 0.015146 0.012264
0 0.816251 0.478045 0.011523 0.009453
0 0.775559 0.362618 0.014151 0.012594
0 0.380500 0.312047 0.015637 0.017908
0 0.576960 0.488510 0.013100 0.008608
0 0.464642 0.665949 0.015063 0.010990
0 0.735553 0.439088 0.013657 0.010168
0 0.486106 0.505629 0.012260 0.009904
0 0.511234 0.371262 0.015963 0.012994
0 0.509779 0.540469 0.011107 0.008748
0 0.473390 0.535711 0.012137 0.008696
0 0.397487 0.557397 0.013786 0.009776
0 0.318785 0.426962 0.026187 0.016108
0 0.623170 0.557479 0.013903 0.008960
0 0.635730 0.450777 0.016741 0.009897
0 0.768572 0.489663 0.013403 0.008896
0 0.789172 0.304487 0.018043 0.014429
0 0.586337 0.664396 0.015823 0.011426
0 0.769753 0.399080 0.014278 0.011195
0 0.800567 0.435540 0.015689 0.009212
0 0.490184 0.540700 0.011987 0.008635
0 0.757453 0.438340 0.012927 0.010176
0 0.611384 0.717497 0.015619 0.011688
0 0.488557 0.638372 0.014305 0.010669
0 0.542420 0.526529 0.013529 0.008227
0 0.609670 0.231470 0.012334 0.011269
0 0.680468 0.705904 0.017367 0.010410
0 0.424304 0.499711 0.012887 0.008558
0 0.622336 0.361737 0.012626 0.009464
0 0.407649 0.341974 0.018870 0.013257
0 0.668050 0.634149 0.017260 0.011566
0 0.480254 0.485150 0.013797 0.010414
0 0.506434 0.558458 0.013704 0.009469
0 0.372232 0.605601 0.015258 0.010037
0 0.408947 0.180164 0.015163 0.011166
0 0.843894 0.479980 0.012382 0.009266
0 0.541253 0.361769 0.014236 0.009745
0 0.441089 0.688307 0.018968 0.014602
0 0.774485 0.260464 0.021397 0.014640
0 0.420984 0.555350 0.012483 0.009309
0 0.680680 0.630946 0.015769 0.011040
0 0.561499 0.434127 0.011505 0.010069
0 0.355011 0.507856 0.012522 0.009060
0 0.540295 0.164558 0.015242 0.009665
0 0.462009 0.503982 0.013403 0.009716
0 0.636718 0.354880 0.012951 0.009865
0 0.510011 0.163095 0.016486 0.009819
0 0.718554 0.253936 0.015606 0.011638
0 0.791821 0.595246 0.014859 0.011909
0 0.770393 0.613699 0.017835 0.010989
0 0.845709 0.522388 0.013557 0.009431
0 0.798279 0.614474 0.015538 0.010646
0 0.720905 0.268873 0.014145 0.010890
0 0.380321 0.554178 0.013786 0.010917
0 0.478533 0.653149 0.016194 0.011334
0 0.370373 0.345345 0.018092 0.012433
0 0.805824 0.433735 0.017504 0.009681
0 0.320933 0.333710 0.015416 0.011556
0 0.247952 0.568380 0.013034 0.010840
0 0.419996 0.537669 0.013453 0.011225
0 0.319662 0.620753 0.018174 0.014957
0 0.523953 0.393155 0.013354 0.011848
0 0.464048 0.311877 0.015322 0.010394
0 0.380007 0.565845 0.013896 0.011247
0 0.826110 0.562732 0.014392 0.011466
0 0.669593 0.571502 0.012791 0.015882
0 0.589329 0.305099 0.014764 0.011189
0 0.525006 0.403034 0.011374 0.011329
0 0.395592 0.617995 0.015717 0.009633
0 0.610890 0.256810 0.015242 0.012825
0 0.687625 0.202438 0.015095 0.010426
0 0.556975 0.362710 0.013487 0.009936
0 0.854671 0.405941 0.011668 0.009294
0 0.757530 0.603262 0.013954 0.011319
0 0.669249 0.481198 0.016646 0.009919
0 0.706452 0.650385 0.012588 0.009558
0 0.808609 0.414157 0.017404 0.012301
0 0.844661 0.495986 0.014574 0.010325
0 0.663798 0.242317 0.013795 0.012609
0 0.609204 0.251435 0.013515 0.015654
0 0.783754 0.395442 0.014141 0.011414
0 0.354079 0.626808 0.015433 0.011642
0 0.449043 0.386899 0.014456 0.009275
0 0.548240 0.450906 0.011873 0.008449
0 0.811870 0.417812 0.016439 0.013958
0 0.180591 0.509572 0.020874 0.014365
0 0.783274 0.416812 0.011642 0.008221
0 0.787716 0.478012 0.010480 0.007956
0 0.516832 0.677832 0.018700 0.014353
0 0.538856 0.739834 0.022933 0.012974
0 0.529151 0.388252 0.014520 0.011954
0 0.195933 0.419659 0.021720 0.015213
0 0.360315 0.343700 0.030055 0.012840
0 0.672101 0.683297 0.018196 0.010261
0 0.324293 0.626672 0.024196 0.015002
0 0.641713 0.722260 0.015878 0.010125
0 0.592981 0.300246 0.015521 0.013443
0 0.283278 0.320377 0.015393 0.013047
0 0.471912 0.681008 0.017548 0.012669
0 0.482405 0.519831 0.014371 0.008840
0 0.581545 0.667956 0.020768 0.014042
0 0.506959 0.514897 0.011059 0.007997
0 0.379969 0.559938 0.013601 0.016527
0 0.418825 0.309253 0.012243 0.009722
0 0.649740 0.298732 0.013614 0.010341
0 0.434496 0.483939 0.014417 0.010449
0 0.472917 0.641207 0.013882 0.010964
0 0.418799 0.253950 0.017034 0.011769
0 0.321824 0.613574 0.015523 0.013693
0 0.406939 0.610569 0.017283 0.013511