0 0.364145 0.409429 0.016496 0.012744
0 0.547416 0.310124 0.015569 0.013212
0 0.544345 0.463085 0.015373 0.011628
0 0.680907 0.415086 0.014627 0.011501
0 0.534588 0.830813 0.026428 0.018950
0 0.856422 0.537026 0.014371 0.010559
0 0.410556 0.371974 0.016135 0.013061
0 0.579021 0.794006 0.017172 0.013016
0 0.634249 0.493813 0.016808 0.015746
0 0.547163 0.433256 0.015797 0.011868
0 0.549697 0.708467 0.015134 0.012708
0 0.808113 0.484788 0.015340 0.012279
0 0.524681 0.350009 0.018074 0.014585
0 0.483635 0.283062 0.012761 0.011891
0 0.772888 0.533559 0.014421 0.011275
0 0.774307 0.513460 0.015782 0.012368
0 0.657494 0.458984 0.016634 0.013263
0 0.327505 0.461441 0.015718 0.012186
0 0.536567 0.515756 0.017117 0.013785
0 0.383015 0.771869 0.017694 0.014002
0 0.777546 0.448265 0.012513 0.010967
0 0.529400 0.660105 0.017806 0.014085
0 0.726787 0.498425 0.016796 0.011968
0 0.612162 0.329402 0.016732 0.013700
0 0.602333 0.394102 0.017705 0.014498
0 0.389327 0.425505 0.015401 0.011957
0 0.446238 0.636364 0.017521 0.012578
0 0.243731 0.471122 0.017012 0.011958
0 0.359720 0.590693 0.017538 0.014041
0 0.860775 0.691377 0.014636 0.011699
0 0.535578 0.627721 0.024396 0.016968
0 0.762766 0.582991 0.015649 0.012495
0 0.639821 0.695198 0.016058 0.012761
1 0.479564 0.751487 0.043791 0.041148
0 0.361210 0.760893 0.017782 0.013554
0 0.838222 0.523818 0.014437 0.011311
0 0.454730 0.396155 0.017934 0.014794
0 0.680442 0.741637 0.015462 0.011535
0 0.581277 0.858903 0.022095 0.017234
1 0.873332 0.475438 0.044057 0.037241
0 0.827347 0.576823 0.014065 0.012066
0 0.365164 0.315685 0.014075 0.012211
0 0.779161 0.772693 0.016909 0.011904
0 0.816979 0.503531 0.017647 0.011723
0 0.553007 0.668749 0.015551 0.012064
0 0.401328 0.460238 0.015577 0.012263
0 0.830672 0.505581 0.015862 0.011194
0 0.662139 0.437324 0.015575 0.011403
0 0.432909 0.418015 0.016538 0.014003
0 0.859178 0.446078 0.015915 0.011681
0 0.407986 0.572877 0.018214 0.014284
0 0.888459 0.520563 0.012885 0.009567
0 0.243968 0.391835 0.015202 0.012664
1 0.363712 0.663578 0.038320 0.027652
0 0.521146 0.752012 0.016887 0.013838
0 0.860548 0.570727 0.012505 0.009116
0 0.937085 0.583126 0.013090 0.010248
0 0.628833 0.827398 0.018838 0.014123
0 0.518108 0.328610 0.013815 0.011222
0 0.456552 0.536516 0.015774 0.012568
0 0.592484 0.572030 0.018295 0.013601
0 0.769688 0.671264 0.012328 0.010084
0 0.463004 0.655304 0.018060 0.017199
0 0.435486 0.847029 0.020748 0.015386
0 0.835796 0.719648 0.015100 0.011868
0 0.895257 0.568227 0.012223 0.009740
0 0.610665 0.291091 0.018471 0.015690
0 0.357208 0.778954 0.017647 0.011998
0 0.413748 0.353321 0.014185 0.011832
0 0.492828 0.494406 0.018078 0.015175
0 0.830594 0.662106 0.012271 0.009785
0 0.374100 0.512595 0.014557 0.011536
0 0.336902 0.372603 0.013717 0.010562
0 0.803901 0.652504 0.013045 0.010327
0 0.635405 0.369373 0.018627 0.012377
0 0.812829 0.595474 0.012861 0.009664
0 0.400203 0.509034 0.015003 0.011925
0 0.458229 0.342941 0.016328 0.012762
0 0.619965 0.430788 0.016470 0.012458
0 0.832372 0.605958 0.011962 0.009420
0 0.325663 0.758841 0.019610 0.015380
0 0.724029 0.681701 0.013846 0.011383
0 0.176967 0.461275 0.018010 0.015645
0 0.535752 0.256965 0.015712 0.011701
0 0.465508 0.305097 0.011474 0.009996
0 0.297411 0.436655 0.015552 0.013207
0 0.335659 0.346429 0.012543 0.010570
0 0.259450 0.594056 0.015008 0.013370
0 0.494149 0.729975 0.016860 0.012598
0 0.316903 0.550841 0.017205 0.012792
0 0.910661 0.541612 0.013353 0.009122
0 0.218929 0.532981 0.016247 0.011824
1 0.495375 0.471407 0.028367 0.022758
0 0.822531 0.677072 0.011537 0.008595
0 0.940483 0.549142 0.012830 0.010673
0 0.394599 0.396071 0.018928 0.015382
0 0.284248 0.371342 0.015139 0.012370
0 0.625043 0.545363 0.015240 0.012746
0 0.589131 0.315499 0.015391 0.017660