0 0.708498 0.317032 0.016940 0.013675
0 0.641612 0.340685 0.016428 0.011966
0 0.273916 0.492765 0.016834 0.011635
0 0.615174 0.243032 0.015495 0.012379
0 0.722717 0.352679 0.015688 0.011381
0 0.690884 0.278246 0.018005 0.014246
0 0.297928 0.340797 0.019263 0.014828
0 0.614287 0.366517 0.014536 0.012099
0 0.284592 0.473417 0.014581 0.013387
0 0.647206 0.582180 0.016645 0.012745
0 0.372255 0.702909 0.022629 0.016898
0 0.567837 0.589309 0.014388 0.011248
0 0.378206 0.633627 0.020977 0.015887
0 0.467624 0.260290 0.012913 0.010314
0 0.264200 0.303756 0.017055 0.012260
0 0.590560 0.424341 0.013571 0.011506
0 0.527569 0.250887 0.021658 0.019245
0 0.579951 0.379909 0.016026 0.013314
0 0.605607 0.582648 0.014865 0.012710
0 0.286749 0.379043 0.014187 0.011653
0 0.473578 0.451108 0.012886 0.010658
0 0.474731 0.396235 0.014712 0.012222
0 0.414553 0.408478 0.015522 0.012374
0 0.773016 0.481879 0.015816 0.011463
0 0.667569 0.405374 0.015659 0.011921
0 0.658376 0.647652 0.018646 0.015683
0 0.679942 0.652768 0.018148 0.013889
0 0.395475 0.240069 0.015822 0.012430
0 0.310054 0.619675 0.021098 0.016127
0 0.261000 0.437741 0.013536 0.011409
0 0.697198 0.681608 0.019800 0.013852
0 0.552478 0.391117 0.016684 0.013910
0 0.465263 0.360436 0.017397 0.012259
0 0.634528 0.233837 0.015115 0.012808
0 0.547626 0.323087 0.018257 0.013321
0 0.494694 0.285699 0.018433 0.015396
0 0.292381 0.512790 0.016825 0.014280
0 0.157159 0.405360 0.015791 0.011470
0 0.822410 0.384818 0.021548 0.014836
0 0.433515 0.414840 0.015839 0.012657
0 0.296586 0.524091 0.018594 0.014602
0 0.493337 0.270027 0.019677 0.013155
0 0.319959 0.556976 0.017036 0.012173
0 0.620317 0.639947 0.019815 0.014540
0 0.639662 0.485248 0.016765 0.013383
0 0.504405 0.209473 0.010685 0.009410
0 0.719299 0.561314 0.016120 0.011783
0 0.547465 0.645134 0.018942 0.015734
0 0.639386 0.277918 0.013280 0.010553
0 0.803847 0.457194 0.014389 0.012795
0 0.473599 0.311611 0.017970 0.012570
0 0.190465 0.438677 0.013201 0.011423
0 0.665318 0.628034 0.015598 0.011507
0 0.243051 0.357955 0.018407 0.013386
0 0.418644 0.556449 0.014459 0.013156
0 0.312316 0.324203 0.014756 0.012673
0 0.653652 0.617408 0.016232 0.014178
0 0.686925 0.247404 0.019897 0.016339
0 0.436149 0.592362 0.015581 0.012329
0 0.409649 0.303074 0.018948 0.013229
0 0.738791 0.438152 0.022324 0.015788
0 0.294906 0.361510 0.014577 0.012277
0 0.195723 0.441152 0.014779 0.011178
0 0.844091 0.415631 0.026854 0.016582
0 0.352382 0.497253 0.016175 0.014718
0 0.386654 0.395680 0.018304 0.013777
0 0.450496 0.402096 0.015738 0.014343
0 0.503218 0.691003 0.023988 0.019785
0 0.222383 0.545294 0.010787 0.008593
0 0.694392 0.425373 0.017998 0.012346
0 0.679562 0.712662 0.020921 0.014920
0 0.337641 0.436051 0.017496 0.015161
0 0.279526 0.338030 0.017907 0.014197
0 0.501781 0.439877 0.012690 0.009509
0 0.145240 0.496598 0.012303 0.011174
0 0.692438 0.239007 0.019927 0.013852
0 0.458775 0.335042 0.016963 0.011985
0 0.442106 0.301333 0.017367 0.012858
0 0.427560 0.746319 0.020274 0.015035
1 0.782473 0.622066 0.051643 0.037559
1 0.691706 0.512324 0.039124 0.031690
1 0.508607 0.494131 0.042254 0.037559
1 0.503912 0.556925 0.064163 0.031690
1 0.494523 0.585094 0.057903 0.026995
1 0.392801 0.440141 0.045383 0.030516
1 0.234742 0.566315 0.048513 0.024648
1 0.206573 0.592136 0.051643 0.036385
1 0.787950 0.285798 0.034429 0.041080