0 0.713262 0.712800 0.021793 0.015844
0 0.725533 0.795724 0.022874 0.017974
0 0.853191 0.473206 0.017035 0.012913
0 0.633360 0.560147 0.015462 0.012974
0 0.588860 0.833969 0.019529 0.015062
0 0.451180 0.434173 0.016338 0.013179
0 0.859413 0.769951 0.027032 0.018727
0 0.426428 0.433489 0.016504 0.013369
0 0.584082 0.698368 0.016954 0.013836
0 0.781844 0.775281 0.026123 0.017045
1 0.321844 0.675095 0.060639 0.061860
0 0.310260 0.500939 0.019268 0.014348
0 0.293552 0.570058 0.017051 0.013188
0 0.552334 0.339119 0.016803 0.013618
0 0.857581 0.361692 0.022600 0.017455
0 0.729196 0.550941 0.017873 0.014115
0 0.405038 0.402326 0.016665 0.012607
1 0.526921 0.515263 0.051525 0.040519
0 0.669794 0.697706 0.017932 0.015337
0 0.673738 0.774500 0.021260 0.016973
0 0.855063 0.565825 0.019028 0.014852
0 0.796465 0.802941 0.029109 0.026332
0 0.245021 0.568290 0.023824 0.018676
0 0.764564 0.347136 0.017990 0.015762
0 0.738714 0.857727 0.021904 0.016965
0 0.885063 0.752326 0.019726 0.015522
0 0.550716 0.832789 0.020849 0.017263
0 0.700829 0.758119 0.021421 0.018087
0 0.757363 0.440312 0.017613 0.013389
0 0.564687 0.723017 0.017402 0.013937
0 0.700597 0.457714 0.014863 0.011944
0 0.575304 0.799148 0.019578 0.015891
0 0.387636 0.531663 0.015919 0.012219
0 0.628035 0.490478 0.021829 0.015767
0 0.722401 0.457144 0.015088 0.011600
0 0.398116 0.358636 0.018537 0.015246
0 0.809645 0.374924 0.024505 0.017996
0 0.728890 0.353774 0.017814 0.013417
0 0.968348 0.480491 0.021072 0.014732
0 0.508770 0.638102 0.014782 0.012577
0 0.751920 0.516379 0.022481 0.017367
0 0.675295 0.433500 0.016813 0.013199
0 0.507803 0.396268 0.015896 0.013357
1 0.493698 0.599000 0.052887 0.045390
0 0.932450 0.476978 0.018031 0.013805
0 0.891975 0.487965 0.015565 0.012081
0 0.566709 0.594122 0.017880 0.015365
0 0.701382 0.519595 0.020175 0.015898
0 0.566856 0.385428 0.021302 0.015151
0 0.902562 0.434939 0.017760 0.014036
0 0.806696 0.489323 0.022062 0.016121
0 0.543102 0.454871 0.013764 0.011740
0 0.545288 0.868622 0.024903 0.018748
0 0.697274 0.490709 0.017690 0.013994
0 0.715284 0.381483 0.026273 0.016963
0 0.647877 0.750613 0.021525 0.017109
0 0.417472 0.357608 0.018319 0.013618
0 0.642267 0.301959 0.016402 0.014390
0 0.450015 0.684043 0.018348 0.014194
0 0.796953 0.577993 0.019621 0.017137
0 0.686064 0.367340 0.017357 0.014010
0 0.614385 0.589396 0.014679 0.012577
0 0.807964 0.403372 0.017667 0.013885
0 0.480502 0.388424 0.026159 0.019474
0 0.569038 0.286087 0.013474 0.010545
0 0.966418 0.616412 0.023310 0.017869
0 0.459691 0.513915 0.014273 0.012833
0 0.778252 0.306567 0.016172 0.013435
0 0.889090 0.638624 0.019609 0.015422
0 0.473738 0.539476 0.013779 0.011362
0 0.338322 0.436076 0.017464 0.013886
0 0.571462 0.525469 0.014406 0.012452
0 0.393948 0.791161 0.019897 0.015276
0 0.826786 0.411420 0.016117 0.013628
0 0.371042 0.382757 0.022114 0.020762
0 0.980144 0.562263 0.016805 0.013308
0 0.892025 0.529314 0.020188 0.015403
0 0.715402 0.288454 0.016599 0.012165
0 0.452802 0.390608 0.017462 0.013294
0 0.551745 0.698151 0.015657 0.012536
0 0.517817 0.576452 0.014663 0.012483
0 0.658283 0.525023 0.012606 0.011086
0 0.545195 0.889827 0.026121 0.021838
0 0.958830 0.667166 0.021029 0.017032
0 0.886373 0.511281 0.015656 0.011370
0 0.361721 0.469611 0.015117 0.012284
0 0.526935 0.442733 0.013083 0.011085
0 0.425283 0.685202 0.018290 0.015196
0 0.919451 0.580367 0.015501 0.011981
0 0.650142 0.428049 0.025537 0.015180
0 0.768971 0.656348 0.018434 0.016431
0 0.892268 0.382526 0.016591 0.013721
0 0.927041 0.441251 0.019906 0.021657
0 0.965787 0.548501 0.015005 0.012507
0 0.601849 0.316622 0.014358 0.011369
0 0.915640 0.634650 0.017358 0.013609
0 0.736342 0.675110 0.023547 0.022082
0 0.607560 0.798898 0.027069 0.024499
0 0.914720 0.485240 0.015949 0.012622
0 0.784464 0.420617 0.016059 0.011535
0 0.664490 0.869280 0.030952 0.031114
0 0.460019 0.313348 0.025912 0.019765
0 0.305411 0.452428 0.014918 0.012571
0 0.411962 0.543627 0.019235 0.014466
0 0.546309 0.878276 0.032614 0.034912
0 0.627451 0.318569 0.014371 0.011627
0 0.803755 0.444949 0.017612 0.012025
0 0.663445 0.597512 0.016454 0.015461
0 0.613650 0.788916 0.026681 0.023326
0 0.763234 0.464861 0.013326 0.009766
0 0.253566 0.513901 0.027584 0.024368
0 0.349363 0.788869 0.015839 0.012876
0 0.626727 0.288230 0.026389 0.015255
0 0.482496 0.856442 0.016859 0.013117
0 0.736393 0.406136 0.014615 0.011548
0 0.606056 0.444799 0.012889 0.011018
0 0.866674 0.388905 0.017875 0.014438