1 0.179183 0.513190 0.148724 0.154618
0 0.772952 0.792485 0.020976 0.022172
1 0.716095 0.552190 0.043115 0.045545
0 0.510367 0.664280 0.017841 0.017518
0 0.230230 0.201842 0.017687 0.016578
0 0.341884 0.352963 0.016705 0.017161
0 0.298844 0.204970 0.017816 0.018883
1 0.530019 0.346664 0.048151 0.042824
0 0.065024 0.224945 0.014556 0.015552
0 0.394426 0.119877 0.014851 0.016537
0 0.491714 0.276576 0.018840 0.019087
0 0.500244 0.469083 0.016555 0.018095
0 0.425040 0.054508 0.014597 0.016325
0 0.171034 0.673164 0.016885 0.017742
0 0.789655 0.328600 0.017291 0.017193
0 0.805898 0.223639 0.015695 0.017111
0 0.116421 0.214648 0.014384 0.014680
0 0.409347 0.530097 0.019090 0.020403
0 0.578130 0.382982 0.018319 0.019305
0 0.691485 0.477564 0.018123 0.018238
0 0.670135 0.111066 0.015500 0.016887
0 0.612051 0.541831 0.017069 0.018498
0 0.423842 0.497093 0.016077 0.017087
0 0.445097 0.807509 0.019421 0.020530
0 0.855346 0.593549 0.023053 0.025045
0 0.557003 0.843078 0.020322 0.021011
0 0.680407 0.811491 0.020597 0.021848
0 0.319131 0.121035 0.015206 0.016732
0 0.258897 0.122463 0.019176 0.018899
0 0.417549 0.374359 0.018425 0.017541
0 0.558628 0.278928 0.015953 0.016371
0 0.325398 0.185576 0.020753 0.020349
0 0.369324 0.200732 0.015504 0.016856
0 0.195821 0.406007 0.013474 0.014749
0 0.634059 0.676864 0.021017 0.022346
0 0.321290 0.675627 0.018265 0.019621
0 0.181076 0.200820 0.020384 0.023535
0 0.543342 0.519672 0.015591 0.016397
0 0.171883 0.366264 0.014216 0.015289
0 0.077374 0.184106 0.013536 0.015242
0 0.561079 0.725322 0.020079 0.022592
0 0.611858 0.357924 0.016164 0.016562
0 0.534834 0.415282 0.020473 0.020037
0 0.243330 0.086499 0.013556 0.017090
0 0.232101 0.263566 0.018944 0.018854
0 0.506986 0.872831 0.023805 0.024087
0 0.722768 0.194372 0.017436 0.018646
0 0.493329 0.160486 0.019032 0.019176
0 0.172152 0.599483 0.016909 0.016659
0 0.454984 0.062530 0.013722 0.015804
0 0.390839 0.802204 0.020075 0.021729
0 0.305305 0.394825 0.013517 0.014627
0 0.753241 0.295056 0.021822 0.022105
0 0.662175 0.342161 0.023434 0.021654
0 0.251350 0.406905 0.011997 0.012567
0 0.382323 0.064580 0.022756 0.018982
0 0.327908 0.481223 0.014092 0.014523
0 0.120136 0.269726 0.014113 0.016816
0 0.895339 0.523790 0.022597 0.028651
0 0.348990 0.167795 0.016486 0.017570
0 0.238349 0.805839 0.019774 0.019648
0 0.590989 0.233388 0.016119 0.016101
0 0.858520 0.492514 0.023622 0.022058
0 0.331471 0.308860 0.013753 0.014111
0 0.454669 0.550549 0.017029 0.017309