0 0.235929 0.405159 0.015067 0.015064
0 0.284802 0.396141 0.014412 0.015019
0 0.404651 0.847030 0.015492 0.015915
0 0.705385 0.659499 0.018007 0.017804
0 0.571407 0.778940 0.017713 0.018298
0 0.154902 0.452767 0.017432 0.016861
0 0.367723 0.876348 0.015801 0.015369
0 0.109278 0.521940 0.016047 0.016429
0 0.318547 0.777209 0.015461 0.016942
0 0.359213 0.216142 0.014508 0.014504
0 0.796325 0.695933 0.018565 0.018258
0 0.409924 0.314524 0.015769 0.015293
0 0.370840 0.930821 0.017256 0.017581
0 0.072723 0.568581 0.015332 0.015473
0 0.361766 0.960287 0.017360 0.017197
0 0.495313 0.386502 0.013953 0.014054
0 0.282147 0.782126 0.014927 0.016037
0 0.642138 0.346285 0.015002 0.015030
0 0.723259 0.730946 0.017189 0.016923
0 0.268564 0.727959 0.017091 0.017627
0 0.150886 0.294657 0.014355 0.015912
0 0.245786 0.270123 0.014081 0.015691
0 0.201545 0.487320 0.016510 0.016127
0 0.366315 0.151945 0.013669 0.014728
0 0.309350 0.592360 0.015815 0.016005
0 0.503986 0.312288 0.017292 0.016541
0 0.327443 0.317220 0.016203 0.016225
0 0.009309 0.478159 0.015960 0.016115
0 0.682347 0.466600 0.015185 0.015105
0 0.473299 0.191465 0.014088 0.014472
0 0.286654 0.479107 0.014428 0.015830
0 0.275346 0.880737 0.014850 0.015104
0 0.128762 0.428401 0.013705 0.013563
0 0.736376 0.946972 0.017233 0.017706
0 0.445028 0.196149 0.013312 0.014669
0 0.059995 0.486509 0.015732 0.014979
1 0.375770 0.643715 0.049769 0.048974
0 0.176757 0.763477 0.016517 0.016286
0 0.346339 0.253567 0.014789 0.014387
0 0.140479 0.884981 0.014634 0.014639
0 0.302919 0.723929 0.016885 0.016059
0 0.435301 0.813216 0.016666 0.016486
0 0.556817 0.541402 0.015817 0.016312
0 0.145928 0.843220 0.015386 0.015452
0 0.287505 0.658895 0.016628 0.016794
0 0.397416 0.424078 0.014864 0.014030
0 0.283795 0.560690 0.018821 0.018563
0 0.523498 0.360643 0.013524 0.014262
0 0.428529 0.407878 0.014185 0.014276
0 0.427418 0.864119 0.015345 0.015051
0 0.419838 0.163503 0.011588 0.013335
1 0.618072 0.305304 0.050629 0.048050
0 0.654459 0.549989 0.016204 0.015122
0 0.206909 0.325007 0.014906 0.014811
0 0.576412 0.301094 0.013606 0.014335
0 0.444062 0.292651 0.014359 0.013730
0 0.023876 0.805259 0.015282 0.015022
0 0.475148 0.403452 0.015419 0.014676
0 0.012212 0.383288 0.013803 0.013794
0 0.573621 0.435414 0.017267 0.017789
0 0.023396 0.688889 0.017174 0.017240
0 0.220030 0.524054 0.015391 0.014770
0 0.535565 0.163176 0.015164 0.015357
0 0.029588 0.340217 0.015147 0.015297
1 0.441154 0.247242 0.054791 0.056274
0 0.305626 0.278053 0.019580 0.016236
0 0.435933 0.316202 0.014341 0.013993
0 0.510909 0.217578 0.012943 0.013462
0 0.319751 0.907540 0.019792 0.022272
0 0.308257 0.415130 0.015964 0.015965
0 0.553281 0.745401 0.018429 0.018615
0 0.156831 0.548123 0.014844 0.014716
0 0.551377 0.720423 0.016818 0.017651
0 0.696551 0.759074 0.015565 0.016219
0 0.196784 0.736549 0.014362 0.014542
0 0.631177 0.213737 0.014432 0.014296
0 0.398749 0.573573 0.015892 0.015724
0 0.266733 0.353121 0.016557 0.017572
0 0.373597 0.237979 0.013442 0.013366
0 0.388317 0.762565 0.016275 0.015781
0 0.760215 0.701966 0.016129 0.016045
0 0.621700 0.470774 0.014962 0.015512
0 0.502126 0.180164 0.013928 0.014017
0 0.666033 0.975848 0.018605 0.018774
0 0.564053 0.329969 0.014604 0.013684
0 0.312640 0.815496 0.015483 0.016346
0 0.385397 0.342872 0.015021 0.017247
0 0.239828 0.504689 0.016223 0.016088
0 0.152483 0.657769 0.014694 0.014924
0 0.199335 0.424132 0.016013 0.016259
0 0.739356 0.687877 0.016690 0.016997
0 0.393730 0.162305 0.012817 0.014515
0 0.627459 0.382541 0.016065 0.015571
0 0.711864 0.932185 0.015503 0.016060
0 0.433389 0.344522 0.014824 0.016144
0 0.150256 0.339623 0.012805 0.013611
0 0.182179 0.889593 0.018587 0.019695
0 0.357205 0.482282 0.016946 0.018413
0 0.522625 0.271104 0.015159 0.015553
0 0.644272 0.514578 0.016644 0.015780
0 0.663280 0.267486 0.012824 0.013068
0 0.201058 0.248006 0.013788 0.015856
0 0.116072 0.230817 0.013824 0.014752
0 0.363077 0.444334 0.015074 0.014405
0 0.238358 0.725370 0.015969 0.016135
0 0.682094 0.394758 0.016810 0.017862
0 0.202371 0.864861 0.016005 0.016251
0 0.400109 0.960525 0.015242 0.015622
0 0.093558 0.972519 0.014497 0.015493
0 0.546309 0.213933 0.016134 0.016188
0 0.417525 0.443014 0.016905 0.017139
0 0.136796 0.546106 0.014296 0.015950
0 0.261701 0.145079 0.013603 0.014657
0 0.576564 0.571646 0.019648 0.017852
0 0.707542 0.259977 0.013320 0.013749
0 0.674830 0.485362 0.014252 0.013338
0 0.493284 0.335114 0.014981 0.014471
0 0.081202 0.245872 0.018135 0.015963
0 0.148980 0.800046 0.013302 0.014101
0 0.626937 0.253245 0.013699 0.013853
0 0.762777 0.346571 0.012359 0.013790
0 0.426561 0.523239 0.019256 0.016987
0 0.647740 0.687822 0.018612 0.019720
0 0.558084 0.247101 0.013312 0.014842
0 0.338326 0.824697 0.018080 0.018063
0 0.111539 0.361675 0.013215 0.012919
0 0.056726 0.291105 0.012797 0.014540
0 0.718914 0.763479 0.015417 0.014697
0 0.607234 0.502915 0.019425 0.018050
0 0.157324 0.249994 0.013124 0.015213
0 0.141350 0.976211 0.015050 0.014556
0 0.389175 0.271037 0.019529 0.017611
0 0.367456 0.377916 0.019879 0.016675
0 0.705395 0.366362 0.014043 0.014727
0 0.610258 0.425633 0.013598 0.013667
0 0.025634 0.627168 0.014588 0.014326
0 0.653781 0.772893 0.024618 0.018407
0 0.183934 0.395400 0.017571 0.020839
0 0.252411 0.611820 0.016642 0.015838
0 0.443266 0.683314 0.015130 0.015344
0 0.791307 0.893736 0.014107 0.014793
0 0.411945 0.120646 0.012505 0.013813
0 0.214368 0.345156 0.013679 0.014632
0 0.285235 0.206214 0.013012 0.014396
0 0.111904 0.783220 0.013244 0.015943
0 0.386114 0.120949 0.013712 0.014695
0 0.036455 0.581973 0.013452 0.014087
0 0.519368 0.412463 0.017469 0.016363
1 0.197822 0.178568 0.052592 0.059850
0 0.325854 0.228038 0.015245 0.015512
0 0.408323 0.394998 0.014100 0.014095
0 0.527663 0.300883 0.015577 0.016225
0 0.401489 0.743287 0.013757 0.015032
1 0.488886 0.467348 0.044940 0.049621
0 0.251264 0.814716 0.014243 0.013870
0 0.384821 0.478575 0.014924 0.016173
0 0.174117 0.263828 0.014042 0.014907
0 0.090137 0.300681 0.012744 0.012366
0 0.341058 0.556456 0.021970 0.019012
0 0.289817 0.699809 0.019513 0.025070
0 0.681192 0.251507 0.014931 0.014436
0 0.723856 0.412213 0.017255 0.021061
0 0.275587 0.850010 0.013946 0.014903
0 0.163641 0.627886 0.015632 0.016186
0 0.325609 0.542923 0.020354 0.023358
0 0.251823 0.580994 0.015738 0.016338
0 0.323167 0.393250 0.017695 0.016030
0 0.140251 0.386990 0.016884 0.017484
0 0.366169 0.790403 0.026376 0.024651
0 0.206718 0.285505 0.013865 0.015718
0 0.705006 0.486284 0.018287 0.015982
0 0.693497 0.845271 0.015669 0.016857
0 0.537291 0.434346 0.014838 0.013899
0 0.779141 0.912988 0.014167 0.013698
0 0.006694 0.894898 0.013283 0.014520
0 0.116215 0.568449 0.014669 0.014122
0 0.645120 0.175796 0.015029 0.014976
0 0.187675 0.352731 0.013506 0.013165
0 0.112541 0.989112 0.014909 0.015602
0 0.163295 0.321991 0.012358 0.012535
0 0.730342 0.355942 0.014465 0.015035
0 0.686404 0.547417 0.015732 0.017669
0 0.069275 0.465916 0.016725 0.017339
0 0.656891 0.321692 0.012968 0.012975
0 0.440484 0.151752 0.013413 0.012525
0 0.687407 0.358480 0.013461 0.014456
0 0.095129 0.436412 0.012723 0.013885
0 0.364510 0.994543 0.015942 0.010914
0 0.212206 0.552847 0.019370 0.016268
0 0.722764 0.321845 0.015983 0.016423
0 0.803501 0.333391 0.014132 0.014901
0 0.236208 0.908920 0.015746 0.016075
0 0.504768 0.775125 0.014650 0.015180
0 0.634361 0.533960 0.014982 0.017762
0 0.188396 0.315663 0.014413 0.013224
0 0.066731 0.831674 0.015089 0.017351
0 0.524855 0.234186 0.013013 0.014542
0 0.783551 0.373243 0.017644 0.016914
0 0.631910 0.441652 0.016710 0.015568
0 0.889748 0.571601 0.016550 0.017084
0 0.543946 0.405817 0.015195 0.013778
0 0.838167 0.610814 0.014195 0.014426
0 0.009500 0.569515 0.015350 0.016400
0 0.537412 0.670197 0.013180 0.014649
0 0.651865 0.287295 0.011013 0.011938
0 0.282430 0.302869 0.014293 0.015687
0 0.363136 0.521806 0.019670 0.019995
0 0.536023 0.546326 0.015973 0.014241
0 0.316526 0.671512 0.015300 0.015495
0 0.254365 0.700434 0.019688 0.020440
0 0.797376 0.780348 0.014958 0.014143
0 0.203532 0.636669 0.017507 0.015607
0 0.324319 0.649735 0.015905 0.017813
0 0.135508 0.257449 0.013713 0.013856
0 0.536393 0.465806 0.013259 0.012836
0 0.169752 0.364919 0.012069 0.014278
0 0.875775 0.535971 0.013716 0.014162
0 0.392834 0.383687 0.014409 0.014158
0 0.466842 0.159581 0.011971 0.012922
0 0.315157 0.981632 0.015517 0.016124
0 0.826325 0.422558 0.015446 0.015604
0 0.472449 0.537835 0.017455 0.018173
0 0.773382 0.949248 0.013710 0.014268
0 0.600041 0.173475 0.014599 0.016824
0 0.317757 0.140082 0.018488 0.016999
0 0.587377 0.369346 0.014808 0.017725
0 0.362877 0.419198 0.019841 0.015395
0 0.117667 0.821037 0.013520 0.017584
0 0.585290 0.334544 0.013520 0.013966
0 0.097505 0.346478 0.013791 0.016212
0 0.115708 0.844072 0.013838 0.014268
0 0.818113 0.354613 0.013968 0.015426
0 0.108686 0.744543 0.015869 0.015425
0 0.565653 0.407720 0.016043 0.015655
0 0.516611 0.647723 0.014084 0.015838
0 0.358048 0.526266 0.025588 0.021846
0 0.515837 0.145127 0.014291 0.015923
0 0.458580 0.135027 0.012354 0.013638
0 0.252324 0.345530 0.019946 0.016234
0 0.224921 0.852698 0.018913 0.019469
0 0.608697 0.393619 0.015233 0.016968
0 0.216602 0.898775 0.022551 0.017235
0 0.030014 0.430188 0.015483 0.019084
0 0.459654 0.349225 0.017476 0.019324
0 0.323630 0.144555 0.018175 0.016580
0 0.426966 0.642637 0.012026 0.012957
1 0.770906 0.548541 0.048387 0.051413
0 0.317201 0.249160 0.015969 0.014991
0 0.830163 0.555282 0.013296 0.015083
0 0.388538 0.179826 0.012184 0.012402
0 0.760253 0.308983 0.014224 0.014378
0 0.456336 0.269546 0.014623 0.014269
0 0.723689 0.225252 0.013191 0.014655
0 0.288515 0.161301 0.017401 0.019158
0 0.005828 0.817779 0.011656 0.013068
0 0.148903 0.577193 0.014828 0.017835
0 0.396672 0.253749 0.012887 0.014194
0 0.223678 0.896867 0.018971 0.018552
0 0.519484 0.480270 0.014408 0.015831
0 0.663539 0.211051 0.012407 0.013994
0 0.574093 0.204422 0.016933 0.017815
0 0.306964 0.205342 0.018105 0.021441
0 0.551574 0.265767 0.013280 0.012830
0 0.641065 0.673540 0.016484 0.019116
0 0.260252 0.789298 0.013107 0.013138
0 0.543986 0.526847 0.013464 0.014116
0 0.034143 0.884891 0.021430 0.015031
0 0.203104 0.811137 0.013871 0.014593
0 0.765099 0.282407 0.013521 0.014152
0 0.285650 0.167462 0.017570 0.023248
1 0.463411 0.637009 0.039699 0.038561
0 0.229170 0.875401 0.015817 0.020152
0 0.451237 0.116571 0.011308 0.012540
0 0.342234 0.397973 0.014789 0.013719
0 0.398544 0.516791 0.015901 0.013943
0 0.789746 0.406909 0.016440 0.015365
0 0.147731 0.480495 0.013422 0.013245
0 0.437379 0.461565 0.013977 0.016245
0 0.751114 0.246890 0.016275 0.018051
0 0.717619 0.836392 0.014577 0.014771
0 0.225226 0.198475 0.013518 0.013436
0 0.209608 0.615527 0.013401 0.015013
1 0.699057 0.804361 0.032167 0.035140
0 0.600986 0.345322 0.014519 0.015406
0 0.053936 0.411401 0.018761 0.021486
0 0.674537 0.321329 0.013355 0.012606
0 0.566996 0.181208 0.015120 0.018013
0 0.539344 0.373402 0.014975 0.014312
0 0.005997 0.357077 0.011834 0.017167
0 0.134604 0.393622 0.016607 0.018946
0 0.773882 0.313126 0.013024 0.014208
0 0.046662 0.856904 0.018796 0.018360
0 0.206731 0.760734 0.011820 0.013140
0 0.692904 0.307639 0.012856 0.013923
0 0.647935 0.252522 0.014692 0.014119
0 0.795564 0.941388 0.016019 0.014346
0 0.581853 0.990716 0.016266 0.015475
0 0.845843 0.362518 0.013228 0.015657
0 0.478739 0.357063 0.016933 0.015970
0 0.745924 0.263573 0.015390 0.015677
0 0.427619 0.553555 0.020005 0.020696
0 0.387088 0.357675 0.013679 0.016774
0 0.388075 0.496870 0.014453 0.017213
0 0.688774 0.553992 0.020048 0.023537
0 0.072503 0.438567 0.015123 0.015554
1 0.451565 0.932367 0.043478 0.053140
1 0.577773 0.951691 0.051932 0.033816
1 0.204584 0.943841 0.076087 0.030193
1 0.133253 0.188406 0.038647 0.026570