0 0.174638 0.525665 0.011045 0.016453
0 0.240280 0.480655 0.012829 0.017275
0 0.395201 0.321226 0.012374 0.017299
0 0.465332 0.753628 0.010885 0.014688
0 0.269446 0.763386 0.010693 0.015094
0 0.313448 0.713476 0.009906 0.013830
0 0.595340 0.408404 0.010772 0.015304
0 0.261536 0.853542 0.011832 0.015959
0 0.285699 0.810980 0.010477 0.013405
0 0.316054 0.306871 0.011441 0.014944
0 0.552954 0.507365 0.009951 0.013214
0 0.478794 0.828762 0.010898 0.014122
0 0.534320 0.543038 0.009741 0.013131
0 0.504391 0.769102 0.009542 0.012112
0 0.216816 0.621986 0.010641 0.015158
0 0.346897 0.620744 0.009924 0.014678
0 0.339491 0.405232 0.010452 0.013639
0 0.417679 0.879325 0.012384 0.016432
0 0.535605 0.741438 0.011401 0.015216
0 0.146708 0.377466 0.011544 0.015508
0 0.451745 0.886450 0.011497 0.014896
0 0.192196 0.505441 0.010506 0.014583
0 0.338212 0.229326 0.009648 0.013359
0 0.291786 0.776669 0.009372 0.012206
0 0.474568 0.561667 0.010408 0.014811
0 0.382832 0.726037 0.012491 0.018609
0 0.351774 0.804114 0.012192 0.016343
0 0.445139 0.389595 0.009197 0.013132
0 0.570061 0.799184 0.009813 0.012733
0 0.285003 0.524525 0.010737 0.014180
0 0.303385 0.676196 0.009781 0.013129
0 0.412335 0.474625 0.010565 0.016664
0 0.305047 0.894522 0.015654 0.019645
0 0.554014 0.747238 0.011652 0.015146
0 0.488789 0.693004 0.008759 0.013246
0 0.557381 0.565768 0.009357 0.012827
0 0.357065 0.476733 0.012939 0.013355
0 0.612706 0.425621 0.011106 0.015172
0 0.545287 0.474522 0.009792 0.012857
0 0.335844 0.367110 0.013408 0.016827
0 0.213512 0.812667 0.011049 0.015465
0 0.545032 0.295854 0.013051 0.017162
0 0.513603 0.864775 0.012322 0.015154
0 0.260633 0.706864 0.010778 0.015131
0 0.544763 0.351091 0.011267 0.014839
0 0.347490 0.857092 0.011993 0.016158
0 0.562291 0.456516 0.010707 0.016360
0 0.217095 0.288228 0.011220 0.017094
0 0.586114 0.689352 0.010419 0.014643
0 0.236780 0.868744 0.012324 0.017477
0 0.459331 0.786360 0.010055 0.012900
0 0.162237 0.730016 0.011078 0.014413
0 0.520084 0.556667 0.009709 0.012980
0 0.324445 0.608579 0.010803 0.014050
0 0.289873 0.292374 0.011288 0.014485
0 0.572713 0.326990 0.013142 0.016648
0 0.359357 0.922767 0.012915 0.016983
0 0.363639 0.677505 0.009731 0.013060
0 0.483914 0.594800 0.008935 0.012136
0 0.500782 0.420848 0.010035 0.014546
0 0.308313 0.422483 0.008650 0.012147
0 0.396059 0.421071 0.010199 0.014624
0 0.363119 0.831590 0.010705 0.014416
0 0.243810 0.681787 0.010764 0.016123
0 0.379737 0.237185 0.010214 0.015321
0 0.317679 0.759077 0.009151 0.012569
0 0.500472 0.519187 0.009427 0.012528
0 0.483694 0.518090 0.008845 0.011276
0 0.569219 0.603680 0.012427 0.016772
0 0.507009 0.817939 0.010868 0.014273
0 0.281458 0.330387 0.009661 0.013722
0 0.630044 0.398130 0.013408 0.018695
0 0.486552 0.451364 0.008634 0.012283
0 0.569455 0.735489 0.009925 0.013117
0 0.526627 0.404499 0.009920 0.014261
0 0.243490 0.283536 0.014836 0.016746
0 0.237423 0.335451 0.011491 0.014717
0 0.520504 0.357839 0.009637 0.012753
0 0.171335 0.374023 0.010433 0.013584
0 0.436389 0.447769 0.009200 0.012160
0 0.252529 0.381994 0.009596 0.012664
0 0.250470 0.619170 0.009525 0.012841
0 0.434079 0.907846 0.011971 0.015087
0 0.395604 0.856850 0.012144 0.017202
0 0.206070 0.673243 0.009059 0.012762
0 0.306632 0.515625 0.010245 0.016209
0 0.585411 0.383560 0.011274 0.014815
0 0.310062 0.459078 0.010636 0.015192
0 0.311433 0.336563 0.009938 0.013663
0 0.293378 0.705540 0.010673 0.017842
0 0.333390 0.471408 0.012163 0.017222
0 0.406077 0.268847 0.010194 0.017909
0 0.419108 0.701389 0.011337 0.015884
0 0.608369 0.371363 0.012249 0.018296
0 0.483547 0.409623 0.010021 0.014570
0 0.331920 0.880035 0.012490 0.016193
0 0.490021 0.310814 0.009883 0.012568
0 0.541346 0.854118 0.011478 0.014582
0 0.447972 0.335392 0.016558 0.018808
0 0.517235 0.702495 0.009772 0.013004
0 0.328278 0.652628 0.009441 0.012930
0 0.424016 0.227802 0.011835 0.014973
0 0.273795 0.284780 0.010995 0.018195
0 0.444400 0.926991 0.010871 0.013983
0 0.233216 0.364640 0.009911 0.012730
0 0.298059 0.617107 0.012100 0.018807
0 0.409167 0.222174 0.010202 0.014436
0 0.320670 0.494933 0.010721 0.016100
0 0.259213 0.250747 0.013554 0.017610
0 0.387325 0.491301 0.012154 0.016694
0 0.587172 0.652826 0.009019 0.011620
0 0.304480 0.580328 0.010225 0.014197
0 0.196144 0.709500 0.009856 0.014060
0 0.318347 0.808660 0.012724 0.018492
0 0.497607 0.351566 0.013022 0.014383
0 0.279626 0.624941 0.013643 0.016428
0 0.455657 0.286352 0.017585 0.020202
0 0.383849 0.922211 0.014910 0.020281
0 0.443265 0.613110 0.007514 0.011152
0 0.413213 0.373425 0.013053 0.016427
0 0.202013 0.872925 0.012376 0.016518
0 0.408985 0.623050 0.009053 0.012792
0 0.549746 0.590052 0.009351 0.012527
0 0.346990 0.438144 0.009528 0.013082
0 0.178728 0.474827 0.008888 0.011754
0 0.300493 0.863751 0.012184 0.016628
0 0.336062 0.820602 0.011679 0.014404
0 0.437742 0.830277 0.012979 0.017311
0 0.278961 0.389933 0.011998 0.014309
0 0.475934 0.627420 0.008124 0.011612
0 0.226310 0.313134 0.009409 0.014043
0 0.451354 0.429039 0.009505 0.015325
0 0.463353 0.591611 0.008894 0.011521
0 0.510012 0.324105 0.012293 0.019269
0 0.251961 0.440727 0.009649 0.013209
0 0.568196 0.697141 0.008704 0.011450
0 0.376248 0.698974 0.009863 0.014095
0 0.435742 0.283905 0.012602 0.020654
0 0.423483 0.914134 0.011620 0.015869
0 0.186314 0.815858 0.010001 0.014239
0 0.550255 0.656543 0.008686 0.012446
0 0.264745 0.824302 0.009278 0.012422
0 0.227476 0.253216 0.012514 0.018218
0 0.375156 0.268816 0.013534 0.019287
0 0.252732 0.742785 0.010010 0.012069
0 0.140118 0.681411 0.010116 0.013306
0 0.382260 0.843224 0.012343 0.017229
0 0.453876 0.483431 0.009272 0.012819
0 0.309039 0.359114 0.010717 0.015616
0 0.509945 0.489376 0.010692 0.014647
0 0.506959 0.891559 0.012223 0.018029
0 0.445966 0.654026 0.009916 0.013082
0 0.376057 0.537740 0.010559 0.014071
0 0.159995 0.758160 0.010496 0.013061
0 0.424380 0.848598 0.012183 0.019215
0 0.316974 0.534497 0.009683 0.012522
0 0.404673 0.254744 0.009726 0.015396
0 0.547672 0.422207 0.012525 0.013648
0 0.344899 0.899154 0.011905 0.014864
0 0.527365 0.879276 0.011042 0.015251
0 0.223209 0.780547 0.009195 0.014612
0 0.445922 0.801110 0.011362 0.020309
1 0.506937 0.637379 0.022114 0.030562
0 0.278562 0.450294 0.009410 0.012814
0 0.516993 0.259814 0.012182 0.017775
0 0.412061 0.442298 0.009170 0.013060
0 0.147923 0.623625 0.010502 0.012774
0 0.294947 0.847711 0.010223 0.014247
0 0.515910 0.440332 0.008784 0.012301
0 0.202688 0.446177 0.009694 0.012491
0 0.164667 0.314647 0.011619 0.015928
0 0.158900 0.795486 0.012298 0.014985
0 0.605059 0.726871 0.010126 0.013564
0 0.182622 0.352321 0.009717 0.013851
0 0.440832 0.860711 0.015660 0.017736
0 0.520418 0.596863 0.009937 0.013894
0 0.321848 0.234603 0.009869 0.014926
0 0.382710 0.431856 0.009083 0.012799
0 0.413597 0.418905 0.012033 0.015590
0 0.290204 0.369320 0.011508 0.016379
0 0.530827 0.829679 0.013789 0.016986
0 0.404261 0.915816 0.012019 0.018541
0 0.216048 0.878801 0.011544 0.014414
0 0.534577 0.431909 0.009734 0.014630
0 0.463287 0.250080 0.010709 0.016902
0 0.332354 0.928203 0.011815 0.015779
1 0.163942 0.443898 0.026979 0.041593
0 0.144131 0.590713 0.012137 0.013894
0 0.455077 0.673646 0.009171 0.012480
0 0.511266 0.396116 0.009148 0.012645
0 0.307797 0.226251 0.009305 0.013429
0 0.433623 0.410926 0.008728 0.010911
0 0.459049 0.633103 0.009097 0.012433
0 0.441038 0.694742 0.009162 0.013402
0 0.478653 0.380018 0.013982 0.015507
0 0.638335 0.545824 0.011160 0.015941
0 0.323348 0.276966 0.011852 0.017036
0 0.221298 0.357316 0.009848 0.012959
0 0.286612 0.419808 0.009843 0.020757
0 0.370590 0.568337 0.008466 0.011042
0 0.358588 0.893262 0.010968 0.015241
0 0.605862 0.681036 0.009929 0.013270
0 0.317569 0.270175 0.011960 0.017265
0 0.562727 0.391929 0.011378 0.017757
0 0.213626 0.706197 0.008768 0.011465
0 0.121782 0.698698 0.010886 0.013817
0 0.237367 0.729232 0.009859 0.014129
0 0.317264 0.587897 0.009981 0.014164
0 0.618336 0.699809 0.011519 0.017987
0 0.228677 0.825130 0.010904 0.011939
0 0.393788 0.660381 0.008345 0.013088
0 0.462748 0.821683 0.011042 0.013607
0 0.526013 0.507932 0.008509 0.014575
0 0.396217 0.837895 0.011414 0.016946
0 0.560479 0.639341 0.009411 0.011544
0 0.151845 0.545273 0.010250 0.013021
0 0.317835 0.913872 0.011626 0.016047
0 0.352032 0.265921 0.011984 0.013868
0 0.175106 0.740937 0.009270 0.012685
0 0.294010 0.260654 0.013521 0.019753
0 0.542117 0.324865 0.013023 0.016570
0 0.280693 0.674465 0.009509 0.012560
0 0.452771 0.564898 0.009195 0.012999
0 0.182559 0.675291 0.009607 0.012507
0 0.569347 0.295370 0.015253 0.019612
0 0.160693 0.662682 0.009401 0.012436
0 0.233306 0.432441 0.011715 0.014764
0 0.489221 0.258829 0.009631 0.013535
0 0.215764 0.753816 0.008447 0.011880
0 0.242356 0.648626 0.011670 0.017443
0 0.099793 0.459271 0.013277 0.018523
0 0.595789 0.750428 0.012155 0.017945
0 0.240793 0.398432 0.010227 0.013452
0 0.212093 0.422220 0.012076 0.015823
0 0.162183 0.635126 0.010409 0.014129
0 0.396591 0.498979 0.011369 0.015663
0 0.097349 0.491187 0.013794 0.020751
0 0.304222 0.485828 0.010983 0.013671
0 0.448864 0.726827 0.011322 0.013043
0 0.432901 0.516442 0.011362 0.012323
0 0.193418 0.649761 0.010688 0.014759
0 0.121366 0.479692 0.012168 0.016757
0 0.531926 0.614403 0.009514 0.010946
0 0.488972 0.479263 0.008047 0.011456
0 0.457931 0.520831 0.007880 0.012615
0 0.524518 0.521039 0.008118 0.013702
0 0.277522 0.363243 0.009214 0.012736
0 0.610581 0.761063 0.010822 0.014149
0 0.311972 0.642588 0.008307 0.011132
0 0.441863 0.473663 0.007718 0.011074
0 0.289568 0.472818 0.013081 0.014416
0 0.658904 0.519582 0.013218 0.018270
0 0.453717 0.456612 0.008143 0.013530
0 0.199817 0.632990 0.009746 0.014446
0 0.466348 0.544993 0.008145 0.011820
0 0.151846 0.331365 0.009447 0.013545
0 0.552318 0.779693 0.009159 0.012636
0 0.506501 0.672933 0.007672 0.010557
0 0.421442 0.603933 0.008824 0.012519
0 0.188388 0.789426 0.008245 0.012344
0 0.111943 0.632411 0.009786 0.014087
0 0.419352 0.547181 0.009092 0.012041
0 0.184312 0.399103 0.009344 0.012501
0 0.418969 0.380018 0.012488 0.017931
0 0.353938 0.648452 0.013692 0.021178
0 0.408055 0.542263 0.010119 0.011569
0 0.432622 0.672563 0.009089 0.011885
0 0.507063 0.544629 0.008006 0.010833
0 0.504752 0.282162 0.011110 0.014484
0 0.579891 0.710438 0.009833 0.012559
0 0.386562 0.616102 0.010611 0.013275
0 0.465879 0.704854 0.011620 0.013021
0 0.364746 0.238087 0.008181 0.011637
0 0.328250 0.432014 0.008593 0.011979
0 0.297061 0.852704 0.011398 0.024344
0 0.540244 0.264195 0.010072 0.015700
0 0.492570 0.283578 0.012262 0.016259
0 0.548554 0.874100 0.010631 0.013478
0 0.478529 0.262010 0.009189 0.013951
0 0.380604 0.210488 0.007156 0.011665
0 0.485844 0.718238 0.009322 0.012501
0 0.129045 0.586893 0.009375 0.011857
0 0.409194 0.571181 0.008980 0.012834
0 0.447696 0.794594 0.012951 0.016626
0 0.376221 0.904089 0.012180 0.015600
0 0.280181 0.225416 0.009628 0.016071
0 0.399363 0.566518 0.009984 0.014818
0 0.416432 0.693153 0.011643 0.016608
0 0.126477 0.557047 0.009744 0.013446
0 0.433594 0.575078 0.008980 0.012754
0 0.142778 0.464243 0.011408 0.016128
0 0.565716 0.378268 0.011229 0.021701
0 0.481061 0.359891 0.011681 0.012681
0 0.469946 0.727363 0.012902 0.012462
0 0.313824 0.532912 0.011717 0.013185
0 0.651747 0.475428 0.011144 0.020232
0 0.509970 0.459898 0.011344 0.014825
0 0.660723 0.554977 0.009923 0.015088
0 0.441774 0.832995 0.017242 0.017107
0 0.270585 0.565198 0.009070 0.011836
0 0.544426 0.694647 0.007905 0.011898
0 0.393863 0.648594 0.008582 0.018113
0 0.492737 0.485562 0.008986 0.013074
0 0.265476 0.676894 0.014898 0.012688
0 0.559825 0.346554 0.012458 0.013360
0 0.645806 0.580086 0.010035 0.015612
0 0.428318 0.911547 0.025331 0.015648
0 0.446423 0.860175 0.012499 0.015157
0 0.096585 0.606437 0.011213 0.014656
0 0.120881 0.669358 0.012051 0.015962
0 0.138358 0.351584 0.011359 0.017446
0 0.521909 0.279075 0.011171 0.015406
0 0.291000 0.320778 0.012894 0.015822
0 0.442754 0.285345 0.025266 0.021265
0 0.111694 0.415379 0.012047 0.019062
0 0.538179 0.427700 0.016831 0.014970
0 0.171684 0.411826 0.008212 0.012109
0 0.599711 0.702618 0.009289 0.013611
0 0.170385 0.761068 0.011206 0.013924
0 0.262411 0.451559 0.011025 0.012403
0 0.193587 0.364091 0.009409 0.013701
0 0.504090 0.235138 0.010442 0.017183
0 0.628817 0.719118 0.010308 0.015888
0 0.319391 0.591201 0.010082 0.016790
0 0.447761 0.539207 0.011526 0.012600
0 0.198825 0.415590 0.009456 0.012586
0 0.511201 0.601675 0.009040 0.013668
0 0.613831 0.386324 0.013382 0.020783
0 0.567923 0.640696 0.012083 0.012481
1 0.246881 0.832770 0.028726 0.030416