0 0.508947 0.534197 0.018992 0.015002
0 0.369359 0.571595 0.016903 0.013639
0 0.436079 0.348285 0.017161 0.013699
0 0.419778 0.552549 0.018275 0.014269
0 0.265633 0.472571 0.019605 0.015677
0 0.213395 0.396869 0.017847 0.014176
0 0.390947 0.325874 0.018245 0.013646
0 0.174328 0.547785 0.017989 0.014005
0 0.391392 0.489063 0.018925 0.014428
0 0.155063 0.423402 0.017402 0.013004
0 0.392725 0.598504 0.017733 0.013460
0 0.471636 0.753080 0.024133 0.017665
0 0.725611 0.464940 0.018254 0.014505
0 0.376344 0.389604 0.018933 0.013795
0 0.776863 0.533063 0.017745 0.014848
0 0.409170 0.212911 0.016578 0.013200
0 0.676276 0.616153 0.020528 0.014288
0 0.590909 0.602255 0.020216 0.014952
0 0.150009 0.468906 0.017347 0.013772
0 0.637836 0.435176 0.018065 0.014077
0 0.580230 0.728575 0.020778 0.016416
0 0.606924 0.385929 0.018359 0.014722
0 0.329060 0.275701 0.016765 0.013183
0 0.666171 0.347994 0.018860 0.014196
0 0.707624 0.550685 0.018694 0.013657
0 0.358382 0.277694 0.017486 0.014743
0 0.271455 0.693686 0.018745 0.013133
0 0.533064 0.276894 0.019565 0.015113
0 0.303333 0.610486 0.018903 0.013986
0 0.540748 0.453732 0.018311 0.015627
0 0.530176 0.625426 0.020333 0.017174
0 0.252912 0.706475 0.019507 0.015610
0 0.698600 0.293345 0.017424 0.013554
0 0.474627 0.232170 0.013839 0.012675
0 0.323414 0.431620 0.018393 0.014056
0 0.475445 0.576399 0.017696 0.013359
0 0.295744 0.377085 0.019755 0.014748
0 0.198627 0.332844 0.015773 0.012989
0 0.189219 0.442012 0.021154 0.014166
0 0.603409 0.519835 0.018305 0.013665
0 0.390846 0.751379 0.025067 0.019482
0 0.098351 0.567293 0.015568 0.011696
0 0.180839 0.289341 0.019783 0.014933
0 0.724803 0.692659 0.016482 0.012650
0 0.716055 0.638062 0.019601 0.014979
0 0.257599 0.281480 0.015675 0.013954
0 0.485976 0.338989 0.019681 0.013869
0 0.135708 0.582732 0.015786 0.011160
0 0.371552 0.475578 0.017198 0.013370
0 0.558261 0.658942 0.016344 0.013528
0 0.792251 0.347616 0.016932 0.013865
0 0.790723 0.580872 0.017597 0.013239
0 0.476168 0.683886 0.018140 0.013304
0 0.291288 0.228818 0.017484 0.015431
0 0.694913 0.325940 0.019161 0.014494
0 0.098781 0.520620 0.015323 0.011603
0 0.651197 0.299898 0.018216 0.014159
0 0.555021 0.202749 0.016529 0.014552
0 0.500104 0.782534 0.023417 0.016035
0 0.455724 0.582990 0.016479 0.012931
0 0.212662 0.642204 0.016133 0.011350
0 0.298472 0.263448 0.015061 0.012447
0 0.517509 0.380455 0.017525 0.017932
0 0.673684 0.514359 0.015385 0.011917
0 0.092262 0.541744 0.014789 0.011841
0 0.642452 0.325794 0.027040 0.018825
0 0.450343 0.254919 0.017050 0.015163
0 0.115601 0.585065 0.014503 0.010518
0 0.212804 0.280529 0.015122 0.012116
0 0.292339 0.439029 0.015634 0.012132
0 0.292239 0.654341 0.015966 0.012949
0 0.406704 0.651535 0.014170 0.011759
0 0.229866 0.640447 0.015505 0.012098
0 0.355877 0.362242 0.014499 0.011397
0 0.265967 0.697535 0.026882 0.017662
0 0.446448 0.475971 0.015173 0.012537
0 0.148385 0.300187 0.015937 0.015582
0 0.645851 0.730116 0.015826 0.011824
0 0.726564 0.717641 0.017184 0.011541
0 0.732825 0.266277 0.015543 0.013040