0 0.547308 0.361421 0.017135 0.012694
0 0.302431 0.396905 0.018062 0.014343
0 0.645407 0.423362 0.017735 0.012957
0 0.427274 0.541262 0.018084 0.013570
0 0.663785 0.385421 0.017631 0.013947
0 0.376669 0.515434 0.018591 0.013813
0 0.622844 0.498318 0.018463 0.013897
0 0.613130 0.638711 0.018055 0.013213
0 0.260997 0.543711 0.017703 0.013071
0 0.417946 0.576561 0.016788 0.013338
0 0.567655 0.465302 0.018427 0.015152
0 0.441310 0.638938 0.015832 0.012181
0 0.514960 0.306251 0.017753 0.014041
0 0.424225 0.618042 0.016562 0.012703
0 0.403348 0.477811 0.018185 0.014874
0 0.703043 0.559783 0.017617 0.013019
0 0.449862 0.605317 0.015127 0.011679
0 0.214179 0.575397 0.016468 0.012240
0 0.515690 0.486945 0.016807 0.013061
0 0.743494 0.577709 0.018844 0.014316
0 0.397159 0.684524 0.018894 0.014467
0 0.716465 0.328212 0.016950 0.013596
0 0.451073 0.445149 0.016141 0.012624
0 0.381096 0.388529 0.015368 0.011968
0 0.372765 0.694756 0.019083 0.015291
0 0.477547 0.242710 0.016331 0.013258
0 0.329898 0.651628 0.018105 0.012710
0 0.735825 0.452305 0.017154 0.014113
0 0.131814 0.452757 0.020748 0.014905
0 0.664754 0.491110 0.015893 0.012711
0 0.504669 0.231950 0.013569 0.011396
0 0.555957 0.588070 0.015826 0.011934
1 0.413134 0.723463 0.049070 0.039757
0 0.374724 0.350728 0.016633 0.013064
0 0.268262 0.384779 0.019528 0.016166
0 0.675415 0.438062 0.016339 0.013051
0 0.617118 0.445967 0.016602 0.013110
0 0.512934 0.705559 0.023214 0.018367
0 0.700469 0.687642 0.017937 0.014352
0 0.649874 0.229349 0.016349 0.014558
0 0.731413 0.253570 0.015895 0.013757
0 0.216530 0.597612 0.014884 0.011034
0 0.358357 0.323076 0.015018 0.016146
0 0.686123 0.427762 0.016047 0.013378
0 0.846090 0.383018 0.016805 0.013409
0 0.265593 0.267363 0.022794 0.014238
1 0.599228 0.429224 0.033551 0.028818
0 0.207447 0.611864 0.015504 0.011907
0 0.198489 0.365149 0.013728 0.010576
0 0.205432 0.453680 0.015240 0.011383
0 0.342526 0.390953 0.013985 0.011079
0 0.262651 0.689996 0.015424 0.011934
0 0.796197 0.639285 0.016398 0.011559
0 0.596843 0.318751 0.015812 0.012264
0 0.590979 0.726094 0.019499 0.017134
0 0.358061 0.333928 0.014005 0.012833
0 0.810528 0.418166 0.014844 0.012195
0 0.526333 0.574531 0.012580 0.011446
0 0.171561 0.494192 0.014916 0.011840
1 0.830134 0.409882 0.016103 0.013803