0 0.464864 0.570052 0.022499 0.017160
0 0.531768 0.744174 0.023072 0.019110
1 0.395279 0.418867 0.049161 0.038763
1 0.172807 0.760133 0.044705 0.036161
0 0.227849 0.414796 0.017739 0.013394
0 0.401593 0.818370 0.037703 0.028616
0 0.299252 0.391269 0.018857 0.015789
0 0.623839 0.412757 0.019712 0.016220
1 0.227025 0.675397 0.042084 0.035681
0 0.465344 0.664622 0.022134 0.016988
0 0.243516 0.572998 0.020058 0.016323
0 0.477308 0.638784 0.020669 0.016087
0 0.496476 0.564102 0.019760 0.014024
0 0.075689 0.723457 0.015924 0.012673
0 0.224459 0.752126 0.019687 0.015783
0 0.252564 0.591130 0.019074 0.015681
0 0.339369 0.814823 0.035756 0.027779
0 0.607822 0.770443 0.017570 0.013899
0 0.495072 0.599074 0.018467 0.014104
0 0.271809 0.712133 0.029639 0.021132
0 0.489163 0.458751 0.016726 0.014309
0 0.576227 0.400082 0.022745 0.018295
0 0.318759 0.429860 0.019818 0.015840
0 0.298822 0.307971 0.013268 0.011215
0 0.648919 0.693737 0.016679 0.013263
0 0.275338 0.502296 0.016538 0.013966
0 0.268301 0.820689 0.023123 0.019084
0 0.263085 0.443602 0.021376 0.017663
0 0.073838 0.537173 0.019843 0.016192
0 0.023807 0.479580 0.020909 0.015926
0 0.538355 0.632149 0.019057 0.015763
0 0.382303 0.374752 0.016832 0.013547
0 0.650904 0.664982 0.016320 0.012549
0 0.302096 0.573686 0.019146 0.017038
0 0.304278 0.663563 0.018675 0.014948
0 0.122128 0.809743 0.017262 0.014078
1 0.546162 0.308750 0.042941 0.028755