0 0.061240 0.366564 0.020741 0.019676
0 0.506418 0.329419 0.021597 0.020696
0 0.774301 0.435392 0.022249 0.019965
0 0.805965 0.471987 0.021939 0.020503
0 0.691860 0.517650 0.022445 0.019204
0 0.076710 0.467690 0.022504 0.019780
0 0.087407 0.388128 0.020685 0.018192
0 0.601752 0.368913 0.020769 0.019449
0 0.110731 0.424027 0.022435 0.021736
0 0.642662 0.682100 0.020219 0.018430
0 0.615509 0.195135 0.019604 0.017241
0 0.808237 0.541128 0.021606 0.019897
0 0.152261 0.455076 0.023611 0.020936
1 0.957380 0.601356 0.053998 0.052088
0 0.497515 0.398775 0.023235 0.022164
0 0.690757 0.777432 0.022831 0.020196
0 0.297765 0.626088 0.021522 0.018934
0 0.745823 0.630247 0.017707 0.016467
0 0.859361 0.702063 0.019205 0.017538
0 0.823010 0.269454 0.017072 0.016411
0 0.349183 0.434128 0.019654 0.017300
0 0.306462 0.709301 0.022669 0.021315
0 0.882336 0.477415 0.020789 0.018304
0 0.748590 0.361583 0.018713 0.016453
0 0.728552 0.582352 0.020131 0.018205
0 0.188945 0.608984 0.028545 0.028988
0 0.657926 0.464375 0.023826 0.020803
0 0.723028 0.948950 0.018296 0.016432
0 0.559315 0.277615 0.029470 0.023743
0 0.209313 0.424108 0.021312 0.019122
0 0.867349 0.380944 0.018852 0.017403
0 0.671382 0.344139 0.018606 0.017460
0 0.484402 0.109784 0.017136 0.017172
0 0.139086 0.218193 0.020941 0.018757
0 0.561373 0.130662 0.015683 0.015032
0 0.390645 0.253562 0.019416 0.017725
0 0.340235 0.346770 0.021503 0.020317
0 0.791832 0.762828 0.019519 0.018251
0 0.474051 0.472484 0.028802 0.025757
0 0.456018 0.813716 0.021744 0.019520
0 0.248572 0.364595 0.031004 0.027832
1 0.666542 0.919240 0.053852 0.052747
0 0.774781 0.260836 0.015014 0.014757
0 0.761320 0.313587 0.015894 0.015711
0 0.785134 0.632750 0.019339 0.017855
0 0.344767 0.277508 0.023308 0.019701
0 0.774561 0.225694 0.015517 0.014951
0 0.535733 0.749275 0.023629 0.025154
0 0.619327 0.954043 0.016974 0.016255
0 0.564938 0.510800 0.030905 0.023526
0 0.426355 0.228161 0.021736 0.018753
0 0.191741 0.461204 0.023181 0.020311
0 0.119765 0.848456 0.029881 0.027745
0 0.424090 0.266121 0.018594 0.019878
0 0.696999 0.964639 0.028366 0.018923
0 0.344866 0.572211 0.020195 0.020360
0 0.241314 0.942287 0.021767 0.020215
0 0.875687 0.727660 0.019754 0.022485
0 0.699230 0.351118 0.018020 0.017150
0 0.357046 0.877962 0.016764 0.015947
0 0.343368 0.658600 0.020263 0.017694
0 0.016975 0.205386 0.017468 0.018137
0 0.118141 0.715204 0.020824 0.018623
0 0.721101 0.301725 0.016361 0.016416
0 0.603420 0.760848 0.021943 0.019608
0 0.342791 0.994442 0.020175 0.011116
0 0.241670 0.466476 0.018828 0.018017
0 0.500926 0.614283 0.030067 0.024773
0 0.253301 0.857971 0.019291 0.018796
0 0.096753 0.597773 0.018447 0.017430
0 0.285631 0.161473 0.019435 0.018355
0 0.327715 0.907477 0.019283 0.017652
0 0.496216 0.060027 0.020463 0.017870
0 0.925237 0.442052 0.019062 0.017945
0 0.023268 0.989988 0.020890 0.017977
0 0.233533 0.085901 0.017467 0.015929
0 0.361655 0.810769 0.017902 0.017934
0 0.116091 0.954381 0.021894 0.020154
0 0.318530 0.817340 0.018839 0.017939
0 0.307428 0.853784 0.020381 0.018042
0 0.800841 0.900692 0.020241 0.014925
0 0.825310 0.927002 0.016597 0.017330
0 0.199226 0.194633 0.019093 0.017021
0 0.687730 0.895132 0.016460 0.016318
0 0.824337 0.943575 0.019543 0.023267
0 0.882177 0.349102 0.016990 0.017769
0 0.808736 0.899771 0.024946 0.015073
0 0.103707 0.628392 0.019064 0.017777
0 0.334137 0.478277 0.023314 0.018861
0 0.226849 0.112496 0.018475 0.017112
0 0.695687 0.937220 0.018405 0.017127
0 0.372374 0.549324 0.018559 0.018482
0 0.560199 0.087889 0.014285 0.014864
1 0.454382 0.034507 0.045412 0.041408