1 0.659450 0.236585 0.056823 0.069879
0 0.332681 0.289918 0.013092 0.018953
0 0.603177 0.641315 0.011180 0.014996
0 0.287548 0.439915 0.013336 0.017246
0 0.270386 0.496725 0.012952 0.017632
0 0.515616 0.275678 0.012096 0.015799
0 0.435779 0.708122 0.008995 0.012232
0 0.628912 0.725221 0.011136 0.015376
0 0.558293 0.795584 0.011696 0.015648
0 0.540016 0.630571 0.011299 0.016398
0 0.367218 0.453709 0.012417 0.015991
0 0.330604 0.175432 0.011808 0.017509
0 0.495851 0.356255 0.012200 0.017343
0 0.383639 0.392760 0.013082 0.014920
0 0.244555 0.371982 0.011457 0.016085
0 0.516240 0.767078 0.010206 0.014354
0 0.336622 0.239368 0.013051 0.017108
0 0.623487 0.612637 0.008950 0.013336
0 0.612661 0.775085 0.010938 0.015369
0 0.198523 0.512264 0.010271 0.014627
0 0.498690 0.190858 0.013736 0.018487
0 0.460817 0.813795 0.012668 0.018052
0 0.379827 0.271445 0.011723 0.016795
0 0.536305 0.661680 0.010042 0.013944
0 0.296751 0.316445 0.014327 0.020567
0 0.468200 0.226624 0.011406 0.016103
0 0.391275 0.431829 0.011714 0.015394
0 0.451023 0.623245 0.009623 0.013074
0 0.497989 0.760436 0.010451 0.014177
0 0.664754 0.493207 0.010207 0.013807
0 0.548488 0.860278 0.011862 0.016189
0 0.589142 0.515514 0.012555 0.015795
0 0.268346 0.391887 0.013864 0.020709
0 0.266699 0.261367 0.010826 0.014996
1 0.340958 0.594902 0.038083 0.049918
0 0.489202 0.396244 0.012861 0.016268
0 0.619259 0.569868 0.009433 0.014626
0 0.429834 0.193136 0.013886 0.020145
0 0.418745 0.369578 0.010978 0.014143
0 0.493219 0.323549 0.015549 0.019542
0 0.570946 0.170701 0.011038 0.015856
0 0.510161 0.215063 0.014233 0.017409
0 0.386128 0.722070 0.012145 0.017014
0 0.381570 0.526272 0.008952 0.012817
0 0.313293 0.337796 0.011447 0.014888
0 0.575756 0.419735 0.012428 0.018125
0 0.576452 0.364100 0.011752 0.015409
0 0.546192 0.750299 0.010581 0.013793
0 0.576108 0.198254 0.010875 0.014651
0 0.464799 0.473807 0.010736 0.014612
0 0.369773 0.829382 0.013101 0.018380
0 0.225124 0.322497 0.013163 0.017681
0 0.262959 0.558556 0.009832 0.013487
0 0.319846 0.391161 0.013579 0.017170
0 0.364381 0.293939 0.011488 0.017400
0 0.436590 0.456296 0.011261 0.015344
0 0.188844 0.392910 0.014071 0.018688
0 0.242088 0.229162 0.012944 0.019371
0 0.480827 0.735951 0.009731 0.013818
0 0.409063 0.425963 0.011283 0.015339
0 0.245077 0.294261 0.013298 0.016872
0 0.528198 0.457095 0.010055 0.013251
0 0.594451 0.148692 0.013642 0.018704
0 0.418589 0.641158 0.010339 0.016627
0 0.491653 0.695904 0.009694 0.013678
0 0.386070 0.873986 0.015987 0.020277
0 0.560677 0.494571 0.011071 0.015292
0 0.408900 0.860442 0.011469 0.014737
0 0.605877 0.408535 0.013139 0.015333
0 0.502821 0.718826 0.009072 0.011491
0 0.442375 0.776678 0.009178 0.012164
0 0.213557 0.622359 0.009346 0.013627
0 0.524905 0.321411 0.011052 0.015220
0 0.634009 0.651795 0.008588 0.011115
0 0.349915 0.137381 0.014639 0.020891
0 0.386869 0.641506 0.009258 0.012953
0 0.173531 0.368604 0.011665 0.016584
0 0.565742 0.592223 0.012591 0.019203
0 0.413591 0.788591 0.010258 0.014172
0 0.345704 0.374964 0.014035 0.023887
0 0.221122 0.589100 0.012541 0.014567
0 0.252327 0.700287 0.010950 0.014515
0 0.303841 0.264462 0.011277 0.013967
0 0.476687 0.274605 0.012287 0.018375
0 0.691398 0.436584 0.010229 0.014954
0 0.237828 0.562258 0.012788 0.016995
0 0.235161 0.430082 0.009608 0.013105
0 0.587056 0.757698 0.012740 0.017711
0 0.425564 0.301155 0.013956 0.017308
0 0.563446 0.265471 0.009806 0.014349
0 0.624692 0.804953 0.012138 0.015812
0 0.707655 0.284726 0.011131 0.015319
1 0.458566 0.130746 0.024416 0.024647
0 0.659763 0.521057 0.009526 0.013867
0 0.617002 0.177644 0.012794 0.018177
0 0.272940 0.295738 0.010974 0.013883
0 0.409240 0.565218 0.009212 0.012596
0 0.401435 0.157169 0.013892 0.018093
1 0.603163 0.258059 0.036122 0.045753
0 0.390750 0.115099 0.012046 0.016262
0 0.513454 0.608158 0.011668 0.013585
0 0.684076 0.322618 0.013705 0.017068
0 0.519278 0.841179 0.010536 0.016856
0 0.393957 0.221082 0.014485 0.022269
0 0.418976 0.914156 0.017523 0.021720
0 0.577452 0.674317 0.009687 0.012569
0 0.348081 0.657402 0.011257 0.015193
0 0.621241 0.672368 0.009788 0.013196
0 0.710376 0.597362 0.011166 0.015986
0 0.469471 0.394024 0.015403 0.019164
0 0.382034 0.482811 0.010589 0.012261
0 0.325282 0.625094 0.010563 0.016093
0 0.231106 0.352576 0.013547 0.018243
0 0.251627 0.478784 0.010506 0.014425
0 0.441626 0.636898 0.008896 0.012431
0 0.564887 0.743989 0.009286 0.011403
0 0.294547 0.239741 0.010658 0.015634
0 0.311462 0.656381 0.012886 0.018206
0 0.635149 0.190613 0.011329 0.016865
0 0.462107 0.584434 0.010886 0.015370
0 0.642228 0.478867 0.010023 0.013797
0 0.676948 0.402732 0.011095 0.016804
0 0.592460 0.374660 0.012885 0.019171
0 0.563240 0.838376 0.011573 0.018067
0 0.605121 0.199382 0.009839 0.012537
1 0.245378 0.795226 0.037810 0.058472
0 0.485311 0.582728 0.010432 0.016771
0 0.412620 0.720969 0.009772 0.014332
0 0.536165 0.535257 0.010351 0.013510
0 0.249609 0.442543 0.009853 0.013409
0 0.229868 0.675752 0.010546 0.013630
0 0.524122 0.105146 0.013055 0.017624
0 0.675534 0.639866 0.011240 0.016981
0 0.594298 0.308355 0.012834 0.018186
0 0.541384 0.829633 0.013929 0.015620
0 0.488191 0.785972 0.009942 0.012893
0 0.328895 0.818224 0.012411 0.018475
0 0.573682 0.710167 0.010953 0.016188
0 0.414533 0.135058 0.011123 0.014890
0 0.508343 0.653748 0.009211 0.013810
0 0.152955 0.404031 0.014716 0.020486
0 0.400647 0.546051 0.008409 0.012996
0 0.320153 0.573410 0.009034 0.013448
0 0.681227 0.455487 0.009003 0.012671
0 0.470392 0.759804 0.008637 0.013482
0 0.467817 0.856101 0.019048 0.020504
0 0.517467 0.502881 0.013176 0.016277
0 0.189963 0.334302 0.013541 0.020160
1 0.291504 0.729273 0.039773 0.054157
0 0.420158 0.403761 0.010800 0.014515
0 0.432591 0.533024 0.009743 0.012577
0 0.374216 0.674366 0.014361 0.016028
0 0.260739 0.320061 0.010128 0.012497
0 0.664339 0.319362 0.014506 0.019476
0 0.391289 0.669330 0.009657 0.012738
0 0.425767 0.833718 0.011204 0.018411
0 0.487916 0.527897 0.014655 0.017260
0 0.521321 0.572938 0.013942 0.018791
0 0.571635 0.445780 0.010082 0.013921
0 0.297002 0.804586 0.016481 0.017963
0 0.229914 0.706475 0.009607 0.013029
0 0.690171 0.562964 0.011164 0.014510
0 0.575895 0.479259 0.010076 0.014151
0 0.412806 0.495288 0.015318 0.017144
0 0.426185 0.753279 0.008460 0.012185
0 0.490951 0.265170 0.011378 0.015385
0 0.257083 0.217468 0.010651 0.015150
0 0.642055 0.543586 0.008496 0.012483
0 0.472051 0.416341 0.012490 0.015435
0 0.296626 0.383349 0.010179 0.015267
0 0.550998 0.396069 0.013737 0.023390
0 0.287915 0.532154 0.011208 0.016487
0 0.227008 0.524268 0.011031 0.015790
0 0.333616 0.410722 0.011776 0.015526
0 0.446769 0.569362 0.009831 0.015779
0 0.614265 0.834230 0.011806 0.019707
0 0.446294 0.385882 0.011544 0.014782
0 0.376112 0.139105 0.015036 0.018644
0 0.640078 0.453600 0.008732 0.011860
0 0.179735 0.594889 0.008727 0.013577
0 0.465882 0.530310 0.011597 0.016653
0 0.676147 0.708176 0.011185 0.014839
0 0.307875 0.366824 0.011426 0.014406
0 0.408363 0.497384 0.013496 0.016876
0 0.423446 0.446287 0.011275 0.016781
0 0.587805 0.824041 0.014375 0.018083
0 0.343014 0.635161 0.011730 0.016796
0 0.408827 0.301589 0.011232 0.013423
0 0.635463 0.511924 0.009247 0.014036
0 0.387386 0.903630 0.016538 0.019805
0 0.620728 0.554134 0.008638 0.013179
0 0.600680 0.860239 0.011703 0.016677
0 0.422217 0.536167 0.009703 0.012388
0 0.690479 0.738075 0.015815 0.018096
0 0.357173 0.788666 0.013584 0.017578
0 0.303495 0.619782 0.008278 0.010834
0 0.707740 0.338466 0.013241 0.019661
0 0.204368 0.476222 0.010231 0.014346
0 0.350316 0.552062 0.012230 0.015683
0 0.651743 0.722984 0.010544 0.014426
0 0.234767 0.626896 0.009358 0.014748
0 0.605389 0.736577 0.011481 0.014054
0 0.609170 0.472560 0.010342 0.013140
0 0.701189 0.688532 0.009824 0.013645
0 0.466003 0.690937 0.009483 0.012670
0 0.484943 0.845262 0.010483 0.015442
0 0.556791 0.362310 0.009524 0.012613
0 0.644359 0.384803 0.008839 0.012753
0 0.571755 0.129055 0.012397 0.017778
0 0.508307 0.369816 0.008319 0.011487
0 0.728870 0.408910 0.015475 0.018414
0 0.293773 0.847902 0.010423 0.016140
0 0.192937 0.653728 0.009397 0.013387
0 0.403267 0.895598 0.015687 0.020192
0 0.630685 0.783375 0.009439 0.012958
0 0.354508 0.538231 0.011626 0.015393
0 0.447379 0.588850 0.009079 0.013857
0 0.251597 0.592597 0.011880 0.012886
0 0.186905 0.614343 0.009305 0.012527
0 0.397376 0.703752 0.009617 0.012715
0 0.175462 0.309677 0.012110 0.017341
0 0.191976 0.544990 0.009863 0.013421
0 0.407713 0.479704 0.011309 0.018110
0 0.454241 0.507540 0.009452 0.013996
0 0.247315 0.537779 0.008974 0.012873
0 0.340748 0.796800 0.009603 0.012850
0 0.312129 0.517116 0.009753 0.012136
0 0.316959 0.221819 0.009592 0.013829
0 0.458199 0.169490 0.009688 0.014228
0 0.584594 0.620598 0.007887 0.011857
0 0.377468 0.580196 0.007735 0.010018
0 0.541847 0.189586 0.011565 0.017558
0 0.415671 0.173957 0.013379 0.015537
0 0.435582 0.269689 0.009870 0.014107
0 0.692270 0.538247 0.011759 0.012968
0 0.662839 0.728614 0.010808 0.014547
1 0.297385 0.201630 0.034105 0.051692
0 0.391862 0.343087 0.008922 0.012115
0 0.512581 0.469172 0.012641 0.019999
0 0.348934 0.877148 0.014803 0.018933
0 0.486053 0.782400 0.009340 0.013409
0 0.232581 0.631256 0.009565 0.017080
0 0.538482 0.430010 0.009422 0.013171
0 0.460881 0.434777 0.007907 0.011310
0 0.306258 0.451031 0.008490 0.011832
0 0.414734 0.210787 0.010155 0.013750