0 0.395700 0.784301 0.012286 0.016222
0 0.395356 0.831857 0.012969 0.016598
0 0.463259 0.571966 0.013911 0.019433
0 0.537422 0.590032 0.011797 0.015868
0 0.372455 0.564739 0.013829 0.017902
0 0.367402 0.751093 0.012936 0.017410
0 0.427553 0.609946 0.012436 0.016753
0 0.508807 0.606121 0.014839 0.020308
0 0.325541 0.673898 0.013729 0.019004
0 0.431292 0.440656 0.013747 0.018192
0 0.368569 0.698803 0.013446 0.017347
0 0.340665 0.616752 0.014636 0.019758
0 0.249982 0.525034 0.012548 0.018008
0 0.378486 0.807078 0.013323 0.017578
0 0.309991 0.501317 0.010939 0.014318
0 0.398846 0.376280 0.013718 0.019584
0 0.238239 0.735261 0.012942 0.017904
0 0.205977 0.787245 0.012593 0.017183
0 0.546140 0.377661 0.012144 0.016962
0 0.525400 0.796809 0.014462 0.020160
0 0.580918 0.528154 0.013264 0.018556
0 0.495922 0.539347 0.012315 0.018007
0 0.474207 0.737873 0.012596 0.018044
1 0.386764 0.954797 0.038438 0.058655
0 0.367400 0.904695 0.016307 0.019880
0 0.576402 0.674412 0.014803 0.019740
0 0.597911 0.845948 0.014174 0.018258
0 0.512945 0.506977 0.012633 0.017378
0 0.350764 0.923622 0.014551 0.020581
0 0.542205 0.506181 0.011743 0.016962
0 0.483118 0.264110 0.014158 0.019480
0 0.460417 0.909557 0.016095 0.022875
0 0.607890 0.689231 0.015694 0.020587
0 0.300779 0.453608 0.012379 0.016832
0 0.519002 0.455601 0.012859 0.018098
0 0.359814 0.302280 0.012733 0.016562
0 0.308720 0.871472 0.016291 0.021044
0 0.380318 0.284492 0.010299 0.014916
0 0.212213 0.818705 0.012314 0.015627
0 0.543753 0.283353 0.012828 0.017987
0 0.206014 0.841418 0.012767 0.016749
1 0.479545 0.520055 0.025508 0.038851
0 0.283199 0.417623 0.012027 0.020293
0 0.261977 0.940832 0.013802 0.017856
0 0.580308 0.392799 0.009139 0.013282
0 0.180528 0.619428 0.009310 0.013454
0 0.222168 0.514989 0.013685 0.019440
0 0.447952 0.753673 0.010822 0.014808
0 0.284116 0.432051 0.012092 0.017350
0 0.645378 0.426674 0.011355 0.016301
0 0.163436 0.500681 0.009898 0.013933
0 0.531624 0.727961 0.010644 0.015356
0 0.480078 0.663465 0.009112 0.013226
0 0.548908 0.556253 0.009521 0.013603
0 0.204741 0.361100 0.017624 0.018371
0 0.534861 0.520070 0.010154 0.013274
0 0.452017 0.498869 0.008618 0.012349
0 0.397895 0.930930 0.012243 0.016680
0 0.261471 0.713145 0.010569 0.014876
0 0.193032 0.678389 0.010080 0.016243
0 0.321216 0.820861 0.010128 0.015317
0 0.483324 0.822863 0.010714 0.015885
0 0.273711 0.646471 0.009888 0.014667
0 0.453325 0.399031 0.012964 0.017363
0 0.229801 0.853602 0.013142 0.020308
0 0.459741 0.381528 0.011008 0.014806
0 0.500855 0.316130 0.011060 0.017570
0 0.503175 0.284921 0.013110 0.020139
0 0.280178 0.510098 0.009545 0.012746
0 0.436862 0.243816 0.012216 0.017481
0 0.487816 0.879276 0.016467 0.020823
0 0.494275 0.768460 0.013151 0.020611
0 0.394064 0.638421 0.012132 0.016483
0 0.636690 0.734947 0.011018 0.014962
0 0.471858 0.836675 0.011512 0.015812
0 0.123186 0.631483 0.013835 0.019389
0 0.342956 0.749546 0.010768 0.014578
0 0.347473 0.794679 0.011872 0.016013