0 0.497371 0.579813 0.022313 0.016743
0 0.483998 0.647133 0.018513 0.015565
0 0.588063 0.427038 0.016760 0.012801
1 0.474745 0.757604 0.048273 0.038240
0 0.497399 0.789101 0.020549 0.015532
0 0.303606 0.462101 0.016945 0.013125
0 0.543712 0.716240 0.019130 0.013907
1 0.709447 0.536427 0.049149 0.036473
0 0.625595 0.405581 0.019534 0.013829
0 0.467266 0.421901 0.018616 0.014989
0 0.593079 0.380754 0.015161 0.012439
0 0.527088 0.318147 0.015838 0.013102
0 0.442105 0.593623 0.022946 0.016925
0 0.665213 0.755620 0.018531 0.013890
0 0.231960 0.680652 0.014362 0.011037
0 0.258906 0.366189 0.019680 0.015815
0 0.436114 0.832090 0.020900 0.016240
0 0.303421 0.393879 0.017813 0.014460
0 0.151651 0.550092 0.016770 0.013455
0 0.489070 0.342318 0.017194 0.016641
0 0.589813 0.355621 0.018391 0.014289
0 0.687502 0.728053 0.017258 0.013053
0 0.256699 0.672668 0.015638 0.011897
0 0.440445 0.560391 0.016871 0.012812
0 0.407526 0.475320 0.015862 0.012499
0 0.457809 0.539594 0.017545 0.013132
0 0.388382 0.619645 0.017094 0.013399
0 0.401485 0.538121 0.017026 0.013476
0 0.156730 0.381142 0.018197 0.015351
0 0.462236 0.680723 0.018962 0.015204
0 0.234112 0.536376 0.019586 0.015507
0 0.514482 0.665215 0.019586 0.013642
0 0.468887 0.462954 0.018504 0.015744
0 0.400343 0.517865 0.015814 0.012376
0 0.332485 0.358215 0.016422 0.012645
0 0.352062 0.854705 0.028531 0.020947
0 0.398626 0.564071 0.018827 0.014393
0 0.111971 0.399895 0.017180 0.013578
0 0.198888 0.347267 0.014521 0.012874
0 0.504524 0.297014 0.018176 0.015478
0 0.302469 0.347969 0.018847 0.014301
0 0.330216 0.653853 0.016024 0.011860
1 0.394802 0.409898 0.036578 0.031944
0 0.382961 0.645551 0.016130 0.013436
0 0.297561 0.587295 0.019262 0.015244
0 0.436499 0.302509 0.020338 0.014467
0 0.534075 0.518253 0.020985 0.014433
0 0.114257 0.639131 0.018258 0.015133
0 0.642162 0.360513 0.015378 0.013132
0 0.125252 0.723273 0.014383 0.011418
0 0.243521 0.455266 0.014462 0.012732
0 0.259967 0.341899 0.022298 0.013715
0 0.106205 0.485952 0.018968 0.011677
0 0.335034 0.384869 0.022187 0.018037
0 0.077086 0.727133 0.014058 0.011072
0 0.153227 0.438068 0.016336 0.013235
0 0.390795 0.595455 0.014081 0.011297
0 0.194078 0.578396 0.014185 0.011389
0 0.192401 0.558195 0.014338 0.010923
0 0.616596 0.602403 0.019862 0.016509
0 0.359826 0.676965 0.017217 0.012686
0 0.344262 0.421165 0.016830 0.013007
0 0.432092 0.329526 0.014820 0.013206
0 0.609298 0.472305 0.014398 0.014726
0 0.419297 0.281692 0.017758 0.014486
0 0.236756 0.568739 0.013407 0.009592
0 0.621906 0.509544 0.020087 0.015257
0 0.594761 0.446085 0.013739 0.011263
0 0.092260 0.657880 0.014974 0.011992
0 0.032401 0.443604 0.022325 0.018518
0 0.364356 0.783749 0.013744 0.011203
0 0.074843 0.455390 0.014336 0.011679
1 0.296748 0.700495 0.042454 0.016469