1 0.821568 0.638934 0.135651 0.140625
0 0.299967 0.345510 0.018245 0.018848
0 0.449096 0.847584 0.016050 0.016550
0 0.652204 0.630170 0.017685 0.016722
0 0.632534 0.417093 0.016228 0.016334
0 0.706545 0.418808 0.016367 0.017036
0 0.699096 0.628095 0.016393 0.016433
0 0.396640 0.777376 0.018018 0.016991
0 0.652662 0.336492 0.015060 0.014505
0 0.769503 0.498737 0.019724 0.019550
0 0.561816 0.563626 0.017490 0.017973
0 0.316841 0.839410 0.015539 0.015908
0 0.360389 0.709671 0.015874 0.016282
0 0.617179 0.463431 0.018395 0.018675
0 0.347578 0.773181 0.016899 0.016620
0 0.444389 0.617370 0.017952 0.018072
0 0.420523 0.802961 0.016648 0.017280
0 0.786867 0.290617 0.017356 0.016731
0 0.580990 0.875717 0.014681 0.014908
0 0.545212 0.650722 0.023147 0.019113
0 0.420457 0.719182 0.015257 0.016561
0 0.409226 0.666249 0.016466 0.016344
0 0.350126 0.891103 0.016233 0.016668
0 0.632857 0.352143 0.016153 0.015135
0 0.320487 0.918179 0.017425 0.017948
0 0.768292 0.338551 0.014568 0.014654
0 0.441973 0.946883 0.016294 0.016725
0 0.444773 0.706118 0.016285 0.016350
0 0.728440 0.713386 0.014982 0.014536
0 0.281174 0.414862 0.016894 0.018028
0 0.395547 0.632117 0.018418 0.018041
0 0.245006 0.183471 0.016142 0.017542
0 0.610317 0.392399 0.017055 0.016472
0 0.728131 0.270905 0.017369 0.017512
0 0.454151 0.423583 0.018544 0.018049
0 0.565764 0.731445 0.017227 0.017529
0 0.399144 0.886363 0.015483 0.015459
0 0.278071 0.879291 0.016901 0.016287
0 0.145584 0.866493 0.015423 0.015900
0 0.414186 0.932704 0.016344 0.017482
0 0.439586 0.665491 0.017138 0.016910
0 0.518004 0.757225 0.021139 0.019273
0 0.654454 0.547689 0.019168 0.020461
0 0.281048 0.689268 0.015140 0.014964
0 0.743647 0.742451 0.017321 0.015980
0 0.404710 0.216547 0.015273 0.015890
0 0.246154 0.699817 0.019068 0.020490
0 0.632745 0.305772 0.015555 0.016601
0 0.524049 0.716011 0.020726 0.021806
0 0.596437 0.788348 0.015701 0.016136
0 0.121724 0.908924 0.014432 0.014848
0 0.218149 0.496753 0.016855 0.018617
0 0.286387 0.841527 0.014259 0.014674
0 0.578325 0.773138 0.014651 0.015423
0 0.725006 0.833055 0.012947 0.014102
0 0.246853 0.392178 0.018378 0.017224
0 0.676160 0.451819 0.019580 0.022138
0 0.530636 0.818744 0.015241 0.015601
0 0.547919 0.740775 0.015592 0.015247
0 0.699610 0.782527 0.015100 0.015817
0 0.366661 0.564902 0.022173 0.021009
0 0.511256 0.435831 0.018030 0.018885
0 0.494570 0.194492 0.012834 0.013894
0 0.291506 0.924894 0.021166 0.019616
0 0.310620 0.703464 0.017767 0.017670
0 0.492324 0.808985 0.015807 0.016807
0 0.491316 0.243822 0.015871 0.016278
0 0.617221 0.963542 0.015978 0.016999
0 0.055003 0.788166 0.015636 0.016106
0 0.475677 0.541207 0.018752 0.017728
0 0.595063 0.510912 0.019295 0.019569
0 0.554413 0.278972 0.016052 0.016466
0 0.769762 0.886826 0.016261 0.017098
0 0.455953 0.763939 0.015533 0.016814
0 0.449625 0.906422 0.015565 0.017487
0 0.480569 0.216604 0.013348 0.015734
0 0.625497 0.666488 0.018568 0.020384
0 0.462706 0.984456 0.014741 0.016004
0 0.330337 0.208651 0.018225 0.019787
0 0.640887 0.862620 0.013567 0.014619
0 0.517345 0.248102 0.014016 0.015269
0 0.108325 0.931335 0.014725 0.014680
0 0.423123 0.136729 0.014859 0.018193
0 0.678678 0.907371 0.017840 0.016416
0 0.071958 0.868401 0.014875 0.014310
0 0.563591 0.821310 0.016984 0.019141
0 0.321256 0.616828 0.016696 0.017356
0 0.309743 0.875040 0.018626 0.018999
0 0.455987 0.518393 0.017774 0.018840
0 0.516445 0.198404 0.014497 0.016131
0 0.542330 0.261103 0.014561 0.017123
0 0.653435 0.772138 0.016392 0.016631
0 0.781718 0.753623 0.014549 0.015831
0 0.037361 0.598769 0.018216 0.018469
0 0.239936 0.667588 0.017319 0.017215
0 0.796270 0.734983 0.015246 0.015764
0 0.707965 0.289201 0.014573 0.013464
0 0.625234 0.266525 0.013731 0.014112
0 0.389342 0.748204 0.017088 0.017022
0 0.293669 0.593684 0.016698 0.018485
0 0.672945 0.303020 0.015479 0.016100
1 0.506347 0.135397 0.096005 0.055678
0 0.553852 0.206706 0.016727 0.017590
0 0.552424 0.797267 0.014918 0.015960
0 0.230536 0.216956 0.015534 0.016597
0 0.420661 0.192930 0.012954 0.013240
0 0.780957 0.792593 0.013518 0.012302
0 0.239263 0.779873 0.013200 0.013857
0 0.599289 0.368511 0.015227 0.014249
0 0.650121 0.473328 0.015769 0.015907
0 0.424705 0.536312 0.020309 0.025305
0 0.669004 0.994882 0.016678 0.010236
0 0.291295 0.956743 0.016144 0.015288
0 0.554136 0.986082 0.015046 0.016756
0 0.677829 0.241765 0.016638 0.019222
0 0.129925 0.554994 0.017675 0.017725
0 0.383112 0.915120 0.017123 0.024648
0 0.590789 0.739051 0.017341 0.017232
0 0.380656 0.297246 0.016638 0.018919
0 0.303961 0.558296 0.016325 0.016658
0 0.031629 0.796500 0.015245 0.016595
0 0.656565 0.732119 0.016301 0.016943
0 0.419718 0.260622 0.014138 0.015971
0 0.463914 0.871828 0.015243 0.015427
0 0.801195 0.788818 0.012449 0.013023
0 0.098345 0.852075 0.019235 0.015571
0 0.686399 0.865777 0.014625 0.014339
0 0.693090 0.751229 0.016366 0.016057
0 0.666300 0.677961 0.023298 0.020651
0 0.615982 0.327655 0.015264 0.013700
0 0.023662 0.711284 0.014655 0.016400
0 0.607357 0.168034 0.015449 0.015069
0 0.505797 0.366862 0.015554 0.016338
0 0.462621 0.317381 0.018886 0.020573
0 0.654144 0.281846 0.012813 0.012780
0 0.663301 0.970999 0.019146 0.017754
0 0.336155 0.512803 0.016926 0.018148
0 0.754498 0.832702 0.014153 0.014547
0 0.660477 0.915445 0.016825 0.016744
0 0.369687 0.753633 0.019564 0.019288
0 0.661020 0.438359 0.019850 0.017968
0 0.292614 0.223682 0.017227 0.018699
0 0.335285 0.665396 0.016871 0.017601
0 0.271703 0.447001 0.018461 0.017662
0 0.296650 0.651843 0.017357 0.017419
0 0.360017 0.660371 0.019102 0.020292
0 0.721597 0.373661 0.016877 0.017208
0 0.274024 0.653924 0.016315 0.015761
0 0.575245 0.403035 0.014857 0.015739
0 0.451684 0.238758 0.014259 0.017521
0 0.270715 0.739901 0.015647 0.015921
0 0.729785 0.334345 0.015595 0.016061
0 0.380888 0.135499 0.018324 0.018397
0 0.451433 0.222519 0.013616 0.017672
0 0.553903 0.180822 0.014974 0.019031
0 0.398256 0.441251 0.017461 0.016932
0 0.744908 0.677775 0.015314 0.015231
0 0.585773 0.951351 0.014093 0.015421
0 0.538179 0.199801 0.014774 0.016230
0 0.398678 0.164934 0.014386 0.015312
0 0.191273 0.253179 0.019581 0.019646
0 0.673225 0.673272 0.017254 0.016879
0 0.361623 0.173077 0.015012 0.016728
0 0.649401 0.712097 0.018247 0.017434
0 0.567556 0.137556 0.013342 0.014916
0 0.427708 0.455194 0.018251 0.016865
0 0.252323 0.642588 0.014516 0.014477
0 0.304083 0.428455 0.017703 0.018690
0 0.598082 0.199833 0.013199 0.017818
0 0.325623 0.576052 0.016386 0.016735
0 0.137181 0.265411 0.016040 0.018720
0 0.662034 0.702590 0.017130 0.020950
0 0.592769 0.494872 0.018976 0.028012
0 0.773100 0.837979 0.014533 0.017807
0 0.173694 0.983020 0.016083 0.017791
0 0.354545 0.437948 0.017991 0.018988
0 0.425494 0.340278 0.017833 0.020154
0 0.311336 0.133056 0.015193 0.017103
0 0.678733 0.295307 0.017018 0.018760
0 0.311137 0.495269 0.018098 0.020225
0 0.262705 0.595509 0.016313 0.018057
0 0.682923 0.959912 0.017063 0.018830
0 0.433471 0.646832 0.015296 0.017501
0 0.319529 0.754400 0.016400 0.015365
0 0.529523 0.409368 0.018388 0.019140
0 0.349744 0.613790 0.016723 0.018334
0 0.373148 0.192532 0.014327 0.014765
0 0.280922 0.780148 0.015328 0.015750
0 0.279623 0.168560 0.018124 0.019244
0 0.628954 0.219090 0.016620 0.015637
0 0.777454 0.718602 0.014206 0.014510
0 0.742719 0.916088 0.015196 0.017220
0 0.478921 0.485570 0.019083 0.021041
0 0.335060 0.148694 0.013346 0.014707
0 0.082068 0.516821 0.016748 0.017591
0 0.668832 0.203927 0.014414 0.015737
0 0.590431 0.987928 0.016735 0.017228
0 0.327982 0.794258 0.017815 0.016759
0 0.330025 0.255578 0.015816 0.017025
0 0.044435 0.876506 0.015157 0.015455
0 0.246514 0.137307 0.015616 0.016906
0 0.086782 0.911969 0.017051 0.018658
0 0.405741 0.819516 0.017453 0.016852
0 0.119855 0.975907 0.013863 0.016129
0 0.547588 0.840644 0.018406 0.015779
1 0.166715 0.716403 0.030742 0.025253