0 0.691920 0.616341 0.021139 0.017123
0 0.481339 0.666091 0.020939 0.016632
0 0.369458 0.498166 0.022066 0.016459
0 0.706472 0.829254 0.023551 0.018941
0 0.465266 0.546707 0.023140 0.017787
0 0.673906 0.685666 0.019616 0.015759
0 0.321161 0.529192 0.022386 0.018013
0 0.293122 0.847820 0.018541 0.014537
0 0.458665 0.481388 0.019934 0.015974
0 0.579726 0.861237 0.023829 0.019008
0 0.639084 0.834153 0.023939 0.018001
0 0.544724 0.538884 0.025230 0.018463
0 0.337049 0.749187 0.024337 0.018376
0 0.429282 0.953349 0.021978 0.017870
0 0.509097 0.928293 0.024275 0.019028
0 0.294114 0.660089 0.018720 0.014779
0 0.553819 0.433701 0.022756 0.017563
0 0.581768 0.439888 0.019517 0.016616
0 0.362687 0.880371 0.022050 0.019409
0 0.791622 0.558247 0.023980 0.018415
0 0.757050 0.635710 0.018777 0.015109
0 0.257983 0.872663 0.016465 0.014107
0 0.539712 0.935457 0.022454 0.017308
0 0.526212 0.680954 0.025266 0.021731
0 0.621232 0.474307 0.024872 0.019479
0 0.734583 0.870445 0.027386 0.022480
0 0.674557 0.571159 0.018954 0.015850
0 0.352286 0.527504 0.019457 0.015354
0 0.887419 0.545064 0.024046 0.017237
0 0.441995 0.880510 0.020393 0.017086
0 0.642779 0.873232 0.025355 0.021236
0 0.843885 0.696258 0.015198 0.012631
0 0.747095 0.665610 0.019041 0.014248
0 0.397494 0.895601 0.023824 0.019879
0 0.148482 0.583708 0.024085 0.021340
0 0.757433 0.477808 0.037503 0.027608
0 0.322295 0.439640 0.025222 0.024044
0 0.263910 0.721341 0.019592 0.016079
0 0.185468 0.561641 0.020466 0.017115
0 0.481805 0.821727 0.017969 0.015107
0 0.289522 0.882267 0.021632 0.016092
0 0.872610 0.572490 0.022418 0.020425
0 0.755396 0.614440 0.017563 0.013628
0 0.388797 0.593955 0.027237 0.025230
0 0.521989 0.930877 0.041015 0.017957
0 0.544266 0.772460 0.022557 0.019829
0 0.717368 0.509550 0.018989 0.015005
0 0.671952 0.663421 0.017757 0.013404
0 0.281474 0.548602 0.018102 0.015354
0 0.565311 0.695940 0.017575 0.016523
0 0.375871 0.539132 0.023727 0.017562
0 0.559280 0.954303 0.024628 0.021191