0 0.736496 0.412588 0.013355 0.010548
0 0.579724 0.423559 0.015310 0.012038
0 0.579145 0.501629 0.016479 0.012045
0 0.434419 0.232009 0.014996 0.013287
1 0.316155 0.574066 0.052662 0.033467
0 0.531329 0.226236 0.014757 0.011836
0 0.469338 0.366106 0.013239 0.010547
0 0.530892 0.412017 0.014069 0.011063
0 0.757373 0.354933 0.012781 0.010680
0 0.492970 0.256514 0.015636 0.013975
0 0.638588 0.378086 0.016508 0.013284
0 0.464378 0.549520 0.014385 0.011143
0 0.485171 0.422839 0.013565 0.010516
0 0.481123 0.617784 0.014550 0.010853
0 0.404068 0.474187 0.014422 0.011786
0 0.594972 0.257358 0.015009 0.011365
0 0.466855 0.268508 0.014402 0.011199
0 0.655435 0.322703 0.017622 0.012975
0 0.610368 0.324726 0.016781 0.011971
0 0.639450 0.447069 0.013895 0.012660
0 0.325886 0.410811 0.014435 0.011576
0 0.555993 0.276007 0.017597 0.014951
0 0.806851 0.411759 0.013450 0.010260
0 0.624985 0.284191 0.015918 0.013967
0 0.448583 0.591127 0.012579 0.010031
0 0.316339 0.353368 0.014832 0.013022
0 0.622185 0.487937 0.012196 0.009499
0 0.239935 0.518206 0.011991 0.009825
0 0.457621 0.414107 0.015223 0.012349
0 0.250687 0.542507 0.012148 0.010542
0 0.329967 0.495193 0.014536 0.011905
0 0.742523 0.505033 0.012628 0.009798
0 0.724462 0.490285 0.014277 0.013010
0 0.558245 0.480869 0.014984 0.013231
0 0.357778 0.570940 0.013260 0.011620
0 0.698485 0.460453 0.014554 0.010945
0 0.313858 0.306728 0.014598 0.011377
0 0.526654 0.371386 0.015876 0.012173
0 0.657825 0.401585 0.013994 0.012492
0 0.667644 0.456356 0.013898 0.012192
0 0.490233 0.521588 0.012364 0.010914
0 0.384405 0.548419 0.012668 0.009636
0 0.435209 0.633525 0.015680 0.012470
0 0.523477 0.512212 0.012381 0.009433
0 0.600204 0.469173 0.014573 0.009897
0 0.631776 0.555617 0.012420 0.009780
0 0.709179 0.252068 0.014668 0.012327
0 0.623842 0.343775 0.014224 0.011049
0 0.558611 0.372977 0.012877 0.011485
0 0.674603 0.283363 0.014989 0.014022
0 0.642512 0.347973 0.015390 0.011165
0 0.547501 0.205693 0.014862 0.013456
0 0.609462 0.426562 0.013110 0.010593
0 0.706610 0.337223 0.024168 0.015482
0 0.714681 0.475513 0.012466 0.009335
0 0.306029 0.518578 0.016414 0.012175
0 0.585846 0.300239 0.016249 0.013428
0 0.748569 0.541833 0.012909 0.010281
0 0.298449 0.255482 0.014490 0.012888
0 0.839492 0.331030 0.016497 0.013069
0 0.880750 0.372480 0.019634 0.016221
0 0.340937 0.387464 0.014104 0.011616
0 0.759803 0.379317 0.013218 0.010786
0 0.423300 0.289869 0.024728 0.020009
0 0.231728 0.318959 0.016292 0.014426
0 0.230002 0.442501 0.012839 0.009488
0 0.197983 0.496270 0.012734 0.010252
0 0.278318 0.303780 0.015677 0.012991
0 0.707504 0.358882 0.012628 0.011029
0 0.559917 0.650156 0.018782 0.016472
0 0.361924 0.224554 0.015505 0.013238
0 0.475635 0.305227 0.016034 0.013176
0 0.271797 0.492751 0.012624 0.010141
0 0.686153 0.301838 0.014831 0.010779
0 0.843178 0.396781 0.012892 0.010135
0 0.475980 0.229759 0.013191 0.015207
0 0.440735 0.312385 0.013048 0.011173
0 0.768463 0.545306 0.013556 0.009817
0 0.441614 0.343815 0.016130 0.012393
0 0.354463 0.629340 0.015654 0.012147
0 0.174569 0.413241 0.014024 0.014088
0 0.541117 0.636336 0.017387 0.013326
0 0.438673 0.473348 0.013401 0.010952
0 0.542238 0.429370 0.012322 0.009730
0 0.342166 0.510967 0.010960 0.008498
0 0.279682 0.350759 0.014589 0.012814
0 0.419448 0.457613 0.014907 0.010338
0 0.402742 0.605757 0.014369 0.011129
0 0.790325 0.524280 0.016996 0.013276
0 0.499372 0.548460 0.011945 0.009343
0 0.369393 0.336423 0.016247 0.013110
0 0.719089 0.393592 0.021032 0.015531
0 0.583704 0.349301 0.013505 0.011517
0 0.756951 0.557433 0.013191 0.010606
0 0.782359 0.422506 0.013190 0.011497
0 0.491473 0.446390 0.012889 0.009634
0 0.449689 0.432416 0.012648 0.009430
0 0.516593 0.306314 0.013344 0.011643
0 0.263382 0.417850 0.015732 0.012615
0 0.589867 0.210424 0.012319 0.011678
0 0.515565 0.200629 0.016467 0.014333
0 0.807461 0.497566 0.012532 0.010400
0 0.756863 0.476854 0.013412 0.014370
0 0.409997 0.364136 0.016259 0.012522
0 0.456086 0.381458 0.012278 0.009478
0 0.758392 0.315988 0.015855 0.012764
0 0.305168 0.424734 0.013442 0.010759
0 0.794639 0.471760 0.016249 0.014345
0 0.772455 0.436047 0.013300 0.010190
0 0.721505 0.302289 0.015344 0.011494
0 0.228235 0.550163 0.013367 0.009637
0 0.457507 0.247800 0.011356 0.009148
0 0.449554 0.490772 0.014463 0.010073
0 0.682027 0.431798 0.011906 0.009562
0 0.607829 0.510045 0.013171 0.010659
0 0.811389 0.353278 0.013289 0.011097
0 0.684802 0.565759 0.014349 0.011538
0 0.496492 0.498682 0.019418 0.012099
0 0.490239 0.350483 0.013755 0.012548
0 0.781671 0.328836 0.016859 0.015461
0 0.742744 0.273833 0.013888 0.011778
0 0.620198 0.273123 0.014067 0.010383
0 0.769304 0.460059 0.012423 0.009120
0 0.416616 0.539921 0.013084 0.009927
0 0.326771 0.597714 0.012698 0.010362
0 0.341670 0.275030 0.013690 0.013907
0 0.696798 0.534926 0.012318 0.009954
0 0.837948 0.370692 0.018596 0.014183
0 0.402400 0.246842 0.014352 0.014424
0 0.583278 0.232838 0.012570 0.012538
0 0.549321 0.360820 0.013351 0.010004
0 0.606010 0.633257 0.015784 0.012037
0 0.780176 0.564223 0.017356 0.013696
0 0.527138 0.474942 0.012937 0.013216
0 0.814100 0.434304 0.014351 0.009310
0 0.624070 0.420654 0.015207 0.011259
0 0.428394 0.390686 0.015948 0.012368
0 0.752698 0.441467 0.012828 0.010156
0 0.723059 0.443016 0.012733 0.009007