0 0.502297 0.520217 0.013988 0.010257
0 0.465378 0.744362 0.011808 0.009331
0 0.430653 0.416273 0.017215 0.012571
0 0.644394 0.815347 0.016383 0.012304
0 0.256487 0.514032 0.015060 0.010447
0 0.341860 0.412361 0.013936 0.010085
0 0.575005 0.497840 0.016921 0.013538
0 0.501619 0.386329 0.013535 0.010481
0 0.379177 0.665786 0.015148 0.011806
0 0.303584 0.715856 0.014643 0.011109
0 0.587083 0.756318 0.017162 0.013627
0 0.668044 0.446708 0.015813 0.013190
0 0.432485 0.793369 0.012061 0.009467
0 0.355368 0.569658 0.012700 0.009470
0 0.308803 0.414443 0.015154 0.010901
0 0.391260 0.347429 0.018366 0.013775
0 0.341353 0.347491 0.014434 0.012852
0 0.466272 0.320665 0.013566 0.012644
0 0.832400 0.458538 0.016618 0.013853
0 0.232565 0.404637 0.015914 0.011679
0 0.118317 0.555979 0.016405 0.011825
0 0.372191 0.538413 0.013271 0.010776
0 0.813983 0.438873 0.019420 0.015652
0 0.327013 0.689920 0.013683 0.011722
0 0.441766 0.639701 0.015995 0.013801
0 0.535951 0.632792 0.017262 0.011444
0 0.753772 0.495883 0.018016 0.013421
0 0.729947 0.494807 0.017804 0.013834
0 0.208131 0.470773 0.012993 0.010851
0 0.335303 0.764201 0.014773 0.010196
0 0.513452 0.497034 0.016828 0.012899
0 0.324084 0.734276 0.014373 0.011596
0 0.566527 0.714385 0.013834 0.010497
0 0.214059 0.722390 0.014534 0.011788
0 0.431786 0.449516 0.018785 0.013988
0 0.404578 0.487037 0.014357 0.010079
0 0.489423 0.452561 0.013718 0.011038
0 0.563735 0.672149 0.017505 0.012999
0 0.756483 0.407118 0.013659 0.010459
0 0.508127 0.610833 0.015730 0.011299
0 0.477688 0.800393 0.020921 0.016186
0 0.177698 0.469465 0.019539 0.015632
0 0.262252 0.557187 0.013715 0.010093
0 0.220314 0.696666 0.012714 0.008996
0 0.501529 0.334108 0.014685 0.011812
0 0.175223 0.697122 0.015752 0.012485
0 0.776407 0.461870 0.014063 0.010424
0 0.464964 0.864386 0.021146 0.016131
0 0.623140 0.683013 0.015064 0.011250
0 0.414824 0.724702 0.012783 0.010720
0 0.718953 0.770213 0.016358 0.013934
0 0.359635 0.494065 0.013149 0.010123
0 0.385756 0.586403 0.011530 0.008942
0 0.396686 0.468438 0.016238 0.012316
0 0.461762 0.543531 0.014496 0.011607
0 0.151615 0.478229 0.015425 0.012693
0 0.309422 0.480054 0.011951 0.009822
0 0.272167 0.785125 0.016507 0.012137
0 0.277543 0.759759 0.013434 0.011151
0 0.135913 0.573802 0.014194 0.011640
0 0.657854 0.512269 0.013317 0.011503
0 0.791730 0.406472 0.015592 0.012175
0 0.590553 0.447190 0.015522 0.012864
0 0.333641 0.533698 0.015348 0.011841
0 0.324611 0.440624 0.018934 0.011396
0 0.214373 0.432959 0.017129 0.015495
0 0.696212 0.437722 0.016960 0.012086
0 0.250449 0.364577 0.014032 0.011441
0 0.608439 0.801162 0.014781 0.012425
0 0.682010 0.801011 0.013555 0.010580
0 0.354304 0.301172 0.015496 0.011908
0 0.776406 0.436241 0.016042 0.013799
0 0.406957 0.612424 0.012128 0.008733
0 0.346823 0.796448 0.016116 0.012889
0 0.439917 0.595513 0.015826 0.011984
0 0.535838 0.827656 0.018090 0.015313
0 0.389585 0.703553 0.013511 0.011534
0 0.497643 0.582777 0.020734 0.015389
0 0.476289 0.602483 0.017544 0.011828
0 0.707829 0.419462 0.017485 0.013598
1 0.544568 0.418330 0.049279 0.031535
0 0.393196 0.327266 0.017585 0.012353
0 0.559539 0.769246 0.015951 0.012345
0 0.302873 0.777553 0.013901 0.010821
0 0.548779 0.447734 0.015532 0.012101
0 0.574861 0.686489 0.016434 0.012416
0 0.228659 0.733883 0.012990 0.009570
0 0.323256 0.514244 0.013580 0.009333
0 0.330232 0.605490 0.012013 0.009967
0 0.799102 0.526027 0.016475 0.012485
0 0.349748 0.625938 0.012384 0.010030
1 0.609821 0.546755 0.048912 0.035961
0 0.202717 0.680061 0.013196 0.009381
0 0.590965 0.735274 0.014711 0.010350
0 0.489629 0.404586 0.012787 0.009761
1 0.853713 0.614710 0.045638 0.034143
0 0.594105 0.699777 0.014647 0.013047
0 0.434362 0.770252 0.011989 0.008729
0 0.230478 0.655604 0.011050 0.008189
0 0.324231 0.315495 0.016708 0.015588
0 0.459218 0.397995 0.018716 0.014863
0 0.340732 0.716259 0.015619 0.013459
0 0.320120 0.567382 0.014340 0.011652
0 0.473556 0.651201 0.018461 0.012991
0 0.431602 0.845515 0.015041 0.011665
0 0.706583 0.479829 0.015461 0.012625
0 0.650681 0.686779 0.016686 0.014542
0 0.291526 0.793580 0.016423 0.011066
0 0.337679 0.480409 0.016379 0.014186
0 0.427966 0.821805 0.015005 0.011438
0 0.575177 0.812986 0.022189 0.018073
0 0.843677 0.501845 0.015793 0.012679
0 0.160812 0.590711 0.011561 0.009852
0 0.518859 0.724462 0.013157 0.010293
0 0.628024 0.704974 0.018465 0.014040
0 0.658037 0.769302 0.013669 0.010736
0 0.731426 0.436643 0.012765 0.009412
0 0.645690 0.471171 0.017285 0.014171
0 0.539250 0.726915 0.019468 0.012171
0 0.693812 0.665940 0.020117 0.014087
0 0.235905 0.547943 0.022151 0.016161
0 0.457871 0.427993 0.017442 0.014869
0 0.323225 0.390189 0.012764 0.010102
1 0.286872 0.446580 0.035854 0.022473
0 0.249901 0.640440 0.013114 0.010231
0 0.364650 0.734674 0.018536 0.015820
0 0.358984 0.603515 0.013271 0.010122
0 0.550822 0.334627 0.013787 0.012329
0 0.422904 0.358077 0.015950 0.012713
0 0.635026 0.449139 0.013063 0.011590
1 0.446012 0.676971 0.036435 0.028240
0 0.698025 0.634918 0.023600 0.015526
0 0.377389 0.844347 0.017647 0.013738
0 0.542348 0.746009 0.015483 0.013439
0 0.304070 0.582644 0.016203 0.010525
0 0.412456 0.515722 0.012682 0.011874
0 0.187369 0.662176 0.012229 0.009731
0 0.595443 0.573812 0.012355 0.009443
0 0.711488 0.389258 0.015134 0.011143
0 0.421851 0.766318 0.012566 0.009720
0 0.507353 0.319550 0.011277 0.009902
0 0.328728 0.831223 0.017020 0.014155
0 0.704251 0.466018 0.015357 0.011872
0 0.376194 0.436189 0.015300 0.013703
0 0.381148 0.399376 0.011902 0.009347
1 0.585614 0.347269 0.041084 0.039299
0 0.742544 0.361395 0.015328 0.012111
0 0.253534 0.706696 0.016422 0.011594
0 0.325995 0.806573 0.016120 0.013148
0 0.638788 0.402307 0.016217 0.010745
0 0.390945 0.804407 0.016370 0.014295
0 0.526146 0.789671 0.011178 0.008460
0 0.194051 0.374101 0.013260 0.011497
0 0.471823 0.525600 0.012092 0.009126
0 0.399454 0.747272 0.012530 0.011875
0 0.250642 0.435699 0.012367 0.009350
0 0.116256 0.518541 0.013438 0.009913
0 0.385156 0.770755 0.020428 0.011944
0 0.270726 0.421794 0.014740 0.011517
0 0.291153 0.357247 0.012407 0.010619
0 0.245473 0.390635 0.014383 0.011385
0 0.285407 0.416179 0.014185 0.010465
0 0.396848 0.830508 0.023289 0.016770
0 0.281888 0.497298 0.010586 0.008716
0 0.509461 0.297548 0.011715 0.012473
0 0.458239 0.478083 0.015063 0.013799
0 0.654738 0.482444 0.013192 0.009662
0 0.814927 0.509573 0.013049 0.010272
0 0.673441 0.359535 0.017016 0.013698
0 0.484082 0.709075 0.009689 0.008042
0 0.509722 0.352177 0.013045 0.009119
0 0.117667 0.621783 0.015879 0.012615
0 0.520151 0.548895 0.015313 0.012696
0 0.379225 0.444266 0.014698 0.013375
0 0.661670 0.467065 0.012879 0.010380
0 0.457039 0.573391 0.013269 0.011681
0 0.643975 0.530723 0.017250 0.012540
0 0.351541 0.844636 0.015557 0.012001
0 0.464613 0.833658 0.012719 0.009618
0 0.399515 0.781300 0.011515 0.009792
0 0.619764 0.341074 0.014998 0.012584
0 0.588938 0.437464 0.013197 0.012375
0 0.648036 0.755909 0.016060 0.011503
0 0.343395 0.450161 0.010593 0.008471
0 0.415692 0.562805 0.011932 0.008742
0 0.615208 0.588908 0.012896 0.010566
0 0.191808 0.748564 0.012949 0.010521
0 0.388450 0.711691 0.012038 0.011058
0 0.848154 0.566505 0.013168 0.010330
0 0.279598 0.640005 0.012761 0.009935
0 0.380544 0.640753 0.011364 0.009361
0 0.694793 0.386149 0.015055 0.009975
0 0.220482 0.640294 0.012625 0.009505
0 0.439491 0.476481 0.014745 0.013807
0 0.416665 0.537194 0.010546 0.009087
0 0.494373 0.562501 0.017786 0.011648
0 0.534595 0.582331 0.017912 0.012196
0 0.109823 0.586961 0.011987 0.009153
0 0.553300 0.814086 0.018778 0.012965
0 0.151510 0.613998 0.020208 0.015648
0 0.506656 0.643814 0.016975 0.012627
0 0.314414 0.359951 0.013267 0.010012
0 0.169564 0.439511 0.022513 0.013835
0 0.458893 0.565882 0.013140 0.017607
0 0.843453 0.517816 0.016989 0.011267
0 0.375134 0.508276 0.013927 0.009955
0 0.160578 0.645172 0.010535 0.009472
0 0.125753 0.454737 0.017681 0.016015
0 0.173039 0.744576 0.015626 0.013644
0 0.346024 0.697781 0.016444 0.008907
0 0.428951 0.354193 0.016356 0.013551
0 0.395164 0.563106 0.010090 0.007647
0 0.654876 0.413235 0.011548 0.008991
0 0.474151 0.675809 0.012954 0.011420
0 0.387261 0.715149 0.011869 0.010020
0 0.431340 0.285912 0.014737 0.012228
1 0.216964 0.600033 0.046845 0.026350