1 0.178958 0.513882 0.147870 0.156994
0 0.342139 0.353289 0.017203 0.017696
1 0.716096 0.552512 0.043303 0.045074
0 0.773339 0.792430 0.019815 0.020888
0 0.230004 0.202139 0.018071 0.016867
0 0.509903 0.664416 0.017813 0.017554
0 0.299164 0.205045 0.017861 0.018802
1 0.529506 0.346975 0.048117 0.042864
0 0.806410 0.223874 0.016370 0.017753
0 0.500332 0.469900 0.016611 0.017982
0 0.064419 0.225002 0.014504 0.015832
0 0.691681 0.478215 0.019064 0.019328
0 0.425547 0.055025 0.014903 0.016439
0 0.394524 0.120077 0.014958 0.016854
0 0.492023 0.276992 0.018421 0.018362
0 0.424250 0.498253 0.016298 0.016703
0 0.577756 0.383655 0.018406 0.019434
0 0.409441 0.530985 0.019288 0.020434
0 0.669997 0.110781 0.016109 0.016661
0 0.115386 0.215371 0.015075 0.015336
0 0.319406 0.120848 0.015312 0.016668
0 0.790504 0.328628 0.017554 0.016895
0 0.258627 0.122716 0.019378 0.018757
0 0.557886 0.279137 0.016226 0.016495
0 0.171043 0.366973 0.013928 0.014851
0 0.180969 0.200171 0.021095 0.024037
0 0.369182 0.201065 0.015301 0.017053
0 0.171316 0.673563 0.016459 0.018366
0 0.243382 0.086537 0.014084 0.017532
0 0.172384 0.600036 0.016989 0.016496
0 0.325635 0.185740 0.020821 0.020155
0 0.855656 0.593596 0.021175 0.022096
0 0.723169 0.194775 0.016647 0.017832
0 0.417231 0.374576 0.018109 0.017611
0 0.560632 0.726023 0.019366 0.022143
0 0.119746 0.270037 0.014389 0.016436
0 0.232006 0.264392 0.019008 0.019077
0 0.454995 0.062709 0.014207 0.015798
0 0.492563 0.160852 0.020991 0.019862
0 0.531830 0.418339 0.019963 0.018833
0 0.446058 0.808032 0.017569 0.018526
0 0.662581 0.342201 0.023456 0.021909
0 0.507371 0.872321 0.022125 0.022714
0 0.322129 0.676130 0.018338 0.019977
0 0.454918 0.551907 0.016860 0.017465
0 0.542975 0.520699 0.015243 0.016660
0 0.753700 0.295392 0.021383 0.021089
0 0.611433 0.358365 0.016156 0.016069
0 0.801543 0.631713 0.014720 0.015599
0 0.077038 0.184427 0.013967 0.015437
0 0.196159 0.406640 0.013896 0.014987
0 0.391706 0.802289 0.019098 0.020778
0 0.384141 0.064243 0.022869 0.019172
0 0.781727 0.720189 0.015569 0.015940
0 0.613104 0.542125 0.016337 0.017612
0 0.901976 0.539680 0.015835 0.016173
0 0.635122 0.677914 0.019318 0.020501
0 0.251269 0.407517 0.011844 0.012620
0 0.589779 0.273046 0.020746 0.021472
0 0.559444 0.424181 0.019126 0.019644
0 0.066626 0.310941 0.018090 0.018308