0 0.434119 0.819246 0.015238 0.012174
0 0.751570 0.709538 0.014463 0.011568
0 0.681465 0.638271 0.015130 0.011997
0 0.676250 0.574941 0.015045 0.011633
0 0.566835 0.848116 0.015856 0.012403
0 0.388826 0.745313 0.015902 0.011983
0 0.848087 0.810103 0.015166 0.011721
0 0.639387 0.623073 0.014144 0.010685
0 0.766318 0.511278 0.013860 0.011738
0 0.664596 0.659835 0.014978 0.011787
0 0.530608 0.490966 0.015664 0.012789
0 0.785662 0.717034 0.012738 0.010096
0 0.283429 0.842911 0.015821 0.012830
1 0.337988 0.776953 0.051955 0.035280
0 0.367722 0.730217 0.014864 0.011471
0 0.848995 0.696957 0.013134 0.010456
0 0.673053 0.614846 0.014390 0.011624
0 0.505593 0.919622 0.016575 0.011770
0 0.866298 0.624297 0.014593 0.010797
0 0.312785 0.839417 0.017739 0.013527
0 0.820843 0.564060 0.013524 0.009766
0 0.799118 0.460484 0.014835 0.012612
0 0.694990 0.789806 0.014332 0.010788
0 0.488821 0.944177 0.022044 0.017005
0 0.797612 0.626498 0.014077 0.010985
0 0.431901 0.784069 0.014606 0.011776
0 0.684400 0.768951 0.015832 0.014244
0 0.756902 0.843339 0.014036 0.010204
0 0.739343 0.738231 0.013504 0.012363
0 0.588036 0.600380 0.014029 0.010414
0 0.597030 0.717133 0.013131 0.010433
0 0.243323 0.546875 0.016686 0.012304
0 0.886089 0.634544 0.013071 0.009126
0 0.306606 0.795205 0.012812 0.010677
0 0.638196 0.719744 0.014820 0.011665
0 0.895483 0.650278 0.014268 0.010903
0 0.586397 0.481244 0.022507 0.014486
0 0.364479 0.685325 0.015378 0.013119
0 0.918592 0.629322 0.014040 0.011710
0 0.826819 0.729232 0.013704 0.011251
0 0.694702 0.603710 0.013998 0.012816
0 0.198515 0.630357 0.014541 0.011402
0 0.717481 0.603120 0.016570 0.013297
0 0.282384 0.781891 0.015425 0.012674
0 0.749309 0.652420 0.015881 0.013873
0 0.528282 0.769879 0.012120 0.009784
1 0.642869 0.545588 0.050196 0.050017
0 0.880123 0.759739 0.015832 0.011166
0 0.185658 0.742131 0.012918 0.010201
0 0.626368 0.423865 0.012963 0.011679
0 0.467021 0.685954 0.014955 0.011961
0 0.868497 0.744823 0.013230 0.010850
0 0.583773 0.665100 0.013698 0.010565
0 0.485921 0.660287 0.013239 0.010583
0 0.661861 0.943577 0.019257 0.013472
0 0.261631 0.585969 0.013076 0.010702
0 0.429393 0.938860 0.023436 0.016412
0 0.533986 0.436171 0.014842 0.011670
0 0.260610 0.807961 0.020327 0.013854
0 0.282926 0.472064 0.018090 0.014173
0 0.875135 0.529436 0.015239 0.012934
0 0.510893 0.575809 0.014346 0.011309
0 0.234499 0.845790 0.013371 0.010849
0 0.780547 0.888586 0.014325 0.010551
0 0.750193 0.618013 0.012825 0.011533
0 0.642678 0.678339 0.015255 0.011589
0 0.627156 0.679946 0.014280 0.011189
0 0.797415 0.610196 0.011993 0.009372
0 0.447490 0.681474 0.015078 0.011654
0 0.681263 0.698388 0.012590 0.010225
0 0.212083 0.521564 0.017144 0.015167
0 0.745840 0.439270 0.014407 0.011958
0 0.754030 0.677802 0.012653 0.009841
0 0.343177 0.800830 0.013472 0.009924
0 0.850033 0.514822 0.014035 0.011648
0 0.687938 0.545147 0.012974 0.011215
0 0.176687 0.686313 0.013159 0.010607
0 0.567819 0.974709 0.021376 0.017899
0 0.694909 0.593112 0.012947 0.012193
0 0.552531 0.730051 0.013771 0.011574
0 0.494001 0.439578 0.015693 0.013281
0 0.507614 0.834366 0.015593 0.013501
0 0.597178 0.582714 0.012330 0.010494
0 0.621529 0.449024 0.014539 0.012677
0 0.545758 0.639054 0.014003 0.010542
1 0.422595 0.415422 0.035494 0.024531
0 0.432152 0.867958 0.015870 0.012575
0 0.329461 0.644006 0.016805 0.013792
0 0.264309 0.874445 0.011931 0.009166
1 0.716394 0.426647 0.033740 0.023004