0 0.376988 0.237933 0.008123 0.010142
0 0.262751 0.622695 0.010897 0.013753
0 0.347202 0.795560 0.012854 0.017446
0 0.490695 0.769848 0.010689 0.015924
0 0.495857 0.272627 0.009873 0.015779
0 0.307871 0.232840 0.011117 0.018465
0 0.299627 0.260997 0.010461 0.015570
0 0.400961 0.539659 0.010466 0.012911
0 0.543731 0.271655 0.011834 0.013690
0 0.696831 0.432954 0.008835 0.011852
0 0.452594 0.562388 0.010233 0.014261
0 0.286722 0.302651 0.010774 0.013702
0 0.259762 0.509427 0.010659 0.012428
0 0.314480 0.773008 0.012744 0.015385
0 0.372633 0.785895 0.009789 0.014952
0 0.234752 0.559265 0.011340 0.015741
0 0.553857 0.608990 0.008774 0.013230
0 0.357765 0.598515 0.011603 0.016193
0 0.415422 0.235401 0.008772 0.014429
0 0.572227 0.779074 0.009929 0.013583
0 0.368455 0.547614 0.013926 0.021436
0 0.596255 0.580323 0.009631 0.014445
0 0.392547 0.289007 0.011913 0.018386
0 0.639347 0.812331 0.009941 0.012652
0 0.516409 0.541697 0.013250 0.018591
0 0.379288 0.457232 0.011037 0.013484
0 0.596137 0.724865 0.010143 0.013452
0 0.364428 0.377277 0.009672 0.014051
0 0.708032 0.353934 0.016010 0.022972
0 0.604402 0.536575 0.011536 0.014799
0 0.643964 0.741499 0.009426 0.012550
0 0.397023 0.589128 0.011385 0.016314
0 0.299469 0.452854 0.012337 0.013906
0 0.507055 0.874285 0.013601 0.018007
0 0.407217 0.352765 0.009890 0.011376
0 0.665603 0.290146 0.010820 0.014281
0 0.434225 0.837263 0.011794 0.013752
0 0.272191 0.773543 0.010866 0.014629
0 0.257186 0.435740 0.011367 0.017246
0 0.506679 0.499180 0.012554 0.015445
0 0.384080 0.334853 0.009219 0.012270
0 0.279061 0.406509 0.011169 0.013878
0 0.234305 0.627736 0.008788 0.013192
0 0.596941 0.827801 0.013166 0.016359
0 0.652102 0.389124 0.011012 0.014257
0 0.483433 0.734104 0.007914 0.011188
0 0.466575 0.539747 0.011261 0.014133
0 0.451742 0.325304 0.008726 0.010471
0 0.605255 0.314584 0.012222 0.017126
0 0.581114 0.676038 0.007862 0.010562
0 0.377430 0.641221 0.009355 0.013292
0 0.389616 0.512223 0.011856 0.016088
0 0.405384 0.569784 0.011285 0.013190
0 0.549782 0.509218 0.009470 0.010630
0 0.533514 0.243217 0.009586 0.011541
0 0.334242 0.645418 0.009562 0.013454
0 0.321858 0.743744 0.010699 0.015424
0 0.522882 0.309493 0.008723 0.010604
0 0.650259 0.412498 0.012477 0.013754
0 0.727798 0.417626 0.008998 0.014390
0 0.316664 0.427886 0.010511 0.014859
0 0.522292 0.620355 0.009620 0.016421
0 0.408138 0.645189 0.011633 0.017554
0 0.591151 0.249805 0.009529 0.014205
0 0.410040 0.478455 0.009379 0.012078
0 0.327763 0.703436 0.012593 0.015506
0 0.449522 0.266320 0.009768 0.010472
0 0.201698 0.610184 0.008643 0.011644
0 0.575906 0.710747 0.009856 0.013218
0 0.341557 0.214365 0.008017 0.011511
0 0.447151 0.224802 0.009445 0.012197
0 0.563321 0.472553 0.009706 0.012467
0 0.610500 0.637145 0.008831 0.010294
0 0.617646 0.798291 0.011546 0.017480
0 0.258421 0.406479 0.010980 0.014064
0 0.522718 0.260101 0.008875 0.013264
0 0.628502 0.825135 0.010900 0.012793
0 0.363100 0.496783 0.014406 0.019207
0 0.495427 0.548582 0.011708 0.016844
0 0.453353 0.488148 0.009256 0.014855
0 0.557542 0.213192 0.007710 0.011047
0 0.454073 0.778618 0.010115 0.015255
0 0.219151 0.394096 0.011035 0.015807
0 0.659155 0.654601 0.008040 0.011025
0 0.693027 0.313467 0.014099 0.017608
0 0.477217 0.513427 0.010654 0.014105
0 0.588849 0.780631 0.010511 0.013219
0 0.645370 0.694981 0.007345 0.008641
0 0.708475 0.469417 0.008968 0.012519
0 0.543734 0.387333 0.012300 0.013427
0 0.493047 0.669787 0.011362 0.014767
0 0.705406 0.385844 0.013754 0.018631
0 0.621217 0.692639 0.008943 0.011485
0 0.565465 0.331646 0.008021 0.011963
0 0.453618 0.703906 0.009098 0.012786
0 0.323207 0.581953 0.009003 0.015303
0 0.678016 0.354675 0.009533 0.011204
0 0.616392 0.469619 0.009757 0.012367
0 0.622063 0.448213 0.012207 0.015290
0 0.495076 0.373226 0.010835 0.018353
0 0.599265 0.603294 0.009227 0.012113
0 0.410211 0.185030 0.006662 0.010022
0 0.511811 0.707749 0.012459 0.012484
0 0.502128 0.529857 0.011642 0.013792
0 0.527306 0.765414 0.010154 0.015547
0 0.477093 0.314446 0.011646 0.017223
0 0.690333 0.465999 0.008445 0.009944
0 0.336783 0.579126 0.010373 0.014191
0 0.394303 0.794512 0.014398 0.015139
0 0.667639 0.537613 0.008550 0.009724
0 0.584583 0.629944 0.007308 0.011500
0 0.483161 0.617692 0.008168 0.011483
0 0.445874 0.755153 0.009891 0.015266
0 0.380585 0.719418 0.009379 0.011306
0 0.514052 0.683145 0.009836 0.012307
0 0.306876 0.413861 0.010158 0.011554
0 0.534408 0.796869 0.009422 0.014629
0 0.416478 0.688811 0.009289 0.012175
0 0.565464 0.805193 0.008203 0.012250
0 0.446654 0.443026 0.010936 0.013278
0 0.598969 0.419742 0.009434 0.012664
0 0.341873 0.729657 0.009582 0.010563
0 0.588701 0.514315 0.011980 0.016921
0 0.307227 0.208072 0.010887 0.015468
0 0.471577 0.592828 0.009902 0.012823
0 0.347816 0.348201 0.010052 0.012375
0 0.627248 0.759589 0.007752 0.010638
0 0.401478 0.622740 0.011347 0.016067
0 0.332949 0.352709 0.013537 0.014186
0 0.474555 0.492590 0.011552 0.015547
0 0.403842 0.155577 0.007846 0.010822
0 0.629445 0.830403 0.008895 0.015014
0 0.629589 0.524410 0.012116 0.013418
0 0.564763 0.664185 0.007784 0.010603
0 0.608101 0.699791 0.011069 0.011705
0 0.399349 0.795846 0.011625 0.015270
0 0.641424 0.483935 0.014150 0.017342
0 0.383131 0.597706 0.010881 0.014672
0 0.644832 0.764769 0.008481 0.010198
0 0.312907 0.354715 0.011253 0.019820
0 0.612474 0.621495 0.010423 0.014628
0 0.340335 0.527111 0.010152 0.014020
0 0.289265 0.361096 0.009013 0.017210
0 0.517312 0.711029 0.010269 0.013549
0 0.465562 0.336144 0.010556 0.014601
0 0.403239 0.795729 0.010171 0.013130
0 0.648150 0.566403 0.011806 0.017459
0 0.340836 0.830155 0.009969 0.013864
0 0.505009 0.301541 0.009788 0.010102
0 0.497809 0.366083 0.012463 0.021686
0 0.439847 0.440555 0.010489 0.013930
0 0.251258 0.752020 0.006565 0.010779
0 0.348172 0.515155 0.011258 0.016790
0 0.352944 0.624659 0.011035 0.015251
0 0.699144 0.441770 0.009558 0.016137
0 0.280485 0.808657 0.009918 0.011129
0 0.541246 0.267538 0.012032 0.014067
0 0.245340 0.530248 0.010460 0.014625
0 0.646793 0.248557 0.014320 0.020443
0 0.600825 0.423823 0.011863 0.017785
0 0.646079 0.747136 0.010747 0.020750
0 0.697407 0.345167 0.014353 0.014456
0 0.408202 0.186372 0.005995 0.016203
0 0.669494 0.335247 0.010795 0.015120
0 0.413167 0.268212 0.008143 0.015960
0 0.512395 0.633951 0.010420 0.013546
0 0.444389 0.735828 0.008152 0.012215
0 0.366537 0.328482 0.010746 0.013222
0 0.178163 0.602373 0.011387 0.012452
0 0.611678 0.256453 0.009110 0.013986
0 0.272601 0.647497 0.009443 0.014757
0 0.282806 0.811598 0.009071 0.012292
0 0.425240 0.178320 0.010043 0.016457
0 0.714349 0.584507 0.011444 0.014085
0 0.676056 0.604460 0.010563 0.014085
0 0.688820 0.663732 0.006162 0.010563
0 0.707746 0.625000 0.014085 0.015258
0 0.711708 0.674883 0.006162 0.011737
1 0.244718 0.677817 0.038732 0.052817
1 0.371039 0.669601 0.034331 0.036385
1 0.180898 0.650235 0.030810 0.037559
1 0.428697 0.728873 0.042254 0.044601
1 0.450264 0.887911 0.037852 0.052817
1 0.493398 0.905516 0.036092 0.036385
1 0.480634 0.859742 0.028169 0.043427
1 0.360475 0.899061 0.023768 0.030516
1 0.393046 0.911972 0.036092 0.037559
1 0.294014 0.860915 0.038732 0.045775
1 0.254842 0.816901 0.027289 0.042254
1 0.668574 0.723005 0.034331 0.035211
1 0.264085 0.351526 0.036972 0.041080
1 0.253081 0.307512 0.029049 0.037559
1 0.377201 0.416080 0.055458 0.048122
1 0.407130 0.382629 0.037852 0.035211
1 0.444102 0.291667 0.029049 0.045775
1 0.521127 0.444836 0.026408 0.044601
1 0.488996 0.462441 0.034331 0.044601
1 0.619718 0.571009 0.024648 0.048122
1 0.640845 0.626761 0.042254 0.035211
1 0.633363 0.666080 0.036092 0.026995
1 0.734595 0.511150 0.036092 0.048122
1 0.447623 0.195423 0.022007 0.038732
1 0.504842 0.178404 0.029049 0.042254
1 0.530810 0.209507 0.035211 0.043427
1 0.563380 0.170775 0.042254 0.045775
1 0.371919 0.184272 0.051937 0.056338