0 0.333930 0.325710 0.011218 0.014329
0 0.309125 0.308054 0.010626 0.014416
0 0.299592 0.345147 0.010670 0.014511
0 0.235300 0.328817 0.012190 0.016919
0 0.356953 0.269093 0.009903 0.014336
0 0.420336 0.473053 0.009775 0.013525
0 0.520048 0.875048 0.012230 0.016833
0 0.607420 0.594471 0.010025 0.014357
0 0.460992 0.883975 0.012969 0.018274
0 0.508975 0.562368 0.010369 0.014674
0 0.415080 0.347622 0.010715 0.013935
0 0.396630 0.320844 0.010598 0.014521
0 0.387582 0.705080 0.011331 0.015666
0 0.380796 0.592456 0.013376 0.018933
0 0.228056 0.562822 0.010255 0.012896
0 0.492352 0.854862 0.011491 0.015592
0 0.562149 0.794762 0.010465 0.015307
0 0.451077 0.279984 0.009271 0.013199
0 0.527810 0.474463 0.011529 0.016316
0 0.516896 0.524236 0.012885 0.017006
0 0.607144 0.673630 0.009168 0.013269
0 0.402162 0.782856 0.010877 0.015042
0 0.201280 0.360055 0.011171 0.015453
0 0.539676 0.573532 0.009744 0.013383
0 0.381486 0.751586 0.012379 0.016086
0 0.367266 0.786535 0.010844 0.017547
0 0.539767 0.320481 0.011131 0.015025
0 0.281031 0.315332 0.010109 0.015650
0 0.569627 0.609288 0.011631 0.016239
0 0.544971 0.420236 0.011328 0.015396
0 0.304987 0.760928 0.011304 0.015583
0 0.571768 0.577315 0.010918 0.014478
0 0.484937 0.705504 0.010442 0.014550
0 0.418272 0.421572 0.010907 0.015886
0 0.120133 0.465081 0.013209 0.018050
0 0.204249 0.329005 0.011361 0.015195
0 0.347747 0.849822 0.012731 0.016680
0 0.223661 0.623373 0.010740 0.014043
0 0.417527 0.861664 0.013226 0.016254
0 0.476423 0.829046 0.010102 0.012839
0 0.269677 0.742707 0.011421 0.014506
0 0.603813 0.432333 0.012304 0.015905
0 0.374832 0.222137 0.008695 0.012602
0 0.506315 0.278076 0.009818 0.014135
0 0.272103 0.588950 0.010726 0.013224
0 0.252839 0.370497 0.010816 0.014697
0 0.390928 0.923097 0.010799 0.014170
0 0.461996 0.498180 0.010611 0.014683
0 0.173054 0.378480 0.013863 0.016756
0 0.228463 0.372888 0.009618 0.013213
0 0.490624 0.478432 0.011164 0.014607
0 0.353356 0.948725 0.012389 0.016566
0 0.163669 0.806959 0.011452 0.015273
0 0.472041 0.642911 0.012223 0.014142
0 0.636574 0.614429 0.009189 0.013069
0 0.382973 0.247177 0.007877 0.011367
0 0.313919 0.909916 0.011687 0.015717
0 0.504631 0.458266 0.011290 0.014390
0 0.203325 0.632855 0.011434 0.014455
0 0.476195 0.566054 0.011866 0.015477
0 0.398919 0.830351 0.009934 0.014315
0 0.533539 0.689470 0.008698 0.012876
0 0.483232 0.407757 0.008861 0.012342
0 0.423739 0.930584 0.011677 0.018703
0 0.285049 0.462552 0.011712 0.014074
0 0.231664 0.281844 0.010864 0.015575
0 0.470210 0.372475 0.010166 0.013398
0 0.181738 0.769378 0.011078 0.015334
0 0.183103 0.564936 0.009814 0.013562
0 0.323543 0.370571 0.012855 0.017292
0 0.615638 0.634486 0.009368 0.012228
0 0.587330 0.762284 0.011680 0.015126
0 0.397199 0.893073 0.010594 0.014649
0 0.279414 0.293427 0.010137 0.014096
0 0.485048 0.929054 0.012981 0.018312
0 0.402236 0.729295 0.012848 0.017327
0 0.573800 0.744609 0.010005 0.014927
0 0.490676 0.808292 0.012666 0.016492
0 0.517114 0.659787 0.011926 0.019684
0 0.314330 0.740115 0.010629 0.013971
0 0.170081 0.717571 0.010252 0.016136
0 0.597255 0.721655 0.009526 0.013324
0 0.487308 0.622341 0.010244 0.013041
0 0.126000 0.495365 0.012316 0.016406
0 0.592676 0.410288 0.011621 0.014820
0 0.630529 0.433344 0.013259 0.023063
0 0.361321 0.534311 0.011129 0.015776
0 0.244622 0.464247 0.012288 0.014466
0 0.429882 0.385637 0.014441 0.015960
0 0.343625 0.767306 0.009862 0.015410
0 0.356751 0.979934 0.012456 0.016012
0 0.133225 0.751608 0.010008 0.014042
0 0.369179 0.508667 0.011363 0.015737
0 0.427404 0.829388 0.009733 0.012942
0 0.546174 0.641644 0.008834 0.013066
0 0.209181 0.762033 0.012706 0.019052
0 0.555878 0.343069 0.011642 0.016372
0 0.328377 0.489758 0.012834 0.017313
0 0.345261 0.660683 0.010101 0.013154
0 0.374639 0.372531 0.013033 0.017215
0 0.590045 0.811816 0.010894 0.015232
0 0.493978 0.434610 0.009339 0.012317
0 0.412047 0.305166 0.011659 0.014163
0 0.459113 0.253716 0.009639 0.014030
0 0.490283 0.587706 0.009613 0.012686
0 0.348696 0.722420 0.011465 0.014625
0 0.313235 0.470078 0.011697 0.015333
0 0.272665 0.642865 0.008988 0.012998
0 0.292603 0.726540 0.010231 0.012754
0 0.180604 0.319589 0.012464 0.019373
0 0.185861 0.720913 0.010560 0.014182
0 0.200682 0.577088 0.010217 0.014421
0 0.457946 0.732526 0.009191 0.012959
0 0.482631 0.879069 0.011699 0.015203
0 0.548027 0.872447 0.012367 0.016445
0 0.275707 0.358796 0.009611 0.014443
0 0.217973 0.410901 0.010321 0.014122
0 0.495867 0.677334 0.011127 0.016459
0 0.417383 0.256621 0.009841 0.014617
0 0.320800 0.868005 0.010255 0.014371
0 0.574448 0.392593 0.012843 0.019604
0 0.296723 0.639030 0.009023 0.012051
0 0.363313 0.829687 0.009750 0.013971
0 0.514129 0.713996 0.009859 0.013250
0 0.415392 0.709153 0.010263 0.014497
0 0.372488 0.675265 0.009684 0.013096
0 0.335228 0.929194 0.013134 0.017474
0 0.620533 0.483833 0.011198 0.015035
0 0.526374 0.754985 0.010154 0.012891
0 0.404848 0.222890 0.008884 0.012344
0 0.557529 0.717015 0.010796 0.015865
0 0.395798 0.296910 0.009517 0.012763
0 0.359427 0.655307 0.010779 0.014190
0 0.257187 0.288221 0.012316 0.015916
0 0.201848 0.698212 0.009787 0.016910
0 0.554799 0.843712 0.012697 0.016588
0 0.176641 0.506411 0.014805 0.017060
0 0.247437 0.519912 0.010758 0.015187
0 0.456081 0.324432 0.014714 0.017599
0 0.510507 0.792178 0.010651 0.017709
0 0.181871 0.478115 0.009654 0.012409
0 0.577013 0.674786 0.010048 0.013043
0 0.240086 0.433223 0.010112 0.013009
0 0.544740 0.735636 0.009294 0.012371
0 0.379789 0.390058 0.012245 0.018792
0 0.465807 0.753403 0.012210 0.013078
0 0.360973 0.685695 0.009714 0.012896
0 0.551911 0.772825 0.009445 0.012480
0 0.332013 0.231538 0.011174 0.014907
0 0.469000 0.694090 0.010138 0.013057
0 0.325916 0.643763 0.014235 0.016427
0 0.529255 0.349170 0.012176 0.015851
0 0.383046 0.534534 0.011413 0.016895
0 0.167215 0.445475 0.011650 0.014788
0 0.570212 0.843871 0.010505 0.014320
0 0.405917 0.397930 0.010135 0.014520
0 0.321144 0.592614 0.012524 0.015914
0 0.153361 0.395795 0.013755 0.018906
0 0.529351 0.543721 0.009219 0.011636
0 0.205272 0.405552 0.010605 0.013597
0 0.414388 0.450588 0.010677 0.013937
0 0.433524 0.318227 0.010555 0.017536
0 0.186225 0.592219 0.009565 0.012296
0 0.544923 0.596187 0.008961 0.012011
0 0.353213 0.908104 0.012216 0.018907
0 0.245611 0.602689 0.011007 0.017391
0 0.232702 0.688735 0.008992 0.013579
0 0.399743 0.381327 0.010258 0.014587
0 0.286079 0.509712 0.012954 0.015856
0 0.457285 0.924275 0.011171 0.015613
0 0.377525 0.841730 0.010825 0.013619
0 0.590843 0.536561 0.009196 0.012774
0 0.355458 0.597460 0.014699 0.016672
0 0.566130 0.687882 0.009662 0.012307
1 0.516040 0.371736 0.026524 0.033889
0 0.385531 0.878005 0.010490 0.014454
0 0.490291 0.371743 0.009330 0.011210
0 0.490629 0.311134 0.010428 0.013394
0 0.577679 0.706072 0.009866 0.011584
0 0.478473 0.291383 0.011591 0.018229
0 0.576031 0.545964 0.009012 0.012060
0 0.608886 0.403238 0.012623 0.018330
0 0.241411 0.778753 0.011311 0.014377
0 0.331779 0.886967 0.013923 0.016251
0 0.566518 0.419450 0.011007 0.014444
0 0.204400 0.483125 0.009916 0.017271
0 0.586792 0.611328 0.010977 0.018920
0 0.216346 0.434643 0.008636 0.010847
0 0.318881 0.709392 0.009707 0.012851
0 0.250796 0.758518 0.010042 0.013444
0 0.199533 0.801225 0.013122 0.017242
0 0.599241 0.564087 0.010681 0.012794
0 0.153915 0.743260 0.010930 0.013652
0 0.302805 0.548567 0.011384 0.017777
0 0.449781 0.945235 0.011925 0.015754
0 0.151984 0.772709 0.014098 0.014697
0 0.128137 0.694842 0.010273 0.015034
0 0.522009 0.613618 0.011423 0.015377
0 0.176156 0.409367 0.010779 0.014709
0 0.474033 0.900882 0.011250 0.015359
0 0.614917 0.699071 0.008765 0.011936
0 0.229824 0.394082 0.009289 0.012741
0 0.309065 0.986848 0.015410 0.019720
0 0.411350 0.959147 0.014041 0.016407
0 0.426348 0.234088 0.010317 0.012399
0 0.440417 0.926229 0.013331 0.017929
0 0.603562 0.375938 0.013683 0.019830
0 0.276676 0.378239 0.009571 0.014473
0 0.265844 0.666248 0.009460 0.013272
0 0.279929 0.443900 0.010921 0.014979
0 0.586951 0.375113 0.012390 0.017460
0 0.229326 0.699648 0.008935 0.014239
0 0.330810 0.551619 0.009123 0.013776
0 0.183292 0.531562 0.009607 0.012411
0 0.420850 0.288120 0.009274 0.013412
0 0.537457 0.659602 0.008617 0.012433
0 0.144039 0.448854 0.013805 0.029220
0 0.347094 0.796604 0.011698 0.020684
0 0.312931 0.682597 0.010305 0.014649
0 0.588236 0.685883 0.008736 0.012313
0 0.267535 0.406417 0.011709 0.018585
0 0.253491 0.426929 0.010932 0.011590
0 0.247042 0.543099 0.010574 0.015456
0 0.264482 0.697095 0.009685 0.013012
0 0.255547 0.709547 0.012030 0.015695
0 0.135488 0.792577 0.013020 0.018226
0 0.415275 0.822137 0.010438 0.013530
0 0.439734 0.460997 0.010155 0.014694
0 0.309643 0.528426 0.009332 0.013619
0 0.229405 0.587725 0.008994 0.012334
0 0.631852 0.680761 0.009197 0.012009
0 0.358867 0.720090 0.010880 0.014381
0 0.626593 0.552911 0.012524 0.013764
0 0.491851 0.752534 0.009640 0.012506
0 0.168772 0.679979 0.009062 0.020521
0 0.284405 0.560917 0.011459 0.014175
1 0.224319 0.956144 0.031387 0.048428
0 0.317890 0.942824 0.014481 0.019375
0 0.397959 0.520835 0.010911 0.014947
0 0.307724 0.613068 0.010161 0.013509
0 0.507735 0.639077 0.010118 0.014989
0 0.442222 0.361992 0.011523 0.013994
0 0.289615 0.692292 0.009873 0.012706
0 0.451896 0.431375 0.011016 0.013482
0 0.261557 0.488560 0.009788 0.013237
0 0.455359 0.356551 0.011937 0.019844
0 0.283091 0.506089 0.012319 0.016629
0 0.528149 0.404190 0.010063 0.014481
0 0.611098 0.474720 0.010801 0.013403
0 0.228128 0.482699 0.010602 0.015834
0 0.501887 0.507510 0.013403 0.013835
0 0.442506 0.989700 0.014598 0.016555
0 0.306323 0.493095 0.010762 0.013302
0 0.173374 0.439837 0.010961 0.013316
0 0.506868 0.615281 0.011904 0.016621
0 0.381136 0.971018 0.011593 0.017097
0 0.228261 0.500043 0.009657 0.014080
0 0.336447 0.566530 0.009097 0.015105
0 0.401147 0.386052 0.010472 0.018572
0 0.264427 0.389991 0.010534 0.015685
0 0.474793 0.727073 0.008803 0.013551
0 0.214352 0.654375 0.011427 0.011728
0 0.410152 0.752691 0.012430 0.014330
0 0.522269 0.291325 0.010953 0.013245
0 0.507116 0.491087 0.010898 0.017569
0 0.249445 0.546574 0.010501 0.015523
0 0.164621 0.646876 0.009518 0.012378
0 0.640808 0.667059 0.009422 0.013926
0 0.460804 0.468417 0.014400 0.015905
0 0.448489 0.397880 0.010009 0.015431
0 0.452179 0.403333 0.009461 0.013445
0 0.085881 0.552334 0.012477 0.018687
0 0.192891 0.652930 0.009735 0.014821
0 0.504841 0.503594 0.012065 0.017621
0 0.244214 0.651542 0.014018 0.018409
0 0.490102 0.248686 0.009344 0.012999
0 0.139784 0.820385 0.011261 0.014952
0 0.621710 0.550410 0.011491 0.014198
0 0.648511 0.589300 0.011097 0.012778
0 0.478592 0.432974 0.012625 0.013163
0 0.403838 0.961190 0.013461 0.016056
0 0.342691 0.235781 0.009247 0.017436
0 0.171154 0.418447 0.012066 0.017083
0 0.336594 0.231601 0.015792 0.018141
0 0.240827 0.644934 0.012309 0.015679
0 0.425801 0.990025 0.014641 0.016492
0 0.247401 0.656185 0.012941 0.013781
0 0.144676 0.440200 0.012348 0.018036
0 0.174422 0.719962 0.019782 0.014829
0 0.138720 0.665618 0.011594 0.016290
0 0.441011 0.448281 0.013022 0.020556
0 0.272273 0.455624 0.011164 0.013556
0 0.338870 0.743174 0.010211 0.013723
0 0.334339 0.562730 0.009378 0.016671
0 0.376079 0.907173 0.009867 0.013129
0 0.396236 0.301911 0.009566 0.029072
0 0.270438 0.560986 0.013120 0.011504
0 0.502751 0.738101 0.013463 0.014264
0 0.656887 0.570345 0.011365 0.014674
0 0.369240 0.884685 0.012158 0.015236
0 0.440078 0.419149 0.012655 0.011978
0 0.269312 0.414113 0.010163 0.022428
0 0.528911 0.283421 0.011360 0.016714
0 0.426375 0.288576 0.014438 0.013140
0 0.472753 0.429883 0.015094 0.013235
0 0.150027 0.672282 0.012903 0.013102
0 0.152115 0.407997 0.012367 0.020680
0 0.497255 0.732728 0.010883 0.015285