0 0.663476 0.520864 0.020332 0.025790
0 0.806793 0.332810 0.019772 0.024229
0 0.665416 0.654237 0.018698 0.023036
0 0.916983 0.454583 0.018973 0.023790
0 0.605593 0.938218 0.019543 0.025487
0 0.982676 0.758237 0.015772 0.020487
0 0.971695 0.688133 0.016290 0.019557
0 0.312456 0.424779 0.019314 0.025338
0 0.662409 0.802046 0.017604 0.022444
0 0.931418 0.581240 0.017037 0.022040
0 0.728479 0.279920 0.019709 0.022826
0 0.530410 0.778405 0.018365 0.024404
0 0.321516 0.775883 0.016693 0.020062
0 0.920194 0.850752 0.015499 0.020029
0 0.943843 0.852030 0.017355 0.020827
0 0.815795 0.621928 0.016554 0.019914
0 0.510688 0.810707 0.018906 0.023822
0 0.586090 0.827919 0.016725 0.021060
0 0.590572 0.655038 0.019870 0.025697
0 0.964463 0.808182 0.017465 0.022412
0 0.946719 0.754238 0.015256 0.019890
0 0.873169 0.695062 0.016537 0.020586
0 0.685390 0.364213 0.020503 0.024434
0 0.653197 0.885145 0.016976 0.021285
0 0.887575 0.332161 0.020070 0.024558
0 0.283913 0.490242 0.019906 0.025874
0 0.844639 0.635164 0.016767 0.020520
0 0.661056 0.418795 0.025052 0.030352
0 0.551891 0.920939 0.018678 0.023205
0 0.887767 0.462132 0.018519 0.023726
0 0.989021 0.657747 0.015958 0.020442
0 0.509891 0.726391 0.017024 0.022303
0 0.714152 0.314647 0.018967 0.023412
0 0.830092 0.439285 0.022486 0.027791
0 0.273443 0.378138 0.022619 0.027595
0 0.468510 0.926687 0.018097 0.024072
0 0.777592 0.402733 0.019578 0.023723
0 0.382933 0.442239 0.026022 0.032245
0 0.767041 0.835518 0.016999 0.021410
0 0.464058 0.590643 0.020686 0.025700
0 0.831121 0.248216 0.020236 0.025200
0 0.818092 0.921362 0.016292 0.021104
0 0.224574 0.198598 0.019049 0.023931
0 0.269707 0.072084 0.018310 0.022886
0 0.638175 0.732621 0.017075 0.021051
0 0.216344 0.140948 0.018150 0.022344
0 0.981187 0.931552 0.017236 0.020351
0 0.651526 0.588369 0.017815 0.021972
0 0.778725 0.098082 0.019376 0.024456
0 0.779367 0.674455 0.021232 0.031058
0 0.739939 0.604560 0.015730 0.019471
0 0.749657 0.393175 0.021228 0.026060
0 0.916454 0.165196 0.019735 0.025083
0 0.706029 0.783542 0.016949 0.022107
0 0.339036 0.748506 0.016733 0.021885
0 0.814861 0.555467 0.020686 0.025222
0 0.852017 0.948870 0.016170 0.019830
0 0.762429 0.334430 0.024962 0.031252
1 0.807876 0.846671 0.054391 0.073945
0 0.367378 0.573756 0.019910 0.023914
0 0.891004 0.897235 0.019407 0.023359
0 0.739897 0.753054 0.016169 0.020432
0 0.760045 0.434618 0.028591 0.031356
0 0.272016 0.540327 0.017000 0.021251
0 0.750551 0.968220 0.016353 0.021225
0 0.396461 0.733726 0.017693 0.021244
0 0.595285 0.716084 0.016867 0.022953
0 0.335880 0.448689 0.019335 0.025177
0 0.720827 0.532487 0.022316 0.037418
0 0.776244 0.965638 0.015568 0.020171
0 0.889734 0.620842 0.017467 0.020415
0 0.514342 0.266230 0.026242 0.030436
0 0.306615 0.832148 0.015107 0.019713
0 0.764888 0.226371 0.019550 0.023699
0 0.245366 0.532712 0.016138 0.020117
0 0.667514 0.080613 0.020931 0.025425
0 0.898853 0.799584 0.016573 0.019810
0 0.336143 0.824135 0.018126 0.022486
0 0.834709 0.033119 0.018295 0.022539
0 0.678672 0.967700 0.017829 0.024253
0 0.628115 0.843015 0.018446 0.023991
0 0.712130 0.119945 0.019302 0.026166
0 0.830520 0.712305 0.025222 0.025103
0 0.539271 0.172442 0.019740 0.024761
0 0.882402 0.788831 0.015212 0.019654
0 0.679585 0.924899 0.021464 0.020395
0 0.438759 0.615377 0.022878 0.029558
0 0.706717 0.236209 0.035102 0.031508
0 0.256809 0.652993 0.015833 0.019671
0 0.842483 0.570841 0.019987 0.025209
0 0.742708 0.652137 0.019046 0.022932
0 0.658935 0.457606 0.020891 0.023598
0 0.883542 0.508610 0.022348 0.023280
0 0.989596 0.895150 0.015493 0.019974
0 0.860248 0.914443 0.017479 0.024647
0 0.714324 0.622712 0.020226 0.025724
0 0.409416 0.825445 0.025291 0.042152
0 0.471020 0.731780 0.018799 0.024831
0 0.092970 0.172895 0.015751 0.019163
0 0.725252 0.811332 0.015252 0.021593
0 0.771822 0.548838 0.017801 0.023635
0 0.739945 0.019728 0.016039 0.019579
0 0.820270 0.956079 0.017661 0.020873
0 0.610900 0.857976 0.016491 0.021461
0 0.194684 0.416587 0.018855 0.023590
0 0.888257 0.545985 0.017943 0.022494
0 0.514694 0.992048 0.018701 0.015904
0 0.898105 0.585888 0.020156 0.025325
0 0.808655 0.024701 0.017298 0.020305
0 0.958482 0.559524 0.027438 0.023873
0 0.752432 0.713798 0.022580 0.028543
0 0.946678 0.646772 0.018176 0.024926
0 0.672461 0.755274 0.018106 0.023244
0 0.937921 0.068873 0.016269 0.020273
0 0.186416 0.389857 0.018321 0.022523
0 0.756184 0.641356 0.017526 0.022037
0 0.790362 0.068653 0.017100 0.021227
0 0.409240 0.304916 0.017384 0.022651
0 0.565485 0.814134 0.016823 0.020460
0 0.563772 0.884809 0.022327 0.027591
0 0.679431 0.891075 0.015284 0.019052
0 0.929230 0.108454 0.017857 0.022427
0 0.226635 0.664558 0.015527 0.020234
0 0.271998 0.214954 0.022743 0.030579
0 0.965663 0.563890 0.025823 0.026599
0 0.755156 0.141196 0.017541 0.023199
1 0.239242 0.600248 0.041666 0.054343
0 0.945782 0.657581 0.020521 0.036721
0 0.655673 0.041878 0.017499 0.022607
0 0.660256 0.979712 0.018549 0.025240
0 0.713154 0.039370 0.015576 0.020694
0 0.804965 0.976080 0.017537 0.024313
0 0.913203 0.136282 0.016539 0.021559
0 0.756395 0.109789 0.017664 0.023916
0 0.356054 0.811905 0.023262 0.033893
0 0.740118 0.836475 0.021609 0.020327
0 0.867175 0.576892 0.020253 0.027392
0 0.888902 0.992333 0.016767 0.015333
0 0.197224 0.543178 0.017320 0.021179
0 0.751362 0.055327 0.018493 0.019774
0 0.944448 0.668579 0.016945 0.024014
0 0.735006 0.058323 0.017352 0.018902
0 0.752613 0.781606 0.016981 0.021172
0 0.888159 0.183566 0.016320 0.021384
0 0.953189 0.208032 0.017695 0.022186
0 0.540466 0.071296 0.017381 0.021824
0 0.925991 0.368105 0.017330 0.021753
0 0.856480 0.848489 0.013549 0.018611
0 0.165871 0.124469 0.018807 0.024003
0 0.293939 0.108773 0.019932 0.021673
0 0.709868 0.722559 0.017351 0.023147
0 0.982191 0.046723 0.014904 0.020076
0 0.258013 0.100038 0.016655 0.019818
0 0.710507 0.629755 0.020607 0.027460
0 0.904834 0.504426 0.018668 0.023237
0 0.786725 0.356890 0.015841 0.019369
0 0.691760 0.846002 0.014531 0.020355
0 0.773446 0.055373 0.017403 0.019536
0 0.951865 0.094633 0.014017 0.018567
0 0.358057 0.802883 0.016478 0.024195
0 0.890006 0.794577 0.023052 0.022551
0 0.689985 0.734438 0.021278 0.022508
0 0.699051 0.187498 0.015282 0.019079
0 0.718210 0.004631 0.017703 0.009261
0 0.752938 0.087508 0.016503 0.023216
0 0.936009 0.981589 0.018962 0.021960
0 0.106475 0.226729 0.018572 0.021514
0 0.198691 0.175457 0.016427 0.023222
0 0.189985 0.068670 0.015324 0.021335
0 0.991557 0.402456 0.014795 0.019930
0 0.948748 0.126716 0.017244 0.024188
0 0.120211 0.223510 0.017207 0.023258
0 0.437244 0.246713 0.016303 0.021453