0 0.121482 0.805013 0.019816 0.014929
0 0.257441 0.736608 0.015849 0.012183
0 0.058894 0.825873 0.019507 0.013459
0 0.449209 0.718767 0.016534 0.013090
0 0.321576 0.651199 0.017889 0.014643
0 0.458410 0.879012 0.018594 0.012970
0 0.209631 0.504414 0.015526 0.012623
0 0.429273 0.791569 0.015232 0.012022
0 0.455030 0.557057 0.011909 0.010010
0 0.111015 0.847387 0.019678 0.013818
0 0.157549 0.943094 0.017535 0.011842
0 0.671242 0.544817 0.013260 0.010965
0 0.312273 0.473319 0.013803 0.009650
0 0.667950 0.694189 0.013516 0.011672
0 0.221675 0.532036 0.015277 0.013416
0 0.487647 0.858910 0.013884 0.011516
0 0.166036 0.594736 0.014453 0.009772
0 0.521994 0.718171 0.015439 0.011701
0 0.144961 0.496971 0.014884 0.011730
0 0.353601 0.797643 0.021421 0.014818
0 0.345039 0.687538 0.016578 0.011770
0 0.117350 0.921762 0.016714 0.014436
0 0.450326 0.928861 0.017444 0.013861
0 0.210563 0.607054 0.019882 0.016527
0 0.441534 0.829044 0.016640 0.010700
0 0.164206 0.553770 0.015110 0.009886
0 0.411146 0.467234 0.012152 0.009913
0 0.298263 0.717928 0.019857 0.015237
0 0.320567 0.765289 0.017410 0.011982
0 0.676743 0.643596 0.012986 0.010928
0 0.255794 0.654377 0.015833 0.011283
0 0.402524 0.914653 0.016090 0.012358
0 0.360262 0.654369 0.017355 0.011847
0 0.495885 0.514059 0.018017 0.010967
0 0.512376 0.491433 0.015586 0.011833
0 0.636359 0.871056 0.011367 0.011896
0 0.241588 0.678782 0.016015 0.010509
0 0.181373 0.509661 0.016686 0.012639
0 0.495097 0.475771 0.014652 0.011479
0 0.163095 0.900536 0.016198 0.011670
0 0.104329 0.554065 0.012269 0.011040
0 0.544834 0.479130 0.014475 0.012535
0 0.526733 0.517309 0.015436 0.011676
0 0.183789 0.948013 0.015972 0.012526
0 0.671362 0.605487 0.012038 0.008933
0 0.359066 0.733655 0.016055 0.012777
0 0.120611 0.881044 0.014734 0.014185
0 0.478830 0.528004 0.015699 0.009652
0 0.625328 0.840775 0.019631 0.012864
0 0.455278 0.785600 0.013624 0.009669
0 0.470434 0.811398 0.013033 0.010686
0 0.087071 0.859845 0.015889 0.012513
0 0.361636 0.867984 0.012937 0.010681
0 0.577637 0.893428 0.016455 0.014658
0 0.706133 0.613081 0.013548 0.010644
0 0.307798 0.590066 0.012063 0.008755
0 0.078249 0.609851 0.012266 0.009904
0 0.419195 0.810692 0.013210 0.010164
0 0.345201 0.466148 0.012933 0.007741
0 0.464666 0.460529 0.016606 0.011007
0 0.418861 0.856394 0.017501 0.011639
0 0.691568 0.781588 0.012223 0.012408
0 0.710074 0.709593 0.009642 0.009134
0 0.097844 0.578737 0.015144 0.009399
0 0.565819 0.592640 0.012308 0.009750
0 0.438326 0.468038 0.013951 0.010036
0 0.342887 0.643468 0.016052 0.012350
0 0.300208 0.657257 0.014942 0.011393
0 0.608199 0.715750 0.015666 0.011604
0 0.089152 0.691357 0.017265 0.011279
0 0.224760 0.953323 0.014669 0.011396
0 0.219198 0.462583 0.011426 0.010353
0 0.218840 0.907481 0.016903 0.012518
0 0.296022 0.781987 0.015717 0.013442
0 0.440635 0.522629 0.014674 0.011570
0 0.582475 0.488628 0.015808 0.012411
0 0.321161 0.457983 0.009308 0.008093
0 0.563510 0.807343 0.011840 0.007450
0 0.672403 0.671191 0.010357 0.007472
0 0.327830 0.508088 0.018918 0.014109
0 0.251766 0.536574 0.019625 0.013178
0 0.529535 0.845240 0.015173 0.011735
0 0.366623 0.834970 0.018737 0.012626
0 0.247182 0.578329 0.016178 0.012198
0 0.126754 0.481739 0.016454 0.013328
0 0.499129 0.755041 0.013101 0.008987
0 0.634475 0.696536 0.010925 0.008806
0 0.568002 0.534019 0.019933 0.010712
0 0.434670 0.764137 0.010537 0.007517
0 0.022987 0.888285 0.014401 0.009370
0 0.254940 0.586865 0.014685 0.010750
0 0.294215 0.776345 0.015708 0.012508
0 0.333529 0.916116 0.013555 0.011682
0 0.587788 0.551797 0.010607 0.008241
0 0.546394 0.842498 0.014216 0.010771
0 0.163147 0.630302 0.013035 0.010724
0 0.480160 0.442697 0.010563 0.009479
0 0.610591 0.795313 0.009410 0.011315
0 0.097826 0.615896 0.010924 0.009274
0 0.305865 0.508191 0.023325 0.012111
0 0.328261 0.414951 0.015464 0.010867
0 0.222925 0.601387 0.016976 0.012173
0 0.198987 0.646603 0.013080 0.008806
0 0.250296 0.581564 0.017337 0.015197
0 0.671077 0.673154 0.010867 0.013910
0 0.176549 0.678109 0.013245 0.008657
0 0.410905 0.717005 0.010963 0.007517
0 0.157149 0.739540 0.012339 0.010423
0 0.352160 0.650080 0.022573 0.014948
0 0.662683 0.576602 0.016127 0.014336
0 0.297738 0.509563 0.013831 0.009633
0 0.042791 0.577632 0.013688 0.012349
0 0.258078 0.848258 0.015835 0.010252
0 0.456795 0.964668 0.016408 0.013695
0 0.338914 0.847013 0.018097 0.010752
0 0.006306 0.632084 0.012611 0.012753
0 0.330958 0.848492 0.018140 0.012265
0 0.070377 0.695137 0.012992 0.010597
1 0.654930 0.894953 0.043818 0.031690
1 0.194053 0.830986 0.045383 0.035211
1 0.283255 0.803404 0.057903 0.038732
1 0.327074 0.880282 0.051643 0.042254
1 0.143975 0.700117 0.057903 0.045775
1 0.131455 0.631455 0.045383 0.049296
1 0.372457 0.550469 0.029734 0.028169
1 0.430179 0.579459 0.054412 0.053285
1 0.513276 0.591011 0.028318 0.030181
1 0.569167 0.627340 0.035770 0.024592
1 0.568795 0.673171 0.051420 0.034652
1 0.623940 0.567537 0.038006 0.032417
1 0.531907 0.777442 0.050674 0.045831
1 0.195816 0.978929 0.058127 0.039683