0 0.210758 0.674852 0.019480 0.014668
0 0.457542 0.256629 0.015977 0.012262
0 0.177302 0.637077 0.017066 0.012453
1 0.753147 0.466346 0.041179 0.035043
0 0.292264 0.287901 0.017099 0.012894
0 0.243438 0.542624 0.015958 0.011654
0 0.259199 0.461745 0.017264 0.012225
1 0.458427 0.487753 0.037691 0.028007
0 0.264598 0.561564 0.015530 0.012094
0 0.097219 0.481877 0.018306 0.014504
0 0.364141 0.659211 0.019276 0.014567
0 0.564992 0.368310 0.015033 0.010662
0 0.383704 0.491799 0.019608 0.014982
1 0.293254 0.442992 0.039218 0.028777
0 0.234413 0.454541 0.016837 0.013664
0 0.575054 0.320642 0.014850 0.010885
0 0.124235 0.392645 0.016296 0.012316
0 0.344397 0.329823 0.014985 0.011326
0 0.241445 0.423428 0.016637 0.014290
0 0.209755 0.305599 0.019078 0.015454
0 0.506923 0.489464 0.019758 0.015598
0 0.688195 0.430773 0.015245 0.011561
0 0.252703 0.290709 0.023274 0.017631
0 0.067880 0.505015 0.015773 0.012116
0 0.262438 0.222033 0.015976 0.013188
0 0.600852 0.418923 0.019091 0.015154
0 0.206847 0.627193 0.015511 0.013111
0 0.565147 0.294004 0.016780 0.013006
0 0.440422 0.359308 0.016344 0.013450
0 0.533815 0.261071 0.015723 0.012286
0 0.377089 0.450343 0.015976 0.012502
0 0.419883 0.426686 0.014950 0.011734
0 0.582271 0.384211 0.016806 0.013947
0 0.582013 0.653980 0.016994 0.012959
0 0.203166 0.391256 0.017532 0.013583
0 0.121623 0.590813 0.015777 0.013053
0 0.305173 0.671678 0.019682 0.015868
0 0.326751 0.754954 0.023105 0.019131
0 0.708396 0.518924 0.015075 0.012038
0 0.648857 0.435654 0.015279 0.011761
0 0.041910 0.380182 0.017873 0.014117
0 0.119293 0.437175 0.016965 0.014205
0 0.597574 0.513639 0.019063 0.014910
0 0.562872 0.236897 0.015280 0.012557
0 0.358823 0.583710 0.016546 0.013590
0 0.212016 0.267066 0.014362 0.011300
0 0.638698 0.623904 0.015250 0.011854
0 0.374826 0.353854 0.020126 0.016479
0 0.191887 0.329599 0.017951 0.013048
0 0.406725 0.522227 0.017165 0.013391
0 0.248772 0.310983 0.022786 0.016704
1 0.349858 0.183951 0.042941 0.016103