0 0.730161 0.629505 0.021150 0.016486
0 0.405301 0.512001 0.020781 0.016106
0 0.331558 0.861604 0.020853 0.015577
0 0.374583 0.763069 0.024481 0.019107
0 0.500350 0.560239 0.023941 0.017800
0 0.517936 0.679823 0.021120 0.017050
0 0.745013 0.843165 0.022221 0.018271
0 0.580235 0.551807 0.025599 0.018648
0 0.493269 0.494032 0.019792 0.015618
0 0.357164 0.542662 0.023164 0.018185
0 0.468574 0.968266 0.025400 0.019532
0 0.677891 0.848850 0.023521 0.017654
0 0.831438 0.570735 0.023202 0.018804
0 0.796004 0.648881 0.019325 0.014938
0 0.615977 0.451557 0.020174 0.016763
0 0.547492 0.943129 0.022327 0.018708
0 0.587923 0.446342 0.021926 0.017167
0 0.326352 0.896194 0.021474 0.016532
0 0.656552 0.487068 0.024868 0.018287
0 0.710672 0.698923 0.019932 0.015643
0 0.774967 0.885665 0.026501 0.021881
0 0.617630 0.875795 0.024178 0.019409
0 0.400379 0.894197 0.025380 0.021757
0 0.310070 0.653358 0.018379 0.014658
0 0.925162 0.556398 0.021476 0.016377
0 0.577496 0.950423 0.022438 0.017725
0 0.388490 0.541115 0.021123 0.016957
0 0.563835 0.695791 0.023664 0.021704
0 0.224039 0.576575 0.020785 0.016926
0 0.188618 0.597103 0.028347 0.022679
0 0.297925 0.884572 0.019252 0.015328
0 0.710908 0.584459 0.018127 0.015410
0 0.770917 0.533916 0.021925 0.018480
0 0.883544 0.708738 0.015197 0.012512
0 0.437278 0.908955 0.027885 0.019854
0 0.480822 0.894098 0.019853 0.016671
0 0.358541 0.453342 0.020163 0.022282
0 0.795718 0.489019 0.043296 0.028819
0 0.633680 0.414277 0.015128 0.013093
0 0.793132 0.626918 0.018181 0.013239
0 0.765602 0.503317 0.018023 0.015327
0 0.681046 0.888837 0.024554 0.021116
0 0.922887 0.621601 0.016701 0.013444
0 0.538154 0.410660 0.020935 0.020540
0 0.670132 0.446770 0.023524 0.016219
0 0.582658 0.786590 0.024414 0.020455
0 0.518450 0.834899 0.017564 0.013875
0 0.668407 0.384666 0.014902 0.012666
0 0.862190 0.503878 0.020784 0.016584