0 0.418549 0.508117 0.018939 0.017332
0 0.783900 0.340563 0.020138 0.018238
0 0.768587 0.804548 0.017198 0.015250
0 0.190809 0.418364 0.015894 0.015189
0 0.335217 0.364656 0.017908 0.016619
0 0.896157 0.551310 0.014578 0.013471
0 0.504971 0.676790 0.017582 0.015429
0 0.717415 0.206560 0.015602 0.015638
0 0.373578 0.260730 0.019679 0.017750
0 0.776165 0.731578 0.012753 0.012570
0 0.537934 0.530425 0.017205 0.015121
0 0.441763 0.819828 0.014514 0.016817
0 0.796422 0.644185 0.016816 0.018309
0 0.503400 0.882597 0.014111 0.014048
0 0.165644 0.683956 0.014667 0.015005
0 0.402918 0.542013 0.019478 0.017651
0 0.165738 0.378543 0.015340 0.013806
0 0.385784 0.814355 0.018000 0.016264
0 0.552173 0.854541 0.015463 0.014157
0 0.224187 0.214599 0.018079 0.016023
0 0.226793 0.277976 0.015939 0.015388
0 0.244889 0.418755 0.013313 0.011513
0 0.684269 0.488322 0.020370 0.015677
0 0.486323 0.289195 0.020404 0.018954
0 0.292989 0.217141 0.018919 0.018941
0 0.488737 0.171824 0.016710 0.016196
0 0.059611 0.238425 0.014450 0.013224
0 0.606934 0.553099 0.015008 0.013965
0 0.139625 0.824514 0.013290 0.012810
0 0.494959 0.480069 0.017489 0.016243
0 0.677574 0.504951 0.018331 0.015321
0 0.547934 0.051012 0.016323 0.015534
0 0.585585 0.247007 0.015946 0.015047
0 0.320939 0.197867 0.025962 0.018861
0 0.466277 0.902274 0.016092 0.014124
0 0.389006 0.131212 0.015550 0.017020
0 0.295316 0.472378 0.015364 0.014000
0 0.525743 0.726882 0.012757 0.014347
0 0.430034 0.796144 0.016721 0.018689
0 0.393241 0.288849 0.015287 0.015148
0 0.629896 0.686091 0.019678 0.019379
0 0.492675 0.734717 0.016748 0.016421
0 0.357189 0.549486 0.016678 0.014817
0 0.449906 0.559852 0.014441 0.014181
0 0.657164 0.355713 0.027416 0.019904
0 0.114879 0.280676 0.012918 0.015741
0 0.522537 0.432422 0.016355 0.014010
0 0.544731 0.833299 0.016019 0.014912
0 0.677148 0.822161 0.015870 0.016406
0 0.176485 0.209516 0.018049 0.019598
0 0.749249 0.304908 0.020047 0.021130
0 0.128990 0.836744 0.015941 0.014207
0 0.555544 0.738223 0.015404 0.017740
0 0.343538 0.179542 0.015688 0.014625
0 0.554442 0.288321 0.015666 0.014992
1 0.529343 0.361502 0.049296 0.030516
1 0.707746 0.561620 0.039906 0.041080
1 0.169014 0.525235 0.147887 0.156103