0 0.635992 0.624025 0.013280 0.010019
0 0.596608 0.649525 0.015790 0.012064
0 0.562180 0.699211 0.030178 0.019140
0 0.508880 0.549599 0.012446 0.010034
0 0.337838 0.222097 0.019813 0.014752
0 0.569671 0.575640 0.013253 0.010268
0 0.552529 0.529555 0.015176 0.012214
0 0.729710 0.608617 0.016842 0.013033
0 0.296735 0.274453 0.016350 0.013411
0 0.425311 0.512281 0.015397 0.013011
0 0.593010 0.421574 0.016921 0.013528
0 0.623026 0.636988 0.011721 0.010673
0 0.542202 0.462757 0.014669 0.011301
0 0.613898 0.670749 0.012904 0.010453
0 0.638893 0.651579 0.017171 0.009745
1 0.725596 0.673944 0.064412 0.046009