0 0.575151 0.541602 0.014591 0.010941
0 0.220351 0.396806 0.018583 0.013889
0 0.260192 0.335092 0.020212 0.015553
0 0.226663 0.518293 0.015638 0.012064
0 0.419766 0.397105 0.018583 0.014149
0 0.392159 0.566824 0.014979 0.011623
0 0.440452 0.557029 0.015576 0.011632
0 0.487194 0.297429 0.017466 0.012842
0 0.168414 0.380683 0.017145 0.012831
0 0.334264 0.360840 0.018843 0.015102
0 0.587689 0.339506 0.018245 0.013410
0 0.359558 0.613731 0.017650 0.013470
0 0.389088 0.363743 0.019523 0.014686
0 0.442157 0.296255 0.018730 0.014964
0 0.190580 0.514493 0.016886 0.013081
0 0.381035 0.476621 0.017336 0.012603
0 0.435939 0.578921 0.014566 0.011335
0 0.580636 0.290634 0.019282 0.014158
0 0.569783 0.469662 0.016286 0.011993
0 0.293918 0.534166 0.017260 0.012580
0 0.431591 0.487681 0.017010 0.012841
0 0.498654 0.351057 0.018080 0.013894
0 0.210371 0.457512 0.015453 0.011716
0 0.582785 0.609959 0.014983 0.012144
0 0.225283 0.550623 0.015873 0.012182
0 0.569486 0.511606 0.015169 0.011475
0 0.427052 0.268119 0.018674 0.014195
0 0.368222 0.552018 0.016212 0.012728
0 0.530435 0.240232 0.017342 0.013269
0 0.300876 0.298854 0.018222 0.013991
0 0.500783 0.329372 0.016775 0.012854
0 0.271005 0.545870 0.016179 0.011923
0 0.373776 0.697966 0.018800 0.013675
0 0.492200 0.416838 0.015565 0.011935
0 0.640545 0.510186 0.014316 0.011414
0 0.591249 0.410737 0.016757 0.012841
0 0.327575 0.448022 0.018144 0.013586
1 0.542862 0.561624 0.049602 0.037982
0 0.303769 0.622919 0.016745 0.012756
0 0.507417 0.513507 0.013846 0.011580
0 0.405267 0.454664 0.016536 0.012130
0 0.484026 0.542435 0.014498 0.010277
0 0.365546 0.512935 0.016377 0.012749
0 0.288736 0.646021 0.017541 0.012523
1 0.697512 0.483307 0.052497 0.037994
1 0.790293 0.447498 0.071349 0.048085
0 0.341323 0.226207 0.016198 0.013102
0 0.611278 0.271117 0.019524 0.015983
0 0.658377 0.378164 0.016526 0.012649
0 0.583326 0.389696 0.016169 0.012532
0 0.695144 0.526441 0.013980 0.010616
0 0.351111 0.450378 0.017372 0.013401
0 0.127988 0.399077 0.018872 0.013908
1 0.679388 0.287010 0.097157 0.072317
0 0.188672 0.537888 0.015356 0.011703
0 0.210734 0.587285 0.016863 0.013443
1 0.131878 0.566862 0.059403 0.043429
0 0.499208 0.655094 0.016569 0.012522
0 0.635726 0.410645 0.017732 0.013574
0 0.394680 0.647352 0.015398 0.011754
0 0.276591 0.404583 0.018271 0.014220
0 0.410162 0.699467 0.017891 0.013925
0 0.643522 0.572385 0.013579 0.010673
1 0.568292 0.716512 0.088482 0.049794
0 0.621360 0.500658 0.015322 0.011665
1 0.140636 0.469252 0.058438 0.037220
0 0.160571 0.332035 0.016529 0.013427
1 0.375357 0.668843 0.054106 0.041761
1 0.546633 0.405099 0.044085 0.033707
0 0.480289 0.461756 0.015626 0.012753
0 0.316739 0.225767 0.016619 0.013366
0 0.349092 0.321011 0.016237 0.012591
0 0.686355 0.586819 0.014515 0.011102
0 0.552269 0.663546 0.014662 0.012818
0 0.454949 0.185758 0.013235 0.010865
1 0.437766 0.448540 0.046476 0.036945
0 0.752571 0.519380 0.013920 0.010423
0 0.256647 0.412238 0.023710 0.012840
0 0.452786 0.676154 0.016247 0.012433
0 0.474069 0.531409 0.014614 0.011240
0 0.403003 0.517259 0.012703 0.009608
0 0.268321 0.457182 0.015513 0.011389
1 0.513674 0.594126 0.038223 0.030711
0 0.273338 0.229086 0.015078 0.012786
0 0.382859 0.173474 0.014592 0.011826
1 0.636230 0.624300 0.051148 0.039328
0 0.224381 0.311335 0.015704 0.013443
0 0.568446 0.167201 0.016036 0.012728
0 0.670858 0.223588 0.015552 0.013172
0 0.780846 0.516497 0.013153 0.010157
0 0.468010 0.252192 0.015391 0.011210
0 0.733452 0.498951 0.012152 0.009420
0 0.454366 0.212477 0.014159 0.011701
0 0.674265 0.649682 0.014641 0.011671
0 0.482302 0.718654 0.021816 0.014231
0 0.391238 0.534416 0.016925 0.011960
0 0.556622 0.383589 0.014072 0.009845
0 0.783376 0.289124 0.018630 0.015511
0 0.759790 0.539821 0.022136 0.012187
0 0.354933 0.634319 0.014549 0.010528
0 0.375589 0.283462 0.016031 0.013222
0 0.800361 0.339983 0.016513 0.013268
0 0.655811 0.585137 0.013508 0.011469
0 0.798209 0.360760 0.019979 0.014687
0 0.545978 0.694277 0.014257 0.010105
0 0.658894 0.596077 0.011986 0.009036
0 0.537047 0.311393 0.025245 0.016801
0 0.817245 0.489481 0.012354 0.009015
0 0.580222 0.561442 0.011450 0.009349
0 0.701580 0.618464 0.013401 0.010226
0 0.675383 0.253728 0.013209 0.010896
0 0.657036 0.590942 0.012739 0.019404
0 0.389585 0.593173 0.014170 0.010921