0 0.470049 0.654767 0.015764 0.021719
0 0.278255 0.372445 0.014530 0.020540
0 0.261121 0.919663 0.015153 0.020608
0 0.131699 0.497191 0.013501 0.018616
0 0.358236 0.282594 0.014867 0.019870
0 0.368790 0.780445 0.012842 0.018089
0 0.204147 0.585608 0.014524 0.020062
0 0.452595 0.445173 0.017091 0.022022
0 0.173611 0.901811 0.017029 0.023270
0 0.444910 0.308124 0.013051 0.019312
0 0.160199 0.456063 0.019544 0.023517
0 0.367592 0.725132 0.011928 0.017545
0 0.226309 0.393717 0.013398 0.020135
0 0.473239 0.710600 0.014686 0.021124
0 0.469377 0.561256 0.016913 0.021967
0 0.170106 0.283910 0.013121 0.018894
0 0.330225 0.352318 0.013679 0.019020
0 0.292475 0.257163 0.013617 0.020767
0 0.117702 0.855190 0.014599 0.018896
0 0.531424 0.617906 0.010519 0.015166
0 0.289402 0.463061 0.011972 0.016754
0 0.378285 0.357843 0.012292 0.017588
0 0.393868 0.411745 0.013130 0.019229
0 0.080529 0.494608 0.013243 0.018439
0 0.545004 0.534678 0.010941 0.014119
0 0.081546 0.602757 0.012998 0.017546
0 0.574590 0.541582 0.012145 0.016978
0 0.229096 0.341989 0.015766 0.024421
0 0.582540 0.645874 0.015617 0.019717
0 0.261457 0.689697 0.012100 0.017320
0 0.433511 0.428742 0.015799 0.022550
0 0.082715 0.466317 0.013017 0.018896
0 0.479730 0.491212 0.014298 0.020453
1 0.531413 0.457870 0.030590 0.039105
0 0.479403 0.875788 0.013457 0.017990
0 0.216205 0.637729 0.012521 0.018000
0 0.245637 0.244573 0.011997 0.017903
0 0.247409 0.303479 0.013577 0.018873
0 0.394131 0.679098 0.011914 0.016317
0 0.236795 0.748680 0.011489 0.016070
0 0.460573 0.891226 0.015734 0.022305
0 0.261125 0.321998 0.012740 0.017567
0 0.263373 0.258633 0.011879 0.019676
0 0.307587 0.947266 0.014616 0.020516
0 0.154429 0.361673 0.011947 0.018697
1 0.568279 0.599209 0.026465 0.038101
0 0.196638 0.642955 0.012989 0.017881
0 0.232316 0.946196 0.014775 0.019926
0 0.050638 0.469334 0.014429 0.020244
0 0.396667 0.209418 0.012872 0.018617
0 0.339959 0.270601 0.011062 0.015037
0 0.531754 0.678641 0.011507 0.017018
0 0.337779 0.520539 0.015603 0.020734
0 0.357452 0.336698 0.020798 0.021549
0 0.447325 0.371844 0.012698 0.018276
0 0.299003 0.678515 0.011252 0.016642
0 0.099798 0.638765 0.016708 0.022176
0 0.424354 0.696884 0.012592 0.020117
0 0.466579 0.370284 0.012726 0.019059
0 0.393539 0.813019 0.015537 0.018859
0 0.323203 0.209176 0.011239 0.016721
0 0.567280 0.377096 0.012687 0.018544
0 0.108325 0.478095 0.012260 0.017117
0 0.296279 0.195464 0.014598 0.018483
0 0.464830 0.265232 0.012297 0.019722
0 0.178576 0.866720 0.013264 0.017975
0 0.528413 0.730219 0.012582 0.020819
0 0.055696 0.431679 0.012625 0.018031
0 0.264300 0.210491 0.011903 0.019014
0 0.084681 0.676422 0.013010 0.018732
0 0.263570 0.988806 0.013006 0.018071
0 0.352163 0.945988 0.015453 0.020308
0 0.131773 0.329074 0.011659 0.017773
0 0.451020 0.812363 0.012811 0.017966
0 0.291432 0.866142 0.023653 0.036927
0 0.212840 0.945514 0.015228 0.020790
0 0.028583 0.462245 0.020360 0.024016
0 0.341255 0.200991 0.018422 0.022721
0 0.464241 0.296136 0.011825 0.016580
0 0.385523 0.605363 0.010560 0.015781