0 0.643047 0.341397 0.014575 0.015562
0 0.575493 0.421670 0.016169 0.015073
0 0.448423 0.491232 0.015843 0.016265
0 0.705955 0.370142 0.014464 0.014676
0 0.822997 0.279317 0.015965 0.016619
0 0.656033 0.139202 0.012707 0.013955
0 0.901887 0.335682 0.013614 0.013341
0 0.759377 0.320366 0.015766 0.016682
0 0.608168 0.912033 0.016572 0.016506
0 0.744535 0.205299 0.014981 0.014909
0 0.986997 0.444824 0.015119 0.014903
0 0.893830 0.675942 0.014416 0.014415
0 0.572307 0.370641 0.015824 0.015517
0 0.808063 0.691165 0.015565 0.015480
0 0.730932 0.333121 0.014291 0.014763
0 0.684850 0.945572 0.014062 0.014615
0 0.773683 0.146326 0.015852 0.017282
0 0.495321 0.252512 0.014860 0.014280
0 0.639587 0.690040 0.018185 0.016787
0 0.525153 0.802340 0.016540 0.016935
0 0.988535 0.566953 0.015458 0.015789
0 0.720068 0.475777 0.015950 0.015336
0 0.492340 0.399160 0.015682 0.017078
0 0.962122 0.652745 0.014257 0.014617
0 0.719198 0.214933 0.016329 0.015513
0 0.575273 0.206657 0.013750 0.016294
0 0.801358 0.565969 0.016927 0.016438
0 0.647533 0.280847 0.014503 0.013633
0 0.863009 0.240347 0.013823 0.013820
0 0.718901 0.418578 0.014323 0.014288
0 0.317971 0.491294 0.015496 0.015882
0 0.631896 0.302695 0.015822 0.014977
0 0.814279 0.737515 0.013972 0.013787
0 0.627137 0.485384 0.016634 0.016381
0 0.776895 0.743611 0.014117 0.013601
0 0.974698 0.693147 0.014713 0.014567
0 0.562152 0.643996 0.013768 0.013532
0 0.911667 0.292911 0.014105 0.014416
0 0.689828 0.259513 0.018738 0.017556
0 0.896511 0.715504 0.014333 0.014088
0 0.839698 0.958494 0.013841 0.014479
0 0.607329 0.333279 0.013531 0.013393
0 0.406582 0.764480 0.016299 0.016669
0 0.804605 0.365488 0.017393 0.017354
0 0.729423 0.173577 0.015529 0.016237
0 0.515470 0.311601 0.016539 0.016130
1 0.290606 0.605767 0.056504 0.088561
0 0.735705 0.493698 0.015716 0.015276
0 0.861663 0.467539 0.016975 0.014751
0 0.505418 0.655513 0.015429 0.015368
0 0.754341 0.237333 0.018387 0.019428
0 0.893804 0.428436 0.013945 0.014526
0 0.584135 0.449011 0.015099 0.013450
0 0.561716 0.316980 0.013253 0.013015
0 0.924367 0.451225 0.016917 0.016777
0 0.897469 0.404227 0.014565 0.014461
0 0.373180 0.877497 0.016238 0.016701
0 0.409745 0.658838 0.013677 0.013944
0 0.584213 0.808024 0.014666 0.015489
0 0.245178 0.500097 0.013660 0.014824
0 0.642487 0.397191 0.016032 0.015154
0 0.780034 0.946233 0.012670 0.012462
0 0.619620 0.715890 0.014011 0.014184
0 0.896668 0.257718 0.018679 0.017118
0 0.544508 0.399109 0.014711 0.014168
0 0.701801 0.651447 0.014873 0.015461
0 0.928351 0.390172 0.016208 0.013122
0 0.399907 0.418223 0.013492 0.013114
0 0.356905 0.681015 0.014838 0.015364
0 0.760698 0.656304 0.018510 0.018241
0 0.464056 0.220046 0.014492 0.016731
0 0.389312 0.504854 0.016051 0.017439
0 0.450885 0.413308 0.014706 0.014124
0 0.372806 0.523917 0.016103 0.015723
0 0.783119 0.845783 0.013372 0.013191
0 0.647862 0.977583 0.015749 0.015216
0 0.510786 0.180172 0.014187 0.014431
1 0.902691 0.578887 0.053877 0.051428
0 0.702550 0.761374 0.015250 0.015144
0 0.941895 0.674990 0.014748 0.014259
0 0.765304 0.425897 0.015843 0.016234
0 0.905568 0.913058 0.015290 0.014557
0 0.428668 0.791061 0.014918 0.014131
0 0.637531 0.753437 0.015912 0.016597
0 0.639592 0.163476 0.013716 0.014663
0 0.592203 0.088965 0.012761 0.013189
0 0.749521 0.946131 0.016400 0.014025
0 0.342627 0.837500 0.014099 0.014196
0 0.877735 0.356488 0.014948 0.016529
0 0.588173 0.317480 0.013364 0.013696
0 0.523113 0.485006 0.014620 0.013326
0 0.787382 0.721356 0.013950 0.014137
0 0.764519 0.295263 0.013373 0.013405
0 0.841804 0.507938 0.014696 0.016544
0 0.599779 0.477428 0.014661 0.014252
0 0.681347 0.094739 0.011452 0.012589
0 0.950605 0.556802 0.013582 0.013354
1 0.465295 0.156750 0.042994 0.039817
0 0.354246 0.296630 0.012897 0.014143
0 0.391424 0.461855 0.014789 0.015228
0 0.935721 0.653465 0.015279 0.013867
0 0.825617 0.805030 0.017647 0.014973
0 0.955229 0.523693 0.014033 0.013703
0 0.612536 0.238797 0.015149 0.016062
0 0.289132 0.501345 0.014313 0.014479
0 0.543718 0.197312 0.012828 0.013542
0 0.457376 0.577534 0.016418 0.016547
0 0.966535 0.824369 0.013180 0.012899
0 0.803355 0.607109 0.014326 0.013842
0 0.317983 0.546812 0.014083 0.015022
0 0.823692 0.421738 0.020042 0.014765
0 0.681831 0.313555 0.014222 0.015328
0 0.688099 0.413219 0.015287 0.015387
0 0.732724 0.993308 0.015783 0.013264
0 0.587909 0.297092 0.013191 0.014332
0 0.663514 0.634203 0.015242 0.014566
0 0.863017 0.741003 0.015593 0.014575
0 0.936804 0.532302 0.013756 0.012858
0 0.462964 0.732549 0.015378 0.015155
0 0.914690 0.697560 0.012496 0.012403
0 0.779808 0.606330 0.014257 0.013733
0 0.663407 0.582985 0.014513 0.014875
0 0.768867 0.923596 0.013628 0.014266
0 0.939189 0.171320 0.012089 0.013852
0 0.544036 0.577082 0.014384 0.014328
0 0.721282 0.115530 0.013864 0.013894
0 0.833275 0.206705 0.013996 0.018985
0 0.693689 0.801131 0.016888 0.015303
0 0.435720 0.951629 0.019031 0.018172
0 0.953793 0.379220 0.014093 0.013861
0 0.881525 0.529919 0.014524 0.014701
0 0.331345 0.600547 0.014798 0.015975
0 0.669699 0.072156 0.011615 0.013296
0 0.622273 0.113924 0.019722 0.017316
0 0.713940 0.194791 0.013903 0.012957
0 0.562254 0.288506 0.012778 0.012971
0 0.655546 0.729726 0.015056 0.014546
0 0.502811 0.480624 0.014329 0.013728
0 0.581859 0.609041 0.012963 0.014119
0 0.381253 0.692854 0.013253 0.013239
0 0.721447 0.707930 0.016824 0.015964
0 0.677431 0.373990 0.012987 0.012608
0 0.613202 0.605102 0.013232 0.013226
0 0.547869 0.135656 0.014334 0.016027
0 0.737857 0.393720 0.014261 0.014379
0 0.855902 0.443529 0.014430 0.013832
0 0.674502 0.991787 0.015028 0.014938
0 0.402385 0.248103 0.012572 0.013064
0 0.511355 0.582496 0.017512 0.016731
0 0.589083 0.964810 0.020249 0.017321
0 0.619017 0.354089 0.013948 0.015256
0 0.741771 0.538406 0.017280 0.014563
0 0.736469 0.577950 0.014497 0.014098
0 0.756568 0.606628 0.014045 0.014231
0 0.585856 0.934085 0.015050 0.016269
0 0.626048 0.821714 0.020663 0.018723
0 0.224821 0.526706 0.014005 0.014508
0 0.577782 0.482980 0.014893 0.012575
0 0.764309 0.967109 0.012430 0.011899
0 0.536458 0.108124 0.015100 0.016230
0 0.547621 0.476192 0.018303 0.015990
0 0.692705 0.115128 0.012800 0.013668
0 0.878060 0.449015 0.014380 0.013500
0 0.568226 0.557043 0.014631 0.013516
0 0.680835 0.351965 0.013643 0.012977
0 0.856111 0.767856 0.015584 0.014417
0 0.372087 0.644356 0.017757 0.013570
0 0.862301 0.522321 0.014506 0.016630
0 0.351047 0.891087 0.015776 0.016462
0 0.294089 0.313670 0.013917 0.015593
0 0.412624 0.706428 0.013275 0.013898
0 0.934892 0.324994 0.014333 0.013856
0 0.844811 0.740978 0.014586 0.014571
0 0.608428 0.640749 0.014291 0.013679
0 0.690930 0.691731 0.013425 0.013182
0 0.547955 0.232462 0.016749 0.014800
0 0.516801 0.993995 0.018014 0.012010
0 0.334275 0.268368 0.015784 0.019859
0 0.547506 0.951897 0.020433 0.021845
0 0.990175 0.842171 0.013902 0.013784
0 0.666997 0.481934 0.015604 0.015516
0 0.804747 0.991656 0.012327 0.012766
0 0.623595 0.074469 0.013885 0.014814
0 0.664402 0.910751 0.015623 0.015115
0 0.874501 0.934568 0.012786 0.013065
0 0.364224 0.326255 0.013136 0.013291
0 0.928606 0.358439 0.015607 0.019349
0 0.720735 0.858782 0.012602 0.013565
0 0.512902 0.386056 0.013815 0.013898
0 0.828723 0.470618 0.015061 0.015903
0 0.842693 0.574276 0.017239 0.015058
0 0.645643 0.901786 0.015625 0.016355
0 0.881291 0.634933 0.015101 0.016346
0 0.627976 0.263464 0.013402 0.013194
0 0.982211 0.344364 0.013480 0.012725
0 0.976294 0.378270 0.013139 0.012945
0 0.340492 0.325670 0.014924 0.017011
0 0.527192 0.559196 0.017256 0.017030
0 0.609767 0.177712 0.017825 0.018419
0 0.394775 0.289374 0.015980 0.017349
0 0.447846 0.993885 0.018088 0.011829
0 0.334165 0.750891 0.016533 0.019413
0 0.921282 0.755115 0.013120 0.015101
0 0.614122 0.667050 0.016568 0.014645
0 0.480006 0.610077 0.018206 0.014493
0 0.655584 0.869566 0.016352 0.016703
0 0.596697 0.114978 0.012703 0.014441
0 0.763011 0.118067 0.014878 0.016022
0 0.876848 0.652111 0.015941 0.015777
0 0.690477 0.574827 0.017597 0.020632
0 0.378705 0.777567 0.015842 0.016215
0 0.790138 0.102833 0.015100 0.015659
0 0.292942 0.723331 0.013514 0.016718
0 0.921425 0.554986 0.014002 0.012427
0 0.398092 0.217001 0.014781 0.013506
0 0.323624 0.340663 0.012665 0.013614
1 0.897142 0.219573 0.037440 0.036700
0 0.812074 0.642126 0.018740 0.017755
0 0.663166 0.238771 0.012267 0.013020
0 0.923180 0.429408 0.013313 0.013729
0 0.520864 0.286480 0.012751 0.016121
0 0.510845 0.734722 0.016905 0.015997
0 0.442102 0.922489 0.017537 0.020098
0 0.785853 0.372064 0.015034 0.013658
0 0.815433 0.343927 0.014727 0.013593
0 0.576491 0.538887 0.013428 0.013334
0 0.798965 0.859233 0.012158 0.012504
0 0.637032 0.776536 0.015716 0.015147
0 0.976483 0.220546 0.013616 0.014750
0 0.934237 0.248458 0.017427 0.021071
0 0.438587 0.270287 0.012272 0.013609
0 0.629882 0.579896 0.013728 0.018428
0 0.373406 0.852810 0.014493 0.014798
0 0.720099 0.959061 0.013693 0.014013
0 0.457140 0.287564 0.015367 0.017044
0 0.320150 0.222478 0.013857 0.016871
0 0.727634 0.595779 0.014353 0.013048
0 0.823669 0.158260 0.012921 0.013799
0 0.314544 0.292189 0.016381 0.014426
0 0.700420 0.504367 0.014033 0.012769
0 0.664322 0.503020 0.013986 0.013260
0 0.793786 0.662584 0.017774 0.017846
0 0.669117 0.844138 0.018251 0.017068
0 0.549190 0.741835 0.015067 0.014954
0 0.607289 0.941495 0.015829 0.016001
0 0.861319 0.271980 0.017941 0.014084
0 0.497284 0.189376 0.013236 0.013421
1 0.235037 0.430984 0.044509 0.048712
0 0.514783 0.353804 0.017632 0.013618
0 0.566964 0.993267 0.022735 0.013214
0 0.977610 0.311335 0.016351 0.017360
0 0.880468 0.908057 0.015508 0.015504
0 0.605432 0.564525 0.014625 0.013260
0 0.449645 0.605590 0.016908 0.015363
0 0.753702 0.513179 0.015058 0.016550
0 0.417468 0.497328 0.012365 0.013346
0 0.867707 0.573105 0.012776 0.013066
0 0.961492 0.723494 0.019357 0.018957
0 0.551740 0.350254 0.013204 0.012229
0 0.466402 0.646591 0.015920 0.015520
0 0.680234 0.825089 0.014363 0.013564
0 0.899779 0.968841 0.012571 0.012984
0 0.700506 0.972632 0.016342 0.017349
0 0.587766 0.182549 0.015959 0.014559
0 0.275747 0.285162 0.018788 0.020496
0 0.415477 0.447289 0.013864 0.013902
0 0.485825 0.300697 0.012967 0.013612
0 0.756635 0.893462 0.016580 0.014668
0 0.537719 0.611822 0.014994 0.013952
0 0.472323 0.459127 0.013956 0.014714
0 0.798799 0.812018 0.011995 0.013341
0 0.432006 0.678748 0.017986 0.016311
0 0.499393 0.444785 0.018895 0.013905
0 0.713035 0.782382 0.015208 0.018205
1 0.963704 0.786646 0.048757 0.047046
1 0.254014 0.660149 0.046450 0.044815
0 0.646030 0.545966 0.018750 0.017456
0 0.742256 0.780300 0.015398 0.018030
0 0.806902 0.543189 0.014410 0.014254
0 0.553365 0.681750 0.018470 0.023409
0 0.750377 0.836849 0.013663 0.013873
0 0.746490 0.432891 0.016930 0.017655
0 0.858810 0.368247 0.015581 0.016359
0 0.563335 0.442560 0.012972 0.013086
0 0.543855 0.716720 0.016508 0.017867
0 0.879081 0.275728 0.014646 0.013568
0 0.480873 0.438052 0.015124 0.016247
0 0.411834 0.592652 0.021713 0.015799
0 0.427670 0.547611 0.020679 0.016481
0 0.841594 0.790354 0.016276 0.016030
0 0.529193 0.216099 0.013312 0.016579
0 0.310257 0.273652 0.018008 0.017441
0 0.432771 0.389006 0.016212 0.016451
0 0.552374 0.473035 0.019986 0.017092
0 0.747763 0.138965 0.015014 0.017018
0 0.672688 0.447443 0.013221 0.015256
0 0.801758 0.886766 0.011502 0.011753
0 0.467695 0.310611 0.013264 0.013518
0 0.486487 0.661710 0.013064 0.012352
0 0.388861 0.840387 0.014776 0.016291
0 0.685848 0.485969 0.014151 0.016045
0 0.638858 0.181929 0.013810 0.014596
0 0.654347 0.418261 0.013822 0.012194
0 0.354679 0.930790 0.016402 0.016897
0 0.939348 0.232160 0.016789 0.016559
0 0.405816 0.590006 0.021518 0.017108
0 0.598822 0.250255 0.012128 0.012981
0 0.647496 0.640398 0.015271 0.014000
0 0.734702 0.090417 0.013006 0.013986
0 0.995475 0.718052 0.009050 0.016642
0 0.757249 0.350161 0.015368 0.016917
0 0.454186 0.627520 0.014361 0.013520
0 0.701158 0.082732 0.012022 0.014892
0 0.393377 0.193608 0.010980 0.013331
0 0.739357 0.063880 0.011855 0.012307
0 0.421405 0.195624 0.012829 0.014350
0 0.914275 0.856105 0.017047 0.015512
0 0.743580 0.919402 0.017417 0.015525
0 0.372443 0.585386 0.012656 0.012832
0 0.764546 0.821042 0.015582 0.016982
0 0.409611 0.970152 0.015164 0.015582
0 0.266070 0.722368 0.013614 0.014600
0 0.941364 0.206008 0.013517 0.014772
0 0.818222 0.498584 0.015393 0.018957
0 0.488174 0.576593 0.017595 0.016200
0 0.708996 0.054996 0.013736 0.014646
0 0.919872 0.995483 0.013864 0.009033
0 0.838211 0.136947 0.016911 0.018467
0 0.978729 0.413250 0.015822 0.011893
0 0.245350 0.537925 0.016720 0.018235
0 0.965044 0.860053 0.011082 0.012518
0 0.231654 0.696218 0.014388 0.014961
0 0.432882 0.330783 0.016171 0.018674
0 0.613868 0.538452 0.014716 0.014613
0 0.318900 0.703118 0.015861 0.013921
0 0.507509 0.087214 0.014606 0.014663
0 0.765010 0.639537 0.017130 0.021453
0 0.622775 0.986222 0.017316 0.016394
0 0.711052 0.795733 0.016798 0.020574
0 0.365213 0.645474 0.018777 0.014443
0 0.879431 0.641712 0.017407 0.029247
0 0.963117 0.492756 0.015071 0.016937
0 0.767821 0.533012 0.013102 0.017147
0 0.587658 0.305505 0.012186 0.029245
0 0.419205 0.402560 0.015009 0.017677
0 0.686527 0.314623 0.028895 0.017077
0 0.871424 0.847676 0.012360 0.012613
0 0.508318 0.687166 0.012837 0.012435
0 0.943743 0.199912 0.013709 0.017317
0 0.668908 0.802405 0.012502 0.012495
0 0.372856 0.256198 0.015849 0.015604
0 0.995156 0.389314 0.009688 0.015066
0 0.284865 0.814219 0.013330 0.013915
0 0.532819 0.350639 0.015421 0.013286
0 0.759882 0.428446 0.027090 0.018901
0 0.501180 0.728331 0.018747 0.016821
0 0.728674 0.561039 0.013285 0.013740
0 0.841920 0.986136 0.023310 0.013928
0 0.377602 0.402365 0.015368 0.014735
0 0.702206 0.799002 0.022240 0.016111
0 0.419870 0.433348 0.014838 0.018531
0 0.500145 0.186152 0.015582 0.015754
0 0.369181 0.723165 0.013029 0.018237
0 0.541458 0.381369 0.013968 0.017010
0 0.940407 0.941544 0.014837 0.016608
0 0.838422 0.857557 0.012080 0.012943
0 0.743508 0.397142 0.019370 0.015940
0 0.478338 0.711385 0.016366 0.018374
1 0.892311 0.151570 0.059179 0.042271