0 0.492774 0.811707 0.020055 0.015638
0 0.127237 0.502702 0.016498 0.013326
0 0.328008 0.493212 0.014575 0.010890
0 0.428301 0.772632 0.017317 0.013400
0 0.298527 0.402496 0.015546 0.011953
0 0.628397 0.664757 0.017619 0.013045
0 0.376947 0.429207 0.017343 0.013266
0 0.342034 0.464239 0.017776 0.013778
0 0.328169 0.761856 0.017991 0.013142
0 0.377211 0.798270 0.017887 0.015416
0 0.258215 0.593854 0.020316 0.015164
0 0.374434 0.744241 0.022235 0.016031
0 0.280409 0.504157 0.016824 0.013560
0 0.444418 0.825300 0.017260 0.014141
0 0.328178 0.434079 0.015524 0.012251
0 0.336994 0.809844 0.021596 0.017128
0 0.337965 0.526402 0.015312 0.012259
0 0.575828 0.456827 0.016487 0.012648
0 0.158415 0.494411 0.017616 0.012790
0 0.298504 0.439603 0.016951 0.013705
0 0.366332 0.386335 0.019173 0.014224
0 0.445248 0.668240 0.017475 0.012271
0 0.574726 0.632156 0.016118 0.011926
0 0.571448 0.547452 0.020942 0.013293
0 0.198063 0.495550 0.012341 0.009505
0 0.394803 0.604449 0.021743 0.017427
0 0.297819 0.366499 0.018232 0.013857
0 0.561346 0.406428 0.017735 0.013262
0 0.515243 0.452803 0.016420 0.013152
0 0.658583 0.640827 0.016619 0.012459
0 0.653472 0.712923 0.018974 0.015220
0 0.349561 0.857269 0.020657 0.016530
0 0.224251 0.467393 0.012050 0.009461
0 0.173195 0.476033 0.016900 0.012463
0 0.301194 0.636822 0.014608 0.011551
0 0.298450 0.524075 0.013397 0.010431
0 0.598908 0.615784 0.018003 0.014457
0 0.559548 0.508133 0.017085 0.012934
0 0.477692 0.631869 0.017664 0.014162
0 0.260694 0.468187 0.012528 0.009662
0 0.348125 0.689869 0.016248 0.011867
0 0.520642 0.828222 0.018512 0.014026
0 0.431097 0.851815 0.023996 0.018002
0 0.455772 0.338280 0.017048 0.013257
0 0.403848 0.829679 0.018568 0.013817
0 0.365554 0.649712 0.015845 0.012777
0 0.190472 0.558083 0.020787 0.016299
0 0.680163 0.466706 0.022750 0.017497
0 0.416709 0.711372 0.014142 0.011404
0 0.359507 0.319592 0.012381 0.010136
0 0.607404 0.809523 0.019720 0.015539
0 0.543812 0.475870 0.017772 0.015026
0 0.575493 0.664169 0.020153 0.017136
0 0.723001 0.417573 0.023594 0.017507
0 0.668338 0.554910 0.018444 0.015106
0 0.290192 0.467601 0.013047 0.010041
0 0.476930 0.656312 0.019598 0.014206
0 0.179143 0.444593 0.017266 0.011719
0 0.215596 0.560212 0.019902 0.014781
0 0.488741 0.610689 0.019341 0.013808
0 0.510083 0.402949 0.021569 0.015387
0 0.243919 0.499928 0.014114 0.012962
0 0.776389 0.550802 0.024179 0.016771
0 0.782165 0.493286 0.021553 0.016891
0 0.213078 0.416737 0.015655 0.012056
0 0.577042 0.842995 0.017090 0.012867
0 0.492864 0.669001 0.017444 0.016295
0 0.481389 0.294103 0.015093 0.012181
1 0.768174 0.741829 0.046566 0.038988
0 0.755360 0.522501 0.014828 0.011082
0 0.651430 0.520837 0.015306 0.011766
0 0.306082 0.570341 0.014759 0.011246
1 0.301179 0.688164 0.048178 0.036437
0 0.609377 0.771249 0.020153 0.013914
0 0.707910 0.445728 0.016890 0.013773
0 0.426388 0.276754 0.013633 0.009982
1 0.052274 0.610852 0.054835 0.041858
0 0.095492 0.453102 0.016222 0.011601
0 0.242853 0.525389 0.014084 0.010224
0 0.538031 0.646516 0.022400 0.017009
0 0.357778 0.476389 0.014460 0.011091
0 0.646902 0.494841 0.017338 0.013093
0 0.584731 0.525021 0.017613 0.012824
0 0.326617 0.355996 0.015348 0.011747
0 0.431589 0.603632 0.016384 0.011931
0 0.421849 0.349228 0.017384 0.014027
0 0.435854 0.583027 0.014686 0.011596
0 0.359589 0.298586 0.011685 0.009452
0 0.467230 0.735423 0.015325 0.013362
0 0.550481 0.562948 0.020797 0.016700
0 0.688931 0.729907 0.014814 0.010797
0 0.414467 0.366637 0.023322 0.013731
0 0.757120 0.445699 0.018493 0.013589
0 0.599480 0.852333 0.022324 0.017413
0 0.308542 0.346797 0.019177 0.012663
0 0.138216 0.409991 0.020009 0.014788
0 0.275311 0.576243 0.014635 0.010744
0 0.349489 0.542635 0.012906 0.009860
0 0.642064 0.783226 0.015274 0.011396
0 0.109225 0.574547 0.013330 0.012126
0 0.388909 0.566981 0.029997 0.015350
0 0.559399 0.813677 0.017896 0.013890
0 0.569260 0.473827 0.016814 0.012737
0 0.160045 0.439986 0.014716 0.011179
0 0.014702 0.555276 0.018036 0.014524
0 0.212801 0.373621 0.016269 0.011314
0 0.167647 0.541406 0.015432 0.011250
0 0.639639 0.483325 0.016106 0.012089
0 0.187462 0.335626 0.018839 0.014633
0 0.451584 0.307005 0.015109 0.012837
0 0.288579 0.483966 0.013153 0.009705
0 0.166043 0.523315 0.014691 0.010737
0 0.306295 0.585705 0.022389 0.012105
0 0.454091 0.710698 0.018840 0.013435
0 0.443492 0.724350 0.015900 0.012240
0 0.397911 0.350134 0.013157 0.011292
0 0.199745 0.371100 0.016260 0.011283
0 0.090015 0.504843 0.012612 0.011576
0 0.038361 0.498884 0.015452 0.011848
0 0.605901 0.416967 0.018827 0.014715
0 0.384346 0.717051 0.012812 0.010346
0 0.560615 0.526796 0.016528 0.012690
0 0.109708 0.541924 0.014251 0.010228
0 0.036457 0.485956 0.015117 0.012547
0 0.115032 0.464921 0.012941 0.010451
0 0.624686 0.753577 0.016982 0.011250
0 0.569353 0.323283 0.025284 0.016100
0 0.101791 0.527305 0.017065 0.012285
0 0.514494 0.856530 0.020453 0.016052
0 0.595352 0.366130 0.020814 0.013526
0 0.366414 0.632658 0.013701 0.011271
0 0.125945 0.742900 0.018915 0.014834
0 0.701646 0.685383 0.020041 0.013474
0 0.586153 0.472328 0.012803 0.010099
0 0.407980 0.314629 0.015637 0.014839
0 0.380692 0.280984 0.014144 0.010202
0 0.743249 0.695447 0.016205 0.012277
0 0.754086 0.428140 0.019376 0.015701
0 0.305478 0.574955 0.018229 0.019591
0 0.315346 0.668081 0.014884 0.012353
0 0.638134 0.774500 0.014915 0.013604
0 0.523776 0.376105 0.014385 0.011654
0 0.642660 0.488562 0.017531 0.021792
0 0.134901 0.709807 0.020176 0.014907
0 0.332904 0.302222 0.011370 0.010448
0 0.049436 0.658333 0.013549 0.011212
0 0.173712 0.340472 0.016628 0.013299
0 0.465385 0.717881 0.017262 0.013739
0 0.256610 0.523239 0.017555 0.008558
0 0.174966 0.442982 0.031637 0.010818
0 0.537762 0.666186 0.016297 0.010834
1 0.257841 0.306449 0.052143 0.033356