0 0.603982 0.975664 0.020578 0.020158
0 0.585060 0.311827 0.015220 0.015270
0 0.531463 0.205456 0.014466 0.015976
0 0.337753 0.615865 0.015922 0.015760
0 0.423149 0.192434 0.011534 0.013083
0 0.229773 0.771830 0.016937 0.015880
0 0.744268 0.634414 0.015449 0.015086
0 0.598159 0.269472 0.016422 0.016592
0 0.379629 0.543388 0.018917 0.018508
0 0.418085 0.237592 0.013506 0.015007
0 0.574997 0.552156 0.017314 0.017733
0 0.352619 0.593597 0.017221 0.017600
0 0.480969 0.270172 0.015689 0.015856
0 0.503309 0.294028 0.013672 0.013205
0 0.298048 0.451171 0.019109 0.017389
0 0.455239 0.193462 0.010444 0.012499
0 0.434150 0.480964 0.016364 0.016929
0 0.203518 0.793762 0.015190 0.016208
1 0.804961 0.713429 0.040145 0.045236
0 0.215987 0.596691 0.017308 0.022087
0 0.245308 0.859139 0.017929 0.019911
0 0.806475 0.466417 0.015099 0.016194
0 0.750523 0.676858 0.015400 0.014582
0 0.792342 0.383850 0.014608 0.013649
0 0.566542 0.799045 0.017767 0.018343
0 0.913026 0.526068 0.013472 0.013859
1 0.798795 0.325898 0.048001 0.048875
1 0.761105 0.748737 0.050592 0.046571
0 0.503492 0.344092 0.014574 0.013324
0 0.502299 0.153520 0.019770 0.020834
0 0.437684 0.216325 0.012051 0.012279
0 0.750791 0.562258 0.015662 0.015601
0 0.464468 0.241694 0.013363 0.013039
0 0.778336 0.647527 0.016414 0.016916
0 0.462379 0.352717 0.016284 0.014948
0 0.833025 0.531262 0.013909 0.014308
0 0.249179 0.381777 0.015089 0.014650
0 0.186717 0.934580 0.015528 0.016688
1 0.400301 0.690901 0.090492 0.094656
1 0.180260 0.553831 0.046043 0.066846
0 0.277088 0.606958 0.014525 0.014402
0 0.144970 0.457019 0.015018 0.014637
0 0.240883 0.430221 0.014484 0.015019
1 0.170364 0.619740 0.049037 0.039972
0 0.684072 0.819653 0.018888 0.018162
0 0.345137 0.487754 0.015408 0.016760
0 0.110259 0.738808 0.012578 0.014202
0 0.638151 0.689841 0.015550 0.016370
1 0.261074 0.514836 0.030794 0.040699
0 0.073285 0.455139 0.013091 0.014052
0 0.698257 0.677291 0.013173 0.013867
0 0.469986 0.323133 0.018061 0.014576
0 0.690278 0.353333 0.015151 0.015313
0 0.371628 0.235319 0.012055 0.012664
0 0.436455 0.410847 0.017386 0.018420
0 0.395519 0.616258 0.016578 0.016775
0 0.545331 0.180201 0.011628 0.014013
0 0.842663 0.553505 0.014183 0.014011
0 0.205539 0.919710 0.017009 0.016798
0 0.633852 0.238284 0.015623 0.015394
0 0.754598 0.384901 0.016824 0.014841
0 0.256578 0.589021 0.015958 0.014314
0 0.389271 0.588929 0.018323 0.017356
0 0.581747 0.461112 0.014655 0.016883
0 0.760852 0.325107 0.011305 0.011683
0 0.642975 0.932230 0.017256 0.017035
0 0.624539 0.367990 0.014064 0.015222
0 0.931556 0.606185 0.013705 0.014852
0 0.424728 0.275925 0.014559 0.014866
0 0.756338 0.467589 0.013423 0.014204
0 0.684840 0.379817 0.014104 0.014666
0 0.795081 0.427158 0.015346 0.014549
0 0.821486 0.277000 0.014413 0.015452
0 0.506331 0.497252 0.018672 0.017704
0 0.603148 0.657226 0.018433 0.017617
0 0.314543 0.977253 0.037929 0.031182
0 0.274809 0.825550 0.029278 0.026780
0 0.678417 0.444626 0.013857 0.012262
0 0.470214 0.292202 0.014523 0.013147
0 0.496388 0.250910 0.012955 0.013034
0 0.388763 0.343270 0.014310 0.014547
0 0.755463 0.296553 0.011403 0.012740
0 0.626702 0.653970 0.018035 0.017276
0 0.142923 0.725528 0.011981 0.011873
0 0.624528 0.270033 0.012431 0.013148
0 0.539163 0.567049 0.029809 0.028036
0 0.973219 0.588697 0.013139 0.015183
0 0.145418 0.413039 0.013856 0.014629
0 0.464013 0.463049 0.014435 0.016754
0 0.261217 0.700696 0.017465 0.017767
0 0.417270 0.164399 0.015345 0.014930
0 0.893996 0.888898 0.015309 0.014984
0 0.486544 0.402696 0.014637 0.014141
0 0.775773 0.616029 0.013622 0.013306
0 0.187012 0.977402 0.016511 0.016535
0 0.964050 0.647883 0.013020 0.013087
0 0.961476 0.481082 0.015405 0.015524
0 0.422935 0.383902 0.012731 0.012931
0 0.543354 0.615509 0.017901 0.018165
0 0.615753 0.347010 0.014388 0.015958
0 0.734927 0.348280 0.012413 0.013564
0 0.023786 0.552224 0.012250 0.014419
0 0.914465 0.487808 0.011576 0.012430
0 0.592695 0.167970 0.011787 0.013041
0 0.306508 0.588054 0.016414 0.012742
0 0.201160 0.680528 0.014686 0.015946
0 0.143757 0.511099 0.014965 0.013047
0 0.744011 0.322894 0.011122 0.011542
0 0.596377 0.216625 0.011300 0.012016
0 0.394174 0.259505 0.013131 0.014013
0 0.215490 0.446953 0.015451 0.014078
0 0.935570 0.736636 0.012445 0.011762
0 0.451566 0.230612 0.012522 0.012722
0 0.338466 0.558240 0.016933 0.019190
0 0.869642 0.418540 0.012562 0.013799
0 0.202672 0.426431 0.016121 0.014963
0 0.809662 0.539860 0.012405 0.013370
0 0.933298 0.437031 0.013690 0.015602
0 0.086467 0.720608 0.016142 0.015062
0 0.533627 0.367278 0.018301 0.019023
0 0.656646 0.268662 0.018814 0.020100
0 0.448207 0.251275 0.012174 0.014772
0 0.798637 0.509619 0.014591 0.014602
0 0.171875 0.444602 0.012712 0.012807
0 0.709400 0.455693 0.013310 0.013588
0 0.690302 0.597821 0.014543 0.014508
0 0.063625 0.429215 0.017341 0.017162
0 0.534948 0.477131 0.014017 0.015390
0 0.820412 0.494880 0.012807 0.013238
0 0.674603 0.205272 0.012012 0.015083
0 0.800244 0.407864 0.013872 0.014107
0 0.567448 0.657483 0.016058 0.016410
0 0.542167 0.335838 0.017604 0.016138
0 0.827419 0.467896 0.015327 0.014205
0 0.197774 0.883033 0.017991 0.015994
0 0.357030 0.292745 0.014793 0.018802
0 0.810858 0.514815 0.014560 0.014954
0 0.523063 0.993966 0.020511 0.010721
0 0.953801 0.695753 0.011348 0.014676
0 0.639985 0.660184 0.019086 0.017603
0 0.372112 0.994382 0.015868 0.010354
0 0.630992 0.434012 0.016340 0.016945
0 0.604674 0.250650 0.012750 0.013517
0 0.062763 0.585024 0.015004 0.014794
0 0.465515 0.389684 0.015485 0.016450
0 0.447689 0.284236 0.013246 0.012098
0 0.282338 0.768160 0.019092 0.022719
0 0.526075 0.391964 0.015771 0.015149
0 0.661936 0.466631 0.015518 0.015478
1 0.616225 0.717230 0.062938 0.056918
0 0.735918 0.905148 0.013977 0.014652