0 0.317764 0.432874 0.015901 0.012416
0 0.617482 0.735427 0.014553 0.011510
0 0.780451 0.445906 0.015013 0.011536
0 0.462017 0.745373 0.014273 0.011074
0 0.602265 0.596361 0.015972 0.012421
0 0.293850 0.445992 0.016470 0.012824
0 0.275596 0.528975 0.014784 0.012284
0 0.461415 0.694132 0.012460 0.009811
0 0.355113 0.451268 0.013417 0.009241
0 0.655847 0.470845 0.013731 0.012333
0 0.666568 0.678691 0.014750 0.011857
0 0.584903 0.624251 0.013391 0.010622
0 0.712533 0.546568 0.014710 0.010484
0 0.664176 0.616431 0.014007 0.011253
0 0.620504 0.428622 0.015801 0.011293
0 0.573900 0.424952 0.014460 0.010802
0 0.814001 0.537994 0.016104 0.011905
0 0.641017 0.799576 0.019814 0.014261
0 0.468535 0.712504 0.012771 0.009337
0 0.556071 0.525584 0.013230 0.010506
0 0.777158 0.538065 0.015023 0.011751
0 0.377666 0.593941 0.012635 0.010772
0 0.655519 0.717210 0.019951 0.015455
0 0.685944 0.458125 0.013893 0.010138
0 0.642351 0.442027 0.013352 0.010898
0 0.683207 0.391226 0.014730 0.011888
0 0.829087 0.404098 0.017025 0.013431
0 0.545488 0.612135 0.013267 0.010290
0 0.360479 0.359334 0.016668 0.012911
0 0.434618 0.668212 0.011760 0.009910
0 0.383942 0.635902 0.012737 0.010575
0 0.367525 0.483861 0.013126 0.010167
0 0.631003 0.672078 0.017083 0.013637
0 0.415889 0.581239 0.013735 0.010200
0 0.717848 0.411389 0.014954 0.011038
0 0.477960 0.660306 0.011726 0.009361
0 0.331849 0.618762 0.016620 0.013474
0 0.522128 0.483146 0.013040 0.009670
0 0.630872 0.563639 0.014077 0.010862
0 0.486708 0.491850 0.013090 0.009094
0 0.752035 0.667089 0.014616 0.011622
0 0.384059 0.614940 0.014409 0.011143
0 0.801927 0.456910 0.013090 0.010698
0 0.508780 0.446210 0.015867 0.011168
0 0.638137 0.492790 0.013129 0.008976
0 0.411315 0.624388 0.012947 0.010454
0 0.545536 0.360181 0.014312 0.010775
0 0.415170 0.513896 0.014509 0.011376
0 0.618052 0.627835 0.013102 0.010440
0 0.553114 0.422834 0.013362 0.010058
0 0.215781 0.402268 0.018188 0.014746
0 0.478126 0.361665 0.013431 0.009656
0 0.592130 0.454815 0.012399 0.009478
0 0.591190 0.475105 0.012640 0.009535
0 0.787544 0.365580 0.015326 0.012118
0 0.432563 0.329131 0.014715 0.011624
0 0.540901 0.765824 0.015496 0.011188
0 0.572980 0.785453 0.019968 0.015398
0 0.733875 0.489668 0.015262 0.011557
0 0.743080 0.542394 0.013732 0.010693
0 0.412565 0.413552 0.015280 0.010381
0 0.736299 0.403856 0.014326 0.011937
0 0.465627 0.319144 0.015182 0.013061
0 0.512401 0.548354 0.012698 0.009064
0 0.448933 0.449640 0.014975 0.011522
0 0.742798 0.465065 0.018540 0.014372
0 0.709788 0.474500 0.016750 0.012271
0 0.752506 0.310115 0.012967 0.011011
0 0.772776 0.348801 0.014697 0.011405
0 0.672242 0.554559 0.013415 0.010178
0 0.742380 0.558937 0.014732 0.012092
0 0.548724 0.750559 0.013628 0.011190
0 0.647328 0.742997 0.014489 0.010627
0 0.626405 0.515094 0.013723 0.010141
0 0.492647 0.399584 0.016220 0.010736
0 0.527209 0.451920 0.012005 0.009752
0 0.369080 0.663851 0.014226 0.010799
0 0.590953 0.742650 0.013406 0.010236
0 0.432615 0.306549 0.017456 0.013424
0 0.625924 0.289455 0.015532 0.012905
0 0.490781 0.256887 0.012065 0.010392
0 0.437146 0.397625 0.013311 0.010793
0 0.551913 0.634315 0.012648 0.009738
0 0.850063 0.386708 0.017176 0.013890
0 0.243478 0.376289 0.020191 0.015220
0 0.472198 0.384770 0.015870 0.011446
0 0.370555 0.528384 0.021902 0.014149
0 0.671572 0.514480 0.013263 0.010213
0 0.613131 0.465611 0.013526 0.011224
0 0.546454 0.474041 0.012873 0.008327
0 0.524200 0.265550 0.014496 0.012106
0 0.647463 0.331836 0.020892 0.017681
0 0.605805 0.668917 0.016418 0.012816
0 0.775071 0.565784 0.015614 0.012561
0 0.453483 0.635775 0.013665 0.013562
0 0.252128 0.492656 0.015732 0.011374
0 0.250261 0.404999 0.014540 0.011321
0 0.219949 0.560578 0.014916 0.010813
0 0.465285 0.270660 0.015248 0.014493
0 0.381540 0.508700 0.015021 0.011256
0 0.313516 0.634471 0.016389 0.013351
0 0.498646 0.603208 0.013062 0.010124
0 0.662586 0.637956 0.018524 0.011353
0 0.516277 0.669982 0.015142 0.009843
0 0.341755 0.499807 0.012422 0.009321
0 0.215174 0.438777 0.013635 0.011202
0 0.758767 0.731700 0.014656 0.011270
0 0.601315 0.438469 0.011840 0.009712
0 0.389432 0.394859 0.017671 0.012040
0 0.822089 0.657925 0.015031 0.012170
0 0.610112 0.381239 0.018693 0.016324
0 0.690107 0.653208 0.013596 0.011650
0 0.553331 0.803410 0.021304 0.015613
0 0.442443 0.499865 0.013364 0.015874
0 0.303795 0.673909 0.015038 0.011460
0 0.434609 0.550492 0.012289 0.008959
0 0.856538 0.508851 0.011515 0.008837
0 0.530624 0.582822 0.012124 0.009949
0 0.501409 0.331172 0.015236 0.011224
0 0.609029 0.254195 0.012870 0.010611
0 0.481791 0.770322 0.017868 0.015159
0 0.555293 0.566445 0.013207 0.009758
0 0.650877 0.509601 0.012599 0.009008
0 0.789224 0.514212 0.017451 0.011179
0 0.631721 0.458331 0.013955 0.010697
0 0.521026 0.396058 0.013569 0.010168
0 0.525278 0.720094 0.016913 0.013681
0 0.505639 0.418357 0.012349 0.008843
0 0.537302 0.415347 0.012048 0.009104
0 0.555831 0.243627 0.014649 0.013562
0 0.678188 0.263753 0.013624 0.011517
0 0.478457 0.774609 0.020194 0.017206
0 0.796167 0.566231 0.014996 0.011345
0 0.542963 0.374903 0.013249 0.011741
0 0.785542 0.685689 0.014899 0.011311
0 0.733525 0.293052 0.015364 0.011735
0 0.492525 0.526190 0.018011 0.019596
0 0.298895 0.394873 0.015572 0.012119
0 0.686165 0.662474 0.014691 0.013904
0 0.280099 0.389503 0.016827 0.013484
0 0.504307 0.469526 0.011582 0.008738
0 0.564167 0.676415 0.015171 0.011520
0 0.516738 0.371119 0.016605 0.010210
0 0.363064 0.686224 0.012430 0.009919
0 0.548174 0.506953 0.014382 0.010160
0 0.607616 0.295044 0.012660 0.010145
0 0.464146 0.334566 0.013535 0.010721
0 0.252156 0.558623 0.013882 0.010141
0 0.510564 0.372444 0.016230 0.010625
0 0.333300 0.394007 0.015516 0.014030
0 0.559261 0.403430 0.011944 0.009003
0 0.633858 0.366345 0.016542 0.020781
0 0.557165 0.682625 0.012991 0.009415
0 0.447278 0.429685 0.015485 0.010669
0 0.541843 0.559726 0.015857 0.010359
0 0.468429 0.460260 0.014143 0.011677
0 0.532973 0.573404 0.013191 0.012219
0 0.490398 0.332946 0.016148 0.014137
0 0.438428 0.467598 0.016188 0.011131
0 0.648368 0.560335 0.015410 0.011310
0 0.663007 0.566269 0.013841 0.011274
0 0.613833 0.491859 0.012591 0.009431
0 0.503780 0.654107 0.011241 0.009209
0 0.686371 0.781942 0.015691 0.012025
0 0.535032 0.506334 0.019272 0.010841
0 0.886991 0.584915 0.013253 0.010681
0 0.752864 0.487614 0.013165 0.010884
0 0.559694 0.616773 0.015330 0.009121
0 0.528226 0.268570 0.015126 0.012524
0 0.900740 0.429634 0.018017 0.016531
0 0.470206 0.470955 0.011941 0.009533
0 0.234410 0.472182 0.011820 0.009789
0 0.343936 0.675489 0.012185 0.009878
0 0.566233 0.619929 0.021568 0.010000
0 0.382019 0.711517 0.013523 0.010285
0 0.520218 0.285806 0.012346 0.008635