0 0.593422 0.607457 0.019171 0.014904
0 0.433854 0.368202 0.015090 0.012437
0 0.388448 0.533521 0.017194 0.013662
0 0.536965 0.559675 0.015592 0.012273
0 0.407186 0.719670 0.025158 0.019004
1 0.755242 0.581973 0.055563 0.041908
0 0.653161 0.616643 0.018772 0.014172
0 0.281009 0.600335 0.018700 0.013896
0 0.408426 0.568907 0.016407 0.012787
0 0.481622 0.661320 0.024359 0.018456
0 0.351253 0.610987 0.018072 0.014318
0 0.261556 0.504146 0.016822 0.013185
0 0.243584 0.451813 0.016031 0.012565
0 0.551598 0.393958 0.016115 0.012787
0 0.349211 0.677849 0.021860 0.016608
0 0.436488 0.423986 0.015891 0.012839
0 0.212840 0.280150 0.017529 0.013608
0 0.286372 0.536569 0.015645 0.012372
0 0.664113 0.575966 0.017140 0.013012
0 0.539710 0.349598 0.015925 0.012818
0 0.298310 0.413698 0.015625 0.011926
0 0.422107 0.332045 0.018364 0.013557
0 0.687700 0.526493 0.017121 0.012996
1 0.474136 0.529219 0.050362 0.032259
1 0.463169 0.560172 0.049085 0.033868
0 0.656539 0.389975 0.016031 0.012598
0 0.655968 0.675811 0.016785 0.011977
1 0.350698 0.418771 0.044987 0.035773
0 0.630934 0.614547 0.018149 0.014237
1 0.171296 0.576542 0.045640 0.037776
0 0.671564 0.645501 0.017784 0.013117
0 0.236080 0.472619 0.016346 0.012444
0 0.575625 0.551721 0.012886 0.010240
0 0.512456 0.361491 0.016289 0.014894
0 0.599201 0.306804 0.015969 0.013048
1 0.661257 0.475566 0.039285 0.032668
0 0.628793 0.372484 0.015848 0.012476
0 0.625039 0.585870 0.015013 0.012668
1 0.475415 0.468430 0.040956 0.032348
0 0.473138 0.309878 0.017268 0.014016
0 0.446592 0.254417 0.017710 0.013854
0 0.665648 0.281714 0.017689 0.014683
0 0.466550 0.719427 0.022903 0.017664
0 0.249859 0.317026 0.020188 0.014882
0 0.217749 0.417222 0.013331 0.010900
0 0.566432 0.208161 0.015676 0.013348
0 0.639628 0.212991 0.019176 0.014848
0 0.734877 0.446720 0.015623 0.012564
0 0.104541 0.479536 0.016494 0.013219
1 0.196674 0.551485 0.048213 0.036164
0 0.645613 0.243085 0.018779 0.014240
0 0.521253 0.618219 0.018892 0.017742
0 0.392980 0.388316 0.016123 0.014550
0 0.348227 0.722817 0.020947 0.016243
0 0.347063 0.375680 0.014100 0.012518
0 0.617007 0.550560 0.014798 0.012075
0 0.681619 0.315772 0.016812 0.013216
0 0.696721 0.398900 0.021139 0.019106
0 0.240242 0.357815 0.015464 0.012343
0 0.782004 0.347930 0.018970 0.015141
0 0.502674 0.292171 0.016881 0.013194
0 0.594139 0.243273 0.016639 0.013899
0 0.612960 0.517697 0.019976 0.015770
0 0.371197 0.382432 0.015687 0.012525
0 0.409394 0.374040 0.015795 0.013689
0 0.602599 0.455109 0.019276 0.014184
0 0.196169 0.337233 0.020138 0.016546
0 0.751964 0.470532 0.014547 0.011476
0 0.229130 0.315518 0.016468 0.014352
0 0.637794 0.594567 0.016167 0.011633
0 0.346163 0.369178 0.015841 0.015604
0 0.254971 0.489345 0.015498 0.011494
0 0.416760 0.228182 0.013938 0.011216
0 0.444343 0.236641 0.018274 0.014348
0 0.321961 0.397411 0.013207 0.011660
0 0.247142 0.337863 0.015722 0.010700
0 0.676958 0.539480 0.014777 0.011124
0 0.537160 0.526307 0.025161 0.015133
0 0.315815 0.475492 0.016412 0.015866
0 0.426689 0.282348 0.016471 0.011780
0 0.733211 0.395163 0.015371 0.012758
0 0.263216 0.298222 0.017362 0.013947
0 0.358352 0.482519 0.013739 0.011727
0 0.345057 0.209732 0.014005 0.012765
0 0.571974 0.336896 0.016137 0.013783
0 0.481386 0.218461 0.015704 0.015757
0 0.464714 0.412261 0.014511 0.011652
0 0.110761 0.387090 0.016000 0.013189
0 0.182449 0.305077 0.017462 0.015638
0 0.229434 0.232464 0.015281 0.013231
0 0.642702 0.615996 0.037339 0.014183
1 0.741213 0.247547 0.038170 0.023260