0 0.424331 0.656928 0.017821 0.013710
0 0.662553 0.573629 0.018580 0.013317
0 0.277632 0.761590 0.016096 0.012317
0 0.314227 0.753127 0.017313 0.012825
0 0.489465 0.531207 0.014282 0.010574
0 0.252150 0.567097 0.015620 0.011878
0 0.842155 0.564492 0.014952 0.011399
0 0.326340 0.516712 0.013440 0.010783
0 0.543258 0.430675 0.015293 0.012168
0 0.365135 0.524596 0.016693 0.013033
0 0.713841 0.552414 0.018564 0.014084
0 0.326541 0.466606 0.015001 0.011867
0 0.399858 0.919840 0.027207 0.019586
0 0.441102 0.679803 0.017210 0.014015
0 0.227236 0.555368 0.014694 0.011132
0 0.304451 0.542806 0.014417 0.011139
0 0.352574 0.479245 0.015120 0.011735
0 0.295730 0.640641 0.014972 0.011636
0 0.546550 0.555572 0.016824 0.012065
0 0.415588 0.442548 0.016214 0.012276
0 0.603655 0.431973 0.020980 0.014427
0 0.400386 0.457794 0.015133 0.010960
0 0.764260 0.637179 0.019105 0.014369
0 0.570548 0.442304 0.017118 0.013451
0 0.440082 0.519710 0.014358 0.010705
0 0.309884 0.700764 0.016958 0.013130
0 0.661059 0.603798 0.018543 0.013334
0 0.228476 0.507753 0.018016 0.013172
0 0.542603 0.372599 0.013571 0.012545
0 0.393705 0.500617 0.016952 0.014445
0 0.746922 0.595614 0.020583 0.016184
0 0.501385 0.507723 0.015834 0.012436
0 0.356251 0.667777 0.015321 0.011876
0 0.387114 0.706902 0.017419 0.012988
0 0.568834 0.401587 0.014199 0.010919
0 0.397141 0.597913 0.016362 0.014130
0 0.839876 0.621402 0.019170 0.014748
0 0.876893 0.712380 0.016772 0.012768
0 0.599828 0.516292 0.019364 0.015180
0 0.519008 0.714242 0.016840 0.013607
0 0.279326 0.723788 0.016123 0.012326
0 0.531191 0.515752 0.016025 0.013208
0 0.829890 0.587661 0.016125 0.012074
0 0.655356 0.644852 0.020455 0.015759
0 0.638576 0.538871 0.016686 0.011972
0 0.243279 0.768566 0.016180 0.012180
0 0.491329 0.580614 0.013156 0.010368
0 0.857873 0.438036 0.018319 0.014789
0 0.601050 0.343057 0.014160 0.011428
0 0.180164 0.613808 0.016487 0.012777
0 0.808237 0.614920 0.016553 0.013197
0 0.576466 0.743942 0.021609 0.017596
0 0.801471 0.596167 0.016223 0.012334
0 0.409748 0.760149 0.018442 0.014480
0 0.442100 0.490542 0.015453 0.011252
0 0.704317 0.596720 0.017555 0.014155
0 0.212452 0.575336 0.014599 0.010309
0 0.268739 0.484994 0.016919 0.011912
0 0.339507 0.795189 0.019735 0.013978
0 0.315533 0.788248 0.018565 0.014174
0 0.647802 0.448395 0.019730 0.015127
0 0.878410 0.754954 0.018253 0.013322
0 0.643642 0.468075 0.020434 0.014896
0 0.433013 0.632637 0.017305 0.014697
0 0.256430 0.507013 0.013774 0.009854
0 0.273328 0.466255 0.014059 0.010942
0 0.290090 0.416893 0.018972 0.015254
0 0.379238 0.623529 0.021947 0.012685
0 0.584601 0.622100 0.016406 0.012569
0 0.512500 0.466923 0.014740 0.011505
0 0.577883 0.541384 0.017864 0.013197
0 0.540961 0.533478 0.019790 0.012945
0 0.455531 0.567060 0.015350 0.011173
0 0.568578 0.357916 0.012525 0.009785
0 0.334785 0.713314 0.015729 0.011095
0 0.575252 0.483065 0.018543 0.014224
0 0.328926 0.602822 0.013835 0.010545
0 0.750772 0.662272 0.019179 0.013812
0 0.716969 0.446576 0.015714 0.012906
0 0.415908 0.591679 0.015598 0.011865
1 0.364142 0.578772 0.047835 0.039289
0 0.174301 0.573056 0.016503 0.012288
0 0.240560 0.596375 0.013396 0.009358
0 0.606827 0.375821 0.012650 0.009865
0 0.580446 0.577375 0.018923 0.016284
0 0.882619 0.477598 0.015618 0.012758
0 0.220795 0.468100 0.014965 0.012185
0 0.865847 0.503206 0.019937 0.014039
0 0.275017 0.436317 0.014202 0.011391
1 0.249766 0.807297 0.054215 0.041062
0 0.214383 0.752709 0.018431 0.014158
0 0.438878 0.569230 0.013916 0.010010
0 0.500719 0.613976 0.018403 0.013523
0 0.303695 0.508368 0.012524 0.008669
0 0.909264 0.594748 0.015712 0.011824
0 0.254998 0.538751 0.015358 0.011561
0 0.610130 0.535014 0.017453 0.013095
0 0.515258 0.361000 0.019459 0.015608
0 0.284719 0.804714 0.016460 0.013092
0 0.141710 0.606891 0.016471 0.013494
0 0.470203 0.397558 0.018358 0.014409
0 0.187658 0.661027 0.017612 0.015350
0 0.380281 0.548127 0.014726 0.010965
0 0.893336 0.509709 0.016038 0.012235
0 0.774226 0.407933 0.018341 0.015294
0 0.284697 0.674006 0.017294 0.012715
0 0.309745 0.432478 0.013024 0.010265
0 0.431159 0.471935 0.018761 0.010945
0 0.782007 0.823336 0.039572 0.027825
0 0.797682 0.770879 0.017907 0.013819
0 0.308049 0.487073 0.019488 0.011198
0 0.401184 0.863764 0.022044 0.016734
0 0.573973 0.679096 0.029871 0.019843
0 0.502512 0.637443 0.021744 0.012984
0 0.436849 0.370546 0.022611 0.014620
0 0.187008 0.729183 0.014915 0.010637
0 0.475714 0.373327 0.020121 0.017746
0 0.317455 0.489432 0.016567 0.010013
0 0.939718 0.531537 0.016673 0.012468
0 0.283034 0.701474 0.016803 0.015356
0 0.602557 0.553114 0.029601 0.013180
0 0.791966 0.573714 0.014258 0.011479
0 0.242844 0.532180 0.017865 0.011988
0 0.428887 0.504702 0.014219 0.010958
0 0.960815 0.573165 0.016308 0.013322
0 0.154831 0.672240 0.015580 0.012845
0 0.877707 0.551067 0.012922 0.009712
0 0.571470 0.477268 0.017974 0.015572
0 0.336518 0.571327 0.012689 0.010021
0 0.907305 0.554973 0.015402 0.010598
0 0.307957 0.408027 0.015524 0.012923
0 0.328028 0.791469 0.034925 0.016465
0 0.884807 0.781818 0.019129 0.013912
0 0.247576 0.439151 0.012921 0.011530