0 0.636319 0.715998 0.019454 0.020035
0 0.689818 0.740569 0.020429 0.020007
0 0.481610 0.669836 0.019190 0.019084
0 0.187877 0.720381 0.018298 0.019115
0 0.511478 0.154404 0.014943 0.016301
0 0.136323 0.729056 0.016809 0.017279
0 0.142544 0.431842 0.017193 0.017370
0 0.855734 0.516370 0.019244 0.019461
0 0.405960 0.340475 0.019099 0.019486
0 0.473569 0.273845 0.017234 0.017330
0 0.831487 0.696553 0.017498 0.018585
1 0.460794 0.984663 0.049200 0.030674
0 0.564415 0.584128 0.019292 0.018562
0 0.757209 0.649132 0.019506 0.021571
0 0.293935 0.992805 0.016434 0.014165
0 0.168565 0.560726 0.017569 0.018641
0 0.684685 0.530900 0.018431 0.020270
0 0.863420 0.860870 0.017847 0.017386
0 0.519224 0.383984 0.019238 0.018595
0 0.492933 0.225972 0.021547 0.020882
0 0.458128 0.199395 0.021634 0.022695
0 0.511868 0.603510 0.018893 0.020023
0 0.421008 0.612647 0.016978 0.017427
1 0.663437 0.260751 0.037833 0.040630
0 0.369614 0.332885 0.017425 0.017488
0 0.235050 0.648423 0.016432 0.018050
0 0.931961 0.811484 0.020065 0.019822
0 0.818449 0.222405 0.016751 0.018848
0 0.905297 0.762483 0.019635 0.019540
0 0.943911 0.589758 0.033502 0.032776
0 0.838927 0.933182 0.020852 0.025033
0 0.584637 0.253800 0.016982 0.018335
0 0.647219 0.947189 0.016925 0.018022
0 0.905865 0.475613 0.029760 0.027703
0 0.861137 0.310496 0.019368 0.019427
0 0.430743 0.762570 0.016904 0.019642
0 0.226449 0.362788 0.017778 0.018188
0 0.622892 0.291498 0.019019 0.019349
0 0.987208 0.785011 0.018323 0.017957
0 0.468106 0.929237 0.015256 0.016644
0 0.705840 0.509577 0.023389 0.024941
0 0.777196 0.383392 0.018909 0.018458
0 0.730691 0.376037 0.017746 0.017451
0 0.238363 0.516231 0.018360 0.019062
0 0.399848 0.215070 0.017135 0.021259
0 0.212533 0.433080 0.016805 0.016331
0 0.247771 0.326004 0.017564 0.017868
0 0.202004 0.342882 0.019175 0.019943
0 0.199395 0.288046 0.017190 0.018106
0 0.248788 0.286779 0.018903 0.020277
1 0.385998 0.148539 0.031660 0.026594
0 0.547912 0.851835 0.019090 0.019609
0 0.599550 0.461651 0.017357 0.016733
0 0.416715 0.636576 0.018154 0.019789
0 0.380924 0.265731 0.018950 0.019398
0 0.692148 0.870941 0.018723 0.020606
0 0.953040 0.445587 0.018371 0.018147
0 0.549964 0.697731 0.022388 0.017695