0 0.338340 0.541941 0.015378 0.021767
0 0.596020 0.399272 0.014750 0.019007
0 0.515821 0.557686 0.013601 0.018051
0 0.317661 0.563444 0.016463 0.023376
0 0.310834 0.819940 0.015342 0.020119
0 0.597225 0.562633 0.012748 0.016368
0 0.544357 0.951429 0.015726 0.020433
0 0.286696 0.736984 0.015993 0.021509
0 0.736698 0.477870 0.014575 0.018452
0 0.466415 0.330175 0.016849 0.022783
0 0.580844 0.605942 0.012116 0.016796
0 0.552740 0.592628 0.015062 0.019918
0 0.509505 0.244807 0.011989 0.017583
0 0.476112 0.440775 0.013930 0.019425
0 0.633177 0.670975 0.014186 0.018472
0 0.695019 0.593921 0.012731 0.018182
0 0.317464 0.473468 0.015204 0.021369
0 0.654246 0.411237 0.013545 0.018529
0 0.423067 0.702916 0.014045 0.018382
0 0.533538 0.343215 0.015284 0.022017
0 0.660023 0.325829 0.013166 0.017531
0 0.438903 0.490538 0.014336 0.019984
0 0.601875 0.329571 0.013300 0.018347
0 0.567832 0.925981 0.015136 0.020143
0 0.271357 0.508122 0.012313 0.016702
0 0.531264 0.507897 0.016091 0.023210
0 0.217896 0.491602 0.014226 0.019504
0 0.499203 0.592527 0.015501 0.020324
0 0.433172 0.321696 0.016710 0.024363
0 0.611491 0.297268 0.015789 0.021357
0 0.680253 0.709297 0.016400 0.022895
0 0.648170 0.773331 0.011470 0.014280
0 0.455539 0.959932 0.014323 0.019411
0 0.268514 0.448637 0.018798 0.025456
0 0.555655 0.413978 0.010801 0.016161
0 0.269420 0.809869 0.017823 0.023201
0 0.384395 0.378186 0.014634 0.018581
0 0.652382 0.467799 0.017481 0.022532
0 0.607390 0.433773 0.011275 0.014819
0 0.715217 0.435330 0.015479 0.018638
0 0.314066 0.327223 0.012281 0.017771
0 0.385447 0.351424 0.014235 0.018148
0 0.415720 0.397096 0.016269 0.024719
0 0.443772 0.864112 0.014394 0.020085
0 0.723297 0.565951 0.012925 0.017783
0 0.424519 0.270511 0.010761 0.015891
0 0.406207 0.259436 0.011053 0.016027
0 0.665057 0.748541 0.011289 0.014663
0 0.464620 0.818162 0.017697 0.024447
0 0.289750 0.903901 0.013960 0.018053
0 0.609079 0.777127 0.016387 0.021920
0 0.480791 0.781690 0.017142 0.021889
0 0.565202 0.955748 0.015686 0.019753
0 0.427191 0.666837 0.019204 0.023417
0 0.742941 0.436060 0.011878 0.017651
0 0.584402 0.956012 0.013613 0.020623
0 0.355390 0.728132 0.016598 0.020617
0 0.420034 0.420810 0.014866 0.019481
0 0.384625 0.251488 0.014982 0.019985
0 0.187127 0.609381 0.012646 0.017550
0 0.640370 0.296569 0.016903 0.020042
0 0.436942 0.762627 0.020136 0.025252
0 0.294412 0.336352 0.012700 0.019443
0 0.445697 0.227827 0.014663 0.019731
0 0.208261 0.644062 0.015386 0.021273
0 0.657270 0.657229 0.014994 0.021256
0 0.599630 0.513813 0.017443 0.025660
0 0.584939 0.537175 0.010997 0.014433
0 0.754803 0.507042 0.012939 0.016765
0 0.326032 0.880783 0.024215 0.035351
0 0.256966 0.537070 0.012079 0.016636
0 0.596659 0.832843 0.014369 0.016910
0 0.593683 0.870524 0.015435 0.019435
0 0.494102 0.273499 0.010193 0.016425
0 0.240716 0.717577 0.016115 0.022425
0 0.391984 0.279439 0.010571 0.014244
0 0.346563 0.615014 0.015448 0.019154
0 0.546996 0.365146 0.010860 0.015306
0 0.724863 0.520407 0.012198 0.016519
0 0.275832 0.767989 0.011301 0.014756
0 0.582865 0.807899 0.013518 0.019605
0 0.644066 0.887980 0.010364 0.014064
0 0.374645 0.777427 0.011306 0.017371
0 0.489789 0.964616 0.012477 0.017774
0 0.399645 0.405627 0.013280 0.017391
0 0.319004 0.850101 0.014537 0.019789
0 0.572466 0.514337 0.014046 0.019481
0 0.219646 0.540088 0.013124 0.019686
0 0.584505 0.666646 0.017102 0.025083
0 0.636853 0.817438 0.014013 0.020996
0 0.180524 0.673010 0.015399 0.022917
0 0.245646 0.640679 0.011620 0.017256
0 0.694119 0.734010 0.010850 0.013337
0 0.659418 0.597701 0.012873 0.018770
0 0.589975 0.769590 0.011351 0.014414
0 0.593104 0.730217 0.010929 0.014856
0 0.521137 0.728169 0.010902 0.014113
0 0.690201 0.346701 0.022741 0.033059
0 0.363842 0.632200 0.024383 0.031916
0 0.241222 0.789814 0.011697 0.015612
0 0.564252 0.254244 0.009905 0.014763
0 0.567707 0.727373 0.014457 0.020440
0 0.562993 0.673780 0.012232 0.013802
0 0.556063 0.862363 0.013375 0.020968
0 0.263082 0.886629 0.012001 0.015567
0 0.267813 0.401230 0.010206 0.014201
0 0.442969 0.752642 0.017617 0.023675
0 0.729225 0.745381 0.011454 0.014382
0 0.337133 0.772715 0.011087 0.016335
0 0.349462 0.368270 0.010000 0.013692
0 0.533077 0.711968 0.014214 0.025559
0 0.553229 0.953558 0.031369 0.017554
0 0.550992 0.690163 0.013513 0.019644
0 0.585228 0.715167 0.013809 0.017491
0 0.350473 0.413534 0.010469 0.013702
0 0.587627 0.345412 0.011006 0.013987
0 0.521096 0.695846 0.011427 0.016873
0 0.659099 0.634987 0.012054 0.017460
0 0.623287 0.442535 0.009820 0.013313
0 0.684897 0.470566 0.009823 0.014186
0 0.493931 0.993556 0.013082 0.012888
0 0.504194 0.653096 0.009646 0.013257
0 0.291358 0.511883 0.011213 0.015562
1 0.765664 0.732858 0.051115 0.042131