0 0.510428 0.406725 0.021156 0.016000
0 0.378632 0.432445 0.019459 0.014478
0 0.303669 0.442458 0.015596 0.012560
0 0.344130 0.467279 0.017547 0.014048
0 0.342170 0.527757 0.016193 0.011839
0 0.305450 0.635938 0.015952 0.014002
0 0.514887 0.455638 0.014305 0.011666
0 0.331468 0.496079 0.016752 0.012281
0 0.651573 0.521656 0.018927 0.013705
0 0.520377 0.826156 0.015496 0.011653
0 0.262947 0.594509 0.018808 0.013154
0 0.494061 0.809521 0.016735 0.013265
0 0.576162 0.841257 0.014685 0.012913
0 0.363307 0.325241 0.009599 0.008633
0 0.304098 0.405999 0.014960 0.011186
0 0.285433 0.505385 0.014380 0.012183
0 0.304095 0.370685 0.014965 0.010648
0 0.134555 0.504404 0.015739 0.013492
0 0.577064 0.661160 0.015716 0.012007
0 0.444401 0.723730 0.013899 0.011147
0 0.370416 0.647954 0.016406 0.014128
0 0.429821 0.770878 0.015247 0.011499
0 0.370324 0.389985 0.019101 0.012394
0 0.178763 0.478846 0.015368 0.012756
0 0.438047 0.583204 0.011356 0.009050
0 0.245028 0.526667 0.011618 0.008440
0 0.266299 0.470252 0.011458 0.008081
0 0.422040 0.353713 0.016135 0.009517
0 0.195714 0.559502 0.017749 0.013653
0 0.311665 0.353098 0.015899 0.011445
0 0.376798 0.742339 0.022005 0.014390
0 0.353643 0.854455 0.018360 0.013052
0 0.445604 0.822613 0.014578 0.011370
0 0.330763 0.758582 0.018794 0.012461
0 0.294100 0.469472 0.014375 0.009812
0 0.561577 0.809602 0.014657 0.010700
0 0.576304 0.458459 0.019380 0.011985
0 0.330590 0.436821 0.017367 0.014330
0 0.432937 0.846818 0.018700 0.012272
0 0.420258 0.709726 0.012382 0.010308
0 0.203107 0.496986 0.010405 0.008074
0 0.667701 0.554701 0.016577 0.013294
0 0.561092 0.408920 0.022749 0.013981
0 0.115119 0.575453 0.013266 0.012183
0 0.164707 0.496610 0.015924 0.012248
0 0.678837 0.469156 0.023165 0.015276
0 0.230031 0.469326 0.010112 0.007992
0 0.023355 0.556257 0.018721 0.012868
0 0.221108 0.560533 0.017811 0.014943
0 0.427773 0.283242 0.014059 0.009388
0 0.363112 0.302400 0.011924 0.009241
0 0.448214 0.668518 0.016873 0.012581
0 0.353894 0.542886 0.011503 0.010553
0 0.597700 0.616349 0.016514 0.012429
0 0.599239 0.848091 0.014548 0.012571
0 0.406664 0.827914 0.016573 0.011498
0 0.494356 0.667032 0.015000 0.013783
0 0.395712 0.605668 0.018809 0.016569
0 0.469418 0.717054 0.015745 0.012974
0 0.339519 0.808193 0.017776 0.017049
0 0.326576 0.832731 0.014457 0.009801
0 0.310820 0.569752 0.015018 0.009730
0 0.552222 0.563365 0.017396 0.013387
0 0.570766 0.547862 0.019097 0.010401
0 0.192386 0.340144 0.021249 0.014511
0 0.434275 0.603433 0.014081 0.010817
0 0.403239 0.354089 0.013229 0.009827
0 0.350872 0.690307 0.016595 0.011003
0 0.479894 0.631553 0.015036 0.012158
0 0.454759 0.708950 0.014734 0.011601
0 0.491786 0.611464 0.016840 0.013941
0 0.418024 0.371365 0.019847 0.013191
0 0.646083 0.494153 0.018747 0.015081
0 0.545490 0.478625 0.019804 0.011811
0 0.379288 0.794772 0.015484 0.013428
0 0.361502 0.478099 0.014541 0.011223
0 0.608435 0.806823 0.016831 0.012981
0 0.103207 0.456457 0.011458 0.009944
0 0.751550 0.522606 0.016794 0.014062
0 0.560917 0.510706 0.013751 0.010598
0 0.170663 0.525117 0.016714 0.011301
0 0.779527 0.496025 0.019380 0.013219
0 0.096006 0.505308 0.014598 0.011606
0 0.166312 0.443259 0.014380 0.009564
0 0.456137 0.341562 0.017756 0.010565
0 0.478368 0.655316 0.017463 0.013096
0 0.346229 0.286184 0.017606 0.010174
0 0.280615 0.577578 0.012509 0.010052
0 0.120596 0.467650 0.010140 0.008523
0 0.115003 0.542021 0.013564 0.010340
0 0.482853 0.606777 0.019293 0.012386
0 0.303388 0.525345 0.009939 0.008777
0 0.219192 0.320438 0.013135 0.013207
0 0.399470 0.567858 0.017035 0.012474
0 0.643781 0.780951 0.013759 0.009830
0 0.609690 0.769519 0.016151 0.009984
0 0.482929 0.298221 0.015820 0.012607
0 0.287574 0.641333 0.014529 0.011166
0 0.470068 0.733642 0.014764 0.011870
0 0.249942 0.500727 0.013541 0.013475
0 0.330438 0.360361 0.014159 0.008659
0 0.186041 0.446985 0.014430 0.009933
0 0.138059 0.708276 0.013722 0.010070
0 0.172074 0.544387 0.017619 0.010839
0 0.165319 0.530079 0.017136 0.012449
0 0.307384 0.586478 0.016856 0.009132
0 0.313258 0.654998 0.013406 0.011419
0 0.176520 0.346900 0.012235 0.012117
0 0.384025 0.568227 0.022833 0.011939
0 0.626116 0.664424 0.012838 0.009210
0 0.366540 0.596341 0.012821 0.008950
0 0.144458 0.413846 0.014829 0.011998
0 0.105492 0.528010 0.021315 0.010661
0 0.652664 0.711410 0.014293 0.010796
0 0.321066 0.585067 0.013621 0.009299
0 0.054373 0.658468 0.010885 0.007185
0 0.264634 0.521650 0.012721 0.009751
0 0.294966 0.486089 0.013227 0.009966
0 0.584948 0.526697 0.015918 0.009247
0 0.747459 0.432540 0.013462 0.011231
0 0.624334 0.751917 0.012387 0.008657
0 0.597887 0.370527 0.024534 0.014491
0 0.642589 0.488044 0.020720 0.014683
0 0.219615 0.421920 0.012304 0.011067
0 0.125425 0.524491 0.014398 0.011107
0 0.217845 0.378011 0.013745 0.009502
0 0.168992 0.538594 0.016262 0.012585
0 0.180854 0.343059 0.022004 0.016048
0 0.454387 0.309501 0.011598 0.012013
0 0.292918 0.481097 0.013119 0.016751
0 0.641679 0.560618 0.021951 0.015971
0 0.291787 0.488462 0.015335 0.015514
0 0.316962 0.355786 0.024895 0.014201
0 0.151705 0.740093 0.012866 0.009287
0 0.298435 0.638052 0.027935 0.014877
0 0.575463 0.632655 0.011317 0.008538
0 0.563760 0.528174 0.017698 0.009573
0 0.127094 0.446266 0.010741 0.012288
0 0.382133 0.285525 0.022580 0.013401
0 0.578178 0.329460 0.012172 0.009998
0 0.566876 0.328156 0.008115 0.009998
1 0.057399 0.612631 0.049846 0.037820
1 0.303444 0.687618 0.043471 0.027821