0 0.467680 0.691262 0.017611 0.014350
0 0.478658 0.742315 0.021480 0.016606
0 0.665354 0.301724 0.020952 0.016160
0 0.367022 0.304612 0.022000 0.017522
1 0.521264 0.372907 0.046787 0.044094
0 0.373744 0.649152 0.020257 0.014926
0 0.539839 0.452314 0.026358 0.017775
0 0.392035 0.671953 0.026312 0.017522
0 0.230569 0.438876 0.022027 0.015451
0 0.265642 0.319163 0.020112 0.015947
1 0.624438 0.670229 0.049816 0.030099
0 0.357827 0.365435 0.017034 0.014118
0 0.342430 0.703233 0.019355 0.015229
0 0.308520 0.271515 0.016954 0.014467
0 0.331548 0.211250 0.020893 0.015035
0 0.233946 0.376937 0.021315 0.015615
0 0.252451 0.736107 0.025852 0.017622
0 0.702271 0.345588 0.030399 0.025814
0 0.370592 0.509158 0.016677 0.013169
0 0.427541 0.225840 0.018213 0.013825
0 0.371508 0.777611 0.022310 0.017254
0 0.406433 0.486337 0.020116 0.015884
0 0.382948 0.583576 0.015953 0.013590
0 0.439396 0.748482 0.020606 0.016635
0 0.241765 0.476427 0.015412 0.013111
0 0.384111 0.752391 0.024510 0.018666
0 0.647830 0.339939 0.015850 0.012360
0 0.702770 0.433180 0.023024 0.016323
0 0.245358 0.647517 0.021242 0.015996
0 0.065649 0.341564 0.022113 0.017784
0 0.319390 0.384933 0.023100 0.016641
0 0.601257 0.465821 0.019873 0.014638
0 0.386468 0.421047 0.014195 0.012596
0 0.110229 0.699003 0.021383 0.017107
0 0.675961 0.643392 0.018667 0.014050
0 0.264273 0.637347 0.018784 0.016142
0 0.187002 0.253480 0.020001 0.016345
0 0.431820 0.651447 0.016549 0.012807
0 0.329912 0.367297 0.020136 0.015668
0 0.280725 0.456979 0.017607 0.015997
0 0.571103 0.540642 0.018185 0.012632
0 0.509309 0.764068 0.021126 0.016848
0 0.211743 0.483096 0.015757 0.013141
0 0.353303 0.813852 0.039253 0.024217
0 0.567778 0.565338 0.016141 0.012882
0 0.251661 0.590905 0.021458 0.016587
0 0.549994 0.608627 0.018834 0.015115
0 0.476939 0.603478 0.017181 0.013743
0 0.246148 0.421533 0.022882 0.017378
0 0.331345 0.286968 0.017699 0.014235
0 0.427951 0.516572 0.022001 0.014554
1 0.549273 0.649441 0.049773 0.032938
1 0.110099 0.530314 0.043917 0.029644