0 0.656148 0.516009 0.025680 0.020080
0 0.644956 0.679638 0.028161 0.023569
0 0.478601 0.510722 0.025788 0.017769
0 0.559950 0.671294 0.024385 0.018008
0 0.370552 0.717768 0.024966 0.019379
0 0.691832 0.903645 0.025243 0.019511
0 0.563277 0.556050 0.020502 0.014873
0 0.468397 0.608392 0.025260 0.019478
0 0.407701 0.408307 0.018901 0.014656
0 0.649241 0.907316 0.028049 0.022515
0 0.343532 0.747777 0.025473 0.016895
0 0.445242 0.940193 0.030768 0.022517
0 0.644800 0.586054 0.016617 0.012583
0 0.450669 0.425456 0.015652 0.012797
0 0.293788 0.909739 0.031679 0.021400
0 0.286366 0.451553 0.020477 0.016499
0 0.481525 0.736577 0.021727 0.016840
0 0.452883 0.571500 0.022053 0.014060
0 0.645634 0.626393 0.017793 0.012692
0 0.549220 0.696454 0.020156 0.015809
0 0.364422 0.625052 0.020096 0.015199
0 0.432270 0.520659 0.015011 0.012206
0 0.570446 0.755163 0.020046 0.015527
0 0.735149 0.647455 0.021643 0.014373
0 0.514696 0.709185 0.018444 0.014451
0 0.196131 0.490798 0.018714 0.014327
0 0.703719 0.658150 0.027878 0.019446
0 0.329703 0.902049 0.033758 0.021683
0 0.814810 0.581121 0.021635 0.018657
0 0.344638 0.476174 0.018376 0.019442
0 0.675648 0.542844 0.017017 0.014205
0 0.189153 0.734266 0.019293 0.016409
0 0.325553 0.517384 0.019180 0.015108
0 0.731867 0.590565 0.015367 0.012451
0 0.314384 0.904557 0.060310 0.025112
0 0.508479 0.397546 0.013692 0.012304