0 0.637965 0.483737 0.021817 0.016519
0 0.442004 0.537144 0.021141 0.016557
0 0.542726 0.709875 0.022996 0.017563
0 0.657749 0.677355 0.022094 0.017114
0 0.310555 0.617675 0.021281 0.017328
0 0.596152 0.683640 0.023044 0.018480
0 0.495951 0.414889 0.023684 0.017377
0 0.275044 0.710238 0.019656 0.014927
0 0.274031 0.410659 0.020194 0.015933
0 0.216533 0.544214 0.020252 0.016343
0 0.245471 0.734347 0.017506 0.014150
0 0.408287 0.359704 0.017609 0.014428
0 0.418319 0.424298 0.022813 0.017257
0 0.482255 0.773995 0.025222 0.020006
0 0.314911 0.665372 0.019472 0.015873
0 0.600881 0.719767 0.023259 0.018607
0 0.307406 0.408345 0.019205 0.014980
0 0.730934 0.425397 0.024207 0.017951
0 0.619864 0.545567 0.019683 0.015907
0 0.317518 0.377700 0.018164 0.014356
0 0.498799 0.309619 0.020182 0.016298
0 0.417284 0.733350 0.020505 0.017454
0 0.509286 0.777533 0.023001 0.017073
0 0.781673 0.551458 0.016076 0.012278
0 0.343414 0.736230 0.024643 0.020968
0 0.465118 0.470943 0.018120 0.015183
0 0.566649 0.348323 0.021753 0.016562
0 0.485749 0.549219 0.025424 0.021596
0 0.620537 0.441060 0.019080 0.015693
0 0.823804 0.409264 0.024181 0.017073
0 0.238234 0.595668 0.018828 0.015974
0 0.739968 0.571449 0.018568 0.014637
0 0.525341 0.312119 0.018983 0.015352
0 0.673658 0.362406 0.016625 0.013298
0 0.507245 0.631301 0.021929 0.019525
0 0.492706 0.342610 0.017938 0.015117
0 0.698107 0.478514 0.016828 0.013397
0 0.348310 0.473751 0.024780 0.022224
0 0.762986 0.361190 0.019723 0.017409
0 0.318551 0.704832 0.016746 0.012666
0 0.699316 0.500108 0.017387 0.013874
0 0.500956 0.471738 0.018698 0.013816
0 0.237800 0.431159 0.015669 0.012777
0 0.699446 0.347230 0.030821 0.022664
0 0.528292 0.794177 0.024072 0.020753
0 0.411409 0.800258 0.023120 0.017928
0 0.316214 0.440025 0.019626 0.015184