0 0.630844 0.255658 0.016618 0.012427
0 0.344910 0.690205 0.014497 0.011201
0 0.614659 0.740093 0.017375 0.013465
0 0.272572 0.543279 0.013376 0.010866
0 0.402160 0.632982 0.012186 0.009373
0 0.504248 0.214065 0.011979 0.009410
0 0.332726 0.321070 0.012583 0.010060
0 0.611101 0.238755 0.016287 0.010655
0 0.527188 0.375776 0.011905 0.009033
0 0.413447 0.228650 0.013329 0.011495
0 0.795342 0.296354 0.015148 0.011710
0 0.290438 0.272916 0.016776 0.014900
0 0.361721 0.513129 0.012097 0.010585
0 0.666014 0.543536 0.012671 0.009341
0 0.261966 0.513510 0.013989 0.010771
0 0.688752 0.297031 0.013415 0.010282
0 0.566369 0.341617 0.012949 0.010069
0 0.483986 0.304796 0.013243 0.009511
0 0.698943 0.617243 0.011572 0.009364
0 0.598005 0.289352 0.013322 0.011796
0 0.546147 0.325787 0.014140 0.011175
0 0.515391 0.519244 0.010969 0.008678
0 0.357468 0.320383 0.012717 0.009494
0 0.425764 0.326007 0.012383 0.009628
0 0.688484 0.708719 0.016868 0.011900
0 0.630464 0.283471 0.013119 0.010313
0 0.359424 0.668578 0.014293 0.011080
0 0.643722 0.485555 0.011722 0.009213
0 0.666214 0.659560 0.011788 0.008995
0 0.532944 0.630040 0.011627 0.009179
0 0.413818 0.341052 0.012600 0.009521
0 0.309540 0.551134 0.011933 0.008790
0 0.409434 0.448074 0.011992 0.009159
0 0.608040 0.674891 0.011692 0.009503
0 0.380830 0.452529 0.012283 0.009177
0 0.293174 0.598482 0.011482 0.008772
0 0.463809 0.631227 0.011872 0.009891
0 0.541430 0.498838 0.012317 0.009559
0 0.243225 0.309608 0.019879 0.012433
0 0.410187 0.259006 0.011711 0.009660
0 0.751618 0.321404 0.015838 0.012186
0 0.509905 0.707620 0.012882 0.009344
0 0.576149 0.732833 0.016890 0.013048
0 0.440564 0.719752 0.015440 0.011646
0 0.572188 0.273844 0.013049 0.010401
0 0.750027 0.447134 0.010017 0.008072
0 0.524950 0.447784 0.013336 0.009797
0 0.731279 0.304762 0.013564 0.010561
0 0.835306 0.476448 0.010388 0.008004
0 0.716141 0.476645 0.013092 0.010748
0 0.416488 0.408365 0.014383 0.009197
0 0.302957 0.461043 0.012978 0.010561
0 0.490847 0.471865 0.011718 0.008940
0 0.290058 0.306521 0.012577 0.009654
0 0.191852 0.348760 0.015648 0.013188
0 0.674839 0.724624 0.014791 0.010449
0 0.407700 0.361532 0.012510 0.008710
0 0.848722 0.502119 0.011420 0.008810
0 0.441135 0.422078 0.012266 0.009130
0 0.545021 0.711568 0.012629 0.009939
0 0.625130 0.357422 0.013104 0.011484
0 0.207044 0.504006 0.011603 0.009471
0 0.291767 0.624875 0.012025 0.008826
0 0.327273 0.522523 0.011469 0.008407
0 0.381063 0.540489 0.010691 0.008826
0 0.543213 0.284741 0.014596 0.011566
0 0.322605 0.251400 0.016640 0.013586
0 0.573807 0.712452 0.015976 0.011620
0 0.468069 0.210815 0.016349 0.011262
0 0.642454 0.744022 0.014574 0.010919
0 0.681208 0.383417 0.013234 0.009487
0 0.553958 0.391594 0.016138 0.011460
0 0.648000 0.367562 0.012411 0.008444
0 0.436816 0.392685 0.016387 0.010397
0 0.426764 0.478197 0.014763 0.010914
0 0.535523 0.731238 0.013106 0.010119
0 0.779984 0.507925 0.011996 0.008409
0 0.235700 0.568154 0.011224 0.008831
0 0.503559 0.650764 0.012700 0.009573
0 0.341238 0.596481 0.011093 0.008138
0 0.628136 0.315104 0.010869 0.008708
0 0.451522 0.501759 0.011258 0.009066
0 0.698810 0.366220 0.014308 0.010138
0 0.451970 0.447392 0.013237 0.010244
0 0.547765 0.358549 0.013884 0.009808
0 0.470531 0.364537 0.012877 0.008605
0 0.712866 0.381836 0.013236 0.008839
0 0.823010 0.423845 0.011274 0.008837
0 0.271415 0.358663 0.012309 0.009853
0 0.267116 0.615659 0.012638 0.010276
0 0.495410 0.373938 0.013120 0.012027
0 0.794230 0.479814 0.012349 0.010096
0 0.747087 0.488964 0.011074 0.009081
0 0.525236 0.758959 0.018951 0.013702
0 0.541748 0.565839 0.012228 0.008801
0 0.591452 0.250943 0.011117 0.009307
0 0.826072 0.345765 0.011294 0.008491
0 0.480415 0.554742 0.012791 0.009642
0 0.343018 0.498429 0.010124 0.009606
0 0.379650 0.492467 0.011517 0.008800
0 0.279082 0.579627 0.011008 0.008662
0 0.384925 0.652569 0.011899 0.009409
0 0.632774 0.576841 0.011687 0.008513
0 0.502976 0.423497 0.012791 0.010481
0 0.591609 0.761972 0.020130 0.013567
0 0.544386 0.235008 0.012779 0.010341
0 0.328902 0.640822 0.014464 0.010251
0 0.237069 0.352661 0.012888 0.010308
0 0.631786 0.216632 0.012267 0.009547
0 0.887196 0.365648 0.015580 0.012144
0 0.494757 0.619882 0.011732 0.010202
0 0.301078 0.682930 0.016575 0.013630
0 0.763269 0.381719 0.011508 0.008650
0 0.756646 0.650440 0.011825 0.008460
0 0.381316 0.701962 0.011950 0.010469
0 0.529244 0.248529 0.011014 0.008767
0 0.462291 0.475633 0.010620 0.008223
0 0.225689 0.547043 0.013475 0.009928
0 0.579441 0.678498 0.013318 0.009301
0 0.462509 0.579930 0.010697 0.008739
0 0.572215 0.513039 0.010934 0.009067
0 0.671680 0.601128 0.011436 0.009733
0 0.256700 0.496058 0.011692 0.008560
0 0.696314 0.496090 0.013280 0.008647
0 0.558767 0.229579 0.011628 0.009654
0 0.535541 0.667796 0.010854 0.008836
0 0.757023 0.266302 0.014728 0.011679
0 0.402693 0.322115 0.013994 0.011335
0 0.358899 0.463563 0.012687 0.011529
0 0.775995 0.352335 0.011631 0.008545
0 0.764400 0.298940 0.012367 0.009373
0 0.516989 0.332678 0.016543 0.013189
0 0.746087 0.369140 0.011843 0.008949
0 0.573789 0.587018 0.012818 0.009278
0 0.778532 0.533629 0.014208 0.009685
0 0.819871 0.446537 0.011757 0.009704
0 0.378180 0.351712 0.013111 0.009423
0 0.843835 0.335382 0.016044 0.014279
0 0.399134 0.507881 0.010303 0.008779
0 0.441380 0.758387 0.016869 0.012443
0 0.642895 0.464402 0.012893 0.008981
0 0.685974 0.325380 0.012948 0.010180
0 0.643695 0.398373 0.011485 0.008925
0 0.664516 0.634771 0.010803 0.008128
0 0.744555 0.247075 0.012525 0.010185
0 0.207195 0.424962 0.011987 0.008977
0 0.516563 0.478047 0.010607 0.008557
0 0.584761 0.388811 0.012689 0.009449
0 0.324546 0.559827 0.011109 0.008519
0 0.277244 0.652437 0.012302 0.010116
0 0.816237 0.583950 0.010373 0.007663
0 0.571946 0.248589 0.013024 0.008784
0 0.625472 0.626735 0.010505 0.007932
0 0.548528 0.472430 0.011241 0.009416
0 0.469648 0.753983 0.021475 0.017444
0 0.289216 0.562613 0.011170 0.008251
0 0.229157 0.340561 0.013710 0.010639
0 0.858232 0.350260 0.013135 0.010013
0 0.417234 0.293306 0.013543 0.009696
0 0.480321 0.718925 0.013523 0.009839
0 0.734237 0.337076 0.011353 0.010006
0 0.357332 0.629404 0.012246 0.009193
0 0.469515 0.338476 0.015858 0.009300
0 0.453673 0.677075 0.012756 0.009350
0 0.591145 0.214175 0.011151 0.010290
0 0.477324 0.600238 0.009861 0.008298
0 0.292224 0.383762 0.013045 0.009304
0 0.600138 0.594447 0.012028 0.008852
0 0.366429 0.267001 0.014390 0.010518
0 0.336658 0.354296 0.011222 0.008288
0 0.323024 0.701849 0.013083 0.009947
0 0.392192 0.521123 0.010919 0.008688
0 0.621095 0.389582 0.012316 0.009766
0 0.557276 0.300297 0.015165 0.009601
0 0.831389 0.531644 0.010871 0.008034
0 0.717675 0.703837 0.013173 0.010019
0 0.239277 0.460117 0.012024 0.009456
0 0.700187 0.521977 0.012188 0.008963
0 0.698313 0.635512 0.010472 0.008396
0 0.674181 0.515558 0.012046 0.009514
0 0.455981 0.254380 0.014637 0.010509
0 0.525376 0.182830 0.015058 0.010056
0 0.505960 0.279327 0.015311 0.011607
0 0.613397 0.612158 0.012516 0.010405
0 0.786150 0.598737 0.010044 0.007637
0 0.580144 0.327623 0.013295 0.009495
0 0.327914 0.413423 0.013013 0.008416
0 0.635822 0.439834 0.011405 0.008346
0 0.295540 0.399019 0.014001 0.012114
0 0.663716 0.402930 0.010107 0.008277
0 0.602680 0.633293 0.010513 0.007672
0 0.895426 0.430928 0.011851 0.009832
0 0.709990 0.310507 0.012991 0.008211
0 0.336883 0.384120 0.013225 0.009048
0 0.581782 0.357623 0.011688 0.009297
0 0.364517 0.243605 0.014698 0.011419
0 0.251910 0.578406 0.011029 0.008496
0 0.514026 0.562680 0.011463 0.009462
0 0.383461 0.722514 0.015060 0.014011
0 0.314340 0.478282 0.010688 0.008074
0 0.517521 0.541588 0.012221 0.008954
0 0.571660 0.458311 0.010813 0.007582
0 0.337920 0.728880 0.016943 0.011751
0 0.887055 0.391721 0.015546 0.012572
0 0.403216 0.569625 0.013926 0.010422
0 0.639790 0.511127 0.010675 0.007605
0 0.491871 0.578595 0.011198 0.009662
0 0.559017 0.435701 0.016309 0.012786
0 0.664474 0.266807 0.015005 0.012679
0 0.490203 0.674560 0.012769 0.009406
0 0.597092 0.565305 0.010128 0.007738
0 0.435645 0.652126 0.010869 0.008963
0 0.267077 0.406705 0.011544 0.009393
0 0.592415 0.373091 0.011657 0.010141
0 0.428636 0.373188 0.011915 0.008184
0 0.816210 0.566349 0.012548 0.008795
0 0.390482 0.438695 0.012700 0.009007
0 0.247748 0.285506 0.016624 0.014428
0 0.720404 0.288074 0.014753 0.010895
0 0.359176 0.576187 0.011865 0.008634
0 0.428990 0.565292 0.011240 0.009815
0 0.842836 0.314906 0.018043 0.012249
0 0.349709 0.339908 0.013418 0.010674
0 0.719970 0.437962 0.011112 0.012042
0 0.864168 0.383579 0.015058 0.010841
0 0.691466 0.343083 0.015897 0.010462
0 0.816384 0.509631 0.010135 0.009111
0 0.430636 0.583858 0.010270 0.008233
0 0.400369 0.733142 0.017430 0.016611
0 0.661671 0.319362 0.012996 0.009510
0 0.361934 0.289746 0.017408 0.011500
0 0.472894 0.736193 0.016819 0.013331
0 0.467919 0.400003 0.013355 0.010071
0 0.576159 0.652660 0.012032 0.010697
0 0.720270 0.571430 0.012759 0.010086
0 0.652898 0.294913 0.015471 0.008956
0 0.257168 0.376143 0.013376 0.012059
0 0.692886 0.675343 0.015730 0.010139
0 0.716741 0.554636 0.010166 0.008013
0 0.782416 0.331775 0.017281 0.010411
0 0.669327 0.458266 0.011116 0.008319
0 0.673056 0.257231 0.022293 0.012864
0 0.438119 0.287855 0.018066 0.012857
0 0.739486 0.417627 0.013251 0.010174
0 0.453484 0.524750 0.012904 0.010023
0 0.613469 0.281952 0.013579 0.010511
0 0.231374 0.528529 0.012055 0.008908
0 0.841943 0.442112 0.013079 0.009067
0 0.707308 0.401759 0.011276 0.009492
0 0.733151 0.721235 0.015612 0.011250
0 0.615218 0.491720 0.013125 0.012704
0 0.618392 0.407183 0.012296 0.010026
0 0.785601 0.657090 0.014301 0.011995
0 0.447182 0.345657 0.013236 0.008769
0 0.539499 0.688517 0.012251 0.009538
0 0.324284 0.271088 0.013707 0.011436
0 0.183416 0.533319 0.013360 0.011653
0 0.825406 0.627685 0.011707 0.008968
0 0.388076 0.374493 0.012408 0.008539
0 0.476193 0.508732 0.012976 0.010710
0 0.568835 0.410877 0.011336 0.009661
0 0.518059 0.598105 0.013517 0.008381
0 0.289349 0.496615 0.009984 0.007513
0 0.819326 0.395438 0.010636 0.007287
0 0.692963 0.220121 0.014786 0.011663
0 0.249904 0.428627 0.014215 0.010060
0 0.694573 0.446348 0.014960 0.010284
0 0.307034 0.351011 0.011825 0.008098
0 0.782011 0.439753 0.010612 0.008020
0 0.794085 0.332596 0.016206 0.010970
0 0.799596 0.607295 0.011281 0.009112
0 0.290587 0.350108 0.013345 0.008468
0 0.424598 0.547569 0.012117 0.007998
0 0.437586 0.257708 0.012548 0.010266
0 0.398905 0.591757 0.013017 0.009319
0 0.610066 0.526359 0.014386 0.010575
0 0.380368 0.560600 0.013360 0.010602
0 0.594152 0.436092 0.010647 0.008246
0 0.714931 0.655366 0.012279 0.009287
0 0.468865 0.453465 0.011785 0.010020
0 0.278960 0.289755 0.014005 0.010932
0 0.811651 0.496774 0.010105 0.008614
0 0.727803 0.412047 0.017075 0.009769
0 0.700729 0.248505 0.015306 0.010836
0 0.373130 0.619161 0.012167 0.010122
0 0.494733 0.351951 0.011474 0.008073
0 0.725500 0.232310 0.015393 0.010683
0 0.352909 0.289709 0.022171 0.011484
0 0.214588 0.487574 0.012792 0.009552
0 0.309901 0.578349 0.010525 0.008099
0 0.853807 0.527445 0.011306 0.008772
0 0.612064 0.421610 0.011497 0.007866
0 0.437196 0.296536 0.013530 0.009565
0 0.459807 0.277659 0.014521 0.015503
0 0.437340 0.617874 0.013506 0.010556
0 0.398940 0.484677 0.012870 0.010326
0 0.545989 0.191271 0.011291 0.009206
0 0.495098 0.251302 0.013549 0.014236
0 0.463110 0.716220 0.013117 0.010284
0 0.651756 0.437798 0.010615 0.007694
0 0.827564 0.614074 0.010928 0.008857
0 0.722958 0.503195 0.011357 0.011412
0 0.663611 0.611834 0.009728 0.008017
0 0.331552 0.472956 0.011083 0.009036
0 0.650660 0.344932 0.015004 0.010649
0 0.433226 0.240992 0.016337 0.009453
0 0.751081 0.553942 0.013245 0.009444
0 0.370637 0.417481 0.016751 0.009737
0 0.513886 0.677329 0.014216 0.009209
0 0.407546 0.427382 0.011642 0.007965
0 0.643544 0.322074 0.012688 0.009109
0 0.547563 0.772499 0.016148 0.011111
0 0.769140 0.397073 0.009926 0.008199
0 0.803866 0.430244 0.011933 0.011496
0 0.660557 0.376424 0.010880 0.008021
0 0.656037 0.239601 0.017691 0.012760
0 0.662740 0.221938 0.014101 0.011654
0 0.766812 0.411838 0.009970 0.008183
0 0.681172 0.358727 0.011104 0.007872
0 0.774315 0.482022 0.012954 0.008837
0 0.719033 0.522235 0.013150 0.008339
0 0.328494 0.454388 0.010229 0.009246
0 0.315098 0.608031 0.011232 0.011013
0 0.580209 0.581078 0.013979 0.010116
0 0.866253 0.486120 0.009558 0.008896
0 0.728641 0.282802 0.013350 0.010044
0 0.633348 0.422083 0.012620 0.009685
0 0.663472 0.341152 0.015513 0.009422
0 0.402739 0.487796 0.011961 0.009679
0 0.337160 0.529549 0.010803 0.007793
0 0.681656 0.577473 0.009758 0.008322
0 0.680947 0.557769 0.013126 0.009704
0 0.533852 0.689646 0.016375 0.010216
0 0.597708 0.465458 0.012325 0.008949
0 0.800430 0.389241 0.011912 0.009228
0 0.706893 0.724714 0.015416 0.011014
0 0.761587 0.610621 0.012585 0.008631
0 0.292714 0.431793 0.014289 0.012276
1 0.191365 0.387673 0.039396 0.029919
0 0.473954 0.617125 0.011522 0.008665
0 0.795886 0.545884 0.009901 0.008308
0 0.467584 0.384352 0.017324 0.008581
0 0.317898 0.619742 0.011309 0.010408
0 0.444634 0.666390 0.012453 0.009492
0 0.669412 0.603658 0.011422 0.012205
0 0.855422 0.559059 0.012242 0.010033
0 0.439605 0.240786 0.013844 0.009744
0 0.790584 0.627656 0.012896 0.009632
1 0.741132 0.590192 0.032555 0.021926
0 0.175611 0.418238 0.017081 0.011709
0 0.698590 0.691904 0.012203 0.008715
0 0.517889 0.305263 0.013901 0.009649
0 0.470857 0.670007 0.015084 0.012102
0 0.503574 0.300857 0.013632 0.009222
0 0.866980 0.331027 0.015302 0.012960
0 0.499243 0.400288 0.012063 0.009851
0 0.559359 0.497196 0.012961 0.008229
0 0.223802 0.382463 0.014116 0.008837
0 0.355608 0.650179 0.011658 0.009269
0 0.439745 0.516507 0.010825 0.008318
0 0.367638 0.360785 0.013145 0.009093
0 0.558194 0.529585 0.013696 0.009065
0 0.268398 0.659537 0.015399 0.010411
0 0.417553 0.646978 0.010926 0.008095
0 0.606339 0.387110 0.013632 0.008137
0 0.649618 0.573334 0.013116 0.008653
0 0.574168 0.637677 0.013712 0.008022
0 0.694461 0.467887 0.009891 0.007756
0 0.228613 0.446643 0.016290 0.010883
0 0.513801 0.756871 0.028007 0.013027
0 0.565991 0.565132 0.010853 0.009172
0 0.723577 0.362031 0.013538 0.009910
0 0.379059 0.381610 0.012720 0.013834
0 0.233589 0.637687 0.016183 0.010303
0 0.672778 0.435217 0.011009 0.009425
0 0.455351 0.562119 0.010563 0.008084
0 0.564308 0.295730 0.014140 0.010283
0 0.735836 0.527266 0.009192 0.008348
0 0.515890 0.395206 0.013884 0.009793
0 0.674562 0.493732 0.012793 0.008353
0 0.504402 0.498442 0.012455 0.009359
0 0.802644 0.643166 0.013920 0.008565
0 0.650295 0.211192 0.015125 0.011216
0 0.742681 0.612475 0.012605 0.007574
0 0.269485 0.628228 0.012536 0.009126
0 0.481199 0.416680 0.013535 0.009229
0 0.608014 0.548194 0.010058 0.008838
0 0.593445 0.608164 0.010901 0.008827
0 0.610065 0.550236 0.009385 0.008365
0 0.462984 0.424019 0.013674 0.011335
0 0.418900 0.722866 0.013593 0.010315
0 0.769743 0.277198 0.014132 0.010861
0 0.865744 0.582180 0.010432 0.008617
0 0.677089 0.646304 0.011234 0.008446
0 0.429648 0.350919 0.012232 0.008267
0 0.232927 0.402676 0.011570 0.009872
0 0.872693 0.520160 0.011163 0.008298
0 0.620243 0.282141 0.027667 0.008411
0 0.824795 0.371210 0.013807 0.007702
1 0.380654 0.217216 0.037807 0.019954