0 0.615241 0.752903 0.018167 0.014607
0 0.299105 0.659455 0.016951 0.012879
0 0.699566 0.414739 0.021496 0.016686
0 0.554944 0.741360 0.017365 0.012815
0 0.587916 0.599368 0.020281 0.015392
0 0.401905 0.747675 0.017142 0.013403
0 0.897679 0.766219 0.018137 0.013514
0 0.575175 0.639602 0.018178 0.014435
0 0.797965 0.568515 0.016802 0.012243
0 0.409118 0.519211 0.022648 0.017671
0 0.540954 0.513332 0.021719 0.014904
0 0.447940 0.679102 0.017498 0.013803
0 0.882036 0.605537 0.016163 0.012601
0 0.764324 0.585017 0.016176 0.012860
0 0.441883 0.752720 0.017724 0.014680
0 0.473435 0.578957 0.019703 0.016125
0 0.384322 0.674804 0.015627 0.013451
0 0.534969 0.419740 0.019243 0.014624
0 0.661439 0.781495 0.015660 0.013414
0 0.850486 0.379366 0.018337 0.016064
0 0.957107 0.513313 0.020466 0.016716
0 0.569421 0.431204 0.019007 0.013844
0 0.341769 0.617912 0.016179 0.012766
0 0.753997 0.373891 0.019609 0.014346
0 0.309499 0.480203 0.017581 0.013993
0 0.896690 0.630512 0.021192 0.016732
0 0.635517 0.589510 0.022855 0.015703
0 0.594845 0.690840 0.018201 0.014235
0 0.789147 0.610787 0.016910 0.013858
0 0.295474 0.415884 0.016977 0.012942
0 0.811368 0.394158 0.019607 0.014146
0 0.941768 0.711089 0.015763 0.011895
0 0.281855 0.507388 0.015018 0.011768
0 0.899597 0.389653 0.022815 0.016597
0 0.699019 0.736222 0.015641 0.012379
0 0.713303 0.818055 0.016387 0.012610
0 0.588470 0.481036 0.017140 0.013842
0 0.579055 0.879296 0.024645 0.018289
0 0.466261 0.619540 0.018581 0.014789
0 0.561802 0.675775 0.019390 0.015385
0 0.551298 0.586619 0.018674 0.015455
0 0.646429 0.725545 0.020572 0.016901
0 0.406866 0.683217 0.014890 0.011027
0 0.743747 0.833949 0.016192 0.012907
0 0.694025 0.882859 0.018451 0.013800
0 0.490540 0.529765 0.016313 0.013458
0 0.724441 0.496928 0.016335 0.015614
0 0.818323 0.596121 0.014957 0.011658
0 0.414672 0.778846 0.017283 0.013591
0 0.810423 0.655266 0.015563 0.011894
0 0.361937 0.588235 0.018352 0.015066
0 0.600489 0.316466 0.017046 0.014521
0 0.532777 0.580073 0.021138 0.016389
0 0.598639 0.439139 0.023367 0.014941
0 0.255269 0.459615 0.017237 0.013032
0 0.710813 0.441423 0.028006 0.017540
0 0.790481 0.448988 0.015098 0.012522
0 0.462359 0.487335 0.018540 0.017388
0 0.796843 0.632830 0.016196 0.012081
0 0.372693 0.463630 0.020221 0.018273
0 0.718119 0.841667 0.018588 0.014996
0 0.384522 0.541562 0.023305 0.017625
0 0.628786 0.367499 0.021312 0.015106
0 0.825826 0.523784 0.014842 0.012550