0 0.582558 0.648092 0.015836 0.012676
0 0.212371 0.598520 0.018211 0.013615
0 0.294849 0.641696 0.017071 0.012839
0 0.498977 0.556217 0.018436 0.014022
0 0.393752 0.610192 0.016320 0.012965
0 0.247316 0.780947 0.015612 0.011561
1 0.684394 0.619185 0.057295 0.060864
0 0.555739 0.879232 0.020812 0.015757
0 0.198351 0.462330 0.018191 0.013219
0 0.167985 0.522471 0.018345 0.014099
0 0.375784 0.647910 0.016691 0.012675
0 0.080685 0.689461 0.018984 0.013489
0 0.257680 0.798393 0.015485 0.012071
0 0.513912 0.466182 0.018051 0.013879
0 0.173803 0.745442 0.016426 0.012565
0 0.616386 0.658833 0.016814 0.013836
0 0.217536 0.496663 0.019507 0.015420
0 0.554927 0.669110 0.021078 0.014641
0 0.634281 0.521921 0.016933 0.013043
0 0.443178 0.549818 0.015437 0.012385
0 0.058947 0.717858 0.016318 0.012486
0 0.289576 0.797918 0.015127 0.011326
0 0.341260 0.904504 0.019156 0.014559
0 0.295122 0.892308 0.018388 0.013916
0 0.413862 0.676675 0.015936 0.011851
0 0.609983 0.701746 0.018291 0.013415
0 0.352467 0.618419 0.015752 0.012061
0 0.235197 0.457142 0.017858 0.013150
1 0.510651 0.744278 0.060567 0.046769
0 0.333581 0.442136 0.017332 0.014450
0 0.464924 0.597207 0.020992 0.013843
0 0.477316 0.525348 0.018477 0.014768
0 0.644004 0.686098 0.019838 0.014302
0 0.347533 0.678686 0.016575 0.013072
0 0.183979 0.796009 0.015294 0.011587
0 0.208389 0.841107 0.016433 0.012621
0 0.415444 0.756169 0.018119 0.014075
0 0.468539 0.493105 0.018194 0.013890
0 0.043350 0.662807 0.014443 0.010684
0 0.170515 0.883835 0.018694 0.013100
0 0.321112 0.676708 0.016383 0.012433
0 0.327047 0.933317 0.020506 0.014217
0 0.210898 0.891610 0.019547 0.014086
0 0.372023 0.697678 0.016879 0.011915
0 0.274955 0.412216 0.020463 0.015426
0 0.296442 0.478315 0.021187 0.016674
0 0.028347 0.692837 0.018747 0.014341
0 0.070610 0.494589 0.016594 0.012555
0 0.259094 0.500575 0.014787 0.011533
0 0.202292 0.870035 0.017227 0.012985
1 0.082223 0.813356 0.059495 0.045039
0 0.403988 0.926010 0.024718 0.020294
0 0.347181 0.703118 0.016607 0.011588
0 0.523997 0.846687 0.020022 0.015811
0 0.459338 0.457099 0.016234 0.012905
0 0.332602 0.726302 0.019979 0.013373
0 0.068284 0.747369 0.015774 0.011728
0 0.387406 0.858856 0.019294 0.014481
0 0.464032 0.561742 0.015441 0.011457
0 0.503383 0.805061 0.020064 0.015181
0 0.299488 0.513259 0.015019 0.011796
0 0.448947 0.383554 0.016894 0.012912
0 0.429442 0.594945 0.016681 0.012251
0 0.503531 0.847413 0.018356 0.013882
0 0.140527 0.515144 0.018032 0.014861
0 0.574375 0.822180 0.016311 0.012459
0 0.326928 0.513226 0.017044 0.012562
0 0.590767 0.557512 0.020808 0.017467
0 0.393228 0.883553 0.018071 0.013954
1 0.355178 0.542786 0.051603 0.041911
0 0.154449 0.757827 0.014081 0.009588
0 0.278516 0.761278 0.019349 0.012811
0 0.399097 0.525434 0.015285 0.011328
1 0.351403 0.778997 0.056544 0.049994
0 0.632884 0.555896 0.014246 0.011057
0 0.296778 0.841327 0.019323 0.013697
0 0.240633 0.355352 0.013919 0.011916
0 0.157077 0.401848 0.014273 0.012521
0 0.367730 0.365046 0.013144 0.011401
0 0.255958 0.740881 0.020039 0.016323
0 0.297655 0.450739 0.014878 0.011376
0 0.207596 0.368069 0.019212 0.014840
0 0.607278 0.840664 0.016483 0.013282
0 0.377656 0.450080 0.016519 0.013287
0 0.465746 0.688792 0.016279 0.013341
0 0.433079 0.664393 0.017656 0.014690
0 0.425729 0.735654 0.013338 0.010012
0 0.447855 0.584664 0.017155 0.013285
0 0.306663 0.399032 0.019307 0.014360
0 0.605552 0.445393 0.020961 0.013918
1 0.394706 0.563873 0.045971 0.034828
0 0.282631 0.813975 0.013276 0.009682
0 0.361006 0.635866 0.016243 0.012357
0 0.310791 0.558141 0.018154 0.014104
0 0.115994 0.556717 0.016989 0.014875
0 0.453082 0.635010 0.013139 0.009740
0 0.031666 0.507568 0.016488 0.014246
0 0.279825 0.559272 0.015046 0.010731
0 0.680320 0.768834 0.019726 0.016140
0 0.290882 0.578112 0.016339 0.014038
0 0.521110 0.630861 0.013138 0.009896
0 0.034161 0.634141 0.015318 0.012515
0 0.185484 0.406410 0.014036 0.013672
0 0.702272 0.675145 0.020597 0.015779
0 0.595758 0.539961 0.016629 0.012622
0 0.566856 0.457709 0.018811 0.014658
0 0.285600 0.846283 0.019960 0.013981
0 0.329760 0.861329 0.021961 0.018340
0 0.633118 0.492558 0.016596 0.013728
0 0.741196 0.638822 0.014815 0.012153
0 0.283521 0.667837 0.015530 0.012395
0 0.254221 0.545554 0.022628 0.020413
0 0.034168 0.520594 0.016230 0.012897
0 0.545234 0.384426 0.013662 0.011598
0 0.514242 0.846428 0.032600 0.013841
0 0.480473 0.866810 0.019756 0.015021
0 0.145752 0.567152 0.014515 0.012040
0 0.184910 0.840870 0.014179 0.010660
0 0.178251 0.718128 0.012961 0.011984
0 0.143859 0.637784 0.014819 0.013783
0 0.650700 0.644819 0.014562 0.011334
0 0.149221 0.472685 0.014154 0.011739
0 0.381816 0.954086 0.025096 0.014828
0 0.032304 0.514150 0.018362 0.021147
0 0.520669 0.663981 0.011986 0.009326
0 0.683587 0.481667 0.021489 0.017564
0 0.203618 0.872895 0.022252 0.023376
0 0.620769 0.679679 0.016512 0.011281
0 0.580706 0.492814 0.015894 0.012222
0 0.118030 0.774728 0.011372 0.008009
1 0.490459 0.412114 0.061842 0.033028