0 0.594137 0.804680 0.029228 0.021337
0 0.187980 0.632103 0.022597 0.018255
0 0.570576 0.774760 0.023980 0.017300
0 0.471607 0.339078 0.018078 0.013703
0 0.490849 0.408587 0.021857 0.017680
1 0.837986 0.651453 0.027042 0.024539
0 0.621868 0.774066 0.020757 0.015693
0 0.558468 0.427192 0.027400 0.021149
0 0.781481 0.736467 0.018347 0.013196
0 0.419448 0.604544 0.031608 0.019755
0 0.571414 0.466483 0.024182 0.019209
0 0.249256 0.710508 0.019210 0.015899
0 0.371115 0.344878 0.017172 0.013557
0 0.716823 0.427417 0.033094 0.021565
0 0.446782 0.726429 0.023073 0.016383
0 0.300689 0.532513 0.023703 0.018615
0 0.697085 0.698723 0.016499 0.013263
0 0.436491 0.766391 0.034916 0.024199
0 0.273699 0.674308 0.018604 0.015441
0 0.474450 0.383947 0.015446 0.011958
0 0.341213 0.810424 0.029477 0.020559
0 0.478681 0.305187 0.024885 0.016734
0 0.773729 0.759062 0.017237 0.013222
0 0.261649 0.553339 0.023755 0.018690
0 0.660675 0.606605 0.022984 0.017394
0 0.234024 0.506783 0.019107 0.014326
1 0.280344 0.376283 0.032206 0.024155
1 0.829459 0.537515 0.038647 0.027778