0 0.270112 0.324814 0.015793 0.014399
0 0.410640 0.410534 0.023668 0.016346
0 0.343411 0.484050 0.015261 0.012316
0 0.761509 0.549806 0.015872 0.010924
0 0.486302 0.866508 0.017567 0.014103
0 0.191834 0.533308 0.016380 0.012365
0 0.170983 0.417905 0.015388 0.010668
0 0.263869 0.720677 0.015069 0.012415
0 0.456445 0.402664 0.015800 0.010244
0 0.533305 0.518340 0.018530 0.013105
0 0.340598 0.360683 0.017824 0.014203
0 0.253264 0.428681 0.015224 0.011083
0 0.045056 0.578844 0.018031 0.011190
0 0.655164 0.659651 0.017327 0.013016
0 0.264442 0.455014 0.013025 0.008848
0 0.381025 0.432489 0.015868 0.013603
0 0.808607 0.591413 0.016089 0.011471
0 0.291349 0.652672 0.013616 0.009821
0 0.303772 0.311336 0.014557 0.011803
0 0.468466 0.516158 0.018315 0.014245
0 0.527049 0.716923 0.017793 0.012352
0 0.598854 0.851711 0.015839 0.010389
0 0.617922 0.532850 0.014977 0.011216
0 0.287631 0.427934 0.012593 0.007604
0 0.190377 0.377396 0.015573 0.009735
0 0.690536 0.516240 0.017768 0.012523
0 0.297044 0.592452 0.013958 0.008343
0 0.288393 0.358926 0.012161 0.010744
0 0.266864 0.533394 0.012259 0.006858
0 0.461435 0.332231 0.011682 0.009946
0 0.388505 0.668895 0.017212 0.015841
0 0.343176 0.339960 0.022397 0.012603
0 0.363321 0.557325 0.012778 0.006995
0 0.538736 0.790144 0.015265 0.011275
0 0.353369 0.637835 0.013198 0.008881
0 0.412203 0.563816 0.020075 0.011579
0 0.259870 0.590863 0.016079 0.011397
0 0.774157 0.460108 0.014445 0.011849
0 0.411568 0.778513 0.012532 0.010300
0 0.455315 0.541055 0.014378 0.010739
0 0.288048 0.465517 0.010135 0.008419
0 0.714768 0.517600 0.017608 0.011676
0 0.271308 0.630522 0.011534 0.009507
0 0.331879 0.734132 0.015148 0.010959
0 0.110436 0.485774 0.021566 0.015692
0 0.489626 0.660126 0.018880 0.012185
0 0.506013 0.349152 0.012105 0.010944
0 0.470160 0.758119 0.011311 0.008954
0 0.460434 0.636440 0.019818 0.011224
0 0.627592 0.465861 0.017023 0.012608
0 0.268981 0.402895 0.011288 0.008691
0 0.380976 0.466459 0.017881 0.013651
0 0.577922 0.713825 0.016288 0.010290
0 0.652242 0.692856 0.018966 0.015096
0 0.339970 0.584268 0.011128 0.007160
0 0.409377 0.903249 0.021525 0.016127
0 0.251879 0.497025 0.012189 0.009551
0 0.104021 0.728419 0.012999 0.010477
0 0.804417 0.541181 0.014222 0.010963
0 0.320727 0.695506 0.016030 0.011484
0 0.519890 0.745658 0.015332 0.011933
0 0.492799 0.760083 0.018087 0.013646
0 0.317314 0.528747 0.013442 0.007431
0 0.371148 0.371203 0.016731 0.011214
0 0.357435 0.756422 0.013710 0.012493
0 0.656488 0.455785 0.020017 0.012030
0 0.602299 0.670697 0.016664 0.010489
0 0.521142 0.765278 0.012880 0.008603
0 0.316869 0.559832 0.014968 0.009470
0 0.170765 0.570744 0.019821 0.014768
0 0.353670 0.504754 0.013188 0.008016
0 0.426311 0.628900 0.020108 0.012812
0 0.675699 0.803026 0.010477 0.010444
0 0.387993 0.362620 0.013824 0.010386
0 0.668097 0.502096 0.014056 0.010647
0 0.330041 0.610082 0.012763 0.007802
0 0.328905 0.413759 0.014192 0.010712
0 0.795315 0.478082 0.012478 0.010149
0 0.614213 0.503023 0.013574 0.008819
0 0.387187 0.619736 0.016516 0.012497
0 0.185821 0.401851 0.014517 0.011036
0 0.274254 0.799061 0.012798 0.008716
0 0.239908 0.748223 0.014608 0.010290
0 0.442614 0.469620 0.016095 0.011026
0 0.427951 0.683445 0.014363 0.012594
0 0.084176 0.494900 0.012275 0.010243
0 0.321443 0.449300 0.014040 0.010495
0 0.063002 0.596338 0.015136 0.011138
0 0.281067 0.748184 0.014148 0.012409
0 0.544951 0.767454 0.013420 0.008114
0 0.261270 0.766352 0.013743 0.011572
0 0.378665 0.805198 0.012393 0.008699
0 0.302263 0.629015 0.013089 0.010401
0 0.805302 0.524125 0.015268 0.011126
0 0.329421 0.464676 0.018041 0.011183
0 0.457263 0.348515 0.015194 0.012849
0 0.505809 0.465087 0.017923 0.010891
0 0.562032 0.836306 0.013590 0.010199
0 0.404176 0.508817 0.014953 0.011898
0 0.406989 0.443960 0.017918 0.013800
0 0.738682 0.455320 0.013911 0.013202
0 0.282280 0.495908 0.015716 0.011563
0 0.277785 0.572016 0.013228 0.010365
0 0.420999 0.333823 0.010994 0.009118
0 0.752781 0.425799 0.011420 0.009575
0 0.668792 0.438264 0.017513 0.013440
0 0.274696 0.554062 0.017397 0.011369
0 0.325888 0.514848 0.013013 0.008018
0 0.535709 0.863935 0.014009 0.010879
0 0.036009 0.609974 0.009892 0.009333
0 0.515630 0.700994 0.015273 0.010981
0 0.604366 0.490081 0.020396 0.010340
0 0.463040 0.309431 0.013371 0.013253
0 0.502857 0.851363 0.015623 0.013471
0 0.303864 0.513063 0.014569 0.010447
0 0.197490 0.579344 0.013605 0.009768
0 0.717958 0.425798 0.010546 0.008948
0 0.448156 0.606761 0.020032 0.013227
0 0.373362 0.883276 0.015087 0.008498
0 0.305903 0.771679 0.016938 0.013759
0 0.044071 0.539266 0.016466 0.011295
0 0.702792 0.378802 0.013656 0.011398
0 0.361039 0.585428 0.011018 0.007787
0 0.149361 0.446521 0.015251 0.012733
0 0.310715 0.493458 0.012370 0.007665
0 0.267067 0.867552 0.011641 0.009773
0 0.323388 0.669233 0.012909 0.013519
0 0.345478 0.868273 0.015413 0.012244
0 0.636042 0.834544 0.008070 0.007045
0 0.526043 0.855480 0.019336 0.017016
0 0.369329 0.859366 0.015602 0.009300
0 0.222293 0.515481 0.011099 0.008839
0 0.451505 0.584501 0.019842 0.013314
0 0.313520 0.631658 0.013957 0.009316
0 0.375030 0.828870 0.010230 0.007231
0 0.151033 0.728113 0.012207 0.007244
0 0.318490 0.881478 0.015555 0.008582
0 0.216656 0.622973 0.012402 0.009993
0 0.410798 0.441157 0.017043 0.013028
0 0.445344 0.420281 0.013785 0.007209
0 0.472249 0.562331 0.013969 0.013159
0 0.331073 0.541241 0.012216 0.008410
0 0.779226 0.439871 0.012618 0.012577
0 0.670564 0.406175 0.022050 0.013063
0 0.594838 0.467896 0.012976 0.009561
0 0.387430 0.491342 0.014117 0.011729
0 0.425187 0.837997 0.018096 0.014689
0 0.606747 0.717103 0.017516 0.012577
0 0.385697 0.303507 0.011357 0.012622
0 0.362981 0.799482 0.012522 0.010035
0 0.607102 0.416254 0.019654 0.011814
0 0.375474 0.575199 0.013828 0.009426
0 0.473087 0.569327 0.016815 0.014634
0 0.411769 0.494005 0.014832 0.013170
0 0.599374 0.418946 0.021785 0.010076
0 0.584147 0.736421 0.019333 0.012386
0 0.234475 0.596467 0.019754 0.012837
0 0.525223 0.848485 0.019299 0.015520
0 0.530341 0.860638 0.022311 0.013074
0 0.243730 0.608657 0.015851 0.010455
0 0.361509 0.532879 0.012599 0.009791
0 0.512131 0.805027 0.012868 0.011745
0 0.737942 0.481068 0.012879 0.008921
0 0.284008 0.728957 0.016449 0.009947
0 0.285303 0.832230 0.014599 0.009805
0 0.692904 0.455720 0.013235 0.008255
0 0.279928 0.499227 0.016322 0.012070
0 0.131587 0.709833 0.013468 0.009681
0 0.494806 0.778651 0.013562 0.012346
0 0.342826 0.777858 0.012128 0.009842
0 0.776906 0.533280 0.013272 0.007431
0 0.635073 0.376221 0.016012 0.012277
0 0.117784 0.453045 0.013823 0.008998
0 0.417925 0.680839 0.015217 0.012082
0 0.302772 0.764218 0.018270 0.015130
0 0.666668 0.532541 0.012779 0.007338
0 0.270262 0.817524 0.012671 0.008717
0 0.288461 0.881935 0.012921 0.008614
0 0.453378 0.671667 0.015034 0.014355
0 0.212748 0.438099 0.014258 0.011767
0 0.406760 0.586106 0.015621 0.011343
0 0.228007 0.586699 0.014013 0.011198
0 0.579894 0.322370 0.012716 0.009868
0 0.306104 0.631289 0.022450 0.011502
0 0.664524 0.483705 0.014102 0.012240
0 0.661273 0.487549 0.018813 0.011775
0 0.597826 0.672213 0.013509 0.010027
0 0.226202 0.829909 0.013930 0.007381
0 0.403917 0.594348 0.013458 0.010513
0 0.613350 0.429689 0.013164 0.009722
0 0.386379 0.507043 0.013587 0.010272
1 0.392801 0.707746 0.039124 0.030516
1 0.148670 0.627934 0.057903 0.035211
1 0.220657 0.460094 0.039124 0.028169
1 0.569640 0.572183 0.045383 0.031690
1 0.500000 0.436033 0.050078 0.034038
1 0.544601 0.363263 0.048513 0.041080
1 0.812207 0.644366 0.042254 0.032864