0 0.310924 0.472364 0.016750 0.013085
0 0.292922 0.582087 0.014126 0.011189
0 0.375772 0.490156 0.013907 0.010942
0 0.543986 0.504782 0.016099 0.012479
0 0.267051 0.604123 0.013035 0.010651
0 0.359825 0.550248 0.014958 0.011170
0 0.211640 0.800862 0.014403 0.010972
0 0.093474 0.715448 0.014918 0.011556
0 0.109840 0.682431 0.013607 0.010374
0 0.170886 0.614164 0.017005 0.012786
0 0.076730 0.453942 0.014578 0.011996
0 0.394727 0.369672 0.018858 0.015176
0 0.052644 0.575833 0.016006 0.012770
0 0.397820 0.475429 0.017068 0.011661
0 0.707932 0.434516 0.019710 0.015751
0 0.589664 0.839589 0.017971 0.013081
0 0.098076 0.568548 0.014550 0.010287
0 0.318732 0.615806 0.018019 0.013404
0 0.498088 0.471104 0.017980 0.012329
0 0.490352 0.883782 0.022450 0.015844
0 0.537932 0.802119 0.022209 0.015681
0 0.190580 0.466504 0.014657 0.012036
0 0.641182 0.665511 0.019709 0.015538
0 0.440897 0.445337 0.022398 0.015722
0 0.342446 0.643819 0.019494 0.015621
0 0.268242 0.434090 0.016458 0.012449
0 0.514795 0.428348 0.017581 0.014270
0 0.111624 0.609145 0.019677 0.013656
0 0.709153 0.690960 0.019376 0.014192
0 0.255795 0.761702 0.018519 0.013615
0 0.336743 0.534067 0.016339 0.014088
0 0.387653 0.432682 0.021252 0.016345
0 0.475452 0.807718 0.019176 0.015995
0 0.275282 0.453974 0.016839 0.014044
0 0.110259 0.645192 0.017278 0.011719
0 0.073783 0.699257 0.013772 0.010200
0 0.248070 0.703750 0.017712 0.012753
0 0.244916 0.571505 0.013540 0.011669
0 0.174101 0.433311 0.016479 0.013270
0 0.384855 0.862713 0.017271 0.012750
0 0.375714 0.339034 0.012914 0.011158
0 0.326895 0.593334 0.012860 0.009929
0 0.532966 0.452892 0.014763 0.011877
0 0.695566 0.605196 0.015090 0.011357
0 0.372358 0.579985 0.016691 0.012206
0 0.073395 0.522853 0.014872 0.012093
0 0.367732 0.907505 0.028286 0.017713
0 0.355070 0.309881 0.016762 0.013204
0 0.554299 0.571478 0.019396 0.014532
0 0.089594 0.406842 0.017196 0.013825
0 0.757001 0.488284 0.018019 0.013679
0 0.699943 0.716996 0.016687 0.012335
0 0.324308 0.824415 0.013810 0.011256
0 0.433654 0.839332 0.014089 0.009964
0 0.483732 0.749457 0.016149 0.011824
0 0.472587 0.402047 0.017476 0.015020
0 0.322959 0.509481 0.019194 0.018146
0 0.500065 0.535788 0.013403 0.010996
0 0.623482 0.800855 0.020490 0.015170
0 0.185388 0.735057 0.011049 0.009608
0 0.381697 0.840966 0.019271 0.012057
0 0.242850 0.530602 0.020020 0.016935
0 0.521656 0.669650 0.018982 0.013359
0 0.627393 0.417196 0.013565 0.010964
0 0.477198 0.542075 0.016948 0.014111
0 0.681438 0.567758 0.015760 0.011858
0 0.142828 0.406147 0.016849 0.011938
0 0.391184 0.803797 0.012953 0.010456
0 0.322483 0.722947 0.019621 0.015012
0 0.281070 0.471253 0.013903 0.010524
0 0.710230 0.477467 0.016717 0.012584
0 0.291539 0.316218 0.014477 0.011869
0 0.290439 0.711789 0.016518 0.010536
0 0.510539 0.506921 0.019479 0.016739
0 0.448169 0.527850 0.017499 0.014287
0 0.422726 0.308929 0.024354 0.016198
0 0.568594 0.622907 0.014890 0.010049
0 0.061326 0.716928 0.014739 0.011320
0 0.116491 0.438996 0.016603 0.014832
0 0.034664 0.457410 0.015602 0.013340
0 0.603376 0.774191 0.018630 0.013959
0 0.422250 0.694701 0.016174 0.012464
0 0.756454 0.554268 0.017726 0.013278
0 0.584640 0.347010 0.016391 0.014191
0 0.423328 0.797191 0.019603 0.013501
0 0.585691 0.671861 0.012769 0.010552
0 0.414645 0.335622 0.013554 0.011541
0 0.659083 0.445781 0.013473 0.010762
0 0.393840 0.640959 0.019481 0.015055
0 0.352724 0.433901 0.012816 0.009377
0 0.340480 0.402299 0.019196 0.016953
0 0.178056 0.849674 0.019486 0.012452
0 0.311014 0.341301 0.012505 0.010249
0 0.325469 0.871318 0.020048 0.015666
0 0.252321 0.388552 0.025360 0.016094
0 0.443670 0.388115 0.017826 0.015777
0 0.341531 0.857290 0.021414 0.016981
0 0.488911 0.421790 0.016763 0.012353
0 0.207757 0.620250 0.011392 0.008853
0 0.313065 0.690301 0.014613 0.013626
0 0.434453 0.864729 0.018595 0.012232
0 0.444638 0.374811 0.019380 0.022418
0 0.200159 0.683910 0.014039 0.011854
0 0.638867 0.469117 0.014400 0.011161
0 0.257394 0.685583 0.012377 0.009777
0 0.125848 0.837635 0.014645 0.011330
0 0.272123 0.539419 0.017796 0.013895
0 0.190521 0.509218 0.016690 0.012724
0 0.429374 0.734088 0.011633 0.009136
0 0.636538 0.496352 0.014117 0.010452
0 0.739243 0.537029 0.018190 0.013757
0 0.116045 0.589510 0.013815 0.009998
0 0.340212 0.835480 0.013475 0.010826
0 0.529380 0.641446 0.021746 0.015195
0 0.727049 0.495598 0.014868 0.010754
1 0.025935 0.523341 0.043654 0.029568
0 0.170166 0.821499 0.011856 0.010605
0 0.374100 0.657912 0.019046 0.012121
0 0.366897 0.374987 0.012867 0.009273
0 0.224625 0.726288 0.010560 0.009020
0 0.315971 0.694166 0.017417 0.016794
0 0.503773 0.383008 0.025752 0.021656
0 0.455089 0.312039 0.018986 0.015442
0 0.456492 0.573237 0.017619 0.014200
0 0.174625 0.774389 0.010324 0.008510
0 0.572958 0.783565 0.012945 0.009898
0 0.211737 0.869398 0.018947 0.014799
0 0.535556 0.366392 0.019531 0.015549
0 0.097257 0.785560 0.016700 0.011382
0 0.320827 0.697655 0.016395 0.013179
0 0.125107 0.630674 0.013880 0.010533
0 0.340519 0.411736 0.018712 0.018649
0 0.530414 0.327236 0.015755 0.013514
0 0.097740 0.390447 0.017049 0.014626
0 0.074349 0.782901 0.014126 0.013595
0 0.551863 0.691320 0.023419 0.016466
0 0.472809 0.440738 0.013489 0.009697
0 0.478098 0.361864 0.016758 0.013854
0 0.234785 0.783407 0.012151 0.009841
0 0.167769 0.653339 0.010617 0.008266
0 0.654515 0.541351 0.015690 0.011638
1 0.603963 0.567358 0.037969 0.037800
0 0.325222 0.377797 0.019461 0.011384
0 0.460457 0.728985 0.010269 0.008261
0 0.178520 0.526857 0.020510 0.013683
0 0.437464 0.488206 0.015423 0.013357
0 0.521319 0.635722 0.018672 0.013031
0 0.013475 0.654782 0.022642 0.018972
0 0.482416 0.604309 0.013565 0.011759