0 0.244679 0.860704 0.018663 0.013354
0 0.129218 0.547868 0.016658 0.011855
0 0.193974 0.761298 0.014521 0.010806
0 0.084851 0.469871 0.014913 0.011274
0 0.200581 0.785148 0.014660 0.010611
0 0.160701 0.771694 0.017027 0.012675
0 0.332621 0.543574 0.013386 0.009925
0 0.419693 0.412792 0.015768 0.011541
0 0.148540 0.422522 0.017344 0.013942
0 0.448234 0.822433 0.014747 0.011264
0 0.446072 0.430282 0.015484 0.010955
0 0.220105 0.410035 0.015315 0.011336
0 0.236723 0.586323 0.014911 0.011715
0 0.322349 0.786864 0.012340 0.009477
0 0.110314 0.749617 0.019794 0.013318
0 0.323812 0.424944 0.021972 0.015682
0 0.321842 0.718746 0.015289 0.012278
0 0.186165 0.625586 0.012982 0.010055
0 0.562172 0.755166 0.014657 0.010840
0 0.578241 0.397607 0.015887 0.012396
0 0.202595 0.826939 0.016568 0.012558
0 0.541714 0.448419 0.017649 0.014067
0 0.213624 0.445523 0.014307 0.010765
0 0.535320 0.810261 0.013983 0.011084
0 0.044980 0.716865 0.020026 0.015297
0 0.573365 0.528461 0.013085 0.010432
0 0.479846 0.429581 0.016686 0.011917
0 0.111150 0.453451 0.015902 0.013210
0 0.284662 0.467725 0.017544 0.013632
0 0.293814 0.766799 0.015790 0.013021
0 0.432833 0.361057 0.016528 0.013213
0 0.161476 0.474328 0.017463 0.015533
0 0.139860 0.391377 0.015949 0.012740
0 0.577116 0.585467 0.012148 0.008954
0 0.349642 0.330844 0.012012 0.009943
0 0.113534 0.805450 0.015604 0.011253
0 0.237732 0.837174 0.017002 0.012245
0 0.422846 0.661769 0.016322 0.012315
0 0.442848 0.382808 0.015750 0.014359
0 0.370112 0.757701 0.014666 0.011549
0 0.368742 0.391170 0.022181 0.016671
0 0.312946 0.362988 0.018332 0.013800
0 0.172494 0.827786 0.016358 0.011485
0 0.534569 0.837196 0.017771 0.012622
0 0.201339 0.526382 0.014258 0.010749
0 0.585005 0.812262 0.014924 0.010726
0 0.399158 0.600660 0.017140 0.012785
0 0.442119 0.591142 0.015288 0.011813
0 0.530873 0.474631 0.013829 0.010398
0 0.461915 0.689894 0.013268 0.011432
0 0.292676 0.850025 0.014796 0.012580
0 0.227461 0.562663 0.013674 0.009530
0 0.436811 0.556540 0.019005 0.012267
0 0.163665 0.571424 0.012984 0.009166
0 0.588640 0.628544 0.013839 0.011364
1 0.292626 0.571943 0.046674 0.038778
0 0.559065 0.562764 0.014347 0.011471
0 0.401357 0.341959 0.011273 0.009949
0 0.480970 0.856420 0.017796 0.015177
0 0.190287 0.599400 0.014110 0.009856
0 0.519829 0.566180 0.016284 0.013006
0 0.254912 0.383126 0.015900 0.011484
1 0.281027 0.673525 0.051521 0.035747
0 0.502626 0.791443 0.014035 0.011345
0 0.373280 0.344763 0.012851 0.010323
0 0.340810 0.464857 0.014272 0.010889
0 0.524617 0.393203 0.021289 0.018952
0 0.374683 0.874245 0.022940 0.016945
0 0.617344 0.641621 0.013001 0.010026
0 0.051071 0.450197 0.020008 0.014432
0 0.461992 0.757269 0.011700 0.009281
0 0.391685 0.485976 0.014584 0.011755
0 0.088112 0.390355 0.016212 0.012206
0 0.630086 0.558551 0.014332 0.009482
0 0.486749 0.341002 0.013393 0.010789
0 0.344742 0.809676 0.014025 0.010008
0 0.610081 0.696130 0.013141 0.009781
0 0.422919 0.823305 0.014364 0.011380
0 0.445636 0.709364 0.012763 0.009882
0 0.156637 0.589747 0.012446 0.009558
0 0.270127 0.752255 0.012906 0.009518
0 0.257785 0.604535 0.012375 0.009245
0 0.355997 0.693026 0.011129 0.008828
0 0.333884 0.347639 0.011055 0.009636
0 0.519319 0.344601 0.018462 0.014665
0 0.524591 0.669499 0.011412 0.008774
0 0.217595 0.718567 0.011828 0.009373
0 0.265280 0.329565 0.015734 0.012671
0 0.349722 0.714531 0.011833 0.009602
0 0.158811 0.518058 0.019344 0.013563
0 0.218667 0.496017 0.015891 0.010811
0 0.351864 0.530964 0.012448 0.009827
0 0.242621 0.465432 0.019077 0.011977
0 0.274841 0.414627 0.018868 0.016143
0 0.469760 0.380104 0.015029 0.011663
0 0.066168 0.404448 0.014074 0.011383
0 0.574357 0.434127 0.019235 0.014836
0 0.274729 0.731153 0.019246 0.015086
0 0.180293 0.372504 0.013287 0.009933
0 0.222327 0.517682 0.018531 0.013951
0 0.526544 0.499721 0.018579 0.012655
0 0.657616 0.715328 0.012211 0.009647
0 0.115015 0.389943 0.014654 0.012078
0 0.573598 0.472445 0.018151 0.013879
0 0.540089 0.753945 0.014284 0.011251
0 0.279809 0.389958 0.014316 0.011183
0 0.675241 0.601153 0.011781 0.009556
0 0.414185 0.698380 0.021305 0.014558
0 0.483072 0.463877 0.019553 0.015115
0 0.500050 0.555919 0.012933 0.009621
0 0.223791 0.331046 0.013286 0.011408
0 0.373981 0.708123 0.012316 0.009381
0 0.392399 0.310991 0.011865 0.008327
0 0.593674 0.783250 0.012990 0.009536
0 0.415384 0.388878 0.014790 0.011550
0 0.226630 0.538463 0.012933 0.010270
0 0.501127 0.444818 0.013762 0.011296
0 0.017528 0.693470 0.014072 0.010513
0 0.051097 0.658155 0.013533 0.011389
0 0.494022 0.483807 0.014317 0.012834
0 0.005730 0.469833 0.011460 0.011267
0 0.298941 0.815570 0.014476 0.012921
0 0.461343 0.567919 0.011657 0.010522
0 0.020047 0.483648 0.014083 0.010909
0 0.165141 0.439800 0.015639 0.011172
0 0.514106 0.619638 0.016883 0.013824
0 0.406270 0.375758 0.015255 0.013671
0 0.507079 0.368702 0.013092 0.011471
0 0.640915 0.401320 0.015306 0.012402
0 0.347290 0.754105 0.011231 0.009033
0 0.491856 0.541184 0.012474 0.010079
0 0.222333 0.387499 0.019981 0.011763
0 0.099035 0.433161 0.016979 0.015996
0 0.446443 0.346867 0.014129 0.009228
0 0.499656 0.741749 0.015750 0.009743
0 0.387958 0.641264 0.015148 0.011805
0 0.366017 0.731725 0.014650 0.013157
0 0.662941 0.740148 0.013684 0.011014
0 0.188395 0.490902 0.016051 0.011839
0 0.028335 0.505897 0.016914 0.011571
0 0.679502 0.554516 0.012457 0.008759
0 0.587216 0.454799 0.013607 0.009385
0 0.394940 0.650190 0.017888 0.015226
0 0.170345 0.719990 0.013428 0.010036
0 0.451906 0.802184 0.013710 0.010917
0 0.305653 0.709004 0.012626 0.011321
0 0.341574 0.399313 0.013802 0.011247
0 0.614432 0.606098 0.012471 0.010472
0 0.406611 0.852984 0.016315 0.019792
0 0.596426 0.526876 0.015733 0.013218
0 0.324732 0.576830 0.012439 0.010718
1 0.069832 0.587348 0.044788 0.038701
1 0.011150 0.564768 0.022300 0.031144
0 0.581173 0.605028 0.010742 0.008844
0 0.500661 0.393740 0.017173 0.012351
0 0.300271 0.829270 0.012432 0.011120
0 0.355553 0.650835 0.011372 0.008919
0 0.213473 0.701681 0.014465 0.011409
0 0.155490 0.809825 0.014147 0.010981
0 0.093671 0.796293 0.014659 0.010892
0 0.424333 0.838808 0.014580 0.013883
0 0.432873 0.853005 0.014516 0.010249
0 0.611511 0.402728 0.016047 0.011961
0 0.256151 0.626481 0.015312 0.015809
0 0.245519 0.554092 0.013597 0.009724
0 0.632555 0.622319 0.011483 0.009203
0 0.680296 0.572874 0.019264 0.011564
0 0.121971 0.655843 0.016447 0.013160
0 0.404993 0.859641 0.016834 0.014483
0 0.520440 0.732813 0.016227 0.009891
0 0.189355 0.808426 0.020503 0.014519
1 0.124635 0.597980 0.046403 0.037681
0 0.298963 0.334111 0.012113 0.012659
0 0.230136 0.606577 0.015596 0.010181
0 0.144738 0.680876 0.009783 0.008695
0 0.307747 0.397481 0.011967 0.013122
0 0.474224 0.662135 0.017087 0.017281
0 0.361403 0.811026 0.015444 0.010610
0 0.621842 0.771115 0.013665 0.010349
0 0.376993 0.567642 0.010325 0.009310
0 0.436320 0.784430 0.011809 0.009340
0 0.423559 0.588242 0.014282 0.009844
0 0.408261 0.672576 0.011638 0.009084
0 0.418348 0.507080 0.011545 0.012177
0 0.162741 0.549457 0.016922 0.015878
0 0.205861 0.477943 0.018269 0.013458
0 0.449620 0.328942 0.010936 0.009956
0 0.612874 0.601306 0.011015 0.010875
0 0.699635 0.591463 0.010756 0.009265
1 0.661410 0.497118 0.045485 0.032958
0 0.105800 0.634003 0.019605 0.015152
0 0.299023 0.372483 0.013735 0.011658
0 0.211156 0.522215 0.021625 0.012956
0 0.380587 0.869448 0.026396 0.017406
0 0.597268 0.716873 0.015182 0.012283
0 0.386949 0.544778 0.010524 0.009373
0 0.457564 0.645852 0.010963 0.011908
0 0.216080 0.633923 0.016611 0.012330
0 0.369328 0.584078 0.014063 0.011778
0 0.068147 0.431508 0.014628 0.010785
0 0.706149 0.609776 0.011573 0.012362
0 0.265228 0.645445 0.016076 0.010879
0 0.623789 0.418939 0.020091 0.013177
1 0.569017 0.674169 0.038916 0.032206