0 0.559702 0.557085 0.020430 0.015226
0 0.557029 0.672192 0.024391 0.018378
0 0.688237 0.904137 0.024530 0.019077
0 0.640529 0.680374 0.028832 0.022534
0 0.441799 0.939547 0.028521 0.020991
0 0.650345 0.517279 0.027810 0.020628
0 0.644428 0.908002 0.030230 0.023020
0 0.464837 0.609059 0.025248 0.018904
0 0.475346 0.511222 0.022465 0.016023
0 0.404387 0.409671 0.019648 0.014816
0 0.448285 0.426955 0.016089 0.012755
0 0.641816 0.586532 0.015766 0.012448
0 0.366175 0.718449 0.025395 0.018623
0 0.641598 0.627217 0.016987 0.012861
0 0.509449 0.710316 0.018244 0.014175
0 0.477442 0.736850 0.023059 0.017016
0 0.283394 0.452125 0.018344 0.014947
0 0.467620 0.958817 0.026946 0.020571
0 0.324102 0.517787 0.018629 0.014602
0 0.631374 0.545323 0.017351 0.013916
0 0.566928 0.755973 0.019377 0.016274
0 0.544650 0.697070 0.020478 0.015198
0 0.698502 0.659410 0.027443 0.019395
0 0.339311 0.747929 0.027373 0.017301
0 0.166202 0.515856 0.015613 0.012373
0 0.449978 0.572040 0.019788 0.013660
0 0.504832 0.398162 0.013968 0.011329
0 0.342874 0.483251 0.016206 0.013771
0 0.659255 0.453518 0.017627 0.014001
0 0.730911 0.648274 0.018847 0.013167
0 0.290711 0.909550 0.033443 0.021405
0 0.727118 0.592033 0.015497 0.011771
0 0.672289 0.544312 0.017730 0.013192
0 0.193701 0.492029 0.016083 0.013145
0 0.360371 0.626463 0.016907 0.014289
0 0.505769 0.619355 0.018365 0.013140