0 0.786785 0.489154 0.016918 0.013738
0 0.799735 0.517457 0.019273 0.013785
0 0.336174 0.831643 0.017218 0.013584
0 0.796125 0.411747 0.018688 0.014095
0 0.715290 0.868920 0.014845 0.010374
0 0.855894 0.793673 0.011934 0.008411
0 0.623978 0.931106 0.021099 0.013939
0 0.846233 0.667900 0.012626 0.009391
0 0.636453 0.453817 0.022662 0.012751
0 0.347860 0.864632 0.013647 0.010448
0 0.721790 0.410567 0.012178 0.011031
0 0.358364 0.507212 0.014573 0.014090
0 0.798517 0.671250 0.012952 0.010452
0 0.562198 0.928625 0.024216 0.021162
0 0.648757 0.379357 0.015664 0.011913
0 0.432725 0.867405 0.015505 0.011360
0 0.637704 0.497691 0.014831 0.012620
0 0.362655 0.568257 0.013962 0.011970
0 0.603175 0.495967 0.015855 0.013101
0 0.803796 0.718296 0.011605 0.008215
0 0.592096 0.708378 0.015426 0.014260
0 0.492630 0.476553 0.016727 0.014914
0 0.404694 0.833854 0.012600 0.009295
0 0.777881 0.689806 0.012617 0.009457
0 0.533274 0.904021 0.018838 0.017129
0 0.409439 0.538856 0.015254 0.012594
0 0.557985 0.650922 0.016542 0.011727
0 0.740074 0.825934 0.013137 0.008167
0 0.652401 0.572583 0.015134 0.012668
0 0.749805 0.655363 0.013878 0.010084
0 0.674069 0.786882 0.014691 0.012097
0 0.859409 0.777343 0.009666 0.008004
0 0.845859 0.500679 0.016353 0.011101
0 0.879550 0.665644 0.016500 0.012078
0 0.514660 0.439039 0.015495 0.015092
0 0.406548 0.800775 0.015970 0.012042
0 0.538775 0.590272 0.014500 0.011853
0 0.671422 0.852146 0.013347 0.008432
0 0.370365 0.466965 0.012615 0.011227
0 0.621943 0.396787 0.010496 0.010426
0 0.455028 0.858134 0.013553 0.009169
0 0.611864 0.565266 0.016072 0.011321
0 0.805175 0.829775 0.016467 0.009664
0 0.829243 0.683467 0.013004 0.009039
0 0.690185 0.632588 0.018489 0.012438
0 0.779577 0.817833 0.013093 0.010767
0 0.611770 0.471855 0.016332 0.013133
0 0.814646 0.850207 0.016170 0.010975
0 0.846259 0.705031 0.014834 0.010909
0 0.797362 0.781991 0.011357 0.007819
0 0.755290 0.799180 0.011917 0.009137
0 0.482511 0.443954 0.011762 0.010282
0 0.577278 0.615978 0.013145 0.009604
0 0.311046 0.590815 0.012431 0.010421
0 0.495334 0.796994 0.013125 0.011822
0 0.802825 0.470513 0.011257 0.011171
0 0.590574 0.667136 0.014449 0.010559
0 0.537629 0.762541 0.012378 0.010269
0 0.545165 0.393862 0.010097 0.006994
0 0.770107 0.705333 0.013620 0.006593
0 0.314089 0.560346 0.013416 0.011117
0 0.553803 0.469674 0.011287 0.009683
0 0.472300 0.748365 0.013654 0.012013
0 0.657445 0.406134 0.024793 0.012678
0 0.288702 0.633430 0.013405 0.011486
0 0.523190 0.517936 0.017306 0.014314
0 0.406640 0.418137 0.023680 0.013479
0 0.471124 0.543811 0.012619 0.012348
0 0.745217 0.672654 0.010667 0.008183
0 0.636002 0.533168 0.013600 0.010837
0 0.324893 0.505680 0.012432 0.010216
0 0.271840 0.606889 0.012757 0.009876
0 0.351743 0.765636 0.011873 0.011765
0 0.452193 0.396288 0.010728 0.010250
0 0.258772 0.483258 0.017928 0.014049
0 0.515796 0.784671 0.016079 0.011815
0 0.568868 0.589398 0.014430 0.013599
0 0.806022 0.442469 0.018293 0.015040
0 0.406892 0.677372 0.017422 0.012708
0 0.895005 0.683449 0.013404 0.010972
0 0.387286 0.433188 0.011288 0.007640
0 0.336526 0.580757 0.015612 0.010619
0 0.314762 0.616563 0.014464 0.011584
0 0.611039 0.364181 0.016714 0.011911
0 0.884317 0.638153 0.015810 0.012775
0 0.628087 0.791246 0.012544 0.010450
0 0.329745 0.632386 0.015608 0.009834
0 0.837024 0.727840 0.010478 0.007078
0 0.814471 0.808219 0.011789 0.008102
0 0.435031 0.660716 0.017394 0.013094
0 0.377673 0.600715 0.013699 0.010725
0 0.422414 0.489498 0.011416 0.010997
0 0.608715 0.438047 0.018411 0.014787
0 0.227021 0.621262 0.013475 0.009538
0 0.885389 0.759545 0.011901 0.008214
0 0.762527 0.430371 0.014729 0.011709
0 0.895911 0.778724 0.011634 0.007866
0 0.613972 0.819534 0.013403 0.009787
0 0.450796 0.826309 0.011649 0.009661
0 0.838243 0.474044 0.010714 0.011271
0 0.864811 0.464688 0.017213 0.015894
0 0.603705 0.411239 0.012728 0.008158
0 0.529661 0.744034 0.014122 0.010051
0 0.839032 0.759506 0.008337 0.006406
0 0.759863 0.782156 0.012056 0.009521
0 0.728738 0.846267 0.011743 0.007473
0 0.662034 0.715032 0.018526 0.013047
0 0.550431 0.433852 0.017814 0.013265
0 0.613888 0.544505 0.014617 0.011381
0 0.582584 0.771735 0.013278 0.010854
0 0.452572 0.451840 0.012310 0.012268
0 0.720998 0.440835 0.011068 0.009266
0 0.388150 0.862500 0.013990 0.009055
0 0.750766 0.408582 0.014849 0.012500
0 0.349995 0.790634 0.010661 0.009637
0 0.505514 0.756703 0.012592 0.010379
0 0.658952 0.897034 0.014980 0.012704
0 0.686101 0.812684 0.013413 0.010647
0 0.479028 0.771082 0.014602 0.012010
0 0.249065 0.505036 0.016828 0.011816
0 0.288203 0.702762 0.010014 0.009571
0 0.508876 0.397028 0.011305 0.011291
0 0.693013 0.882634 0.015008 0.008601
0 0.429706 0.780534 0.014010 0.012849
0 0.557313 0.795373 0.011285 0.009678
0 0.597515 0.743377 0.016252 0.010917
0 0.858504 0.500294 0.021501 0.014313
0 0.207535 0.564857 0.016794 0.012225
0 0.394095 0.875649 0.015377 0.011163
0 0.396004 0.659428 0.015988 0.013591
0 0.781253 0.633834 0.012274 0.008514
0 0.252976 0.522364 0.013494 0.012778
0 0.618082 0.708579 0.013873 0.012584
0 0.336067 0.484531 0.014718 0.008513
0 0.647188 0.592564 0.015600 0.014183
0 0.403515 0.617206 0.014845 0.010853
0 0.195246 0.608454 0.014010 0.010370
0 0.610408 0.512805 0.018863 0.013238
0 0.423729 0.832559 0.012062 0.009650
0 0.836679 0.823610 0.016923 0.007703
0 0.613549 0.432478 0.015478 0.012905
0 0.253930 0.690567 0.009935 0.008039
0 0.638557 0.664477 0.015977 0.008989
0 0.408147 0.466227 0.016741 0.013052
0 0.636032 0.626298 0.017809 0.010724
0 0.558153 0.552034 0.014548 0.013676
0 0.751853 0.848052 0.013766 0.011346
0 0.629326 0.556746 0.013208 0.011151
0 0.719511 0.871332 0.012922 0.011056
0 0.859717 0.748469 0.009276 0.008141
0 0.409388 0.575670 0.012826 0.012360
0 0.644066 0.616337 0.013393 0.013277
0 0.634108 0.896185 0.018240 0.016148
0 0.672088 0.877569 0.013919 0.008104
0 0.369923 0.882937 0.013247 0.006738
0 0.642198 0.522198 0.019364 0.009424
0 0.186889 0.633877 0.014043 0.010106
0 0.286903 0.530583 0.014533 0.011415
0 0.871633 0.644514 0.012747 0.010977
0 0.211992 0.557210 0.014367 0.010515
0 0.407322 0.613365 0.016248 0.013764
0 0.737644 0.860007 0.012434 0.009604
0 0.622000 0.752391 0.017067 0.011649
0 0.414068 0.859215 0.017649 0.009469
0 0.664366 0.810384 0.014162 0.010955
0 0.778220 0.743530 0.019249 0.016829
0 0.677452 0.668318 0.013108 0.012849
0 0.869033 0.482772 0.013983 0.013131
0 0.655831 0.646557 0.017830 0.011840
0 0.646895 0.519747 0.016983 0.008900
0 0.334412 0.522214 0.013952 0.009448
0 0.610776 0.649487 0.015483 0.011639
0 0.821285 0.497763 0.012872 0.009462
0 0.780689 0.856834 0.014827 0.010256
0 0.884387 0.707495 0.013603 0.008109
0 0.404583 0.504900 0.015599 0.011553
0 0.442238 0.842210 0.011526 0.007992
0 0.348197 0.644494 0.015583 0.011036
0 0.465407 0.657790 0.015040 0.011797
0 0.522009 0.511381 0.017811 0.017401
0 0.514358 0.845495 0.014776 0.014469
0 0.440947 0.889923 0.015046 0.009747
0 0.669651 0.524871 0.012248 0.010417