0 0.369959 0.325482 0.015781 0.018087
0 0.345289 0.712896 0.019230 0.019194
0 0.716233 0.367398 0.019187 0.017151
0 0.352483 0.519663 0.022727 0.019533
0 0.478344 0.412497 0.018657 0.017999
1 0.914706 0.510598 0.045345 0.044473
0 0.265446 0.556591 0.018663 0.019567
0 0.204516 0.484911 0.018463 0.018657
0 0.835343 0.421037 0.014006 0.015511
0 0.134450 0.662491 0.018780 0.019148
0 0.245165 0.393075 0.019050 0.024017
0 0.792235 0.491836 0.014307 0.013821
0 0.519001 0.425192 0.015919 0.015489
0 0.330531 0.324604 0.014886 0.015225
0 0.834722 0.587232 0.013703 0.014847
0 0.352731 0.388887 0.025260 0.027243
0 0.925061 0.682247 0.014573 0.013986
0 0.738010 0.496050 0.017817 0.016566
0 0.718108 0.723433 0.014493 0.014194
0 0.425917 0.273554 0.017754 0.018579
0 0.674300 0.758660 0.014000 0.015567
0 0.707981 0.547870 0.016025 0.016178
0 0.657118 0.630815 0.018408 0.017436
0 0.382800 0.659472 0.021686 0.019086
0 0.259907 0.509395 0.018605 0.018624
0 0.708131 0.494066 0.019234 0.020126
0 0.402073 0.609221 0.016828 0.017256
0 0.866639 0.482508 0.013353 0.013968
0 0.646902 0.429407 0.017384 0.018497
0 0.942699 0.776300 0.012145 0.012169
0 0.025308 0.709710 0.017360 0.019154
0 0.514056 0.520595 0.017836 0.016128
0 0.902520 0.839444 0.015351 0.013835
0 0.860168 0.377939 0.021734 0.026212
0 0.751735 0.834713 0.012345 0.014190
0 0.745908 0.571948 0.015788 0.015923
0 0.209989 0.624129 0.020617 0.021763
0 0.679195 0.559888 0.015592 0.015992
0 0.669346 0.465446 0.013432 0.015097
0 0.459878 0.549084 0.016557 0.016828
0 0.498554 0.493280 0.025730 0.023184
0 0.421447 0.335151 0.016121 0.016955
0 0.472828 0.321727 0.014974 0.015132
0 0.911615 0.949164 0.013311 0.014949
0 0.789577 0.334890 0.014979 0.016824
0 0.406107 0.574588 0.015884 0.017187
1 0.903061 0.779532 0.032000 0.038608
0 0.635770 0.774473 0.015900 0.016712
0 0.245134 0.847745 0.013806 0.015850
0 0.219696 0.311369 0.020950 0.018890
0 0.288451 0.290620 0.030556 0.031537
0 0.633705 0.275994 0.012821 0.015898
0 0.556332 0.263976 0.011296 0.012951
0 0.612707 0.407904 0.016337 0.015683
0 0.519770 0.269977 0.013235 0.014677
0 0.416195 0.728669 0.017383 0.018370
0 0.498734 0.959658 0.017028 0.016082
0 0.319021 0.833044 0.014855 0.015583
0 0.976041 0.592168 0.015316 0.016114
0 0.519845 0.359698 0.018008 0.016300
0 0.823952 0.495628 0.014264 0.014998
0 0.896216 0.688368 0.014781 0.015409
0 0.907110 0.965327 0.013117 0.015340
0 0.469212 0.436671 0.016679 0.015891
0 0.069178 0.634876 0.015946 0.016788
0 0.395684 0.386558 0.015340 0.016865
0 0.887239 0.596462 0.016968 0.018470
0 0.801121 0.582052 0.016317 0.016028
0 0.929258 0.581342 0.014893 0.014661
0 0.617333 0.686818 0.015925 0.015671
0 0.735716 0.741370 0.014073 0.016190
0 0.355574 0.357775 0.014000 0.013385
1 0.651238 0.909752 0.034261 0.036040
0 0.402611 0.691872 0.028256 0.029765
0 0.811211 0.746225 0.012050 0.013794
0 0.702415 0.434198 0.019751 0.019070
0 0.457350 0.685728 0.017383 0.021526