0 0.484926 0.458711 0.030768 0.030138
0 0.362610 0.640754 0.029700 0.027072
0 0.487790 0.264022 0.027706 0.027073
0 0.763469 0.441518 0.021654 0.020496
0 0.407757 0.159835 0.031957 0.029312
0 0.620956 0.364255 0.021162 0.019585
0 0.475910 0.078201 0.026447 0.024526
0 0.680947 0.449532 0.023519 0.021631
0 0.274946 0.219731 0.029306 0.031520
0 0.683744 0.419467 0.021761 0.020358
0 0.196320 0.247593 0.033592 0.031842
0 0.366105 0.724379 0.028940 0.026769
0 0.558834 0.458671 0.023631 0.022652
0 0.289841 0.541743 0.027260 0.024930
0 0.106367 0.486183 0.030807 0.032886
0 0.387984 0.115042 0.037442 0.040693
0 0.376529 0.432851 0.032037 0.036604
0 0.787120 0.406350 0.021317 0.022147
0 0.154950 0.304929 0.026546 0.024180
0 0.398045 0.197253 0.044340 0.037589
0 0.489678 0.029218 0.034088 0.036192
0 0.913316 0.308434 0.021174 0.018786
0 0.132201 0.332751 0.027023 0.024401
0 0.279553 0.650178 0.028411 0.028783
0 0.125662 0.638809 0.021881 0.020344
0 0.586016 0.425698 0.025777 0.026756
0 0.604075 0.784381 0.025091 0.024866
0 0.299292 0.446952 0.031381 0.028693
0 0.697471 0.025709 0.028370 0.024999
0 0.456166 0.289621 0.036585 0.031425
0 0.442478 0.715608 0.024504 0.023618
0 0.458965 0.500470 0.032085 0.037734
0 0.449478 0.237851 0.029140 0.031671
0 0.560654 0.381286 0.023152 0.021659
0 0.337485 0.379851 0.026089 0.025193
0 0.284196 0.377743 0.022347 0.022195
0 0.823259 0.499499 0.023806 0.020618
0 0.757732 0.486451 0.023033 0.021468
0 0.282464 0.133729 0.040906 0.045866
0 0.219110 0.716034 0.029200 0.032645
0 0.708989 0.305498 0.026360 0.024389
0 0.741300 0.273543 0.030400 0.033130
0 0.911435 0.195664 0.017258 0.017117
0 0.504802 0.325794 0.031765 0.028791
0 0.430262 0.585501 0.020951 0.020658
1 0.793395 0.662565 0.079870 0.080302
0 0.336960 0.464796 0.022336 0.023020
0 0.570144 0.046019 0.023162 0.021843
0 0.065303 0.613471 0.022143 0.024430
0 0.699363 0.367858 0.021494 0.020726
0 0.625299 0.823830 0.021366 0.020260
0 0.765415 0.185863 0.034040 0.029668
0 0.024257 0.833117 0.018567 0.018010
0 0.225561 0.023169 0.049710 0.036321
0 0.331041 0.203021 0.028491 0.030988
0 0.049248 0.897190 0.032105 0.027965
1 0.069755 0.169657 0.063900 0.049459