0 0.672818 0.515884 0.012042 0.015186
0 0.505196 0.462214 0.012076 0.017113
0 0.523981 0.492903 0.010290 0.013750
0 0.563603 0.561715 0.012595 0.017551
0 0.334238 0.569551 0.012631 0.017148
0 0.431299 0.660117 0.011636 0.016102
0 0.444005 0.272650 0.010676 0.017243
0 0.231766 0.627300 0.014647 0.017718
0 0.447387 0.491179 0.009814 0.013633
0 0.310157 0.447103 0.013986 0.017219
0 0.499551 0.511520 0.009729 0.013872
0 0.555242 0.404232 0.012826 0.020146
0 0.544468 0.512842 0.012123 0.016202
0 0.530463 0.600757 0.010518 0.015972
0 0.422233 0.502601 0.011666 0.016322
0 0.642175 0.482903 0.012357 0.016759
0 0.449322 0.733825 0.009369 0.013100
0 0.569183 0.345654 0.014836 0.020848
0 0.486765 0.327560 0.012418 0.017545
0 0.485491 0.905119 0.014285 0.019178
0 0.502225 0.792729 0.008914 0.012526
1 0.406744 0.282164 0.033312 0.048545
0 0.349094 0.433547 0.009950 0.014436
0 0.328691 0.519536 0.013955 0.017286
0 0.265854 0.685526 0.013898 0.019406
0 0.486909 0.593821 0.009867 0.014412
0 0.468106 0.656228 0.010463 0.014810
0 0.276376 0.812793 0.015056 0.017543
0 0.617294 0.776287 0.010107 0.014233
0 0.520670 0.378299 0.010399 0.015299
0 0.351248 0.539576 0.013824 0.018902
0 0.313344 0.823928 0.013370 0.017401
0 0.386026 0.845619 0.013115 0.018434
0 0.485713 0.687331 0.012057 0.016027
0 0.294754 0.848274 0.012919 0.017208
0 0.505024 0.309898 0.010873 0.015875
0 0.492502 0.822145 0.012031 0.014752
0 0.484910 0.447594 0.011957 0.016232
0 0.329899 0.906569 0.011755 0.015909
0 0.685562 0.539040 0.011392 0.015033
0 0.595244 0.750895 0.011088 0.016903
0 0.580178 0.768662 0.009102 0.012936
1 0.743850 0.579545 0.036160 0.048969
0 0.291897 0.398779 0.014483 0.021391
0 0.413124 0.691525 0.011777 0.015526
0 0.414604 0.782436 0.010212 0.012888
0 0.519777 0.327338 0.010257 0.015594
0 0.254603 0.406184 0.015866 0.021128
0 0.428609 0.610981 0.009905 0.011698
0 0.218336 0.465270 0.016660 0.021157
1 0.533952 0.878843 0.040610 0.056697
0 0.497089 0.549765 0.011469 0.015782
0 0.717896 0.404551 0.015451 0.021081
0 0.414780 0.478965 0.010968 0.014249
0 0.593578 0.593738 0.009480 0.013334
0 0.536945 0.571115 0.009693 0.013143
0 0.523314 0.435339 0.010395 0.014145
0 0.519912 0.647148 0.009478 0.012172
0 0.611426 0.356222 0.012998 0.018489
0 0.442382 0.820637 0.010264 0.014601
0 0.561364 0.636283 0.011928 0.014693
0 0.440418 0.845596 0.011527 0.014806
0 0.482959 0.779726 0.009761 0.013442
0 0.400449 0.888168 0.014509 0.019538
0 0.318100 0.284608 0.009869 0.015355
0 0.342675 0.851105 0.013744 0.021372
0 0.478497 0.511260 0.012192 0.018715
0 0.716486 0.699690 0.011970 0.016340
0 0.499334 0.660277 0.011465 0.017637
0 0.448444 0.646501 0.010656 0.015723
1 0.396728 0.588879 0.035066 0.049447
0 0.227828 0.431552 0.011538 0.016450
0 0.386965 0.426208 0.011729 0.021861
0 0.399384 0.354717 0.010015 0.014440
0 0.398363 0.519909 0.013772 0.018529
0 0.617258 0.391552 0.012590 0.017539
0 0.567192 0.829456 0.012457 0.016731
0 0.500086 0.733016 0.011617 0.014801
0 0.479336 0.797573 0.010149 0.013988
0 0.615207 0.826735 0.011611 0.019495
0 0.646642 0.533744 0.011068 0.013741
0 0.669776 0.808543 0.010316 0.013762
1 0.447571 0.965339 0.046434 0.065425
0 0.287343 0.669556 0.013565 0.018850
0 0.486953 0.286693 0.012405 0.016331
0 0.324265 0.480282 0.009979 0.013695
0 0.418684 0.347907 0.010154 0.015405
0 0.679255 0.780988 0.010059 0.013055
0 0.480576 0.757196 0.010071 0.013139
0 0.532296 0.284535 0.015808 0.015751
0 0.438280 0.412187 0.009171 0.014309
0 0.316666 0.379824 0.012796 0.018086
0 0.655633 0.420452 0.011202 0.014750
0 0.377705 0.670411 0.012435 0.016982
0 0.568631 0.688056 0.014762 0.021199
0 0.458947 0.764826 0.011722 0.015521
0 0.462047 0.839728 0.010816 0.014053
0 0.593768 0.842835 0.011455 0.015966
0 0.478576 0.957457 0.013224 0.018265
0 0.361299 0.318567 0.010270 0.016936
0 0.698795 0.416923 0.011643 0.017179
0 0.426656 0.871901 0.012304 0.018024
0 0.603763 0.798719 0.012720 0.019299
0 0.229931 0.395937 0.011078 0.018610
0 0.391992 0.801115 0.009340 0.012333
0 0.667493 0.402929 0.010523 0.014333
0 0.373773 0.876101 0.013671 0.016531
0 0.420936 0.829634 0.009830 0.013438
0 0.350990 0.923085 0.012844 0.018020
0 0.549706 0.616259 0.009147 0.012451
0 0.292703 0.360166 0.010130 0.013953
0 0.472633 0.360352 0.011215 0.015130
0 0.541472 0.758729 0.009722 0.012790
0 0.403944 0.335503 0.010314 0.016346
0 0.568022 0.458436 0.010709 0.015637
0 0.319559 0.884583 0.010862 0.016019
0 0.448376 0.229385 0.009972 0.014291
0 0.376614 0.607859 0.010297 0.013348
0 0.364760 0.520945 0.012556 0.017856
0 0.236639 0.672070 0.013921 0.019634
0 0.423406 0.444734 0.009305 0.013499
0 0.400789 0.820203 0.009839 0.012091
0 0.420271 0.813607 0.009731 0.015213
0 0.399476 0.955871 0.012115 0.016087
0 0.694477 0.745907 0.012434 0.016720
0 0.269110 0.851559 0.012265 0.019216
0 0.673000 0.600054 0.012325 0.017352
0 0.554582 0.697730 0.009250 0.013434
0 0.466495 0.744586 0.010478 0.013832
0 0.377389 0.648545 0.012904 0.015918
0 0.716707 0.761631 0.011479 0.015708
0 0.361006 0.750492 0.010114 0.014531
0 0.702056 0.560636 0.009883 0.013121
0 0.695836 0.589795 0.015470 0.020202
0 0.410188 0.654751 0.011080 0.016835
0 0.626449 0.418600 0.010582 0.015365
0 0.674343 0.857739 0.010686 0.014314
0 0.374467 0.756083 0.008892 0.012807
0 0.276908 0.350763 0.012857 0.019090
0 0.342436 0.669603 0.013572 0.022635
0 0.541969 0.797638 0.009021 0.011342
0 0.579533 0.511019 0.009260 0.013595
0 0.607704 0.892526 0.012253 0.016261
0 0.231806 0.497732 0.014779 0.028581
0 0.292223 0.597604 0.009165 0.013615
0 0.363439 0.708238 0.011757 0.020296
0 0.458112 0.287592 0.008548 0.013138
0 0.474044 0.850386 0.009984 0.014923
0 0.614459 0.322255 0.009736 0.013333
0 0.628670 0.904264 0.011739 0.014170
0 0.512882 0.969884 0.012771 0.017516
0 0.381721 0.529683 0.011121 0.013833
0 0.724146 0.656292 0.009782 0.015031
0 0.672576 0.636516 0.011310 0.015480
0 0.698548 0.729554 0.010354 0.014612
0 0.651173 0.387427 0.012782 0.018563
0 0.561789 0.774960 0.010603 0.012958
0 0.602222 0.495156 0.010555 0.013925
0 0.364980 0.698672 0.011955 0.026245
0 0.562115 0.791069 0.008379 0.014124
0 0.413384 0.912380 0.013111 0.018036
0 0.677704 0.744909 0.010218 0.013585
0 0.337276 0.357447 0.010546 0.014812
1 0.355563 0.363884 0.025536 0.033050
0 0.395376 0.635121 0.009129 0.011888
0 0.471490 0.413852 0.009585 0.014031
0 0.588239 0.874520 0.013498 0.016354
0 0.591129 0.363446 0.011790 0.015018
0 0.677395 0.690473 0.009549 0.013706
0 0.301420 0.748950 0.012876 0.019976
0 0.376928 0.284685 0.008572 0.012796
0 0.336703 0.267793 0.010762 0.014893
0 0.467443 0.318873 0.013105 0.024617
0 0.614332 0.508632 0.008949 0.012816
0 0.365320 0.583205 0.010031 0.013591
0 0.407629 0.496179 0.009915 0.015044
0 0.694743 0.819874 0.011074 0.014538
0 0.343557 0.889203 0.009688 0.012911
0 0.650264 0.829020 0.013102 0.016547
0 0.415663 0.868706 0.013577 0.018611
0 0.250057 0.481792 0.010673 0.015820
0 0.520482 0.701564 0.013128 0.017792