0 0.594499 0.214523 0.014708 0.012712
0 0.510023 0.256142 0.018802 0.015733
0 0.477613 0.653023 0.015652 0.013435
0 0.662107 0.280863 0.021200 0.013981
0 0.601493 0.372659 0.018440 0.013668
0 0.397336 0.678318 0.015009 0.010646
0 0.572612 0.280947 0.016545 0.013172
0 0.336935 0.265947 0.016252 0.013564
0 0.546326 0.428119 0.017878 0.015510
0 0.485635 0.330604 0.017707 0.013199
0 0.532589 0.380358 0.017659 0.012264
0 0.789573 0.452016 0.016442 0.011744
0 0.709892 0.658311 0.013077 0.010950
0 0.330133 0.336424 0.014165 0.010352
0 0.331281 0.381346 0.019115 0.012613
0 0.628308 0.646720 0.019227 0.015191
0 0.474693 0.197432 0.012718 0.010878
0 0.423187 0.548998 0.015642 0.012746
0 0.108340 0.471929 0.012460 0.010085
0 0.165031 0.329717 0.018452 0.014041
0 0.611811 0.429660 0.018557 0.011994
0 0.281407 0.234251 0.013250 0.009596
0 0.580311 0.395774 0.018102 0.010951
0 0.176009 0.295406 0.012757 0.013345
0 0.390266 0.265199 0.017633 0.011274
0 0.429810 0.240954 0.013223 0.009377
0 0.356213 0.582789 0.012621 0.010560
0 0.302343 0.704521 0.016771 0.011392
0 0.221106 0.415971 0.014040 0.009961
0 0.519134 0.297527 0.018522 0.014329
0 0.278449 0.621108 0.016426 0.012296
0 0.245343 0.577680 0.014675 0.010056
0 0.366847 0.631656 0.017535 0.012715
0 0.712492 0.381442 0.015832 0.010399
0 0.447660 0.191705 0.010785 0.007731
0 0.740119 0.496952 0.013787 0.010760
0 0.546171 0.641890 0.013972 0.009080
0 0.505474 0.644428 0.016081 0.011239
0 0.489170 0.426022 0.022555 0.014493
0 0.420902 0.518403 0.016514 0.011896
0 0.213580 0.583630 0.014104 0.011472
0 0.597780 0.740833 0.017220 0.015256
0 0.338979 0.240098 0.020729 0.014529
0 0.558091 0.712624 0.023282 0.016619
0 0.771024 0.415416 0.014290 0.009653
0 0.656066 0.571131 0.014186 0.011120
0 0.374432 0.293924 0.013946 0.010640
0 0.326500 0.651215 0.014854 0.010440
0 0.231188 0.534712 0.011342 0.010706
0 0.755908 0.515954 0.017810 0.010426
0 0.466457 0.496943 0.019481 0.014947
0 0.664826 0.354642 0.020354 0.015902
0 0.662512 0.636321 0.015266 0.013174
0 0.507661 0.551902 0.015331 0.009410
0 0.255015 0.529135 0.011828 0.009675
0 0.729649 0.316798 0.014760 0.009959
0 0.504525 0.572262 0.015156 0.011137
0 0.604638 0.458010 0.012433 0.006762
0 0.275727 0.669553 0.016173 0.010264
0 0.454350 0.311816 0.014624 0.010259
0 0.133874 0.571169 0.010658 0.009249
0 0.601741 0.236343 0.012063 0.008888
0 0.690530 0.458377 0.017798 0.012134
0 0.367400 0.235703 0.015551 0.011046
0 0.492312 0.589130 0.015558 0.012016
0 0.345164 0.366148 0.014463 0.009619
0 0.455035 0.248793 0.010983 0.008528
0 0.590897 0.524339 0.016305 0.012100
0 0.644504 0.243049 0.016356 0.013327
0 0.522157 0.584231 0.016186 0.011400
0 0.281380 0.341050 0.013816 0.009330
0 0.141121 0.519195 0.015493 0.010615
0 0.528188 0.441817 0.024057 0.012250
0 0.254737 0.559688 0.012973 0.010308
0 0.587435 0.247022 0.012951 0.010394
0 0.462095 0.399551 0.015021 0.013817
0 0.726978 0.422886 0.013767 0.009890
0 0.237078 0.273266 0.021448 0.014024
0 0.239581 0.431472 0.014449 0.009351
0 0.193306 0.319607 0.015285 0.011634
0 0.630473 0.603099 0.017435 0.013960
0 0.129598 0.379564 0.014326 0.010577
0 0.132710 0.360631 0.015900 0.011375
0 0.429646 0.401991 0.014801 0.008901
0 0.406288 0.472845 0.012344 0.008651
0 0.426096 0.439679 0.012298 0.008347
0 0.159201 0.455992 0.015441 0.011012
0 0.647625 0.468706 0.019597 0.011498
0 0.685228 0.492383 0.012953 0.007366
0 0.578885 0.562790 0.017160 0.010840
0 0.411790 0.416482 0.016967 0.009494
0 0.468962 0.667320 0.011535 0.007169
0 0.621875 0.618045 0.011379 0.007358
0 0.235289 0.386620 0.014481 0.012125
0 0.194679 0.419261 0.012020 0.008254
0 0.449662 0.213497 0.010973 0.008022
0 0.299503 0.676737 0.014999 0.010965
0 0.620566 0.551128 0.012788 0.009968
0 0.464619 0.575569 0.014236 0.009866
0 0.360237 0.540566 0.014373 0.009744
0 0.396090 0.390666 0.011839 0.007893
0 0.403156 0.230254 0.013824 0.011550
0 0.437174 0.466930 0.010685 0.007027
0 0.646426 0.300019 0.017181 0.011634
0 0.644616 0.516811 0.014111 0.010524
0 0.774220 0.346607 0.010843 0.008131
0 0.694195 0.265888 0.013335 0.010851
0 0.541823 0.534848 0.012490 0.007490
0 0.087062 0.478331 0.012458 0.010052
0 0.738852 0.369484 0.011458 0.009655
0 0.179124 0.645550 0.012660 0.006948
0 0.235361 0.470820 0.011537 0.008500
0 0.106525 0.379006 0.013469 0.010084
0 0.414978 0.570252 0.016586 0.009785
0 0.161343 0.619572 0.012471 0.009364
0 0.092082 0.418752 0.010168 0.010003
0 0.315039 0.690469 0.013608 0.011373
0 0.577267 0.620353 0.012369 0.009497
0 0.412281 0.292641 0.013706 0.012703
0 0.521160 0.667442 0.015882 0.013937
0 0.300557 0.643303 0.013466 0.009990
0 0.102283 0.349002 0.015981 0.012515
0 0.346002 0.664192 0.016594 0.014818
0 0.326489 0.458876 0.012772 0.007024
0 0.675279 0.553112 0.014922 0.010210
0 0.155735 0.555891 0.010606 0.009037
0 0.187606 0.607187 0.013393 0.010583
0 0.479890 0.306818 0.014499 0.009510
0 0.641416 0.339881 0.017027 0.010138
0 0.297397 0.291354 0.012066 0.008939
0 0.497360 0.402302 0.016622 0.009467
0 0.499252 0.356761 0.010463 0.007883
0 0.211752 0.548247 0.011824 0.010974
0 0.397004 0.446097 0.011617 0.009511
0 0.730687 0.295798 0.022686 0.011585
0 0.183859 0.624434 0.013406 0.009972
0 0.420930 0.591623 0.012683 0.010157
0 0.209980 0.256060 0.014614 0.015140
0 0.474111 0.466646 0.014496 0.010584
0 0.299090 0.384585 0.014774 0.013416
0 0.420306 0.375103 0.010037 0.007672
0 0.446169 0.290488 0.011385 0.008757
0 0.671097 0.310270 0.015950 0.011057
0 0.730019 0.584950 0.011734 0.007000
0 0.229473 0.668070 0.012080 0.007510
0 0.262660 0.444733 0.017753 0.015072
0 0.525331 0.671527 0.016075 0.013773
0 0.447576 0.442767 0.011863 0.010901
0 0.656580 0.589936 0.015466 0.010459
0 0.540230 0.578624 0.015606 0.009536
0 0.782947 0.521591 0.012320 0.006733
0 0.301468 0.729051 0.016002 0.011485
0 0.299038 0.261274 0.019528 0.014699
0 0.377610 0.416706 0.013095 0.008099
0 0.199683 0.304194 0.016869 0.010348
0 0.161211 0.392011 0.009902 0.007478
0 0.801902 0.352255 0.013263 0.008533
0 0.399576 0.752381 0.017996 0.013266
0 0.788069 0.555356 0.009719 0.008965
0 0.820334 0.443445 0.013396 0.011689
0 0.345598 0.658732 0.016504 0.013724
0 0.258981 0.252157 0.015637 0.010437
0 0.150497 0.373750 0.011187 0.007944
0 0.472794 0.516384 0.018159 0.010810
0 0.651964 0.613593 0.012513 0.009739
0 0.305089 0.324350 0.010540 0.008934
0 0.401286 0.244074 0.010781 0.009659
0 0.388484 0.479483 0.011678 0.009611
0 0.649672 0.575801 0.020900 0.014224
0 0.764384 0.530896 0.011763 0.009695
0 0.098975 0.499401 0.010149 0.008438
0 0.824274 0.384022 0.012261 0.008439
0 0.312987 0.743453 0.013032 0.008792
0 0.563318 0.632342 0.014690 0.011179
0 0.063686 0.440055 0.008182 0.009693
0 0.202844 0.557226 0.010094 0.009640
0 0.694824 0.348044 0.017878 0.012224
0 0.297655 0.658765 0.013796 0.012346
0 0.697488 0.366085 0.015948 0.011788
0 0.410238 0.288893 0.018908 0.011855
0 0.299888 0.399365 0.013650 0.013079
0 0.783855 0.553542 0.009881 0.008899
0 0.397563 0.476934 0.019563 0.010322
0 0.671387 0.615811 0.010630 0.006927
0 0.138978 0.603820 0.013611 0.008686
0 0.302504 0.265033 0.018072 0.013473
0 0.457634 0.427130 0.012730 0.008874
0 0.539498 0.506707 0.010100 0.007235
0 0.487159 0.677535 0.014768 0.008502
0 0.621684 0.337232 0.014366 0.008622
0 0.218638 0.309965 0.012721 0.009754
0 0.638956 0.580639 0.021181 0.012038
0 0.631340 0.584497 0.019137 0.010731
1 0.310631 0.437455 0.029622 0.027247
1 0.391114 0.511231 0.032976 0.023893
1 0.214778 0.495512 0.065951 0.044433
1 0.428795 0.699531 0.045383 0.035211