0 0.252554 0.559300 0.017504 0.013661
0 0.414122 0.592445 0.018306 0.013624
0 0.623966 0.510955 0.019604 0.014987
0 0.371706 0.530050 0.017824 0.013380
0 0.566910 0.476826 0.018907 0.015645
0 0.205464 0.591487 0.016702 0.012777
0 0.747403 0.591944 0.023057 0.017308
0 0.392349 0.704312 0.022295 0.015988
0 0.615215 0.656272 0.022063 0.017674
0 0.545622 0.370549 0.017991 0.013514
0 0.294925 0.407799 0.018127 0.014567
0 0.398327 0.490224 0.018792 0.015362
0 0.706800 0.574466 0.019920 0.014904
0 0.647086 0.434504 0.019376 0.015200
0 0.665208 0.395539 0.018515 0.014957
0 0.666761 0.503155 0.016714 0.013489
0 0.511483 0.315080 0.018732 0.015027
0 0.705703 0.705755 0.019618 0.015059
0 0.513592 0.499513 0.016776 0.012664
0 0.323492 0.670243 0.018938 0.014402
0 0.420234 0.635409 0.017423 0.013282
0 0.717969 0.336698 0.016171 0.013008
0 0.423463 0.555780 0.017451 0.013425
0 0.374780 0.399281 0.015036 0.011746
0 0.447758 0.456777 0.016434 0.012405
0 0.740174 0.462638 0.017790 0.013756
0 0.556526 0.603126 0.016573 0.012759
0 0.196041 0.466241 0.018211 0.013024
0 0.367996 0.360628 0.017760 0.014196
0 0.617543 0.457514 0.018472 0.014795
0 0.368523 0.714422 0.019488 0.015637
1 0.409559 0.742635 0.057034 0.044252
0 0.472965 0.251557 0.016853 0.012604
0 0.198022 0.629400 0.016350 0.012351
0 0.437718 0.656671 0.017974 0.013192
0 0.207819 0.614185 0.015410 0.011561
0 0.501510 0.239878 0.013829 0.011142
1 0.600774 0.439640 0.036772 0.032810
0 0.260344 0.395760 0.024951 0.020487
0 0.351875 0.331554 0.016447 0.015761
0 0.511901 0.725225 0.024099 0.019615
0 0.123436 0.465770 0.018303 0.013993
0 0.676529 0.447914 0.017446 0.014438
0 0.225031 0.643538 0.017123 0.013699
0 0.446080 0.622930 0.015214 0.012239
0 0.648445 0.237563 0.017008 0.014071
0 0.619273 0.304294 0.016529 0.012569
0 0.688431 0.439037 0.016770 0.015188
0 0.850729 0.391820 0.017980 0.015634
0 0.831710 0.420588 0.027985 0.023043
0 0.259450 0.275845 0.018893 0.013092
0 0.684150 0.443497 0.023086 0.020862
0 0.256203 0.710050 0.015863 0.011601
0 0.335672 0.401339 0.014385 0.010725
0 0.815168 0.429350 0.017242 0.014739
0 0.351960 0.342738 0.015710 0.013871
0 0.188438 0.376116 0.013826 0.011007