0 0.466807 0.458763 0.016783 0.012716
0 0.568501 0.797218 0.017607 0.013852
0 0.515341 0.668535 0.015584 0.012073
0 0.630035 0.842573 0.019820 0.015846
0 0.416092 0.606252 0.019396 0.014767
0 0.498298 0.544758 0.015362 0.011608
0 0.443481 0.520498 0.016406 0.014540
0 0.542728 0.451093 0.016441 0.012456
0 0.490097 0.512754 0.014938 0.011125
0 0.782847 0.703415 0.016941 0.013486
0 0.731941 0.579754 0.019941 0.013146
0 0.469734 0.423362 0.015371 0.010680
0 0.730216 0.666327 0.015959 0.011803
0 0.302408 0.511608 0.016873 0.013891
0 0.727889 0.697627 0.020420 0.016329
0 0.580079 0.852291 0.018552 0.014461
0 0.536821 0.409163 0.019393 0.014946
0 0.469114 0.778280 0.018285 0.013794
0 0.516005 0.764357 0.020916 0.014512
0 0.817157 0.680879 0.017501 0.013595
0 0.733006 0.435210 0.019532 0.014253
0 0.495788 0.453548 0.015226 0.011396
0 0.563150 0.878571 0.024663 0.019558
0 0.592865 0.693428 0.016717 0.012009
0 0.534883 0.343533 0.012389 0.010417
0 0.723380 0.538959 0.016638 0.012821
0 0.657025 0.861066 0.021098 0.016250
0 0.410252 0.514014 0.014556 0.013475
0 0.903923 0.452726 0.024192 0.017507
0 0.515151 0.819714 0.018367 0.016625
0 0.378191 0.571489 0.018588 0.014429
0 0.709493 0.592965 0.020779 0.016651
0 0.748396 0.556820 0.017502 0.013315
0 0.678978 0.428974 0.021515 0.016141
0 0.626815 0.683809 0.017826 0.013627
0 0.481856 0.876376 0.021158 0.016123
0 0.591000 0.607226 0.016048 0.012495
0 0.473942 0.828679 0.021959 0.017898
0 0.331986 0.505530 0.017952 0.012504
0 0.507171 0.484004 0.017918 0.014175
0 0.821160 0.556281 0.016564 0.012799
0 0.744495 0.486445 0.016257 0.013124
0 0.493915 0.707990 0.015695 0.011449
0 0.806012 0.754052 0.020491 0.016468
0 0.856512 0.501997 0.025440 0.018544
0 0.347199 0.489085 0.017282 0.012645
0 0.538546 0.853523 0.020086 0.015289
0 0.840968 0.773733 0.016401 0.012651
0 0.471974 0.387748 0.017429 0.012797
0 0.628624 0.364259 0.018763 0.013435
0 0.756253 0.651840 0.018422 0.014853
0 0.753443 0.809943 0.021314 0.015242
0 0.641097 0.696837 0.017449 0.015757
0 0.548106 0.626442 0.020611 0.015636
0 0.680846 0.479361 0.016599 0.013343
0 0.629136 0.659937 0.017307 0.013845
0 0.949490 0.593750 0.026224 0.016878
0 0.736526 0.891908 0.022707 0.018294
0 0.355950 0.567795 0.018743 0.014609
0 0.835413 0.592888 0.018952 0.015730
1 0.220763 0.612198 0.052894 0.040448
0 0.658436 0.320977 0.014119 0.012105
0 0.429429 0.485022 0.012701 0.009465
0 0.713459 0.881462 0.019746 0.014815
0 0.355161 0.458568 0.016482 0.011610
0 0.507882 0.561288 0.013430 0.011034
0 0.708683 0.504067 0.018074 0.015311
1 0.449416 0.702727 0.046471 0.035549
0 0.460363 0.540075 0.013788 0.010236
0 0.937972 0.484152 0.019023 0.014021
0 0.500725 0.378462 0.015728 0.010848
0 0.818007 0.529666 0.016560 0.012694
0 0.748891 0.849161 0.021766 0.017446
0 0.961657 0.535028 0.020339 0.015525
0 0.689834 0.677700 0.021701 0.016876
0 0.456422 0.484917 0.014115 0.010936
0 0.930545 0.563386 0.014114 0.010532
0 0.638970 0.636684 0.020094 0.014179
0 0.561549 0.734503 0.012696 0.010421
0 0.387996 0.433119 0.015971 0.011772
0 0.809663 0.515851 0.015671 0.011542
1 0.922104 0.793335 0.048273 0.037811
0 0.766906 0.394983 0.017725 0.012764
0 0.484182 0.369810 0.017338 0.012462
0 0.537594 0.322809 0.011993 0.009730
0 0.780269 0.447115 0.020717 0.015840
0 0.463843 0.601050 0.021759 0.012736
0 0.583031 0.627700 0.017614 0.012106
0 0.407648 0.538947 0.015795 0.010783
0 0.335587 0.550614 0.016450 0.012887
0 0.519683 0.496519 0.015209 0.011205
0 0.394586 0.481922 0.011473 0.008859
0 0.318170 0.426622 0.019624 0.015637
0 0.605246 0.303158 0.013183 0.009922
0 0.786373 0.823006 0.018477 0.015893
0 0.723907 0.556946 0.016857 0.013160
0 0.277895 0.579729 0.013258 0.011037
0 0.770682 0.793566 0.016825 0.011143
0 0.335383 0.533672 0.015166 0.011664
0 0.937052 0.463957 0.019534 0.014236
0 0.275521 0.536393 0.017849 0.014473
0 0.629135 0.332824 0.014586 0.012469
0 0.593430 0.374669 0.017157 0.015777
0 0.885537 0.481008 0.016055 0.014596
0 0.278456 0.463580 0.018158 0.011883
0 0.610570 0.762843 0.016526 0.013406
0 0.784550 0.371174 0.015148 0.012378
0 0.586663 0.749588 0.016189 0.013442
0 0.456623 0.851744 0.017158 0.012422
0 0.599014 0.737777 0.017251 0.014798
0 0.901551 0.742148 0.017236 0.013315
0 0.755166 0.503224 0.014536 0.011171
0 0.463001 0.585655 0.014218 0.011137
0 0.569851 0.373988 0.014381 0.012435
0 0.218690 0.504611 0.016089 0.012677
0 0.688353 0.697929 0.015440 0.011205
0 0.452893 0.501185 0.013006 0.009825
0 0.586475 0.391570 0.024621 0.014253
0 0.698601 0.848959 0.017592 0.014856
0 0.369576 0.355506 0.019713 0.014637
0 0.858734 0.729166 0.019065 0.012492
0 0.547336 0.587525 0.027912 0.013861
0 0.923818 0.698745 0.022084 0.012576
0 0.383666 0.390642 0.019978 0.011428
0 0.754356 0.351543 0.019672 0.014172
0 0.991795 0.549781 0.014621 0.013844
0 0.732940 0.350094 0.019617 0.015190
0 0.516265 0.614750 0.013444 0.010556
0 0.434279 0.591024 0.014473 0.010396
0 0.293070 0.476085 0.013244 0.010167
0 0.583566 0.340982 0.014391 0.013897
0 0.214370 0.658523 0.013884 0.011221
0 0.738700 0.503209 0.027493 0.011184
0 0.548199 0.571022 0.015629 0.012095
0 0.496954 0.375388 0.018953 0.013227
0 0.192076 0.557346 0.017124 0.013995
0 0.275803 0.745711 0.017092 0.014575
0 0.786713 0.341270 0.017659 0.012444
0 0.790264 0.454163 0.015908 0.013876
0 0.528981 0.738604 0.012233 0.009782
0 0.279611 0.544787 0.015774 0.014036
0 0.611193 0.746213 0.017018 0.013991
0 0.454066 0.652862 0.013757 0.011572
0 0.745363 0.350025 0.031354 0.014762
0 0.339140 0.454020 0.015074 0.011335
0 0.286902 0.713207 0.018154 0.014191
0 0.297623 0.746315 0.015113 0.011998
0 0.266478 0.513238 0.012214 0.012310
0 0.358462 0.359193 0.016831 0.013748
0 0.217895 0.492938 0.016457 0.014091
0 0.368366 0.508208 0.011192 0.007732
0 0.487473 0.405104 0.012486 0.009680
0 0.882616 0.475428 0.016794 0.019636
0 0.591682 0.377490 0.024531 0.027485
1 0.435255 0.321800 0.036977 0.025049