0 0.628059 0.752777 0.017674 0.013894
0 0.567499 0.740540 0.016583 0.013042
0 0.316504 0.659859 0.016188 0.012622
0 0.710697 0.417920 0.020392 0.017169
0 0.906231 0.765126 0.017268 0.013118
0 0.417465 0.747065 0.015973 0.013176
0 0.552823 0.515772 0.021268 0.015101
0 0.462706 0.680038 0.017009 0.012943
0 0.399112 0.675124 0.015543 0.013561
0 0.299039 0.510345 0.014953 0.012008
0 0.949677 0.710819 0.015830 0.012229
0 0.858744 0.383150 0.018302 0.015883
0 0.587866 0.640896 0.017244 0.014171
0 0.582288 0.434483 0.018160 0.014118
0 0.891283 0.606700 0.015719 0.012257
0 0.828159 0.597892 0.014986 0.011271
0 0.774525 0.586582 0.015273 0.012291
0 0.599449 0.600430 0.018451 0.015092
0 0.673674 0.780347 0.015544 0.013392
0 0.475548 0.489840 0.018020 0.016672
0 0.423742 0.521697 0.020682 0.015830
0 0.646678 0.591433 0.021266 0.014885
0 0.548584 0.424564 0.017628 0.013777
0 0.357664 0.618774 0.015148 0.011933
0 0.575119 0.675986 0.017930 0.014268
0 0.764495 0.378731 0.019689 0.014226
0 0.548857 0.397226 0.017284 0.014575
0 0.807966 0.570541 0.015090 0.011174
0 0.964122 0.515209 0.019456 0.016177
0 0.904391 0.631903 0.021539 0.016813
0 0.564251 0.588296 0.017392 0.014380
0 0.709936 0.736328 0.014814 0.011592
0 0.608068 0.691593 0.017612 0.013749
0 0.480082 0.621344 0.017759 0.013729
0 0.311526 0.421931 0.015792 0.012410
0 0.485947 0.580447 0.018169 0.014865
0 0.734369 0.499272 0.016755 0.014863
0 0.457192 0.751756 0.017306 0.014717
0 0.799533 0.612361 0.016145 0.013422
0 0.326373 0.483396 0.016717 0.013767
0 0.664322 0.721291 0.019218 0.015339
0 0.502593 0.531566 0.015488 0.012121
0 0.599659 0.483500 0.015917 0.013121
0 0.725428 0.816464 0.016264 0.012076
0 0.430362 0.776873 0.017314 0.014355
0 0.707517 0.879823 0.018845 0.013427
0 0.754394 0.831755 0.016503 0.012116
0 0.611403 0.322857 0.017901 0.014133
0 0.906962 0.394456 0.023366 0.016452
0 0.805755 0.633562 0.014855 0.012101
0 0.822297 0.397844 0.021218 0.012937
0 0.592407 0.875653 0.023238 0.017291
0 0.799931 0.680875 0.017296 0.012961
0 0.421178 0.683051 0.015084 0.010701
0 0.613107 0.444156 0.021093 0.013938
0 0.729105 0.838665 0.018059 0.015732
0 0.820501 0.656099 0.015235 0.010942
0 0.800300 0.451800 0.014730 0.011743
0 0.403005 0.436572 0.029478 0.020783
0 0.723733 0.447531 0.027289 0.018609
0 0.367447 0.370377 0.015451 0.013497
0 0.935861 0.478572 0.016674 0.013859
0 0.702665 0.833383 0.018369 0.014812
0 0.376507 0.589774 0.018390 0.015030
0 0.837669 0.571442 0.013687 0.010622
0 0.743083 0.560441 0.016923 0.013294
0 0.835288 0.525224 0.014434 0.011028
0 0.386535 0.466348 0.019429 0.018142
0 0.561623 0.636698 0.020548 0.014747