0 0.605885 0.461029 0.016412 0.011798
0 0.639312 0.406601 0.016492 0.013223
0 0.385921 0.805803 0.013952 0.009733
0 0.191652 0.625730 0.016950 0.012694
0 0.506108 0.419609 0.017041 0.011495
0 0.370842 0.778711 0.013023 0.011704
0 0.376457 0.830367 0.018186 0.014287
0 0.405920 0.672890 0.016722 0.013889
0 0.462727 0.721528 0.014349 0.011153
0 0.181100 0.455764 0.016348 0.010262
0 0.597385 0.766855 0.014384 0.011735
0 0.507128 0.509160 0.018120 0.012867
0 0.589256 0.407103 0.013834 0.009557
0 0.409943 0.477104 0.015793 0.014062
0 0.360020 0.596795 0.014420 0.011416
0 0.631077 0.348232 0.029108 0.022180
0 0.453101 0.453057 0.015424 0.008645
0 0.686266 0.631608 0.014286 0.010042
0 0.422053 0.357335 0.014301 0.012302
0 0.269689 0.507075 0.014822 0.012402
0 0.529077 0.640151 0.016747 0.014261
0 0.346287 0.403166 0.017212 0.012028
0 0.228760 0.428172 0.016550 0.014463
0 0.556048 0.473195 0.017491 0.013920
0 0.211251 0.669068 0.012483 0.008434
0 0.283294 0.407666 0.018178 0.012360
0 0.300065 0.307252 0.017355 0.011223
0 0.721501 0.440844 0.011226 0.010069
0 0.456827 0.334605 0.013732 0.010902
0 0.620476 0.676855 0.013603 0.010044
0 0.227409 0.500988 0.013642 0.010647
0 0.487233 0.747189 0.012118 0.008065
0 0.212047 0.694587 0.012161 0.009112
0 0.620719 0.637067 0.012402 0.009234
0 0.530058 0.813332 0.015832 0.011981
0 0.711192 0.458693 0.012122 0.008168
0 0.487957 0.495598 0.017366 0.013251
0 0.537789 0.491485 0.017240 0.012008
0 0.524864 0.691286 0.013827 0.010293
0 0.531560 0.288920 0.020479 0.013859
0 0.611795 0.545970 0.012520 0.008069
0 0.370968 0.349674 0.019269 0.014380
0 0.502248 0.718211 0.013349 0.008147
0 0.200626 0.532939 0.013654 0.009682
0 0.296548 0.369810 0.019282 0.015318
0 0.182161 0.515318 0.011149 0.008596
0 0.492632 0.808798 0.017780 0.013231
0 0.353217 0.464927 0.014076 0.012679
0 0.596538 0.688092 0.012049 0.010631
0 0.577338 0.577785 0.014569 0.011554
0 0.722757 0.578799 0.016966 0.010881
0 0.322802 0.612230 0.014334 0.009732
0 0.252607 0.651840 0.012357 0.008313
0 0.314281 0.781384 0.013125 0.011109
0 0.278874 0.601701 0.017403 0.012268
0 0.418445 0.307306 0.010993 0.008115
0 0.050343 0.515177 0.012096 0.009105
0 0.262532 0.813657 0.014316 0.010929
0 0.568422 0.545699 0.020966 0.015271
0 0.376810 0.301985 0.010228 0.009637
0 0.258006 0.465757 0.013537 0.009053
0 0.336669 0.306186 0.017745 0.013149
0 0.536826 0.769883 0.013094 0.010361
0 0.477606 0.377463 0.012925 0.009865
0 0.199365 0.565594 0.013459 0.010012
0 0.424358 0.628912 0.022597 0.018705
0 0.333051 0.747490 0.014943 0.010222
0 0.175132 0.683267 0.011454 0.008756
0 0.678894 0.660325 0.012273 0.008326
0 0.277555 0.720558 0.013764 0.010137
0 0.489948 0.296352 0.012689 0.008585
0 0.472325 0.476739 0.017060 0.011156
0 0.619762 0.562479 0.015596 0.009786
0 0.419352 0.509538 0.013384 0.008985
0 0.433828 0.788688 0.015781 0.012660
0 0.573076 0.366414 0.017382 0.012477
0 0.466352 0.614749 0.014025 0.010099
0 0.450633 0.377836 0.013871 0.010750
0 0.373317 0.370218 0.015512 0.010946
0 0.389473 0.467465 0.013998 0.010174
0 0.287074 0.345385 0.016389 0.011843
0 0.407525 0.443096 0.020487 0.012375
0 0.759830 0.443365 0.012443 0.010796
0 0.351621 0.384224 0.013008 0.007998
0 0.293180 0.739248 0.013152 0.011484
0 0.070044 0.498368 0.015200 0.011697
0 0.433843 0.536084 0.015214 0.012139
0 0.746815 0.419668 0.016415 0.010551
0 0.587945 0.491122 0.012497 0.009410
0 0.238316 0.370248 0.009463 0.009010
0 0.070871 0.644277 0.013879 0.013558
0 0.208943 0.761182 0.012520 0.009123
0 0.361929 0.322914 0.014639 0.009491
0 0.076782 0.527986 0.013218 0.010193
0 0.245872 0.782625 0.014391 0.010061
0 0.311058 0.701886 0.010425 0.007777
0 0.584058 0.301379 0.017326 0.011051
0 0.550245 0.798311 0.013502 0.011310
0 0.319367 0.511789 0.011430 0.007224
0 0.549847 0.365418 0.015233 0.009435
0 0.728831 0.409436 0.015525 0.009928
0 0.371572 0.269077 0.011110 0.010802
0 0.515013 0.608324 0.016193 0.012130
0 0.737849 0.477776 0.014241 0.010667
0 0.387098 0.744828 0.012049 0.009140
0 0.148884 0.390535 0.012563 0.010610
0 0.563866 0.690691 0.013396 0.008990
0 0.346715 0.489524 0.015656 0.009646
0 0.383103 0.688626 0.012577 0.009275
0 0.397805 0.822044 0.017253 0.008866
0 0.541333 0.610775 0.013118 0.008021
0 0.204642 0.726894 0.012782 0.011051
0 0.145959 0.465583 0.013258 0.009960
0 0.246745 0.580323 0.011914 0.009494
0 0.244674 0.386161 0.011821 0.010508
0 0.314402 0.679379 0.013866 0.009036
0 0.352501 0.544413 0.012405 0.007975
0 0.352865 0.574815 0.011820 0.007827
0 0.352142 0.734739 0.009539 0.006499
0 0.154785 0.441871 0.021457 0.013059
0 0.188355 0.765026 0.016674 0.010216
0 0.281169 0.791764 0.016538 0.012549
0 0.120958 0.447085 0.012474 0.010913
0 0.358153 0.757180 0.011983 0.006661
0 0.349756 0.839705 0.021055 0.014089
0 0.043558 0.434060 0.010240 0.011370
0 0.456836 0.802801 0.015982 0.010832
0 0.598947 0.732335 0.014866 0.010158
0 0.321587 0.552825 0.009657 0.007005
0 0.570998 0.806154 0.012928 0.008057
0 0.277418 0.695782 0.010656 0.009992
0 0.656897 0.665743 0.011110 0.009101
0 0.043005 0.407985 0.012941 0.012657
0 0.536124 0.558408 0.015277 0.008213
0 0.395092 0.272724 0.009229 0.007856
0 0.568917 0.347536 0.015834 0.010182
0 0.506770 0.565297 0.012322 0.007317
0 0.045263 0.610768 0.020588 0.013583
0 0.120922 0.719990 0.007933 0.007474
0 0.091194 0.460407 0.011528 0.008576
0 0.613833 0.591377 0.019923 0.009467
0 0.286106 0.327754 0.019814 0.014409
0 0.679843 0.690098 0.012879 0.010186
0 0.379609 0.410674 0.022447 0.015430
0 0.636698 0.426197 0.017399 0.011733
0 0.164744 0.540455 0.017189 0.014332
0 0.053282 0.489709 0.010882 0.010009
0 0.555933 0.588841 0.011154 0.008387
0 0.326190 0.383571 0.013830 0.009824
0 0.596562 0.326509 0.017496 0.011988
0 0.413331 0.722097 0.014326 0.012913
0 0.120436 0.403191 0.014446 0.009616
0 0.221975 0.403036 0.012251 0.010268
0 0.569937 0.329536 0.018668 0.011848
0 0.231068 0.454548 0.013798 0.012841
0 0.251853 0.703424 0.010301 0.007854
0 0.294681 0.672298 0.011139 0.008820
0 0.236989 0.630795 0.009580 0.007397
0 0.087812 0.710674 0.011054 0.009661
0 0.487044 0.409467 0.011953 0.008565
0 0.461241 0.667551 0.012996 0.009759
0 0.568252 0.437634 0.014114 0.011693
0 0.714401 0.376272 0.017548 0.016188
0 0.477758 0.509798 0.014948 0.009780
0 0.403931 0.590843 0.013445 0.008812
0 0.178798 0.302934 0.021453 0.015319
0 0.416052 0.726619 0.012314 0.011025
0 0.156641 0.599230 0.015894 0.012213
0 0.407413 0.496299 0.016497 0.008618
0 0.532336 0.409465 0.014999 0.010421
0 0.762454 0.472197 0.013101 0.010795
0 0.263791 0.770262 0.011716 0.007976
0 0.338933 0.591614 0.013989 0.009474
0 0.293555 0.810196 0.016007 0.011266
0 0.364357 0.516013 0.018058 0.011947
0 0.421835 0.579457 0.019130 0.017181
0 0.674837 0.710620 0.010678 0.008416
0 0.324372 0.536033 0.010763 0.006594
0 0.048378 0.464921 0.009492 0.006849
0 0.167810 0.726990 0.009471 0.008555
0 0.334708 0.328067 0.012813 0.007901
0 0.578997 0.668703 0.014773 0.010145
0 0.604631 0.652885 0.012442 0.010557
0 0.488553 0.835804 0.020885 0.014221
0 0.410954 0.324192 0.010245 0.007160
0 0.694763 0.704229 0.012263 0.008239
0 0.554910 0.303108 0.018007 0.012379
0 0.578404 0.740923 0.018772 0.010912
0 0.218976 0.299528 0.009906 0.011549
0 0.070914 0.640013 0.011232 0.011941
0 0.576673 0.627607 0.014473 0.007977
0 0.218401 0.321131 0.012878 0.009668
0 0.371174 0.721276 0.009629 0.008625
0 0.213386 0.589046 0.014224 0.012095
0 0.281075 0.540076 0.009534 0.007300
0 0.295235 0.661877 0.013021 0.011672
0 0.287464 0.500604 0.013731 0.010956
0 0.217957 0.643466 0.012117 0.008459
0 0.347722 0.419690 0.014551 0.014964
0 0.469542 0.588401 0.017961 0.011265
0 0.468726 0.585601 0.012326 0.010621
0 0.086887 0.383340 0.021419 0.011771
0 0.377863 0.516798 0.013803 0.011202
0 0.088740 0.362318 0.011191 0.010773
0 0.453956 0.555411 0.013854 0.012253
0 0.709741 0.391640 0.022392 0.010798
0 0.319184 0.818788 0.016759 0.010777
0 0.524572 0.276371 0.011762 0.012616
0 0.256546 0.290125 0.012934 0.012072
0 0.330623 0.818201 0.013533 0.012882
0 0.384572 0.610567 0.014440 0.007468
0 0.397550 0.644306 0.013331 0.012031
0 0.563808 0.549023 0.017910 0.018826
0 0.234577 0.598836 0.010764 0.007920
0 0.096935 0.494859 0.012411 0.011850
0 0.111937 0.583736 0.013220 0.013575
0 0.588111 0.439143 0.012676 0.009205
0 0.118955 0.443445 0.013869 0.013036
0 0.527990 0.689251 0.014369 0.009424
0 0.770660 0.489500 0.012292 0.008644
0 0.654015 0.705071 0.010644 0.009374
0 0.669340 0.588631 0.009225 0.009067
0 0.371315 0.517250 0.024712 0.013533
0 0.333400 0.382468 0.023248 0.009145
0 0.113768 0.593297 0.012081 0.013014
0 0.379042 0.611762 0.012376 0.008671
0 0.639220 0.412399 0.018717 0.017479
0 0.153181 0.420454 0.014878 0.010289
0 0.182102 0.746393 0.013197 0.012014
0 0.335377 0.688984 0.009580 0.007241
0 0.252532 0.729534 0.010111 0.008817
0 0.357549 0.546616 0.012575 0.008414
0 0.460684 0.753557 0.011526 0.009554
0 0.408340 0.548180 0.014928 0.008428
0 0.256365 0.268623 0.012029 0.009128
0 0.358713 0.665633 0.012539 0.009986
0 0.330439 0.807973 0.015059 0.013267
0 0.252892 0.292483 0.015593 0.011876
0 0.296834 0.468637 0.009627 0.009472
0 0.423027 0.584545 0.015729 0.014160
0 0.149478 0.468223 0.017618 0.009351
0 0.535877 0.763475 0.013561 0.012967
0 0.394028 0.713883 0.009063 0.010201
0 0.391613 0.641457 0.013117 0.011303
0 0.681451 0.732150 0.010950 0.006116
0 0.636787 0.748297 0.010645 0.010891
0 0.102864 0.582958 0.016095 0.011525
0 0.485232 0.562592 0.016463 0.012206
0 0.507683 0.263540 0.017691 0.012810
0 0.696398 0.681737 0.012749 0.008551
0 0.304051 0.613570 0.015107 0.011790
0 0.153367 0.732472 0.011410 0.007587
0 0.457180 0.697278 0.009503 0.007279
0 0.070428 0.439879 0.008817 0.007994
0 0.616088 0.720432 0.015847 0.010165
0 0.266290 0.619233 0.012459 0.010326
0 0.186044 0.760740 0.017333 0.015713
0 0.402544 0.779239 0.016906 0.012912
0 0.148664 0.412634 0.014499 0.011751
0 0.445804 0.421835 0.012559 0.008990
0 0.739343 0.593760 0.013433 0.009610
0 0.111863 0.370824 0.012612 0.010259
0 0.172398 0.376327 0.010403 0.009648
1 0.015258 0.573944 0.030516 0.037559
1 0.093114 0.568662 0.056338 0.036385
1 0.232394 0.523474 0.059468 0.030516
1 0.441315 0.291080 0.045383 0.032864
1 0.701878 0.504108 0.040689 0.041080
1 0.773083 0.528169 0.089202 0.044601