0 0.469242 0.441180 0.012169 0.016921
0 0.397310 0.395102 0.011863 0.016461
0 0.182368 0.514498 0.011121 0.014726
0 0.506616 0.237081 0.011099 0.017328
0 0.223604 0.611482 0.010874 0.015573
0 0.482302 0.257146 0.010796 0.014897
0 0.412366 0.497553 0.012197 0.017569
0 0.412650 0.720529 0.012137 0.016410
0 0.469330 0.561879 0.011954 0.017099
0 0.355059 0.172706 0.011321 0.018314
0 0.391919 0.240100 0.012014 0.016866
0 0.366580 0.592348 0.011022 0.016124
0 0.586833 0.298634 0.011608 0.015890
0 0.586077 0.501616 0.012109 0.016577
0 0.518990 0.334949 0.010536 0.015665
0 0.217389 0.562249 0.010970 0.015320
0 0.450631 0.407261 0.011971 0.018474
0 0.383471 0.465509 0.013899 0.021456
0 0.534454 0.647179 0.010921 0.015631
0 0.531796 0.463622 0.010937 0.015462
0 0.625005 0.378006 0.012964 0.019409
0 0.201678 0.614388 0.010895 0.015766
0 0.278925 0.648043 0.011705 0.016874
0 0.268322 0.418084 0.013473 0.019413
0 0.613883 0.215364 0.011329 0.016368
0 0.655236 0.460777 0.011513 0.017183
0 0.214591 0.338751 0.011906 0.016725
0 0.619044 0.720746 0.013648 0.019566
0 0.563331 0.464650 0.010125 0.014430
0 0.205425 0.492656 0.012391 0.017402
0 0.671651 0.337612 0.011306 0.015169
0 0.530755 0.155074 0.012420 0.018768
0 0.209648 0.467761 0.010390 0.014205
0 0.146982 0.448673 0.013635 0.017919
0 0.400845 0.677616 0.010804 0.015304
1 0.487482 0.307722 0.033660 0.041951
0 0.392438 0.107563 0.010799 0.016462
1 0.414120 0.346233 0.034718 0.045826
0 0.487774 0.216747 0.011520 0.016377
0 0.387605 0.638801 0.010755 0.019230
0 0.393584 0.829430 0.015820 0.021564
0 0.649271 0.320783 0.010518 0.016078
0 0.458463 0.739243 0.014104 0.019949
0 0.334887 0.152051 0.013674 0.017902
0 0.571583 0.349304 0.012057 0.016496
1 0.165907 0.568978 0.029759 0.044658
0 0.468031 0.384041 0.011053 0.016689
0 0.555964 0.599485 0.010353 0.014024
0 0.423239 0.690588 0.010480 0.015458
0 0.631127 0.259441 0.010647 0.016449
0 0.256712 0.538152 0.010692 0.016463
0 0.283403 0.271894 0.012023 0.017860
0 0.484747 0.400798 0.010381 0.014873
0 0.330560 0.617831 0.010490 0.017165
0 0.292904 0.458872 0.010977 0.016108
0 0.246040 0.254831 0.012564 0.017040
0 0.408069 0.604047 0.013681 0.019363
0 0.167204 0.427088 0.010870 0.015582
0 0.436510 0.695888 0.010934 0.015375
0 0.550543 0.136014 0.013449 0.020292
0 0.379889 0.836106 0.018602 0.021164
0 0.390368 0.165593 0.013861 0.023223
0 0.479575 0.514238 0.010348 0.014667
0 0.509955 0.411773 0.010814 0.014921
0 0.304688 0.365249 0.010409 0.014698
0 0.265052 0.455515 0.012214 0.015308
0 0.176957 0.409786 0.011496 0.015022
0 0.281600 0.378077 0.010569 0.014881
0 0.427141 0.833010 0.017596 0.022932
0 0.274373 0.437741 0.011948 0.016296
0 0.555403 0.326410 0.010545 0.015582
0 0.561970 0.516169 0.010457 0.016061
0 0.428306 0.185919 0.011235 0.020853
0 0.530504 0.668415 0.012072 0.016854
0 0.636876 0.476186 0.010024 0.014033
0 0.320851 0.816426 0.014894 0.021274
0 0.534405 0.279315 0.010932 0.015349
0 0.518070 0.383574 0.010296 0.013694
0 0.299819 0.129117 0.013722 0.019274
0 0.562649 0.753988 0.010873 0.014096
0 0.366124 0.667803 0.009749 0.013845
0 0.331548 0.325916 0.009608 0.014680
0 0.608453 0.345031 0.011421 0.016489
0 0.607052 0.684152 0.009590 0.014288
0 0.544590 0.177154 0.010321 0.016886
0 0.630519 0.423679 0.009552 0.014659
0 0.451802 0.453699 0.011556 0.022563
0 0.596234 0.717635 0.011890 0.015407
0 0.418968 0.212008 0.009825 0.014884
0 0.462285 0.312498 0.009321 0.013883