0 0.401975 0.572808 0.017606 0.013761
0 0.718376 0.746824 0.014429 0.010697
0 0.352124 0.553893 0.014886 0.011632
0 0.449166 0.783748 0.019265 0.014750
0 0.391940 0.486831 0.015271 0.013163
0 0.374402 0.671410 0.015620 0.012112
0 0.454041 0.505694 0.014935 0.011455
0 0.616829 0.660424 0.015719 0.012745
0 0.638351 0.711743 0.017673 0.013626
0 0.809020 0.519023 0.015234 0.012331
0 0.342396 0.529443 0.016017 0.012910
0 0.459967 0.582137 0.019273 0.016204
0 0.832507 0.657360 0.018676 0.014201
0 0.789974 0.585858 0.015890 0.012427
0 0.912180 0.602301 0.016266 0.013713
1 0.714893 0.925040 0.052954 0.040018
0 0.460328 0.622591 0.015177 0.011667
0 0.706587 0.600742 0.014935 0.011636
0 0.538400 0.824043 0.018889 0.015493
0 0.744679 0.796410 0.016100 0.013017
0 0.902826 0.578969 0.013387 0.010114
0 0.307417 0.559845 0.019716 0.014204
0 0.975558 0.615567 0.017036 0.013021
0 0.363826 0.617812 0.013387 0.010170
0 0.411077 0.523000 0.020874 0.014598
0 0.505997 0.862064 0.024584 0.017184
0 0.400708 0.623398 0.019441 0.015184
0 0.732106 0.678849 0.014410 0.011192
0 0.580321 0.695122 0.017890 0.014678
0 0.310448 0.479543 0.016576 0.013429
0 0.437722 0.520977 0.016330 0.014553
0 0.401995 0.450686 0.014753 0.011850
0 0.500545 0.594201 0.016815 0.013021
0 0.606691 0.429741 0.016303 0.012426
0 0.381538 0.450268 0.013436 0.011033
0 0.693045 0.406065 0.017318 0.014283
0 0.936282 0.527519 0.014248 0.011133
1 0.695756 0.561690 0.032726 0.025405
0 0.539115 0.361313 0.014739 0.012555
0 0.926673 0.619427 0.013056 0.011421
1 0.641823 0.499870 0.035004 0.029070
0 0.794621 0.437357 0.019284 0.014851
0 0.472855 0.678668 0.014021 0.013013
0 0.951556 0.542887 0.013955 0.010627
0 0.422238 0.508265 0.018681 0.013383
0 0.420061 0.681781 0.014210 0.013111
0 0.647248 0.669442 0.021426 0.019947
0 0.719316 0.435608 0.019139 0.016366
0 0.867845 0.582455 0.016538 0.013175
0 0.359792 0.633766 0.013861 0.010812
0 0.531685 0.573919 0.015526 0.012542
0 0.596916 0.571035 0.023079 0.015892
0 0.579489 0.613218 0.017733 0.015262
0 0.743914 0.649073 0.016027 0.013135
0 0.752843 0.820884 0.014386 0.011391
0 0.474208 0.605685 0.017492 0.014091
0 0.506401 0.578917 0.016123 0.012563
0 0.830237 0.445938 0.012971 0.010703
0 0.614705 0.511250 0.017050 0.013565
0 0.510981 0.837111 0.018777 0.014507
0 0.771622 0.557909 0.019924 0.015914
0 0.946823 0.709521 0.018870 0.012245
0 0.314012 0.504686 0.014201 0.010858
0 0.390602 0.410290 0.013089 0.013415
0 0.964368 0.684147 0.015096 0.011068
0 0.732592 0.629063 0.014742 0.012053
0 0.587784 0.549254 0.014385 0.011938
0 0.858942 0.589430 0.015536 0.012941