0 0.398856 0.409676 0.018393 0.014296
0 0.581416 0.608856 0.017940 0.013910
0 0.657799 0.648284 0.018134 0.014165
0 0.491597 0.452027 0.016730 0.013456
0 0.438939 0.647668 0.021307 0.015692
0 0.741164 0.411662 0.017794 0.013447
0 0.432893 0.514367 0.017049 0.014383
0 0.522088 0.590339 0.021289 0.016699
0 0.597772 0.654712 0.019011 0.014564
0 0.508931 0.701867 0.026027 0.018926
0 0.577797 0.552623 0.024195 0.018378
0 0.604807 0.718979 0.020506 0.016424
0 0.496894 0.769989 0.024232 0.020130
0 0.618910 0.384617 0.016989 0.013454
0 0.538568 0.393313 0.019203 0.014042
0 0.679884 0.744206 0.020938 0.015948
0 0.583671 0.296094 0.020477 0.018723
0 0.532259 0.255797 0.017288 0.014859
0 0.578092 0.222293 0.021491 0.016343
0 0.368348 0.445844 0.016194 0.012809
0 0.691189 0.718156 0.019590 0.015183
0 0.325333 0.540883 0.020967 0.016802
0 0.764013 0.277062 0.020332 0.014946
0 0.791398 0.380705 0.015928 0.013016
0 0.712017 0.652844 0.026115 0.020445
0 0.661884 0.400071 0.017065 0.013717
0 0.451315 0.309587 0.021544 0.017348
0 0.619754 0.567397 0.019331 0.015537
0 0.603962 0.582628 0.017387 0.013593
0 0.317683 0.480977 0.017142 0.014500
0 0.534944 0.328380 0.015909 0.012427
0 0.230031 0.533418 0.015657 0.011940
0 0.358066 0.485323 0.016365 0.013563
0 0.638863 0.536981 0.018498 0.017181
0 0.383737 0.429928 0.016591 0.012171
0 0.319062 0.635526 0.016371 0.013158
0 0.306113 0.714451 0.017825 0.012807
0 0.626804 0.706313 0.018823 0.016100
0 0.201999 0.419735 0.014698 0.012253
0 0.404768 0.316262 0.021673 0.020252
0 0.498229 0.508870 0.022492 0.019066
0 0.543038 0.354688 0.014133 0.011509
0 0.312253 0.372966 0.019848 0.017875
0 0.191223 0.499270 0.021231 0.014256
0 0.392864 0.356638 0.025475 0.021511
0 0.406690 0.511896 0.015854 0.013332
0 0.505669 0.291535 0.018631 0.014612
0 0.360494 0.748279 0.018299 0.014290
0 0.790641 0.613250 0.018190 0.014101
0 0.478482 0.670615 0.017539 0.013905
0 0.748743 0.694683 0.014471 0.011314
1 0.181012 0.461731 0.039048 0.028569
0 0.517567 0.222871 0.013592 0.012261
0 0.567424 0.242183 0.016400 0.014081
0 0.837831 0.397031 0.018445 0.014010
0 0.323216 0.442762 0.017527 0.014225
0 0.338632 0.452668 0.014756 0.012810
0 0.444146 0.365624 0.015467 0.014586
0 0.383616 0.654580 0.016027 0.014133
0 0.499160 0.483613 0.020487 0.015024
0 0.432284 0.466957 0.016857 0.013454
0 0.669601 0.716012 0.020068 0.014499
0 0.804768 0.295466 0.021694 0.016632
0 0.382082 0.480617 0.016207 0.013267
0 0.651970 0.281646 0.014988 0.012304
0 0.721853 0.434414 0.018987 0.011721
0 0.504057 0.657496 0.016469 0.012040
0 0.561627 0.466122 0.015108 0.012412
0 0.396491 0.729692 0.016867 0.013747
0 0.435672 0.258187 0.013814 0.012087
0 0.634499 0.658887 0.016977 0.011841
0 0.609952 0.626210 0.014686 0.011234
1 0.158521 0.345955 0.036977 0.023260
1 0.326112 0.225629 0.028628 0.027733
1 0.778190 0.447046 0.035785 0.026838