0 0.313533 0.444474 0.012759 0.017983
0 0.209678 0.481682 0.013805 0.017837
0 0.147530 0.658238 0.012604 0.015866
0 0.369485 0.521521 0.012882 0.018061
0 0.538317 0.458780 0.014048 0.020488
0 0.420982 0.513079 0.013362 0.018253
0 0.543154 0.582311 0.014316 0.018882
0 0.226489 0.626034 0.013722 0.019000
0 0.300107 0.628685 0.012260 0.017354
0 0.501790 0.428930 0.013252 0.018456
0 0.130639 0.598280 0.012941 0.018385
0 0.414823 0.710707 0.013144 0.017827
0 0.232234 0.492553 0.013545 0.018806
0 0.333644 0.473772 0.012006 0.016250
0 0.298167 0.272560 0.012694 0.017623
0 0.316481 0.345099 0.013032 0.018302
0 0.446283 0.513645 0.012649 0.016934
0 0.366297 0.290025 0.013758 0.019190
0 0.501731 0.635053 0.015353 0.021602
0 0.586501 0.535916 0.014993 0.020998
0 0.472962 0.707197 0.012629 0.016704
0 0.315817 0.583773 0.011640 0.015697
0 0.214537 0.572465 0.012994 0.016986
0 0.431584 0.640909 0.011004 0.015107
0 0.263905 0.411131 0.012708 0.017459
0 0.287238 0.890517 0.015976 0.021790
0 0.348939 0.646585 0.012867 0.017909
0 0.193360 0.446795 0.012250 0.017013
0 0.402450 0.601769 0.011534 0.015101
0 0.448831 0.343619 0.012558 0.017227
0 0.415073 0.780220 0.012574 0.017033
0 0.429803 0.279056 0.012730 0.018679
0 0.322831 0.898022 0.018467 0.025902
0 0.362167 0.627855 0.011946 0.017017
0 0.578460 0.633683 0.012223 0.015345
0 0.373172 0.689032 0.012627 0.017083
0 0.357990 0.427987 0.013188 0.015697
0 0.572679 0.696685 0.014017 0.018844
0 0.354574 0.391390 0.012273 0.016143
0 0.340612 0.679561 0.012992 0.016896
0 0.280185 0.842774 0.015663 0.021487
0 0.466221 0.677537 0.012261 0.015903
0 0.329938 0.812364 0.014935 0.021322
0 0.630617 0.445473 0.014025 0.019961
0 0.292455 0.433856 0.013910 0.018851
0 0.194465 0.829088 0.013143 0.018686
0 0.462803 0.836493 0.015193 0.021020
0 0.256167 0.492443 0.015074 0.021306
0 0.505505 0.765888 0.014416 0.020064
0 0.581298 0.330505 0.012171 0.016910
0 0.220582 0.312431 0.013579 0.018322
0 0.460133 0.931590 0.016623 0.022605
0 0.139653 0.473953 0.012990 0.017194
0 0.299932 0.704816 0.012497 0.017084
0 0.448476 0.690951 0.012424 0.016377
0 0.348827 0.712919 0.013743 0.018673
0 0.240199 0.780039 0.013026 0.018693
0 0.455619 0.257325 0.011138 0.016740
0 0.351179 0.549339 0.011995 0.015864
0 0.608874 0.366561 0.012970 0.017922
0 0.186465 0.614783 0.012093 0.017279
0 0.448805 0.438268 0.013175 0.018231
0 0.374610 0.193013 0.012527 0.016307
0 0.203410 0.547102 0.014153 0.017960
0 0.372473 0.894661 0.016795 0.024973
0 0.552479 0.731053 0.013081 0.016136
1 0.244530 0.378433 0.034123 0.038655
0 0.518858 0.573013 0.011406 0.015032
0 0.559882 0.305543 0.013237 0.017790
0 0.413449 0.330821 0.011198 0.016176
0 0.436572 0.480895 0.012653 0.016906
0 0.630243 0.518951 0.013270 0.019077
0 0.554318 0.832398 0.011711 0.014984
0 0.363488 0.666604 0.012445 0.016939
0 0.516268 0.782678 0.012595 0.016375
0 0.263000 0.600313 0.013135 0.018032
0 0.271544 0.475833 0.012799 0.016852
0 0.266090 0.811756 0.013714 0.018496
0 0.630268 0.621067 0.012618 0.017897
0 0.429341 0.457904 0.013244 0.018382
0 0.200495 0.707759 0.009989 0.014121
0 0.431453 0.929186 0.015867 0.021117
0 0.474888 0.252039 0.011526 0.017304
0 0.646009 0.509816 0.013520 0.019359
0 0.340661 0.568957 0.012049 0.017118
0 0.228271 0.263670 0.012226 0.017630
0 0.089259 0.546045 0.012484 0.016730
0 0.557834 0.663874 0.011708 0.013881
0 0.281805 0.431650 0.019175 0.016733
0 0.409795 0.964670 0.018272 0.021857
0 0.370105 0.684448 0.015329 0.026978