0 0.357796 0.733248 0.022512 0.016815
0 0.590638 0.660108 0.022208 0.016962
0 0.296184 0.567866 0.019671 0.015017
0 0.682917 0.671508 0.021627 0.017143
0 0.517929 0.651312 0.020620 0.015935
0 0.557806 0.675629 0.019850 0.015911
0 0.460890 0.765334 0.019922 0.014974
0 0.258001 0.607828 0.021409 0.016630
0 0.081351 0.658713 0.021875 0.016314
0 0.401338 0.696951 0.020790 0.015388
0 0.390760 0.673810 0.020589 0.015488
0 0.437359 0.589323 0.019786 0.015226
0 0.246492 0.790332 0.026645 0.019709
0 0.552608 0.604988 0.018708 0.014570
0 0.668135 0.634102 0.020449 0.016240
0 0.322734 0.536909 0.019323 0.015351
0 0.501499 0.735190 0.020012 0.015872
0 0.722779 0.663240 0.020504 0.015570
0 0.549382 0.827657 0.023584 0.017968
0 0.508198 0.623574 0.018886 0.015065
0 0.605283 0.563517 0.027789 0.018280
0 0.527051 0.473986 0.017529 0.014187
0 0.561108 0.522762 0.026551 0.016861
0 0.307047 0.826030 0.021078 0.016235
0 0.303294 0.897471 0.024725 0.018193
0 0.401621 0.413221 0.019585 0.016641
0 0.729629 0.635795 0.025830 0.019312
0 0.284730 0.671797 0.020091 0.015988
0 0.409267 0.790626 0.018417 0.015258
0 0.388891 0.593124 0.017082 0.013869
0 0.231987 0.722756 0.016552 0.014217
0 0.474597 0.515065 0.019565 0.016850
0 0.529476 0.724386 0.018405 0.015299
0 0.309774 0.661548 0.018042 0.015032
0 0.480725 0.702119 0.018174 0.015519
0 0.132774 0.757027 0.021709 0.020853
0 0.582057 0.471460 0.020362 0.015439
0 0.522554 0.762483 0.020383 0.015309
0 0.444100 0.659829 0.015321 0.012700
0 0.103477 0.823050 0.014303 0.011084
0 0.618767 0.689604 0.016990 0.014380
0 0.334492 0.953477 0.023290 0.017758
0 0.312707 0.936777 0.025944 0.020601
0 0.601842 0.742912 0.017568 0.014741