0 0.322044 0.515006 0.013156 0.016876
0 0.373686 0.614423 0.014299 0.019266
0 0.203137 0.577024 0.014232 0.018878
0 0.334289 0.620254 0.013807 0.017387
0 0.254612 0.584774 0.014279 0.019062
0 0.594495 0.596665 0.011562 0.015827
0 0.244773 0.534950 0.014016 0.019098
0 0.474598 0.588638 0.013834 0.019130
0 0.511401 0.502054 0.012721 0.016968
0 0.305756 0.606464 0.012963 0.017184
0 0.549279 0.280069 0.013876 0.019650
0 0.271624 0.293931 0.012127 0.016743
0 0.258996 0.755830 0.014862 0.020982
1 0.239830 0.354053 0.057003 0.067688
0 0.594226 0.460427 0.013610 0.019496
0 0.249801 0.459543 0.014062 0.020954
0 0.288032 0.452747 0.012530 0.018571
0 0.204558 0.542420 0.012098 0.015809
0 0.623535 0.584526 0.012954 0.017906
0 0.659393 0.562307 0.012012 0.016310
0 0.272326 0.821761 0.013936 0.018670
0 0.603310 0.268968 0.012294 0.016392
0 0.489970 0.380888 0.012592 0.018078
0 0.394729 0.438122 0.011829 0.016946
0 0.251001 0.400358 0.011513 0.016810
0 0.231098 0.427002 0.011413 0.016331
0 0.247192 0.498863 0.014055 0.017882
0 0.571767 0.362568 0.011878 0.016460
0 0.530845 0.297298 0.012325 0.016739
0 0.430063 0.863029 0.016667 0.022418
0 0.343089 0.705392 0.013686 0.018703
0 0.437249 0.262268 0.013858 0.019516
0 0.572853 0.644875 0.014064 0.019987
0 0.501228 0.868884 0.016522 0.023087
0 0.474636 0.451771 0.012600 0.018373
0 0.524735 0.390121 0.012740 0.018569
0 0.405953 0.462900 0.011377 0.015920
0 0.343755 0.896704 0.014652 0.019928
0 0.480691 0.897561 0.019305 0.026621
0 0.498822 0.780151 0.011560 0.016652
0 0.519046 0.242148 0.013496 0.019927
0 0.300931 0.679895 0.015740 0.021916
0 0.425393 0.331082 0.012768 0.016685
0 0.326268 0.565512 0.014887 0.020697
0 0.547419 0.229234 0.013454 0.017685
0 0.234880 0.266907 0.012422 0.017068
0 0.367533 0.379995 0.013477 0.017266
1 0.469300 0.312186 0.017050 0.027253
0 0.316535 0.897514 0.013840 0.018923
0 0.418578 0.308388 0.013079 0.017797
0 0.499389 0.405674 0.011151 0.015179
1 0.527591 0.657373 0.026128 0.034989
0 0.564598 0.509872 0.012928 0.019436
0 0.281242 0.378338 0.016579 0.017812
0 0.435538 0.166747 0.012150 0.018061
0 0.399974 0.913814 0.015511 0.020712
0 0.528383 0.265808 0.012857 0.016370
0 0.639133 0.283660 0.011285 0.016931
0 0.576418 0.279895 0.012755 0.018633
0 0.415343 0.489648 0.013901 0.017963
0 0.433566 0.673468 0.010867 0.015108
0 0.417822 0.772678 0.010125 0.013722
0 0.297147 0.302248 0.009591 0.013693
0 0.225649 0.623937 0.013169 0.018524
0 0.490653 0.520616 0.010386 0.016460
0 0.603274 0.506802 0.012269 0.017758
0 0.487723 0.739730 0.011194 0.016932
0 0.542495 0.597509 0.009714 0.014699
0 0.370037 0.527550 0.014177 0.018900
0 0.230290 0.727961 0.011373 0.017566
0 0.615952 0.723151 0.014870 0.019826
0 0.528743 0.584138 0.015499 0.019409
0 0.529504 0.768638 0.012598 0.017425
0 0.431468 0.730359 0.015192 0.018915
0 0.524444 0.786926 0.012292 0.016633
0 0.686156 0.462757 0.011633 0.016400
0 0.491618 0.445905 0.010966 0.014166
0 0.346975 0.500307 0.011602 0.017470
0 0.410523 0.194872 0.010517 0.016075
0 0.407381 0.859698 0.020341 0.031376
0 0.400076 0.539383 0.009385 0.013821
0 0.404533 0.740780 0.011363 0.016282
0 0.409408 0.794813 0.011318 0.015767
1 0.411519 0.417891 0.022492 0.031061
0 0.476887 0.633813 0.010730 0.014753
0 0.524932 0.870854 0.016531 0.024216
0 0.491428 0.707994 0.011213 0.015846
0 0.524457 0.859405 0.016199 0.038960
0 0.524711 0.849987 0.013126 0.024297
0 0.675022 0.510130 0.011863 0.016016
0 0.468695 0.774863 0.009634 0.014209