0 0.620938 0.414055 0.012023 0.016443
0 0.443910 0.231096 0.013041 0.017794
1 0.480842 0.708930 0.035821 0.048908
0 0.261645 0.371044 0.013428 0.019372
1 0.553599 0.695753 0.039942 0.045831
0 0.307471 0.220830 0.013561 0.018412
0 0.460462 0.432226 0.012938 0.017743
0 0.397292 0.767772 0.014301 0.019988
1 0.267919 0.532641 0.035722 0.052867
1 0.490291 0.635206 0.031724 0.049600
1 0.455836 0.654227 0.034472 0.046795
0 0.309138 0.411635 0.015193 0.021281
1 0.668359 0.583401 0.036714 0.047844
0 0.282874 0.314115 0.012739 0.018124
0 0.440316 0.310688 0.010490 0.014244
0 0.398465 0.458500 0.012731 0.018595
1 0.488043 0.234450 0.040821 0.053224
1 0.177481 0.297374 0.035794 0.049922
0 0.673214 0.371717 0.012584 0.017569
0 0.258011 0.585504 0.009572 0.013018
0 0.280453 0.607258 0.010497 0.014740
0 0.413761 0.750609 0.012966 0.018304
0 0.333010 0.702767 0.010601 0.014665
1 0.454861 0.737601 0.030077 0.060822
0 0.607164 0.324348 0.011658 0.016984
0 0.575378 0.324102 0.013808 0.020354
0 0.301272 0.543740 0.008813 0.013586
1 0.651740 0.663457 0.026703 0.040594
0 0.298502 0.161206 0.013815 0.020153
0 0.295777 0.687124 0.012679 0.017962
0 0.266691 0.092440 0.011719 0.016866
0 0.270058 0.639742 0.011598 0.014419
0 0.504632 0.400259 0.012628 0.017843
0 0.294249 0.341286 0.011129 0.016144
1 0.479021 0.085969 0.031519 0.047089
0 0.389750 0.679984 0.011284 0.015596
0 0.443722 0.079964 0.012506 0.017312
0 0.688772 0.347589 0.010114 0.013265
0 0.189655 0.479022 0.009369 0.012590
0 0.549220 0.115253 0.009665 0.015583
0 0.160941 0.409222 0.012016 0.015895
0 0.369373 0.685542 0.009901 0.013980
0 0.476966 0.324359 0.010941 0.016035
0 0.218653 0.447935 0.010151 0.014229
0 0.529450 0.258118 0.009980 0.014767
0 0.575124 0.106271 0.010701 0.016624
0 0.423285 0.228916 0.013034 0.017529
0 0.174934 0.225781 0.012383 0.017242
0 0.436758 0.595484 0.009699 0.012224
0 0.514086 0.570393 0.011470 0.016472
0 0.182677 0.330304 0.009539 0.012364
0 0.442756 0.517514 0.008924 0.013729
0 0.680099 0.210404 0.014341 0.018094
0 0.429657 0.417626 0.014632 0.022423
0 0.343731 0.752301 0.017006 0.025432
0 0.256201 0.476841 0.009053 0.012958
0 0.454694 0.458422 0.011492 0.017069
0 0.172072 0.469725 0.011591 0.015260
0 0.399319 0.232170 0.011287 0.016413
0 0.388875 0.063051 0.009877 0.015620
0 0.468635 0.497531 0.010516 0.015140
0 0.344444 0.450729 0.010324 0.014638
0 0.308715 0.361862 0.011329 0.017330