0 0.578179 0.734800 0.019099 0.014006
0 0.261439 0.585764 0.015066 0.012018
0 0.628715 0.440572 0.017649 0.013752
0 0.332260 0.479978 0.017395 0.012594
0 0.145551 0.379993 0.015638 0.012262
0 0.296095 0.434272 0.016754 0.012742
0 0.408495 0.297041 0.014422 0.010981
0 0.613031 0.376166 0.015387 0.011039
0 0.422730 0.734109 0.020376 0.015190
0 0.550076 0.583630 0.014334 0.011454
0 0.722786 0.461718 0.015218 0.011178
0 0.557543 0.515450 0.012361 0.010534
0 0.212097 0.525252 0.013641 0.011072
0 0.558534 0.646106 0.013658 0.011112
0 0.348314 0.537287 0.013982 0.010969
0 0.704497 0.361537 0.014046 0.010792
0 0.225164 0.488096 0.014368 0.011652
0 0.759603 0.438786 0.014176 0.010947
0 0.648604 0.334610 0.014645 0.011817
0 0.324333 0.506694 0.015018 0.012439
0 0.242272 0.609020 0.015713 0.011820
0 0.529238 0.753065 0.020402 0.013588
0 0.438417 0.280179 0.015169 0.011588
0 0.353146 0.595786 0.014728 0.011487
0 0.306823 0.358047 0.014080 0.011201
0 0.612076 0.554161 0.014290 0.012731
0 0.757172 0.386995 0.013117 0.010690
0 0.572518 0.268639 0.014250 0.011824
0 0.529836 0.574311 0.013776 0.010532
0 0.541188 0.472759 0.012869 0.010383
0 0.369574 0.636198 0.013384 0.010698
0 0.342361 0.557920 0.013636 0.010511
0 0.598088 0.417818 0.015761 0.012117
0 0.632218 0.697814 0.014424 0.011589
0 0.457735 0.779201 0.020836 0.015114
0 0.555252 0.335055 0.013914 0.011592
0 0.496728 0.327929 0.015088 0.011769
0 0.625285 0.491359 0.013097 0.011395
0 0.526230 0.298150 0.014778 0.011646
0 0.458022 0.642696 0.013188 0.010801
0 0.266258 0.642995 0.014763 0.011757
0 0.579243 0.487646 0.014047 0.010730
0 0.731233 0.394274 0.013522 0.010572
0 0.594067 0.582732 0.013749 0.010401
0 0.285283 0.357695 0.014436 0.010714
0 0.378528 0.589516 0.012480 0.010171
0 0.571616 0.345255 0.013556 0.009997
0 0.201833 0.570745 0.014510 0.010921
0 0.527087 0.599816 0.012758 0.009986
0 0.215042 0.543206 0.013431 0.010354
0 0.173284 0.443459 0.013913 0.010970
0 0.776870 0.545268 0.012955 0.010352
0 0.396778 0.431384 0.013670 0.010421
0 0.215837 0.345161 0.014115 0.011185
0 0.545058 0.369562 0.014247 0.011100
0 0.681355 0.516554 0.014299 0.011605
0 0.401217 0.523041 0.013786 0.010824
0 0.448567 0.383422 0.017965 0.010911
0 0.573232 0.425115 0.014414 0.010365
0 0.514588 0.785344 0.023824 0.016693
0 0.814319 0.550042 0.014430 0.011271
0 0.754561 0.658350 0.017646 0.012163
0 0.662648 0.396871 0.015163 0.012000
0 0.647070 0.463714 0.015659 0.012840
0 0.577758 0.291369 0.016131 0.013067
0 0.498663 0.443593 0.012549 0.010181
0 0.194120 0.550155 0.014093 0.010174
0 0.714335 0.341198 0.014724 0.011262
0 0.784125 0.373571 0.014574 0.011199
0 0.551211 0.681225 0.012340 0.009858
0 0.612141 0.516334 0.012971 0.010646
0 0.510257 0.240154 0.012325 0.010685
0 0.287922 0.716702 0.024772 0.015804
0 0.785578 0.427712 0.011616 0.008541
0 0.228798 0.588660 0.014878 0.011326
0 0.260053 0.272124 0.012866 0.010702
0 0.146040 0.410978 0.014059 0.010532
0 0.400597 0.759439 0.018758 0.013912
0 0.469505 0.360875 0.013154 0.009643
0 0.507565 0.366004 0.012958 0.009416
0 0.268555 0.554126 0.013159 0.010315
0 0.299727 0.313092 0.015072 0.012553
0 0.357018 0.464446 0.014617 0.012168
0 0.700620 0.488307 0.014169 0.012926
0 0.331477 0.366771 0.013784 0.010711
0 0.345121 0.359752 0.014272 0.011479
0 0.498132 0.389286 0.014128 0.010995
0 0.333578 0.243053 0.013498 0.011395
0 0.234946 0.563206 0.014127 0.010307
0 0.790352 0.350429 0.016401 0.012277
0 0.519186 0.435060 0.011549 0.009232
0 0.189120 0.465595 0.016825 0.010583
0 0.652458 0.609001 0.017788 0.013799
0 0.388641 0.384475 0.011781 0.008753
0 0.742666 0.488416 0.012315 0.010436
0 0.502564 0.743085 0.017033 0.012393
0 0.266235 0.392480 0.017435 0.014577
0 0.470994 0.686755 0.013140 0.009969
0 0.421557 0.548354 0.012997 0.010488
0 0.591108 0.318916 0.017143 0.015945
0 0.647297 0.247076 0.015538 0.012307
0 0.515882 0.209938 0.014658 0.011155
0 0.631273 0.594388 0.012246 0.009537
0 0.494884 0.431048 0.011766 0.010428
0 0.720759 0.291718 0.016884 0.013274
0 0.483345 0.795341 0.020886 0.012466
0 0.411840 0.662145 0.014079 0.013952
0 0.590423 0.334648 0.014262 0.011996
0 0.644025 0.391753 0.014848 0.011070
0 0.797954 0.511348 0.014143 0.011128
0 0.681029 0.385671 0.013011 0.010875
0 0.631435 0.356579 0.012950 0.009779
0 0.747414 0.312464 0.013602 0.009879
0 0.164493 0.534570 0.013907 0.011412
0 0.378122 0.533745 0.015367 0.011257
0 0.666559 0.631530 0.018193 0.013614
0 0.482993 0.672289 0.015679 0.010798
0 0.684239 0.282177 0.014554 0.012536
0 0.175344 0.517993 0.016509 0.010823
0 0.166052 0.487616 0.013012 0.010605
1 0.359659 0.324125 0.036320 0.026297
0 0.778227 0.499378 0.014431 0.011216
0 0.355906 0.438224 0.013269 0.010599
0 0.821434 0.483634 0.012731 0.009895
0 0.529337 0.378023 0.013323 0.012033
0 0.635380 0.629117 0.013400 0.010157
0 0.502739 0.620860 0.013630 0.012297
0 0.742078 0.363969 0.011979 0.009288
0 0.174510 0.347326 0.020956 0.011866
0 0.659809 0.491289 0.013561 0.011335
0 0.541202 0.432842 0.012887 0.009560
0 0.358104 0.398504 0.014198 0.012648
0 0.585942 0.700957 0.016167 0.011442
0 0.784368 0.481558 0.012628 0.010406
0 0.685091 0.432532 0.012417 0.009778
0 0.172931 0.328045 0.014902 0.012494
0 0.550336 0.295845 0.013436 0.010404
0 0.473959 0.382656 0.014864 0.009929
0 0.824537 0.404999 0.014194 0.010590
0 0.544691 0.548113 0.014103 0.011031
0 0.695766 0.395236 0.013646 0.009945
0 0.444679 0.607195 0.012097 0.008938
0 0.580455 0.458510 0.012163 0.009527
0 0.485349 0.642556 0.013768 0.010003
0 0.447383 0.323154 0.014868 0.013137
0 0.399096 0.342165 0.012124 0.018964
0 0.225370 0.371413 0.012415 0.010006
0 0.160974 0.554067 0.013218 0.010328
0 0.457746 0.533248 0.016388 0.013087
0 0.335526 0.455371 0.012470 0.009189
0 0.378569 0.616663 0.012421 0.010002
0 0.380870 0.445961 0.015364 0.010193
0 0.487168 0.561627 0.012724 0.011403
0 0.168718 0.580856 0.017223 0.015518
0 0.191156 0.586573 0.014517 0.011218
0 0.554376 0.539410 0.013385 0.011131
0 0.401150 0.623413 0.014041 0.013492
0 0.184749 0.397166 0.014220 0.010266
0 0.458913 0.716535 0.018810 0.012697
0 0.649655 0.297382 0.014301 0.013166
0 0.377428 0.289249 0.014930 0.011128
0 0.315870 0.270557 0.012707 0.015374
0 0.417355 0.559607 0.013293 0.010732
0 0.603313 0.652178 0.011731 0.009392
0 0.432386 0.498471 0.015243 0.008644
0 0.551140 0.458091 0.014313 0.010386
0 0.319001 0.600276 0.012301 0.010673
0 0.461403 0.607068 0.011259 0.009128
0 0.672160 0.362192 0.015510 0.013664
0 0.570718 0.608236 0.011553 0.008970
0 0.229870 0.281054 0.014282 0.013732
0 0.344743 0.394739 0.017440 0.012541
0 0.599356 0.684358 0.014227 0.011000
0 0.262582 0.375556 0.012831 0.010699
0 0.324847 0.561130 0.012460 0.009914
0 0.494596 0.359793 0.012304 0.009123
0 0.505153 0.700350 0.011973 0.010833
0 0.706667 0.299232 0.012792 0.010500
0 0.466788 0.495496 0.012935 0.010708
0 0.420583 0.609175 0.013326 0.011925
0 0.326411 0.343280 0.016814 0.016747
0 0.767437 0.341427 0.015332 0.011751
0 0.783506 0.319875 0.015532 0.012692
0 0.840700 0.452379 0.013516 0.010588
0 0.548092 0.543565 0.015355 0.014410
0 0.655606 0.516072 0.014584 0.012055
0 0.382376 0.618569 0.016303 0.012347
0 0.832533 0.467338 0.011851 0.008927
0 0.804869 0.494471 0.011976 0.009861
0 0.502712 0.362308 0.014865 0.010125
1 0.841427 0.632905 0.020129 0.030193