0 0.319315 0.496060 0.013550 0.018785
0 0.344555 0.261434 0.011786 0.017120
0 0.330881 0.228700 0.011815 0.017323
0 0.403444 0.224994 0.011496 0.017338
0 0.274193 0.424621 0.013929 0.018945
0 0.356728 0.545724 0.012374 0.018084
0 0.359696 0.208351 0.011406 0.017182
0 0.422154 0.550658 0.014220 0.020372
0 0.167826 0.524748 0.011573 0.016415
0 0.307259 0.234914 0.011824 0.017558
0 0.293974 0.467327 0.013688 0.016924
0 0.441744 0.627011 0.009572 0.012850
0 0.298296 0.526720 0.011354 0.015281
0 0.548461 0.203865 0.013665 0.018263
0 0.172225 0.571387 0.011245 0.015801
0 0.535218 0.517920 0.014301 0.019308
0 0.456388 0.203222 0.012835 0.020040
0 0.436706 0.353371 0.014117 0.021053
0 0.292605 0.359652 0.012046 0.017843
0 0.545576 0.389174 0.013102 0.018489
0 0.463418 0.501935 0.017125 0.023327
0 0.517541 0.653971 0.012642 0.017515
0 0.422628 0.314871 0.013324 0.018122
1 0.514821 0.441870 0.030375 0.043230
0 0.577136 0.320415 0.013569 0.018905
0 0.499300 0.334430 0.012279 0.017496
0 0.507876 0.619453 0.011863 0.016504
0 0.263950 0.371710 0.017243 0.019237
0 0.199253 0.452337 0.012387 0.017066
0 0.315690 0.434771 0.011101 0.015718
0 0.287791 0.396461 0.011868 0.015655
0 0.155739 0.351702 0.013001 0.018582
0 0.554011 0.727818 0.012589 0.017495
0 0.475799 0.287959 0.013413 0.017257
0 0.275264 0.578860 0.011565 0.016265
0 0.269866 0.515818 0.016554 0.025806
0 0.309911 0.385691 0.011611 0.015258
0 0.300886 0.184624 0.011511 0.018743
0 0.204060 0.574814 0.013387 0.022125
0 0.339578 0.425432 0.010806 0.015981
0 0.610577 0.362503 0.012124 0.017012
0 0.455188 0.873205 0.018158 0.026373
0 0.361001 0.708099 0.011180 0.017917
0 0.283278 0.609307 0.015195 0.021286
0 0.492128 0.308399 0.012723 0.018271
0 0.276927 0.289746 0.014946 0.021084
0 0.293470 0.730507 0.011870 0.017927
0 0.568686 0.710215 0.011953 0.016589
0 0.581633 0.677588 0.014207 0.019409
0 0.325525 0.309903 0.013033 0.016631
0 0.188637 0.513695 0.010850 0.014785
0 0.150189 0.561398 0.012819 0.018422
0 0.472713 0.316888 0.012886 0.018395
0 0.418131 0.756917 0.013795 0.020043
0 0.186830 0.589063 0.010486 0.014102
0 0.217010 0.705795 0.012272 0.018527
0 0.624985 0.363034 0.011006 0.016014
0 0.220036 0.626438 0.009889 0.016059
0 0.506157 0.780962 0.010814 0.017626
0 0.367537 0.389069 0.012240 0.017264
0 0.390475 0.768577 0.012976 0.018643
0 0.171426 0.617483 0.010375 0.015161
0 0.323241 0.412593 0.012508 0.015283
0 0.631901 0.399098 0.014929 0.017624
0 0.133350 0.526986 0.012343 0.018099
0 0.476234 0.217261 0.010181 0.015571
0 0.334889 0.839416 0.014749 0.020100
0 0.632457 0.442689 0.009082 0.014387
0 0.547125 0.631444 0.011376 0.015712
0 0.451325 0.572866 0.013019 0.016211
0 0.622380 0.416689 0.011589 0.015656
0 0.194100 0.715865 0.011069 0.015916
0 0.130247 0.449323 0.010763 0.016191
1 0.476688 0.764605 0.035485 0.038301