0 0.214679 0.393844 0.017476 0.012699
0 0.363353 0.548330 0.016701 0.011909
0 0.328141 0.358647 0.018449 0.014381
0 0.162800 0.377977 0.016838 0.012413
0 0.219756 0.547245 0.016344 0.012515
0 0.425243 0.484180 0.015243 0.011756
0 0.492475 0.347969 0.017618 0.013669
0 0.500899 0.510112 0.014342 0.011582
0 0.254372 0.332993 0.020959 0.015912
0 0.481032 0.294323 0.016811 0.011859
0 0.581466 0.336753 0.017090 0.012395
0 0.295053 0.296175 0.018819 0.014228
0 0.360193 0.509695 0.015282 0.011723
0 0.478956 0.539251 0.013914 0.010118
0 0.219957 0.515824 0.016583 0.012677
0 0.414069 0.393807 0.018033 0.013365
0 0.568776 0.538743 0.015746 0.011097
0 0.353439 0.610391 0.018201 0.013958
0 0.564065 0.508873 0.014759 0.010858
0 0.382575 0.361113 0.017669 0.013768
0 0.181628 0.534876 0.015876 0.012053
0 0.385627 0.563579 0.014190 0.010912
0 0.374559 0.473370 0.014378 0.011994
0 0.344954 0.446944 0.017382 0.013535
0 0.287130 0.531513 0.016667 0.012033
0 0.435883 0.292740 0.016781 0.013209
0 0.433986 0.553972 0.014995 0.012142
0 0.495109 0.325980 0.016860 0.012008
0 0.184289 0.511023 0.016351 0.012745
0 0.564552 0.466184 0.016609 0.012445
0 0.615617 0.497461 0.015933 0.012762
0 0.264991 0.542967 0.016356 0.012580
0 0.523944 0.237898 0.016611 0.013063
0 0.311808 0.222879 0.018285 0.014227
0 0.577126 0.606626 0.015174 0.011713
1 0.536568 0.559255 0.050823 0.036921
0 0.633588 0.506642 0.014462 0.011559
0 0.605081 0.267873 0.019242 0.015024
0 0.204605 0.454665 0.015762 0.011508
0 0.420005 0.265732 0.018461 0.014069
0 0.376855 0.171116 0.015275 0.012252
0 0.573776 0.287646 0.018493 0.012866
0 0.576071 0.387339 0.016684 0.012133
0 0.367498 0.694376 0.017456 0.013566
0 0.146248 0.301794 0.018518 0.013126
1 0.562117 0.712691 0.087893 0.047182
0 0.336408 0.223671 0.017167 0.013588
1 0.691528 0.479646 0.052738 0.038434
0 0.430651 0.575832 0.014558 0.011305
1 0.675369 0.282832 0.101469 0.070975
0 0.122800 0.396608 0.018171 0.013278
0 0.485032 0.413882 0.015599 0.011368
0 0.205156 0.584511 0.018856 0.014364
1 0.783102 0.445049 0.070232 0.049530
0 0.448758 0.183033 0.013323 0.011670
0 0.154607 0.329362 0.017039 0.013064
0 0.398900 0.451461 0.014384 0.011258
0 0.680350 0.583470 0.015285 0.011774
1 0.125334 0.563921 0.053437 0.040275
1 0.370998 0.664218 0.050831 0.037902
0 0.493193 0.651719 0.016552 0.012835
1 0.539954 0.401558 0.045180 0.035925
1 0.134136 0.465402 0.054808 0.036960
0 0.688478 0.522887 0.013367 0.010081
0 0.297981 0.619653 0.015996 0.012813
0 0.387597 0.643721 0.014979 0.010854
1 0.431268 0.445791 0.046584 0.036677
0 0.322493 0.445114 0.016852 0.013014
0 0.583862 0.407574 0.016704 0.012045
0 0.473904 0.458845 0.014964 0.012601
0 0.651425 0.374989 0.016156 0.012346
0 0.282623 0.641876 0.017078 0.012214
0 0.404107 0.696285 0.018583 0.015332
0 0.746080 0.515284 0.013333 0.010234
0 0.467089 0.527126 0.014272 0.010575
0 0.547062 0.660961 0.015710 0.013002
0 0.266891 0.225752 0.016449 0.013346
0 0.348478 0.631531 0.014744 0.010725
0 0.270349 0.402183 0.017048 0.013293
1 0.506616 0.590713 0.040060 0.032160
0 0.448119 0.210473 0.015381 0.012560
0 0.664339 0.221324 0.016581 0.014303
0 0.249768 0.409152 0.022319 0.013387
0 0.341719 0.318427 0.015441 0.012425
0 0.447553 0.672792 0.017525 0.014431
0 0.217875 0.308915 0.016444 0.013202
1 0.629149 0.621597 0.049685 0.038114
0 0.563500 0.166547 0.017560 0.013083
0 0.629921 0.407373 0.017423 0.013225
0 0.726674 0.495807 0.011971 0.008640
0 0.774332 0.513239 0.012603 0.010494
0 0.695978 0.614486 0.015166 0.011262
0 0.092370 0.397724 0.017743 0.014823
0 0.651850 0.592292 0.013559 0.010564
0 0.636288 0.569340 0.013135 0.010285
0 0.262117 0.453440 0.015917 0.011986
0 0.791530 0.358245 0.019076 0.014164
0 0.754463 0.536471 0.020352 0.012792
0 0.460356 0.249063 0.014415 0.011072
0 0.539429 0.688643 0.016187 0.010278
0 0.791766 0.337376 0.015416 0.011932
0 0.775916 0.286600 0.017872 0.015051
0 0.474469 0.714163 0.021200 0.014203
0 0.549726 0.380831 0.014579 0.010139
0 0.343833 0.183951 0.015430 0.014109
0 0.810405 0.486486 0.012503 0.009463
0 0.397346 0.514614 0.012418 0.009558
0 0.666768 0.645937 0.014971 0.012843
0 0.191860 0.239257 0.014567 0.012597
0 0.648844 0.583486 0.013974 0.015067
0 0.193651 0.289622 0.016680 0.014103
0 0.369650 0.281392 0.015260 0.012119