0 0.456244 0.497027 0.016974 0.013500
0 0.665403 0.398568 0.016263 0.013711
0 0.295232 0.504084 0.017941 0.013558
0 0.618439 0.630526 0.015791 0.011823
0 0.485396 0.677978 0.015213 0.011856
0 0.666005 0.628512 0.015129 0.011907
0 0.372845 0.426045 0.016487 0.013504
1 0.422574 0.675659 0.044725 0.041971
0 0.519094 0.636233 0.015531 0.013200
0 0.186336 0.594845 0.015131 0.012212
0 0.241839 0.449098 0.013952 0.011117
0 0.505565 0.492884 0.015014 0.011319
0 0.282887 0.444182 0.014145 0.012640
0 0.516687 0.704108 0.014337 0.013166
0 0.481011 0.312703 0.015465 0.012951
0 0.587845 0.845904 0.019805 0.015524
0 0.361201 0.455861 0.017727 0.012914
0 0.336518 0.695426 0.013614 0.010597
0 0.610898 0.866822 0.020622 0.013981
0 0.531368 0.657541 0.013969 0.010628
0 0.865620 0.570148 0.013120 0.010292
0 0.242063 0.556675 0.014091 0.011086
0 0.833471 0.585342 0.016931 0.013258
0 0.600510 0.560674 0.015540 0.012246
0 0.515174 0.869387 0.019993 0.015116
0 0.274373 0.810708 0.015530 0.012140
1 0.806990 0.612640 0.045177 0.029689
0 0.332664 0.633040 0.016648 0.015168
0 0.556700 0.691265 0.012855 0.010214
0 0.450770 0.709662 0.013625 0.010648
0 0.620556 0.457092 0.014556 0.012115
0 0.337658 0.443351 0.016376 0.012397
0 0.652975 0.668547 0.014134 0.011162
0 0.446700 0.321547 0.015356 0.012578
0 0.898116 0.610875 0.014563 0.010865
0 0.770034 0.502709 0.015174 0.013322
0 0.455255 0.605261 0.013928 0.011596
0 0.559406 0.582453 0.014443 0.012260
0 0.723826 0.594210 0.014354 0.014351
0 0.693721 0.526737 0.013184 0.010273
0 0.769558 0.540966 0.012514 0.009965
1 0.395552 0.526715 0.036977 0.030090
0 0.439380 0.628793 0.014902 0.014446
0 0.654322 0.704797 0.013508 0.010297
0 0.345436 0.583815 0.016528 0.012988
0 0.381067 0.566352 0.014213 0.011601
0 0.852031 0.518887 0.013199 0.010596
0 0.581844 0.607183 0.015208 0.012497
0 0.763589 0.567297 0.013418 0.010344
0 0.444777 0.555175 0.013667 0.013034
0 0.803523 0.401546 0.016262 0.012908
0 0.631793 0.510094 0.016833 0.014129
0 0.668087 0.523558 0.015550 0.013704
0 0.376326 0.820271 0.019953 0.014267
0 0.596916 0.603668 0.014241 0.011144
0 0.813113 0.467722 0.012907 0.010302
0 0.505650 0.381102 0.018812 0.018435
0 0.428581 0.447528 0.013890 0.010805
0 0.826790 0.486236 0.015283 0.011223
0 0.794168 0.588234 0.013973 0.011263
0 0.819108 0.570925 0.012182 0.009264
0 0.580260 0.379124 0.015615 0.015242
0 0.215123 0.551657 0.014057 0.012075
0 0.663154 0.559735 0.013834 0.011680
0 0.680163 0.682111 0.012792 0.010915
0 0.799653 0.731911 0.013726 0.013905
0 0.591202 0.400335 0.017092 0.013821
0 0.765750 0.368695 0.015542 0.011567
0 0.474957 0.530225 0.014970 0.011980
0 0.467401 0.723465 0.013467 0.011533
0 0.475950 0.876618 0.020751 0.015009
0 0.577539 0.721122 0.012746 0.010748
0 0.692309 0.586931 0.016328 0.011909
0 0.331403 0.811195 0.017306 0.012906
0 0.739607 0.502534 0.014049 0.010803
0 0.540961 0.849852 0.020586 0.018120
0 0.834568 0.422192 0.017502 0.013557
0 0.637909 0.345137 0.013471 0.012496
0 0.378650 0.381562 0.015361 0.013547
1 0.396800 0.356177 0.031257 0.024900
0 0.142393 0.505337 0.015082 0.012825
0 0.580574 0.509527 0.022408 0.013394
0 0.693321 0.551338 0.018564 0.015691
0 0.291830 0.392870 0.013358 0.011118