0 0.493730 0.442393 0.015485 0.012191
0 0.599002 0.458619 0.014156 0.011586
0 0.653022 0.589367 0.014547 0.010461
0 0.157141 0.562974 0.012745 0.009593
0 0.421838 0.653839 0.012447 0.009783
0 0.650414 0.715205 0.012747 0.010524
1 0.512921 0.602663 0.048892 0.049902
0 0.575911 0.442555 0.012785 0.010258
0 0.243784 0.560800 0.015472 0.012064
0 0.496402 0.718159 0.012908 0.010083
0 0.279856 0.496608 0.017174 0.013053
0 0.420071 0.453228 0.015411 0.012769
0 0.242019 0.640300 0.011883 0.009648
0 0.352433 0.603699 0.014395 0.010835
0 0.413677 0.379652 0.012557 0.009820
0 0.685039 0.396660 0.015093 0.012233
0 0.479179 0.672608 0.012773 0.011119
0 0.300207 0.472988 0.013931 0.011852
0 0.148615 0.372360 0.018463 0.014370
0 0.459446 0.462476 0.012040 0.009562
0 0.094274 0.412863 0.016949 0.013591
0 0.504072 0.497248 0.013149 0.011391
0 0.526978 0.720832 0.011481 0.009440
0 0.603189 0.426084 0.015572 0.013002
0 0.653663 0.671764 0.012167 0.008694
0 0.523206 0.341454 0.012718 0.011018
0 0.287910 0.775739 0.011387 0.008544
0 0.482972 0.373718 0.013206 0.011011
0 0.706299 0.522776 0.012045 0.008875
0 0.614581 0.574483 0.012738 0.009234
0 0.372771 0.493109 0.014869 0.011321
0 0.624477 0.527000 0.018867 0.012957
0 0.641062 0.401398 0.014019 0.010219
0 0.139295 0.641613 0.011527 0.009496
0 0.338290 0.620936 0.015864 0.012708
0 0.476460 0.738761 0.011998 0.010416
0 0.128801 0.499945 0.013766 0.009602
0 0.327491 0.434966 0.015507 0.012978
1 0.461050 0.555111 0.051247 0.032462
0 0.339861 0.542492 0.014438 0.010228
1 0.390135 0.558097 0.042964 0.034170
0 0.417507 0.609066 0.015301 0.010636
0 0.183044 0.580579 0.013335 0.010201
0 0.190165 0.483536 0.014044 0.011572
0 0.539570 0.445043 0.020983 0.014136
0 0.492014 0.817957 0.012983 0.009920
0 0.571072 0.535582 0.014660 0.010729
0 0.594639 0.669964 0.013786 0.010502
0 0.348799 0.494874 0.013466 0.009767
0 0.608873 0.376721 0.017794 0.012961
0 0.222625 0.818355 0.015361 0.012160
0 0.354403 0.333697 0.016219 0.014015
0 0.665656 0.653962 0.013532 0.009258
0 0.602283 0.544226 0.014805 0.014059
0 0.630957 0.608995 0.014753 0.010072
0 0.308543 0.821117 0.016928 0.015208
0 0.565008 0.636765 0.010990 0.008601
0 0.062093 0.564086 0.013148 0.010151
1 0.783171 0.651679 0.037357 0.037663
0 0.667082 0.374138 0.015585 0.013230
0 0.415070 0.433812 0.014342 0.011717
0 0.608301 0.792154 0.014562 0.010462
0 0.632397 0.446810 0.012326 0.009722
0 0.044142 0.512768 0.014288 0.012037
0 0.633503 0.429183 0.012839 0.010652
0 0.384143 0.718087 0.013796 0.012387
0 0.320176 0.558777 0.012095 0.010083
0 0.457747 0.416299 0.018100 0.015426
0 0.566646 0.797725 0.012774 0.009681
0 0.315772 0.371172 0.012702 0.010382
0 0.700880 0.549570 0.018070 0.012610
0 0.219014 0.413817 0.018239 0.013751
0 0.091228 0.573370 0.014429 0.010234
0 0.568943 0.587920 0.012019 0.009652
0 0.344321 0.779024 0.012212 0.009956
0 0.583558 0.514999 0.020813 0.014538
0 0.378804 0.447198 0.016109 0.013199
0 0.675588 0.680729 0.012715 0.010784
1 0.717565 0.633682 0.036766 0.030513
0 0.690359 0.664474 0.011622 0.008732
0 0.170922 0.734097 0.011748 0.008699
0 0.270448 0.832417 0.016669 0.012352
0 0.463475 0.594769 0.013397 0.010317
0 0.470610 0.488306 0.011742 0.009326
0 0.703365 0.462459 0.020081 0.015642
0 0.101703 0.475351 0.012896 0.010377
0 0.440004 0.571146 0.014155 0.011558
0 0.406049 0.530658 0.013087 0.011166
0 0.243601 0.780533 0.012110 0.010736
0 0.549169 0.609194 0.011324 0.009360
0 0.158727 0.618193 0.010742 0.008823
1 0.246497 0.458834 0.038011 0.029576
0 0.318454 0.761149 0.013489 0.009744
0 0.165014 0.774565 0.014456 0.011012
0 0.422432 0.629836 0.019173 0.013277
0 0.583830 0.697196 0.011782 0.008385
0 0.539913 0.687513 0.015596 0.014208
0 0.128895 0.531030 0.022090 0.016028
0 0.660156 0.431596 0.013013 0.009639
0 0.348497 0.582913 0.012433 0.009214
0 0.399561 0.341382 0.011151 0.009555
1 0.354776 0.374541 0.039019 0.036749
0 0.604805 0.404902 0.015046 0.009702
0 0.611400 0.475704 0.012456 0.011207
0 0.300704 0.728434 0.011919 0.009715
0 0.165345 0.447846 0.014892 0.010668
0 0.220414 0.728423 0.011092 0.008765
0 0.294982 0.573709 0.013565 0.009402
0 0.164248 0.387273 0.015306 0.011789
0 0.543510 0.671486 0.012928 0.009670
0 0.716338 0.685644 0.013229 0.010690
0 0.122900 0.664394 0.011219 0.009163
0 0.424638 0.301064 0.019891 0.014404
0 0.469362 0.776360 0.011984 0.009739
0 0.069275 0.441468 0.017866 0.015541
0 0.273694 0.587286 0.012888 0.009622
1 0.050426 0.678285 0.063877 0.047799
1 0.259948 0.358121 0.041040 0.028245
0 0.072751 0.543682 0.012859 0.010038
0 0.226879 0.751669 0.015878 0.012134
0 0.516012 0.832314 0.015943 0.012422
0 0.272268 0.811850 0.013971 0.011508
0 0.548424 0.342969 0.011946 0.010221
0 0.066937 0.640859 0.014943 0.010995
0 0.586217 0.415527 0.012854 0.008955
0 0.741283 0.495674 0.015611 0.014039
0 0.166087 0.586603 0.012223 0.009314
0 0.548416 0.392057 0.016183 0.014987
0 0.517359 0.395983 0.020199 0.013981
0 0.533890 0.304090 0.018056 0.013732
0 0.669144 0.627033 0.010570 0.008151
0 0.330718 0.332417 0.013478 0.011021
0 0.249452 0.727459 0.011144 0.010311
0 0.399963 0.776679 0.011469 0.010050
0 0.511801 0.792556 0.011682 0.009328
0 0.433475 0.315578 0.013868 0.010796
1 0.357315 0.290737 0.068230 0.028311
0 0.272067 0.425587 0.012827 0.010504
0 0.280955 0.641357 0.016917 0.010738
0 0.675372 0.490942 0.022468 0.015198
0 0.424785 0.333724 0.011823 0.010671
0 0.272204 0.667514 0.010563 0.009057
0 0.114803 0.401653 0.015070 0.013928
0 0.447900 0.392677 0.013149 0.011073
0 0.601687 0.728370 0.015014 0.011932
0 0.155555 0.747918 0.012956 0.011625
0 0.626974 0.384393 0.014345 0.012196
0 0.195570 0.418269 0.017232 0.013792
0 0.377497 0.424839 0.015405 0.012597
0 0.218728 0.686537 0.014185 0.012670
0 0.208125 0.654478 0.011902 0.010077
0 0.638380 0.500595 0.020618 0.014146
0 0.473833 0.295638 0.011852 0.011353
0 0.157877 0.799252 0.015418 0.014026
0 0.606243 0.622876 0.012143 0.011895
0 0.300449 0.314480 0.017197 0.011723
0 0.157673 0.706673 0.011864 0.009129
0 0.560269 0.712340 0.011423 0.008536
0 0.213917 0.378340 0.017090 0.016469
0 0.231494 0.391525 0.013973 0.011573
0 0.339621 0.441642 0.014880 0.013283
0 0.077603 0.491087 0.014279 0.011186
0 0.371653 0.532696 0.012957 0.010524
0 0.312003 0.576182 0.013793 0.009951
0 0.511750 0.379416 0.013133 0.010510
0 0.250559 0.601733 0.012656 0.009216
0 0.077791 0.617966 0.012362 0.010168
0 0.285521 0.442464 0.010795 0.008214
0 0.739461 0.529825 0.016608 0.011177
0 0.410890 0.690588 0.010740 0.009431
0 0.136217 0.599675 0.010649 0.008465
0 0.335586 0.506420 0.011055 0.008710
0 0.241824 0.698120 0.013055 0.010277
0 0.279992 0.745588 0.010628 0.009922
0 0.474718 0.400690 0.013734 0.012931
0 0.416052 0.419688 0.012950 0.009899
0 0.529680 0.665762 0.013422 0.009658
0 0.187637 0.453735 0.011729 0.008568
0 0.563632 0.736638 0.015766 0.010007
0 0.550361 0.364823 0.011066 0.008866
0 0.362025 0.748538 0.012952 0.009146
0 0.209479 0.566717 0.017688 0.009821
0 0.604760 0.747793 0.014379 0.010169
0 0.175170 0.704565 0.010527 0.008276
0 0.342226 0.723618 0.011952 0.009256
0 0.196219 0.352158 0.013823 0.011523
0 0.359544 0.461125 0.013085 0.010079
0 0.173319 0.344559 0.015623 0.014404
0 0.497318 0.777603 0.013023 0.010508
0 0.571293 0.337892 0.012881 0.012053
0 0.208281 0.629293 0.011840 0.010112
0 0.671991 0.457904 0.014070 0.010539
0 0.162929 0.509301 0.011960 0.009694
0 0.224351 0.792814 0.013822 0.011435
0 0.416623 0.831964 0.016431 0.013388
0 0.373914 0.587199 0.012436 0.012271
0 0.671861 0.750468 0.012496 0.009888
0 0.648560 0.557544 0.010265 0.009123
0 0.582779 0.627530 0.012518 0.008869
0 0.208304 0.512994 0.018528 0.015227
0 0.283648 0.836541 0.016599 0.011755
0 0.518211 0.321858 0.011237 0.009818
0 0.257158 0.322690 0.014062 0.015255
0 0.592602 0.389195 0.012711 0.009671
0 0.667068 0.744756 0.012174 0.009954
0 0.394050 0.394038 0.012017 0.009466
0 0.132265 0.740847 0.012615 0.010024
0 0.605313 0.601284 0.012145 0.009019
0 0.421600 0.589834 0.011550 0.009007
0 0.312704 0.341808 0.013107 0.010886
0 0.768945 0.499241 0.016499 0.013517
0 0.105951 0.610615 0.020259 0.014187
0 0.170422 0.584803 0.016575 0.009987
0 0.371775 0.583337 0.013096 0.017398
0 0.206830 0.525374 0.015219 0.012003
0 0.712555 0.433675 0.034569 0.017607
0 0.519880 0.811256 0.017171 0.009890
0 0.275623 0.551544 0.015662 0.011911
0 0.538075 0.785816 0.013627 0.010266
0 0.044100 0.618514 0.012277 0.010889
0 0.771515 0.516838 0.015506 0.012170
0 0.048268 0.467766 0.014974 0.012911
0 0.172623 0.423621 0.012329 0.009716
0 0.480410 0.840036 0.012962 0.010313
0 0.438882 0.423978 0.013388 0.011328
0 0.455380 0.377070 0.014097 0.015024
0 0.540958 0.387642 0.026335 0.016910
0 0.261654 0.617173 0.012553 0.010112
0 0.442792 0.859312 0.022651 0.015343
0 0.050004 0.485130 0.013799 0.011682
0 0.561968 0.690319 0.012486 0.012896
0 0.181495 0.818498 0.016234 0.010900
0 0.220232 0.553903 0.014474 0.010177
0 0.131292 0.473765 0.015671 0.012721
0 0.468159 0.512232 0.009968 0.009011
0 0.124410 0.758145 0.012295 0.010635
0 0.584344 0.357556 0.015598 0.012064
0 0.329919 0.738724 0.012435 0.010872
0 0.493957 0.690866 0.009334 0.007155
0 0.386136 0.740486 0.013033 0.010609
0 0.598897 0.353012 0.019446 0.013003
1 0.552935 0.839922 0.041264 0.037742