0 0.290296 0.621610 0.023993 0.017312
0 0.598800 0.591564 0.026850 0.021225
0 0.498247 0.717103 0.024568 0.019924
0 0.565860 0.715071 0.023796 0.018421
0 0.226135 0.797651 0.024989 0.018554
0 0.190000 0.691377 0.026055 0.020345
0 0.666378 0.566048 0.026365 0.021775
0 0.497484 0.417650 0.019931 0.015882
0 0.157505 0.632674 0.024128 0.018236
0 0.763995 0.752634 0.028380 0.021045
0 0.523619 0.811422 0.023971 0.018587
0 0.418412 0.946941 0.024648 0.019370
0 0.507461 0.933342 0.024261 0.019393
0 0.468169 0.612079 0.023623 0.018679
0 0.313052 0.461943 0.021180 0.016853
0 0.296380 0.548683 0.018583 0.014832
0 0.531237 0.889264 0.021571 0.016909
0 0.659336 0.507078 0.022642 0.017087
0 0.309036 0.799472 0.021705 0.017950
0 0.281942 0.795005 0.019529 0.015975
0 0.804542 0.607207 0.025608 0.019132
0 0.335677 0.648448 0.027525 0.025489
0 0.298274 0.670494 0.021710 0.018257
0 0.312015 0.866527 0.023019 0.018544
0 0.576545 0.977457 0.025613 0.019367
0 0.600768 0.955278 0.023872 0.018488
0 0.578000 0.898801 0.019570 0.015717
0 0.161416 0.525611 0.019700 0.016821
0 0.423247 0.631190 0.025932 0.018801
0 0.403555 0.783151 0.021068 0.017296
0 0.706762 0.928725 0.017196 0.013426
0 0.697138 0.814689 0.018680 0.015109
0 0.739301 0.721971 0.020957 0.016894
0 0.393912 0.968180 0.027242 0.024771
0 0.421276 0.511418 0.024042 0.017188
0 0.469988 0.784356 0.018454 0.014981