0 0.299131 0.783310 0.016674 0.013128
0 0.553153 0.871515 0.019222 0.014326
0 0.616952 0.634602 0.020373 0.015170
0 0.260328 0.728232 0.017520 0.013446
0 0.098986 0.544642 0.016856 0.013194
0 0.157636 0.540215 0.015963 0.012472
0 0.275678 0.460665 0.017903 0.015702
1 0.118818 0.731112 0.042660 0.040781
0 0.428398 0.896738 0.024674 0.018397
0 0.419639 0.435176 0.017256 0.014228
0 0.235205 0.774624 0.015519 0.012736
0 0.480439 0.671160 0.021107 0.016810
0 0.292502 0.671416 0.015044 0.012157
0 0.335127 0.582242 0.015283 0.011865
0 0.526743 0.496532 0.018731 0.014573
0 0.534608 0.780208 0.016206 0.012122
0 0.132830 0.848951 0.016918 0.013592
0 0.176195 0.755075 0.015650 0.011961
0 0.442464 0.933545 0.026201 0.019270
0 0.457362 0.447231 0.016522 0.014506
0 0.175048 0.874391 0.021553 0.019059
0 0.523799 0.643924 0.020727 0.017359
0 0.347267 0.599235 0.015644 0.012054
0 0.365260 0.566014 0.015681 0.012183
0 0.333087 0.499459 0.016360 0.012395
0 0.366600 0.619806 0.015327 0.012940
0 0.204052 0.578432 0.015926 0.012712
0 0.315558 0.891501 0.017606 0.014154
1 0.185340 0.451762 0.037977 0.036101
1 0.656117 0.610641 0.038418 0.028992
1 0.102205 0.769204 0.042329 0.033616
0 0.265849 0.533972 0.017774 0.015133
0 0.373512 0.733489 0.014097 0.011304
0 0.346236 0.940607 0.024433 0.017869
0 0.373546 0.841806 0.021819 0.016757
0 0.324976 0.937934 0.026046 0.020374
0 0.554648 0.909514 0.018366 0.013306
0 0.140415 0.592418 0.016352 0.012609
0 0.644586 0.486832 0.019333 0.015440
0 0.272975 0.624622 0.015820 0.013378
0 0.129294 0.441682 0.014860 0.011829
0 0.511108 0.904799 0.019353 0.014662
0 0.700849 0.616998 0.015899 0.012240
0 0.314897 0.532416 0.017495 0.013750
0 0.335423 0.444074 0.018514 0.016242
0 0.518899 0.857345 0.020855 0.015254
0 0.122897 0.479725 0.015434 0.012494
0 0.577848 0.842652 0.017085 0.015129
0 0.553498 0.517194 0.023580 0.023331
0 0.672759 0.712310 0.019268 0.014359
0 0.137332 0.616631 0.015635 0.012071
0 0.405031 0.688200 0.016415 0.013273
0 0.448524 0.401273 0.014771 0.013558
0 0.430947 0.718357 0.019517 0.013896
0 0.299216 0.622101 0.014990 0.012949
0 0.069772 0.735413 0.020280 0.013264
0 0.676718 0.567740 0.015613 0.011781
0 0.288674 0.659095 0.016162 0.012915
0 0.250259 0.896535 0.017574 0.014667
0 0.309101 0.382919 0.013800 0.012163
0 0.101969 0.612479 0.018825 0.015221
0 0.499995 0.757525 0.016325 0.012903
0 0.564235 0.669412 0.018379 0.015967
0 0.341966 0.533651 0.019868 0.017342
0 0.180502 0.554343 0.015392 0.013920
0 0.112655 0.660138 0.014333 0.012116
0 0.646994 0.470867 0.018248 0.014926
0 0.309370 0.743388 0.014307 0.011965
0 0.361312 0.517242 0.018543 0.014112
0 0.245392 0.655394 0.014467 0.011538
0 0.240225 0.529109 0.016610 0.014709
0 0.233953 0.514513 0.017568 0.013680
0 0.665207 0.517506 0.014475 0.012099
0 0.445998 0.789430 0.017020 0.013304
0 0.288727 0.602062 0.014727 0.010049
0 0.127690 0.600585 0.016772 0.013836