0 0.223894 0.911840 0.026398 0.019457
0 0.290347 0.745990 0.022433 0.017320
1 0.574782 0.685842 0.043405 0.036122
0 0.298989 0.933245 0.021395 0.016966
0 0.585954 0.729043 0.026796 0.019953
0 0.305278 0.536187 0.024927 0.018310
0 0.513241 0.578054 0.019487 0.014473
0 0.115788 0.638348 0.028853 0.015746
0 0.676094 0.487185 0.019337 0.015138
0 0.348874 0.980869 0.041376 0.029906
0 0.256102 0.424196 0.021743 0.016322
0 0.334011 0.516635 0.018748 0.014906
1 0.483879 0.640645 0.072474 0.045010
0 0.529379 0.431351 0.018284 0.013657
0 0.376215 0.443925 0.021472 0.016787
1 0.203413 0.699202 0.044395 0.037446
0 0.678599 0.627100 0.022426 0.016165
0 0.622324 0.442266 0.020318 0.015945
0 0.526443 0.736114 0.019244 0.014718
0 0.041995 0.760064 0.024716 0.016852
0 0.151806 0.667714 0.027380 0.021343
0 0.295598 0.596503 0.016030 0.012716
1 0.466099 0.958413 0.046140 0.042440
0 0.571034 0.539043 0.032201 0.025127
0 0.283183 0.521369 0.021811 0.018217
0 0.748953 0.577707 0.033418 0.021761
0 0.339856 0.718989 0.024172 0.018561
0 0.162916 0.452594 0.020536 0.016961
0 0.400084 0.784880 0.017683 0.014304
0 0.652594 0.556577 0.019590 0.015484
0 0.382757 0.766584 0.020865 0.016402
1 0.349968 0.671147 0.028628 0.050993
1 0.224722 0.666674 0.021471 0.015208