0 0.335196 0.329735 0.013335 0.018423
0 0.347015 0.416435 0.014322 0.019524
0 0.291566 0.381292 0.014964 0.018391
0 0.410405 0.119134 0.012960 0.018191
0 0.395516 0.469821 0.015328 0.019895
0 0.308097 0.342647 0.013233 0.017464
0 0.530450 0.114172 0.011438 0.016927
0 0.293704 0.543452 0.013541 0.018327
0 0.344790 0.138274 0.012449 0.018364
0 0.489462 0.134128 0.012222 0.017171
0 0.349888 0.297800 0.013233 0.017916
0 0.475816 0.224774 0.014473 0.020095
0 0.517781 0.455410 0.015565 0.022330
0 0.292174 0.579446 0.013070 0.016817
0 0.283456 0.506346 0.011910 0.015965
0 0.480725 0.537338 0.018447 0.024745
0 0.535841 0.370302 0.014149 0.019251
0 0.533702 0.078377 0.013583 0.019587
0 0.225909 0.306799 0.014418 0.020555
0 0.566021 0.269145 0.013943 0.017717
0 0.380123 0.205335 0.013831 0.019624
0 0.556058 0.516956 0.018188 0.023960
0 0.374083 0.350891 0.012455 0.017466
0 0.267224 0.356583 0.012541 0.017893
0 0.567053 0.431667 0.015246 0.021932
0 0.336738 0.249147 0.012423 0.017759
0 0.437584 0.069943 0.011825 0.018523
0 0.493749 0.170072 0.013796 0.019943
0 0.316900 0.295272 0.013029 0.018247
0 0.464064 0.648689 0.019596 0.026500
0 0.240253 0.266730 0.012553 0.017484
0 0.381308 0.122196 0.011518 0.017059
0 0.254535 0.199016 0.011961 0.016824
0 0.586607 0.327394 0.014943 0.021024
0 0.449257 0.602335 0.020175 0.024053
0 0.366915 0.104876 0.013799 0.018905
0 0.595656 0.420708 0.014213 0.019290
0 0.364334 0.697973 0.019854 0.027953
0 0.380695 0.074631 0.014635 0.019360
0 0.290925 0.651353 0.012292 0.017271
0 0.348727 0.483006 0.016303 0.024466
0 0.337060 0.714587 0.014277 0.019668
0 0.339160 0.275935 0.012892 0.017686
0 0.458222 0.397537 0.010794 0.014298
0 0.623234 0.349927 0.018239 0.021491
0 0.618926 0.425934 0.014944 0.019737
0 0.538312 0.564275 0.019944 0.037790
0 0.646412 0.312460 0.017747 0.023914
0 0.254746 0.613084 0.010795 0.013670
0 0.600100 0.312135 0.012527 0.018489
0 0.364009 0.505951 0.012639 0.016921
0 0.374339 0.481017 0.012132 0.016171
0 0.467494 0.348137 0.011036 0.015785
0 0.342713 0.496409 0.015031 0.020386
0 0.433559 0.673892 0.019368 0.026209
0 0.347405 0.630379 0.012909 0.017741
0 0.317428 0.721153 0.013390 0.017920
0 0.422374 0.277207 0.010004 0.014077
0 0.290409 0.678231 0.011830 0.016955
0 0.335638 0.285664 0.013721 0.016498