0 0.275206 0.527020 0.021566 0.015904
0 0.358431 0.547136 0.021118 0.016812
0 0.297692 0.555525 0.019269 0.014373
0 0.321672 0.584607 0.022900 0.017176
0 0.657387 0.563862 0.022429 0.016756
0 0.329583 0.630527 0.022909 0.017414
0 0.467224 0.503487 0.024168 0.016403
0 0.571273 0.243998 0.016089 0.012741
0 0.633145 0.264906 0.015429 0.012795
0 0.548556 0.594455 0.020957 0.016135
0 0.632080 0.573269 0.023740 0.017018
0 0.509634 0.253555 0.015949 0.013490
0 0.548691 0.332785 0.024086 0.018908
0 0.643689 0.330743 0.022465 0.018699
1 0.742814 0.610110 0.042851 0.033926
0 0.309326 0.288769 0.016199 0.013295
0 0.660434 0.509492 0.020903 0.016164
1 0.352903 0.761671 0.044024 0.037758
0 0.423949 0.321052 0.027376 0.020575
1 0.148196 0.401001 0.045390 0.034270
0 0.190789 0.360656 0.017052 0.012073
1 0.805569 0.538392 0.039660 0.032722
0 0.559437 0.624360 0.025481 0.019897
0 0.636530 0.486696 0.017013 0.013811
0 0.492425 0.625727 0.017038 0.014549
0 0.690370 0.650439 0.023781 0.022414
0 0.670853 0.310473 0.019173 0.016247
0 0.308113 0.423510 0.021861 0.017707
0 0.680825 0.390981 0.024815 0.018803
0 0.197600 0.382560 0.013106 0.010060
0 0.309358 0.662155 0.024442 0.018157
0 0.402668 0.642545 0.016428 0.013005
0 0.627704 0.457571 0.017708 0.015208
0 0.696130 0.385780 0.024568 0.019498