0 0.174431 0.511269 0.017556 0.014693
0 0.381912 0.523912 0.017168 0.013219
0 0.222395 0.322784 0.018493 0.014534
0 0.564965 0.464128 0.017199 0.014585
0 0.359746 0.345551 0.018358 0.013626
0 0.636048 0.510277 0.016952 0.012969
0 0.099316 0.620980 0.015032 0.013086
0 0.608166 0.453793 0.015105 0.012568
0 0.515898 0.420802 0.016462 0.013921
0 0.169919 0.577338 0.020105 0.014785
0 0.374039 0.405933 0.017840 0.015071
0 0.458559 0.314015 0.017360 0.015025
0 0.511688 0.337365 0.016769 0.013312
0 0.211286 0.546895 0.017837 0.014323
0 0.550397 0.428246 0.018986 0.016573
0 0.219266 0.777295 0.019659 0.014969
1 0.021867 0.506213 0.039974 0.032354
0 0.529019 0.317090 0.016943 0.013328
0 0.614057 0.524784 0.016516 0.012106
0 0.288758 0.701406 0.014726 0.010841
0 0.297660 0.656000 0.014582 0.011616
0 0.374585 0.634726 0.016217 0.014003
0 0.010932 0.411787 0.016386 0.012400
0 0.505109 0.636426 0.014577 0.012307
0 0.168494 0.599710 0.014968 0.011811
0 0.300228 0.302663 0.022478 0.019457
0 0.497924 0.687558 0.016106 0.012691
0 0.290792 0.557343 0.017112 0.013655
0 0.118730 0.529651 0.016327 0.012708
0 0.333145 0.323976 0.018797 0.014120
0 0.185067 0.628102 0.014702 0.011065
0 0.168293 0.376119 0.017263 0.014453
0 0.558486 0.574258 0.017031 0.013737
0 0.661730 0.575157 0.019502 0.014867
0 0.497570 0.284186 0.016243 0.013072
1 0.130384 0.441034 0.039154 0.029395
0 0.575460 0.329723 0.020245 0.015702
0 0.315158 0.807738 0.030423 0.022577
0 0.255084 0.264033 0.020300 0.014551
0 0.278556 0.425842 0.020422 0.014311
0 0.309094 0.454393 0.014059 0.011269
0 0.190827 0.749410 0.016037 0.013183
0 0.441516 0.464055 0.015319 0.013452
0 0.248618 0.551319 0.015583 0.013235
0 0.265043 0.667811 0.014653 0.011803
0 0.170005 0.725531 0.017650 0.015574
0 0.404834 0.316611 0.025433 0.017195
0 0.106879 0.384696 0.014816 0.011200
0 0.267098 0.351264 0.014366 0.011335
0 0.277441 0.530283 0.015831 0.013030
0 0.241999 0.578528 0.018378 0.013145
0 0.071016 0.346332 0.015717 0.013816
0 0.527672 0.707320 0.014877 0.011856
0 0.442809 0.332864 0.014812 0.012250
0 0.270225 0.512163 0.015874 0.015621
0 0.166848 0.759310 0.019039 0.015095
0 0.236545 0.743225 0.014673 0.012536
0 0.624050 0.489178 0.014370 0.010880
0 0.450842 0.718764 0.017483 0.013912
0 0.224186 0.406031 0.015020 0.013260
0 0.273416 0.650581 0.016678 0.012931
0 0.341674 0.595528 0.014944 0.011919
0 0.105330 0.669186 0.015953 0.012506
0 0.302697 0.582145 0.019476 0.014451
0 0.335814 0.552265 0.015343 0.012092