0 0.692233 0.592932 0.016972 0.016843
0 0.630687 0.615227 0.016082 0.016204
0 0.862015 0.428782 0.015595 0.015978
0 0.504603 0.330746 0.018746 0.017718
0 0.672424 0.609635 0.016364 0.016559
0 0.718391 0.670104 0.014060 0.014480
0 0.266733 0.586921 0.018206 0.018173
0 0.825813 0.329928 0.018016 0.018406
0 0.594602 0.576966 0.017752 0.016261
0 0.640790 0.206621 0.017523 0.017389
0 0.353715 0.659134 0.018649 0.018251
0 0.349609 0.443875 0.015762 0.015603
0 0.431143 0.775454 0.018813 0.018065
0 0.610230 0.636717 0.015767 0.015245
0 0.422237 0.450888 0.017319 0.017940
0 0.448946 0.305233 0.017291 0.016356
0 0.399802 0.659264 0.016361 0.017193
0 0.222960 0.453698 0.017445 0.017203
0 0.505360 0.909957 0.014317 0.014840
0 0.842722 0.593725 0.013466 0.014040
0 0.695687 0.537629 0.016666 0.016219
0 0.353561 0.378738 0.016243 0.015877
0 0.136741 0.636564 0.015106 0.015346
0 0.470557 0.161721 0.014348 0.013987
0 0.477549 0.534148 0.021498 0.021220
0 0.280510 0.816381 0.015531 0.016221
0 0.532624 0.126632 0.012379 0.013909
0 0.419731 0.745188 0.015711 0.015734
0 0.442445 0.922298 0.018337 0.018733
0 0.819574 0.280229 0.016991 0.017602
1 0.735548 0.513633 0.042017 0.042961
0 0.580968 0.217204 0.016081 0.017513
0 0.835914 0.524449 0.014840 0.015236
0 0.582729 0.847409 0.013994 0.015093
0 0.860888 0.574631 0.013576 0.014555
0 0.425005 0.191239 0.014719 0.016198
0 0.484814 0.376923 0.016596 0.016762
0 0.255569 0.757732 0.015956 0.016794
0 0.798570 0.249347 0.016716 0.017231
0 0.750604 0.642629 0.014864 0.014636
0 0.793691 0.908605 0.013374 0.014025
0 0.873550 0.611300 0.014178 0.013962
0 0.731056 0.615264 0.015660 0.014636
0 0.552660 0.165553 0.013636 0.013549
1 0.513911 0.679002 0.124959 0.127050
0 0.391607 0.143649 0.013458 0.014163
0 0.484028 0.771474 0.017153 0.018611
0 0.528515 0.849033 0.015624 0.015185
0 0.670781 0.761389 0.012828 0.013512
0 0.811322 0.439630 0.014853 0.014930
0 0.806862 0.610574 0.014394 0.016613
0 0.606092 0.600989 0.015925 0.015609
0 0.768059 0.856842 0.014728 0.015150
1 0.510587 0.274142 0.047307 0.051177
0 0.568715 0.115753 0.012538 0.013720
0 0.500580 0.972083 0.013867 0.014999
0 0.680850 0.677098 0.015151 0.015430
0 0.389808 0.479801 0.020579 0.025356
1 0.960039 0.636394 0.038354 0.038996
0 0.233966 0.824157 0.015607 0.015950
0 0.426419 0.163565 0.013099 0.013932
0 0.958487 0.574515 0.013031 0.013006
0 0.739285 0.590835 0.015009 0.015113
0 0.241685 0.674622 0.023944 0.018667
0 0.598443 0.711715 0.018549 0.018227
0 0.568111 0.419869 0.017467 0.018410
0 0.849469 0.297489 0.015353 0.016424
0 0.613791 0.166151 0.017651 0.017163
0 0.433777 0.216128 0.014725 0.015226
0 0.328085 0.417546 0.016870 0.016433
0 0.468530 0.787943 0.017197 0.018013
0 0.162103 0.436834 0.018274 0.017019
0 0.881101 0.686170 0.013205 0.013586
0 0.581544 0.603763 0.015326 0.015702
0 0.235799 0.765994 0.014951 0.015333
0 0.438699 0.113249 0.012765 0.013189
0 0.767687 0.453169 0.015288 0.015653
0 0.905396 0.781480 0.014904 0.016121
0 0.588692 0.117351 0.012077 0.012574
0 0.372874 0.364704 0.014441 0.013656
0 0.755899 0.473932 0.015729 0.015528
0 0.481840 0.824843 0.015279 0.015079
0 0.393494 0.334577 0.015087 0.015470
0 0.254795 0.902655 0.015790 0.015754
0 0.912716 0.568303 0.013745 0.014579
0 0.627341 0.734015 0.018264 0.017425
0 0.699330 0.111290 0.014605 0.015921
0 0.775907 0.773969 0.012996 0.012852
0 0.361791 0.576151 0.019897 0.022068
0 0.656079 0.875646 0.014209 0.014759
0 0.846067 0.382264 0.014856 0.015648
0 0.658553 0.126235 0.015516 0.015627
0 0.202615 0.781521 0.020013 0.018379
0 0.157552 0.536675 0.016460 0.016385
0 0.222836 0.867199 0.017082 0.016332
0 0.428697 0.323167 0.016058 0.014540
0 0.919072 0.740697 0.011602 0.012616
0 0.907842 0.649291 0.013211 0.012620
0 0.380648 0.782151 0.017312 0.017165
0 0.219409 0.383506 0.014142 0.014384
0 0.582704 0.192685 0.016893 0.015513
0 0.896445 0.754111 0.012023 0.012515
0 0.497339 0.157871 0.014559 0.016811
0 0.499217 0.214945 0.013948 0.014653
0 0.920572 0.633344 0.013550 0.014150
0 0.400470 0.271673 0.016434 0.019843
0 0.384096 0.814643 0.015446 0.015711
0 0.719062 0.786542 0.013679 0.013666
0 0.477336 0.124084 0.012428 0.012167
0 0.852255 0.623934 0.013453 0.014877
0 0.893788 0.798174 0.013783 0.014162
0 0.331068 0.489349 0.018368 0.018333
0 0.620802 0.814104 0.019158 0.014822
0 0.156978 0.406806 0.014330 0.014579
0 0.806459 0.533303 0.017527 0.019884
0 0.554904 0.784199 0.014516 0.016262
0 0.392824 0.932521 0.015781 0.016447
0 0.888989 0.595238 0.014331 0.014500
0 0.697566 0.781833 0.013675 0.014459
0 0.854721 0.699436 0.012119 0.011944
0 0.128751 0.685659 0.015546 0.015301
0 0.540603 0.215148 0.019928 0.017246
0 0.330323 0.946926 0.017569 0.016434
0 0.629505 0.711094 0.016035 0.017734
0 0.507074 0.827157 0.015415 0.016041
0 0.671019 0.540469 0.016910 0.017075
0 0.584648 0.748718 0.021696 0.024944
0 0.291207 0.158688 0.013983 0.015855
0 0.867570 0.258197 0.014874 0.018433
0 0.301058 0.369696 0.014055 0.015100
0 0.981624 0.431435 0.015133 0.015992
0 0.243626 0.846420 0.018093 0.018028
0 0.209872 0.843796 0.014570 0.014105
0 0.625456 0.131444 0.013542 0.014233
0 0.291061 0.425031 0.014856 0.014523
0 0.654987 0.092612 0.013637 0.013920
0 0.322613 0.694843 0.018726 0.020251
0 0.305467 0.536253 0.019442 0.020282
0 0.839230 0.847391 0.013457 0.016260
0 0.104207 0.453421 0.014952 0.014550
0 0.663385 0.685557 0.016118 0.015572
0 0.200181 0.228531 0.012810 0.014289
0 0.605796 0.765131 0.015301 0.016260
0 0.780832 0.546094 0.014851 0.014618
0 0.374841 0.310726 0.013095 0.013224
0 0.347671 0.293230 0.014020 0.013543
0 0.880828 0.858328 0.014489 0.016388
0 0.335426 0.352262 0.014189 0.013587
0 0.440796 0.711657 0.017648 0.018405
0 0.339567 0.802321 0.016361 0.016743
0 0.631059 0.690955 0.014288 0.015676
0 0.694168 0.747182 0.015719 0.013113
0 0.462734 0.827652 0.015934 0.014477
0 0.209209 0.257654 0.014068 0.014832
0 0.369876 0.280214 0.013232 0.013269
0 0.808526 0.788134 0.011713 0.012002
0 0.856841 0.758088 0.011988 0.012313
0 0.273787 0.298939 0.013771 0.014028
0 0.809985 0.471360 0.021375 0.018171
0 0.262012 0.280308 0.013103 0.015274
0 0.237714 0.263459 0.012051 0.012379
0 0.835592 0.688271 0.014519 0.015505
0 0.176843 0.560173 0.017207 0.016507
0 0.735887 0.747179 0.015535 0.015753
0 0.353544 0.333096 0.014768 0.015389
0 0.650259 0.670474 0.013815 0.015466
0 0.330078 0.325516 0.013813 0.014207
0 0.911759 0.255731 0.015043 0.016299
0 0.341879 0.138349 0.017349 0.016124
0 0.838944 0.226680 0.014866 0.015824
0 0.124082 0.666310 0.014510 0.015225
0 0.895295 0.287524 0.016778 0.018647
0 0.315428 0.392739 0.017173 0.013828
0 0.749270 0.769176 0.013308 0.012766
0 0.263167 0.798936 0.014031 0.015053
0 0.213847 0.740267 0.020046 0.020105
0 0.467638 0.753796 0.016648 0.016178
0 0.276593 0.224801 0.016897 0.017424
0 0.750524 0.902621 0.013004 0.013096
0 0.495604 0.853755 0.014972 0.016374
0 0.629990 0.951144 0.014445 0.014743
0 0.801484 0.506955 0.016982 0.016152
0 0.886028 0.217930 0.014874 0.016116
0 0.818380 0.704459 0.011095 0.011747
0 0.316521 0.892298 0.015288 0.016362
0 0.783680 0.600771 0.014843 0.014868
0 0.355400 0.727503 0.021023 0.026189
0 0.420475 0.386102 0.018371 0.017843
0 0.948187 0.679834 0.013450 0.013450
0 0.850985 0.735237 0.011729 0.011742
0 0.256861 0.354012 0.014858 0.015024
0 0.348055 0.990379 0.016378 0.015022
0 0.694133 0.806646 0.015592 0.018373
0 0.902762 0.357974 0.019079 0.016344
0 0.763234 0.676090 0.013420 0.015733
0 0.744352 0.670479 0.013017 0.012802
0 0.374647 0.201383 0.016255 0.018514
0 0.293376 0.262783 0.011594 0.012004
0 0.906802 0.589444 0.015736 0.017085
0 0.590973 0.278812 0.018661 0.017441
0 0.930559 0.674870 0.013706 0.014084
0 0.486691 0.243447 0.012715 0.013333
0 0.577580 0.262698 0.020207 0.021078
0 0.960242 0.364491 0.019448 0.024841
0 0.836574 0.891624 0.015050 0.018264
0 0.533913 0.985187 0.016417 0.017448
0 0.551154 0.761759 0.015129 0.014593
0 0.676043 0.927341 0.013220 0.013559
0 0.639518 0.918225 0.012227 0.011615
0 0.448994 0.369254 0.015408 0.017595
0 0.560148 0.859193 0.012518 0.014038
0 0.929625 0.283411 0.014102 0.015911
0 0.339984 0.243555 0.014635 0.014042
0 0.558972 0.809728 0.022381 0.015512
0 0.304193 0.520180 0.019519 0.028571
0 0.432064 0.866759 0.015657 0.015346
0 0.343688 0.741397 0.017958 0.018962
0 0.361569 0.896902 0.015883 0.016199
0 0.320243 0.226629 0.013537 0.019353
0 0.833289 0.795526 0.011210 0.011297
0 0.464264 0.138627 0.012392 0.013664
0 0.271913 0.369898 0.016513 0.015875
0 0.711597 0.963628 0.014299 0.014254
0 0.837469 0.640307 0.013929 0.012381
0 0.779574 0.961699 0.014583 0.015384
0 0.349936 0.938863 0.016848 0.016139
0 0.412659 0.951243 0.016656 0.018521
0 0.883424 0.541048 0.013669 0.015936
0 0.686792 0.889728 0.015224 0.012578
0 0.236800 0.214202 0.015500 0.016874
0 0.143530 0.314162 0.013875 0.016301
1 0.522955 0.734864 0.048652 0.039306
0 0.791878 0.713494 0.013147 0.014112
0 0.242952 0.429834 0.018322 0.017039
0 0.891285 0.468196 0.016340 0.015067
0 0.694032 0.994764 0.012968 0.010472
0 0.655042 0.899435 0.013078 0.012695
0 0.134184 0.469055 0.017068 0.015689
0 0.749295 0.842467 0.014982 0.013551
0 0.847269 0.469844 0.014592 0.017550
0 0.802589 0.837081 0.012952 0.012368
0 0.403843 0.866098 0.014206 0.014548
0 0.368123 0.705048 0.023544 0.019570
0 0.413594 0.227894 0.014466 0.015300
0 0.330520 0.193112 0.015960 0.014742
0 0.783030 0.468856 0.014430 0.016115
0 0.821132 0.398973 0.026045 0.023592
0 0.794572 0.657778 0.013524 0.015390
0 0.882537 0.561254 0.014557 0.015490
0 0.751355 0.710062 0.016196 0.018129
0 0.725840 0.823473 0.012373 0.013216
0 0.236575 0.370258 0.013455 0.014502
0 0.161824 0.284616 0.014190 0.015866
0 0.878755 0.350594 0.016510 0.016846
0 0.622429 0.079853 0.014192 0.014419
0 0.602258 0.153328 0.014868 0.015115
0 0.726835 0.918786 0.012130 0.012453
0 0.396873 0.330313 0.017329 0.019119
0 0.908893 0.472682 0.015987 0.015143
0 0.787912 0.675387 0.012561 0.013454
0 0.988302 0.673246 0.012812 0.014097
0 0.741677 0.945009 0.013918 0.016215
0 0.320131 0.301540 0.016795 0.018951
0 0.516374 0.949605 0.014384 0.014567
0 0.156152 0.492321 0.014784 0.014127
0 0.356917 0.710526 0.019601 0.021096
0 0.122433 0.553709 0.016491 0.019306
0 0.350401 0.736191 0.022349 0.021081
0 0.354606 0.245885 0.014106 0.014290
0 0.414038 0.104346 0.014749 0.015994
0 0.984635 0.366448 0.015458 0.016601
0 0.446816 0.876827 0.017731 0.020917
0 0.536874 0.080160 0.013996 0.013501
0 0.259693 0.217101 0.014678 0.014095
0 0.559896 0.312123 0.013862 0.015546
0 0.310022 0.345675 0.018157 0.016237
0 0.552255 0.081119 0.014053 0.013390
0 0.875333 0.745621 0.011519 0.012334
0 0.847096 0.457212 0.016747 0.027226
0 0.848587 0.450243 0.015301 0.017687
0 0.084334 0.430869 0.016845 0.016843
1 0.532319 0.630486 0.087351 0.046635
0 0.130749 0.726240 0.013674 0.013934
0 0.726085 0.896098 0.011904 0.012517
0 0.277497 0.203305 0.015157 0.019778
0 0.566061 0.808697 0.016719 0.015826
0 0.764053 0.737094 0.015079 0.014161
0 0.663943 0.846450 0.015944 0.015582
0 0.674837 0.819691 0.011850 0.012295
0 0.164083 0.520604 0.016312 0.018629
0 0.970511 0.329737 0.016874 0.023468
0 0.215203 0.209780 0.014279 0.014837
0 0.785101 0.623442 0.015535 0.012568
0 0.376582 0.468485 0.019635 0.021336
0 0.814983 0.387493 0.021466 0.023671
0 0.944859 0.736552 0.011852 0.012662
0 0.781739 0.745848 0.012395 0.012021