0 0.458992 0.537600 0.013345 0.010659
0 0.446512 0.471558 0.015216 0.011988
0 0.459690 0.405794 0.013556 0.011139
0 0.595336 0.833924 0.017350 0.012578
0 0.254583 0.734535 0.016002 0.011882
0 0.529627 0.515760 0.017996 0.013693
0 0.264531 0.496615 0.013605 0.010275
0 0.330908 0.684046 0.016767 0.012552
0 0.209907 0.530576 0.015009 0.011569
0 0.539094 0.774526 0.016729 0.013171
0 0.298764 0.428992 0.014873 0.011414
0 0.309814 0.586827 0.012738 0.009927
0 0.278547 0.708243 0.015184 0.011688
0 0.327920 0.556019 0.013746 0.011038
0 0.621423 0.466296 0.015699 0.012778
0 0.780710 0.480113 0.017287 0.013823
0 0.388284 0.434119 0.018259 0.013771
0 0.360935 0.503757 0.015368 0.011235
0 0.424159 0.339947 0.013357 0.012426
0 0.285282 0.783542 0.013358 0.010135
0 0.349019 0.365354 0.017329 0.013680
0 0.761992 0.460864 0.018722 0.015534
0 0.299276 0.364706 0.013732 0.012506
0 0.726246 0.458367 0.015832 0.014292
0 0.414863 0.884699 0.021347 0.016632
0 0.206548 0.380754 0.013987 0.011527
0 0.188641 0.422009 0.016140 0.011253
0 0.527683 0.703849 0.017134 0.012745
0 0.277868 0.456618 0.012166 0.009859
0 0.505580 0.465841 0.015771 0.012327
0 0.231530 0.657348 0.014394 0.010844
0 0.265090 0.430797 0.016096 0.011831
0 0.130254 0.485456 0.020351 0.015370
0 0.365532 0.743272 0.012833 0.011002
0 0.703880 0.515052 0.017100 0.013089
0 0.683075 0.457778 0.012659 0.009950
0 0.388843 0.467507 0.017869 0.013920
0 0.361146 0.629726 0.012419 0.009785
0 0.395728 0.658266 0.016161 0.013945
0 0.490224 0.650513 0.018172 0.012347
0 0.293253 0.496203 0.016645 0.013969
0 0.680931 0.514428 0.017415 0.013446
1 0.802472 0.634091 0.045796 0.034116
0 0.747817 0.546477 0.017229 0.012609
0 0.068258 0.572163 0.015433 0.011684
0 0.313538 0.319800 0.016042 0.012043
0 0.468530 0.514743 0.015551 0.012531
0 0.341359 0.722547 0.013144 0.012002
0 0.382197 0.865558 0.016200 0.012353
0 0.545497 0.465982 0.014556 0.011780
0 0.632289 0.819689 0.014177 0.011569
0 0.274882 0.752663 0.014161 0.011470
0 0.430196 0.618459 0.018517 0.012882
0 0.659722 0.440785 0.017060 0.012541
0 0.283154 0.622662 0.012445 0.010973
0 0.648675 0.457624 0.016860 0.012644
0 0.611007 0.531043 0.013706 0.011352
0 0.726704 0.482631 0.014575 0.010922
0 0.549002 0.591539 0.014688 0.011187
1 0.502515 0.437515 0.047905 0.032024
0 0.429035 0.820814 0.017922 0.014782
0 0.486631 0.848360 0.017900 0.014099
0 0.706072 0.429522 0.013368 0.010744
0 0.579851 0.723113 0.018651 0.014486
0 0.353171 0.485293 0.015259 0.013013
0 0.086097 0.590162 0.013574 0.011084
0 0.430040 0.669295 0.017607 0.013636
0 0.314618 0.510687 0.013146 0.010043
0 0.511706 0.788586 0.015282 0.011741
0 0.741316 0.428989 0.015527 0.012721
0 0.303134 0.643453 0.013223 0.010571
0 0.543451 0.753705 0.014958 0.011021
1 0.566504 0.564002 0.046207 0.036426
0 0.339745 0.604134 0.011715 0.008908
0 0.168779 0.715234 0.012472 0.009446
0 0.280416 0.531426 0.012122 0.009760
0 0.453486 0.599970 0.020989 0.015886
0 0.658480 0.499398 0.015019 0.011534
0 0.220998 0.805346 0.017347 0.013088
0 0.591763 0.424583 0.013829 0.010650
0 0.392962 0.612958 0.015946 0.011216
0 0.162464 0.741528 0.013853 0.011043
0 0.251887 0.796203 0.013609 0.010489
0 0.459693 0.354289 0.015273 0.013083
0 0.417973 0.560660 0.015539 0.012265
0 0.167975 0.448552 0.016111 0.016311
0 0.381829 0.813088 0.011527 0.008934
0 0.791096 0.522214 0.016454 0.012678
0 0.416540 0.762846 0.012578 0.009956
0 0.462574 0.628699 0.015725 0.011469
0 0.161065 0.486532 0.014153 0.011361
0 0.281956 0.333394 0.016717 0.015366
0 0.526529 0.833169 0.022088 0.019650
0 0.104354 0.493517 0.016556 0.012650
0 0.516480 0.689494 0.017752 0.012890
0 0.546951 0.718225 0.015735 0.012729
0 0.518726 0.732675 0.012940 0.009933
0 0.152789 0.698286 0.014076 0.010045
0 0.575035 0.701033 0.013981 0.011729
0 0.447219 0.423614 0.012823 0.010075
0 0.380743 0.376579 0.015540 0.012540
0 0.644385 0.683384 0.019119 0.014774
0 0.647905 0.652861 0.018855 0.014206
0 0.177729 0.752336 0.012996 0.010227
0 0.656749 0.485552 0.015173 0.013604
0 0.274508 0.585381 0.013704 0.011730
0 0.291854 0.733162 0.016080 0.013713
0 0.240970 0.813377 0.016612 0.010625
0 0.466621 0.318421 0.013207 0.013915
0 0.350693 0.345368 0.015225 0.011448
0 0.226173 0.779007 0.011908 0.010058
0 0.123996 0.715598 0.015846 0.012691
0 0.501760 0.833631 0.016688 0.011850
0 0.491930 0.745585 0.018338 0.012268
0 0.386478 0.789737 0.011766 0.009662
0 0.470808 0.742982 0.012803 0.009413
0 0.602417 0.704589 0.016123 0.013808
0 0.315568 0.754728 0.018037 0.015905
0 0.763184 0.529301 0.014202 0.009806
0 0.214950 0.573327 0.013610 0.011011
0 0.378693 0.842812 0.015029 0.011026
0 0.669197 0.788016 0.015862 0.012949
0 0.415815 0.416929 0.019081 0.014935
0 0.124691 0.454354 0.022862 0.013821
0 0.280243 0.407476 0.012619 0.009751
0 0.662444 0.410526 0.018103 0.011514
1 0.240279 0.462573 0.034657 0.027345
0 0.326992 0.866440 0.018606 0.014727
0 0.601841 0.490416 0.018431 0.014483
0 0.200552 0.405950 0.015467 0.010806
0 0.297461 0.816267 0.014861 0.011470
0 0.692324 0.385410 0.015304 0.013258
0 0.287706 0.550461 0.014410 0.011907
0 0.204215 0.451538 0.012915 0.009945
0 0.299727 0.467037 0.010881 0.008794
0 0.277969 0.853036 0.018855 0.016781
0 0.411420 0.451305 0.018305 0.015781
0 0.589822 0.469558 0.012321 0.011171
1 0.398677 0.695291 0.033640 0.026691
0 0.275766 0.826260 0.015550 0.013011
0 0.247937 0.375018 0.012380 0.010882
0 0.795211 0.585052 0.013980 0.010469
0 0.172430 0.658386 0.013676 0.010381
0 0.522013 0.752257 0.014150 0.010749
0 0.333165 0.659134 0.011646 0.011493
0 0.568662 0.606672 0.013985 0.010897
0 0.371812 0.555246 0.011401 0.008843
0 0.627137 0.383128 0.016840 0.013691
0 0.149860 0.390218 0.014234 0.011498
0 0.331341 0.450358 0.014144 0.011570
1 0.542021 0.367075 0.040753 0.038134
0 0.350963 0.767635 0.012595 0.012464
0 0.480172 0.695215 0.012133 0.009322
0 0.413011 0.500364 0.016455 0.016259
0 0.559555 0.820946 0.013883 0.011959
0 0.256627 0.599386 0.016524 0.010625
0 0.367845 0.533453 0.011196 0.012353
0 0.059482 0.603562 0.012385 0.009883
0 0.345633 0.848654 0.021238 0.017366
0 0.508439 0.354861 0.012316 0.011596
0 0.412890 0.588025 0.015332 0.014065
0 0.372450 0.783939 0.012466 0.008495
0 0.136696 0.680021 0.012237 0.010787
0 0.100124 0.629425 0.018919 0.014098
0 0.199652 0.659127 0.012811 0.010936
0 0.493601 0.765386 0.016046 0.012644
0 0.078785 0.470199 0.018126 0.015819
0 0.295908 0.717097 0.012848 0.010337
0 0.186655 0.565496 0.024586 0.016769
0 0.428526 0.542036 0.011070 0.008931
0 0.066017 0.639945 0.016339 0.012569
0 0.111830 0.606753 0.011073 0.010116
0 0.544776 0.457255 0.013202 0.012409
0 0.328804 0.525039 0.014885 0.010979
0 0.459116 0.662716 0.016847 0.013654
0 0.299325 0.865747 0.015855 0.013259
0 0.415119 0.583793 0.015467 0.014163
0 0.232870 0.616787 0.012381 0.010060
0 0.607810 0.501082 0.014255 0.012400
0 0.315017 0.622360 0.015712 0.010369
0 0.240478 0.433919 0.015095 0.009243
0 0.351286 0.800286 0.011767 0.009585
1 0.166944 0.617733 0.049168 0.035732
0 0.608482 0.433000 0.011973 0.009862
0 0.277921 0.829969 0.015960 0.013345
0 0.664406 0.682068 0.013883 0.010439
0 0.337839 0.415907 0.013562 0.009303
0 0.336611 0.461081 0.014519 0.014487
0 0.333962 0.456977 0.014453 0.017878
0 0.651260 0.408730 0.017272 0.010173
0 0.436910 0.727307 0.009997 0.007364
0 0.180120 0.673683 0.011276 0.008367
0 0.290876 0.566955 0.012567 0.012485
0 0.341549 0.822523 0.014882 0.012424
0 0.572603 0.805805 0.015482 0.011243
0 0.464919 0.341364 0.012905 0.012328
0 0.474991 0.563912 0.013693 0.013895
0 0.792411 0.537547 0.018884 0.011105
0 0.767490 0.441582 0.015839 0.012713
0 0.202861 0.725965 0.015243 0.010822
0 0.334816 0.790052 0.019193 0.012103
0 0.521152 0.696679 0.021814 0.020036
0 0.595255 0.663284 0.013084 0.010425
0 0.375221 0.576611 0.013070 0.010247
0 0.391793 0.313698 0.012205 0.012880
0 0.140755 0.768130 0.012849 0.010585
0 0.575339 0.362751 0.015001 0.013325
0 0.078836 0.622424 0.012369 0.010010
0 0.360855 0.565712 0.011982 0.009345
0 0.388865 0.372075 0.015544 0.013363
0 0.465972 0.372558 0.012200 0.009815
0 0.315891 0.832972 0.015482 0.011372
0 0.596782 0.775540 0.017496 0.012508