0 0.411801 0.435863 0.015401 0.012371
0 0.426626 0.653556 0.016509 0.013292
0 0.520497 0.708511 0.017143 0.012700
0 0.513717 0.757492 0.021291 0.016025
0 0.416246 0.395383 0.019220 0.014407
0 0.389992 0.719798 0.016718 0.012700
0 0.599127 0.644220 0.014552 0.011433
0 0.620366 0.513905 0.017515 0.012044
0 0.196408 0.590762 0.019936 0.014548
0 0.491209 0.728180 0.017929 0.014668
0 0.112205 0.619060 0.018770 0.014454
0 0.442249 0.472039 0.016737 0.012976
0 0.156549 0.559472 0.018731 0.014024
0 0.592856 0.691210 0.017854 0.014639
0 0.164902 0.721530 0.018871 0.013979
0 0.363648 0.500821 0.017576 0.012568
0 0.206927 0.344807 0.017796 0.014590
0 0.278402 0.651239 0.015403 0.011207
0 0.437487 0.750099 0.020450 0.017388
0 0.339598 0.462066 0.016357 0.012591
0 0.190651 0.525155 0.023526 0.015365
0 0.300987 0.718412 0.017254 0.013575
0 0.534842 0.394932 0.023464 0.014100
0 0.326614 0.382305 0.014733 0.010865
0 0.345695 0.651874 0.013487 0.010776
0 0.641971 0.627774 0.015276 0.010752
0 0.626899 0.591086 0.019216 0.013342
0 0.115945 0.393520 0.018406 0.014212
0 0.609132 0.563821 0.013134 0.009762
0 0.572226 0.578640 0.017423 0.014572
0 0.583771 0.744983 0.016201 0.012276
0 0.328988 0.429240 0.015898 0.010845
0 0.702272 0.553563 0.014678 0.010972
0 0.231479 0.527275 0.018683 0.015411
0 0.417025 0.734038 0.017293 0.014019
0 0.347998 0.688181 0.014797 0.011362
0 0.344295 0.522178 0.018706 0.014478
0 0.348704 0.304598 0.013573 0.011262
0 0.088726 0.697255 0.019239 0.013462
0 0.463895 0.767012 0.017315 0.013018
0 0.109726 0.449484 0.019897 0.014907
0 0.362316 0.591112 0.022948 0.015006
0 0.364463 0.454006 0.016587 0.013522
0 0.183006 0.752350 0.019880 0.012926
0 0.416557 0.615501 0.018870 0.013586
0 0.345121 0.397159 0.017155 0.012829
0 0.366184 0.328223 0.014744 0.011564
0 0.106493 0.674091 0.019573 0.016134
0 0.645069 0.543057 0.013968 0.010331
0 0.567701 0.610110 0.016585 0.011918
0 0.221858 0.482341 0.015730 0.011193
0 0.219445 0.601704 0.016467 0.011396
0 0.076108 0.673379 0.018559 0.013343
0 0.401737 0.669274 0.019601 0.012383
0 0.425586 0.690433 0.021732 0.015532
0 0.334520 0.673472 0.014438 0.010818
0 0.148622 0.647273 0.022441 0.018321
0 0.513427 0.600149 0.015657 0.012259
0 0.020928 0.693531 0.023814 0.015597
0 0.499809 0.365322 0.015135 0.012156
0 0.564399 0.752463 0.015211 0.011628
0 0.581529 0.416490 0.019305 0.014372
0 0.432803 0.509342 0.023757 0.015941
0 0.558274 0.475635 0.018295 0.013558
0 0.295716 0.320488 0.015521 0.011519
0 0.272788 0.717212 0.017861 0.013629
0 0.289654 0.432821 0.020981 0.014089
0 0.322830 0.598238 0.016258 0.011808
0 0.293565 0.503330 0.015703 0.011623
0 0.261439 0.831772 0.021802 0.014496
0 0.529699 0.338841 0.015510 0.012002
0 0.448595 0.821398 0.023962 0.017973
0 0.385835 0.807985 0.021334 0.016156
0 0.257948 0.316241 0.022392 0.019386
0 0.652506 0.485287 0.015394 0.011402
0 0.233443 0.813942 0.027531 0.016407
0 0.636129 0.681488 0.022368 0.017544
0 0.065671 0.377057 0.020986 0.016082
0 0.188064 0.784332 0.016240 0.012694
0 0.529314 0.674842 0.013902 0.010885
0 0.229310 0.286775 0.019699 0.016586
0 0.484733 0.596955 0.018076 0.013929
0 0.153023 0.771246 0.016549 0.011660
0 0.455361 0.595774 0.019669 0.015592
0 0.648768 0.609663 0.018119 0.014694
0 0.164025 0.616585 0.024036 0.020272
0 0.344199 0.357846 0.022276 0.012502
0 0.382673 0.623433 0.015229 0.011061
0 0.279442 0.679906 0.015318 0.011251
0 0.386800 0.354485 0.015381 0.011944
0 0.544588 0.500110 0.022207 0.013782
0 0.274962 0.287406 0.013126 0.012335
0 0.271906 0.515204 0.016851 0.012653
0 0.405963 0.506119 0.019387 0.017048
0 0.600391 0.484145 0.014098 0.010915
0 0.683450 0.579313 0.013946 0.010663
0 0.481324 0.536767 0.016327 0.013821
0 0.614968 0.659494 0.016156 0.011673
0 0.138161 0.440739 0.024137 0.021338
0 0.577147 0.775576 0.015448 0.011076
0 0.303484 0.624484 0.026261 0.017652
0 0.553074 0.415804 0.016074 0.011775
0 0.252629 0.358759 0.020383 0.013565
0 0.157077 0.680977 0.017287 0.014510
0 0.655439 0.529761 0.012394 0.008951
0 0.668259 0.608148 0.015358 0.010585
0 0.280290 0.808656 0.026399 0.017962
0 0.072773 0.525766 0.013388 0.010806
0 0.028784 0.506091 0.016874 0.013468
0 0.101189 0.657338 0.017658 0.013584
0 0.151175 0.429297 0.022273 0.017606
0 0.601589 0.529803 0.015990 0.011261
0 0.021938 0.446976 0.021513 0.015653
0 0.345995 0.413726 0.014144 0.010400
0 0.187592 0.822526 0.017133 0.011622
0 0.309182 0.475986 0.022049 0.012870
0 0.282915 0.414438 0.026312 0.016356
0 0.660255 0.572393 0.014404 0.013245
0 0.567285 0.793712 0.017976 0.012449
0 0.634029 0.464658 0.021881 0.017390
0 0.148301 0.406494 0.017835 0.015648
0 0.553614 0.353333 0.015358 0.011626
0 0.596326 0.504286 0.014165 0.010729
0 0.258982 0.376177 0.013917 0.010959
0 0.025672 0.368347 0.017901 0.014486
0 0.459841 0.385349 0.021148 0.026543
0 0.637325 0.440729 0.013863 0.011146
0 0.317517 0.480346 0.019444 0.012167
0 0.409229 0.307216 0.019680 0.019581
0 0.017183 0.587004 0.017071 0.014066
0 0.107129 0.316708 0.015342 0.013776
0 0.574349 0.341330 0.013851 0.011518
0 0.322477 0.482381 0.014774 0.010915
0 0.183027 0.669856 0.013043 0.011823
0 0.479963 0.822898 0.019746 0.015324
0 0.307777 0.342521 0.012672 0.010403
0 0.452451 0.430493 0.012083 0.008892
0 0.182524 0.682403 0.014523 0.015245
0 0.369686 0.311694 0.013181 0.010453
0 0.231300 0.501782 0.021758 0.014907
0 0.582434 0.376317 0.012623 0.009931
0 0.034382 0.492843 0.015160 0.011759
0 0.681462 0.637343 0.012497 0.009768
0 0.457187 0.482883 0.012502 0.009512
0 0.366358 0.262195 0.012927 0.011685
0 0.612339 0.429828 0.015064 0.012174
0 0.462018 0.582855 0.015878 0.012729
0 0.199666 0.695524 0.012155 0.009261
0 0.450213 0.311986 0.013614 0.012019
0 0.275747 0.499868 0.016690 0.014551
0 0.230867 0.421900 0.016437 0.020899
0 0.268767 0.807474 0.026915 0.016509
0 0.246101 0.502438 0.018034 0.012637
0 0.238756 0.409734 0.016019 0.013474
0 0.709916 0.529285 0.012475 0.009834
0 0.459912 0.393684 0.019670 0.020194
0 0.289883 0.535304 0.011702 0.010657
0 0.095980 0.674354 0.031413 0.016462
0 0.173115 0.704627 0.018617 0.012067
0 0.459645 0.588125 0.020495 0.019234