0 0.260384 0.431132 0.014370 0.012334
0 0.378724 0.368299 0.014038 0.009322
0 0.170110 0.766719 0.014419 0.011496
0 0.687574 0.681577 0.011843 0.011108
0 0.310590 0.406460 0.011950 0.011546
0 0.323398 0.930824 0.018515 0.014202
0 0.055601 0.492900 0.018325 0.015501
0 0.109309 0.569373 0.018466 0.013754
0 0.105841 0.745853 0.016249 0.013536
0 0.679191 0.720723 0.013111 0.009437
0 0.382142 0.666866 0.015801 0.011347
0 0.378906 0.559134 0.017317 0.012605
0 0.571812 0.668297 0.012131 0.010371
0 0.056827 0.583375 0.016418 0.013867
0 0.105886 0.804956 0.017571 0.012484
0 0.377578 0.884832 0.016251 0.011580
0 0.146549 0.798109 0.016323 0.011593
0 0.392600 0.591285 0.013162 0.009992
0 0.170524 0.881987 0.014548 0.010960
0 0.420704 0.843040 0.016704 0.012986
0 0.327470 0.885441 0.014944 0.012111
0 0.388016 0.713620 0.015958 0.012636
0 0.526943 0.584072 0.015191 0.011963
0 0.354010 0.446619 0.015261 0.012943
0 0.263624 0.684697 0.016952 0.012170
0 0.490325 0.601142 0.015696 0.012381
0 0.222095 0.568245 0.026017 0.014275
0 0.354426 0.473261 0.016045 0.013141
0 0.447229 0.703905 0.014458 0.011733
0 0.369445 0.784186 0.014631 0.011885
0 0.326025 0.645745 0.016570 0.012329
0 0.348789 0.418884 0.010865 0.009196
0 0.416693 0.897016 0.018336 0.013999
0 0.403369 0.473280 0.012591 0.009351
0 0.311935 0.446701 0.016343 0.011996
0 0.280447 0.457413 0.016153 0.011108
0 0.203086 0.736221 0.015049 0.011524
0 0.337837 0.384094 0.010450 0.008248
0 0.229535 0.721614 0.015700 0.012779
0 0.225361 0.699044 0.017020 0.011732
0 0.170918 0.486575 0.018588 0.014807
0 0.341141 0.778422 0.014093 0.011238
0 0.336597 0.524240 0.024770 0.014117
0 0.265083 0.933781 0.017450 0.011953
0 0.600520 0.859788 0.015163 0.010281
0 0.304971 0.740058 0.014070 0.010787
0 0.354535 0.760584 0.015392 0.011371
0 0.394824 0.389360 0.010500 0.010167
0 0.279218 0.730137 0.014485 0.011521
0 0.472637 0.717723 0.012369 0.010348
0 0.482089 0.577143 0.015781 0.010266
0 0.495240 0.743473 0.012144 0.010956
0 0.206663 0.537796 0.015202 0.009956
0 0.544652 0.766503 0.012970 0.009854
0 0.218304 0.761669 0.016986 0.013606
0 0.472268 0.858664 0.015965 0.012398
0 0.063419 0.795760 0.017729 0.010984
0 0.520077 0.511338 0.014318 0.011783
0 0.204604 0.628074 0.015285 0.011159
0 0.549537 0.880782 0.021710 0.013729
0 0.327559 0.733008 0.015679 0.012055
0 0.464403 0.559041 0.013420 0.007935
0 0.303987 0.664141 0.011819 0.009507
0 0.514634 0.773042 0.015849 0.011350
0 0.387816 0.634565 0.013590 0.009459
0 0.038861 0.662735 0.016127 0.012982
0 0.233358 0.679705 0.015367 0.009480
0 0.203828 0.597072 0.013658 0.011291
0 0.090117 0.721547 0.016253 0.011304
0 0.112774 0.704645 0.014680 0.011718
0 0.342799 0.914672 0.019372 0.015134
0 0.307640 0.678332 0.016627 0.011269
0 0.059153 0.556516 0.015214 0.011860
0 0.371427 0.463168 0.013505 0.009571
0 0.485130 0.826947 0.013412 0.008897
0 0.505008 0.559033 0.013868 0.009711
0 0.324581 0.714465 0.010928 0.007782
0 0.365042 0.919635 0.019825 0.012734
0 0.030367 0.754114 0.016658 0.010259
0 0.428470 0.598229 0.015900 0.010505
0 0.555070 0.558017 0.010929 0.008852
0 0.254397 0.841426 0.013163 0.012925
0 0.552812 0.837958 0.016137 0.012116
0 0.274349 0.388552 0.009579 0.009439
0 0.444929 0.646209 0.014060 0.010168
0 0.416470 0.753501 0.019500 0.011355
0 0.420679 0.701289 0.015116 0.013332
0 0.150765 0.916804 0.018522 0.013796
0 0.257203 0.617285 0.014389 0.010158
0 0.290457 0.472076 0.015159 0.010356
0 0.415554 0.559262 0.016416 0.012668
0 0.673885 0.738580 0.012604 0.009914
0 0.386017 0.808951 0.013813 0.013675
0 0.544330 0.463971 0.010871 0.008391
0 0.645899 0.549849 0.010432 0.009292
0 0.422486 0.435052 0.012014 0.010070
0 0.325314 0.496369 0.014230 0.008537
0 0.408325 0.365539 0.014201 0.009578
0 0.362989 0.633697 0.014608 0.010514
0 0.611817 0.883362 0.012981 0.009667
0 0.376507 0.697103 0.019910 0.011197
0 0.509404 0.618707 0.012604 0.008308
0 0.502981 0.815158 0.017565 0.012031
0 0.114278 0.652759 0.014558 0.010856
0 0.655182 0.672048 0.008323 0.008435
0 0.469215 0.595178 0.013131 0.008506
0 0.262323 0.716595 0.011541 0.009787
0 0.020748 0.653384 0.014862 0.013986
0 0.498992 0.483884 0.012841 0.009244
0 0.492832 0.684888 0.021464 0.013204
0 0.353367 0.595557 0.012053 0.008054
0 0.431197 0.925946 0.020198 0.015032
0 0.507756 0.530034 0.014686 0.010518
0 0.445470 0.667429 0.010736 0.009317
0 0.638736 0.709941 0.010264 0.008850
0 0.564766 0.521643 0.013145 0.009617
0 0.257657 0.950234 0.021533 0.016754
0 0.124795 0.467398 0.015574 0.012685
0 0.171753 0.748630 0.015907 0.012938
0 0.436059 0.419639 0.018107 0.014346
0 0.474759 0.429044 0.009531 0.010722
0 0.551241 0.601353 0.010752 0.008479
0 0.096888 0.456429 0.016838 0.012693
0 0.654877 0.747067 0.011052 0.009229
0 0.288673 0.612121 0.020171 0.014359
0 0.514720 0.744388 0.013247 0.007958
0 0.471460 0.525503 0.010978 0.009057
0 0.018145 0.734713 0.019307 0.012700
0 0.602446 0.705473 0.013766 0.009330
0 0.084262 0.800156 0.014306 0.011708
0 0.602528 0.489433 0.014071 0.011396
0 0.548111 0.430330 0.021105 0.017275
0 0.301992 0.803414 0.013440 0.011587
0 0.567987 0.440157 0.012458 0.007313
0 0.302869 0.599707 0.020909 0.016296
0 0.513061 0.665749 0.009987 0.008786
0 0.347192 0.664279 0.016031 0.012572
0 0.338659 0.360751 0.011917 0.009993
0 0.434495 0.516010 0.015311 0.011403
0 0.045995 0.594538 0.017179 0.013156
0 0.486518 0.453546 0.011859 0.010019
0 0.713036 0.664997 0.010753 0.008041
0 0.180489 0.927206 0.017390 0.015739
0 0.007304 0.592171 0.014607 0.016557
0 0.047557 0.527302 0.012168 0.009545
0 0.233788 0.888601 0.012586 0.010481
0 0.308978 0.423444 0.013367 0.008128
0 0.414440 0.785092 0.010510 0.008660
0 0.473838 0.432032 0.014078 0.013490
0 0.496946 0.428101 0.010148 0.010904
0 0.178654 0.790987 0.014091 0.009803
0 0.515892 0.472454 0.015391 0.012451
0 0.473615 0.612856 0.015945 0.010612
0 0.385240 0.912524 0.017407 0.013229
0 0.037922 0.824520 0.011716 0.008934
0 0.387982 0.537132 0.014968 0.009888
0 0.390647 0.428127 0.011044 0.008949
0 0.261732 0.944065 0.021907 0.019842
0 0.480994 0.686538 0.027202 0.014148
0 0.560540 0.882818 0.014413 0.010490
0 0.096977 0.600617 0.018575 0.013693
0 0.473928 0.781037 0.018057 0.012416
0 0.427994 0.495762 0.018369 0.013032
0 0.154599 0.869309 0.012739 0.009797
0 0.534921 0.519675 0.011541 0.009257
0 0.626923 0.473109 0.013187 0.010940
0 0.310679 0.411538 0.013109 0.016114
0 0.418407 0.902841 0.020211 0.020274
0 0.304589 0.673315 0.014524 0.018522
0 0.109602 0.825867 0.013314 0.011785
0 0.412276 0.867905 0.016195 0.010840
0 0.282218 0.462397 0.018215 0.018012
0 0.671650 0.594917 0.008689 0.007517
0 0.532612 0.538399 0.012016 0.009193
0 0.498102 0.540224 0.011885 0.006429
1 0.146322 0.650822 0.040689 0.052817
1 0.604851 0.536385 0.043818 0.028169
1 0.587637 0.500000 0.059468 0.035211
1 0.532081 0.445423 0.061033 0.026995
1 0.703443 0.529930 0.056338 0.043427
1 0.614241 0.592136 0.040689 0.034038
1 0.559468 0.718310 0.059468 0.046948
1 0.622848 0.785211 0.067293 0.049296
1 0.733177 0.752347 0.068858 0.061033
1 0.744131 0.619718 0.059468 0.056338
1 0.406886 0.955399 0.061033 0.032864