0 0.271346 0.398716 0.018028 0.013917
0 0.614563 0.372018 0.017537 0.013259
0 0.355555 0.635687 0.019617 0.014899
0 0.430203 0.569657 0.020855 0.016616
0 0.325797 0.502598 0.017775 0.014239
0 0.514865 0.624856 0.019015 0.014449
0 0.479150 0.526271 0.024680 0.018524
0 0.375633 0.433321 0.016516 0.013653
0 0.436159 0.680470 0.025630 0.018788
0 0.624892 0.609468 0.025100 0.018767
0 0.246843 0.438507 0.016537 0.012971
0 0.492114 0.353983 0.017028 0.013750
0 0.491517 0.581292 0.017687 0.014283
0 0.218177 0.540995 0.018651 0.016064
0 0.414231 0.370859 0.017936 0.012910
0 0.434515 0.748332 0.023890 0.018449
0 0.532049 0.686267 0.017830 0.014268
0 0.200254 0.479909 0.017775 0.014581
0 0.440612 0.268158 0.019606 0.017185
0 0.657017 0.337136 0.014620 0.012271
0 0.535184 0.366684 0.015409 0.012562
0 0.420396 0.193956 0.019824 0.015528
0 0.522727 0.535760 0.018494 0.014749
0 0.307119 0.291632 0.022664 0.018027
0 0.359650 0.269892 0.018218 0.013971
0 0.230804 0.717749 0.017792 0.012770
0 0.393617 0.489283 0.023829 0.018758
0 0.216127 0.447997 0.016424 0.013517
0 0.510512 0.553674 0.018609 0.013860
1 0.012784 0.355513 0.025568 0.034624
0 0.572124 0.611474 0.017000 0.013268
0 0.116635 0.542712 0.013534 0.011239
1 0.052472 0.474718 0.040687 0.032078
0 0.607928 0.702126 0.018471 0.014093
0 0.535042 0.504848 0.017366 0.016128
0 0.260814 0.421084 0.017220 0.013167
0 0.594519 0.676329 0.018319 0.014464
0 0.230913 0.637166 0.016248 0.013007
0 0.300505 0.648457 0.016335 0.014135
0 0.243522 0.479972 0.016807 0.014370
0 0.266597 0.472145 0.016475 0.013647
0 0.409851 0.330666 0.015049 0.011927
0 0.070038 0.511317 0.020157 0.014508
0 0.400392 0.653312 0.018350 0.014311
0 0.261118 0.305551 0.018469 0.015692
0 0.065757 0.427070 0.015904 0.012026
0 0.154797 0.528328 0.017829 0.013595
0 0.309691 0.350841 0.014799 0.013832
0 0.433951 0.652769 0.015467 0.012099
0 0.298994 0.501934 0.015437 0.013076
0 0.704012 0.348243 0.018159 0.013887
0 0.615366 0.676790 0.017200 0.013721
0 0.397437 0.304448 0.014706 0.011286
0 0.174068 0.369401 0.019277 0.015988
0 0.413530 0.214890 0.018503 0.014708
0 0.447308 0.443570 0.014386 0.012072
0 0.197618 0.440752 0.015989 0.014054
0 0.504405 0.248424 0.014471 0.012611
0 0.591983 0.480900 0.017486 0.015277
0 0.317488 0.454668 0.017083 0.013482
1 0.159242 0.222556 0.034869 0.025409
0 0.597807 0.396895 0.017560 0.011266
0 0.299794 0.258692 0.013943 0.010226
0 0.692152 0.564089 0.016725 0.013611