0 0.587580 0.893466 0.019360 0.020386
0 0.760917 0.778061 0.017965 0.018438
0 0.674653 0.636127 0.019342 0.020823
0 0.349417 0.730108 0.020463 0.020801
0 0.654397 0.671919 0.019842 0.019426
1 0.437621 0.365262 0.048562 0.052121
0 0.380310 0.749269 0.020821 0.020990
0 0.707833 0.921200 0.019203 0.017588
0 0.401357 0.990650 0.018180 0.016994
0 0.725394 0.728708 0.017868 0.018428
0 0.624838 0.651141 0.018269 0.018589
0 0.438447 0.767620 0.019350 0.019226
0 0.809952 0.663142 0.018699 0.018600
0 0.170705 0.944981 0.019725 0.020617
0 0.380653 0.430633 0.021166 0.019925
0 0.488450 0.148815 0.020860 0.022447
0 0.386968 0.093916 0.020513 0.025426
0 0.612894 0.812110 0.019201 0.019407
0 0.049761 0.425661 0.021577 0.021582
0 0.757715 0.626026 0.017976 0.018194
0 0.428877 0.099995 0.016737 0.018324
0 0.733609 0.347464 0.018734 0.019445
0 0.361614 0.854391 0.020685 0.027404
0 0.841019 0.400262 0.019088 0.019772
0 0.153408 0.884859 0.023503 0.024314
1 0.399164 0.503698 0.052457 0.045618
0 0.143525 0.716442 0.024629 0.021279
0 0.300247 0.358969 0.016665 0.016985
0 0.480043 0.914764 0.016637 0.016167
0 0.648483 0.552457 0.018069 0.018622
0 0.412101 0.127191 0.015824 0.016358
0 0.512266 0.718044 0.023011 0.024194
0 0.478349 0.471191 0.017970 0.018828
0 0.588044 0.250256 0.017590 0.019819
0 0.052487 0.623318 0.022723 0.027041
0 0.496057 0.215660 0.020079 0.023366
0 0.576468 0.298394 0.018831 0.020044
0 0.802080 0.351081 0.033535 0.036892
0 0.312644 0.324581 0.019190 0.019184
0 0.525164 0.948591 0.018674 0.020373
0 0.763597 0.450469 0.020486 0.022670
0 0.681992 0.533101 0.020576 0.020237
0 0.600497 0.553617 0.018920 0.021632
0 0.148892 0.508758 0.021786 0.021380
0 0.266312 0.700712 0.021424 0.022066
0 0.017055 0.774364 0.017956 0.018932
0 0.450954 0.239810 0.018008 0.023951
0 0.591449 0.471340 0.026359 0.029700
0 0.399151 0.647707 0.023245 0.020820
0 0.127994 0.945933 0.019010 0.019198
0 0.702086 0.573593 0.020577 0.019468
0 0.324677 0.288550 0.017949 0.019373