0 0.174051 0.310980 0.013948 0.014329
0 0.555782 0.660542 0.015382 0.015201
0 0.395629 0.659370 0.016849 0.017646
0 0.203828 0.333129 0.015245 0.015180
0 0.322483 0.333066 0.012900 0.012639
0 0.361394 0.293938 0.013558 0.013852
0 0.256738 0.342302 0.016232 0.015130
0 0.132813 0.395747 0.013787 0.013901
0 0.370984 0.645939 0.017463 0.017468
0 0.400677 0.619973 0.016462 0.016380
0 0.155155 0.332455 0.014025 0.014047
0 0.456597 0.414910 0.014893 0.014846
0 0.289421 0.258488 0.013790 0.013445
0 0.226398 0.297545 0.012377 0.013222
0 0.325857 0.653572 0.015857 0.015795
0 0.256314 0.396402 0.013550 0.013522
0 0.687156 0.326651 0.018306 0.018322
0 0.532506 0.459237 0.018104 0.018437
1 0.079872 0.608538 0.081827 0.068180
0 0.026405 0.754431 0.016988 0.017059
0 0.247986 0.473750 0.014172 0.013716
0 0.164702 0.518952 0.016543 0.016576
0 0.544993 0.409054 0.016294 0.017081
0 0.514515 0.222629 0.014556 0.015188
0 0.586964 0.490744 0.016082 0.015875
0 0.233445 0.801540 0.020596 0.020487
0 0.513116 0.373974 0.014462 0.014818
0 0.485718 0.382611 0.014782 0.015389
0 0.326640 0.696188 0.017093 0.017442
0 0.569767 0.299718 0.016872 0.018335
0 0.519430 0.636096 0.018082 0.021747
0 0.453321 0.734878 0.015969 0.015008
0 0.539173 0.232523 0.012915 0.012922
0 0.131740 0.475465 0.015458 0.015532
0 0.293387 0.350867 0.013003 0.013222
0 0.171297 0.377220 0.013956 0.014101
0 0.206211 0.673075 0.017090 0.016767
0 0.746482 0.325563 0.017039 0.018203
0 0.277623 0.283386 0.014472 0.014254
0 0.333304 0.281586 0.014109 0.016957
0 0.390300 0.388505 0.016838 0.016326
0 0.436452 0.369526 0.015208 0.017016
0 0.232193 0.408907 0.015789 0.014299
0 0.493307 0.792356 0.014443 0.015081
0 0.154711 0.260982 0.013063 0.012637
0 0.591939 0.324903 0.016041 0.014781
0 0.625290 0.695904 0.015831 0.015478
0 0.299419 0.682396 0.015861 0.016195
0 0.309777 0.394043 0.014656 0.014726
0 0.775480 0.420310 0.016131 0.016813
0 0.608435 0.854223 0.017918 0.017460
0 0.428741 0.439606 0.019244 0.016089
0 0.034390 0.944334 0.017893 0.017970
0 0.592756 0.758844 0.014616 0.014749
0 0.392324 0.547440 0.015366 0.015265
0 0.675820 0.689457 0.013722 0.013882
0 0.712795 0.701857 0.013566 0.013561
0 0.061444 0.383056 0.013390 0.013966
0 0.394254 0.242752 0.014726 0.016115
0 0.476374 0.474175 0.018132 0.014989
0 0.570721 0.243508 0.014451 0.014824
0 0.538591 0.512018 0.014206 0.014274
0 0.127867 0.287187 0.016692 0.014399
0 0.218822 0.438479 0.013335 0.012977
0 0.279063 0.519916 0.015065 0.014980
0 0.419442 0.316260 0.014188 0.014253
0 0.023317 0.381893 0.014115 0.014990
0 0.707055 0.786842 0.013380 0.012884
0 0.229448 0.246906 0.015000 0.016140
1 0.257242 0.703063 0.047863 0.048109
0 0.525124 0.423300 0.015963 0.016700
0 0.295934 0.226116 0.018352 0.015907
0 0.024510 0.349018 0.014245 0.014509
0 0.681499 0.549625 0.014793 0.014241
0 0.086015 0.354597 0.015080 0.015621
0 0.178022 0.604122 0.017432 0.017580
0 0.625050 0.511025 0.016654 0.016364
0 0.718717 0.983417 0.014253 0.014656
0 0.622483 0.265508 0.018264 0.018260
0 0.551337 0.609539 0.017703 0.016897
0 0.385368 0.438282 0.013220 0.013191
0 0.052272 0.426665 0.015617 0.015481
0 0.019035 0.731455 0.015587 0.015990
0 0.147154 0.210418 0.013211 0.014810
0 0.748986 0.717929 0.012759 0.012125
0 0.409138 0.364669 0.014288 0.014280
0 0.486682 0.714858 0.015024 0.014796
0 0.015031 0.324099 0.014463 0.014253
0 0.296393 0.598105 0.013673 0.013285
0 0.073230 0.555570 0.016634 0.016039
1 0.467887 0.863386 0.054206 0.052016
0 0.702706 0.543353 0.014694 0.013840
0 0.461723 0.449016 0.013718 0.013142
0 0.488509 0.762321 0.014273 0.014229
0 0.610774 0.471792 0.017878 0.018326
0 0.299357 0.713204 0.018470 0.018667
0 0.508098 0.710543 0.018415 0.016518
0 0.261943 0.489911 0.012951 0.013010
0 0.204640 0.917115 0.022889 0.024788
0 0.038286 0.799711 0.017632 0.017621
0 0.292802 0.178931 0.012940 0.014586
0 0.192159 0.478875 0.017682 0.013998
0 0.151446 0.483845 0.014794 0.014430
0 0.780234 0.743365 0.013331 0.012762
0 0.434427 0.228342 0.014352 0.013271
0 0.054218 0.452714 0.017555 0.015234
0 0.280312 0.365982 0.014496 0.014862
0 0.232516 0.195137 0.017289 0.016696
0 0.085012 0.466595 0.015562 0.016701
0 0.497350 0.292120 0.016865 0.022252
0 0.099726 0.400238 0.013330 0.013963
0 0.507529 0.503018 0.013701 0.015041
0 0.563853 0.196478 0.011846 0.013182
0 0.722982 0.904469 0.017141 0.016380
0 0.556876 0.372726 0.016226 0.017192
0 0.794946 0.625727 0.015254 0.016375
0 0.305599 0.483192 0.012879 0.012822
0 0.536662 0.589677 0.015012 0.015907
0 0.424709 0.981064 0.016345 0.016766
0 0.788446 0.722714 0.012520 0.012065
0 0.111867 0.249435 0.014428 0.016108
0 0.374161 0.415612 0.013984 0.012903
0 0.011245 0.773869 0.016984 0.017332
0 0.713927 0.663818 0.013916 0.014359
0 0.455387 0.270084 0.015080 0.019575
0 0.569491 0.520103 0.013593 0.013974
0 0.536227 0.971914 0.016878 0.015312
0 0.252085 0.174311 0.012105 0.012716
0 0.689763 0.508378 0.021461 0.021218
0 0.095323 0.306502 0.013516 0.014180
0 0.260524 0.439073 0.014046 0.017431
0 0.464742 0.915076 0.014599 0.014753
0 0.198677 0.289004 0.013252 0.014011
0 0.716836 0.866696 0.014628 0.014475
0 0.086159 0.328732 0.012995 0.013473
0 0.659833 0.792990 0.013833 0.013900
0 0.456589 0.355563 0.013251 0.013195
0 0.043345 0.369204 0.013490 0.015282
0 0.799844 0.538495 0.015399 0.017009
0 0.614970 0.443784 0.017945 0.017952
0 0.372256 0.526547 0.013819 0.013407
0 0.699148 0.832915 0.012912 0.014548
0 0.492218 0.248766 0.013887 0.013727
0 0.656836 0.626101 0.019251 0.018550
0 0.602381 0.818212 0.015635 0.016201
0 0.190464 0.506761 0.014412 0.014395
0 0.360737 0.380675 0.013663 0.013148
0 0.805742 0.498821 0.013567 0.013323
1 0.435146 0.895160 0.048055 0.051926
0 0.415448 0.578504 0.016409 0.018833
0 0.810786 0.766582 0.012816 0.012756
0 0.852496 0.442995 0.016054 0.015840
0 0.685612 0.596734 0.016564 0.017258
0 0.794316 0.883357 0.012656 0.012737
0 0.042694 0.910774 0.017478 0.017385
0 0.526035 0.537020 0.014071 0.013632
0 0.301984 0.310278 0.018083 0.014689
0 0.779773 0.501676 0.013317 0.013488
0 0.569082 0.575436 0.014127 0.014648
0 0.835584 0.613246 0.015238 0.016557
0 0.491574 0.589986 0.016684 0.016533
0 0.582488 0.217921 0.015905 0.016599
0 0.087034 0.682620 0.019718 0.020766
0 0.402901 0.276184 0.013896 0.013762
0 0.288716 0.651241 0.015477 0.016161
0 0.787299 0.333700 0.020634 0.019332
0 0.609523 0.581555 0.016140 0.015961
0 0.692281 0.992924 0.016459 0.013971
0 0.528493 0.274057 0.014353 0.018762
0 0.337699 0.167140 0.012089 0.013396
0 0.265002 0.306363 0.015327 0.012716
0 0.739504 0.499934 0.020560 0.016843
0 0.307061 0.912121 0.017011 0.018202
0 0.395492 0.301759 0.014219 0.012975
0 0.464224 0.389266 0.013125 0.012752
0 0.055431 0.482860 0.014115 0.014103
0 0.428464 0.936036 0.022688 0.017416
0 0.095679 0.747738 0.023998 0.026293
0 0.462161 0.811847 0.017659 0.019055
0 0.168747 0.197642 0.014494 0.016760
0 0.650185 0.517935 0.014562 0.014295
0 0.542678 0.314894 0.016362 0.016277
0 0.760689 0.762147 0.012551 0.012306
0 0.636601 0.572523 0.018735 0.023659
0 0.663999 0.216694 0.015176 0.014315
0 0.350604 0.153660 0.012860 0.013073
0 0.664654 0.816488 0.014277 0.014323
0 0.733919 0.590844 0.016411 0.015250
0 0.198189 0.422810 0.015064 0.020287
0 0.392350 0.512618 0.015575 0.013210
0 0.327940 0.460822 0.013447 0.013449
0 0.465468 0.504463 0.015929 0.015358
0 0.707848 0.264571 0.016083 0.016689
0 0.330592 0.579904 0.014231 0.013500
0 0.677092 0.639481 0.014623 0.014054
0 0.731964 0.821809 0.013204 0.014038
0 0.755885 0.442654 0.016203 0.015741
0 0.639210 0.655025 0.018372 0.015202
0 0.823287 0.697656 0.015043 0.015733
0 0.540368 0.701701 0.015162 0.013037
0 0.566880 0.699571 0.019773 0.016467
0 0.326966 0.371012 0.012249 0.012349
0 0.118833 0.359165 0.018755 0.022236
0 0.373052 0.152340 0.012349 0.013358
0 0.719172 0.462800 0.021499 0.022724
0 0.751900 0.530968 0.015419 0.015565
0 0.443266 0.335188 0.014039 0.018314
0 0.585086 0.541328 0.019459 0.020655
0 0.836033 0.523746 0.014602 0.014452
0 0.622307 0.228967 0.022532 0.019599
0 0.593971 0.934495 0.015855 0.017422
0 0.773921 0.643990 0.013210 0.013880
0 0.774133 0.579153 0.013575 0.013683
0 0.104266 0.277847 0.012907 0.013423
0 0.388700 0.574601 0.016023 0.017403
0 0.749892 0.828402 0.013284 0.014968
0 0.288267 0.423127 0.012985 0.015874
0 0.250032 0.527039 0.012893 0.014117
0 0.544352 0.386423 0.015486 0.015196
0 0.067832 0.522980 0.016539 0.017114
0 0.525433 0.183937 0.014814 0.012123
0 0.285658 0.154688 0.014496 0.013270
0 0.353623 0.349446 0.017001 0.015411
0 0.475993 0.246805 0.013854 0.013405
0 0.255702 0.206495 0.011648 0.012197
0 0.525303 0.807023 0.015158 0.017905
0 0.641865 0.767943 0.014558 0.013883
0 0.623157 0.820616 0.014286 0.014211
0 0.742418 0.561919 0.016567 0.017591
0 0.812394 0.406204 0.016510 0.016269
0 0.165043 0.419720 0.016503 0.020631
0 0.695994 0.858617 0.012355 0.012572
0 0.026930 0.912775 0.017394 0.016377
0 0.035804 0.479421 0.013040 0.013097
0 0.235707 0.611033 0.014243 0.014632
0 0.340790 0.500193 0.017083 0.017674
0 0.430779 0.510494 0.017044 0.018081
0 0.848481 0.570485 0.013005 0.013492
0 0.624024 0.538472 0.017170 0.017082
0 0.291382 0.541755 0.014982 0.014525
0 0.204368 0.552614 0.014552 0.016671
0 0.443383 0.327563 0.013811 0.017500
0 0.678428 0.663069 0.015235 0.015611
0 0.349933 0.432120 0.013852 0.022084
0 0.355720 0.313737 0.011725 0.011565
0 0.278543 0.574128 0.014715 0.014280
0 0.555807 0.330427 0.017463 0.014836
0 0.349438 0.253243 0.016495 0.014356
0 0.509385 0.975157 0.015095 0.014678
0 0.251703 0.594304 0.013107 0.012838
0 0.544516 0.780373 0.015894 0.013820
0 0.693307 0.949522 0.015397 0.018566
0 0.556162 0.993420 0.014787 0.012657
0 0.611925 0.669259 0.017752 0.014363
0 0.358091 0.346109 0.013935 0.014048
0 0.482822 0.970399 0.021402 0.015186
0 0.498767 0.994595 0.015506 0.010810
0 0.418241 0.407502 0.013018 0.014233
0 0.830561 0.412524 0.016989 0.016452
0 0.482860 0.142724 0.013816 0.014141
0 0.405077 0.423512 0.012257 0.011453
0 0.663808 0.259455 0.022078 0.019126
0 0.008621 0.511269 0.014886 0.022332
0 0.226409 0.643970 0.021502 0.019693
0 0.760275 0.470154 0.018802 0.016722
0 0.609452 0.983091 0.018593 0.017462
0 0.601061 0.907014 0.012938 0.014059
0 0.524131 0.779759 0.014237 0.013316
0 0.787854 0.781822 0.013210 0.013570
0 0.842046 0.704124 0.014779 0.014367
0 0.784662 0.813161 0.013647 0.014376
0 0.360948 0.243672 0.013258 0.016703
0 0.817829 0.862365 0.014744 0.014777
0 0.185148 0.578904 0.018564 0.015792
0 0.675337 0.906125 0.015398 0.014932
0 0.188993 0.850083 0.018433 0.021119
0 0.819402 0.475094 0.013118 0.013790
0 0.804113 0.649015 0.013088 0.012526
0 0.075858 0.250948 0.012351 0.013632
0 0.293386 0.444912 0.012378 0.011668
0 0.701441 0.241469 0.017908 0.018476
0 0.458176 0.978794 0.018910 0.018269
0 0.010364 0.518636 0.014644 0.016883
0 0.034565 0.911770 0.025791 0.015479
0 0.668696 0.929821 0.016346 0.018871
0 0.751321 0.637817 0.013124 0.015357
0 0.833706 0.546875 0.012229 0.012506
0 0.644108 0.820396 0.013907 0.013179
0 0.170547 0.490531 0.013502 0.013585
0 0.307351 0.521966 0.015742 0.012496
0 0.612532 0.206032 0.014425 0.014281
0 0.513952 0.856686 0.013368 0.014504
0 0.662787 0.894184 0.012083 0.013552
0 0.136958 0.440306 0.015140 0.016173
0 0.728902 0.768750 0.013837 0.016422
0 0.763516 0.934885 0.014684 0.014557
0 0.430704 0.268003 0.013220 0.012679
0 0.399133 0.168559 0.011022 0.013743
0 0.285857 0.629377 0.014293 0.017336
0 0.562818 0.977885 0.015088 0.016459
0 0.529823 0.262169 0.012769 0.017084
0 0.440796 0.546707 0.015390 0.017527
0 0.495493 0.952724 0.014786 0.015731
0 0.602157 0.697222 0.015531 0.012633
0 0.816392 0.672424 0.016598 0.018855
0 0.339043 0.544734 0.011772 0.016992
0 0.572341 0.796309 0.013287 0.013277
1 0.439746 0.173653 0.067613 0.091774
0 0.515563 0.887545 0.015780 0.019342
0 0.662085 0.729750 0.012261 0.012780
0 0.497800 0.689865 0.018488 0.016844
0 0.422115 0.744535 0.016249 0.018036
0 0.149195 0.417855 0.015792 0.013655
0 0.570772 0.327486 0.015647 0.014572
0 0.605155 0.560411 0.019137 0.017878
0 0.519868 0.184634 0.016102 0.012239
0 0.268386 0.545146 0.013302 0.014672
0 0.176203 0.820094 0.015477 0.016447
0 0.615016 0.744520 0.014493 0.014815
0 0.563488 0.764274 0.015367 0.017072
0 0.349967 0.424401 0.013638 0.017789
0 0.434635 0.287629 0.017016 0.014316
0 0.091345 0.674823 0.020217 0.022441
0 0.447638 0.493343 0.018552 0.015730
0 0.645510 0.747786 0.014979 0.014875
0 0.696748 0.909981 0.011785 0.012342
0 0.141854 0.688682 0.019238 0.021826
0 0.867261 0.471020 0.016967 0.018011
1 0.490816 0.558650 0.032609 0.041063