0 0.530713 0.556749 0.013503 0.010430
0 0.573485 0.710519 0.019204 0.014220
0 0.393836 0.474068 0.014824 0.011281
0 0.433875 0.280564 0.015305 0.011440
0 0.334572 0.294312 0.014110 0.010991
0 0.361784 0.276702 0.018649 0.013508
0 0.362295 0.406233 0.017703 0.013571
0 0.778543 0.548505 0.015928 0.011584
0 0.746450 0.414281 0.014226 0.011085
1 0.219343 0.479219 0.058769 0.037671
0 0.613548 0.659657 0.015420 0.012020
0 0.339616 0.576408 0.016465 0.012927
0 0.518110 0.618584 0.011525 0.008969
0 0.584006 0.417440 0.013321 0.011136
0 0.543952 0.598326 0.011556 0.009027
0 0.626162 0.388754 0.013590 0.010009
0 0.567992 0.521642 0.013057 0.009065
0 0.757682 0.306346 0.014054 0.010689
0 0.508393 0.282458 0.014909 0.011703
0 0.465922 0.721627 0.017997 0.014190
0 0.441151 0.608497 0.012184 0.009198
0 0.407513 0.455186 0.013365 0.010787
0 0.690089 0.229757 0.014361 0.012713
0 0.512807 0.497044 0.014138 0.011102
0 0.601646 0.520384 0.011661 0.009378
0 0.329517 0.528002 0.018707 0.013451
0 0.673909 0.539893 0.014074 0.011995
0 0.687915 0.573069 0.015490 0.011811
0 0.641833 0.485507 0.015764 0.012959
0 0.304812 0.654188 0.017935 0.013315
0 0.708804 0.380036 0.016790 0.013689
0 0.377577 0.385854 0.016823 0.013076
0 0.606637 0.695130 0.013917 0.010563
0 0.390421 0.516286 0.013739 0.011557
0 0.357282 0.669554 0.017361 0.012477
0 0.621022 0.290440 0.016336 0.012379
0 0.810211 0.332054 0.014960 0.011379
0 0.614122 0.600883 0.012086 0.009525
0 0.474161 0.297225 0.013587 0.010617
0 0.847613 0.436706 0.012220 0.009227
0 0.493013 0.717035 0.018108 0.015135
0 0.564264 0.455375 0.012480 0.009243
0 0.438236 0.568997 0.012889 0.009297
0 0.485682 0.608996 0.011203 0.009228
0 0.491321 0.324307 0.014176 0.012414
0 0.631458 0.418903 0.012007 0.009406
0 0.539500 0.626628 0.011842 0.009369
0 0.552923 0.400651 0.014045 0.009397
0 0.816111 0.505863 0.012481 0.009922
0 0.346395 0.336611 0.018089 0.012419
0 0.693096 0.263605 0.018892 0.012509
0 0.593525 0.373951 0.011862 0.009254
0 0.606295 0.408347 0.013107 0.009588
0 0.612495 0.570079 0.012767 0.010381
0 0.370688 0.691142 0.019594 0.013203
0 0.697565 0.670690 0.015791 0.011859
0 0.509683 0.689608 0.017611 0.010535
0 0.788715 0.445549 0.012143 0.009251
0 0.588441 0.573568 0.012079 0.009134
0 0.754152 0.454558 0.012541 0.009411
0 0.292674 0.268715 0.019675 0.015439
0 0.491002 0.461838 0.014051 0.011381
0 0.405747 0.289708 0.015790 0.012161
0 0.775838 0.579555 0.014159 0.010978
0 0.388862 0.428668 0.017429 0.011276
0 0.730808 0.593767 0.017390 0.012012
0 0.688146 0.453186 0.012598 0.009766
0 0.476427 0.559405 0.011190 0.008008
0 0.418595 0.320404 0.016680 0.011142
0 0.755874 0.273413 0.018979 0.012004
0 0.531609 0.288907 0.014004 0.010525
0 0.659756 0.506566 0.011872 0.009564
0 0.472248 0.450781 0.014243 0.010344
0 0.476804 0.690022 0.016771 0.012841
0 0.481043 0.579512 0.011239 0.009002
0 0.558560 0.188969 0.018474 0.013235
0 0.644344 0.695227 0.013582 0.009830
0 0.438986 0.260699 0.016121 0.011227
0 0.646982 0.554737 0.013342 0.010348
0 0.657885 0.271486 0.012587 0.010471
0 0.844575 0.370225 0.015893 0.011849
0 0.779646 0.331119 0.015929 0.011925
0 0.606363 0.346777 0.014343 0.011158
0 0.494272 0.347567 0.013205 0.010026
0 0.463188 0.380911 0.014525 0.010300
0 0.447752 0.298891 0.013657 0.010538
0 0.573602 0.484238 0.013104 0.009162
0 0.532780 0.318443 0.013603 0.010169
0 0.398591 0.395525 0.012387 0.009516
0 0.598623 0.269264 0.018164 0.013372
0 0.699508 0.289144 0.018672 0.012205
0 0.665141 0.441981 0.013279 0.010502
0 0.453663 0.419853 0.015249 0.011571
0 0.719067 0.640585 0.014555 0.011097
0 0.719439 0.675586 0.015085 0.011714
0 0.719671 0.287225 0.014392 0.010522
0 0.477410 0.262967 0.021371 0.013028
0 0.824056 0.285114 0.015777 0.012749
0 0.728735 0.619384 0.014132 0.009891
0 0.799985 0.271605 0.017429 0.014484
0 0.818227 0.389707 0.012138 0.009160
0 0.635452 0.236966 0.013036 0.010433
0 0.597437 0.189628 0.012271 0.010041
0 0.685279 0.405034 0.011516 0.008905
0 0.510981 0.431285 0.012699 0.010772
0 0.634491 0.631092 0.015142 0.011758
0 0.814649 0.473243 0.012512 0.010045
0 0.741905 0.485607 0.013232 0.010229
0 0.373349 0.579450 0.014065 0.011072
0 0.601655 0.438956 0.012214 0.008721
0 0.422164 0.233519 0.018171 0.013868
0 0.641515 0.374185 0.014479 0.011416
0 0.539518 0.521381 0.012490 0.008690
0 0.641457 0.531122 0.018016 0.011343
0 0.683984 0.432269 0.011846 0.009270
0 0.594798 0.482136 0.013667 0.009576
0 0.417076 0.532882 0.012717 0.009634
0 0.435106 0.531845 0.012532 0.009079
0 0.655682 0.670436 0.016571 0.014311
0 0.348443 0.205749 0.017673 0.016095
0 0.439108 0.399080 0.013678 0.011725
0 0.673451 0.312527 0.017780 0.012532
0 0.785865 0.472982 0.011305 0.008439
0 0.537189 0.158332 0.013907 0.009949
0 0.383122 0.639643 0.014143 0.009871
0 0.620442 0.552744 0.013156 0.009489
0 0.479241 0.481652 0.014044 0.010704
0 0.583420 0.659619 0.015248 0.011439
0 0.634499 0.447546 0.017878 0.010274
0 0.664617 0.250290 0.012592 0.010197
0 0.481226 0.515082 0.012063 0.009853
0 0.484581 0.633261 0.014398 0.009596
0 0.430210 0.677567 0.015660 0.013577
0 0.636624 0.349910 0.012274 0.009631
0 0.746806 0.635242 0.015845 0.012618
0 0.584344 0.242741 0.014356 0.013988
0 0.393246 0.499958 0.012353 0.010825
0 0.659966 0.203342 0.018305 0.012453
0 0.369720 0.653980 0.015308 0.010561
0 0.457862 0.498719 0.013751 0.010927
0 0.469135 0.530048 0.011772 0.008963
0 0.566106 0.318576 0.015573 0.012262
0 0.832013 0.530733 0.014579 0.011004
0 0.734535 0.434948 0.013728 0.010657
0 0.386455 0.358726 0.014398 0.009747
0 0.486024 0.536260 0.011954 0.009046
0 0.665462 0.575243 0.012426 0.010889
0 0.406832 0.173593 0.014485 0.010962
0 0.351048 0.621109 0.015270 0.011058
0 0.613110 0.204639 0.013174 0.010460
0 0.673373 0.680186 0.013586 0.010149
0 0.535418 0.734397 0.022474 0.013545
0 0.645628 0.650498 0.015197 0.010694
0 0.704295 0.626392 0.014395 0.010677
0 0.504816 0.648594 0.016290 0.012257
0 0.406292 0.337633 0.017004 0.014428
0 0.394904 0.552264 0.012727 0.008957
0 0.461083 0.661047 0.015562 0.012408
0 0.316427 0.421480 0.024382 0.014729
0 0.768573 0.394979 0.013970 0.010299
0 0.541903 0.474782 0.013954 0.009348
0 0.648297 0.222845 0.016964 0.011086
0 0.787260 0.300188 0.017714 0.015541
0 0.522008 0.400789 0.011213 0.009045
0 0.574560 0.351332 0.013924 0.010167
0 0.368610 0.601395 0.014057 0.009982
0 0.354728 0.640763 0.014464 0.011016
0 0.377827 0.549356 0.013299 0.010681
0 0.350552 0.502617 0.012781 0.009697
0 0.508543 0.157204 0.015342 0.009774
0 0.608006 0.225281 0.012517 0.011173
0 0.375833 0.312378 0.013973 0.015843
0 0.585210 0.535801 0.012680 0.009377
0 0.664575 0.628830 0.016358 0.011282
0 0.678225 0.626565 0.015386 0.011759
0 0.719949 0.263566 0.013984 0.011059
0 0.761994 0.523254 0.010758 0.008956
0 0.440515 0.684553 0.017362 0.013429
0 0.409550 0.586740 0.011888 0.011531
0 0.525668 0.673377 0.015467 0.011358
0 0.723661 0.217278 0.014370 0.012134
0 0.447474 0.381912 0.015519 0.009557
0 0.292150 0.600574 0.015411 0.011819
0 0.184291 0.361153 0.022275 0.016459
0 0.769584 0.253259 0.018340 0.013803
0 0.599339 0.324554 0.016118 0.012730
0 0.752700 0.598751 0.014837 0.010913
0 0.676091 0.701959 0.018118 0.010581
0 0.841947 0.475075 0.012302 0.009117
0 0.774013 0.358203 0.013177 0.010981
0 0.639961 0.324509 0.012047 0.009670
0 0.796082 0.610211 0.016322 0.010910
0 0.415783 0.303541 0.013788 0.011102
0 0.648858 0.295298 0.012566 0.010656
0 0.506601 0.535806 0.012342 0.008569
0 0.352756 0.594388 0.013047 0.009541
0 0.687791 0.473158 0.011559 0.009249
0 0.608101 0.247862 0.015135 0.012643
0 0.511793 0.346926 0.013372 0.010644
0 0.789530 0.591366 0.014711 0.011111
0 0.765661 0.486147 0.013393 0.009203
0 0.410455 0.613303 0.013677 0.010022
0 0.781316 0.412362 0.012035 0.008804
0 0.502355 0.553156 0.013597 0.009153
0 0.511089 0.731934 0.020583 0.013235
0 0.436276 0.427758 0.012585 0.011372
0 0.444250 0.470813 0.010773 0.009745
0 0.369153 0.340872 0.019299 0.012985
0 0.532137 0.373288 0.013571 0.009638
0 0.431759 0.479634 0.014686 0.011013
0 0.720359 0.231577 0.013155 0.011775
0 0.599731 0.549693 0.011206 0.008571
0 0.801875 0.430279 0.018683 0.009546
0 0.766214 0.609631 0.016969 0.011453
0 0.717005 0.247112 0.012854 0.011863
0 0.585797 0.300133 0.013855 0.012017
0 0.514205 0.671800 0.017845 0.011806
0 0.401547 0.363523 0.013147 0.009235
0 0.783751 0.395787 0.014175 0.010641
0 0.754298 0.434703 0.012581 0.009455
0 0.608183 0.713026 0.015359 0.012046
0 0.667900 0.476350 0.014983 0.010120
0 0.323420 0.623656 0.020492 0.011333
0 0.834936 0.548353 0.012727 0.009797
0 0.571045 0.666653 0.013283 0.009857
0 0.517363 0.445073 0.013135 0.008264
0 0.843883 0.517966 0.012616 0.010637
0 0.446001 0.549333 0.011114 0.009022
0 0.806575 0.410089 0.018404 0.012282
0 0.420800 0.495504 0.011829 0.008362
0 0.679485 0.305480 0.017313 0.011731
0 0.244140 0.563359 0.012529 0.009729
0 0.317466 0.619028 0.018740 0.014670
0 0.389834 0.613601 0.014037 0.009299
0 0.542818 0.327529 0.015524 0.010618
0 0.377149 0.302750 0.014027 0.013829
0 0.470235 0.634838 0.013772 0.009109
0 0.665594 0.651279 0.013001 0.010188
0 0.417632 0.550573 0.011427 0.009719
0 0.824375 0.560740 0.013876 0.012640
0 0.589069 0.296221 0.016046 0.016263
0 0.853169 0.401518 0.012562 0.010359
0 0.581882 0.167131 0.012905 0.009838
0 0.684175 0.197201 0.015833 0.011317
0 0.613176 0.253385 0.013873 0.010305
0 0.637534 0.719329 0.017188 0.010115
0 0.765893 0.659941 0.014586 0.011445
0 0.471942 0.645420 0.014613 0.012544
0 0.415321 0.249322 0.016795 0.013001
0 0.318026 0.609083 0.015858 0.014788
0 0.668738 0.563535 0.013594 0.011332
0 0.596759 0.728567 0.015803 0.010642
0 0.544961 0.446379 0.012516 0.009352
0 0.289897 0.597209 0.016342 0.012470
0 0.843170 0.492402 0.013337 0.009700
0 0.643102 0.224743 0.020129 0.012885
0 0.536702 0.356913 0.014381 0.009831
0 0.555836 0.357603 0.012544 0.009493
0 0.483863 0.500456 0.013197 0.010944
0 0.374442 0.180311 0.014765 0.011171
0 0.320974 0.697371 0.015714 0.011841
0 0.317442 0.327603 0.015048 0.011818
0 0.575857 0.664223 0.018431 0.011527
0 0.521493 0.393068 0.012388 0.012958