0 0.667999 0.295189 0.015588 0.016234
0 0.456334 0.513271 0.014507 0.014570
0 0.559681 0.849002 0.021898 0.021553
0 0.610721 0.149801 0.016057 0.014756
0 0.455229 0.086700 0.016776 0.016577
0 0.722988 0.433276 0.014902 0.014494
0 0.243350 0.498689 0.015171 0.014764
0 0.693417 0.830940 0.020890 0.020953
0 0.632574 0.277130 0.017866 0.017637
0 0.419909 0.251973 0.018360 0.018641
0 0.490983 0.397995 0.016418 0.016180
0 0.474091 0.488617 0.016707 0.018232
0 0.605945 0.296729 0.014051 0.014486
0 0.619061 0.551009 0.015756 0.015561
0 0.265285 0.110946 0.016401 0.015152
0 0.546555 0.100057 0.014948 0.014032
0 0.384786 0.041161 0.016466 0.015370
0 0.626043 0.698275 0.018569 0.017220
0 0.529841 0.274721 0.015968 0.015980
0 0.479768 0.873258 0.024051 0.023012
0 0.687222 0.401243 0.013389 0.014336
0 0.427157 0.419407 0.015509 0.014598
0 0.758575 0.073955 0.013875 0.013739
0 0.413016 0.151980 0.014394 0.015659
0 0.301653 0.144540 0.015028 0.014804
0 0.048043 0.486184 0.015244 0.015311
0 0.724876 0.140057 0.015288 0.015785
0 0.408444 0.439025 0.015666 0.015889
0 0.517753 0.389367 0.014880 0.015310
0 0.404303 0.514316 0.015342 0.014573
0 0.509843 0.083287 0.013876 0.014224
0 0.530728 0.190223 0.015750 0.016154
0 0.690275 0.328559 0.015202 0.017559
0 0.581246 0.119783 0.014557 0.014696
0 0.635923 0.868587 0.019027 0.019890
0 0.588286 0.168820 0.014351 0.014767
0 0.531156 0.310722 0.018167 0.018190
0 0.521636 0.555606 0.016849 0.015817
0 0.217850 0.357402 0.016572 0.016345
0 0.692377 0.547187 0.015704 0.015516
0 0.304719 0.176896 0.015066 0.015288
0 0.638760 0.177022 0.015119 0.015090
0 0.483653 0.804531 0.022173 0.021841
0 0.265011 0.296981 0.015312 0.015224
0 0.605470 0.850954 0.022064 0.024651
0 0.573423 0.606552 0.014979 0.014928
0 0.417752 0.213893 0.016537 0.017817
0 0.304317 0.093627 0.015753 0.015405
0 0.680378 0.113519 0.016720 0.016613
0 0.719475 0.655611 0.016077 0.016247
1 0.180212 0.576738 0.042790 0.046683
0 0.710170 0.249066 0.015095 0.014847
0 0.626417 0.616055 0.016228 0.015971
0 0.697827 0.272944 0.014234 0.013698
0 0.456792 0.722772 0.016800 0.016773
1 0.580198 0.496317 0.070752 0.079140
0 0.328331 0.091524 0.017258 0.016294
0 0.284597 0.471582 0.016007 0.016616
0 0.614261 0.191326 0.016707 0.016948
0 0.128546 0.497381 0.016055 0.015666
0 0.693636 0.449494 0.013487 0.016604
0 0.661388 0.104481 0.017733 0.018086
0 0.394034 0.657995 0.013311 0.013288
0 0.480278 0.193797 0.015249 0.015940
0 0.280423 0.544768 0.014005 0.015108
0 0.700050 0.376573 0.013885 0.014859
0 0.090166 0.534792 0.014618 0.014357
0 0.643524 0.023831 0.016980 0.018801
0 0.419059 0.717414 0.015336 0.014696
0 0.686105 0.014210 0.018277 0.019912
0 0.552332 0.058629 0.015361 0.015876
0 0.831341 0.081507 0.014707 0.015434
0 0.325025 0.689867 0.014313 0.015284
0 0.087818 0.475637 0.016095 0.015765
0 0.438578 0.218943 0.015930 0.015766
0 0.578933 0.553949 0.017617 0.017048
0 0.429420 0.692803 0.014130 0.013702
0 0.189952 0.490283 0.016724 0.017475
0 0.787105 0.063523 0.013095 0.013433
0 0.014387 0.482377 0.016019 0.016797
0 0.542547 0.620929 0.019745 0.020545
0 0.709368 0.353417 0.017861 0.016441
0 0.269553 0.193351 0.018562 0.019354
0 0.425208 0.641866 0.014739 0.014770
0 0.429638 0.086274 0.015587 0.014699
0 0.731915 0.296670 0.013630 0.014163
0 0.463959 0.166230 0.014885 0.014254
0 0.349057 0.427206 0.017110 0.016260
0 0.398175 0.328862 0.017244 0.018734
0 0.902359 0.470715 0.019381 0.020035
0 0.593310 0.874416 0.021614 0.021216
0 0.930815 0.163924 0.014268 0.015463
0 0.621335 0.326043 0.013731 0.013736
0 0.849672 0.411200 0.016749 0.017137
0 0.665784 0.327165 0.013848 0.014171
0 0.550721 0.229663 0.015077 0.015719
0 0.508987 0.264259 0.014434 0.014039
0 0.361973 0.084223 0.013634 0.014344
0 0.594882 0.032771 0.014502 0.016016
0 0.850601 0.109588 0.013783 0.015290
0 0.750497 0.016286 0.017511 0.019978
0 0.705585 0.305617 0.013343 0.014408
1 0.234861 0.276080 0.048803 0.045838
0 0.748584 0.648412 0.014696 0.015434
0 0.475509 0.042459 0.018178 0.015562
0 0.310523 0.475195 0.015123 0.016329
0 0.286166 0.674636 0.014616 0.013816
0 0.015337 0.454748 0.016950 0.016231
0 0.515396 0.054048 0.016247 0.016532
0 0.295761 0.415671 0.014807 0.013150
0 0.346400 0.012199 0.017671 0.019536
0 0.661954 0.068650 0.016600 0.017601
0 0.481889 0.628556 0.017608 0.017013
0 0.681537 0.614213 0.014054 0.014265
0 0.098777 0.276097 0.017274 0.017811
0 0.749078 0.211855 0.018389 0.018836
0 0.606373 0.224611 0.015268 0.016746
0 0.782986 0.097162 0.016341 0.016590
0 0.461716 0.220955 0.014669 0.014065
0 0.293571 0.604652 0.013030 0.015073
0 0.656150 0.646488 0.015439 0.017218
0 0.648869 0.206618 0.016157 0.016433
0 0.362358 0.368306 0.014211 0.015089
0 0.208504 0.022274 0.014401 0.014374
0 0.617952 0.042195 0.016849 0.018808
0 0.638644 0.579372 0.014170 0.014911
0 0.845698 0.183156 0.017181 0.016800
0 0.668638 0.249090 0.016586 0.015709
0 0.242761 0.384321 0.017837 0.016111
0 0.761942 0.044725 0.012438 0.012822
0 0.570193 0.343053 0.018422 0.019176
0 0.388818 0.715865 0.015312 0.016280
0 0.882606 0.164694 0.014417 0.013987
0 0.223700 0.314191 0.022091 0.016607
0 0.261935 0.477270 0.016869 0.017495
0 0.472055 0.142996 0.014567 0.014232
0 0.125101 0.646921 0.012441 0.012726
0 0.337149 0.194187 0.015468 0.017495
0 0.293116 0.842905 0.017225 0.017790
0 0.471646 0.296471 0.014037 0.014940
0 0.473838 0.772776 0.016645 0.017383
0 0.521703 0.523464 0.014722 0.014545
0 0.351748 0.384352 0.014601 0.013508
0 0.497900 0.012483 0.020242 0.017527
0 0.150043 0.596724 0.013070 0.013721
0 0.330268 0.359491 0.017749 0.014142
0 0.718930 0.686604 0.018596 0.019305
0 0.357944 0.604078 0.016872 0.015853
0 0.870256 0.465184 0.018184 0.019157
0 0.623718 0.128666 0.014649 0.014684
0 0.439068 0.138562 0.014886 0.014832
0 0.516130 0.238573 0.014177 0.014762
0 0.473375 0.534216 0.013580 0.013438
0 0.193045 0.513724 0.015514 0.016215
0 0.410089 0.379816 0.017144 0.016486
0 0.272189 0.438134 0.016587 0.015347
0 0.696402 0.517360 0.015403 0.013944
0 0.524740 0.418994 0.018107 0.016718
0 0.131996 0.056122 0.014753 0.016165
0 0.568229 0.236655 0.015584 0.017387
0 0.369828 0.127745 0.015779 0.015913
0 0.206422 0.393259 0.017330 0.017289
0 0.613287 0.347117 0.014227 0.015735
0 0.348048 0.841934 0.017419 0.016812
0 0.711706 0.466438 0.013407 0.013281
0 0.342932 0.636600 0.017115 0.014174
0 0.813789 0.124150 0.018188 0.020430
0 0.789169 0.182743 0.015293 0.016825
0 0.031110 0.528361 0.013716 0.015030
0 0.495675 0.356236 0.016154 0.019187
0 0.337572 0.708959 0.013279 0.012780
0 0.726397 0.757281 0.019555 0.019897
0 0.202199 0.737130 0.013400 0.014163
0 0.856550 0.049014 0.015842 0.015881
0 0.611347 0.598003 0.015019 0.016061
0 0.361952 0.169821 0.017616 0.014464
1 0.270975 0.249999 0.055177 0.052349
0 0.844957 0.459003 0.015646 0.016849
0 0.481941 0.309749 0.016664 0.017073
0 0.390768 0.085207 0.021356 0.016387
0 0.723305 0.233053 0.014428 0.015848
0 0.336426 0.553166 0.013890 0.013468
0 0.909648 0.106303 0.018931 0.020030
0 0.645964 0.246911 0.016704 0.014872
0 0.289307 0.383492 0.017354 0.016159
0 0.400365 0.619838 0.014353 0.014846
0 0.093355 0.700519 0.013538 0.014505
0 0.746864 0.554255 0.016946 0.021628
0 0.915552 0.584003 0.020997 0.022798
0 0.418251 0.483980 0.014123 0.014280
0 0.223235 0.403643 0.016736 0.015532
0 0.517102 0.027882 0.014363 0.013486
0 0.488771 0.125071 0.013145 0.014067
0 0.154456 0.506409 0.015143 0.015904
0 0.278256 0.807493 0.014435 0.014520
0 0.406331 0.305191 0.014464 0.016049
0 0.337027 0.465859 0.014330 0.013625
0 0.639201 0.402919 0.013899 0.015421
0 0.629128 0.362815 0.014897 0.018160
0 0.482734 0.218112 0.016583 0.017414
0 0.317289 0.066528 0.018664 0.018567
0 0.306230 0.361785 0.014404 0.013581
0 0.395665 0.465206 0.013640 0.013032
0 0.673196 0.861504 0.021841 0.025445
0 0.526297 0.588501 0.016451 0.018304
0 0.556031 0.169149 0.015486 0.016736
0 0.319577 0.854811 0.019349 0.021815
0 0.223245 0.515601 0.014107 0.013693
0 0.705610 0.489387 0.013513 0.013940
0 0.714874 0.060714 0.015770 0.015470
0 0.184197 0.006190 0.015479 0.012380
0 0.452649 0.052300 0.017544 0.015992
0 0.246216 0.555289 0.011834 0.013216
0 0.338915 0.167210 0.015124 0.013955
0 0.643223 0.674582 0.015974 0.016503
0 0.801201 0.209687 0.017317 0.017799
0 0.697813 0.598163 0.013316 0.013685
0 0.331725 0.408244 0.012738 0.012814
0 0.080280 0.627273 0.011916 0.012686
0 0.733378 0.187756 0.017151 0.017557
0 0.434233 0.597322 0.018904 0.016482
0 0.370850 0.496145 0.020736 0.015973
0 0.410569 0.099200 0.015366 0.014603
1 0.783890 0.638632 0.041986 0.047309
0 0.471638 0.329769 0.016445 0.017795
0 0.619594 0.428658 0.015793 0.015515
0 0.244005 0.140921 0.027533 0.028711
0 0.071321 0.300605 0.019153 0.018896
0 0.817486 0.186866 0.017337 0.017034
0 0.723106 0.394790 0.012793 0.014234
0 0.733965 0.674030 0.014999 0.016307
0 0.383864 0.155949 0.015989 0.016142
0 0.480801 0.425524 0.014346 0.014539
0 0.545602 0.566140 0.016683 0.019508
0 0.773138 0.237372 0.015633 0.014590
0 0.094286 0.679609 0.013323 0.014418
0 0.503743 0.558976 0.016261 0.015013
0 0.530648 0.006359 0.017105 0.011301
0 0.253639 0.358541 0.018072 0.015648
0 0.361082 0.875313 0.017321 0.018396
0 0.143714 0.521989 0.014866 0.014692
0 0.439694 0.058004 0.016180 0.013857
0 0.724942 0.004935 0.014335 0.009870
0 0.281401 0.353722 0.018969 0.013859
0 0.478122 0.458955 0.015691 0.014976
0 0.151193 0.659371 0.014071 0.014445
0 0.302703 0.821044 0.014988 0.015452
0 0.763181 0.185396 0.014766 0.016448
0 0.777579 0.675665 0.017519 0.018166
0 0.447895 0.665700 0.013571 0.013587
0 0.770678 0.486372 0.015181 0.016480
0 0.990460 0.378183 0.016342 0.017535
0 0.352473 0.319824 0.018332 0.023728
0 0.500006 0.150829 0.012987 0.013544
0 0.518055 0.471698 0.015513 0.016337
0 0.590656 0.533017 0.018579 0.019037
0 0.599889 0.267493 0.012895 0.014442
0 0.157845 0.790691 0.012929 0.014304
0 0.647986 0.048490 0.014842 0.015487
0 0.254558 0.710120 0.013180 0.015489
0 0.848911 0.218143 0.014760 0.014626
0 0.242283 0.657365 0.011805 0.012586
0 0.293945 0.338025 0.013927 0.015210
0 0.504033 0.315637 0.013800 0.013686
0 0.617856 0.889421 0.021681 0.021057
0 0.332327 0.737705 0.014107 0.015242
0 0.507108 0.612670 0.018778 0.017635
0 0.320317 0.273601 0.016146 0.018593
0 0.362149 0.757216 0.013545 0.015602
0 0.310101 0.565335 0.014551 0.015317
0 0.433385 0.457967 0.015656 0.015234
0 0.815413 0.018475 0.023708 0.023198
0 0.130196 0.550417 0.016414 0.013967
0 0.656322 0.366032 0.012373 0.014238
0 0.538999 0.465501 0.015330 0.015396
0 0.310905 0.200622 0.012804 0.012828
0 0.230742 0.118364 0.015973 0.016713
0 0.511855 0.697812 0.015476 0.017153
0 0.459268 0.610056 0.014674 0.013599
0 0.137505 0.553663 0.015998 0.013042
0 0.463591 0.695497 0.017578 0.019512
0 0.405697 0.764072 0.016171 0.019201
0 0.637555 0.444219 0.012568 0.013069
0 0.101665 0.619958 0.011851 0.012306
0 0.961602 0.326338 0.015528 0.018265
0 0.307614 0.388846 0.013817 0.012756
0 0.381544 0.853017 0.018686 0.021128
0 0.818695 0.107797 0.015700 0.018319
0 0.166637 0.538684 0.014428 0.014002
0 0.061269 0.673776 0.013281 0.014670
0 0.730205 0.517959 0.013695 0.017398
0 0.640016 0.512132 0.013042 0.013215
0 0.575740 0.335196 0.016451 0.017579
0 0.938179 0.407380 0.021067 0.019833
0 0.658934 0.073927 0.017677 0.024446
0 0.652049 0.248646 0.024185 0.015845
0 0.800432 0.840932 0.018017 0.017881
0 0.349541 0.579981 0.015192 0.016582
0 0.426067 0.169987 0.013064 0.013336
0 0.298013 0.655129 0.014050 0.015576
1 0.565459 0.505681 0.039399 0.061758
0 0.319738 0.287504 0.015735 0.020159
0 0.384311 0.626334 0.013136 0.013219
0 0.630141 0.211952 0.014803 0.014111
0 0.276965 0.435497 0.020676 0.016230
0 0.403985 0.688074 0.013641 0.012815
0 0.412233 0.553774 0.015668 0.016011
0 0.515008 0.266961 0.022932 0.016621
0 0.385451 0.493455 0.015158 0.017675
1 0.404464 0.816425 0.041063 0.053140