0 0.714416 0.874368 0.015022 0.011244
0 0.753702 0.803505 0.012538 0.009706
0 0.796213 0.521530 0.018220 0.013161
0 0.669516 0.857999 0.014392 0.010638
0 0.403291 0.805154 0.017812 0.013502
0 0.634466 0.456130 0.017606 0.012388
0 0.530738 0.910216 0.020207 0.015840
0 0.646637 0.382495 0.014627 0.011393
0 0.738952 0.830100 0.012758 0.009893
0 0.356067 0.511073 0.014841 0.013405
0 0.491537 0.477916 0.017181 0.014364
0 0.448684 0.455000 0.013753 0.011269
0 0.758436 0.432334 0.020307 0.015282
0 0.541671 0.397143 0.013464 0.010529
0 0.366868 0.470658 0.015423 0.012746
0 0.779824 0.821979 0.013326 0.011033
0 0.685934 0.637225 0.013987 0.010802
0 0.747922 0.659501 0.012830 0.010154
0 0.816039 0.855491 0.013068 0.009845
0 0.519548 0.521144 0.016646 0.013709
0 0.533487 0.767550 0.012570 0.010335
0 0.691348 0.887877 0.013309 0.009791
0 0.801501 0.723237 0.011214 0.009504
0 0.796562 0.785765 0.011706 0.009368
0 0.430496 0.872611 0.016761 0.012358
0 0.403995 0.422588 0.023409 0.014689
0 0.783328 0.491846 0.017089 0.014001
0 0.467813 0.547251 0.013805 0.011625
0 0.555057 0.654078 0.014948 0.011138
0 0.589824 0.713266 0.015702 0.012344
0 0.492023 0.801501 0.013652 0.012308
0 0.358979 0.572447 0.013835 0.012172
0 0.268023 0.610943 0.013473 0.010828
0 0.478167 0.446547 0.014218 0.012539
0 0.719866 0.415359 0.013080 0.010570
0 0.671682 0.792005 0.014309 0.012700
0 0.330929 0.837371 0.018272 0.013385
0 0.473216 0.775943 0.012621 0.010738
0 0.297514 0.449101 0.019818 0.017271
0 0.506629 0.398890 0.015851 0.013091
0 0.511541 0.442666 0.016932 0.014868
0 0.863451 0.467935 0.018968 0.016114
0 0.854909 0.798858 0.013597 0.010195
0 0.777488 0.695373 0.012465 0.009456
0 0.826791 0.688154 0.011539 0.008571
0 0.635236 0.500940 0.015864 0.011774
0 0.400680 0.507772 0.013967 0.012035
0 0.332745 0.584804 0.015091 0.010412
0 0.792750 0.413721 0.017674 0.014342
0 0.513359 0.790125 0.014201 0.010744
0 0.451408 0.864110 0.015718 0.011246
0 0.718991 0.445761 0.014159 0.011976
0 0.607568 0.439065 0.018483 0.014945
0 0.399723 0.840131 0.014987 0.011607
0 0.466802 0.508715 0.014933 0.013904
0 0.803736 0.835272 0.014812 0.011448
0 0.587182 0.671672 0.013494 0.009629
0 0.321358 0.509602 0.013598 0.010658
0 0.639916 0.525402 0.015233 0.011231
0 0.560001 0.931413 0.021950 0.020027
0 0.403247 0.680590 0.014849 0.011864
0 0.516215 0.608512 0.013096 0.010018
0 0.573899 0.620094 0.012232 0.010015
0 0.844565 0.672172 0.012066 0.009263
0 0.653509 0.410087 0.019057 0.012152
0 0.344012 0.869580 0.015359 0.011714
0 0.284975 0.638016 0.013944 0.011437
0 0.631507 0.901889 0.020744 0.017039
0 0.606475 0.364143 0.020563 0.016250
0 0.657433 0.545400 0.015619 0.010701
0 0.669204 0.882378 0.015967 0.010973
0 0.844018 0.708934 0.012375 0.009687
0 0.698460 0.477110 0.013389 0.011151
0 0.611427 0.548269 0.013310 0.011217
0 0.624387 0.794281 0.014019 0.010949
0 0.769649 0.709238 0.011796 0.009244
0 0.468981 0.753724 0.013156 0.010516
0 0.601549 0.415753 0.011499 0.010257
0 0.405761 0.541686 0.014018 0.011962
0 0.608186 0.475285 0.014825 0.012173
0 0.605683 0.569915 0.014911 0.010518
0 0.812480 0.428927 0.015814 0.012101
0 0.347710 0.770786 0.013905 0.012358
0 0.877136 0.669940 0.013885 0.010434
0 0.618924 0.399527 0.011912 0.010452
0 0.659421 0.719057 0.016466 0.012471
0 0.447785 0.830892 0.012314 0.009573
0 0.666463 0.588302 0.013238 0.010356
0 0.657012 0.427349 0.012679 0.011014
0 0.419405 0.838910 0.014990 0.011185
0 0.403247 0.470013 0.017093 0.012691
0 0.892713 0.686420 0.013981 0.010911
0 0.672102 0.673625 0.011837 0.013257
0 0.305852 0.594897 0.013992 0.010695
0 0.332159 0.487693 0.016375 0.011818
0 0.309453 0.564651 0.012965 0.011507
0 0.448544 0.400049 0.016994 0.013909
0 0.680774 0.817701 0.012980 0.010964
0 0.566586 0.592686 0.014170 0.013283
0 0.182317 0.638008 0.013685 0.011310
0 0.797256 0.676110 0.011861 0.010039
0 0.633298 0.582373 0.014805 0.011195
0 0.781129 0.861947 0.015500 0.011773
0 0.708197 0.382429 0.014803 0.012031
0 0.383348 0.530152 0.014028 0.011271
0 0.221846 0.625057 0.013968 0.010181
0 0.906038 0.522710 0.019581 0.016641
0 0.282856 0.533756 0.016341 0.012268
0 0.654937 0.836580 0.013685 0.010157
0 0.849014 0.504551 0.023561 0.012884
0 0.836388 0.553936 0.020894 0.015353
0 0.233855 0.590095 0.017099 0.012746
0 0.409110 0.862687 0.016349 0.012531
0 0.812205 0.813459 0.014326 0.011577
0 0.331008 0.524677 0.013429 0.010902
0 0.341599 0.649202 0.013241 0.010776
0 0.632429 0.628989 0.015134 0.011508
0 0.552905 0.556695 0.014062 0.011847
0 0.613906 0.823590 0.013906 0.011779
0 0.664446 0.816182 0.017072 0.010833
0 0.246306 0.509181 0.015673 0.012840
0 0.193738 0.612387 0.015262 0.011842
0 0.425259 0.786457 0.012964 0.011133
0 0.310805 0.620719 0.014353 0.012691
0 0.621770 0.938312 0.024835 0.018482
0 0.306235 0.536042 0.014390 0.011728
0 0.551859 0.570725 0.014501 0.012639
0 0.606351 0.724126 0.012087 0.009369
0 0.422325 0.642017 0.013706 0.010013
0 0.200112 0.570502 0.017599 0.014635
0 0.599974 0.501577 0.015751 0.013871
0 0.361316 0.534336 0.012988 0.010446
0 0.553862 0.358429 0.013835 0.010880
0 0.439603 0.849348 0.013578 0.011485
0 0.507551 0.417447 0.013332 0.011414
0 0.883369 0.642169 0.011585 0.010458
0 0.324931 0.637454 0.012892 0.011270
0 0.406952 0.881553 0.017699 0.013068
0 0.278676 0.485953 0.020634 0.014796
0 0.761830 0.772489 0.010993 0.009338
0 0.616150 0.715264 0.012865 0.012045
0 0.249964 0.694573 0.013086 0.010690
0 0.803750 0.447174 0.016618 0.014064
0 0.208682 0.542432 0.017799 0.014761
0 0.425216 0.615721 0.015243 0.013011
0 0.646793 0.862945 0.016806 0.012458
0 0.637834 0.621499 0.013831 0.012857
0 0.590085 0.759960 0.013311 0.011870
0 0.551258 0.472925 0.013152 0.011398
0 0.421601 0.383813 0.019430 0.014971
0 0.859950 0.780823 0.012648 0.008917
0 0.384583 0.868516 0.017384 0.012260
0 0.810192 0.736911 0.009715 0.007435
0 0.591166 0.748175 0.015291 0.014886
0 0.665154 0.528885 0.013326 0.010452
0 0.747732 0.599218 0.014034 0.011144
0 0.607831 0.652135 0.018477 0.012381
0 0.256806 0.487989 0.020316 0.014598
0 0.837722 0.475696 0.017393 0.012289
0 0.449287 0.633616 0.011241 0.010756
0 0.646370 0.703283 0.012638 0.010540
0 0.645169 0.759467 0.012546 0.011699
0 0.433869 0.668108 0.017832 0.014660
0 0.651616 0.578046 0.014804 0.013306
0 0.669927 0.497654 0.014281 0.013036
0 0.376634 0.604355 0.013354 0.010703
0 0.635434 0.625002 0.015544 0.012863
0 0.404884 0.578688 0.013410 0.013188
0 0.346779 0.796345 0.011821 0.010697
0 0.193397 0.667373 0.014433 0.013169
0 0.558448 0.453799 0.012916 0.011409
0 0.716515 0.782865 0.012831 0.010791
0 0.839088 0.764265 0.010563 0.007769
0 0.547548 0.437029 0.018935 0.010552
0 0.839833 0.621439 0.016653 0.010676
0 0.775369 0.698141 0.014266 0.016701