0 0.530654 0.330547 0.012344 0.017471
0 0.304235 0.385636 0.011417 0.018411
0 0.407733 0.708271 0.012043 0.015279
0 0.465804 0.431116 0.012055 0.018102
0 0.460193 0.303776 0.011433 0.013712
0 0.564691 0.317842 0.014989 0.020266
0 0.315854 0.485507 0.011611 0.017486
0 0.571177 0.590417 0.009991 0.013009
0 0.621973 0.664622 0.011127 0.015369
0 0.572153 0.340724 0.013363 0.019154
0 0.615575 0.613524 0.010726 0.013706
0 0.115227 0.601537 0.012905 0.018624
0 0.421431 0.359264 0.013122 0.017350
0 0.553177 0.845856 0.009093 0.013812
0 0.251245 0.461725 0.011579 0.015757
0 0.515725 0.471762 0.011433 0.015166
0 0.516139 0.802499 0.009513 0.013852
0 0.535129 0.410646 0.010483 0.011542
0 0.282563 0.359122 0.009877 0.014620
0 0.360311 0.398677 0.011012 0.013281
0 0.343490 0.354897 0.012321 0.016566
0 0.327581 0.313852 0.010125 0.015869
0 0.488239 0.788014 0.009697 0.014115
0 0.289297 0.893496 0.010921 0.013577
0 0.367555 0.325574 0.010164 0.015416
0 0.434317 0.559117 0.011896 0.014695
0 0.440209 0.688195 0.010134 0.016070
0 0.198671 0.722132 0.011323 0.012819
0 0.533503 0.843645 0.009149 0.012248
0 0.348910 0.322806 0.008859 0.012861
0 0.434664 0.814706 0.009193 0.014105
0 0.272320 0.779316 0.010676 0.013898
0 0.240563 0.336691 0.010575 0.015887
0 0.365641 0.510125 0.013118 0.018839
0 0.495609 0.940733 0.011610 0.017109
0 0.389236 0.387262 0.011884 0.015071
0 0.266622 0.729665 0.009383 0.011408
0 0.346825 0.428809 0.011691 0.012906
0 0.293963 0.462459 0.011012 0.013804
0 0.436308 0.717972 0.011347 0.014029
0 0.609278 0.454625 0.010540 0.013245
0 0.389226 0.691641 0.012985 0.015983
0 0.389325 0.545592 0.010033 0.013910
0 0.570005 0.500594 0.008027 0.011841
0 0.482336 0.760412 0.009680 0.012269
0 0.614972 0.561042 0.009835 0.013962
0 0.456833 0.953655 0.011015 0.013698
0 0.586200 0.616494 0.010691 0.011281
0 0.373648 0.744133 0.010345 0.012666
0 0.420576 0.768523 0.008384 0.010481
0 0.377508 0.428421 0.011838 0.020227
0 0.544987 0.565106 0.010117 0.012336
0 0.239649 0.517181 0.011137 0.014175
0 0.371044 0.574139 0.009514 0.012771
0 0.283863 0.811302 0.008779 0.011992
0 0.380663 0.821835 0.010391 0.012254
0 0.298357 0.640193 0.009226 0.013500
0 0.339821 0.468993 0.013546 0.018067
0 0.196262 0.528621 0.008742 0.012035
0 0.244076 0.660721 0.011367 0.014560
0 0.174604 0.411940 0.011700 0.016837
0 0.446100 0.512340 0.013515 0.016762
0 0.367757 0.466095 0.010383 0.011896
0 0.252208 0.778924 0.010496 0.016682
0 0.533164 0.537247 0.010573 0.012582
0 0.458127 0.686849 0.011291 0.015319
0 0.326461 0.868105 0.008982 0.011096
0 0.559437 0.538178 0.010082 0.011682
0 0.373411 0.600646 0.009895 0.013379
0 0.415467 0.411578 0.011625 0.014668
0 0.488357 0.421443 0.009801 0.012739
0 0.191136 0.380807 0.011780 0.017666
0 0.196683 0.351738 0.016468 0.021022
0 0.509056 0.534510 0.015717 0.019650
0 0.504084 0.620752 0.011536 0.013240
0 0.581227 0.372035 0.010774 0.015244
0 0.359362 0.858234 0.007672 0.012164
0 0.410516 0.514705 0.012525 0.015750
0 0.343800 0.303598 0.007396 0.012239
0 0.383538 0.473304 0.009976 0.012048
0 0.333100 0.744659 0.010918 0.011733
0 0.486167 0.685207 0.015046 0.022765
0 0.377815 0.292684 0.008139 0.013084
0 0.478688 0.621275 0.012371 0.014507
0 0.486549 0.598892 0.012539 0.017585
0 0.120190 0.562409 0.013434 0.017474
0 0.319700 0.968926 0.009739 0.011693
0 0.559699 0.387494 0.008928 0.012421
0 0.240499 0.917530 0.009251 0.013879
0 0.228010 0.446830 0.010605 0.013516
0 0.602316 0.411514 0.008958 0.012658
0 0.634534 0.574336 0.009323 0.010123
0 0.234176 0.358640 0.008492 0.014390
0 0.343434 0.709742 0.012090 0.013507
0 0.592541 0.560432 0.008638 0.011177
0 0.636305 0.703759 0.009730 0.009942
0 0.343861 0.553086 0.011335 0.017062
0 0.489657 0.980357 0.010520 0.011887
0 0.478131 0.706573 0.008644 0.011456
0 0.373576 0.858263 0.009296 0.011099
0 0.390616 0.974005 0.010283 0.014702
0 0.398649 0.771472 0.010277 0.013570
0 0.291328 0.969441 0.008051 0.010862
0 0.353546 0.911171 0.007853 0.011276
0 0.583168 0.426845 0.008427 0.011269
0 0.279742 0.287055 0.010372 0.015034
0 0.202490 0.504394 0.009829 0.011811
0 0.156426 0.691276 0.010173 0.016566
0 0.428359 0.321166 0.009941 0.012793
0 0.511423 0.528939 0.012717 0.015859
0 0.210471 0.774321 0.009450 0.011440
0 0.497179 0.912401 0.007412 0.011375
0 0.247168 0.878922 0.009949 0.013062
0 0.269880 0.950122 0.010529 0.012084
0 0.351968 0.761569 0.010585 0.012759
0 0.124259 0.665797 0.009728 0.014012
0 0.558832 0.567067 0.012032 0.013545
0 0.540031 0.288014 0.011563 0.016348
0 0.424065 0.647319 0.011224 0.013243
0 0.393047 0.518553 0.011273 0.011924
0 0.367315 0.668727 0.009419 0.012605
0 0.433591 0.905622 0.009739 0.014662
0 0.512224 0.874381 0.011472 0.014959
0 0.390602 0.497113 0.009815 0.011276
0 0.304310 0.819103 0.007101 0.011145
0 0.109490 0.630774 0.011790 0.013491
0 0.544151 0.744569 0.012444 0.011536
0 0.365474 0.894010 0.008462 0.012525
0 0.453148 0.920909 0.009401 0.012021
0 0.420530 0.790053 0.012415 0.014071
0 0.319666 0.273282 0.007732 0.014008
0 0.414672 0.417624 0.013139 0.019469
0 0.358382 0.453208 0.011228 0.013702
0 0.347852 0.742973 0.012609 0.012515
0 0.602681 0.589090 0.012698 0.011428
0 0.435239 0.336132 0.011413 0.017753
0 0.376901 0.270505 0.013058 0.016504
0 0.350428 0.756957 0.010053 0.015263
0 0.261792 0.710453 0.011191 0.017600
0 0.456059 0.885437 0.007970 0.011495
0 0.417031 0.956562 0.011917 0.016647
0 0.320195 0.269830 0.011909 0.016967
0 0.305103 0.986839 0.011809 0.011336
0 0.238061 0.342421 0.010383 0.020594
0 0.566503 0.808372 0.008315 0.015072
0 0.172558 0.695474 0.010306 0.011684
0 0.530240 0.919093 0.010545 0.014055
0 0.374569 0.950214 0.008580 0.014292
0 0.510853 0.851811 0.013111 0.019396
0 0.147820 0.557795 0.007929 0.011646
0 0.595520 0.748612 0.009934 0.012292
0 0.352394 0.481756 0.008677 0.012104
0 0.402657 0.856211 0.009562 0.010751
0 0.411665 0.423474 0.011502 0.015410
0 0.523443 0.727423 0.011117 0.011540
0 0.345503 0.305923 0.010942 0.018774
0 0.504354 0.971020 0.011234 0.013191
0 0.385965 0.946110 0.009460 0.012555
0 0.579160 0.786547 0.007602 0.012661
0 0.363587 0.899497 0.011120 0.016353
0 0.498036 0.447629 0.010958 0.013421
0 0.578721 0.833758 0.007344 0.011039
0 0.639091 0.412974 0.015720 0.019567
0 0.264280 0.724190 0.010153 0.020974
0 0.533674 0.414888 0.011995 0.021029
0 0.465781 0.937632 0.010895 0.012301
0 0.127245 0.612059 0.010473 0.016144
0 0.422531 0.384909 0.011777 0.015345
0 0.208950 0.394697 0.010094 0.015121
0 0.551723 0.930431 0.011593 0.013621
0 0.604392 0.385282 0.017775 0.016273
0 0.351794 0.323649 0.018834 0.013033
0 0.396465 0.973733 0.010161 0.016712
0 0.237084 0.374330 0.009644 0.015898
1 0.177377 0.640845 0.058979 0.058685
1 0.294454 0.696009 0.043134 0.070423
1 0.373680 0.779930 0.039613 0.048122
1 0.331866 0.642606 0.033451 0.043427
1 0.274648 0.602113 0.029930 0.051643
1 0.263644 0.397887 0.029049 0.046948
1 0.606954 0.846244 0.025528 0.035211
1 0.622359 0.812793 0.028169 0.024648
1 0.636884 0.775235 0.034331 0.041080
1 0.700704 0.680164 0.019366 0.048122
1 0.661972 0.668427 0.033451 0.043427
1 0.675616 0.575117 0.030810 0.065728
1 0.645687 0.510563 0.039613 0.046948
1 0.514525 0.649061 0.029049 0.042254
1 0.446303 0.613850 0.036972 0.049296
1 0.410211 0.273474 0.031690 0.028169
1 0.502641 0.268779 0.033451 0.044601
1 0.609595 0.359742 0.050176 0.069249
1 0.345511 0.244718 0.039613 0.038732
1 0.187060 0.905516 0.043134 0.050469
1 0.273327 0.846831 0.023768 0.048122
1 0.246039 0.755869 0.032570 0.046948