0 0.314621 0.570672 0.022272 0.016414
0 0.712888 0.570801 0.023330 0.017857
0 0.401397 0.583092 0.021048 0.016597
0 0.605895 0.613357 0.021033 0.015453
0 0.370434 0.624470 0.023381 0.017792
0 0.557416 0.346050 0.023970 0.018922
0 0.632505 0.269875 0.017240 0.013984
0 0.505536 0.527424 0.024523 0.016469
0 0.565144 0.255269 0.017632 0.014528
1 0.809272 0.610301 0.044458 0.034674
0 0.654568 0.335374 0.022809 0.017352
0 0.503926 0.272097 0.021632 0.017578
0 0.387271 0.671278 0.024529 0.017776
0 0.341656 0.596351 0.019891 0.016222
1 0.167459 0.455166 0.048329 0.036191
0 0.429661 0.348227 0.024937 0.019803
1 0.860492 0.530293 0.042044 0.033481
0 0.706217 0.514496 0.021417 0.016707
0 0.687462 0.582930 0.022113 0.015769
0 0.622231 0.643225 0.026958 0.021088
0 0.759597 0.542387 0.015035 0.012050
0 0.303720 0.657188 0.021430 0.017259
1 0.434176 0.802130 0.047439 0.039732
0 0.762768 0.657288 0.027299 0.025586
0 0.203494 0.410370 0.017888 0.013871
0 0.554074 0.651118 0.017880 0.014324
0 0.309657 0.328550 0.019699 0.016317
0 0.676499 0.493595 0.017189 0.014400
0 0.663212 0.464199 0.018249 0.014323
0 0.680212 0.310892 0.020209 0.018761
0 0.168799 0.384132 0.017429 0.013475
0 0.538939 0.498420 0.015958 0.012966
0 0.535473 0.710047 0.021420 0.016706
0 0.703019 0.391396 0.024394 0.018170
0 0.390001 0.708585 0.021037 0.016541
0 0.290475 0.753795 0.016853 0.014444
0 0.330362 0.462786 0.021416 0.017362