0 0.401543 0.495555 0.017322 0.013762
0 0.392734 0.422879 0.017123 0.013535
0 0.494175 0.478307 0.017977 0.013855
1 0.292108 0.369593 0.054847 0.052145
0 0.633442 0.678736 0.017644 0.013499
1 0.289670 0.653570 0.075234 0.051919
1 0.367980 0.459158 0.044823 0.037942
1 0.630100 0.399822 0.042159 0.037712
0 0.536832 0.431102 0.014724 0.011224
1 0.424366 0.568322 0.048682 0.034213
1 0.769071 0.500792 0.050451 0.038590
0 0.705186 0.612200 0.015573 0.011803
1 0.433048 0.703184 0.051734 0.042225
0 0.464769 0.472610 0.016156 0.012623
0 0.243837 0.238248 0.015342 0.012283
0 0.541207 0.336449 0.017657 0.015088
0 0.794678 0.377495 0.013881 0.010666
1 0.425897 0.174034 0.058135 0.036451
0 0.354798 0.371247 0.013977 0.012314
0 0.467862 0.277441 0.016554 0.013250
0 0.168076 0.448565 0.014048 0.011439
0 0.382866 0.270457 0.016862 0.013350
0 0.341002 0.335926 0.012179 0.010408
0 0.490366 0.237911 0.018462 0.015264
0 0.678821 0.285295 0.013637 0.011361
0 0.182127 0.617610 0.010985 0.008529
0 0.436541 0.353645 0.015428 0.011874
0 0.226545 0.575066 0.012574 0.009344
1 0.277655 0.640738 0.050933 0.037411
0 0.580903 0.327444 0.014737 0.011545