0 0.645262 0.500592 0.015531 0.012435
0 0.528085 0.338617 0.017774 0.013512
0 0.808975 0.545400 0.015567 0.012770
0 0.475184 0.358093 0.015998 0.012955
0 0.360778 0.659769 0.018635 0.013943
0 0.316487 0.470453 0.014280 0.010817
0 0.799040 0.505254 0.014999 0.011326
0 0.464994 0.600006 0.016364 0.012607
0 0.364605 0.498125 0.015461 0.012758
0 0.673155 0.513680 0.014959 0.010952
0 0.539896 0.571173 0.013636 0.010883
0 0.826840 0.502120 0.016437 0.012366
0 0.614792 0.488143 0.013715 0.010873
0 0.324915 0.484039 0.015123 0.012785
0 0.541457 0.399825 0.014201 0.011198
0 0.682779 0.602796 0.016640 0.012185
0 0.358032 0.563961 0.014871 0.011026
0 0.701397 0.444068 0.015167 0.012408
0 0.473885 0.472204 0.013592 0.011378
0 0.286248 0.564095 0.014717 0.011144
0 0.637625 0.626141 0.018035 0.015743
1 0.404487 0.299310 0.068408 0.046845
0 0.446870 0.543368 0.017152 0.013142
0 0.391194 0.549877 0.015109 0.011129
0 0.320538 0.602858 0.013730 0.010177
0 0.684200 0.241615 0.017886 0.015565
0 0.690531 0.405747 0.016734 0.013398
0 0.317232 0.437698 0.015330 0.012132
0 0.827023 0.457788 0.014994 0.011833
0 0.286031 0.448192 0.015406 0.012785
0 0.580165 0.433493 0.013878 0.011179
0 0.683967 0.640504 0.015949 0.012079
0 0.446920 0.397871 0.017822 0.016400
0 0.537165 0.224125 0.013623 0.012240
0 0.466642 0.627741 0.014308 0.011220
0 0.476954 0.276477 0.017830 0.015099
0 0.432091 0.340699 0.014656 0.011451
0 0.636757 0.400350 0.014532 0.011003
0 0.313402 0.551603 0.013606 0.010864
0 0.610888 0.574329 0.015845 0.012089
0 0.510836 0.555333 0.015031 0.012112
0 0.239121 0.499066 0.016491 0.011695
0 0.158842 0.327105 0.017171 0.014666
0 0.317485 0.319733 0.016774 0.012624
0 0.586394 0.195461 0.016161 0.013310
0 0.642852 0.181896 0.016060 0.013316
0 0.634930 0.348608 0.014573 0.012610
1 0.426578 0.455718 0.052742 0.036357
0 0.418621 0.471239 0.014884 0.012570
0 0.486303 0.257114 0.017667 0.011428
0 0.497154 0.390033 0.013889 0.010863
0 0.252844 0.603305 0.014999 0.011650
0 0.184824 0.490865 0.013207 0.010081
1 0.432019 0.166775 0.047681 0.034392
0 0.782229 0.564450 0.014753 0.011719
0 0.201036 0.435820 0.012626 0.009450
0 0.233190 0.594913 0.013251 0.010082
0 0.759706 0.449458 0.013161 0.010077
0 0.644816 0.423176 0.014455 0.012323
0 0.706751 0.671909 0.015364 0.010947
0 0.716170 0.578208 0.012474 0.009660
0 0.433490 0.707442 0.018678 0.015154
0 0.604112 0.437094 0.013432 0.010007
1 0.224681 0.266624 0.044575 0.035086
0 0.408255 0.271519 0.017811 0.013748
0 0.606271 0.698079 0.023606 0.016307
0 0.322794 0.619841 0.013918 0.010215
0 0.177768 0.419235 0.016349 0.015696
0 0.627814 0.521638 0.013391 0.009200
0 0.224029 0.610077 0.014648 0.010926
0 0.566973 0.221293 0.013293 0.012210
0 0.417245 0.416376 0.013246 0.011262
0 0.180356 0.512837 0.014559 0.011151
0 0.571877 0.494794 0.015664 0.011857
0 0.633145 0.369834 0.013514 0.018056
0 0.554446 0.498944 0.013700 0.012189
0 0.430110 0.693804 0.016367 0.015616
0 0.662856 0.314418 0.014249 0.011757
0 0.223085 0.459595 0.013036 0.011283
0 0.682565 0.685119 0.016328 0.010181
0 0.853956 0.469549 0.013199 0.010045
0 0.297062 0.491455 0.012291 0.010357
0 0.309455 0.659877 0.014205 0.011269
0 0.356607 0.604710 0.011632 0.009379
0 0.333033 0.371712 0.015177 0.015409
0 0.295394 0.294035 0.013388 0.011078
0 0.221838 0.547340 0.014986 0.010995
0 0.634011 0.354436 0.015316 0.019447
0 0.381696 0.362015 0.014055 0.010663