0 0.448094 0.497057 0.016317 0.013097
0 0.477703 0.677720 0.015718 0.012258
0 0.657455 0.398602 0.015934 0.013651
0 0.610277 0.630076 0.016200 0.011737
0 0.286118 0.503843 0.017468 0.014390
0 0.233893 0.557306 0.013941 0.011532
0 0.364720 0.426084 0.018042 0.013563
0 0.498247 0.492799 0.015731 0.011434
0 0.274515 0.444583 0.014040 0.012345
0 0.510810 0.636775 0.014814 0.013282
0 0.579507 0.846812 0.020166 0.015455
0 0.178741 0.596063 0.015636 0.012223
0 0.657364 0.628316 0.014984 0.012094
0 0.233209 0.448885 0.013598 0.011128
0 0.824103 0.584981 0.015022 0.012111
1 0.414538 0.676040 0.042266 0.040726
0 0.328780 0.696129 0.013676 0.010584
0 0.548233 0.691284 0.013379 0.010314
0 0.602726 0.867286 0.019795 0.014608
0 0.592332 0.560476 0.016319 0.013196
0 0.447280 0.605612 0.014751 0.011327
0 0.473561 0.312691 0.013994 0.012956
0 0.508480 0.703809 0.014764 0.013127
0 0.353569 0.456228 0.017676 0.013057
0 0.329142 0.443340 0.016015 0.012025
0 0.439377 0.321180 0.014445 0.012795
0 0.443321 0.710008 0.013205 0.010806
0 0.612944 0.457552 0.015314 0.012281
1 0.799999 0.612776 0.042966 0.029542
0 0.324430 0.633424 0.016423 0.014767
0 0.507490 0.869513 0.019903 0.015154
0 0.761231 0.503030 0.014776 0.012567
0 0.265885 0.811009 0.015936 0.012644
0 0.523201 0.657593 0.013493 0.010835
0 0.856486 0.569793 0.012411 0.009748
0 0.432127 0.625206 0.015539 0.014938
0 0.889001 0.610187 0.014752 0.011225
0 0.761347 0.540710 0.012097 0.009751
0 0.645138 0.668567 0.013441 0.010830
0 0.622782 0.509225 0.017072 0.013520
0 0.685285 0.527158 0.013119 0.010310
0 0.550849 0.582467 0.014092 0.012161
0 0.715380 0.594913 0.014942 0.013472
0 0.498580 0.381653 0.016761 0.018100
0 0.794999 0.401473 0.016628 0.012851
0 0.816392 0.485579 0.014643 0.011154
0 0.843057 0.518455 0.013101 0.010166
0 0.659957 0.522968 0.015953 0.013450
0 0.647000 0.705362 0.013887 0.010219
0 0.466578 0.530026 0.014872 0.011714
0 0.524187 0.352130 0.015744 0.010891
0 0.671309 0.682025 0.012614 0.009958
0 0.569270 0.509412 0.019552 0.013197
0 0.589818 0.602526 0.014000 0.011879
0 0.336221 0.583973 0.016633 0.012350
0 0.206610 0.552264 0.014864 0.013179
0 0.368801 0.821158 0.018937 0.014900
0 0.370887 0.381077 0.015177 0.013355
1 0.386757 0.527152 0.039076 0.031263
0 0.458692 0.723302 0.013689 0.011827
0 0.791477 0.731992 0.015196 0.014242
0 0.655092 0.560544 0.014755 0.012619
0 0.684533 0.586315 0.016021 0.011853
0 0.572529 0.606748 0.014533 0.012215
0 0.698065 0.828264 0.013881 0.010385
0 0.754588 0.568094 0.014503 0.010405
0 0.803990 0.467222 0.012982 0.010150
0 0.810736 0.571318 0.011926 0.009887
0 0.283522 0.392838 0.013500 0.011086
0 0.786226 0.588301 0.013303 0.010914
0 0.435869 0.555561 0.014105 0.013332
0 0.226998 0.398345 0.015545 0.012475
0 0.568331 0.297524 0.017228 0.012923
0 0.825730 0.422517 0.015837 0.012507
0 0.582912 0.399895 0.017177 0.013550
0 0.568232 0.721268 0.012932 0.011139
0 0.419667 0.447227 0.013388 0.010475
0 0.133651 0.506257 0.015114 0.012230
1 0.388779 0.356632 0.029619 0.023842
0 0.322941 0.811752 0.017666 0.012756
0 0.759894 0.589483 0.019047 0.013895
0 0.399383 0.567294 0.013973 0.011370
0 0.333115 0.371820 0.016132 0.014766
0 0.573497 0.377573 0.016078 0.015665
0 0.900076 0.589182 0.015986 0.011368
0 0.532182 0.850706 0.022232 0.018257
0 0.756901 0.368719 0.015246 0.011690
0 0.629855 0.345155 0.013778 0.012452
0 0.372513 0.566118 0.013098 0.011706
0 0.686200 0.553086 0.019850 0.014258