0 0.627554 0.489329 0.019027 0.013882
0 0.531544 0.944992 0.026700 0.019266
0 0.731983 0.731307 0.016969 0.012719
0 0.436681 0.435063 0.014731 0.011587
0 0.630949 0.539155 0.016414 0.012514
0 0.773809 0.670670 0.016140 0.012561
0 0.532887 0.758785 0.018440 0.014493
0 0.729021 0.637010 0.017863 0.013927
0 0.711847 0.675910 0.015826 0.012241
0 0.753213 0.697500 0.016590 0.012669
0 0.747940 0.758965 0.016546 0.012691
0 0.791359 0.695774 0.016180 0.012558
0 0.565469 0.505211 0.016040 0.012699
0 0.289961 0.485353 0.019139 0.015128
0 0.740017 0.605928 0.015809 0.012269
0 0.669900 0.757228 0.017321 0.012900
0 0.677679 0.854125 0.027880 0.022438
0 0.553982 0.677660 0.017200 0.013105
0 0.492405 0.445395 0.014637 0.011827
0 0.197671 0.711782 0.020915 0.015921
0 0.621827 0.747016 0.017099 0.013580
0 0.675250 0.729816 0.014654 0.011677
0 0.604877 0.808404 0.017550 0.013545
0 0.643849 0.665435 0.015574 0.012466
0 0.233009 0.559616 0.018469 0.014784
0 0.202104 0.507849 0.019705 0.015650
0 0.807376 0.569464 0.019167 0.015305
0 0.618208 0.458890 0.015377 0.011308
0 0.706907 0.613129 0.014179 0.011912
0 0.497918 0.922568 0.026635 0.019077
0 0.282071 0.414790 0.016072 0.013636
0 0.381542 0.824483 0.015443 0.012315
0 0.430089 0.378476 0.012608 0.010545
0 0.723517 0.567145 0.024949 0.018234
0 0.343875 0.508102 0.016894 0.013111
0 0.582712 0.443539 0.015139 0.011782
0 0.472553 0.402028 0.011982 0.009582
0 0.126472 0.717396 0.012319 0.010590
0 0.683829 0.576288 0.017333 0.014423
0 0.359951 0.414493 0.013038 0.010290
0 0.167823 0.767551 0.013385 0.010418
0 0.344608 0.659647 0.015788 0.013210
0 0.565927 0.467900 0.014538 0.011377
0 0.345754 0.602838 0.019896 0.014834
0 0.191498 0.890590 0.017404 0.012581
0 0.505844 0.554633 0.025651 0.017773
0 0.497362 0.395068 0.012693 0.010561
0 0.701514 0.712319 0.013807 0.011138
0 0.494657 0.859187 0.016797 0.012765
0 0.520974 0.404060 0.014736 0.012609
0 0.291554 0.562339 0.014004 0.011082
0 0.648330 0.795486 0.015787 0.012034
0 0.565799 0.741324 0.015339 0.012813
0 0.293712 0.639931 0.013665 0.010580
0 0.684144 0.447756 0.023358 0.016647
0 0.282944 0.519968 0.015149 0.012212
0 0.272623 0.908644 0.016854 0.014474
0 0.339512 0.983767 0.023514 0.016590
0 0.217327 0.442331 0.013608 0.010882
0 0.168538 0.652216 0.023148 0.016184
0 0.626188 0.695274 0.014323 0.011140
0 0.345541 0.528992 0.017441 0.012359
0 0.373494 0.461125 0.027695 0.021700
0 0.414136 0.489356 0.014037 0.011891
0 0.475704 0.737766 0.013942 0.011206
0 0.619001 0.603595 0.015436 0.012311
0 0.551591 0.425236 0.014001 0.011999
0 0.429566 0.404422 0.012278 0.010122
0 0.515322 0.837436 0.014758 0.012250
0 0.663092 0.815131 0.015493 0.012079
0 0.602716 0.906438 0.018639 0.014495
0 0.775343 0.585003 0.014095 0.012037
0 0.571163 0.701230 0.016294 0.012967
0 0.514913 0.500756 0.022045 0.019105
0 0.537902 0.571565 0.022534 0.021137
0 0.755953 0.785470 0.014558 0.011183
0 0.342758 0.432982 0.014906 0.011205
0 0.364226 0.751019 0.021305 0.015402
0 0.323659 0.790933 0.016704 0.014477
0 0.315770 0.426654 0.014429 0.010954
0 0.514628 0.723002 0.018574 0.014999
0 0.161912 0.477739 0.014883 0.011914
0 0.381018 0.650726 0.014345 0.011452
0 0.106226 0.518982 0.015527 0.012900
0 0.375498 0.569232 0.019206 0.014815
0 0.591770 0.412416 0.014948 0.013120
0 0.266202 0.464177 0.014679 0.010667
0 0.307898 0.695246 0.013219 0.011187
0 0.101094 0.482045 0.016331 0.013535
0 0.557519 0.585264 0.026242 0.016998