0 0.648313 0.591482 0.017542 0.014305
0 0.669982 0.647255 0.022037 0.015971
0 0.642898 0.555220 0.021404 0.014011
0 0.417336 0.494914 0.019009 0.015987
0 0.519651 0.586490 0.016109 0.013038
0 0.260153 0.447240 0.016789 0.013824
1 0.581325 0.934229 0.052028 0.037127
0 0.618376 0.616203 0.017482 0.014295
0 0.183665 0.492993 0.016845 0.013872
0 0.495067 0.671982 0.022867 0.017053
0 0.362830 0.519580 0.018351 0.013931
0 0.627132 0.705061 0.021421 0.016382
0 0.315851 0.460553 0.024634 0.017745
0 0.465645 0.784493 0.020807 0.016331
0 0.319593 0.704950 0.015742 0.012493
0 0.293227 0.419172 0.018320 0.014763
0 0.316938 0.404564 0.016195 0.014180
1 0.746381 0.678590 0.061041 0.051138
0 0.413917 0.664355 0.015488 0.011737
0 0.286488 0.508953 0.014935 0.011912
0 0.299534 0.770445 0.021501 0.017584
0 0.573439 0.645916 0.017791 0.014376
0 0.437056 0.542861 0.020333 0.015728
0 0.793414 0.533309 0.015172 0.011574
0 0.628194 0.683542 0.018855 0.015354
1 0.729926 0.666973 0.054883 0.043843
0 0.322816 0.437847 0.018581 0.014505
0 0.436251 0.366481 0.016300 0.011988
0 0.281776 0.610213 0.014773 0.012172
0 0.142246 0.595253 0.015336 0.012070
0 0.259495 0.590057 0.016253 0.012564
0 0.323029 0.575676 0.015723 0.012054
0 0.437758 0.391346 0.013649 0.012014
0 0.257644 0.713678 0.014859 0.012091
0 0.464200 0.488946 0.017877 0.012020
0 0.350722 0.449414 0.014623 0.012034
0 0.769090 0.520876 0.018827 0.014746
0 0.373120 0.741599 0.016448 0.013861
0 0.540400 0.590705 0.014279 0.013435
0 0.841944 0.549116 0.019548 0.013886
0 0.845206 0.584094 0.014587 0.012039
0 0.300286 0.677731 0.015654 0.013494