0 0.531137 0.670545 0.017301 0.013758
0 0.481987 0.697691 0.019014 0.015576
0 0.625028 0.706616 0.019300 0.014757
0 0.741397 0.802945 0.023205 0.017869
0 0.381651 0.848284 0.024494 0.018833
0 0.708436 0.615097 0.020448 0.015779
0 0.322252 0.798331 0.020200 0.014634
0 0.511601 0.767712 0.018400 0.013430
0 0.686003 0.474819 0.019503 0.014873
0 0.647887 0.444791 0.018569 0.014139
0 0.373590 0.607382 0.015755 0.011428
0 0.566375 0.629857 0.015286 0.013397
0 0.621034 0.770915 0.023293 0.016677
0 0.489596 0.647096 0.015138 0.011117
1 0.828918 0.778676 0.058526 0.041198
0 0.483999 0.743949 0.014654 0.010917
1 0.511178 0.909881 0.048513 0.038070
1 0.651653 0.626951 0.057085 0.041948
1 0.344006 0.498576 0.047420 0.038879
0 0.763973 0.700598 0.020111 0.015060
0 0.440640 0.592332 0.014994 0.011468
0 0.482004 0.560204 0.015291 0.012810
1 0.453182 0.626488 0.043176 0.032938
1 0.777624 0.568728 0.039801 0.034566
0 0.250866 0.584012 0.024266 0.016067
0 0.432221 0.738150 0.014334 0.010857
1 0.362798 0.656162 0.057295 0.043823
0 0.885041 0.504873 0.017849 0.014935
1 0.832459 0.499031 0.041158 0.033314
0 0.273824 0.637225 0.013288 0.010439
0 0.562600 0.328511 0.016128 0.012881
0 0.703300 0.729858 0.015715 0.012697
0 0.219867 0.498814 0.015743 0.012606
0 0.460953 0.755985 0.015726 0.011506
1 0.708088 0.443559 0.042898 0.037643
0 0.697846 0.788075 0.017892 0.014105
0 0.344355 0.786135 0.015565 0.011821
0 0.233730 0.435580 0.015213 0.012092
0 0.939156 0.525707 0.019568 0.014969
1 0.631123 0.551212 0.041465 0.033257
0 0.735577 0.580232 0.024210 0.023580
0 0.319049 0.590353 0.017167 0.012723
0 0.770316 0.345536 0.024403 0.018482
0 0.631268 0.677568 0.014540 0.011475
0 0.696693 0.670738 0.014613 0.012387
0 0.265608 0.668672 0.012867 0.009579
0 0.514925 0.595922 0.014983 0.012798
0 0.231745 0.413141 0.017455 0.014042
0 0.441100 0.381710 0.014883 0.012936
0 0.548641 0.709802 0.014514 0.012796
0 0.257842 0.399764 0.013341 0.011922
0 0.172296 0.491624 0.019978 0.015315
0 0.329315 0.412606 0.014132 0.011683
0 0.668841 0.674607 0.013777 0.011271
0 0.611657 0.451316 0.016700 0.012487
0 0.447390 0.675897 0.014223 0.012209
0 0.644133 0.507050 0.015611 0.013377
1 0.648151 0.357543 0.041792 0.028945
0 0.558335 0.364881 0.015309 0.012625
0 0.607870 0.412869 0.015048 0.011500
0 0.527588 0.751484 0.014097 0.010997
0 0.596153 0.437573 0.014174 0.011623
0 0.817633 0.535625 0.015215 0.011495