0 0.648274 0.554842 0.018133 0.014545
0 0.543278 0.577021 0.017089 0.013453
0 0.684155 0.659536 0.020808 0.016589
1 0.648130 0.479818 0.060001 0.051359
1 0.491130 0.841634 0.050606 0.042228
0 0.833837 0.511285 0.019442 0.014975
0 0.758494 0.592293 0.019574 0.016496
0 0.252599 0.685136 0.016483 0.013235
0 0.822653 0.552190 0.018829 0.015016
0 0.909307 0.493602 0.022385 0.017597
0 0.698018 0.401868 0.017478 0.015463
0 0.224362 0.709929 0.016406 0.014114
0 0.735879 0.643824 0.018630 0.014226
0 0.489114 0.795923 0.021892 0.017884
0 0.858472 0.640272 0.024214 0.018592
0 0.763955 0.495300 0.016432 0.014048
1 0.363332 0.837557 0.038592 0.034268
0 0.508146 0.728272 0.017086 0.014188
0 0.533489 0.688943 0.016360 0.013341
0 0.395705 0.671596 0.016344 0.012869
0 0.599950 0.535591 0.015186 0.011828
0 0.334016 0.517604 0.013640 0.011254
0 0.493177 0.586927 0.016392 0.015811
0 0.600254 0.582735 0.017799 0.015084
0 0.421026 0.571770 0.016967 0.012323
0 0.291458 0.649329 0.020648 0.016016
1 0.405836 0.489054 0.048276 0.040745
0 0.466797 0.606351 0.016498 0.013306
0 0.858794 0.556985 0.014385 0.011873
0 0.585251 0.621707 0.015178 0.012024
0 0.303439 0.779256 0.016199 0.012999
0 0.584758 0.461475 0.015451 0.011214
0 0.451360 0.583450 0.016940 0.012713
0 0.747526 0.669956 0.017841 0.014313
0 0.822299 0.620680 0.016388 0.013772
0 0.320979 0.552065 0.014825 0.011639
0 0.296126 0.571484 0.014135 0.010887
0 0.674874 0.681221 0.017572 0.013888
0 0.431896 0.520502 0.015039 0.014299
0 0.545884 0.516224 0.018663 0.012719
0 0.890245 0.614256 0.015286 0.011923
0 0.357097 0.544846 0.017927 0.015634
0 0.890861 0.653926 0.022111 0.018126
1 0.849816 0.472285 0.031539 0.021510
0 0.624590 0.782106 0.016151 0.013810
0 0.470024 0.450310 0.017987 0.014157
0 0.219115 0.689233 0.013749 0.010792
0 0.577428 0.532746 0.015942 0.013854
0 0.588428 0.696766 0.016976 0.014896
0 0.608500 0.465990 0.012769 0.010140
0 0.502538 0.615897 0.014997 0.010949
0 0.679316 0.510505 0.014320 0.011357
1 0.363240 0.470325 0.038047 0.027656
1 0.581868 0.491142 0.042281 0.035677
0 0.954070 0.550285 0.018976 0.015207
0 0.948556 0.662783 0.016983 0.015673
0 0.457323 0.495337 0.013324 0.011152
0 0.684062 0.445458 0.013924 0.010568
0 0.297742 0.678545 0.018334 0.012799
0 0.590768 0.512595 0.013676 0.011339
0 0.908300 0.787053 0.019283 0.018716
0 0.315147 0.679731 0.017096 0.012890