0 0.443269 0.579168 0.016175 0.013335
0 0.411174 0.420312 0.016652 0.013577
0 0.406052 0.738117 0.016849 0.013088
0 0.627101 0.485950 0.018336 0.014757
0 0.513690 0.478582 0.020729 0.015240
0 0.118821 0.735301 0.015587 0.012133
0 0.402307 0.468467 0.017871 0.013516
0 0.258690 0.790778 0.019695 0.015617
0 0.499473 0.715585 0.016211 0.012707
0 0.108070 0.612805 0.015981 0.012223
0 0.233624 0.551599 0.016842 0.012661
0 0.658615 0.476144 0.016931 0.012752
0 0.449037 0.795009 0.019769 0.016301
0 0.349018 0.745960 0.017663 0.014306
0 0.090008 0.474441 0.018180 0.014632
1 0.366819 0.405281 0.052196 0.033587
1 0.642509 0.685228 0.043664 0.033618
0 0.273380 0.592432 0.019432 0.015763
0 0.326905 0.834314 0.018927 0.014466
0 0.133946 0.430548 0.017184 0.012939
0 0.485836 0.423841 0.014935 0.012292
0 0.200466 0.841691 0.017752 0.013892
0 0.464657 0.776809 0.017201 0.013370
0 0.584825 0.497469 0.018227 0.015263
0 0.542603 0.391560 0.017888 0.014215
0 0.688192 0.609269 0.019196 0.014462
0 0.502305 0.364228 0.018785 0.014403
0 0.544967 0.830158 0.015410 0.011830
0 0.144144 0.789862 0.017608 0.012105
0 0.552641 0.703565 0.016776 0.012613
0 0.171187 0.460326 0.019933 0.015758
0 0.666173 0.519745 0.016794 0.013117
0 0.357457 0.608533 0.016816 0.013534
0 0.526634 0.428162 0.019800 0.017135
0 0.401313 0.616448 0.014300 0.011392
0 0.531570 0.845207 0.020118 0.015863
0 0.086731 0.426645 0.018852 0.012685
0 0.655278 0.641016 0.016246 0.012471
0 0.301193 0.709857 0.020713 0.016240
0 0.450085 0.496790 0.017725 0.015332
0 0.054402 0.757544 0.015381 0.011330
0 0.095896 0.667220 0.014406 0.011197
0 0.433521 0.481229 0.015913 0.011925
0 0.332841 0.436614 0.018865 0.014397
0 0.283994 0.720904 0.017178 0.012761
0 0.504151 0.620065 0.017520 0.017062
0 0.246330 0.388349 0.014888 0.013550
0 0.183374 0.531964 0.015950 0.012696
0 0.708572 0.483669 0.017955 0.014349
0 0.217060 0.434664 0.015670 0.013287
0 0.163415 0.395619 0.015248 0.014026
0 0.536206 0.516885 0.016311 0.012781
0 0.076439 0.789717 0.014904 0.012764
1 0.592099 0.760923 0.034969 0.027005
0 0.288562 0.442514 0.015655 0.013492
0 0.219516 0.759180 0.016073 0.011078
0 0.552772 0.419352 0.014896 0.012200
0 0.419310 0.605521 0.013641 0.011199
0 0.582366 0.723479 0.016664 0.013251
0 0.568029 0.737514 0.015098 0.013039
0 0.476992 0.689775 0.014733 0.011314
0 0.311374 0.475458 0.014869 0.011259
0 0.072147 0.619365 0.016503 0.013028
0 0.218596 0.353172 0.014636 0.014476
0 0.375564 0.805337 0.017448 0.014630
0 0.170782 0.570369 0.013670 0.010660
0 0.257821 0.431032 0.015435 0.012218
0 0.099455 0.494914 0.017067 0.012559
0 0.598567 0.788404 0.018344 0.013911
0 0.370670 0.640343 0.016639 0.014618
0 0.308345 0.509061 0.016798 0.014087
0 0.311180 0.697319 0.015822 0.012553
0 0.147947 0.660096 0.013479 0.011344
0 0.471996 0.731985 0.016658 0.013483
0 0.263816 0.852416 0.019705 0.015283
0 0.272313 0.474496 0.017199 0.013780
0 0.225907 0.572397 0.016059 0.013074
0 0.243452 0.679684 0.014823 0.014285
0 0.574416 0.832054 0.015237 0.011479
0 0.486222 0.742585 0.015373 0.011198
0 0.220378 0.536340 0.013988 0.011266