0 0.519211 0.422226 0.016184 0.011997
0 0.114638 0.491859 0.017309 0.012380
0 0.599447 0.420188 0.015099 0.011035
0 0.096547 0.462277 0.017176 0.012145
0 0.143105 0.702383 0.018812 0.013432
0 0.514567 0.460662 0.015875 0.011800
0 0.157730 0.501027 0.017427 0.012920
0 0.507670 0.379542 0.015850 0.012633
0 0.543374 0.439648 0.015118 0.011348
0 0.374907 0.463032 0.016547 0.012797
0 0.139820 0.517655 0.016797 0.012655
0 0.232114 0.760820 0.018745 0.013885
0 0.140282 0.735486 0.017386 0.013158
0 0.295275 0.533255 0.017189 0.012313
0 0.131724 0.547949 0.018316 0.013673
0 0.190138 0.310899 0.016035 0.012380
0 0.541960 0.661723 0.017751 0.013124
0 0.221188 0.677834 0.019519 0.014434
0 0.224958 0.714158 0.017862 0.013121
0 0.268373 0.447139 0.015918 0.012448
0 0.155758 0.657347 0.018589 0.013562
0 0.414605 0.530407 0.015418 0.011667
0 0.415268 0.398911 0.017174 0.012350
0 0.224310 0.362471 0.016568 0.013320
0 0.289969 0.726035 0.017892 0.013387
0 0.436558 0.363633 0.017302 0.012215
0 0.206918 0.390373 0.017838 0.013191
0 0.460968 0.444465 0.017171 0.013905
0 0.607031 0.654244 0.016292 0.012888
0 0.410892 0.493696 0.013888 0.010394
0 0.199703 0.440281 0.019581 0.015864
0 0.062203 0.541737 0.017392 0.012555
0 0.374818 0.714822 0.019673 0.014154
0 0.441940 0.517775 0.014578 0.011529
0 0.367022 0.519059 0.014150 0.011092
0 0.406673 0.364255 0.014935 0.011632
0 0.569792 0.705562 0.018608 0.013590
1 0.627061 0.477613 0.066618 0.071779
0 0.325751 0.775861 0.020940 0.016963
0 0.202779 0.514338 0.014604 0.010883
0 0.036405 0.373185 0.019184 0.014377
0 0.559511 0.382950 0.016116 0.012435
0 0.186540 0.720997 0.017595 0.012944
0 0.514929 0.518550 0.015582 0.011231
0 0.310664 0.408465 0.016231 0.012816
0 0.492491 0.636877 0.017992 0.011907
0 0.580073 0.527452 0.017710 0.012939
0 0.432339 0.592643 0.012244 0.010073
0 0.246395 0.615239 0.017312 0.013106
0 0.280607 0.353706 0.019223 0.014233
0 0.410373 0.423389 0.013510 0.010944
0 0.652051 0.376960 0.015248 0.012167
0 0.572993 0.622696 0.013661 0.010982
0 0.089167 0.562914 0.016466 0.011612
0 0.265553 0.777557 0.016816 0.012730
0 0.525398 0.344928 0.018523 0.015016
0 0.314803 0.592322 0.015853 0.011881
0 0.355221 0.355763 0.018777 0.015192
0 0.100520 0.731585 0.014460 0.010846
0 0.544499 0.551916 0.016338 0.012961
0 0.302315 0.553943 0.016808 0.012127
0 0.683567 0.371917 0.016407 0.013448
0 0.292484 0.610598 0.013151 0.009903
0 0.058880 0.450437 0.014635 0.010899
0 0.299656 0.570583 0.015280 0.011673
1 0.302748 0.265546 0.060908 0.040315
0 0.356907 0.689969 0.017687 0.014381
0 0.224555 0.623927 0.013421 0.010294
0 0.276736 0.576378 0.015713 0.013413
0 0.199167 0.553680 0.012188 0.010071
0 0.391764 0.316784 0.013131 0.010528
0 0.365012 0.229549 0.014884 0.012296
0 0.277326 0.589802 0.013571 0.011725
0 0.177819 0.351478 0.014552 0.010670
0 0.023601 0.435283 0.015255 0.012088
0 0.240131 0.396546 0.016827 0.012716
0 0.341169 0.506347 0.018019 0.014636
0 0.561596 0.397030 0.014562 0.011840
0 0.164377 0.268360 0.014812 0.011664
0 0.296280 0.761847 0.020258 0.016086
0 0.634423 0.583926 0.017031 0.013747
0 0.352299 0.314975 0.015938 0.012379
0 0.472359 0.377686 0.019906 0.014850
0 0.561149 0.344999 0.018879 0.013703
0 0.520574 0.682008 0.021226 0.014492
0 0.080208 0.629963 0.015836 0.011326
0 0.332367 0.240529 0.012862 0.009998
0 0.452704 0.784054 0.017215 0.012347
0 0.068340 0.377048 0.015444 0.012367
0 0.298132 0.500906 0.017140 0.012465
0 0.238513 0.245798 0.014485 0.010720
0 0.473874 0.498389 0.014098 0.011179
0 0.334182 0.735766 0.017055 0.011608
0 0.626984 0.309804 0.020044 0.014411
0 0.443601 0.659561 0.021556 0.019106
0 0.584106 0.678442 0.017758 0.012665
0 0.371536 0.388469 0.012399 0.009055
0 0.102766 0.546474 0.016293 0.012006
0 0.257078 0.415153 0.018634 0.014479
0 0.347747 0.547625 0.019140 0.014220
0 0.491558 0.514000 0.015046 0.011609
0 0.638691 0.401901 0.013667 0.009783
0 0.562630 0.548288 0.016224 0.011939
0 0.144684 0.347760 0.020357 0.012792
0 0.423996 0.339024 0.012467 0.009728
0 0.237913 0.642023 0.015125 0.010446
0 0.515637 0.492808 0.015175 0.014014
0 0.308839 0.358622 0.016336 0.015470
0 0.578088 0.497147 0.012710 0.008817
0 0.136881 0.315955 0.016342 0.012005
0 0.273774 0.490013 0.019591 0.014210
0 0.294888 0.744436 0.016989 0.013040
0 0.469527 0.734814 0.015809 0.011980
0 0.167091 0.372464 0.015759 0.012454
0 0.548002 0.322227 0.012169 0.009615
0 0.357921 0.588777 0.016376 0.014591
0 0.455818 0.270121 0.016618 0.014478
0 0.112141 0.747853 0.015566 0.010980
0 0.557384 0.562794 0.014680 0.010854
0 0.004982 0.474933 0.009963 0.013474
1 0.282229 0.810499 0.073464 0.034230
0 0.488526 0.482875 0.015135 0.010540
0 0.358308 0.414691 0.016089 0.013116
0 0.190613 0.254234 0.011973 0.009791
0 0.525775 0.730505 0.015374 0.012158
0 0.726327 0.420769 0.014530 0.011697
0 0.407383 0.239738 0.014570 0.013560
0 0.199484 0.494201 0.012561 0.010837
0 0.339537 0.558988 0.015841 0.011600
0 0.268390 0.652530 0.015667 0.010469
0 0.627191 0.548506 0.013061 0.010390
0 0.638822 0.663550 0.015792 0.010639
0 0.727577 0.404244 0.016489 0.012151
0 0.677263 0.389703 0.015066 0.011777
0 0.571082 0.454611 0.014223 0.011333
0 0.463090 0.339728 0.015942 0.013226
0 0.267745 0.396899 0.012644 0.009527
0 0.255654 0.650078 0.016979 0.011616
0 0.590284 0.634586 0.012627 0.009863
0 0.388903 0.501224 0.014873 0.011986
0 0.654752 0.440007 0.010900 0.009911
0 0.515512 0.748980 0.015435 0.012410
0 0.299081 0.782529 0.021158 0.018023
0 0.302088 0.651797 0.013967 0.010835
0 0.211059 0.789243 0.017140 0.012205
0 0.478512 0.238431 0.013245 0.011693
0 0.445904 0.277437 0.022358 0.016634
0 0.659113 0.595881 0.015776 0.010565
0 0.330358 0.610507 0.015936 0.013753
0 0.346938 0.326834 0.013102 0.010977
0 0.450996 0.272966 0.024102 0.018876
0 0.254722 0.604024 0.016545 0.010448
1 0.523133 0.284563 0.030623 0.026390
0 0.686513 0.470281 0.009290 0.006982
0 0.223051 0.592072 0.015510 0.014064
0 0.503050 0.731441 0.018199 0.011431