0 0.531005 0.610189 0.021459 0.016399
0 0.658033 0.625903 0.020693 0.015434
0 0.666969 0.667236 0.021207 0.016245
0 0.664460 0.320625 0.018760 0.013974
0 0.695434 0.292154 0.018384 0.014126
0 0.765398 0.222555 0.017462 0.014121
0 0.497781 0.552946 0.020820 0.015146
0 0.332580 0.258851 0.018185 0.014587
0 0.847445 0.403318 0.018023 0.014029
0 0.618197 0.529143 0.017266 0.013411
0 0.564008 0.342748 0.016897 0.013003
0 0.421984 0.227863 0.019921 0.015206
0 0.783889 0.432363 0.017810 0.014661
0 0.273745 0.359638 0.016034 0.012665
0 0.591274 0.594115 0.017394 0.013212
0 0.409321 0.267185 0.019769 0.015910
0 0.615915 0.605517 0.018474 0.014463
0 0.886410 0.373147 0.016325 0.012527
0 0.525333 0.376778 0.016883 0.014238
0 0.701340 0.190988 0.017070 0.014062
0 0.643194 0.681640 0.021141 0.015474
0 0.859435 0.263077 0.016665 0.013014
1 0.475266 0.596755 0.048904 0.038404
0 0.346158 0.452352 0.018097 0.013350
0 0.733116 0.235241 0.018553 0.014111
0 0.710745 0.492953 0.017418 0.013686
0 0.458540 0.464895 0.016822 0.013695
0 0.895401 0.292144 0.018552 0.015249
0 0.382966 0.350830 0.016105 0.012798
0 0.356813 0.378113 0.017587 0.013750
0 0.450002 0.260587 0.017430 0.015179
0 0.576527 0.250707 0.019842 0.013964
0 0.550043 0.294396 0.016754 0.012684
0 0.501004 0.246383 0.017108 0.013693
0 0.521388 0.151146 0.017648 0.013196
0 0.761307 0.520557 0.021133 0.018069
0 0.422342 0.412969 0.017060 0.012866
0 0.551477 0.549806 0.019534 0.013578
0 0.604792 0.240445 0.020716 0.015580
0 0.346525 0.306823 0.017817 0.014812
0 0.407545 0.673895 0.020466 0.014235
0 0.712991 0.584641 0.017815 0.013880
0 0.512361 0.258810 0.017335 0.013183
0 0.818402 0.290446 0.016694 0.013966
0 0.593326 0.294878 0.016141 0.015895
0 0.214192 0.340076 0.017881 0.013487
0 0.470508 0.198113 0.021164 0.014164
0 0.563832 0.308034 0.018206 0.014937
0 0.342214 0.472784 0.017136 0.013747
0 0.261780 0.290533 0.016024 0.012515
0 0.367055 0.445726 0.016315 0.012868
0 0.574579 0.669116 0.024289 0.018473
0 0.719463 0.629071 0.015200 0.010944
0 0.212225 0.370971 0.015807 0.012464
0 0.872855 0.325707 0.016704 0.012301
0 0.269848 0.459622 0.014437 0.010717
0 0.384841 0.588095 0.016208 0.011742
0 0.888770 0.336896 0.015652 0.011565
0 0.283888 0.299865 0.015432 0.012097
0 0.333257 0.360505 0.016350 0.013502
0 0.444981 0.279353 0.018183 0.013510
0 0.521971 0.547500 0.016496 0.012351
0 0.465607 0.371416 0.030176 0.022377
0 0.459700 0.640724 0.017361 0.013725
0 0.713850 0.682579 0.018567 0.011647
0 0.827397 0.216337 0.019262 0.015597
0 0.508624 0.254731 0.020854 0.020441
0 0.584339 0.144433 0.014358 0.012113
0 0.327701 0.201213 0.017648 0.015754