0 0.617052 0.743654 0.011446 0.012249
0 0.842769 0.746361 0.012097 0.012946
0 0.186926 0.467474 0.013349 0.012917
0 0.080861 0.842740 0.013943 0.013437
0 0.780079 0.581748 0.009862 0.008933
0 0.540373 0.785359 0.018149 0.016124
0 0.131425 0.866816 0.013407 0.013726
0 0.582547 0.440607 0.012312 0.010632
0 0.739106 0.694171 0.011670 0.010409
0 0.551396 0.740428 0.010918 0.010079
0 0.540641 0.381859 0.008283 0.008557
0 0.529570 0.300784 0.011089 0.012036
0 0.092557 0.819194 0.012149 0.010840
0 0.202323 0.245522 0.012527 0.012504
0 0.515853 0.192406 0.013300 0.012746
0 0.293649 0.347838 0.012262 0.012613
0 0.165557 0.856722 0.011584 0.010589
0 0.130114 0.789325 0.011884 0.010097
0 0.110246 0.806096 0.012570 0.011755
0 0.771996 0.916289 0.012726 0.012618
0 0.262180 0.339661 0.010286 0.010961
0 0.783240 0.709542 0.011270 0.010681
0 0.831918 0.487540 0.011969 0.011332
0 0.315963 0.290831 0.011161 0.011351
0 0.679305 0.235092 0.014030 0.015361
0 0.674778 0.202123 0.014396 0.013672
0 0.167080 0.831304 0.011627 0.009667
0 0.054640 0.850663 0.012628 0.011680
0 0.034347 0.826546 0.013255 0.010715
0 0.503589 0.938127 0.011508 0.012805
0 0.470082 0.197312 0.013167 0.014920
0 0.663972 0.715751 0.013171 0.012612
0 0.339049 0.532253 0.011201 0.010932
0 0.282968 0.804608 0.011999 0.011836
0 0.706513 0.832052 0.012720 0.013492
0 0.509900 0.368766 0.010970 0.010587
0 0.608669 0.211857 0.013840 0.016570
0 0.797442 0.773135 0.013212 0.011186
0 0.530569 0.639890 0.011896 0.009457
0 0.501012 0.693468 0.011598 0.010630
0 0.038329 0.883676 0.010984 0.012362
0 0.440414 0.825465 0.012440 0.011804
0 0.160776 0.604587 0.013740 0.013076
0 0.278168 0.370847 0.009923 0.011593
0 0.377447 0.438819 0.011468 0.012175
0 0.616712 0.668925 0.012742 0.012092
0 0.733737 0.720067 0.011592 0.010094
0 0.342537 0.589640 0.011975 0.010044
0 0.687215 0.448051 0.011713 0.011728
0 0.481074 0.880183 0.012994 0.013337
0 0.810068 0.505195 0.011308 0.010368
0 0.572479 0.339995 0.012857 0.010723
0 0.573727 0.545533 0.009586 0.009463
0 0.468606 0.638423 0.011848 0.009839
0 0.096752 0.878483 0.014547 0.013559
0 0.278723 0.407228 0.011636 0.011189
0 0.335142 0.671756 0.012834 0.011575
0 0.662890 0.188927 0.014497 0.013214
0 0.680307 0.957163 0.011647 0.012140
0 0.508499 0.484248 0.009010 0.010869
0 0.114873 0.880159 0.012780 0.012694
0 0.236011 0.808876 0.013190 0.013323
0 0.812377 0.807947 0.011943 0.011745
0 0.594023 0.641126 0.013510 0.012306
0 0.240526 0.838438 0.011343 0.009638
0 0.853057 0.640031 0.010074 0.008431
0 0.297673 0.875117 0.014827 0.013704
0 0.506863 0.809260 0.010037 0.009969
0 0.517517 0.836594 0.013758 0.012410
0 0.252958 0.887697 0.010769 0.011696
0 0.433814 0.895567 0.012958 0.013210
0 0.740795 0.441687 0.012265 0.009927
0 0.515759 0.451040 0.010614 0.009858
0 0.577829 0.491303 0.010230 0.008789
0 0.540956 0.576495 0.009927 0.009007
0 0.844784 0.763881 0.012144 0.011238
0 0.795571 0.793096 0.012048 0.010768
0 0.573176 0.723578 0.014161 0.014192
0 0.292304 0.244694 0.012170 0.013826
0 0.307216 0.316197 0.011490 0.011009
0 0.571175 0.566875 0.010626 0.009779
0 0.763753 0.405957 0.010328 0.010510
0 0.590616 0.536887 0.007559 0.007227
0 0.220620 0.235424 0.014003 0.014382
0 0.708619 0.739482 0.011893 0.010493
0 0.667366 0.905181 0.013728 0.013714
0 0.606294 0.522392 0.008231 0.008653
0 0.640921 0.890525 0.010755 0.010248
0 0.353091 0.212141 0.012249 0.013106
0 0.360543 0.843280 0.011629 0.012324
0 0.404154 0.583043 0.010057 0.008943
0 0.220069 0.891305 0.011596 0.010353
0 0.867833 0.535359 0.012617 0.011196
0 0.484573 0.377800 0.011357 0.011082
0 0.100315 0.897972 0.013245 0.012176
0 0.388274 0.463183 0.010462 0.010681
0 0.506352 0.311153 0.013492 0.015227
0 0.578530 0.377832 0.009688 0.008845
0 0.466422 0.891966 0.011164 0.010801
0 0.593656 0.718887 0.015046 0.012122
0 0.561736 0.667895 0.011413 0.009714
0 0.563316 0.510405 0.009566 0.007735
0 0.604413 0.924671 0.012685 0.012057
0 0.100781 0.720034 0.011407 0.009828
0 0.279889 0.855789 0.013544 0.013174
0 0.647153 0.416855 0.009605 0.008766
0 0.506352 0.233453 0.012574 0.013149
0 0.714976 0.224602 0.013793 0.015123
0 0.484395 0.411170 0.012816 0.013453
0 0.804194 0.579779 0.008239 0.007799
0 0.369417 0.197556 0.012454 0.013673
0 0.379652 0.936456 0.012910 0.012467
0 0.197524 0.927938 0.012787 0.012990
0 0.680753 0.878125 0.015140 0.011988
0 0.495876 0.878614 0.011784 0.013796
0 0.634289 0.792063 0.011749 0.010090
0 0.781531 0.316408 0.014155 0.012245
0 0.403480 0.795191 0.011842 0.013072
0 0.791424 0.497078 0.009152 0.011067
0 0.561744 0.473018 0.009863 0.010196
0 0.416786 0.841418 0.013009 0.011137
0 0.634459 0.506056 0.010329 0.009975
0 0.233172 0.177300 0.013237 0.013820
0 0.451944 0.303088 0.011080 0.011530
0 0.688117 0.690895 0.011704 0.010686
0 0.720608 0.412031 0.011651 0.010376
0 0.547769 0.682670 0.012455 0.010211
0 0.244422 0.307293 0.015645 0.015316
0 0.097872 0.685368 0.012457 0.011942
0 0.617221 0.696609 0.010045 0.009827
0 0.021600 0.696803 0.011512 0.010447
0 0.341432 0.792155 0.012888 0.013426
0 0.399606 0.889724 0.011311 0.012269
0 0.587071 0.352575 0.013935 0.013940
0 0.263659 0.218934 0.011938 0.011321
0 0.802448 0.533124 0.012657 0.010527
0 0.050359 0.808306 0.012895 0.013713
0 0.208370 0.953394 0.014087 0.012303
0 0.633615 0.290320 0.011611 0.009753
0 0.900768 0.671226 0.008618 0.008526
0 0.420514 0.634681 0.010736 0.010223
0 0.742993 0.795950 0.012165 0.010342
0 0.821992 0.769038 0.012378 0.011469
0 0.365147 0.901287 0.011406 0.009981
0 0.689920 0.841950 0.011612 0.012826
0 0.748763 0.421580 0.011890 0.011779
0 0.328938 0.613821 0.012339 0.011441
0 0.628348 0.465584 0.009414 0.009329
0 0.239224 0.563636 0.011018 0.010464
0 0.535734 0.658590 0.012189 0.009151
0 0.303841 0.537725 0.011773 0.012196
0 0.443376 0.207460 0.016369 0.014388
0 0.417977 0.693379 0.014197 0.013445
0 0.483661 0.674495 0.013963 0.011897
0 0.303078 0.198043 0.011053 0.011369
0 0.747948 0.604356 0.011191 0.012173
0 0.747527 0.755674 0.011751 0.011666
0 0.686304 0.420988 0.011550 0.010534
0 0.435213 0.320126 0.011398 0.010113
0 0.264405 0.854315 0.010537 0.013296
0 0.509046 0.727768 0.012678 0.011778
0 0.333787 0.239206 0.016833 0.014335
0 0.364854 0.625723 0.011769 0.010751
0 0.207983 0.866092 0.013364 0.011703
0 0.630920 0.548077 0.009205 0.010116
0 0.306241 0.602787 0.014356 0.012185
0 0.683209 0.521714 0.010539 0.009879
0 0.802046 0.747462 0.012187 0.012265
0 0.457382 0.491269 0.012359 0.011585
0 0.516132 0.581839 0.012724 0.009944
0 0.808912 0.922534 0.009367 0.011780
0 0.393103 0.298730 0.010989 0.012417
0 0.626928 0.877511 0.011143 0.011244
0 0.364825 0.684079 0.011081 0.011217
0 0.181954 0.273699 0.011231 0.011732
0 0.652545 0.627396 0.009403 0.009253
0 0.416052 0.377666 0.009953 0.011451
0 0.800344 0.377636 0.012909 0.012703
0 0.400782 0.910171 0.009816 0.009182
0 0.521349 0.799820 0.010588 0.012447
0 0.588699 0.856894 0.010986 0.010058
0 0.370459 0.596065 0.012070 0.011835
0 0.668232 0.781621 0.015409 0.013788
0 0.524446 0.143553 0.017023 0.014598
0 0.388642 0.865950 0.010689 0.011063
0 0.279872 0.721108 0.011707 0.010342
0 0.587413 0.277732 0.012057 0.013363
0 0.111352 0.664389 0.012739 0.012754
0 0.546071 0.475719 0.010154 0.009862
0 0.475077 0.476387 0.009289 0.011480
0 0.013937 0.453214 0.010859 0.011713
0 0.617993 0.823301 0.010952 0.009976
0 0.601812 0.394113 0.012013 0.012055
0 0.141462 0.493102 0.009260 0.010170
0 0.615746 0.258321 0.010365 0.011155
0 0.631406 0.448222 0.015434 0.011545
0 0.014777 0.677176 0.012923 0.012774
0 0.339417 0.814659 0.011365 0.012115
0 0.157557 0.516335 0.012922 0.009943
0 0.593975 0.702449 0.014065 0.010633
0 0.219318 0.497009 0.011381 0.010686
0 0.828454 0.596625 0.010236 0.010611
0 0.553843 0.223135 0.009439 0.009620
0 0.390034 0.383405 0.010795 0.011326
0 0.243419 0.677522 0.012598 0.012916
0 0.800224 0.304843 0.012991 0.013879
0 0.441217 0.667445 0.012120 0.013853
0 0.234525 0.902146 0.012649 0.013241
0 0.398508 0.501682 0.010624 0.010061
0 0.403307 0.240392 0.012992 0.012704
0 0.094725 0.459704 0.011619 0.011829
0 0.303648 0.798001 0.010336 0.010923
0 0.222091 0.615314 0.012584 0.011299
0 0.638284 0.530908 0.012318 0.010876
0 0.755979 0.844073 0.012816 0.013153
0 0.047595 0.541710 0.012325 0.012144
0 0.257912 0.312900 0.014803 0.015440
0 0.602032 0.489586 0.009641 0.009420
0 0.242424 0.491900 0.010965 0.011156
0 0.169953 0.456157 0.013256 0.013489
0 0.864229 0.507574 0.015795 0.015926
0 0.643809 0.704947 0.012138 0.011265
0 0.551794 0.253526 0.013308 0.013086
0 0.084595 0.382012 0.012686 0.010518
0 0.006476 0.702634 0.011939 0.012486
0 0.657137 0.468274 0.010416 0.009912
0 0.821727 0.344380 0.012030 0.013699
0 0.744805 0.646261 0.010998 0.008268
0 0.010145 0.625478 0.011807 0.012700
0 0.071352 0.453216 0.014218 0.012787
0 0.236280 0.921010 0.011374 0.012089
0 0.295237 0.769535 0.010854 0.010629
0 0.046166 0.315935 0.012001 0.013574
0 0.282916 0.684625 0.013384 0.013020
0 0.379990 0.830002 0.011734 0.010774
0 0.585556 0.297310 0.014066 0.013267
0 0.753842 0.625403 0.010705 0.011538
0 0.785295 0.752059 0.012366 0.010626
0 0.690537 0.583287 0.007984 0.011011
0 0.851415 0.354543 0.010544 0.011738
0 0.095382 0.780421 0.011072 0.011060
0 0.622899 0.389807 0.010971 0.010541
0 0.290829 0.427957 0.011401 0.011297
0 0.173379 0.534742 0.012009 0.010238
0 0.870984 0.602883 0.013298 0.010521
0 0.322216 0.830853 0.011519 0.011987
0 0.139492 0.929985 0.017409 0.015732
0 0.144438 0.804627 0.011878 0.010343
0 0.679300 0.220341 0.012935 0.012771
0 0.881426 0.628203 0.011727 0.008530
0 0.738266 0.245518 0.017562 0.016942
0 0.005416 0.540186 0.010831 0.014012
0 0.381364 0.884390 0.012446 0.011947
0 0.016532 0.594937 0.013596 0.013578
0 0.529222 0.673285 0.011114 0.008933
0 0.236391 0.857069 0.011352 0.013582
0 0.589932 0.221806 0.009568 0.010549
0 0.228965 0.670399 0.014964 0.015120
0 0.488526 0.194169 0.010603 0.012024
0 0.107049 0.705447 0.014527 0.012216
0 0.455378 0.807052 0.012728 0.011554
0 0.418726 0.871659 0.012133 0.013664
0 0.739822 0.736739 0.011684 0.009648
0 0.525823 0.876128 0.013622 0.011135
0 0.779414 0.901641 0.012940 0.012587
0 0.453318 0.912276 0.013199 0.012907
0 0.482290 0.954375 0.013737 0.011078
0 0.528994 0.271797 0.011965 0.012659
0 0.364258 0.879493 0.010146 0.011412
0 0.519920 0.562549 0.015452 0.011820
0 0.756648 0.783271 0.010495 0.010181
0 0.791713 0.558645 0.015851 0.011663
0 0.455301 0.333033 0.010694 0.011030
0 0.488810 0.353897 0.012542 0.014139
0 0.416921 0.916860 0.012554 0.009149
0 0.765501 0.542958 0.009707 0.008875
0 0.268651 0.468604 0.012221 0.010869
0 0.334372 0.257653 0.011132 0.010592
0 0.569364 0.214778 0.013918 0.015632
0 0.421938 0.196705 0.012064 0.011990
0 0.647004 0.732168 0.011567 0.011336
0 0.703670 0.469948 0.011646 0.015354
0 0.536377 0.414970 0.012958 0.009892
0 0.245667 0.756977 0.012503 0.011760
0 0.549035 0.623528 0.012162 0.011955
0 0.530355 0.260989 0.016711 0.017780
0 0.690564 0.705803 0.009556 0.009470
0 0.723637 0.518613 0.012427 0.015724
0 0.566839 0.203183 0.010887 0.013167
0 0.403473 0.620748 0.010376 0.009062
0 0.437349 0.366138 0.011343 0.011574
0 0.896481 0.725851 0.011657 0.010025
0 0.484513 0.742100 0.010552 0.009755
0 0.490933 0.654297 0.012133 0.009016
0 0.309253 0.213427 0.014979 0.013183
0 0.466298 0.389449 0.010046 0.011795
0 0.757531 0.308483 0.011218 0.013746
0 0.718148 0.304197 0.012401 0.011189
0 0.674961 0.279502 0.012915 0.011541
0 0.229232 0.595938 0.014461 0.012654
0 0.518505 0.856161 0.012915 0.009474
0 0.519774 0.169900 0.014706 0.017079
0 0.207686 0.409748 0.013927 0.013629
0 0.714275 0.955590 0.011803 0.011987
0 0.417716 0.439236 0.013057 0.010741
0 0.698510 0.347118 0.009765 0.007997
0 0.691101 0.633811 0.011263 0.010484
0 0.525074 0.565429 0.011493 0.010926
0 0.726601 0.473987 0.010173 0.013433
0 0.618597 0.360550 0.010832 0.011021
0 0.433437 0.569232 0.010705 0.009961
0 0.590958 0.957229 0.009828 0.012517
0 0.637337 0.788849 0.011905 0.013764
0 0.091802 0.520994 0.012563 0.010697
0 0.694827 0.784055 0.012517 0.011593
0 0.400952 0.817090 0.012763 0.012753
0 0.717806 0.321356 0.012794 0.009724
0 0.259833 0.638972 0.012730 0.012849
0 0.780869 0.277165 0.010278 0.012654
0 0.240201 0.411891 0.010624 0.010847
0 0.756646 0.928187 0.011136 0.010422
0 0.402392 0.172724 0.008992 0.010025
0 0.537120 0.932736 0.013495 0.014860
0 0.652130 0.764780 0.013073 0.011979
0 0.433644 0.537913 0.010368 0.010172
0 0.396988 0.552248 0.011348 0.012296
0 0.277664 0.913224 0.012915 0.014582
0 0.715632 0.544688 0.011897 0.012947
0 0.416273 0.225491 0.014357 0.012783
0 0.078138 0.496948 0.010881 0.008602
0 0.317553 0.428401 0.011180 0.011442
0 0.666567 0.320095 0.010106 0.008111
0 0.332641 0.261162 0.011749 0.012946
0 0.106071 0.563142 0.011968 0.010358
0 0.259226 0.541604 0.010923 0.011636
0 0.699537 0.246088 0.010558 0.010810
0 0.365553 0.127136 0.010130 0.010554
0 0.206388 0.840857 0.013180 0.010563
0 0.661373 0.278260 0.013087 0.011763
0 0.372139 0.717509 0.014356 0.015217
0 0.350472 0.239004 0.012562 0.015168
0 0.493187 0.856935 0.014390 0.015266
0 0.794342 0.289417 0.012743 0.014358
0 0.378037 0.327939 0.011261 0.014626
0 0.383024 0.644551 0.013117 0.011883
0 0.297629 0.708315 0.015617 0.015768
0 0.492787 0.625821 0.011124 0.009377
0 0.617363 0.503358 0.012660 0.010060
0 0.744472 0.287519 0.019003 0.015954
0 0.087618 0.422695 0.016542 0.016692
0 0.205146 0.710809 0.013352 0.013427
0 0.660814 0.842881 0.011162 0.013872
0 0.501396 0.661249 0.011088 0.010755
0 0.442925 0.280134 0.014805 0.014051
0 0.815185 0.407179 0.016846 0.016689
0 0.470877 0.478377 0.015298 0.012373
0 0.335609 0.764258 0.011293 0.013595
0 0.151966 0.634332 0.011697 0.009225
0 0.486803 0.314148 0.012562 0.010290
0 0.415732 0.812863 0.014225 0.012124
0 0.062318 0.713437 0.013469 0.013157
0 0.127692 0.543386 0.014821 0.012165
0 0.396992 0.945487 0.011183 0.013080
0 0.623191 0.542674 0.010599 0.010137
0 0.677597 0.371982 0.008895 0.007393
0 0.634755 0.171670 0.013958 0.014970
0 0.283414 0.655770 0.016350 0.012313
0 0.060359 0.626205 0.012223 0.010959
0 0.693350 0.408720 0.011958 0.011426
0 0.305818 0.370318 0.014863 0.010988
0 0.715343 0.549887 0.010581 0.013361
0 0.431478 0.837535 0.012689 0.010947
0 0.603833 0.841718 0.010566 0.010977
0 0.439007 0.342675 0.016139 0.012281
0 0.173431 0.779310 0.014598 0.014645
0 0.437765 0.134618 0.007871 0.011054
0 0.603890 0.193653 0.009623 0.010266
0 0.359071 0.742721 0.012223 0.012716
0 0.774792 0.368951 0.014802 0.011046
0 0.013816 0.425187 0.010566 0.012680
0 0.730684 0.417513 0.014597 0.012365
0 0.295405 0.891043 0.013717 0.012100
0 0.725054 0.468144 0.017022 0.017454
0 0.746479 0.767127 0.012545 0.014818
0 0.319293 0.756289 0.015550 0.014033
0 0.498660 0.455341 0.014250 0.009625
0 0.813192 0.328315 0.014202 0.015479
0 0.329636 0.372741 0.010800 0.010479
0 0.132189 0.684817 0.015552 0.012960
0 0.755785 0.365804 0.013723 0.011194
0 0.682854 0.560535 0.010556 0.010227
0 0.494298 0.439228 0.015953 0.013077
0 0.697773 0.615076 0.011047 0.009905
0 0.615628 0.428838 0.009035 0.009919
0 0.456655 0.525725 0.009643 0.009665
0 0.834164 0.783945 0.010760 0.009495
0 0.423445 0.280026 0.011780 0.011641
0 0.497604 0.504301 0.009369 0.008999
0 0.763901 0.675405 0.011146 0.011963
0 0.266108 0.738583 0.013860 0.010062
0 0.624436 0.369779 0.011144 0.013304
0 0.173989 0.918939 0.012478 0.014313
0 0.124370 0.593010 0.015106 0.013918
0 0.745296 0.664448 0.011497 0.009540
0 0.489573 0.310808 0.012919 0.015072
0 0.539253 0.604490 0.015293 0.014190
0 0.492309 0.287975 0.012121 0.013153
0 0.842722 0.752872 0.014215 0.019442
0 0.203447 0.647401 0.010737 0.010415
0 0.100004 0.357932 0.010737 0.010997
0 0.340766 0.319392 0.011776 0.014390
0 0.908332 0.716417 0.009946 0.011946
0 0.542629 0.414039 0.015627 0.012324
0 0.321269 0.542282 0.014181 0.011096
0 0.582683 0.902089 0.014675 0.013830
0 0.452262 0.907818 0.012548 0.011518
0 0.744642 0.955774 0.012446 0.011548
0 0.677111 0.619518 0.009903 0.010283
0 0.201810 0.707381 0.014013 0.013191
0 0.379125 0.274518 0.010273 0.010930
0 0.128074 0.419890 0.011183 0.011718
0 0.154623 0.671654 0.011941 0.010192
0 0.859468 0.514246 0.017077 0.014603
0 0.406523 0.710925 0.010586 0.009925
0 0.477801 0.544571 0.010226 0.012294
0 0.790442 0.907471 0.012219 0.011983
0 0.599004 0.890632 0.012070 0.014025
0 0.704474 0.477869 0.013119 0.018284
0 0.567340 0.208315 0.012708 0.018533
0 0.299662 0.388005 0.011473 0.012393
0 0.798187 0.353841 0.009141 0.011206
0 0.769038 0.610883 0.014719 0.013952
0 0.550053 0.525817 0.009803 0.008146
0 0.576665 0.488666 0.014750 0.010704
0 0.407329 0.260624 0.012940 0.010054
0 0.278110 0.579743 0.011567 0.010148
0 0.479830 0.940120 0.012352 0.010879
0 0.208998 0.465148 0.011893 0.012124
0 0.375414 0.293187 0.014451 0.013711
0 0.486232 0.984847 0.013770 0.012590
0 0.350157 0.318456 0.014906 0.015520
0 0.212855 0.189057 0.013518 0.014408
0 0.698556 0.619082 0.013027 0.012181
0 0.861298 0.657085 0.011258 0.010107
0 0.734732 0.724837 0.012843 0.016185
0 0.118006 0.348261 0.011068 0.011743
0 0.818061 0.652231 0.010550 0.011065
0 0.563185 0.478366 0.010067 0.013694
0 0.810770 0.669154 0.011019 0.009732
0 0.642208 0.780367 0.014372 0.015823
0 0.209349 0.192041 0.011625 0.012398
0 0.422229 0.930298 0.012871 0.012210
0 0.118595 0.761818 0.012311 0.010970
0 0.848799 0.408647 0.011195 0.010551
0 0.604360 0.182279 0.010035 0.013606
0 0.092494 0.482681 0.011429 0.009175
0 0.510152 0.306115 0.016720 0.015116
0 0.056927 0.384510 0.011963 0.010934
0 0.494744 0.656802 0.017642 0.013184
0 0.717365 0.787949 0.014862 0.012279
0 0.521469 0.925348 0.013074 0.015700
0 0.503522 0.595297 0.011705 0.011662
0 0.636015 0.450732 0.009601 0.011196
0 0.654037 0.644400 0.011074 0.010651
1 0.648474 0.352700 0.034038 0.024648
1 0.823944 0.627347 0.049296 0.041080
1 0.438967 0.714789 0.044601 0.049296
1 0.555751 0.827465 0.041080 0.058685
1 0.337441 0.981808 0.064554 0.036384
1 0.095657 0.968310 0.052817 0.046948