0 0.721866 0.623129 0.021726 0.016642
0 0.492182 0.554345 0.023204 0.018041
0 0.397241 0.506636 0.021468 0.016296
0 0.307396 0.649560 0.020817 0.016408
0 0.366893 0.757242 0.025383 0.019746
0 0.323529 0.856124 0.022209 0.016730
0 0.572609 0.545511 0.024574 0.017823
0 0.735694 0.835051 0.023285 0.018061
0 0.785827 0.642843 0.020504 0.016117
0 0.509600 0.673280 0.020855 0.016481
0 0.668518 0.840568 0.024082 0.017866
0 0.608558 0.445707 0.018307 0.014829
0 0.485447 0.488763 0.020494 0.015814
0 0.609149 0.867611 0.026624 0.021519
0 0.348894 0.538105 0.023988 0.018854
0 0.580009 0.439582 0.020861 0.015770
0 0.540059 0.933962 0.024483 0.018788
0 0.648408 0.482837 0.023507 0.018246
0 0.821223 0.563978 0.025157 0.019137
0 0.291033 0.877866 0.018687 0.015007
0 0.381930 0.534742 0.021420 0.017428
0 0.701931 0.691543 0.020112 0.016618
0 0.392808 0.885797 0.024058 0.020502
0 0.915993 0.550465 0.022317 0.017282
0 0.702775 0.576841 0.020150 0.015980
0 0.460849 0.961048 0.022936 0.018262
0 0.181833 0.590468 0.026110 0.022682
0 0.216721 0.570137 0.022439 0.018158
0 0.570134 0.471637 0.019365 0.014742
0 0.785350 0.483325 0.038613 0.027361
0 0.314887 0.777012 0.018322 0.015101
0 0.762149 0.525942 0.021105 0.016706
0 0.224589 0.743553 0.028840 0.018427
0 0.350461 0.450968 0.018769 0.017823
0 0.317188 0.891078 0.023453 0.017679
0 0.574192 0.780010 0.023832 0.020664
0 0.673074 0.878887 0.027754 0.022137
0 0.568433 0.941702 0.020973 0.016232
0 0.277632 0.672036 0.022659 0.016341
0 0.874340 0.701428 0.015306 0.012800
0 0.491518 0.993005 0.023357 0.013989
0 0.589432 0.957742 0.025711 0.019703
0 0.895392 0.710795 0.014974 0.011680
0 0.591090 0.397514 0.013649 0.014621
0 0.540778 0.993788 0.023920 0.012185
0 0.853240 0.498191 0.021126 0.017561
0 0.510169 0.829731 0.017589 0.014462