0 0.446919 0.450212 0.017112 0.013381
0 0.692402 0.682315 0.015877 0.012016
0 0.695937 0.592219 0.016601 0.012714
0 0.559064 0.502392 0.014103 0.010979
0 0.642793 0.723698 0.015458 0.013481
0 0.671260 0.703048 0.017950 0.014340
0 0.430559 0.423690 0.016666 0.012583
0 0.450426 0.405928 0.014913 0.011660
0 0.589404 0.492468 0.015216 0.012630
0 0.524111 0.459768 0.015328 0.012032
0 0.627721 0.744376 0.017132 0.013237
0 0.678014 0.649586 0.014870 0.010746
0 0.712983 0.746943 0.021693 0.015088
0 0.645760 0.654188 0.014011 0.010704
0 0.605119 0.630978 0.014434 0.011088
0 0.198564 0.644612 0.015450 0.012043
0 0.529588 0.624039 0.015895 0.012026
0 0.485764 0.749036 0.014133 0.011091
0 0.736879 0.777979 0.019063 0.014757
0 0.544572 0.581282 0.018456 0.013947
0 0.611516 0.383442 0.020381 0.012394
0 0.754804 0.445785 0.019105 0.013178
0 0.297726 0.638380 0.015035 0.011173
0 0.637170 0.411720 0.014911 0.011481
0 0.246794 0.632653 0.013503 0.010724
0 0.503660 0.611418 0.014691 0.011600
0 0.493370 0.470019 0.016050 0.013524
0 0.536916 0.521603 0.019074 0.012286
0 0.343551 0.418914 0.017376 0.014365
0 0.680163 0.493336 0.016146 0.011301
0 0.670661 0.443297 0.017833 0.012701
0 0.609037 0.587842 0.013766 0.011029
1 0.445260 0.904766 0.048844 0.039584
0 0.571693 0.698719 0.014971 0.011552
0 0.253921 0.453247 0.018339 0.014190
0 0.590384 0.445386 0.018852 0.014146
0 0.670196 0.739057 0.017416 0.013632
0 0.279723 0.648891 0.014817 0.011211
0 0.384781 0.423783 0.013823 0.011265
0 0.257253 0.677446 0.013909 0.010615
0 0.711033 0.666880 0.016068 0.012653
0 0.490921 0.580746 0.015752 0.012654
0 0.426115 0.578227 0.024536 0.014049
0 0.289163 0.546348 0.015049 0.011568
0 0.223891 0.541630 0.015196 0.011243
0 0.732273 0.581253 0.013593 0.011060
0 0.680228 0.546548 0.017461 0.014119
0 0.748687 0.815922 0.018574 0.014150
0 0.493756 0.791463 0.018099 0.014882
0 0.681981 0.414122 0.016060 0.013501
0 0.322908 0.476191 0.019435 0.014774
0 0.560932 0.718133 0.018910 0.014200
0 0.828056 0.666707 0.015374 0.011223
0 0.737691 0.649744 0.018385 0.012591
0 0.727881 0.427539 0.016758 0.013442
0 0.810815 0.560700 0.012373 0.008978
0 0.245384 0.486424 0.012766 0.010088
0 0.545244 0.398345 0.018876 0.015492
0 0.452566 0.736364 0.012865 0.010087
0 0.175190 0.615561 0.013992 0.011830
0 0.694369 0.464970 0.013862 0.010217
0 0.370507 0.476057 0.015873 0.010421
0 0.683380 0.622670 0.020035 0.013640
0 0.284274 0.395211 0.016759 0.013696
0 0.574854 0.375828 0.014927 0.012584
0 0.729508 0.463216 0.017217 0.012739
0 0.781179 0.664594 0.016282 0.012101
0 0.146935 0.629871 0.014137 0.010248
0 0.531416 0.370553 0.013246 0.012420
0 0.601649 0.791772 0.023557 0.018399
0 0.771981 0.634098 0.014580 0.011075
0 0.343320 0.652500 0.013950 0.011354
0 0.126022 0.632247 0.015145 0.010980
0 0.481768 0.698464 0.017308 0.013692
0 0.316985 0.629764 0.014612 0.011509
0 0.575842 0.544815 0.021221 0.012757
0 0.435811 0.522602 0.019867 0.013475
0 0.454263 0.759561 0.013631 0.010113
0 0.557248 0.631578 0.014213 0.012524
0 0.463331 0.852781 0.021562 0.015623
0 0.324716 0.559359 0.017227 0.012555
0 0.270578 0.693561 0.014531 0.011787
0 0.213842 0.678281 0.015279 0.011735
0 0.392237 0.561345 0.014481 0.011041
0 0.144629 0.672953 0.013988 0.011154
0 0.689023 0.798900 0.019256 0.014829
0 0.830844 0.490698 0.016045 0.012170
0 0.817676 0.585337 0.012233 0.009179
0 0.402944 0.367470 0.018090 0.016912
0 0.208309 0.706311 0.014795 0.011548
0 0.625057 0.351969 0.015415 0.012944
0 0.481156 0.507600 0.010812 0.008500
0 0.731494 0.491208 0.021295 0.014976
1 0.370773 0.502619 0.043582 0.029258
0 0.327858 0.828510 0.017586 0.013519
0 0.264553 0.519627 0.013011 0.010504
0 0.179785 0.479247 0.020908 0.015270
0 0.334488 0.782456 0.014075 0.011220
0 0.645149 0.377083 0.012956 0.010850
0 0.175786 0.581644 0.013324 0.009950
0 0.437966 0.374712 0.011967 0.009961
0 0.414426 0.607420 0.019049 0.013568
0 0.279555 0.480974 0.013786 0.010977
0 0.528490 0.800431 0.019755 0.012422
0 0.240271 0.514377 0.013696 0.009883
0 0.238055 0.696320 0.013233 0.009724
0 0.711636 0.400064 0.027947 0.016339
0 0.237352 0.572778 0.014680 0.011519
0 0.786058 0.600073 0.022584 0.015289
0 0.760730 0.699754 0.019440 0.016649
0 0.806932 0.508569 0.019878 0.013768
0 0.778674 0.560063 0.014724 0.009759
0 0.589484 0.528706 0.017140 0.012281
0 0.869473 0.615014 0.012899 0.009654
0 0.438669 0.749799 0.015493 0.013190
0 0.670781 0.526381 0.020273 0.014503
0 0.253711 0.542471 0.015065 0.010210
0 0.630578 0.514963 0.014103 0.010972
0 0.624959 0.486088 0.012909 0.010787
0 0.590549 0.463156 0.018561 0.009768
0 0.310860 0.571383 0.016068 0.012646
0 0.554733 0.361400 0.014547 0.011971
0 0.644265 0.391488 0.011720 0.011262
0 0.209167 0.564593 0.016344 0.009551
0 0.743394 0.548244 0.015726 0.009797
0 0.393576 0.528891 0.012250 0.009980
0 0.333644 0.595873 0.015238 0.014140
0 0.415388 0.793506 0.013648 0.011493
0 0.499849 0.707284 0.015293 0.013799
0 0.283061 0.526681 0.012194 0.009125
0 0.265192 0.585092 0.014806 0.011709
0 0.237720 0.559954 0.015041 0.010253
0 0.581103 0.764333 0.013619 0.010387
0 0.219402 0.735234 0.012659 0.009242
0 0.449763 0.353653 0.012407 0.010422
0 0.826945 0.640979 0.018457 0.014258
0 0.227347 0.656180 0.012347 0.012579
0 0.142091 0.524723 0.015731 0.013674
0 0.794613 0.545398 0.022340 0.011460
0 0.564314 0.350975 0.015117 0.012582
0 0.490200 0.409808 0.010851 0.008926
0 0.492586 0.444409 0.012716 0.010491
0 0.732255 0.687108 0.015862 0.016280
0 0.574534 0.395693 0.012673 0.010496
0 0.724556 0.526755 0.019313 0.012830
0 0.423609 0.614176 0.016136 0.012814
0 0.832367 0.643060 0.018072 0.013532
0 0.273127 0.470404 0.015134 0.012912
0 0.517263 0.482905 0.012182 0.009456
0 0.198718 0.687692 0.013871 0.011235
0 0.614916 0.822473 0.018033 0.014742
0 0.732081 0.404747 0.015743 0.012193
0 0.226974 0.663664 0.013575 0.012022
0 0.472518 0.824674 0.015051 0.013432
0 0.773283 0.576907 0.011922 0.009527
0 0.305938 0.815199 0.014425 0.011398
0 0.391704 0.858851 0.031811 0.015245
0 0.608421 0.504833 0.017244 0.009917
0 0.793258 0.800131 0.012818 0.010652
0 0.862480 0.657499 0.014164 0.011462
0 0.594004 0.363828 0.011675 0.009486
0 0.572119 0.744222 0.013387 0.010837
0 0.718268 0.796845 0.016418 0.011679
0 0.132322 0.630987 0.029547 0.009082
0 0.494142 0.915385 0.024866 0.016627
0 0.710395 0.377854 0.014693 0.011171
0 0.503739 0.434536 0.012102 0.009750
0 0.754880 0.563665 0.014599 0.009539
1 0.320719 0.762403 0.046009 0.028755