0 0.388444 0.480025 0.017344 0.013947
0 0.625593 0.730247 0.015112 0.012418
0 0.127341 0.615836 0.017926 0.014556
0 0.099831 0.429497 0.015545 0.012707
0 0.322713 0.445150 0.014029 0.011206
0 0.499973 0.490893 0.018845 0.014561
0 0.497421 0.720759 0.018690 0.014642
0 0.628919 0.605206 0.012380 0.010456
0 0.358251 0.660186 0.014516 0.011538
0 0.121433 0.407205 0.013195 0.013541
0 0.444743 0.602011 0.015663 0.010228
0 0.262881 0.377632 0.016331 0.012345
0 0.429825 0.331711 0.013620 0.009589
0 0.297962 0.492408 0.015620 0.013161
0 0.281227 0.443606 0.020413 0.014614
0 0.227065 0.394191 0.015212 0.012509
0 0.475747 0.770755 0.015528 0.013581
0 0.265595 0.646046 0.018429 0.012660
0 0.525444 0.477889 0.016080 0.013429
0 0.373832 0.420757 0.013144 0.009877
0 0.697029 0.515229 0.014547 0.010795
0 0.537039 0.416998 0.013705 0.010456
0 0.423940 0.678685 0.014491 0.011044
0 0.273962 0.562790 0.017251 0.013566
0 0.359899 0.620049 0.013681 0.011791
0 0.388576 0.352760 0.015643 0.010050
0 0.429481 0.724771 0.012498 0.011117
0 0.486807 0.581252 0.015325 0.011414
0 0.319179 0.639494 0.015266 0.012501
0 0.405259 0.579060 0.014741 0.011922
0 0.364349 0.377062 0.014992 0.012235
0 0.561069 0.540440 0.014917 0.011580
0 0.685024 0.477224 0.012880 0.010753
0 0.064797 0.728084 0.017164 0.012207
0 0.422118 0.803676 0.015973 0.012765
0 0.128100 0.551911 0.015039 0.011817
0 0.487786 0.558845 0.016574 0.012518
0 0.222657 0.624661 0.012567 0.009963
0 0.230020 0.648389 0.014487 0.012174
0 0.549320 0.389518 0.014614 0.010198
0 0.629745 0.507965 0.011792 0.008983
0 0.044432 0.641809 0.018442 0.015002
0 0.422222 0.519156 0.014403 0.009745
0 0.344597 0.366034 0.020572 0.013730
0 0.522312 0.530323 0.011770 0.008714
0 0.055362 0.568183 0.013267 0.011641
0 0.653368 0.485447 0.011846 0.010188
0 0.455167 0.812322 0.015604 0.013381
0 0.063894 0.399163 0.019198 0.015774
0 0.347865 0.570170 0.013822 0.010031
0 0.431309 0.699439 0.015667 0.010861
0 0.328399 0.485459 0.015110 0.009826
0 0.581252 0.695359 0.016033 0.010361
0 0.320562 0.328462 0.009242 0.009152
0 0.399970 0.646884 0.016046 0.013288
0 0.620513 0.481921 0.012905 0.008783
0 0.254144 0.328888 0.016505 0.013873
0 0.427922 0.639150 0.015623 0.011386
0 0.447517 0.351956 0.014308 0.010096
0 0.380635 0.668785 0.016357 0.010904
0 0.469540 0.648930 0.015683 0.011284
0 0.222084 0.351773 0.010473 0.009188
0 0.228522 0.474219 0.011960 0.011074
0 0.332271 0.466044 0.013647 0.009204
0 0.452372 0.721028 0.014480 0.012817
0 0.131613 0.673466 0.022714 0.017087
0 0.415305 0.388074 0.015234 0.012663
0 0.532057 0.803138 0.015855 0.011191
0 0.378678 0.785156 0.018536 0.014911
0 0.263097 0.815803 0.014831 0.011237
0 0.562074 0.408552 0.014080 0.009638
0 0.390142 0.503613 0.016458 0.010646
0 0.223964 0.450007 0.015714 0.013437
0 0.373750 0.558839 0.012990 0.009781
0 0.068635 0.609408 0.013800 0.011227
0 0.310457 0.351977 0.011322 0.009868
0 0.134003 0.701427 0.015339 0.014018
0 0.627664 0.459428 0.011673 0.010126
0 0.591854 0.410490 0.025263 0.016379
0 0.403394 0.827412 0.017423 0.011193
0 0.374839 0.640618 0.012540 0.009923
0 0.343300 0.290641 0.012766 0.012434
0 0.320721 0.515515 0.014759 0.010077
0 0.619950 0.530054 0.012348 0.008584
0 0.505347 0.459085 0.011014 0.007352
0 0.452041 0.570141 0.012383 0.010351
0 0.204612 0.698655 0.014811 0.012027
0 0.520074 0.763817 0.017193 0.012993
0 0.248443 0.585660 0.016472 0.013209
0 0.601887 0.473521 0.011835 0.009042
0 0.242037 0.570381 0.014875 0.011067
0 0.548617 0.478210 0.015809 0.014897
0 0.426880 0.451867 0.018483 0.015652
0 0.227874 0.432152 0.014421 0.013762
0 0.060595 0.440371 0.013031 0.011417
0 0.266280 0.514043 0.013027 0.010349
0 0.451812 0.637026 0.016590 0.013205
0 0.386819 0.279020 0.023144 0.017160
0 0.165107 0.510934 0.013642 0.012896
0 0.313776 0.695669 0.014267 0.010599
0 0.554374 0.333233 0.012001 0.007524
0 0.144301 0.377888 0.012648 0.011220
0 0.717891 0.488261 0.012165 0.010754
0 0.057041 0.657419 0.020732 0.016347
0 0.457645 0.677559 0.012107 0.010475
0 0.326554 0.721794 0.011889 0.009704
0 0.376161 0.465334 0.011356 0.010175
0 0.121650 0.460500 0.013875 0.012121
0 0.592374 0.541684 0.013284 0.011134
0 0.462401 0.842127 0.014774 0.011679
0 0.014851 0.626754 0.013757 0.011629
0 0.010045 0.573676 0.012498 0.013061
0 0.321354 0.291998 0.013409 0.012554
0 0.117326 0.700472 0.019743 0.012202
0 0.429748 0.782720 0.013335 0.009197
0 0.588281 0.543909 0.018322 0.009103
0 0.476602 0.697765 0.014451 0.012721
0 0.306090 0.740838 0.012811 0.010474
0 0.576895 0.546124 0.013113 0.008829
0 0.201513 0.424440 0.013890 0.012459
0 0.435370 0.439759 0.032206 0.025293
0 0.436591 0.373433 0.017368 0.013072
0 0.441979 0.473954 0.012893 0.008713
0 0.568460 0.407268 0.025571 0.011409
0 0.156608 0.448276 0.019986 0.013146
0 0.211492 0.598981 0.012596 0.011055
0 0.160132 0.778830 0.016555 0.013632
0 0.319565 0.324621 0.010673 0.012519
0 0.601308 0.497000 0.011974 0.008393
0 0.343933 0.760138 0.013922 0.009774
0 0.430272 0.447787 0.027518 0.023076
0 0.380439 0.444339 0.013919 0.007778
1 0.583725 0.777582 0.048513 0.024648
1 0.651017 0.646127 0.023474 0.024648
1 0.740219 0.626761 0.032864 0.030516
1 0.260563 0.697183 0.062598 0.049296
1 0.173709 0.349765 0.082942 0.065728
1 0.099374 0.347418 0.050078 0.030516