0 0.367596 0.495015 0.015983 0.012051
0 0.239723 0.708699 0.016262 0.012182
0 0.136027 0.772554 0.017971 0.013458
0 0.196894 0.724355 0.018112 0.013080
0 0.217279 0.629685 0.017885 0.014136
0 0.409405 0.477149 0.015198 0.012610
0 0.355613 0.808935 0.017827 0.014215
0 0.683318 0.734716 0.013505 0.010571
0 0.337188 0.731491 0.015911 0.011887
0 0.307697 0.523380 0.016801 0.013867
0 0.311771 0.461043 0.016944 0.014310
0 0.496489 0.719842 0.016225 0.012435
0 0.446813 0.728862 0.015396 0.011859
0 0.245523 0.664247 0.016763 0.013117
0 0.698110 0.619011 0.015026 0.012659
0 0.192941 0.785465 0.017815 0.013594
0 0.363749 0.454521 0.015110 0.011823
0 0.448030 0.660549 0.015459 0.012127
0 0.633777 0.754719 0.014771 0.011231
0 0.286800 0.729448 0.016237 0.012783
0 0.313073 0.695272 0.017266 0.013056
0 0.467681 0.706229 0.016025 0.013293
1 0.768700 0.730857 0.041868 0.044755
0 0.420000 0.666331 0.015341 0.013149
0 0.257484 0.834202 0.019515 0.014705
0 0.430037 0.819640 0.018624 0.014268
0 0.124569 0.476176 0.016643 0.013483
0 0.276116 0.562462 0.016201 0.013581
0 0.276689 0.824840 0.018600 0.014281
0 0.038288 0.548805 0.018271 0.013467
0 0.241195 0.582813 0.020935 0.015921
0 0.343697 0.601724 0.015197 0.012226
0 0.465136 0.533031 0.015024 0.011490
0 0.273838 0.538730 0.014382 0.010754
0 0.195549 0.590425 0.016054 0.012836
0 0.336746 0.484606 0.016347 0.012683
0 0.315353 0.839396 0.017574 0.012703
0 0.516197 0.471103 0.012971 0.011107
0 0.400162 0.526596 0.014801 0.012022
0 0.651443 0.718189 0.013283 0.011054
0 0.228865 0.435818 0.017282 0.013648
0 0.482804 0.471008 0.013994 0.010965
0 0.202312 0.663646 0.016521 0.012492
0 0.281700 0.681484 0.015882 0.013650
1 0.103572 0.734055 0.070074 0.042795
0 0.067906 0.522232 0.018908 0.016340
1 0.481283 0.393229 0.058565 0.049506
0 0.684366 0.765073 0.015319 0.012307
0 0.497951 0.537076 0.013471 0.011033
0 0.248996 0.559324 0.016499 0.013144
0 0.030899 0.643120 0.016298 0.013146
1 0.563138 0.786364 0.086973 0.044933
1 0.557344 0.525285 0.043442 0.029195
0 0.487680 0.797136 0.015547 0.011528
0 0.324616 0.643488 0.013847 0.011192
0 0.169609 0.804182 0.021112 0.016815
0 0.402544 0.740169 0.015382 0.011230
0 0.299793 0.647286 0.016904 0.014016
0 0.039037 0.576485 0.016359 0.014594
0 0.229261 0.552866 0.015530 0.011461
0 0.534227 0.678319 0.013592 0.012140
0 0.732267 0.606012 0.016014 0.011111
0 0.251218 0.682318 0.013457 0.011173
0 0.571701 0.661763 0.016877 0.011685
0 0.265339 0.458187 0.018490 0.016138
0 0.578515 0.684783 0.014379 0.012062
0 0.298835 0.787461 0.016183 0.013424
0 0.381890 0.815797 0.018642 0.014539
0 0.611482 0.656241 0.012026 0.009274
0 0.398299 0.680138 0.014461 0.010719
0 0.366564 0.766191 0.015327 0.012336
1 0.459558 0.511678 0.036008 0.025711
0 0.580417 0.633440 0.011312 0.009821
1 0.442435 0.774025 0.052556 0.042312
0 0.209202 0.531953 0.016140 0.012836
0 0.663047 0.606989 0.015662 0.014384
0 0.004736 0.607645 0.009471 0.012871
0 0.330667 0.780455 0.015457 0.011049
0 0.631794 0.689536 0.019451 0.014278
0 0.646718 0.507875 0.014023 0.012302
0 0.394749 0.825061 0.018976 0.015471
1 0.554878 0.551756 0.037600 0.028778
0 0.559040 0.697010 0.013694 0.010436
0 0.360856 0.696798 0.013090 0.010876
0 0.505695 0.683383 0.012901 0.010509
0 0.500148 0.669549 0.012764 0.010984
0 0.590727 0.711842 0.014261 0.010090
0 0.662188 0.599975 0.013872 0.016748
0 0.569817 0.841814 0.016394 0.013529
0 0.519126 0.701748 0.012837 0.009741
1 0.464699 0.629102 0.049979 0.030060
0 0.514314 0.641505 0.011024 0.009153
0 0.643461 0.521391 0.012654 0.010499
0 0.618270 0.569116 0.013519 0.011365
1 0.607272 0.496204 0.044252 0.032117
0 0.680162 0.546824 0.012025 0.010160
1 0.469391 0.585522 0.039216 0.033005
0 0.682152 0.652222 0.011788 0.009588
0 0.195129 0.841392 0.017043 0.012146
0 0.320480 0.749522 0.015875 0.013675
0 0.151556 0.623563 0.023199 0.018901
0 0.509398 0.511607 0.013437 0.010864
0 0.626685 0.633173 0.017759 0.016315
0 0.728364 0.734356 0.012053 0.008758
0 0.503086 0.600487 0.011242 0.008548
0 0.030521 0.730864 0.014716 0.012281
1 0.243263 0.517398 0.046361 0.036369
0 0.283866 0.395391 0.015796 0.013056
1 0.558423 0.606377 0.045044 0.028513
0 0.388151 0.714330 0.015447 0.010377
0 0.491212 0.497685 0.013500 0.010774
0 0.255068 0.398364 0.014114 0.012917
0 0.082053 0.716177 0.010248 0.008173
0 0.103546 0.495220 0.016986 0.011772
1 0.414409 0.382103 0.035279 0.031602
0 0.589270 0.776142 0.018516 0.015358
0 0.563028 0.732223 0.011405 0.009073
1 0.355993 0.664742 0.055210 0.029906
1 0.323787 0.365686 0.058278 0.034507
1 0.336822 0.408244 0.056744 0.023004
1 0.390499 0.428948 0.032206 0.027605
1 0.645081 0.792309 0.029139 0.035657