0 0.561656 0.346859 0.015144 0.013287
0 0.382564 0.448521 0.016638 0.013319
0 0.428225 0.410048 0.017526 0.014019
0 0.606368 0.836271 0.018272 0.013409
0 0.655089 0.527167 0.018066 0.015649
0 0.796532 0.568277 0.016020 0.011529
0 0.557638 0.552699 0.018649 0.014496
0 0.562488 0.874565 0.026380 0.019434
0 0.797951 0.547302 0.016094 0.012666
0 0.574862 0.749995 0.016299 0.013129
0 0.880434 0.570241 0.014434 0.011174
0 0.798896 0.480606 0.012822 0.011237
0 0.380070 0.631471 0.017865 0.013468
0 0.749074 0.532083 0.017244 0.012752
0 0.540907 0.388081 0.018784 0.015339
0 0.677496 0.493788 0.017799 0.014035
0 0.809020 0.811632 0.016381 0.011656
0 0.558519 0.668262 0.022321 0.016641
0 0.830892 0.517673 0.015138 0.012398
0 0.552844 0.701564 0.017419 0.014121
0 0.890220 0.727154 0.015603 0.012425
0 0.681521 0.471041 0.015460 0.011723
0 0.563820 0.499746 0.015113 0.012283
0 0.547126 0.794515 0.017481 0.014611
0 0.468147 0.676875 0.018246 0.013651
0 0.565382 0.469606 0.015336 0.011868
0 0.707452 0.781175 0.015757 0.012790
0 0.533768 0.365842 0.014347 0.011612
1 0.504346 0.793551 0.045741 0.043005
1 0.895226 0.506333 0.049830 0.037498
0 0.840806 0.536425 0.016078 0.011951
0 0.406446 0.816288 0.017567 0.013259
0 0.618566 0.429468 0.018639 0.015672
0 0.865926 0.756459 0.016310 0.013663
0 0.407059 0.463813 0.015958 0.012646
0 0.384238 0.803845 0.017407 0.013354
0 0.699376 0.449587 0.015664 0.011815
0 0.615648 0.609730 0.019338 0.014398
0 0.627096 0.365610 0.016392 0.013548
0 0.788572 0.618174 0.015801 0.013300
0 0.657943 0.870089 0.020280 0.015142
0 0.610025 0.902873 0.022446 0.015767
0 0.647862 0.583694 0.016218 0.012354
0 0.666268 0.735190 0.016067 0.012544
0 0.485321 0.694723 0.017790 0.015632
0 0.449395 0.454990 0.017535 0.014372
0 0.861458 0.557790 0.014768 0.010822
0 0.448690 0.330613 0.015976 0.013977
0 0.349577 0.804008 0.020527 0.015900
0 0.315887 0.475828 0.016437 0.013396
0 0.472025 0.432929 0.018828 0.015257
0 0.852667 0.611556 0.014606 0.012789
0 0.345137 0.500773 0.015856 0.012739
0 0.196667 0.503618 0.018739 0.015562
0 0.393769 0.551081 0.015034 0.012324
0 0.460797 0.891873 0.022054 0.015617
1 0.386292 0.706493 0.038861 0.031775
0 0.963339 0.615144 0.013874 0.010768
0 0.498269 0.322059 0.012846 0.011354
0 0.577704 0.710008 0.014701 0.011824
0 0.839124 0.630406 0.013491 0.010338
0 0.337235 0.591249 0.018037 0.013735
0 0.412749 0.432973 0.019263 0.014167
0 0.798126 0.709049 0.012699 0.010260
0 0.964766 0.581807 0.012921 0.010608
0 0.261984 0.512549 0.016408 0.012065
0 0.420350 0.547385 0.016016 0.012715
0 0.381637 0.823035 0.018209 0.012752
0 0.475196 0.574849 0.016948 0.014883
0 0.635839 0.779275 0.014658 0.011523
0 0.624413 0.327883 0.018365 0.015922
0 0.654823 0.404142 0.020288 0.014464
1 0.513524 0.508879 0.030944 0.025316
0 0.410254 0.366327 0.023741 0.016195
0 0.858156 0.699034 0.013237 0.010134
0 0.279099 0.635129 0.015460 0.014554
0 0.885752 0.604710 0.012031 0.009262
0 0.634786 0.558854 0.020080 0.014222
0 0.427262 0.614172 0.018008 0.015506
0 0.831311 0.689719 0.013168 0.010989
0 0.711560 0.365471 0.015991 0.014290
0 0.519031 0.773048 0.016102 0.012857
0 0.750716 0.719692 0.014832 0.012213
0 0.911591 0.554112 0.013863 0.011110
0 0.880094 0.479369 0.016003 0.012842
0 0.333100 0.631113 0.020616 0.014707
0 0.481737 0.581045 0.018308 0.014383
0 0.759309 0.664329 0.014025 0.010191
0 0.641559 0.908844 0.022183 0.013949
0 0.935302 0.573112 0.014153 0.009801