0 0.534263 0.380582 0.013218 0.010695
0 0.462178 0.494033 0.013610 0.010316
0 0.511313 0.346121 0.014735 0.011761
0 0.360641 0.459562 0.013393 0.010970
0 0.570954 0.578370 0.013717 0.010530
0 0.359385 0.515402 0.012942 0.010362
0 0.627217 0.353644 0.012754 0.009413
0 0.477289 0.647860 0.013883 0.010414
0 0.544265 0.277929 0.012742 0.009982
0 0.419300 0.631601 0.014058 0.010914
0 0.494209 0.568403 0.012107 0.009462
0 0.340560 0.320411 0.013148 0.010098
0 0.479377 0.248302 0.014199 0.010105
0 0.564283 0.293916 0.011960 0.009084
0 0.321761 0.546539 0.015070 0.012549
0 0.208385 0.393477 0.013849 0.010759
0 0.414932 0.423850 0.013480 0.010523
0 0.598242 0.374100 0.013101 0.010751
0 0.309372 0.576410 0.013801 0.010691
0 0.577775 0.338506 0.013278 0.012404
0 0.562394 0.632126 0.013923 0.011161
0 0.242066 0.286829 0.015967 0.012737
0 0.493548 0.427618 0.013236 0.010728
0 0.512802 0.540618 0.014385 0.011411
0 0.334837 0.357437 0.017691 0.014592
0 0.525853 0.226666 0.012707 0.011312
0 0.711081 0.686304 0.016041 0.011391
0 0.510352 0.510929 0.011778 0.009758
0 0.387553 0.254836 0.016098 0.011999
0 0.419533 0.381743 0.012772 0.009752
0 0.283683 0.356593 0.013876 0.010717
0 0.502618 0.453060 0.013037 0.010285
0 0.692509 0.248919 0.016906 0.013341
0 0.728060 0.330310 0.015703 0.012184
0 0.230082 0.327551 0.017190 0.014540
0 0.383575 0.338521 0.016471 0.012893
0 0.302045 0.370375 0.015858 0.012091
0 0.536582 0.249709 0.014785 0.011419
0 0.628416 0.590764 0.011353 0.009174
0 0.742018 0.583873 0.012306 0.009571
0 0.431926 0.338959 0.016194 0.012492
0 0.481941 0.291864 0.015719 0.014192
0 0.332456 0.501692 0.013911 0.010938
0 0.468153 0.402709 0.011651 0.009041
0 0.380419 0.617808 0.015108 0.011068
0 0.353233 0.371236 0.015417 0.011656
0 0.441522 0.315896 0.013110 0.010712
0 0.279238 0.397131 0.013857 0.010123
0 0.549696 0.689101 0.017348 0.013176
0 0.593526 0.656416 0.016678 0.012758
0 0.562672 0.220363 0.012985 0.010268
0 0.576241 0.358657 0.012227 0.009589
0 0.861539 0.391972 0.016323 0.012917
0 0.501885 0.245999 0.013701 0.012051
0 0.508150 0.411621 0.012959 0.010728
0 0.189869 0.482391 0.012960 0.010418
0 0.674260 0.535958 0.013098 0.010553
0 0.448054 0.731934 0.017527 0.012371
0 0.495334 0.325084 0.012736 0.010178
0 0.536697 0.554317 0.012958 0.009854
0 0.647879 0.239778 0.014994 0.011555
0 0.310202 0.338706 0.013653 0.011208
0 0.592954 0.592394 0.012127 0.010748
0 0.392007 0.408855 0.016609 0.010958
0 0.610147 0.534685 0.020755 0.014629
0 0.538175 0.468290 0.017955 0.014481
0 0.740634 0.632652 0.014651 0.011189
0 0.502357 0.589807 0.013339 0.009630
0 0.415888 0.294842 0.014801 0.011640
0 0.424651 0.486624 0.012246 0.011323
0 0.399524 0.708069 0.018964 0.014432
0 0.527127 0.697710 0.014927 0.012087
0 0.842397 0.375319 0.018884 0.013180
0 0.481780 0.610202 0.017151 0.013091
0 0.776877 0.308547 0.015921 0.012184
0 0.283626 0.378017 0.014347 0.010500
0 0.780274 0.391424 0.015609 0.011145
0 0.574105 0.602187 0.013151 0.010007
0 0.224221 0.304968 0.018620 0.014083
0 0.392264 0.361186 0.014261 0.010360
0 0.638311 0.294928 0.013176 0.009549
0 0.620460 0.673565 0.015164 0.011903
0 0.528898 0.430962 0.013353 0.009379
0 0.784170 0.507401 0.013293 0.009851
0 0.312991 0.613247 0.013537 0.009999
0 0.704329 0.585561 0.011760 0.009113
0 0.309308 0.503314 0.013637 0.011021
0 0.231298 0.359781 0.015211 0.014325
0 0.449744 0.393863 0.013540 0.010614
0 0.426136 0.357014 0.014629 0.010722
0 0.510005 0.618598 0.017090 0.012424
0 0.481544 0.447341 0.013138 0.009869
0 0.662963 0.316683 0.013271 0.010536
0 0.635975 0.338007 0.013062 0.010496
0 0.467616 0.423179 0.011144 0.009104
0 0.732050 0.436713 0.013708 0.010889
0 0.766097 0.623463 0.012192 0.009950
0 0.780153 0.349370 0.015402 0.011439
0 0.291642 0.670744 0.016052 0.012020
0 0.813780 0.330705 0.018177 0.013581
0 0.458959 0.561769 0.012095 0.009667
0 0.785266 0.480577 0.010664 0.008565
0 0.633994 0.723089 0.018707 0.014559
0 0.378359 0.544724 0.016866 0.012232
0 0.466359 0.221144 0.011980 0.009896
0 0.542224 0.446818 0.011791 0.009056
0 0.701793 0.273835 0.014413 0.012371
0 0.665042 0.285496 0.016036 0.012440
0 0.621828 0.324963 0.013153 0.010662
1 0.649632 0.412331 0.047367 0.032572
0 0.249823 0.461662 0.015379 0.011660
0 0.267915 0.575399 0.014615 0.011750
0 0.293707 0.319025 0.012810 0.009537
0 0.252924 0.423756 0.015217 0.012259
0 0.567620 0.560167 0.011765 0.010122
0 0.684255 0.688300 0.014087 0.011079
0 0.427847 0.469321 0.012697 0.010216
0 0.734412 0.352799 0.013856 0.010311
0 0.717145 0.495286 0.012332 0.010121
0 0.719176 0.621288 0.012676 0.009758
0 0.210227 0.534765 0.015440 0.011932
0 0.820732 0.506081 0.011787 0.008753
0 0.390770 0.584141 0.017164 0.012933
0 0.773776 0.438901 0.014658 0.011024
0 0.702842 0.549008 0.013659 0.010563
0 0.712943 0.446529 0.011892 0.009086
0 0.755966 0.371829 0.012953 0.010080
0 0.649436 0.444050 0.012847 0.010372
0 0.596675 0.422522 0.011238 0.008496
0 0.208299 0.427093 0.013747 0.011117
0 0.169874 0.359266 0.016570 0.013531
0 0.438079 0.524436 0.014507 0.011802
0 0.250185 0.404151 0.012786 0.009944
0 0.592254 0.258783 0.013408 0.010945
0 0.349053 0.653372 0.017607 0.012927
0 0.373080 0.562087 0.012551 0.009307
0 0.257466 0.321650 0.015953 0.011662
0 0.469603 0.204083 0.012712 0.009091
0 0.267521 0.477616 0.012130 0.009538
0 0.737664 0.421306 0.013217 0.010249
0 0.445152 0.687843 0.018322 0.016132
0 0.689560 0.405574 0.012104 0.009035
0 0.607965 0.285809 0.012606 0.010191
0 0.344818 0.625218 0.015611 0.011373
0 0.726291 0.308734 0.015233 0.011133
0 0.468783 0.551516 0.012028 0.009546
0 0.590373 0.438132 0.011408 0.008950
0 0.184934 0.423307 0.016664 0.012562
0 0.220698 0.502416 0.014611 0.010736
0 0.680201 0.331783 0.013908 0.010977
0 0.366388 0.720443 0.017455 0.013543
0 0.274823 0.441850 0.015095 0.011825
0 0.335553 0.604903 0.014197 0.010824
0 0.654808 0.597087 0.013242 0.011027
0 0.184457 0.378574 0.015206 0.011945
0 0.836435 0.516149 0.010473 0.007960
0 0.734311 0.561937 0.012176 0.010430
0 0.466363 0.677942 0.015748 0.012391
0 0.585622 0.695984 0.018938 0.013777
0 0.290186 0.424542 0.012609 0.010468
0 0.537662 0.325146 0.016030 0.009807
0 0.334238 0.241321 0.014469 0.012542
0 0.614802 0.437347 0.012136 0.009515
0 0.408152 0.271065 0.013307 0.010443
0 0.477820 0.723635 0.019786 0.015463
0 0.771136 0.289787 0.020969 0.014737
0 0.554080 0.323623 0.016363 0.010184
0 0.407653 0.521757 0.013499 0.010451
0 0.418728 0.316828 0.014357 0.010868
0 0.484755 0.343423 0.012863 0.012387
0 0.581987 0.402311 0.011877 0.010786
0 0.608700 0.640139 0.016489 0.010517
0 0.415191 0.606889 0.019730 0.013770
0 0.400274 0.508648 0.014253 0.010239
1 0.672353 0.487446 0.035913 0.028197
0 0.596220 0.357451 0.012188 0.009442
0 0.519098 0.600899 0.012578 0.014918
0 0.284684 0.545824 0.018111 0.013229
0 0.614311 0.303395 0.015903 0.011296
0 0.743067 0.314892 0.014179 0.011080
0 0.291164 0.480090 0.011893 0.009055
0 0.390404 0.683851 0.020222 0.012790
0 0.642844 0.384440 0.013470 0.012649
0 0.157180 0.376569 0.018636 0.016608
0 0.246682 0.565364 0.016854 0.012303
0 0.560863 0.752921 0.022956 0.014576
0 0.699784 0.305553 0.014090 0.010980
0 0.453515 0.461270 0.012851 0.008955
0 0.472908 0.379681 0.017340 0.010584
0 0.796371 0.522315 0.012104 0.009508
0 0.262641 0.520879 0.014425 0.010305
0 0.602423 0.228365 0.012317 0.010652
0 0.584735 0.547282 0.012320 0.008638
0 0.625397 0.226426 0.015771 0.012698
0 0.438317 0.537136 0.012163 0.009841
0 0.678283 0.377545 0.011288 0.009579
0 0.692274 0.445718 0.011620 0.008535
0 0.658871 0.514320 0.012363 0.010833
0 0.776255 0.658710 0.016599 0.011200
0 0.604980 0.255877 0.016060 0.010666
0 0.619663 0.241584 0.013725 0.010510
0 0.574708 0.307643 0.011754 0.009384
0 0.193526 0.584178 0.016398 0.013445
0 0.362569 0.646916 0.014278 0.010453
0 0.693267 0.621716 0.014808 0.012146
0 0.722709 0.655914 0.015765 0.010306
0 0.403785 0.309383 0.015405 0.011016
0 0.570006 0.429449 0.012139 0.009206
0 0.467638 0.696336 0.019639 0.014293
0 0.413379 0.672657 0.015327 0.011954
0 0.815574 0.368813 0.014520 0.010631
0 0.174319 0.507289 0.013047 0.009938
0 0.808561 0.327711 0.021732 0.014801
0 0.433401 0.695152 0.018620 0.014585
0 0.519452 0.396628 0.011676 0.008685
0 0.727255 0.601528 0.010330 0.007757
0 0.552153 0.429265 0.012824 0.009021
0 0.239564 0.481479 0.013341 0.009414
0 0.263840 0.595895 0.019268 0.012062
0 0.165063 0.408343 0.016162 0.012732
0 0.243686 0.499774 0.012224 0.009570
0 0.357753 0.598105 0.017621 0.012720
0 0.760906 0.409426 0.011097 0.009008
0 0.712650 0.712414 0.013912 0.009742
0 0.316916 0.690571 0.015235 0.010761
0 0.629239 0.626590 0.014884 0.010651
0 0.352230 0.689485 0.016013 0.011554
0 0.657267 0.694971 0.017305 0.014165
0 0.198237 0.315966 0.014841 0.012687
0 0.464793 0.618265 0.013732 0.009838
0 0.404544 0.729373 0.018132 0.012593
0 0.231835 0.570636 0.016201 0.011007
0 0.421195 0.533773 0.014333 0.009495
0 0.347096 0.586391 0.011633 0.010244
0 0.469329 0.376610 0.016548 0.011172
0 0.280112 0.523640 0.014355 0.011198
0 0.733300 0.259567 0.019076 0.016110
0 0.360964 0.355305 0.015699 0.012021
0 0.667140 0.339949 0.014178 0.013395
0 0.308152 0.651094 0.013505 0.010578
0 0.494168 0.535901 0.011702 0.008056
0 0.447200 0.361185 0.011680 0.009074
0 0.613123 0.658580 0.016393 0.011761
0 0.687084 0.314831 0.013590 0.010131
0 0.701561 0.604990 0.012150 0.008870
0 0.406853 0.442980 0.012262 0.008329
0 0.245229 0.590531 0.015080 0.012156
0 0.338846 0.440717 0.017387 0.013199
0 0.390364 0.432009 0.012630 0.012276
0 0.311694 0.525076 0.013667 0.009383
0 0.276871 0.321355 0.013700 0.010563
0 0.619702 0.406015 0.012599 0.009685
0 0.389643 0.445324 0.011918 0.008778
0 0.793792 0.582225 0.011765 0.009652
0 0.224410 0.522957 0.017090 0.013956
0 0.743495 0.649004 0.014720 0.010711
0 0.765150 0.465629 0.010492 0.008879
0 0.506161 0.478972 0.015967 0.010274
0 0.449765 0.283892 0.017347 0.014376
0 0.707415 0.643791 0.014398 0.009946
0 0.165371 0.421293 0.021002 0.016336
0 0.816052 0.539718 0.013101 0.009428
0 0.679040 0.593253 0.011514 0.009571
0 0.713942 0.511965 0.012209 0.010240
0 0.282226 0.630906 0.015918 0.012261
0 0.500322 0.479666 0.016708 0.010045
0 0.512430 0.721860 0.020322 0.016121
0 0.643227 0.460845 0.014688 0.011453
0 0.335243 0.679125 0.015179 0.011432
0 0.443674 0.231355 0.017033 0.011292
0 0.493219 0.512659 0.011904 0.008194
0 0.737765 0.541208 0.010342 0.008395
0 0.656347 0.727394 0.016245 0.013734
0 0.760450 0.513543 0.010772 0.008671
0 0.519257 0.555745 0.011806 0.009292
0 0.841954 0.484592 0.010197 0.008175
0 0.601834 0.223650 0.013533 0.014678
0 0.778325 0.523631 0.010919 0.007761
0 0.660645 0.571303 0.009430 0.007668
0 0.218595 0.547195 0.016193 0.010435
0 0.352577 0.341128 0.014312 0.010786
0 0.457741 0.520348 0.013142 0.010508
0 0.507805 0.738868 0.024148 0.019685
0 0.363356 0.678508 0.016133 0.012433
0 0.541760 0.707143 0.015196 0.010775
0 0.805943 0.408513 0.010464 0.008272
0 0.732319 0.514047 0.011193 0.008360
0 0.658737 0.554900 0.013720 0.009682
0 0.273822 0.661417 0.018360 0.012279
0 0.256145 0.593135 0.029542 0.013615
0 0.635048 0.700045 0.014128 0.011866
0 0.655392 0.276545 0.012158 0.011047
0 0.429454 0.596619 0.010846 0.009598
0 0.255829 0.548184 0.018295 0.013161
0 0.324722 0.524223 0.016682 0.008981
0 0.811781 0.428950 0.012717 0.009082
0 0.251171 0.545246 0.024193 0.011262
0 0.416642 0.244601 0.010612 0.009835
0 0.513537 0.614227 0.017951 0.015854
0 0.365285 0.598766 0.016864 0.010440
0 0.728693 0.676501 0.012838 0.009771
0 0.404635 0.349442 0.012207 0.012648
0 0.599547 0.212608 0.013264 0.011255
0 0.315570 0.483589 0.014526 0.010180
0 0.411742 0.259694 0.011997 0.011983
0 0.341623 0.361898 0.027375 0.019146
0 0.768613 0.547480 0.011957 0.009668
0 0.780791 0.421762 0.009927 0.007976
0 0.787523 0.509282 0.018128 0.014764