0 0.331582 0.804978 0.018413 0.014425
0 0.654426 0.699256 0.017928 0.013248
0 0.340520 0.738335 0.019596 0.016139
0 0.689089 0.797252 0.022895 0.016660
0 0.475665 0.649540 0.017056 0.013055
0 0.459554 0.840470 0.017255 0.013370
0 0.557697 0.944584 0.021700 0.017225
0 0.342603 0.648784 0.016875 0.013771
0 0.225722 0.712065 0.018495 0.015053
0 0.624231 0.677920 0.016848 0.012570
0 0.396890 0.928831 0.019834 0.015451
0 0.326847 0.876131 0.016761 0.013174
0 0.563178 0.898436 0.018914 0.014106
0 0.381587 0.606221 0.014978 0.011628
0 0.283661 0.859809 0.014802 0.011316
0 0.176028 0.733465 0.019134 0.015268
0 0.310065 0.697616 0.023335 0.015604
0 0.433497 0.788713 0.015388 0.012096
0 0.238131 0.733987 0.017684 0.013363
0 0.436972 0.828909 0.017040 0.013879
0 0.557040 0.538328 0.016525 0.012663
0 0.517102 0.541639 0.014726 0.011871
0 0.684278 0.722054 0.016579 0.012882
1 0.289383 0.901325 0.050092 0.036593
0 0.626599 0.548739 0.014614 0.011948
0 0.638451 0.734579 0.021313 0.015417
0 0.718650 0.643259 0.014979 0.011350
0 0.575866 0.772884 0.023102 0.016733
0 0.660612 0.529424 0.018740 0.013132
0 0.381618 0.705751 0.025296 0.019994
0 0.371539 0.780107 0.016237 0.012183
0 0.371891 0.905387 0.018865 0.013729
0 0.359686 0.877581 0.021152 0.017419
0 0.489002 0.762468 0.022548 0.017599
0 0.706506 0.727580 0.016019 0.012281
0 0.688689 0.506238 0.015928 0.013389
0 0.172462 0.858916 0.011541 0.010118
0 0.373041 0.952957 0.020184 0.016234
1 0.183303 0.889719 0.045468 0.037000
0 0.457835 0.730460 0.016701 0.012005
0 0.300344 0.619581 0.018707 0.014629
0 0.522230 0.779095 0.016898 0.013273
0 0.239382 0.585779 0.014726 0.011739
0 0.481467 0.492569 0.016736 0.013847
0 0.368718 0.587285 0.014350 0.011584
0 0.558331 0.609821 0.020589 0.019511
0 0.595700 0.628630 0.018557 0.014953
0 0.360214 0.754122 0.017391 0.013877
0 0.351458 0.511561 0.013442 0.011612
0 0.500036 0.524160 0.018281 0.014846
0 0.738837 0.538434 0.015929 0.015028
0 0.405604 0.574920 0.014434 0.011373
0 0.518183 0.654324 0.015143 0.012355
0 0.701771 0.779029 0.016251 0.012221
0 0.250379 0.921638 0.016696 0.012604
0 0.396097 0.799142 0.015495 0.013170
0 0.759838 0.790493 0.016500 0.012270
0 0.669102 0.628826 0.018959 0.016926
0 0.642232 0.910599 0.017473 0.014613
0 0.583891 0.891719 0.020779 0.014068
0 0.332061 0.950935 0.017434 0.014946
0 0.699926 0.559883 0.020016 0.014470
0 0.214351 0.910282 0.015171 0.012312
0 0.402839 0.815633 0.015856 0.011760
0 0.412389 0.612640 0.015298 0.011272
0 0.489140 0.953180 0.021237 0.017291
0 0.287132 0.644360 0.017272 0.014130
0 0.781177 0.739892 0.015637 0.011528
0 0.482783 0.869678 0.016788 0.013124
1 0.414720 0.548839 0.044934 0.034098
0 0.371311 0.803147 0.020015 0.012458
0 0.297121 0.925674 0.016786 0.012607
0 0.422349 0.707591 0.014456 0.010063
0 0.564247 0.486276 0.013159 0.011243
0 0.732629 0.658771 0.012574 0.009881
0 0.262485 0.571378 0.013922 0.011417
0 0.723751 0.581554 0.014444 0.014890
0 0.309936 0.670394 0.016735 0.012745
0 0.523091 0.481703 0.013615 0.012184
0 0.540040 0.834227 0.018283 0.014009
0 0.359666 0.470304 0.017204 0.014067
0 0.617111 0.466085 0.012416 0.013267
0 0.423524 0.595126 0.014597 0.012291
0 0.301256 0.557643 0.013362 0.011704
1 0.438833 0.431391 0.027435 0.020576