0 0.570270 0.334102 0.015432 0.012222
0 0.534853 0.389682 0.017619 0.013649
0 0.402370 0.421570 0.010499 0.009672
0 0.308228 0.368760 0.013748 0.013306
0 0.403107 0.353608 0.011361 0.011119
0 0.468984 0.885308 0.017909 0.013428
0 0.667561 0.591024 0.015518 0.012801
0 0.554576 0.572013 0.019926 0.017658
0 0.327965 0.537385 0.023951 0.016947
0 0.242495 0.463911 0.025022 0.016367
0 0.082948 0.494507 0.022127 0.015316
0 0.495503 0.425352 0.018359 0.012383
0 0.402927 0.448070 0.014113 0.012859
0 0.387871 0.685284 0.013820 0.010936
0 0.221880 0.584472 0.013065 0.009695
0 0.200780 0.670663 0.013843 0.010862
0 0.487876 0.574637 0.021852 0.016249
0 0.307387 0.446866 0.014952 0.014001
0 0.281662 0.471595 0.013958 0.008798
0 0.473563 0.332117 0.016316 0.016583
0 0.289663 0.349128 0.010174 0.007814
0 0.422247 0.407876 0.014376 0.009695
0 0.212988 0.809347 0.017137 0.011830
0 0.438709 0.900429 0.019601 0.016446
0 0.265882 0.507719 0.015569 0.009517
0 0.282870 0.540062 0.015225 0.011061
0 0.213734 0.444825 0.015854 0.011377
0 0.187040 0.447493 0.014416 0.012643
0 0.244127 0.574184 0.011288 0.009217
0 0.260417 0.610819 0.017571 0.013324
0 0.309620 0.772522 0.020499 0.013562
0 0.587135 0.859982 0.018367 0.014100
0 0.257960 0.351025 0.017646 0.014506
0 0.370428 0.490845 0.015224 0.011138
0 0.255279 0.374961 0.018758 0.011275
0 0.487403 0.506018 0.014265 0.010441
0 0.199359 0.424598 0.016699 0.012396
0 0.654242 0.829711 0.016155 0.012824
0 0.427957 0.697535 0.018687 0.014798
0 0.365259 0.593831 0.014949 0.013155
0 0.440965 0.530655 0.017385 0.013763
0 0.565949 0.448065 0.017197 0.014337
0 0.451683 0.676679 0.016125 0.011865
0 0.147989 0.707288 0.013468 0.010458
0 0.294503 0.513103 0.016777 0.012217
0 0.404395 0.804868 0.013854 0.012961
0 0.238168 0.860148 0.015766 0.010067
0 0.298403 0.394711 0.012456 0.011020
0 0.722243 0.777556 0.013889 0.008850
0 0.206545 0.384673 0.011780 0.012272
0 0.571157 0.772062 0.018315 0.012198
0 0.745071 0.768413 0.009799 0.008036
0 0.729346 0.468167 0.017261 0.013073
0 0.557215 0.427386 0.013931 0.009700
0 0.087259 0.693718 0.014524 0.010679
0 0.470334 0.509334 0.011954 0.010108
0 0.229819 0.383746 0.015128 0.012036
0 0.388903 0.630903 0.015420 0.012207
0 0.490940 0.605117 0.022191 0.016408
0 0.438370 0.333962 0.012084 0.010884
0 0.355334 0.913774 0.023799 0.015987
0 0.123230 0.763360 0.016973 0.010867
0 0.308232 0.729593 0.013267 0.012071
0 0.218248 0.546712 0.014051 0.012269
0 0.511959 0.311991 0.016329 0.012518
0 0.420091 0.566384 0.012296 0.012465
0 0.224260 0.503280 0.016576 0.012170
0 0.632997 0.761245 0.013743 0.010105
0 0.423534 0.640914 0.018648 0.012987
0 0.282493 0.578567 0.020498 0.016591
0 0.700673 0.652030 0.014018 0.011688
0 0.242644 0.629750 0.016225 0.011064
0 0.405783 0.709304 0.011943 0.008507
0 0.501436 0.552509 0.015969 0.012777
0 0.552078 0.694456 0.015879 0.012820
0 0.728532 0.803124 0.011167 0.009428
0 0.118595 0.588226 0.012762 0.010412
0 0.218494 0.405732 0.016978 0.013715
0 0.600004 0.363910 0.013772 0.011270
0 0.596350 0.825946 0.016920 0.012623
0 0.496524 0.657429 0.015132 0.012116
0 0.435585 0.476636 0.015486 0.012233
0 0.653677 0.477419 0.017541 0.012636
0 0.348187 0.473935 0.017846 0.013229
0 0.589707 0.740534 0.016414 0.010733
0 0.546232 0.597218 0.017232 0.012545
0 0.493943 0.786535 0.011548 0.008697
0 0.724557 0.430297 0.021281 0.013519
0 0.200229 0.611859 0.017086 0.013476
0 0.498179 0.630129 0.015860 0.013204
0 0.329276 0.561368 0.023699 0.016407
0 0.807868 0.625777 0.011542 0.010100
0 0.320581 0.402700 0.015168 0.010929
0 0.188408 0.763109 0.014797 0.015082
0 0.093555 0.598128 0.013827 0.011223
0 0.274306 0.446526 0.013802 0.010250
0 0.526240 0.607557 0.013606 0.010532
0 0.187548 0.568707 0.015176 0.009224
0 0.219905 0.753235 0.011646 0.010668
0 0.422384 0.799835 0.014517 0.011055
0 0.619295 0.338171 0.014658 0.013426
0 0.650434 0.813521 0.012508 0.009368
0 0.332125 0.452923 0.013773 0.013503
0 0.618883 0.796638 0.014155 0.008283
0 0.314326 0.471011 0.014977 0.009855
0 0.813886 0.656928 0.012987 0.010103
0 0.745653 0.745381 0.012130 0.008307
0 0.278278 0.891038 0.018624 0.011671
0 0.358845 0.801557 0.014293 0.012407
0 0.288247 0.585008 0.017481 0.016167
0 0.135781 0.652087 0.013849 0.013815
0 0.622939 0.458833 0.015764 0.011296
0 0.313127 0.424771 0.019755 0.012969
0 0.532433 0.362152 0.017682 0.014389
0 0.271797 0.442728 0.013049 0.012685
0 0.137627 0.602313 0.013595 0.009609
0 0.758781 0.633348 0.018842 0.011194
0 0.221155 0.518963 0.012650 0.008605
0 0.421841 0.857641 0.020725 0.014693
0 0.501422 0.443623 0.014236 0.010261
0 0.394215 0.772456 0.015322 0.011617
0 0.224554 0.426599 0.012430 0.009412
0 0.372380 0.723717 0.016323 0.012565
0 0.748248 0.507696 0.010772 0.009208
0 0.246732 0.690411 0.014786 0.013385
0 0.073273 0.661674 0.011088 0.008989
0 0.444293 0.876963 0.019535 0.013429
0 0.482255 0.479566 0.015146 0.011213
0 0.473401 0.538358 0.017547 0.010276
0 0.546102 0.515683 0.015372 0.013161
0 0.541933 0.518011 0.017906 0.013694
0 0.391604 0.746118 0.017887 0.011802
0 0.387851 0.442167 0.012945 0.012277
0 0.542008 0.546306 0.014944 0.011396
0 0.670225 0.538875 0.014659 0.013946
0 0.406424 0.747537 0.012395 0.011545
0 0.320824 0.838793 0.011787 0.008271
0 0.588483 0.488804 0.014615 0.012552
0 0.131507 0.784151 0.013988 0.010895
0 0.587335 0.664012 0.018658 0.014180
0 0.202008 0.846765 0.016292 0.010948
0 0.435859 0.435557 0.012055 0.010418
0 0.360796 0.629093 0.014046 0.010031
0 0.242204 0.693465 0.018680 0.013265
0 0.636657 0.785232 0.011220 0.009058
0 0.150337 0.699194 0.013000 0.012747
0 0.369965 0.705357 0.014966 0.011916
0 0.239568 0.595868 0.012302 0.010044
0 0.652321 0.823932 0.014860 0.016438
0 0.780776 0.711391 0.014475 0.008101
0 0.658227 0.626447 0.018389 0.011104
0 0.052016 0.595859 0.010325 0.008928
0 0.268347 0.641216 0.014983 0.012220
0 0.220466 0.500409 0.017346 0.010475
0 0.434832 0.757535 0.013384 0.010800
0 0.448670 0.706836 0.015470 0.014730
0 0.619181 0.582740 0.014127 0.009841
0 0.280483 0.430570 0.017164 0.014234
0 0.353194 0.657623 0.018514 0.016062
0 0.387813 0.652211 0.012107 0.008102
0 0.652659 0.493897 0.012386 0.011642
0 0.165958 0.789871 0.014264 0.011604
0 0.144736 0.538384 0.015218 0.011516
0 0.461138 0.309318 0.013971 0.011020
0 0.115621 0.742125 0.012855 0.008792
0 0.439627 0.565583 0.019766 0.014583
0 0.528592 0.884975 0.017493 0.015818
0 0.413176 0.672626 0.014961 0.012396
0 0.179373 0.387296 0.012221 0.009504