0 0.460136 0.871966 0.020830 0.015416
0 0.408584 0.854791 0.025687 0.018393
0 0.298454 0.718552 0.017768 0.013393
0 0.607686 0.780105 0.019683 0.015507
0 0.573248 0.839476 0.021739 0.016443
0 0.439251 0.719554 0.015537 0.011679
0 0.605000 0.613730 0.018207 0.013129
0 0.530252 0.632108 0.015347 0.011223
0 0.565332 0.603326 0.017617 0.013239
0 0.530200 0.572311 0.017619 0.014101
0 0.422007 0.569428 0.017236 0.012496
0 0.737737 0.709238 0.019282 0.014600
0 0.583937 0.730147 0.016373 0.012657
0 0.688197 0.550774 0.019878 0.014610
0 0.395198 0.665151 0.018042 0.013601
0 0.302266 0.756873 0.018551 0.014147
0 0.807848 0.536537 0.024112 0.018076
0 0.253214 0.840590 0.021145 0.014500
0 0.382972 0.440255 0.020059 0.015416
0 0.490792 0.862244 0.019987 0.014520
0 0.160923 0.481061 0.018496 0.014043
0 0.558586 0.552619 0.017429 0.013805
0 0.338120 0.793376 0.020046 0.014758
0 0.552980 0.768402 0.015700 0.011795
0 0.663810 0.614745 0.017393 0.012509
0 0.375672 0.689453 0.013749 0.010547
0 0.553636 0.794008 0.018927 0.015153
0 0.627868 0.516371 0.021981 0.016424
0 0.493757 0.567406 0.018118 0.014057
0 0.585667 0.557240 0.018550 0.014113
0 0.397279 0.715102 0.014428 0.011243
0 0.559636 0.574120 0.016654 0.012446
0 0.500902 0.789238 0.016023 0.011811
0 0.471079 0.278676 0.024670 0.019667
0 0.358876 0.577217 0.017558 0.014092
0 0.418204 0.421295 0.022377 0.018589
0 0.364452 0.657338 0.015946 0.012104
0 0.385022 0.614658 0.018089 0.013605
0 0.647168 0.664672 0.022824 0.016752
1 0.472532 0.678711 0.046832 0.042103
0 0.476583 0.731054 0.018836 0.015531
0 0.257660 0.793907 0.018100 0.013603
0 0.363577 0.520824 0.016401 0.012388
0 0.397404 0.641950 0.017492 0.012823
0 0.650539 0.563082 0.016842 0.012474
0 0.342271 0.482620 0.020247 0.016328
1 0.414011 0.535073 0.043215 0.033764
0 0.602385 0.693597 0.019391 0.015499
0 0.704417 0.686353 0.018205 0.013666
0 0.615626 0.720317 0.015472 0.012020
0 0.771125 0.751045 0.018826 0.013868
0 0.532446 0.499339 0.021960 0.017342
0 0.323389 0.688594 0.015661 0.012843
0 0.524625 0.699370 0.011933 0.009974
0 0.653683 0.706018 0.020237 0.015434
0 0.365684 0.554334 0.016435 0.014055
0 0.275201 0.590007 0.026222 0.017324
0 0.584751 0.701839 0.018276 0.013929
0 0.422587 0.644437 0.015982 0.011862
0 0.129085 0.583075 0.020600 0.015952
0 0.439493 0.756466 0.012614 0.008997
0 0.215950 0.567140 0.019764 0.015332
0 0.624920 0.538846 0.019467 0.017709
0 0.693685 0.724248 0.018694 0.015382
0 0.354179 0.767928 0.019823 0.016525
0 0.296598 0.655835 0.014961 0.011544
0 0.512398 0.860944 0.018841 0.014094
0 0.625851 0.467096 0.025115 0.019767
0 0.789248 0.707712 0.030200 0.021185
0 0.857094 0.475606 0.020647 0.015763
0 0.263424 0.817783 0.020502 0.014006
0 0.500148 0.524095 0.021090 0.017972
0 0.687373 0.584692 0.017678 0.013399
0 0.596436 0.355308 0.053299 0.029128
0 0.186668 0.549694 0.019425 0.015732
0 0.712651 0.558269 0.019747 0.017202
0 0.436115 0.798643 0.019547 0.017084
0 0.493021 0.773819 0.014234 0.012334
0 0.154595 0.606385 0.019867 0.013324
0 0.319255 0.556176 0.026085 0.021907
0 0.468371 0.562440 0.017270 0.014277
0 0.478767 0.900974 0.023855 0.015936
0 0.639184 0.683817 0.013659 0.010263
0 0.628899 0.592947 0.014962 0.012421
0 0.340093 0.702479 0.013634 0.012983
0 0.759377 0.579366 0.031338 0.023441
0 0.563579 0.275072 0.025834 0.017127
0 0.338559 0.656585 0.015279 0.011616
0 0.541794 0.652908 0.012857 0.010476
0 0.498665 0.727816 0.012226 0.009599
0 0.419003 0.761921 0.011966 0.008492
0 0.485467 0.805654 0.019229 0.013914
0 0.559195 0.667325 0.015513 0.012087
0 0.590737 0.699286 0.025656 0.015602
0 0.546810 0.687378 0.013620 0.010795
0 0.516607 0.427143 0.019043 0.015231
0 0.651687 0.352562 0.015338 0.011715
0 0.654147 0.468874 0.017105 0.012278
0 0.075312 0.506115 0.026705 0.022190
0 0.423761 0.826647 0.022883 0.015976
0 0.715495 0.567952 0.017341 0.016340
0 0.240819 0.664482 0.014143 0.012029
0 0.514679 0.843106 0.015410 0.012826
0 0.619052 0.862461 0.019031 0.015375