0 0.254972 0.456991 0.013839 0.011145
0 0.355882 0.490370 0.018167 0.013036
0 0.576318 0.415965 0.020953 0.015915
0 0.421633 0.485848 0.017904 0.015211
0 0.628379 0.465359 0.020353 0.015801
0 0.557681 0.482375 0.019848 0.014751
0 0.828773 0.519356 0.019421 0.011947
0 0.454564 0.641902 0.017289 0.012857
0 0.450041 0.306492 0.015789 0.012871
0 0.679173 0.560490 0.016934 0.011550
0 0.732681 0.516153 0.019912 0.013372
0 0.720364 0.804612 0.020129 0.014216
0 0.226777 0.667684 0.013845 0.011899
0 0.607322 0.569642 0.018415 0.013856
0 0.520711 0.700666 0.019441 0.014736
0 0.547852 0.553638 0.021269 0.012382
0 0.330633 0.649779 0.018598 0.015585
0 0.513047 0.541024 0.018455 0.012434
0 0.639402 0.418482 0.021249 0.013946
0 0.562697 0.535902 0.022051 0.015906
0 0.654236 0.818823 0.021484 0.016423
0 0.582755 0.806220 0.018568 0.011215
0 0.548781 0.715242 0.016868 0.011803
0 0.598645 0.845111 0.019681 0.014770
0 0.726284 0.606215 0.016477 0.011662
0 0.419713 0.830078 0.022754 0.013814
0 0.485385 0.753906 0.019203 0.013354
0 0.490039 0.451179 0.028583 0.019234
0 0.816425 0.779495 0.019906 0.013141
0 0.441815 0.357448 0.014339 0.011032
0 0.495028 0.602926 0.019814 0.014466
0 0.219122 0.546459 0.013702 0.010869
0 0.444308 0.756229 0.018182 0.012326
0 0.619447 0.300933 0.022883 0.016999
0 0.780946 0.754295 0.014947 0.010036
0 0.758697 0.525992 0.019556 0.010888
0 0.322468 0.600573 0.015547 0.011885
0 0.703062 0.489371 0.024708 0.015696
0 0.284568 0.759142 0.013853 0.009490
0 0.461491 0.739003 0.014871 0.010675
0 0.760743 0.625789 0.017929 0.010852
0 0.694360 0.666783 0.015296 0.009994
0 0.811698 0.447293 0.020265 0.012557
0 0.442346 0.387540 0.014786 0.013066
0 0.304071 0.657696 0.015469 0.012057
0 0.244440 0.520100 0.015098 0.010184
0 0.201335 0.671595 0.014874 0.010302
0 0.439479 0.857119 0.016578 0.010878
0 0.842438 0.725126 0.012504 0.009276
0 0.402986 0.779456 0.011728 0.011322
0 0.450028 0.478020 0.016008 0.011559
0 0.771370 0.405199 0.015704 0.011325
0 0.658995 0.663793 0.015591 0.010473
0 0.481808 0.643721 0.016954 0.010314
0 0.753298 0.643560 0.015122 0.009008
0 0.437244 0.592367 0.019992 0.012013
0 0.369164 0.376239 0.030448 0.025326
0 0.502033 0.452337 0.031500 0.016086
0 0.621956 0.645784 0.018035 0.013648
0 0.522528 0.736289 0.017221 0.011315
0 0.426617 0.785898 0.017142 0.013226
0 0.867443 0.633299 0.016883 0.012679
0 0.703739 0.589813 0.014438 0.007705
0 0.511262 0.452288 0.016577 0.012043
1 0.179186 0.562793 0.034429 0.026995
1 0.204225 0.616197 0.034429 0.039906
1 0.161972 0.605047 0.050078 0.059859
1 0.732394 0.552230 0.045383 0.034038
1 0.824726 0.674296 0.039124 0.029343
1 0.767606 0.701878 0.043818 0.044601