0 0.729044 0.480583 0.020625 0.016991
0 0.772567 0.790389 0.023002 0.017830
0 0.424979 0.688798 0.020652 0.016593
0 0.722838 0.799626 0.023279 0.019136
0 0.695889 0.432767 0.022684 0.016886
0 0.412042 0.762415 0.021209 0.015204
0 0.470130 0.418694 0.023955 0.018375
0 0.399292 0.808966 0.024451 0.019012
0 0.769101 0.617492 0.018377 0.013979
0 0.664972 0.838349 0.025374 0.020346
0 0.692295 0.881802 0.020902 0.016361
0 0.360119 0.747045 0.022867 0.018435
0 0.437063 0.370473 0.017362 0.013950
0 0.854089 0.659655 0.021532 0.016800
0 0.482231 0.729577 0.033685 0.022128
0 0.524194 0.419474 0.024782 0.019311
0 0.809139 0.662682 0.017497 0.015312
0 0.559941 0.914056 0.024814 0.017297
0 0.607886 0.593070 0.018890 0.014882
0 0.595911 0.489353 0.021072 0.015285
0 0.235460 0.620825 0.019585 0.015704
0 0.527642 0.501754 0.020866 0.016480
0 0.718970 0.848565 0.018584 0.014391
0 0.487755 0.517448 0.019201 0.016024
0 0.335224 0.535292 0.022774 0.016859
0 0.352167 0.384356 0.017529 0.014788
0 0.838614 0.732304 0.019615 0.014594
0 0.512799 0.478463 0.019334 0.014361
0 0.313759 0.445542 0.026326 0.022258
0 0.292017 0.723653 0.023814 0.016662
1 0.435959 0.602444 0.047573 0.038597
0 0.591312 0.566569 0.018214 0.015159
0 0.376258 0.832818 0.021386 0.016467
0 0.758917 0.568390 0.017136 0.014027
0 0.682627 0.520188 0.017886 0.014755
0 0.680237 0.345194 0.019365 0.015481
1 0.649024 0.714499 0.057867 0.059442
0 0.541915 0.640152 0.015799 0.013630
0 0.273876 0.503508 0.019098 0.015586
0 0.392339 0.738216 0.016379 0.013057
0 0.654983 0.539351 0.032161 0.022320
0 0.910272 0.541538 0.017908 0.013760
0 0.310637 0.594136 0.021439 0.016479
0 0.436063 0.554843 0.020780 0.016200
0 0.381880 0.658093 0.017765 0.014748
0 0.834333 0.750334 0.017972 0.013980
0 0.556992 0.763968 0.021388 0.016606
0 0.761000 0.667832 0.017889 0.014148
0 0.334515 0.633631 0.018936 0.016058
0 0.732079 0.520743 0.017063 0.014393
0 0.663614 0.411312 0.016880 0.013524
0 0.628291 0.899419 0.027227 0.023413
0 0.303075 0.662610 0.018515 0.015309
0 0.324305 0.571844 0.019153 0.015761
0 0.840894 0.553903 0.020106 0.016107
0 0.505369 0.748856 0.030276 0.021626
0 0.767118 0.586832 0.019791 0.015915
0 0.858265 0.528039 0.018900 0.016096
0 0.624696 0.365721 0.015889 0.014044
0 0.790759 0.406426 0.017739 0.014227
0 0.850555 0.506435 0.019460 0.017318
0 0.638745 0.428319 0.018246 0.015019
0 0.519364 0.675340 0.019153 0.016375
0 0.575796 0.868250 0.017637 0.014772