0 0.421235 0.358663 0.014128 0.010534
0 0.476469 0.336743 0.015519 0.012456
0 0.660218 0.495886 0.014650 0.011018
0 0.461197 0.461758 0.015271 0.012915
0 0.693220 0.474548 0.013487 0.010643
0 0.344101 0.533405 0.015235 0.013130
0 0.714865 0.351075 0.014187 0.011283
0 0.809250 0.427949 0.014001 0.011548
0 0.681346 0.756606 0.016641 0.012909
0 0.764320 0.399503 0.015757 0.012316
0 0.436458 0.275533 0.013604 0.011038
0 0.617656 0.276644 0.013513 0.011929
0 0.573046 0.465777 0.017493 0.015401
0 0.273933 0.538865 0.014040 0.010779
0 0.535174 0.491596 0.014123 0.010173
0 0.369422 0.332879 0.015536 0.011234
0 0.557959 0.260356 0.012845 0.011629
0 0.698424 0.377621 0.014046 0.010360
0 0.529534 0.437089 0.014302 0.012685
0 0.732080 0.392348 0.013450 0.010478
0 0.751023 0.593308 0.012843 0.010435
0 0.726538 0.435568 0.013641 0.011345
0 0.795439 0.463061 0.013234 0.009830
0 0.507904 0.713812 0.013826 0.010080
0 0.245182 0.354503 0.013947 0.011029
0 0.857997 0.366048 0.016078 0.012750
0 0.755168 0.379601 0.015603 0.011642
0 0.662391 0.601609 0.014215 0.010863
0 0.664459 0.660739 0.011588 0.009565
0 0.501985 0.310385 0.020893 0.015345
0 0.402610 0.565199 0.014446 0.010813
0 0.581122 0.749219 0.012001 0.009257
0 0.564060 0.514796 0.016497 0.011214
0 0.528946 0.728139 0.011320 0.008876
0 0.697698 0.430032 0.014620 0.011238
0 0.480492 0.702091 0.012332 0.010925
0 0.629441 0.408005 0.017042 0.013533
0 0.710998 0.273172 0.015304 0.014073
0 0.652606 0.769687 0.013900 0.010777
0 0.752201 0.683956 0.012779 0.009314
0 0.792015 0.515621 0.014090 0.010669
0 0.794975 0.368143 0.014626 0.010327
0 0.506848 0.448844 0.014202 0.012712
0 0.442862 0.352621 0.013800 0.011201
0 0.625991 0.526336 0.013399 0.011628
0 0.665560 0.261203 0.013124 0.010424
0 0.488177 0.494729 0.015548 0.012736
0 0.548552 0.401477 0.012755 0.009996
0 0.693850 0.690041 0.010565 0.008874
0 0.859432 0.535824 0.011899 0.009018
0 0.741642 0.739918 0.015110 0.010885
0 0.264915 0.609141 0.010762 0.008976
0 0.618189 0.589475 0.013214 0.010112
0 0.706300 0.743003 0.014064 0.011893
0 0.727240 0.521372 0.012028 0.010510
0 0.656259 0.330609 0.013677 0.011361
0 0.565298 0.437858 0.013427 0.010441
0 0.659372 0.284866 0.012958 0.011598
0 0.692092 0.725151 0.011857 0.008967
0 0.227412 0.391240 0.013498 0.011210
0 0.521079 0.521312 0.013866 0.010395
0 0.638349 0.367771 0.014016 0.009839
0 0.641042 0.549410 0.013508 0.009269
0 0.836499 0.547052 0.013324 0.009926
0 0.592709 0.436957 0.014191 0.011766
0 0.261273 0.327609 0.013937 0.011091
0 0.824366 0.515289 0.013344 0.010852
0 0.361183 0.690800 0.010871 0.008848
0 0.463515 0.278360 0.014056 0.011234
0 0.731649 0.683633 0.013178 0.010785
0 0.558805 0.327432 0.014535 0.012120
0 0.488204 0.573924 0.014948 0.012202
0 0.757403 0.552537 0.011771 0.009163
0 0.645005 0.469861 0.014877 0.011656
0 0.659090 0.518896 0.013416 0.010414
0 0.536595 0.368524 0.014121 0.009675
0 0.247607 0.560367 0.016800 0.011358
0 0.516819 0.402623 0.011499 0.009033
0 0.558459 0.364324 0.013374 0.010456
0 0.672890 0.362822 0.012856 0.009542
0 0.596872 0.241988 0.016004 0.013682
0 0.694289 0.637791 0.011253 0.008612
0 0.811855 0.674673 0.013191 0.010974
0 0.479612 0.431746 0.016026 0.011417
0 0.293314 0.523835 0.012877 0.010289
0 0.677846 0.706395 0.011816 0.009085
0 0.685082 0.560486 0.012225 0.009333
0 0.604609 0.769532 0.015633 0.011952
0 0.784532 0.662644 0.013926 0.010835
0 0.504045 0.353991 0.015282 0.012483
0 0.690736 0.301031 0.013146 0.012572
0 0.413759 0.337889 0.013290 0.010396
0 0.369198 0.714927 0.011248 0.009243
0 0.386478 0.349600 0.011981 0.008971
0 0.349641 0.645863 0.011079 0.009281
0 0.450081 0.322590 0.017236 0.011901
0 0.265291 0.661810 0.017137 0.012668
0 0.548854 0.788577 0.019709 0.015908
0 0.724356 0.369919 0.012559 0.009697
0 0.582286 0.540609 0.013424 0.010154
0 0.842219 0.581784 0.012005 0.009956
0 0.542813 0.341389 0.014886 0.011682
0 0.560474 0.229905 0.013844 0.010607
0 0.644584 0.565814 0.010396 0.008775
0 0.738741 0.713660 0.013686 0.010134
0 0.722044 0.662277 0.010893 0.008151
0 0.288775 0.624188 0.012962 0.010048
0 0.764007 0.573410 0.011905 0.009706
1 0.577037 0.568782 0.041566 0.034557
0 0.590609 0.602824 0.012907 0.009149
0 0.549747 0.290102 0.014865 0.010810
0 0.368323 0.370177 0.015189 0.013317
0 0.668816 0.620091 0.011613 0.008928
0 0.614340 0.391596 0.014523 0.012481
0 0.254253 0.515470 0.012697 0.009552
0 0.897250 0.399143 0.016402 0.014069
0 0.823080 0.561502 0.011309 0.009084
0 0.734610 0.536969 0.013602 0.010063
0 0.853599 0.557978 0.010763 0.007772
0 0.757139 0.349163 0.012475 0.009167
0 0.557908 0.488033 0.014087 0.009562
0 0.602874 0.354639 0.017308 0.014731
0 0.583233 0.390714 0.017798 0.013767
0 0.392554 0.250660 0.016532 0.013954
0 0.598382 0.497003 0.014518 0.010523
0 0.670534 0.397510 0.015671 0.011793
0 0.262046 0.628827 0.012474 0.009484
0 0.795962 0.346952 0.012674 0.009602
0 0.884261 0.578613 0.012553 0.009920
0 0.723494 0.571169 0.014656 0.013019
0 0.522535 0.767648 0.016701 0.013460
0 0.544057 0.312467 0.014375 0.015681
0 0.690885 0.585443 0.013421 0.010029
0 0.558297 0.729802 0.010800 0.008505
0 0.331895 0.409998 0.013882 0.012293
0 0.650585 0.315223 0.013746 0.011048
0 0.605394 0.317131 0.015663 0.011871
0 0.208078 0.361184 0.014582 0.011059
0 0.621181 0.495075 0.015181 0.009913
0 0.452570 0.391007 0.013044 0.010134
0 0.517901 0.467321 0.012920 0.010842
0 0.821314 0.371704 0.014010 0.010615
0 0.484625 0.628241 0.013591 0.010228
0 0.416906 0.538097 0.013501 0.010639
0 0.484917 0.654767 0.012941 0.010938
0 0.714715 0.632274 0.009539 0.007824
0 0.639220 0.741270 0.015788 0.010031
0 0.731264 0.604713 0.010481 0.007946
0 0.862193 0.486975 0.013939 0.011214
0 0.629365 0.661611 0.013057 0.011451
0 0.652464 0.419686 0.015331 0.011791
0 0.642064 0.627340 0.012277 0.012230
0 0.555123 0.597147 0.014500 0.009798
1 0.768906 0.325331 0.048873 0.036746
0 0.509192 0.337257 0.016278 0.013826
0 0.297583 0.648453 0.010579 0.008289
0 0.394246 0.270842 0.011455 0.010238
0 0.377341 0.544366 0.018287 0.017987
0 0.564335 0.705245 0.011569 0.009885
0 0.350807 0.268432 0.013671 0.011468
1 0.573394 0.624266 0.059544 0.034725
0 0.723858 0.726755 0.013354 0.010155
0 0.606478 0.358045 0.016013 0.013640
0 0.856664 0.600410 0.011924 0.009420
0 0.699005 0.657062 0.012329 0.008675
0 0.829982 0.334476 0.018807 0.015403
0 0.827858 0.350380 0.019482 0.011640
0 0.846978 0.437899 0.015678 0.014027
0 0.670574 0.639206 0.011765 0.008008
0 0.536648 0.211259 0.015825 0.010737
0 0.218977 0.564637 0.013557 0.010381
0 0.581871 0.664850 0.011583 0.009917
0 0.680325 0.519007 0.013348 0.013740
0 0.843717 0.377099 0.013775 0.010889
0 0.598666 0.699307 0.013136 0.012608
0 0.502086 0.557703 0.011179 0.008540
0 0.343222 0.717203 0.012453 0.010438
0 0.758211 0.427025 0.014710 0.012945
0 0.636604 0.703050 0.011208 0.008953
0 0.676751 0.431724 0.015188 0.013805
0 0.297755 0.374050 0.013877 0.011232
0 0.641838 0.339403 0.012613 0.009915
0 0.400640 0.299205 0.014872 0.009623
0 0.833644 0.488500 0.011754 0.009195
0 0.248956 0.578508 0.013324 0.009116
0 0.447828 0.620904 0.014661 0.012587
0 0.340952 0.588515 0.014713 0.013324
0 0.372905 0.382326 0.013634 0.010784
0 0.332112 0.279801 0.014610 0.011939
0 0.720494 0.761980 0.015555 0.011652
0 0.638102 0.245237 0.014159 0.015277
0 0.636573 0.254665 0.012889 0.012453
0 0.809944 0.487484 0.014028 0.010040
0 0.790229 0.586521 0.011707 0.010085
0 0.432123 0.322507 0.021045 0.012241
0 0.634734 0.785119 0.014288 0.009949
0 0.173086 0.563579 0.016338 0.013633
0 0.817066 0.391271 0.016184 0.011326
0 0.446417 0.298502 0.014622 0.010425
0 0.623174 0.730050 0.012012 0.008540
0 0.817802 0.541780 0.012345 0.009720
0 0.533491 0.647748 0.015165 0.012852
0 0.561295 0.278679 0.012480 0.010677
1 0.214681 0.504855 0.044847 0.039644
0 0.652293 0.697813 0.011308 0.009922
0 0.341251 0.316035 0.014983 0.013662
0 0.480447 0.286491 0.012198 0.009987
0 0.275121 0.696370 0.017350 0.011163
0 0.272948 0.372990 0.016235 0.015248
0 0.619225 0.539785 0.013216 0.009919
0 0.524900 0.542436 0.015759 0.009540
0 0.820467 0.451566 0.017968 0.011097
0 0.322496 0.670174 0.014892 0.015178
0 0.301862 0.400123 0.015529 0.012570
0 0.177937 0.373509 0.017089 0.015805
0 0.621047 0.313821 0.015812 0.012274
0 0.605746 0.651196 0.011473 0.009481
0 0.166873 0.492807 0.011653 0.010573
0 0.857791 0.419353 0.015093 0.011656
0 0.555916 0.538494 0.014275 0.011695
0 0.596482 0.454546 0.014045 0.009521
0 0.538396 0.459236 0.013179 0.009177
0 0.688942 0.291367 0.014444 0.012995
0 0.512488 0.506331 0.011809 0.009367
0 0.902288 0.419270 0.014215 0.013888
0 0.683268 0.293096 0.018021 0.013210
0 0.908082 0.442085 0.015762 0.014477
0 0.371698 0.376789 0.014321 0.018888
0 0.493068 0.517614 0.012928 0.010608
0 0.599497 0.303379 0.014090 0.011213
0 0.886232 0.432078 0.013398 0.010585
0 0.690455 0.674766 0.010053 0.009474
0 0.662823 0.397269 0.017775 0.013468
1 0.592503 0.795894 0.038647 0.035427
1 0.289766 0.719404 0.051530 0.030596