0 0.201881 0.379828 0.017809 0.017994
0 0.104047 0.896223 0.020430 0.020085
0 0.601448 0.497512 0.016918 0.017892
0 0.555616 0.297646 0.014931 0.015872
0 0.558398 0.382212 0.017662 0.018436
0 0.599818 0.331994 0.016793 0.016550
1 0.290003 0.308198 0.049175 0.048646
0 0.025613 0.378152 0.017835 0.017174
0 0.262547 0.516865 0.014639 0.015237
0 0.605023 0.713152 0.015969 0.016550
1 0.126326 0.182668 0.070634 0.073943
0 0.258426 0.448334 0.018398 0.018290
0 0.544199 0.590331 0.015220 0.016719
0 0.661740 0.541557 0.016358 0.016675
0 0.199497 0.555935 0.019803 0.018811
0 0.592501 0.378822 0.016614 0.017920
0 0.574720 0.218034 0.016729 0.016404
0 0.292662 0.392749 0.015216 0.016652
0 0.437984 0.078127 0.013255 0.014309
0 0.559828 0.199873 0.015411 0.016959
0 0.686973 0.261092 0.014099 0.015750
0 0.281096 0.426218 0.014579 0.015858
0 0.164599 0.834050 0.016980 0.017779
1 0.550285 0.735034 0.052755 0.047751
0 0.226891 0.515340 0.015650 0.014842
0 0.662401 0.447572 0.016782 0.017353
0 0.081027 0.306291 0.016874 0.017957
0 0.258645 0.068097 0.016601 0.017578
0 0.343920 0.765210 0.016777 0.017920
0 0.179354 0.140901 0.016362 0.017233
0 0.743017 0.445927 0.016687 0.015551
1 0.553523 0.759508 0.087049 0.121731
0 0.410272 0.669944 0.016555 0.018232
0 0.759228 0.301756 0.018562 0.018667
0 0.429083 0.687211 0.016196 0.016831
0 0.208377 0.285238 0.014966 0.015991
0 0.492153 0.192660 0.017081 0.018581
0 0.013255 0.456998 0.015685 0.016231
0 0.245998 0.498760 0.018070 0.017927
0 0.581775 0.412486 0.018424 0.017764
1 0.571902 0.779951 0.048111 0.051220
0 0.513392 0.218129 0.017230 0.018466
0 0.042463 0.584466 0.019096 0.019763
0 0.272892 0.235908 0.015792 0.016640
0 0.444578 0.100898 0.014100 0.016181
0 0.542818 0.872871 0.016862 0.018130
0 0.119277 0.242352 0.013742 0.014984
0 0.527461 0.101747 0.014315 0.014728
0 0.384109 0.226419 0.016921 0.020172
1 0.468630 0.701132 0.037159 0.038562
0 0.211104 0.239946 0.018209 0.018623
0 0.392455 0.593004 0.015838 0.015681
0 0.677090 0.452628 0.018956 0.019258
0 0.470287 0.250208 0.016867 0.018341
0 0.237290 0.259136 0.014941 0.015638
0 0.555360 0.528858 0.013741 0.014679
0 0.603260 0.564555 0.019584 0.022498
0 0.069776 0.138516 0.014880 0.017106
0 0.485096 0.625978 0.016303 0.018602
0 0.508778 0.521115 0.014365 0.017164
0 0.462263 0.042032 0.021141 0.021501
0 0.525608 0.334935 0.014705 0.015680
0 0.623592 0.210263 0.018383 0.021287
0 0.785058 0.549970 0.016789 0.016536
0 0.368360 0.218510 0.022721 0.018539
0 0.810597 0.491538 0.014893 0.015602
0 0.668811 0.450142 0.023779 0.020826
0 0.010174 0.635593 0.017066 0.018523
0 0.641434 0.350847 0.014427 0.015836
0 0.710832 0.701683 0.012603 0.013552
0 0.047270 0.218224 0.026804 0.026352
0 0.266692 0.174180 0.017524 0.016724