0 0.292951 0.569955 0.020373 0.015934
0 0.356671 0.737262 0.022097 0.017262
0 0.518877 0.653750 0.021197 0.016060
0 0.255289 0.610529 0.023341 0.017975
0 0.591953 0.662364 0.022969 0.018289
0 0.508584 0.625986 0.020236 0.015791
0 0.688056 0.673210 0.021827 0.017097
0 0.075325 0.662522 0.022599 0.017286
0 0.436208 0.590707 0.020447 0.015801
0 0.460921 0.770304 0.019227 0.015177
0 0.390243 0.677287 0.021020 0.016412
0 0.244019 0.795884 0.026318 0.019016
0 0.560047 0.677972 0.019494 0.015184
0 0.561480 0.523704 0.024073 0.017304
0 0.670522 0.635386 0.020051 0.015344
0 0.526288 0.473887 0.017345 0.014199
0 0.606376 0.564671 0.027942 0.018579
0 0.555839 0.606828 0.018292 0.014461
0 0.281413 0.675131 0.020626 0.016382
0 0.622347 0.691957 0.019425 0.015513
0 0.399855 0.700536 0.020122 0.015389
0 0.306331 0.831817 0.021112 0.016627
0 0.529392 0.727674 0.019446 0.014990
0 0.553242 0.833714 0.022115 0.017316
0 0.501615 0.739878 0.018517 0.015464
0 0.474495 0.516358 0.020373 0.016851
0 0.481367 0.706583 0.018330 0.014760
0 0.398983 0.413142 0.019905 0.016529
0 0.408791 0.795164 0.018437 0.015314
0 0.725987 0.664097 0.019049 0.014237
0 0.319452 0.539359 0.019877 0.016466
0 0.582174 0.471291 0.021244 0.016135
0 0.032300 0.618945 0.021192 0.016703
0 0.308648 0.664074 0.018040 0.014853
0 0.124201 0.719455 0.021357 0.016329
0 0.302304 0.903931 0.028275 0.021236
0 0.127709 0.761310 0.020241 0.018694
0 0.647724 0.800221 0.018007 0.013948
0 0.049985 0.758194 0.017640 0.013794
0 0.166637 0.868925 0.019279 0.015707
0 0.610116 0.631204 0.017439 0.015072