0 0.476473 0.470275 0.015286 0.011558
0 0.494470 0.645759 0.013953 0.010527
0 0.464045 0.568157 0.013403 0.009866
0 0.601565 0.477044 0.015870 0.012056
0 0.511695 0.229878 0.016667 0.013601
1 0.243146 0.565309 0.054188 0.051222
0 0.735578 0.521533 0.014731 0.011582
0 0.464305 0.264021 0.015678 0.011774
1 0.396972 0.416123 0.128494 0.095395
0 0.308557 0.382830 0.014956 0.011928
0 0.805859 0.440175 0.014387 0.010987
0 0.399916 0.347090 0.013646 0.010335
0 0.277064 0.316968 0.017625 0.013704
0 0.420332 0.369475 0.016654 0.011916
0 0.400013 0.582627 0.011897 0.009229
1 0.971711 0.556119 0.052069 0.040849
0 0.685741 0.258266 0.017981 0.014383
0 0.763245 0.466406 0.013840 0.010758
0 0.736020 0.434879 0.015284 0.012385
1 0.643017 0.660456 0.045579 0.038776
0 0.612588 0.362256 0.018638 0.015054
1 0.218479 0.484905 0.050760 0.040454
0 0.476439 0.242185 0.014183 0.011611
1 0.696427 0.507989 0.054105 0.039328
1 0.375556 0.663076 0.051692 0.039639
0 0.731566 0.364642 0.017338 0.013438
1 0.494160 0.294964 0.053316 0.042189
0 0.533127 0.615071 0.013403 0.010617
0 0.519354 0.316537 0.013856 0.010217
0 0.487954 0.372700 0.013856 0.010453
0 0.824425 0.300988 0.016962 0.013924
0 0.540091 0.200739 0.017570 0.014428
0 0.790645 0.300299 0.015319 0.012058
1 0.288836 0.436917 0.053256 0.035332
0 0.945189 0.472853 0.017063 0.012371
0 0.567317 0.170308 0.015836 0.014160
0 0.782581 0.342301 0.016338 0.012764
0 0.564129 0.440917 0.020832 0.014581
0 0.494962 0.176625 0.019840 0.015215
0 0.617861 0.159705 0.017724 0.013708
1 0.942506 0.438947 0.044791 0.034758
0 0.703156 0.698821 0.013689 0.010186
0 0.548984 0.408837 0.018310 0.014655
0 0.898861 0.387370 0.016040 0.012053
0 0.798179 0.384550 0.015464 0.012503
0 0.619377 0.188628 0.014458 0.012668
0 0.424528 0.332450 0.015008 0.012574
1 0.507195 0.392792 0.061964 0.036951
0 0.568191 0.584178 0.014199 0.010553
1 0.410874 0.291548 0.074316 0.039128
0 0.496471 0.600958 0.013217 0.010172
0 0.562579 0.276312 0.014162 0.011192
0 0.411361 0.213338 0.014901 0.012349
0 0.642918 0.337985 0.017047 0.016020
0 0.540638 0.693731 0.014126 0.011059
0 0.597471 0.645571 0.015878 0.012006
0 0.625543 0.561886 0.015081 0.011405
0 0.657983 0.456041 0.015350 0.011795
0 0.448964 0.322860 0.012156 0.011131
0 0.923849 0.483743 0.017519 0.013811
0 0.306554 0.279596 0.017950 0.013744
0 0.379662 0.264043 0.015341 0.011522
0 0.574782 0.400862 0.020692 0.013290
0 0.839127 0.660828 0.015136 0.011088
0 0.604564 0.387832 0.016203 0.012361
0 0.659766 0.400225 0.019214 0.015262
0 0.807327 0.399496 0.014208 0.010235
1 0.533637 0.502330 0.041345 0.032415
1 0.481404 0.331407 0.043581 0.037214
1 0.418078 0.494178 0.044599 0.030333
0 0.369345 0.576343 0.012457 0.011491
0 0.847333 0.420773 0.017448 0.012461
0 0.740719 0.559869 0.014774 0.010982
0 0.326500 0.332812 0.012524 0.009437
0 0.339618 0.502011 0.011816 0.009176
0 0.250367 0.348442 0.015543 0.012004
0 0.866605 0.230975 0.019707 0.015803
0 0.786278 0.263363 0.015871 0.011849
0 0.448776 0.514599 0.016627 0.012821
0 0.823970 0.511572 0.014641 0.011640
0 0.381215 0.319505 0.015446 0.012803
0 0.866094 0.659376 0.015130 0.011465
0 0.296274 0.336540 0.013164 0.009870
0 0.466116 0.692126 0.012019 0.009328
0 0.417380 0.641414 0.011633 0.009406
0 0.631423 0.614978 0.014398 0.011107
0 0.548635 0.325380 0.017365 0.011936
0 0.485178 0.703156 0.015094 0.010468
0 0.370339 0.565665 0.012630 0.010760
1 0.638687 0.509036 0.060845 0.044352
0 0.273780 0.376013 0.011005 0.008412
0 0.873412 0.566697 0.012352 0.009844
0 0.926103 0.288002 0.018601 0.015216
0 0.773869 0.206933 0.014776 0.012303
0 0.296270 0.553521 0.011972 0.009108
0 0.885620 0.545448 0.016914 0.012560
0 0.925316 0.339979 0.018297 0.014735
0 0.753835 0.288317 0.023251 0.013113
0 0.734938 0.316182 0.017553 0.013534
0 0.353705 0.534402 0.013837 0.010124
0 0.368424 0.237694 0.015562 0.013497
0 0.902236 0.365040 0.018375 0.012429
1 0.626756 0.713766 0.050904 0.034424
0 0.406375 0.677568 0.012738 0.009696
0 0.235037 0.389936 0.017651 0.013937
0 0.774907 0.244188 0.015639 0.013796
0 0.851460 0.619848 0.012737 0.010519
0 0.297760 0.587756 0.011068 0.008833
0 0.408147 0.615389 0.012409 0.010349
0 0.706103 0.479190 0.015648 0.011715
0 0.686222 0.453408 0.016972 0.012644
0 0.700389 0.328629 0.016889 0.013087
0 0.471566 0.633516 0.012353 0.011222
0 0.750654 0.254475 0.016902 0.012576
0 0.663065 0.367677 0.020680 0.013904
0 0.780080 0.500758 0.012928 0.009625
0 0.920497 0.569267 0.012113 0.009232
0 0.802548 0.481433 0.016220 0.012906
0 0.770028 0.355586 0.016314 0.011429
0 0.511494 0.579730 0.010925 0.008489
0 0.382855 0.514297 0.014930 0.019117
0 0.469387 0.598451 0.013771 0.011695
0 0.819766 0.423173 0.014189 0.010229
0 0.743710 0.182531 0.029547 0.018576
0 0.382272 0.606445 0.011587 0.009517
0 0.599324 0.406229 0.016791 0.013396
0 0.410564 0.263822 0.013212 0.010865
0 0.867406 0.348717 0.014943 0.012083
0 0.609235 0.280776 0.014376 0.011754
0 0.462898 0.425080 0.013198 0.011588
0 0.316587 0.415117 0.012871 0.009788
0 0.251561 0.518449 0.010736 0.008719
0 0.748566 0.632063 0.012282 0.010925
0 0.482784 0.559365 0.011383 0.009557
0 0.679808 0.542009 0.012758 0.009858
0 0.851466 0.581782 0.021745 0.013933
0 0.840231 0.384617 0.014108 0.011305
0 0.872424 0.413833 0.014675 0.010565
0 0.316761 0.251204 0.015430 0.014073
0 0.804805 0.605238 0.013628 0.010894
0 0.449582 0.204405 0.020013 0.015411
0 0.829731 0.491962 0.012817 0.010366
0 0.799048 0.462736 0.014925 0.010733
0 0.508856 0.433358 0.012930 0.010064
0 0.412231 0.566420 0.013241 0.010387
0 0.765650 0.663165 0.018913 0.013105
0 0.276345 0.408272 0.011875 0.008703
0 0.848492 0.555140 0.012878 0.010076
0 0.769643 0.629396 0.012048 0.008926