0 0.678474 0.846821 0.012499 0.010226
0 0.528504 0.461009 0.017627 0.013223
0 0.542757 0.487153 0.015235 0.012660
0 0.394603 0.616570 0.016413 0.013409
0 0.544467 0.903181 0.020450 0.015742
0 0.475588 0.700814 0.014418 0.011883
0 0.440714 0.413608 0.014346 0.011952
0 0.432067 0.583838 0.017255 0.013645
0 0.574311 0.402009 0.013380 0.011227
0 0.752897 0.450956 0.014832 0.011727
0 0.283331 0.653890 0.015218 0.012408
0 0.190773 0.611706 0.018412 0.013640
0 0.473526 0.907677 0.018124 0.013959
0 0.363495 0.553215 0.014813 0.011911
0 0.535258 0.421284 0.014952 0.012236
0 0.631922 0.433304 0.015342 0.012727
0 0.512123 0.671932 0.018884 0.013705
0 0.420317 0.678269 0.017907 0.011623
0 0.648961 0.865568 0.013304 0.010520
0 0.743319 0.821017 0.016095 0.012239
0 0.728843 0.839824 0.013821 0.010167
0 0.597587 0.431838 0.014176 0.011486
0 0.542149 0.531237 0.016625 0.011616
0 0.526369 0.746158 0.013762 0.012149
0 0.676298 0.750626 0.014615 0.010025
0 0.575443 0.740150 0.013091 0.009693
0 0.691791 0.467563 0.015851 0.012683
0 0.426254 0.826746 0.013208 0.010664
0 0.449752 0.843005 0.014648 0.010566
0 0.339892 0.768649 0.021298 0.016688
0 0.642529 0.777136 0.012857 0.010766
0 0.721217 0.515026 0.012641 0.010709
0 0.467928 0.366340 0.015284 0.012263
0 0.352776 0.519873 0.016388 0.014705
0 0.654358 0.683663 0.012730 0.009979
0 0.632803 0.597507 0.014134 0.010825
0 0.368821 0.702184 0.015528 0.011862
0 0.334753 0.419832 0.016689 0.014222
0 0.642556 0.755734 0.010969 0.009834
0 0.449349 0.384045 0.016691 0.013294
0 0.247744 0.424277 0.018791 0.016131
0 0.664651 0.487025 0.021488 0.015016
0 0.688726 0.434333 0.014227 0.012009
0 0.664465 0.444520 0.014458 0.011698
0 0.746324 0.630571 0.012488 0.010041
0 0.441177 0.727666 0.017145 0.013815
0 0.677654 0.598855 0.016441 0.012579
0 0.636869 0.460689 0.014871 0.012857
0 0.761390 0.415095 0.016105 0.012610
0 0.520612 0.510482 0.016320 0.012794
0 0.274423 0.410888 0.016832 0.014295
0 0.152895 0.565949 0.022806 0.017820
0 0.342152 0.793111 0.017993 0.013579
0 0.662243 0.730639 0.010700 0.008666
0 0.692132 0.820825 0.013225 0.010027
0 0.599056 0.698080 0.013756 0.010575
0 0.784753 0.602843 0.013987 0.011315
0 0.552391 0.750871 0.013123 0.010542
0 0.865016 0.655170 0.013285 0.010244
0 0.675258 0.574887 0.014456 0.010854
0 0.605728 0.913167 0.019766 0.014359
0 0.581444 0.482641 0.017122 0.013980
0 0.616252 0.784359 0.010571 0.009208
0 0.659803 0.899472 0.016285 0.012273
0 0.424902 0.613901 0.015760 0.013202
0 0.789959 0.712138 0.013237 0.010795
0 0.596153 0.615148 0.014680 0.011852
0 0.650062 0.665619 0.013488 0.010310
0 0.638001 0.897972 0.016532 0.012348
0 0.518004 0.796407 0.011238 0.010825
0 0.619801 0.892443 0.015329 0.010862
0 0.457708 0.817242 0.013082 0.010628
0 0.550064 0.504781 0.012983 0.010351
0 0.507601 0.376778 0.015062 0.013279
0 0.668544 0.701165 0.014059 0.010258
0 0.604100 0.638541 0.014311 0.010603
0 0.424749 0.870039 0.018537 0.014393
0 0.618826 0.845169 0.011461 0.009697
0 0.625340 0.349908 0.016408 0.012681
0 0.684929 0.623366 0.013710 0.010515
0 0.631218 0.518342 0.017408 0.011831
0 0.186206 0.498612 0.019085 0.014828
0 0.484744 0.665611 0.014078 0.011968
0 0.842847 0.691672 0.015384 0.012891
0 0.592531 0.552156 0.012488 0.010795
0 0.649805 0.829848 0.010527 0.008627
0 0.590572 0.588839 0.015645 0.012379
0 0.615375 0.655162 0.014981 0.011884
0 0.604340 0.749342 0.012872 0.009786
0 0.718557 0.421921 0.016393 0.012728
0 0.617842 0.385956 0.013567 0.012518
0 0.413546 0.547115 0.017630 0.013782
0 0.218756 0.460059 0.018292 0.015308
0 0.507913 0.542688 0.019228 0.011997
0 0.630166 0.829256 0.011291 0.008988
0 0.776757 0.552686 0.013516 0.010655
0 0.577951 0.878346 0.011698 0.008632
0 0.514479 0.440068 0.012453 0.009835
0 0.301180 0.591394 0.016813 0.012880
0 0.382421 0.650112 0.017272 0.012789
0 0.616096 0.615737 0.013097 0.010445
0 0.731551 0.451476 0.013343 0.010900
0 0.754039 0.566626 0.011863 0.009439
0 0.724657 0.672286 0.017232 0.015175
0 0.438988 0.430964 0.016346 0.012315
0 0.558684 0.450629 0.013484 0.010467
0 0.500440 0.735448 0.013559 0.009450
0 0.570774 0.708941 0.013335 0.011573
0 0.746876 0.865592 0.013017 0.009417
0 0.493194 0.880355 0.014177 0.011038
0 0.431596 0.498790 0.013881 0.011602
0 0.481880 0.476115 0.015275 0.013935
0 0.411292 0.401998 0.013374 0.012636
0 0.645132 0.621994 0.013146 0.011009
0 0.487193 0.517228 0.015201 0.011947
0 0.342325 0.608473 0.016869 0.019450
0 0.650837 0.646148 0.016585 0.009851
0 0.673877 0.784106 0.013660 0.011096
0 0.540571 0.785605 0.010233 0.009044
0 0.359723 0.724687 0.014505 0.013298
0 0.689349 0.507151 0.017810 0.012077
0 0.629385 0.672176 0.012102 0.009400
0 0.537982 0.731275 0.012867 0.009231
0 0.626206 0.520249 0.017346 0.012549
0 0.651143 0.846863 0.010687 0.008253
0 0.671933 0.878332 0.013246 0.009997
0 0.763093 0.753362 0.011769 0.009820
0 0.388561 0.437675 0.019472 0.019212
0 0.543701 0.365861 0.012718 0.010858
0 0.431151 0.458128 0.016127 0.011758
0 0.474822 0.732362 0.013068 0.010779
0 0.711792 0.867914 0.014607 0.011368
0 0.425740 0.633057 0.018658 0.012657
0 0.799874 0.486210 0.013161 0.009807
0 0.644596 0.567940 0.014789 0.010752
0 0.600079 0.802788 0.012621 0.010087
0 0.384290 0.517508 0.015987 0.014237
0 0.304103 0.413649 0.017023 0.014302
0 0.449520 0.435923 0.015308 0.011360
0 0.440852 0.882965 0.013248 0.011385
0 0.657153 0.372883 0.016171 0.015085
0 0.616134 0.869852 0.013992 0.010369
0 0.531630 0.345455 0.016793 0.012521
0 0.817552 0.677560 0.014910 0.011263
0 0.561715 0.727270 0.012490 0.009158
0 0.446930 0.468700 0.015515 0.009284
0 0.597400 0.571555 0.013956 0.010949
0 0.527594 0.713743 0.013701 0.011485
0 0.650078 0.811107 0.012092 0.009510
0 0.533585 0.707712 0.013253 0.010655
0 0.655809 0.406410 0.016217 0.014083
0 0.471551 0.879394 0.015214 0.011083
0 0.623122 0.799722 0.010499 0.008425
0 0.166296 0.531606 0.019612 0.016869
0 0.584915 0.728859 0.012303 0.009313
0 0.461051 0.920077 0.018815 0.014053
0 0.636867 0.717269 0.010875 0.011050
0 0.368083 0.781217 0.013881 0.010913
0 0.825405 0.477109 0.013945 0.011651
0 0.704093 0.737090 0.013519 0.012587
0 0.357290 0.676752 0.012510 0.010605
0 0.521637 0.402597 0.013460 0.010162
0 0.600717 0.501156 0.014406 0.010968
0 0.685917 0.881621 0.014416 0.010592
0 0.593986 0.531281 0.012271 0.010313
0 0.453740 0.665909 0.012885 0.011703
0 0.689314 0.553279 0.015025 0.011826
0 0.454774 0.681633 0.012823 0.008818
0 0.596855 0.392025 0.013142 0.010653
0 0.552132 0.387171 0.013359 0.011409
0 0.751668 0.595671 0.013421 0.013432
0 0.601130 0.831601 0.011469 0.009208
0 0.460008 0.801898 0.009814 0.003380
0 0.537851 0.804979 0.010122 0.008254
0 0.463007 0.504200 0.018475 0.014145
0 0.446058 0.703562 0.012315 0.010025
0 0.567110 0.353644 0.012859 0.012636
0 0.780351 0.472360 0.014472 0.012560
0 0.715924 0.812748 0.012961 0.010607
0 0.338380 0.389413 0.016252 0.012716
0 0.785223 0.572918 0.013233 0.009795
0 0.460036 0.890633 0.012957 0.009438
0 0.591227 0.849649 0.012319 0.008568
0 0.612846 0.567172 0.014170 0.011431
0 0.550243 0.847710 0.009613 0.008001
0 0.385197 0.524680 0.013021 0.012823
0 0.698966 0.381790 0.014723 0.012088
0 0.629317 0.704230 0.011836 0.011216
0 0.494103 0.861310 0.015619 0.010060
0 0.191202 0.542865 0.015801 0.018022
0 0.546599 0.368403 0.014894 0.011038
0 0.709436 0.535586 0.011174 0.009589
0 0.425032 0.382801 0.013630 0.010577
0 0.822007 0.548000 0.015957 0.011721
0 0.486037 0.758844 0.014231 0.010951
0 0.268750 0.607521 0.014326 0.012227
0 0.723630 0.598879 0.014441 0.010542
0 0.435125 0.534694 0.014404 0.013793
0 0.453701 0.770278 0.008402 0.007351