0 0.309074 0.497102 0.017110 0.014246
0 0.682532 0.621353 0.015686 0.012449
0 0.500894 0.671628 0.015211 0.012157
0 0.635055 0.623316 0.015804 0.012252
0 0.469641 0.489262 0.016189 0.012539
0 0.532474 0.697894 0.015499 0.013382
1 0.438444 0.668136 0.043377 0.043302
0 0.257038 0.550452 0.014007 0.010527
0 0.201793 0.586823 0.016607 0.013571
0 0.681488 0.388790 0.016723 0.013137
0 0.520584 0.486235 0.014252 0.011111
0 0.376134 0.448266 0.018032 0.012714
0 0.493237 0.302109 0.016401 0.013703
0 0.386111 0.417708 0.016840 0.014025
0 0.352603 0.689116 0.013853 0.010526
0 0.490418 0.522557 0.015477 0.011698
0 0.627714 0.860709 0.020706 0.014262
0 0.348188 0.625571 0.016940 0.014299
0 0.350864 0.435849 0.016672 0.012753
0 0.296185 0.436953 0.014370 0.012137
0 0.532012 0.863209 0.020599 0.015404
1 0.826210 0.605779 0.043707 0.033002
0 0.788183 0.493956 0.016288 0.013718
0 0.852753 0.577431 0.015509 0.011758
0 0.604885 0.840169 0.017952 0.014050
0 0.617101 0.554017 0.015922 0.012387
0 0.710569 0.518525 0.014160 0.010706
0 0.460418 0.547196 0.014104 0.013286
0 0.470803 0.598813 0.013877 0.011492
0 0.395691 0.560311 0.014162 0.011571
0 0.684824 0.516645 0.015692 0.013302
0 0.884116 0.561164 0.014069 0.011692
0 0.290565 0.804164 0.015400 0.012317
0 0.458533 0.311245 0.014797 0.014301
0 0.647625 0.502469 0.016509 0.013377
0 0.454007 0.621222 0.016546 0.015891
0 0.574711 0.575965 0.014012 0.012011
0 0.597743 0.599712 0.016290 0.012830
0 0.669914 0.661880 0.013618 0.010754
0 0.467852 0.703654 0.013202 0.010665
0 0.547760 0.651365 0.013260 0.010584
0 0.535344 0.632018 0.014969 0.014469
0 0.756949 0.494921 0.014735 0.011546
0 0.595319 0.368234 0.015279 0.013983
0 0.572571 0.685020 0.012376 0.009413
0 0.843569 0.476671 0.016086 0.011713
0 0.917258 0.602646 0.015183 0.012160
0 0.818696 0.724640 0.014940 0.012489
0 0.821430 0.391415 0.017383 0.013915
0 0.546193 0.343632 0.016505 0.011989
0 0.605248 0.503968 0.015613 0.011779
0 0.255606 0.441282 0.012744 0.010520
0 0.830841 0.459452 0.013464 0.009929
0 0.786768 0.533452 0.011798 0.009420
0 0.391048 0.373151 0.015857 0.012486
0 0.612959 0.597103 0.014463 0.011033
0 0.871102 0.510722 0.013252 0.010015
0 0.671631 0.699485 0.013237 0.009907
0 0.709741 0.579426 0.016188 0.012500
0 0.696550 0.675878 0.012706 0.010286
0 0.636043 0.448702 0.013840 0.012137
0 0.304214 0.384489 0.012513 0.009960
0 0.780722 0.559740 0.014250 0.010663
0 0.811502 0.581060 0.011531 0.009386
0 0.347222 0.804286 0.017338 0.012297
0 0.743466 0.478169 0.015527 0.012906
0 0.640906 0.695433 0.013827 0.011119
0 0.391631 0.813308 0.019610 0.013969
0 0.740742 0.583792 0.013627 0.017511
0 0.833875 0.442134 0.013172 0.010488
0 0.709702 0.545124 0.018063 0.013873
0 0.589800 0.286741 0.015588 0.012249
0 0.605797 0.391061 0.018061 0.014325
0 0.360556 0.577383 0.015220 0.012363
1 0.409573 0.519084 0.035413 0.028711
1 0.408918 0.347225 0.033755 0.026559
0 0.653553 0.334498 0.013703 0.012733
0 0.851934 0.411863 0.015878 0.014323
0 0.600197 0.679859 0.014948 0.011948
0 0.421766 0.560254 0.013727 0.011043
0 0.536884 0.640137 0.014371 0.012352
0 0.248699 0.389643 0.015708 0.013774
0 0.230416 0.543679 0.016097 0.011895
0 0.492660 0.869994 0.020373 0.015214
0 0.474539 0.638164 0.013334 0.010023
0 0.593972 0.714104 0.012917 0.010976
0 0.705252 0.481819 0.015817 0.013640
0 0.483198 0.716295 0.013901 0.011705
0 0.837706 0.563668 0.013097 0.010552
0 0.928806 0.580828 0.015147 0.011036
0 0.416469 0.586006 0.017911 0.015457
0 0.156712 0.498737 0.013558 0.012119
0 0.328788 0.363504 0.015218 0.012720
0 0.783031 0.358979 0.016574 0.012628