0 0.352176 0.492080 0.010932 0.015042
0 0.448989 0.928476 0.012855 0.018076
0 0.336529 0.611704 0.010768 0.014618
0 0.311134 0.705809 0.015878 0.021375
0 0.331085 0.501876 0.012497 0.016813
0 0.209169 0.596672 0.012644 0.017559
0 0.355982 0.569490 0.010335 0.014039
0 0.329079 0.455019 0.011155 0.015299
0 0.394347 0.770015 0.011159 0.016284
0 0.607276 0.737732 0.012056 0.017155
0 0.365629 0.610990 0.011273 0.015603
0 0.545618 0.732372 0.011354 0.014905
0 0.609094 0.831958 0.013868 0.020136
0 0.592913 0.582000 0.011929 0.016334
0 0.522831 0.642846 0.014798 0.019576
0 0.498976 0.974886 0.013303 0.018542
0 0.533327 0.504552 0.011259 0.015428
0 0.406585 0.895406 0.016714 0.020851
0 0.667210 0.576229 0.011362 0.015003
0 0.377566 0.428470 0.014557 0.019633
0 0.258847 0.664404 0.013874 0.018626
0 0.536740 0.622624 0.014422 0.016997
0 0.321724 0.586766 0.012062 0.018468
0 0.364882 0.530298 0.013034 0.017508
0 0.519558 0.441758 0.013687 0.018025
0 0.635122 0.444902 0.017178 0.023402
0 0.511249 0.530730 0.013151 0.019360
0 0.586395 0.770255 0.011872 0.016880
0 0.367754 0.344851 0.009071 0.013164
0 0.373949 0.921576 0.014124 0.018952
0 0.438353 0.363062 0.011772 0.016924
0 0.325768 0.407952 0.013312 0.017454
0 0.635896 0.851300 0.011967 0.016225
0 0.277848 0.664126 0.014570 0.019063
0 0.345173 0.761109 0.011158 0.016220
0 0.607179 0.624713 0.013864 0.019668
0 0.548098 0.773443 0.015354 0.023910
0 0.241582 0.558502 0.012653 0.016676
0 0.412121 0.710978 0.015228 0.021483
0 0.684938 0.538241 0.014483 0.020056
0 0.231916 0.584354 0.013233 0.015599
1 0.157511 0.745620 0.043591 0.057067
0 0.481522 0.439706 0.015618 0.022043
0 0.294636 0.583293 0.011107 0.017711
0 0.453832 0.789949 0.012345 0.015335
0 0.476233 0.771733 0.013368 0.018288
0 0.375576 0.545458 0.011282 0.014002
0 0.383598 0.984903 0.014401 0.021124
0 0.441626 0.677618 0.011212 0.015054
0 0.489105 0.503030 0.011044 0.016006
0 0.525529 0.573048 0.011523 0.015514
0 0.382999 0.826289 0.011733 0.015570
0 0.463560 0.994421 0.011381 0.011158
0 0.609933 0.511184 0.016323 0.021246
0 0.245042 0.515668 0.011278 0.014848
0 0.475186 0.740174 0.012131 0.017184
0 0.453254 0.304613 0.010667 0.015559
0 0.684242 0.611953 0.017239 0.021659
0 0.413193 0.286114 0.009597 0.013087
0 0.582231 0.963304 0.014665 0.023381
0 0.278393 0.542630 0.008955 0.011773
0 0.344105 0.672310 0.011113 0.015805
0 0.661587 0.479056 0.013263 0.018202
0 0.519511 0.992805 0.012599 0.014390
0 0.398049 0.381176 0.010458 0.016284
0 0.346415 0.394678 0.010879 0.014586
0 0.561643 0.709026 0.012807 0.019480
0 0.221835 0.914508 0.014264 0.019280
0 0.387189 0.483742 0.011714 0.016716
0 0.295003 0.617138 0.010152 0.013455
0 0.333553 0.383257 0.012998 0.017267
0 0.261336 0.582204 0.008996 0.011888
0 0.581222 0.911685 0.014654 0.018690
0 0.435940 0.849029 0.011004 0.015669
0 0.326270 0.538331 0.010107 0.013952
0 0.305711 0.542160 0.009587 0.012574
0 0.230335 0.512612 0.010205 0.013778
0 0.325792 0.560571 0.008914 0.012542
0 0.366597 0.317955 0.009113 0.012619
0 0.184179 0.534858 0.012905 0.015212
0 0.548659 0.971763 0.013646 0.019144
1 0.348815 0.827477 0.033675 0.046531
0 0.544109 0.591601 0.012544 0.015527
0 0.412753 0.965649 0.013585 0.020896
0 0.414554 0.378199 0.012823 0.017616
0 0.409253 0.402153 0.015194 0.016969
0 0.529546 0.527097 0.011767 0.014967
0 0.267429 0.477257 0.010821 0.014804
0 0.580188 0.534554 0.010947 0.016513
0 0.374583 0.631257 0.009954 0.013652
0 0.477752 0.707595 0.015523 0.017459
0 0.488639 0.785634 0.012923 0.020175
0 0.604791 0.922596 0.013179 0.020686
0 0.439543 0.705045 0.011927 0.015395
0 0.626439 0.481364 0.011381 0.017337
0 0.238244 0.622984 0.012205 0.016362
0 0.473947 0.876855 0.012447 0.017526
0 0.560246 0.460966 0.012355 0.016314
0 0.433593 0.322857 0.010191 0.014675
0 0.243211 0.375776 0.012200 0.018153
0 0.253976 0.420829 0.011973 0.014816
0 0.264416 0.424013 0.011726 0.013979
0 0.589861 0.887413 0.012909 0.015707
0 0.586806 0.546857 0.012754 0.018972
0 0.545865 0.358068 0.010216 0.015127
0 0.240688 0.643734 0.011555 0.015558
0 0.211832 0.478098 0.014162 0.019789
0 0.238041 0.910967 0.012389 0.015610
0 0.226526 0.869679 0.015135 0.019213
0 0.455834 0.864335 0.011653 0.016386
0 0.658776 0.453372 0.013457 0.018278
0 0.552470 0.450702 0.014776 0.020939
0 0.463398 0.845445 0.013942 0.018062
0 0.537621 0.389067 0.012832 0.015884
0 0.129533 0.674696 0.014289 0.020473
0 0.638620 0.793224 0.011622 0.015431
0 0.407046 0.660910 0.022480 0.017964
0 0.197760 0.549431 0.009410 0.012596
0 0.596516 0.396526 0.010070 0.013935
0 0.528392 0.596818 0.011483 0.015473
0 0.541942 0.524729 0.009541 0.014653
0 0.520006 0.335885 0.016105 0.018848
0 0.521075 0.779178 0.011511 0.014797
0 0.343699 0.693098 0.013291 0.015502
1 0.693889 0.862075 0.033964 0.051740
0 0.232568 0.384708 0.010851 0.016003
0 0.672976 0.801902 0.012515 0.017610
0 0.511575 0.335878 0.016775 0.016871
0 0.191014 0.631999 0.013195 0.017816
0 0.143040 0.598051 0.011793 0.016000
0 0.199855 0.692672 0.009719 0.015277
0 0.198792 0.648250 0.010489 0.014658
0 0.402824 0.336476 0.011739 0.018603
0 0.519424 0.753448 0.016996 0.024244
0 0.661651 0.685656 0.010177 0.014823
0 0.307820 0.613331 0.010558 0.013073
0 0.358618 0.798065 0.009938 0.015331
0 0.405586 0.638294 0.011962 0.014170
0 0.666733 0.531213 0.010283 0.013824
0 0.337970 0.429520 0.009374 0.012852
0 0.684562 0.504355 0.013962 0.020537
0 0.680331 0.744994 0.014509 0.017038
0 0.412265 0.859389 0.009858 0.014764
0 0.393674 0.749479 0.009590 0.013351
0 0.182223 0.602322 0.008720 0.014709
0 0.259120 0.352024 0.013378 0.019714
0 0.507231 0.764805 0.011124 0.018403
0 0.160885 0.807487 0.010051 0.014325
0 0.583155 0.540259 0.013864 0.028116
1 0.295039 0.331475 0.028726 0.041681