0 0.396577 0.421679 0.018452 0.014452
0 0.406516 0.494794 0.017694 0.013899
0 0.498006 0.477046 0.019018 0.014676
0 0.541280 0.429402 0.015923 0.012114
1 0.296021 0.368523 0.060430 0.050632
1 0.294624 0.650792 0.075883 0.053862
1 0.371359 0.457967 0.045923 0.038610
0 0.358834 0.369996 0.015086 0.013114
0 0.544575 0.334717 0.018336 0.014569
1 0.428135 0.567003 0.047543 0.035424
1 0.634207 0.397679 0.041567 0.036277
0 0.468004 0.472071 0.016173 0.012885
1 0.428820 0.170934 0.053506 0.041210
0 0.492976 0.236583 0.019548 0.015719
1 0.438148 0.701493 0.053864 0.042604
0 0.249690 0.238954 0.016191 0.014350
0 0.584542 0.325406 0.014410 0.011878
0 0.173530 0.447620 0.014507 0.011664
0 0.438985 0.351593 0.015608 0.011984
0 0.389354 0.547200 0.016700 0.013180
0 0.471512 0.275746 0.016640 0.012624
0 0.311398 0.284112 0.018643 0.015286
0 0.560687 0.353709 0.014461 0.010596
0 0.531578 0.296710 0.018779 0.015418
0 0.344392 0.334892 0.013039 0.010771
0 0.162866 0.310480 0.016686 0.014750
0 0.300738 0.309170 0.017996 0.013365
0 0.649134 0.509176 0.022092 0.016534
0 0.225232 0.226513 0.018012 0.016102