0 0.299802 0.521175 0.017210 0.013638
0 0.183241 0.382766 0.016045 0.013897
0 0.218841 0.638063 0.015511 0.011831
1 0.473053 0.682017 0.050339 0.042066
0 0.279410 0.403586 0.017829 0.013997
0 0.313233 0.553852 0.015427 0.011587
0 0.297906 0.629785 0.015913 0.012071
0 0.212495 0.700106 0.015350 0.011375
0 0.279724 0.430289 0.016629 0.012917
0 0.390544 0.523076 0.013814 0.011403
0 0.276268 0.747120 0.016168 0.013353
0 0.046643 0.755632 0.017848 0.013694
0 0.240593 0.607270 0.015066 0.011293
0 0.247835 0.740515 0.015345 0.012151
0 0.326608 0.344674 0.014080 0.012701
0 0.173572 0.644773 0.015097 0.011731
0 0.363743 0.667413 0.016340 0.011986
0 0.236079 0.358657 0.015155 0.012078
1 0.523448 0.469781 0.050103 0.042359
0 0.135978 0.680464 0.016951 0.012983
0 0.132268 0.657663 0.018284 0.015051
0 0.016802 0.521385 0.017549 0.013797
0 0.236233 0.694969 0.014462 0.011580
0 0.065645 0.839817 0.017123 0.013698
0 0.107603 0.695055 0.016036 0.012643
0 0.384854 0.683459 0.014089 0.011861
0 0.364867 0.611571 0.017102 0.013804
1 0.054873 0.604005 0.052101 0.046871
0 0.324029 0.805967 0.018258 0.014566
0 0.407394 0.541422 0.013699 0.010934
0 0.185897 0.690123 0.015300 0.012111
0 0.298546 0.675712 0.015851 0.012089
0 0.333132 0.666802 0.017347 0.014229
0 0.155028 0.801517 0.019099 0.015523
0 0.120462 0.721014 0.016786 0.013418
0 0.254264 0.482779 0.026672 0.014947
0 0.234773 0.401461 0.016915 0.012124
0 0.451703 0.549793 0.015201 0.012087
0 0.169765 0.576403 0.015788 0.012031
0 0.311761 0.321725 0.014132 0.012006
0 0.332481 0.433988 0.015735 0.011798
0 0.435705 0.495862 0.014984 0.011582
0 0.276080 0.373658 0.012378 0.011207
0 0.045620 0.872371 0.019295 0.014493
1 0.306947 0.914792 0.057896 0.038683
0 0.424825 0.738520 0.017108 0.012889
0 0.264462 0.724119 0.014602 0.011804
0 0.361323 0.632313 0.014798 0.010976
1 0.540365 0.563808 0.039302 0.040323
0 0.197904 0.338878 0.013198 0.011605
0 0.307792 0.596188 0.018017 0.012457
0 0.084098 0.436632 0.020787 0.016036
0 0.235049 0.674950 0.013331 0.011590
0 0.279524 0.595779 0.015999 0.013094
1 0.456571 0.409486 0.048220 0.035003
0 0.014100 0.659819 0.017015 0.013136
0 0.241238 0.874381 0.019253 0.015227
0 0.112603 0.583940 0.014866 0.012136
0 0.205810 0.763934 0.018652 0.014958
0 0.037212 0.415152 0.018496 0.014851
0 0.140801 0.638375 0.014919 0.011369
0 0.011977 0.404691 0.019988 0.016210
0 0.267454 0.336334 0.012566 0.011627
0 0.409109 0.651917 0.019061 0.013645
0 0.233178 0.376543 0.014628 0.011966
0 0.202999 0.411767 0.017990 0.014607
0 0.005669 0.702934 0.011338 0.011350
0 0.291223 0.659521 0.018524 0.011744
0 0.429134 0.632320 0.014816 0.012589
0 0.346984 0.561301 0.014576 0.010827
0 0.135614 0.523598 0.025525 0.014110
1 0.533170 0.504208 0.042657 0.032426
0 0.390245 0.559678 0.014714 0.011378
0 0.340112 0.523442 0.015066 0.013336
0 0.070961 0.723663 0.017274 0.014191
0 0.083788 0.590658 0.013986 0.011189
0 0.407669 0.707824 0.014845 0.011723
0 0.231504 0.434038 0.020193 0.015686
0 0.352397 0.392779 0.014050 0.009948
0 0.209951 0.425832 0.016723 0.013300
0 0.447420 0.476799 0.013343 0.010705
0 0.246149 0.453722 0.014783 0.011135
0 0.429727 0.448486 0.014458 0.011092
0 0.391087 0.789845 0.016317 0.012962
0 0.326689 0.716864 0.019408 0.011909
0 0.404314 0.394458 0.017298 0.013957
0 0.399188 0.490254 0.014165 0.011384
0 0.412198 0.564740 0.014151 0.012192
0 0.368863 0.378879 0.019733 0.014977
0 0.270407 0.309284 0.013859 0.010620
0 0.474679 0.567984 0.013092 0.010600
0 0.261556 0.626781 0.018229 0.012509
0 0.278871 0.847548 0.015656 0.012070
0 0.343653 0.322985 0.015769 0.013182
0 0.374582 0.822976 0.017043 0.014069
0 0.495395 0.488238 0.013753 0.010518
0 0.320130 0.865349 0.020453 0.017441
0 0.319261 0.384226 0.013486 0.010852
0 0.291337 0.771979 0.017597 0.016448
0 0.160811 0.892601 0.018729 0.013135
0 0.119979 0.491751 0.014843 0.010685
0 0.219681 0.564801 0.018367 0.021069
0 0.489930 0.636184 0.015108 0.012479
0 0.131945 0.847679 0.016667 0.012729
0 0.429014 0.711938 0.013935 0.010410
0 0.388572 0.651591 0.012946 0.010811
0 0.439489 0.725982 0.014967 0.012935
0 0.344066 0.414221 0.017048 0.015036
0 0.017491 0.608185 0.013856 0.011550
0 0.074318 0.882388 0.018046 0.016369
0 0.270864 0.559747 0.010850 0.009062
0 0.221149 0.889726 0.020323 0.016665
0 0.227063 0.849017 0.018864 0.017706
0 0.217492 0.558652 0.019851 0.015956
0 0.096711 0.470745 0.018064 0.015379
0 0.392022 0.426262 0.012588 0.011120
1 0.634897 0.503105 0.043354 0.043664
1 0.667103 0.581607 0.043354 0.042735
1 0.531465 0.746973 0.042116 0.037161