0 0.465032 0.494740 0.016331 0.012921
0 0.381436 0.423861 0.018045 0.013688
0 0.346959 0.693813 0.014684 0.010611
0 0.674595 0.395966 0.015724 0.013633
0 0.291779 0.443011 0.014423 0.012319
0 0.495012 0.675823 0.015680 0.012014
0 0.675197 0.626629 0.016101 0.012249
0 0.303728 0.502623 0.017402 0.013626
0 0.346168 0.441661 0.016547 0.012745
0 0.197480 0.593214 0.016236 0.012708
0 0.460814 0.708164 0.014384 0.010955
0 0.526360 0.701778 0.015823 0.013545
0 0.252000 0.554923 0.014520 0.011332
0 0.629484 0.628420 0.015559 0.011372
0 0.251160 0.446856 0.013196 0.011067
0 0.630068 0.455330 0.015432 0.011701
0 0.703594 0.525015 0.014421 0.010539
0 0.565791 0.688910 0.013568 0.010161
1 0.433306 0.672639 0.042470 0.042843
0 0.489650 0.310936 0.014480 0.013127
0 0.448363 0.628211 0.015600 0.012546
0 0.370861 0.453886 0.017753 0.013331
0 0.780668 0.500412 0.016212 0.013710
0 0.690459 0.680209 0.014118 0.011538
0 0.540842 0.655490 0.014481 0.011560
0 0.514714 0.490783 0.014826 0.010968
1 0.818970 0.610919 0.044469 0.029415
0 0.607500 0.601327 0.013715 0.011713
0 0.342021 0.630865 0.016426 0.014980
0 0.876009 0.567158 0.013143 0.010493
0 0.677435 0.521096 0.016032 0.012439
0 0.584838 0.507501 0.017465 0.011592
0 0.844042 0.582439 0.015992 0.012198
0 0.862829 0.516608 0.013763 0.010494
0 0.641182 0.508400 0.016604 0.013398
0 0.527995 0.634823 0.015231 0.012621
0 0.454597 0.319136 0.014009 0.012397
0 0.811242 0.730849 0.016882 0.014019
0 0.569315 0.580703 0.014296 0.011802
0 0.835596 0.483409 0.015689 0.012293
0 0.779989 0.539049 0.012814 0.009834
0 0.804587 0.586737 0.013278 0.010226
0 0.463188 0.603377 0.013623 0.010684
0 0.598601 0.844735 0.018906 0.014717
0 0.663818 0.666607 0.014343 0.010953
0 0.813993 0.399342 0.016959 0.013654
0 0.484685 0.527755 0.014693 0.011648
0 0.665509 0.703921 0.013559 0.010624
0 0.826227 0.449251 0.012815 0.009788
0 0.908635 0.608186 0.014002 0.010776
0 0.844691 0.419935 0.016141 0.012878
0 0.736936 0.484930 0.015308 0.012258
0 0.284850 0.807700 0.015142 0.011443
0 0.585840 0.720239 0.012972 0.011504
0 0.748747 0.501241 0.013708 0.011442
1 0.404171 0.523175 0.038526 0.028862
0 0.389444 0.564758 0.013563 0.011066
0 0.609894 0.559128 0.014385 0.011552
0 0.673354 0.558781 0.014528 0.013267
0 0.514891 0.379617 0.015972 0.015909
0 0.823247 0.464728 0.012754 0.009588
0 0.436850 0.445333 0.014391 0.010637
0 0.454166 0.550885 0.013448 0.012087
0 0.702389 0.584667 0.016639 0.012619
0 0.590218 0.604227 0.014397 0.011645
0 0.353916 0.582188 0.015578 0.012270
0 0.542765 0.350975 0.014871 0.011004
0 0.594180 0.685745 0.015619 0.012530
1 0.406494 0.354860 0.032667 0.025439
0 0.733629 0.591116 0.015393 0.015949
0 0.590246 0.376436 0.014793 0.015460
0 0.256652 0.594518 0.015591 0.012012
0 0.647456 0.342458 0.014360 0.011923
0 0.300866 0.391332 0.012579 0.010453
0 0.476983 0.720623 0.013293 0.011171
0 0.830472 0.569911 0.012743 0.009311
0 0.600911 0.603348 0.019924 0.011665
0 0.537643 0.649359 0.016446 0.012993
0 0.151610 0.504322 0.014932 0.012052
0 0.387863 0.379207 0.014853 0.013001
0 0.596505 0.509073 0.016698 0.011302
0 0.419612 0.740069 0.012184 0.009914
0 0.224384 0.550161 0.014311 0.013254
0 0.612334 0.308536 0.019779 0.012834
0 0.772633 0.565821 0.014467 0.011495
0 0.416456 0.565079 0.013800 0.011190
0 0.532928 0.646288 0.015860 0.017820
0 0.358414 0.608950 0.012357 0.010240
0 0.707669 0.688746 0.013859 0.011116
0 0.809489 0.737446 0.016444 0.013756
0 0.480964 0.634313 0.015602 0.013248
0 0.768403 0.737728 0.015159 0.010783
0 0.525377 0.866661 0.021983 0.016399