0 0.273346 0.976656 0.028624 0.020334
0 0.661335 0.784181 0.023034 0.016578
0 0.289669 0.922559 0.027567 0.019591
0 0.234506 0.694339 0.018048 0.014700
1 0.460426 0.802606 0.049912 0.037843
0 0.726624 0.771458 0.034677 0.020892
0 0.231680 0.828846 0.027639 0.020639
0 0.419186 0.724502 0.017692 0.013756
0 0.367601 0.860359 0.023734 0.018779
0 0.422797 0.555521 0.024431 0.019244
0 0.585741 0.930769 0.024197 0.018695
1 0.316060 0.593903 0.037577 0.016653
0 0.368825 0.772455 0.034750 0.022553
0 0.280284 0.730010 0.018359 0.013477
0 0.309103 0.631049 0.025502 0.017970
0 0.242145 0.775699 0.023771 0.019163
1 0.532579 0.891023 0.041235 0.034690
0 0.554125 0.601970 0.022086 0.018833
0 0.370725 0.933254 0.027029 0.017851
1 0.575879 0.868585 0.019983 0.020969
0 0.519242 0.623337 0.017173 0.013258
1 0.616319 0.840234 0.041403 0.029607
1 0.645918 0.909731 0.039957 0.034505
0 0.583371 0.759711 0.018522 0.014676
0 0.599295 0.815500 0.016224 0.013398
0 0.709993 0.526678 0.018648 0.014983
0 0.322796 0.568410 0.016056 0.012402
0 0.569501 0.907709 0.025731 0.019530
0 0.632704 0.808310 0.019587 0.014340
0 0.568613 0.504413 0.013606 0.011021
0 0.687485 0.700352 0.032570 0.023550
0 0.758298 0.642144 0.022433 0.018059
0 0.742441 0.621172 0.017045 0.015052
0 0.446077 0.591439 0.020189 0.015621
0 0.391180 0.727686 0.016098 0.013368
0 0.451112 0.603154 0.018702 0.017972
0 0.247166 0.982762 0.021158 0.014970
0 0.555685 0.766503 0.022634 0.016344
0 0.775769 0.576104 0.017948 0.015991
0 0.452618 0.868880 0.035581 0.026037
0 0.516711 0.689557 0.016011 0.012777
0 0.424795 0.537635 0.015225 0.013316
1 0.549273 0.743314 0.032206 0.031840
1 0.275521 0.522080 0.043917 0.026350