0 0.389500 0.325356 0.022004 0.015907
0 0.613710 0.361267 0.020579 0.015564
0 0.479062 0.336581 0.023768 0.018051
0 0.304446 0.298016 0.021587 0.016604
0 0.496515 0.309546 0.021037 0.016700
0 0.531219 0.394546 0.025188 0.019451
0 0.362279 0.366575 0.024263 0.018926
0 0.275169 0.355560 0.023766 0.019202
0 0.205390 0.342549 0.024410 0.018876
0 0.131097 0.299551 0.023238 0.017506
0 0.570511 0.340498 0.021512 0.015698
0 0.497246 0.277590 0.020427 0.015664
0 0.635435 0.330109 0.020941 0.016139
0 0.438123 0.363949 0.025476 0.020336
0 0.376450 0.782919 0.026184 0.020658
0 0.106381 0.479823 0.023603 0.019465
0 0.577306 0.626720 0.026015 0.021350
0 0.277281 0.703284 0.029179 0.022023
0 0.265673 0.606801 0.019442 0.016038
0 0.583845 0.386237 0.024655 0.018572
0 0.245670 0.236713 0.023861 0.018613
0 0.269017 0.635303 0.022323 0.016109
0 0.307365 0.648130 0.023779 0.020839
0 0.567503 0.299432 0.019780 0.016788
0 0.430979 0.430971 0.023868 0.018258
0 0.242527 0.617058 0.021502 0.017052
0 0.340736 0.438916 0.021923 0.016568
0 0.115763 0.435828 0.024796 0.019138
0 0.446186 0.710776 0.029610 0.023531
0 0.164428 0.657325 0.025272 0.021299
0 0.272866 0.495692 0.025868 0.025785
0 0.579029 0.646962 0.020987 0.014853
0 0.178598 0.547601 0.028541 0.021496
0 0.227316 0.593374 0.017646 0.015193
0 0.173747 0.438584 0.022756 0.017511
0 0.341242 0.237177 0.023298 0.017650
0 0.515772 0.724284 0.021972 0.018988
0 0.271472 0.668105 0.027899 0.025614
0 0.144508 0.457275 0.033205 0.020068
0 0.534624 0.706561 0.019102 0.015653
0 0.468065 0.254864 0.030509 0.023228
0 0.144888 0.615086 0.021900 0.017174
0 0.340108 0.270879 0.019876 0.016824
0 0.370793 0.478367 0.021100 0.016854
0 0.247877 0.483805 0.020782 0.018733
0 0.446809 0.503116 0.021626 0.017354
0 0.423651 0.765710 0.030736 0.024265
0 0.316701 0.484708 0.018686 0.017555
0 0.698020 0.453298 0.022720 0.017336
0 0.580062 0.705415 0.018786 0.012662
0 0.069556 0.459137 0.019682 0.015442
0 0.383273 0.507654 0.022964 0.018487
0 0.256230 0.610076 0.026324 0.018253
0 0.424672 0.599579 0.023685 0.018368
0 0.707996 0.422544 0.021304 0.017348
0 0.553949 0.715742 0.018678 0.012580
1 0.324857 0.459544 0.033909 0.021497
1 0.532158 0.515504 0.045419 0.028490