0 0.553260 0.551320 0.025501 0.015227
0 0.496824 0.396417 0.015567 0.011537
0 0.505207 0.545412 0.013398 0.011354
0 0.556207 0.406541 0.020843 0.017224
0 0.612911 0.568316 0.014397 0.010091
0 0.486639 0.371366 0.009370 0.008174
0 0.511821 0.604692 0.014092 0.010857
0 0.345322 0.595012 0.013254 0.009918
0 0.680630 0.546057 0.013611 0.008783
0 0.627733 0.484412 0.016261 0.012095
0 0.542926 0.444031 0.014214 0.011012
0 0.736799 0.495164 0.014673 0.011335
0 0.578691 0.832697 0.013838 0.007999
0 0.469226 0.797046 0.012382 0.011711
0 0.154084 0.460184 0.015948 0.012716
0 0.218989 0.503825 0.019067 0.015213
0 0.709372 0.511209 0.013346 0.010638
0 0.406817 0.772853 0.014734 0.012386
0 0.662663 0.715879 0.013507 0.010879
0 0.458580 0.869645 0.014087 0.009861
0 0.488321 0.500702 0.013678 0.011087
0 0.179242 0.576666 0.014940 0.013065
0 0.160092 0.538758 0.014126 0.009358
0 0.612536 0.665986 0.015087 0.014198
0 0.514105 0.853500 0.012639 0.009133
0 0.563275 0.763068 0.009956 0.008688
0 0.300496 0.377802 0.009436 0.007895
0 0.328083 0.528889 0.013602 0.012261
0 0.186799 0.844759 0.011793 0.007759
0 0.460142 0.710633 0.016198 0.014880
0 0.272937 0.592993 0.017399 0.013777
0 0.680793 0.433617 0.016414 0.011895
0 0.143133 0.685986 0.010850 0.008221
0 0.244648 0.779781 0.010917 0.008679
0 0.435123 0.682176 0.012603 0.010390
0 0.296734 0.569241 0.012404 0.007702
0 0.296056 0.682043 0.014595 0.012400
0 0.627556 0.585516 0.011375 0.009573
0 0.109551 0.625850 0.023533 0.016568
0 0.741950 0.463190 0.017757 0.012892
0 0.467359 0.564616 0.012464 0.009407
0 0.115485 0.591599 0.012328 0.009216
0 0.427381 0.476488 0.011846 0.010051
0 0.309437 0.664057 0.011159 0.008632
0 0.137568 0.660183 0.011449 0.008006
0 0.620442 0.534833 0.013247 0.010644
0 0.329487 0.646973 0.013176 0.009519
0 0.459428 0.492905 0.016277 0.011048
0 0.482863 0.849673 0.013783 0.010171
0 0.546063 0.377624 0.020990 0.012352
0 0.591026 0.551151 0.011207 0.006991
0 0.229110 0.661219 0.016379 0.011337
0 0.548141 0.871920 0.016474 0.011542
0 0.327005 0.464356 0.009889 0.008130
0 0.469877 0.515570 0.018189 0.014922
0 0.404894 0.724630 0.016390 0.011751
0 0.371318 0.428685 0.016634 0.014108
0 0.724679 0.644979 0.010484 0.007418
0 0.520788 0.341373 0.016593 0.012223
0 0.424983 0.553471 0.016090 0.013697
0 0.109063 0.743695 0.010102 0.009643
0 0.028316 0.602051 0.011281 0.010622
0 0.403825 0.635051 0.011927 0.009449
0 0.320919 0.732559 0.014693 0.012379
0 0.470605 0.619589 0.011702 0.008934
0 0.349031 0.335218 0.014149 0.012571
0 0.372473 0.911460 0.018534 0.017650
0 0.530478 0.818158 0.017748 0.014856
0 0.090496 0.565414 0.010710 0.008042
0 0.217408 0.749174 0.011568 0.008541
0 0.414652 0.701979 0.012926 0.007780
0 0.335882 0.715637 0.014463 0.010603
0 0.161790 0.680028 0.011673 0.008644
0 0.349955 0.352981 0.012620 0.007924
0 0.195239 0.510528 0.015121 0.013093
0 0.131414 0.720785 0.010682 0.007682
0 0.654243 0.541192 0.010757 0.008791
0 0.337094 0.690350 0.011739 0.009490
0 0.346463 0.427857 0.012524 0.010061
0 0.422472 0.533592 0.012863 0.009064
0 0.570597 0.447015 0.011815 0.008310
0 0.443921 0.432142 0.013822 0.009037
0 0.136785 0.535549 0.012463 0.011993
0 0.595118 0.866717 0.013736 0.013385
0 0.652436 0.558181 0.010003 0.006802
0 0.593387 0.627842 0.021907 0.018118
0 0.182621 0.545699 0.010528 0.006069
0 0.662666 0.512563 0.010822 0.007849
0 0.553026 0.846331 0.012227 0.009552
0 0.625335 0.696571 0.010500 0.007580
0 0.221252 0.407731 0.011049 0.007303
0 0.326579 0.434210 0.012519 0.009513
0 0.657973 0.807087 0.009595 0.007746
0 0.337898 0.872918 0.019783 0.014747
0 0.679080 0.816107 0.008869 0.007935
0 0.630244 0.428305 0.017160 0.013430
0 0.271604 0.413115 0.014264 0.013299
0 0.573106 0.708225 0.011147 0.009727
0 0.703250 0.472594 0.011082 0.007872
0 0.256344 0.691302 0.012256 0.008497
0 0.454238 0.416046 0.017764 0.011201
0 0.476665 0.594146 0.010850 0.008977
0 0.446547 0.399951 0.020325 0.013309
0 0.011344 0.550164 0.013112 0.011765
0 0.247225 0.424098 0.012140 0.009494
0 0.169151 0.475223 0.015670 0.012737
0 0.354692 0.688910 0.012783 0.013309
0 0.330107 0.606773 0.009494 0.007791
0 0.040279 0.655248 0.013267 0.009687
0 0.688127 0.486731 0.011000 0.008643
0 0.188704 0.870441 0.021083 0.013583
0 0.723151 0.434043 0.015522 0.009216
0 0.623884 0.514249 0.011820 0.006979
0 0.604587 0.522159 0.010803 0.008167
0 0.359090 0.841016 0.012877 0.011080
0 0.493509 0.333308 0.013503 0.009704
0 0.065679 0.665398 0.013485 0.007983
0 0.667471 0.414408 0.011822 0.008946
0 0.407904 0.746873 0.015940 0.011394
0 0.552111 0.827707 0.013515 0.013771
0 0.593539 0.802316 0.012242 0.010056
0 0.215013 0.845008 0.014415 0.011674
0 0.279321 0.678283 0.011473 0.010390
0 0.445452 0.886066 0.013020 0.009277
0 0.501065 0.475119 0.012138 0.009588
0 0.538958 0.801047 0.011891 0.009265
0 0.610335 0.751998 0.012331 0.010395
0 0.447519 0.912993 0.017817 0.013145
0 0.218571 0.465967 0.013261 0.010530
0 0.311293 0.845684 0.011100 0.009365
0 0.678132 0.758480 0.011352 0.007416
0 0.609580 0.602164 0.010257 0.007963
0 0.529624 0.482727 0.011678 0.009526
0 0.636982 0.736908 0.013545 0.007731
0 0.671512 0.789085 0.012157 0.008365
0 0.255196 0.751790 0.015141 0.010557
0 0.382033 0.527600 0.015239 0.011256
0 0.425782 0.516319 0.011884 0.008416
0 0.521122 0.792435 0.010508 0.008435
0 0.548463 0.730860 0.010610 0.008698
0 0.210309 0.809516 0.013736 0.010445
0 0.267391 0.850893 0.010396 0.008456
0 0.054160 0.632921 0.011689 0.010108
0 0.204536 0.652694 0.011197 0.009048
0 0.536926 0.426695 0.010135 0.011758
0 0.383516 0.331948 0.011802 0.011092
0 0.530557 0.499850 0.019535 0.009872
0 0.363702 0.702762 0.012456 0.009588
0 0.249736 0.398959 0.014120 0.012694
0 0.343896 0.540038 0.015862 0.012474
0 0.300069 0.426420 0.011385 0.010575
0 0.063670 0.580995 0.010499 0.008908
0 0.183563 0.432849 0.010347 0.007721
0 0.111275 0.698530 0.010667 0.009101
0 0.049998 0.715183 0.010060 0.009553
0 0.280503 0.866311 0.015116 0.011411
0 0.738360 0.478569 0.012931 0.009536
0 0.006120 0.674924 0.008651 0.008574
0 0.559457 0.489161 0.021881 0.013782
0 0.596040 0.446547 0.013528 0.008470
0 0.301298 0.861007 0.015377 0.016225
0 0.465025 0.884908 0.013021 0.009890
0 0.452455 0.730011 0.011505 0.009042
0 0.241163 0.834313 0.010726 0.008366
0 0.403572 0.515392 0.013625 0.008276
0 0.121718 0.562816 0.014517 0.011325
0 0.076859 0.711287 0.014358 0.010601
0 0.120267 0.814916 0.008640 0.006531
0 0.698126 0.800469 0.010249 0.007241
0 0.218689 0.470610 0.018211 0.018724
0 0.686092 0.401491 0.011584 0.009259
0 0.648725 0.855649 0.011812 0.007168
0 0.443977 0.461569 0.019300 0.014035
0 0.196303 0.609669 0.018814 0.017092
0 0.238559 0.722691 0.009939 0.007578
0 0.722180 0.578280 0.015667 0.012697
0 0.076808 0.435831 0.011483 0.011147
0 0.119387 0.558868 0.012054 0.010160
0 0.562317 0.493976 0.014260 0.014436
0 0.448748 0.524040 0.015077 0.013796
0 0.502566 0.619453 0.012773 0.007192
0 0.414998 0.437997 0.011827 0.006209
0 0.633845 0.645197 0.012889 0.010530
0 0.286200 0.886555 0.014514 0.010787
0 0.361458 0.559979 0.010727 0.007383
0 0.221700 0.788052 0.011281 0.009657
0 0.285799 0.537674 0.008008 0.006350
0 0.361640 0.866323 0.015768 0.014966
0 0.462881 0.893812 0.016680 0.015769
0 0.580489 0.649966 0.012078 0.011068
0 0.178253 0.761876 0.010431 0.009731
0 0.348176 0.744799 0.014081 0.011243
0 0.225941 0.433973 0.010400 0.006661
0 0.503997 0.881851 0.013185 0.009208
0 0.694976 0.605706 0.015158 0.013101
0 0.597115 0.718167 0.009798 0.009612
0 0.089679 0.499060 0.010135 0.008212
0 0.132510 0.452470 0.011182 0.009891
0 0.646465 0.493454 0.011719 0.008274
0 0.479509 0.818774 0.010993 0.008040
0 0.556144 0.873410 0.018521 0.011615
0 0.691127 0.573208 0.010335 0.005927
0 0.610240 0.497857 0.007974 0.007361
0 0.229515 0.433775 0.010037 0.008667
0 0.333356 0.531085 0.020942 0.014591
0 0.726343 0.555646 0.013202 0.009370
0 0.251170 0.898060 0.013230 0.008787
0 0.691247 0.609175 0.022695 0.013125
0 0.345513 0.451440 0.012239 0.012258
0 0.398365 0.306573 0.019911 0.008409
0 0.062764 0.529006 0.011153 0.010182
0 0.034961 0.739123 0.011110 0.009987
0 0.170093 0.812354 0.009712 0.008878
0 0.235841 0.480190 0.013324 0.014527
0 0.186641 0.798694 0.012348 0.011368
0 0.228355 0.708426 0.011906 0.007207
0 0.102731 0.459429 0.013460 0.008813
0 0.594127 0.389353 0.009928 0.008956
0 0.113938 0.487543 0.009952 0.010493
0 0.522187 0.788761 0.012303 0.011183
0 0.233236 0.593198 0.016476 0.009776
0 0.751280 0.512208 0.017005 0.008185
0 0.251840 0.748643 0.012801 0.009875
0 0.437610 0.460072 0.013512 0.011255
0 0.660926 0.680096 0.011393 0.008950
0 0.171822 0.514309 0.013397 0.007887
0 0.266755 0.653286 0.010461 0.009800
0 0.113437 0.622107 0.016715 0.013911
0 0.531346 0.400512 0.012394 0.011684
0 0.707982 0.541317 0.008431 0.007989
0 0.791296 0.549120 0.014366 0.010359
0 0.235345 0.764442 0.010648 0.009100
0 0.187647 0.666270 0.012973 0.010280
0 0.420784 0.591317 0.010594 0.007952
0 0.610512 0.727588 0.011863 0.009443
1 0.726135 0.769366 0.035994 0.041080
1 0.510955 0.721831 0.056338 0.058685
1 0.458529 0.663732 0.064163 0.036385
1 0.381064 0.665493 0.050078 0.044601
1 0.245696 0.551643 0.039124 0.030516
1 0.363067 0.468310 0.051643 0.051643
1 0.269953 0.455986 0.050078 0.038732
1 0.165884 0.404930 0.064163 0.037559
1 0.241002 0.358568 0.045383 0.038732
1 0.373239 0.384977 0.081377 0.039906