0 0.341405 0.549308 0.025601 0.019279
0 0.247068 0.662049 0.024349 0.018841
0 0.257528 0.685833 0.026088 0.019335
0 0.296675 0.738386 0.025979 0.021355
0 0.535470 0.456081 0.025776 0.021314
0 0.424525 0.866417 0.033199 0.024977
1 0.584052 0.899258 0.056249 0.039210
0 0.787688 0.620192 0.026968 0.021340
0 0.362560 0.587297 0.026918 0.020777
0 0.521346 0.808752 0.025184 0.019904
0 0.608868 0.583913 0.033964 0.024664
0 0.439738 0.633090 0.035089 0.023347
0 0.697372 0.564791 0.031601 0.026449
0 0.588956 0.728910 0.026348 0.020675
0 0.533094 0.410472 0.022412 0.017780
0 0.866455 0.634154 0.021819 0.017870
0 0.780799 0.687429 0.023603 0.018326
0 0.708553 0.456357 0.033386 0.025585
0 0.293541 0.497512 0.020764 0.017505
0 0.788887 0.527698 0.023251 0.017679
0 0.817800 0.709400 0.026912 0.021025
0 0.301086 0.655142 0.019456 0.015798
0 0.908271 0.602596 0.027234 0.020672
0 0.423724 0.747350 0.021858 0.018256
0 0.566265 0.941900 0.026274 0.022099
0 0.342539 0.832336 0.024758 0.020100
0 0.401445 0.769506 0.027250 0.021000
0 0.581070 0.781836 0.021591 0.018476
0 0.647898 0.465125 0.016614 0.014219