1 0.520364 0.547832 0.058585 0.056073
1 0.144638 0.451771 0.074605 0.054737
0 0.372880 0.313897 0.013919 0.010705
0 0.598496 0.390061 0.014203 0.012102
0 0.466584 0.372613 0.013602 0.010870
0 0.688502 0.381453 0.017879 0.014632
0 0.350602 0.231411 0.012670 0.010424
0 0.360535 0.661338 0.011323 0.009598
0 0.585675 0.318468 0.018365 0.014034
0 0.130356 0.615589 0.014738 0.010780
0 0.598769 0.366512 0.015593 0.011533
0 0.390509 0.539660 0.011825 0.009354
0 0.351888 0.544368 0.013628 0.011425
0 0.645385 0.358672 0.014100 0.010892
0 0.341499 0.286297 0.015493 0.013230
0 0.439818 0.266399 0.018692 0.012462
0 0.466383 0.277594 0.014988 0.011847
0 0.298263 0.511055 0.011404 0.009100
1 0.258171 0.590609 0.049879 0.031778
1 0.151820 0.329603 0.050443 0.039118
1 0.503415 0.648552 0.075511 0.053561
0 0.156070 0.684473 0.012725 0.009563
0 0.618111 0.331007 0.017713 0.014962
0 0.234043 0.569636 0.015054 0.012102
0 0.316285 0.370812 0.012788 0.010272
0 0.157188 0.657971 0.012495 0.008562
0 0.313155 0.486026 0.010629 0.008557
0 0.263528 0.334235 0.012824 0.009208
0 0.277546 0.249761 0.013672 0.010863
0 0.056961 0.521537 0.012560 0.010102
0 0.359058 0.522920 0.011492 0.010046
0 0.281541 0.730849 0.016024 0.012040
0 0.479904 0.411368 0.018488 0.015247
0 0.259026 0.655903 0.011315 0.009463
0 0.229342 0.538237 0.015513 0.011568
1 0.368556 0.454146 0.042952 0.035436
0 0.220935 0.425995 0.018345 0.013010
0 0.533302 0.310976 0.016288 0.013205
0 0.338644 0.325948 0.012276 0.009055
1 0.547073 0.414089 0.049718 0.027981
0 0.713717 0.465139 0.011815 0.008907
0 0.662031 0.548403 0.012897 0.009793
0 0.666677 0.596121 0.011137 0.009747
1 0.398683 0.285620 0.042236 0.035964
0 0.417797 0.515103 0.016977 0.012648
0 0.480398 0.293971 0.014031 0.011338
0 0.357360 0.253735 0.011442 0.009182
0 0.450420 0.320662 0.011893 0.011098
0 0.629875 0.295119 0.019743 0.013442
0 0.325191 0.384501 0.012865 0.010964
0 0.477986 0.324116 0.012744 0.010384
0 0.243663 0.317082 0.011557 0.009062
0 0.282348 0.469386 0.011716 0.009391
0 0.380871 0.367242 0.015337 0.012668
0 0.327925 0.638300 0.014885 0.011311
0 0.335368 0.357531 0.011989 0.009245
0 0.711043 0.522497 0.011512 0.009054
0 0.576844 0.695624 0.011517 0.008848
0 0.695787 0.582434 0.014865 0.012309
0 0.427220 0.417060 0.011850 0.010981
0 0.680465 0.329921 0.016681 0.012685
0 0.081821 0.408548 0.014077 0.010940
0 0.386090 0.631173 0.011673 0.011062
0 0.197089 0.574901 0.011296 0.008745
0 0.318487 0.521274 0.012133 0.009170
0 0.443696 0.597892 0.013862 0.011010
0 0.352626 0.620341 0.010438 0.008790
0 0.412199 0.536875 0.012384 0.009313
0 0.275896 0.352372 0.017322 0.013055
0 0.133431 0.642368 0.011688 0.009746
1 0.302550 0.564649 0.032022 0.028641
0 0.375279 0.241399 0.011029 0.008499
0 0.492567 0.494100 0.014560 0.011048
0 0.308013 0.698894 0.012283 0.009607
0 0.274101 0.492359 0.010835 0.008691
0 0.705460 0.359658 0.017296 0.014241
0 0.634050 0.509350 0.010891 0.008490
0 0.379498 0.561998 0.011003 0.008641
0 0.199097 0.342320 0.011051 0.009119
0 0.305072 0.323084 0.021523 0.011674
0 0.279225 0.299643 0.012421 0.011683
1 0.270414 0.399865 0.038634 0.033781
1 0.409631 0.756209 0.042416 0.059342
0 0.329606 0.666744 0.011447 0.009291
0 0.167248 0.708017 0.017149 0.012500
0 0.415737 0.678845 0.013339 0.010799
0 0.675879 0.476763 0.015702 0.012142
0 0.119110 0.570484 0.014099 0.010652
0 0.269013 0.525038 0.011871 0.008728
0 0.227085 0.343344 0.012680 0.009490
0 0.729447 0.496623 0.012048 0.009199
0 0.191379 0.516183 0.014435 0.011902
0 0.205302 0.670595 0.012065 0.009678
0 0.453999 0.395413 0.010982 0.008873
0 0.535375 0.488204 0.017838 0.014874
0 0.613133 0.525890 0.010443 0.008473
0 0.660275 0.332433 0.016137 0.013004
0 0.221200 0.712394 0.013794 0.011075
0 0.440176 0.341945 0.014913 0.011659
0 0.323804 0.492479 0.012207 0.009042
0 0.420111 0.585250 0.013870 0.009405
0 0.556566 0.301742 0.015068 0.013923
0 0.355622 0.752079 0.014070 0.010586
0 0.626107 0.461366 0.011930 0.009436
0 0.456545 0.725112 0.017833 0.010953
0 0.538687 0.706519 0.017856 0.013122
0 0.435864 0.639570 0.010388 0.008517
0 0.547261 0.436246 0.017687 0.011747
0 0.016968 0.471301 0.013391 0.011074
0 0.235378 0.730315 0.017880 0.012332
1 0.229813 0.282870 0.050794 0.038617
0 0.132711 0.584327 0.016878 0.011499
0 0.082509 0.452527 0.012376 0.010413
1 0.751271 0.423013 0.042376 0.039974
0 0.468290 0.531562 0.010593 0.010535
0 0.339046 0.733854 0.015116 0.011708
0 0.692303 0.600946 0.011880 0.009230
0 0.417969 0.561331 0.011435 0.009045
0 0.510912 0.460043 0.020026 0.011876
1 0.492188 0.355775 0.029658 0.022774
0 0.572752 0.381126 0.014003 0.012131
0 0.636133 0.372850 0.015009 0.011363
0 0.569103 0.498259 0.011854 0.009390
0 0.241423 0.364797 0.014895 0.014191
0 0.692558 0.493045 0.011215 0.008738
0 0.680273 0.451978 0.011678 0.008729
0 0.043157 0.507555 0.012601 0.010247
0 0.064587 0.370918 0.016497 0.013382
0 0.201375 0.622586 0.010761 0.009327
0 0.588424 0.285585 0.013686 0.011241
0 0.510451 0.399635 0.018127 0.014603
0 0.399309 0.336943 0.012683 0.010366
0 0.604661 0.445076 0.011765 0.008936
0 0.265271 0.371958 0.012928 0.009367
0 0.749650 0.485844 0.014030 0.011297
0 0.583891 0.723211 0.016257 0.011013
0 0.723071 0.559935 0.011241 0.008925
0 0.510126 0.272882 0.011594 0.010007
0 0.195554 0.710520 0.015050 0.011388
0 0.323330 0.682433 0.010968 0.008318
0 0.644984 0.468218 0.012549 0.009896
0 0.117212 0.704883 0.012349 0.009826
0 0.233581 0.570086 0.027763 0.015577
0 0.090512 0.341302 0.020399 0.015303
0 0.113737 0.498904 0.017748 0.014644
0 0.344900 0.423717 0.015830 0.013027
0 0.423727 0.605634 0.010563 0.008405
0 0.072095 0.642196 0.012039 0.009413
0 0.026657 0.413541 0.015284 0.012791
0 0.556703 0.511419 0.014007 0.010115
0 0.640100 0.471535 0.012580 0.009202
0 0.392675 0.348278 0.015705 0.013398
0 0.250613 0.249186 0.012411 0.009727
0 0.195847 0.608944 0.010301 0.009002
0 0.567427 0.439448 0.012058 0.009190
0 0.297208 0.653057 0.010622 0.009171
1 0.533126 0.249320 0.049107 0.032234
0 0.287304 0.712259 0.015580 0.009522
0 0.354388 0.297319 0.013020 0.009189
0 0.668099 0.331419 0.031161 0.014123
0 0.189154 0.289475 0.018165 0.014081
1 0.307834 0.446056 0.045883 0.034428
0 0.453092 0.613302 0.010709 0.008870
0 0.301457 0.266847 0.009683 0.008039
0 0.545626 0.581518 0.013857 0.013919
0 0.103437 0.324020 0.012869 0.010459
0 0.488464 0.737048 0.014953 0.010197
0 0.448592 0.286727 0.012417 0.010236
0 0.316979 0.616037 0.011777 0.008884
0 0.543026 0.336136 0.012980 0.010701
0 0.740477 0.460303 0.014455 0.011955
0 0.467216 0.539868 0.009835 0.010536
1 0.726527 0.601190 0.025426 0.033054
1 0.083252 0.682553 0.047462 0.038139
1 0.217162 0.373628 0.040681 0.030511
1 0.454470 0.801419 0.033901 0.019069