0 0.298794 0.656972 0.018828 0.015480
0 0.265988 0.770371 0.019270 0.015105
0 0.141043 0.677825 0.020833 0.016597
0 0.494466 0.694584 0.020936 0.017226
0 0.294166 0.812160 0.025258 0.019098
0 0.461341 0.424061 0.018564 0.015928
0 0.099628 0.539969 0.026337 0.022548
0 0.571788 0.564029 0.017528 0.014221
0 0.416899 0.657889 0.016841 0.014243
0 0.379611 0.466490 0.025969 0.018401
0 0.334361 0.564973 0.019168 0.015601
0 0.480566 0.744626 0.018006 0.014864
0 0.100352 0.600266 0.020600 0.016418
0 0.354890 0.408108 0.021441 0.016744
0 0.435346 0.598298 0.016528 0.014062
0 0.498219 0.494975 0.016638 0.013709
0 0.048526 0.708148 0.018169 0.014308
0 0.436404 0.389636 0.020293 0.014797
0 0.209816 0.468072 0.022547 0.019995
0 0.564756 0.844992 0.024871 0.022000
0 0.389573 0.538859 0.022674 0.016286
0 0.530803 0.452271 0.019736 0.019533
0 0.274114 0.414144 0.017744 0.014290
0 0.286207 0.400492 0.022656 0.017424
0 0.583814 0.870951 0.024604 0.019952
0 0.281194 0.690658 0.016126 0.013057
0 0.599945 0.421996 0.026468 0.019763
0 0.642376 0.438397 0.015735 0.013214
0 0.422802 0.444619 0.013823 0.012400
0 0.727088 0.592081 0.019517 0.017772
0 0.074220 0.610965 0.018663 0.015092
0 0.447496 0.663509 0.016865 0.013113
0 0.440463 0.556026 0.022869 0.018914
0 0.365358 0.942906 0.023685 0.016829
0 0.369144 0.642065 0.016586 0.013469
0 0.618470 0.639242 0.023832 0.016632
0 0.274594 0.898112 0.024001 0.018569
0 0.196685 0.423941 0.021518 0.017081
0 0.470474 0.678946 0.027425 0.021025