0 0.485979 0.214638 0.012383 0.017188
0 0.395632 0.393264 0.012003 0.016576
0 0.467931 0.440159 0.012002 0.016779
0 0.468177 0.560044 0.011710 0.016871
0 0.505116 0.234476 0.011009 0.016061
0 0.585507 0.500284 0.012378 0.016451
0 0.381732 0.464399 0.013436 0.021361
0 0.411536 0.495269 0.012259 0.018301
0 0.449184 0.405962 0.011857 0.017463
0 0.181296 0.514239 0.010912 0.014851
0 0.480169 0.253923 0.010762 0.014456
0 0.351621 0.169907 0.011412 0.017539
0 0.208171 0.466284 0.011009 0.015105
0 0.612604 0.212430 0.011412 0.017037
0 0.222868 0.610857 0.010361 0.014164
0 0.364952 0.591083 0.011334 0.016088
0 0.623532 0.374276 0.012458 0.018299
0 0.411916 0.719390 0.011550 0.015669
0 0.213461 0.337054 0.011675 0.016845
0 0.389265 0.238377 0.011891 0.017066
0 0.534301 0.645721 0.010854 0.015398
0 0.585571 0.295727 0.011248 0.015633
0 0.517742 0.334188 0.011106 0.015574
0 0.618387 0.717835 0.013449 0.019684
0 0.267045 0.416969 0.013682 0.018876
0 0.669459 0.334669 0.011591 0.015660
0 0.278358 0.648082 0.011774 0.017553
0 0.647415 0.317881 0.011152 0.015332
1 0.485325 0.305845 0.033190 0.042702
0 0.204184 0.492317 0.012063 0.017367
0 0.653963 0.457669 0.011532 0.016593
1 0.412558 0.345052 0.035338 0.045596
0 0.562449 0.461677 0.010121 0.014806
0 0.145282 0.448152 0.012995 0.017577
0 0.393744 0.828430 0.015615 0.021624
0 0.482925 0.398419 0.010709 0.015360
0 0.457990 0.737849 0.014795 0.020632
0 0.387095 0.639197 0.010860 0.020118
0 0.400706 0.677275 0.011106 0.015951
0 0.466083 0.382615 0.011339 0.016085
0 0.200729 0.613837 0.010572 0.015243
0 0.531201 0.459438 0.011436 0.016010
0 0.281116 0.271449 0.012120 0.018635
0 0.569510 0.346952 0.011837 0.017256
0 0.528079 0.151762 0.012553 0.018133
0 0.629734 0.256372 0.010958 0.016360
0 0.331908 0.149340 0.012424 0.018780
0 0.332000 0.391886 0.011805 0.016520
0 0.426543 0.186323 0.011252 0.018516
1 0.165096 0.568476 0.030093 0.044190
0 0.548201 0.133810 0.015198 0.020436
0 0.532741 0.276161 0.010911 0.016323
0 0.388903 0.105165 0.010748 0.016824
0 0.243601 0.253041 0.012795 0.017761
0 0.386983 0.162950 0.012790 0.022179
0 0.379595 0.835760 0.017866 0.021299
0 0.561842 0.513664 0.011140 0.016567
0 0.216338 0.561821 0.010312 0.014272
0 0.291315 0.458220 0.010879 0.016045
0 0.606815 0.682857 0.010053 0.013620
0 0.407079 0.602922 0.013326 0.019801
0 0.555572 0.596980 0.010340 0.014528
0 0.427001 0.832275 0.016728 0.023916
0 0.262964 0.454517 0.011526 0.015349
0 0.436452 0.695048 0.010363 0.015162
0 0.255696 0.536647 0.010146 0.016631
0 0.357343 0.385049 0.011906 0.018074
0 0.478204 0.511813 0.010429 0.014274
0 0.553969 0.322785 0.010507 0.014442
0 0.175276 0.408572 0.010612 0.014759
0 0.164916 0.428523 0.010296 0.014507
0 0.542905 0.173812 0.010915 0.017009
0 0.508861 0.409311 0.010543 0.015117
0 0.272534 0.436807 0.011370 0.015978
0 0.450315 0.445919 0.011229 0.018772
0 0.635649 0.472693 0.009674 0.013770
0 0.529589 0.666425 0.011884 0.016629
0 0.605736 0.343081 0.012930 0.016438
0 0.329667 0.616328 0.010401 0.017849
0 0.575753 0.677350 0.015245 0.021169
0 0.690860 0.355574 0.015675 0.026280
0 0.422118 0.688776 0.011224 0.016100
0 0.320889 0.816031 0.014770 0.021778
0 0.498861 0.361600 0.010116 0.014833
0 0.297295 0.128060 0.013272 0.018943
0 0.443105 0.248309 0.009336 0.014626
0 0.655725 0.406473 0.010200 0.014670
0 0.280315 0.375906 0.010626 0.014825
0 0.303427 0.364050 0.009966 0.014756
0 0.344343 0.258948 0.012710 0.023446
0 0.401587 0.361606 0.011828 0.015622