0 0.330980 0.359979 0.017370 0.013198
0 0.482332 0.517318 0.017449 0.013395
0 0.638685 0.509727 0.018736 0.015070
0 0.415517 0.515089 0.016653 0.012981
0 0.513462 0.457478 0.017714 0.013366
0 0.390222 0.359014 0.017738 0.015187
0 0.457352 0.593820 0.017904 0.014026
0 0.746190 0.528587 0.019883 0.015641
0 0.668602 0.272883 0.016853 0.013206
0 0.482136 0.401392 0.016934 0.013427
0 0.574347 0.358047 0.015681 0.012782
0 0.588551 0.437018 0.015843 0.012549
0 0.513409 0.606129 0.018156 0.014237
0 0.453359 0.323288 0.016302 0.012735
0 0.449339 0.375503 0.017512 0.013913
0 0.315913 0.233676 0.015101 0.013177
0 0.469394 0.299030 0.015284 0.012269
0 0.567722 0.244007 0.015753 0.013045
0 0.578296 0.554085 0.019250 0.014100
0 0.741101 0.497552 0.016240 0.012780
0 0.396462 0.669122 0.018909 0.013878
0 0.400898 0.311961 0.019559 0.013728
0 0.523350 0.476737 0.016053 0.011840
0 0.483437 0.572922 0.016411 0.012791
0 0.674316 0.377171 0.017464 0.013187
0 0.551652 0.486930 0.015255 0.012448
0 0.490929 0.535814 0.015580 0.012209
0 0.613740 0.526457 0.016032 0.011551
0 0.879866 0.323111 0.017812 0.013490
0 0.616972 0.480440 0.014284 0.011542
0 0.241222 0.319977 0.017469 0.014775
0 0.234935 0.442654 0.016305 0.012687
0 0.339453 0.218519 0.016919 0.013728
0 0.444460 0.703768 0.021697 0.015523
0 0.401949 0.563360 0.015189 0.011607
0 0.449566 0.560275 0.016189 0.012761
1 0.512201 0.251364 0.045964 0.035845
0 0.485608 0.369703 0.016173 0.013009
0 0.699005 0.540985 0.023462 0.019217
0 0.541258 0.576625 0.013500 0.011261
0 0.394546 0.194532 0.016106 0.013554
0 0.647196 0.316674 0.017000 0.015096
0 0.818889 0.331971 0.014591 0.011411
0 0.499335 0.217987 0.012985 0.011273
0 0.376373 0.212924 0.014653 0.012045
0 0.189305 0.346206 0.018936 0.015970
0 0.689422 0.315634 0.019156 0.015202
0 0.807037 0.480182 0.018189 0.015637
0 0.227318 0.523224 0.016671 0.011916
0 0.549643 0.258781 0.015996 0.012636
0 0.325815 0.617864 0.017648 0.013499
0 0.881922 0.352821 0.017942 0.014437
0 0.357183 0.444593 0.014211 0.011498
0 0.808328 0.534229 0.024895 0.015701
0 0.733408 0.321398 0.016027 0.013400
0 0.210501 0.478379 0.017780 0.012389
0 0.205583 0.298202 0.020329 0.015753
0 0.432640 0.635078 0.017114 0.015437
0 0.760420 0.324250 0.019312 0.015700
0 0.689485 0.203206 0.013938 0.012061
0 0.614445 0.550857 0.017653 0.012993
0 0.783330 0.228588 0.013891 0.012113
0 0.817178 0.352985 0.016770 0.014201
0 0.817077 0.533025 0.027957 0.016144
0 0.810993 0.366600 0.015104 0.012998
0 0.851667 0.418246 0.014257 0.012093
0 0.497311 0.653978 0.016971 0.012505
0 0.368184 0.646443 0.016525 0.013629
0 0.832144 0.451416 0.014923 0.011074
0 0.229688 0.495987 0.014181 0.010318
0 0.570729 0.337965 0.015265 0.011392