0 0.513061 0.461021 0.018071 0.013973
0 0.196789 0.458279 0.017950 0.013257
0 0.080423 0.684987 0.018809 0.014423
0 0.557138 0.872648 0.020433 0.015593
0 0.393608 0.605200 0.014991 0.012026
0 0.294473 0.636718 0.015556 0.012094
0 0.166506 0.518089 0.017375 0.013340
0 0.298536 0.508449 0.014215 0.010709
0 0.211475 0.594544 0.016556 0.012558
0 0.582312 0.642094 0.015505 0.011784
0 0.216838 0.491946 0.018563 0.015270
0 0.342758 0.898567 0.019547 0.014386
0 0.352855 0.613161 0.014917 0.011802
0 0.609941 0.695515 0.018610 0.013536
0 0.398601 0.520243 0.014285 0.010576
0 0.233957 0.452343 0.016849 0.013179
1 0.511299 0.737892 0.062716 0.045267
0 0.248056 0.775680 0.015351 0.011573
0 0.173963 0.740588 0.015526 0.012311
0 0.442746 0.544833 0.015020 0.011738
0 0.295740 0.473933 0.019937 0.015543
0 0.633799 0.516060 0.017586 0.013862
0 0.414968 0.670598 0.016154 0.012351
0 0.459023 0.451972 0.016403 0.013150
0 0.476472 0.520501 0.018277 0.014724
0 0.258163 0.496230 0.014860 0.011365
0 0.462872 0.556170 0.015888 0.011215
0 0.375516 0.642481 0.016427 0.012621
0 0.498625 0.551025 0.016646 0.012913
0 0.616327 0.652996 0.017037 0.013720
0 0.296601 0.886767 0.019042 0.014702
0 0.329139 0.927778 0.022430 0.015627
0 0.258120 0.793017 0.015324 0.011806
1 0.685652 0.612236 0.063148 0.061719
0 0.554268 0.663476 0.020053 0.013373
0 0.428318 0.590229 0.015919 0.011767
0 0.058381 0.713915 0.016935 0.012887
0 0.290181 0.792461 0.014896 0.011557
0 0.325885 0.507951 0.016481 0.011766
0 0.608125 0.834988 0.018485 0.014288
0 0.027716 0.689369 0.018819 0.014096
0 0.346879 0.673837 0.015229 0.012309
1 0.353603 0.537903 0.046711 0.039466
0 0.333278 0.721119 0.019291 0.014190
0 0.644107 0.679540 0.020741 0.015765
0 0.432889 0.657896 0.016712 0.013319
0 0.463777 0.590927 0.021883 0.013396
1 0.352967 0.772967 0.055376 0.048893
0 0.212851 0.886624 0.019987 0.014536
0 0.574724 0.815011 0.017689 0.013262
0 0.467960 0.488471 0.017330 0.013475
0 0.274052 0.408170 0.019893 0.015528
0 0.184592 0.790883 0.015763 0.012532
0 0.543229 0.378603 0.017748 0.013905
0 0.394436 0.877256 0.018236 0.013965
0 0.332091 0.438115 0.016362 0.013334
0 0.068388 0.491819 0.016566 0.012855
0 0.523658 0.840287 0.019169 0.015107
0 0.320893 0.671920 0.015329 0.011815
0 0.447291 0.378047 0.016843 0.012297
0 0.068516 0.742646 0.016972 0.012815
0 0.171730 0.878915 0.019382 0.014935
0 0.347404 0.697354 0.016455 0.011688
0 0.366495 0.359512 0.013438 0.012803
0 0.504232 0.799198 0.020561 0.015715
0 0.371108 0.692521 0.016415 0.011325
1 0.083282 0.808184 0.060677 0.044903
0 0.406233 0.920906 0.023130 0.019552
0 0.388952 0.853044 0.019032 0.014727
0 0.256118 0.735771 0.018676 0.015925
0 0.590482 0.552392 0.020408 0.016967
0 0.154934 0.752585 0.013850 0.010187
0 0.209676 0.836189 0.014659 0.011190
0 0.279043 0.755859 0.020026 0.014293
0 0.143764 0.563468 0.015176 0.011902
0 0.466092 0.683078 0.016203 0.013157
0 0.299006 0.834557 0.018388 0.013632
1 0.394029 0.559871 0.047597 0.034416
0 0.279680 0.555104 0.015704 0.011741
1 0.482000 0.406070 0.058694 0.037666
0 0.452891 0.630334 0.013221 0.009841
0 0.205096 0.364567 0.021414 0.015436
0 0.680650 0.762154 0.020211 0.015899
0 0.238044 0.351034 0.014931 0.011719
0 0.504050 0.840748 0.019968 0.014771
0 0.042485 0.658958 0.013991 0.011103
0 0.737793 0.495733 0.021442 0.015895
0 0.203105 0.865236 0.017268 0.013261
0 0.602269 0.440876 0.021586 0.013821
0 0.376490 0.445264 0.016020 0.013255
0 0.415807 0.750291 0.016188 0.013313
0 0.447752 0.579046 0.016507 0.012239
0 0.138109 0.511216 0.017535 0.014329
0 0.499031 0.368830 0.016386 0.013070
0 0.306528 0.395604 0.018321 0.013620
0 0.291181 0.572879 0.016328 0.012814
0 0.118360 0.770371 0.012751 0.009679
0 0.331374 0.855152 0.023861 0.018705
0 0.114638 0.552624 0.016173 0.013561
0 0.520915 0.624966 0.012387 0.009727
0 0.296379 0.446588 0.013636 0.010815
0 0.284496 0.808315 0.013524 0.010500
0 0.032714 0.517620 0.017093 0.013282
0 0.293133 0.837714 0.024448 0.014355
0 0.310049 0.553477 0.015217 0.012986
0 0.632119 0.551010 0.014960 0.012019
0 0.702010 0.669651 0.022777 0.017178
0 0.177409 0.712758 0.012517 0.010417
0 0.741627 0.631933 0.015069 0.012106
0 0.700909 0.633828 0.018564 0.014282
0 0.608449 0.406958 0.014029 0.011630
0 0.565206 0.452525 0.018791 0.013430
0 0.153978 0.398354 0.014937 0.013817
0 0.029934 0.506078 0.016908 0.017079
0 0.763666 0.655520 0.016982 0.013499
0 0.555209 0.825922 0.018818 0.011109
0 0.576751 0.393014 0.012735 0.010523
0 0.183446 0.401890 0.014630 0.013819
0 0.455076 0.583620 0.026626 0.017673
0 0.632100 0.488314 0.015045 0.013175
0 0.594535 0.534829 0.014631 0.012252
0 0.708020 0.475991 0.018756 0.016215
0 0.253536 0.540973 0.023710 0.020271
0 0.680610 0.480249 0.020743 0.017267