0 0.606025 0.524602 0.022170 0.016829
0 0.625601 0.585992 0.025520 0.019299
0 0.307416 0.636063 0.022564 0.016621
0 0.667718 0.564790 0.022662 0.017840
0 0.058293 0.667291 0.024282 0.018186
0 0.270484 0.683748 0.026748 0.019663
0 0.139600 0.853199 0.023976 0.018010
0 0.023531 0.642376 0.022555 0.016983
0 0.126547 0.590453 0.024686 0.018129
0 0.208154 0.764136 0.025008 0.017822
0 0.282329 0.893934 0.027363 0.020485
0 0.300855 0.665957 0.020945 0.015391
0 0.370811 0.470833 0.029236 0.021632
0 0.469693 0.933292 0.025629 0.018136
0 0.464898 0.829588 0.025342 0.018652
0 0.560469 0.617279 0.025938 0.020578
1 0.722069 0.676037 0.043613 0.039090
0 0.174368 0.769530 0.029638 0.019577
0 0.277375 0.543162 0.032270 0.024287
0 0.198537 0.915346 0.025710 0.019243
0 0.393995 0.598302 0.030715 0.024060
0 0.533611 0.769832 0.026562 0.019798
0 0.176984 0.560384 0.027198 0.019188
0 0.442441 0.449761 0.015153 0.012709
0 0.592592 0.580969 0.021668 0.016681
0 0.279783 0.414259 0.017631 0.013019
0 0.047409 0.571927 0.027593 0.020357
0 0.291703 0.803782 0.030188 0.020879
0 0.369234 0.380337 0.017184 0.012643
0 0.494503 0.386051 0.022825 0.016057
0 0.429307 0.522578 0.031407 0.030355
0 0.391360 0.451928 0.019123 0.014289
0 0.652790 0.870905 0.031360 0.021053
0 0.361879 0.438499 0.015164 0.011782
0 0.219193 0.496702 0.027449 0.019689
0 0.593528 0.438459 0.015160 0.012597
0 0.680010 0.681514 0.022631 0.017226
0 0.753237 0.600371 0.016784 0.012679
0 0.486393 0.958019 0.025222 0.019471
0 0.234930 0.524216 0.019814 0.014849
0 0.200828 0.694135 0.027434 0.020383
0 0.098706 0.674191 0.018503 0.014344
0 0.633759 0.543512 0.015913 0.012425
0 0.108513 0.910646 0.016267 0.012631
0 0.260659 0.520105 0.017574 0.012999
0 0.549592 0.797950 0.025772 0.018302
0 0.378189 0.624541 0.018384 0.013613
0 0.170848 0.682895 0.046439 0.026958