0 0.594602 0.423413 0.016652 0.016571
0 0.744530 0.626533 0.015352 0.017031
0 0.309268 0.805971 0.014961 0.015509
0 0.405046 0.317352 0.014732 0.015948
0 0.231599 0.459562 0.016778 0.017128
0 0.689291 0.363533 0.016638 0.016356
0 0.715911 0.428794 0.016094 0.015861
0 0.781234 0.495534 0.016147 0.017176
0 0.077899 0.803510 0.015277 0.014845
0 0.705955 0.542309 0.017784 0.018393
0 0.158526 0.447366 0.017118 0.018156
0 0.558859 0.294177 0.016770 0.018404
0 0.693340 0.440044 0.015222 0.015326
0 0.640847 0.549604 0.018002 0.019785
0 0.677654 0.555638 0.016936 0.017483
0 0.702054 0.462021 0.015027 0.015239
0 0.701082 0.317880 0.014887 0.015712
0 0.182245 0.476777 0.015198 0.016696
0 0.620857 0.824472 0.015230 0.014734
0 0.348224 0.326454 0.016385 0.017909
0 0.842173 0.562547 0.015545 0.015021
0 0.899447 0.572091 0.017344 0.017371
0 0.311192 0.964456 0.016032 0.017644
0 0.220684 0.562447 0.015220 0.014618
0 0.636822 0.465193 0.014340 0.014970
0 0.589824 0.821392 0.015904 0.015930
1 0.118306 0.379114 0.053783 0.049613
0 0.679004 0.870116 0.012715 0.012020
0 0.530485 0.182731 0.012189 0.013235
0 0.648374 0.427920 0.014896 0.015050
0 0.805291 0.586380 0.013702 0.014983
0 0.317615 0.661976 0.014899 0.015462
0 0.433300 0.784410 0.013402 0.013578
0 0.255614 0.766338 0.020139 0.020320
0 0.331814 0.685354 0.013417 0.014644
0 0.623224 0.421647 0.017337 0.018157
0 0.709342 0.654040 0.018249 0.018568
0 0.155248 0.988631 0.014936 0.014618
0 0.142842 0.621990 0.016489 0.016829
0 0.267765 0.358030 0.012976 0.014410
0 0.273149 0.707000 0.014536 0.013418
0 0.868286 0.674634 0.013446 0.014270
0 0.833600 0.658763 0.013630 0.014331
0 0.836531 0.418857 0.014172 0.014411
0 0.806428 0.563914 0.013883 0.014223
0 0.632184 0.769391 0.014462 0.015795
0 0.149211 0.541707 0.013730 0.014742
0 0.302294 0.527796 0.015257 0.014944
0 0.224807 0.971618 0.013115 0.013972
0 0.616484 0.295389 0.017096 0.016259
0 0.444729 0.576945 0.016146 0.016228
0 0.814215 0.939831 0.011978 0.012235
0 0.782566 0.868221 0.010773 0.011516
0 0.834762 0.472546 0.013294 0.014064
0 0.321762 0.557099 0.016990 0.015166
0 0.663364 0.535709 0.015103 0.015559
0 0.343636 0.884201 0.013258 0.013098
0 0.506410 0.845535 0.015956 0.017770
0 0.569322 0.249305 0.016853 0.017162
0 0.459546 0.735452 0.014314 0.015672
0 0.615005 0.364827 0.018176 0.016179
0 0.321311 0.530309 0.014603 0.014285
0 0.605321 0.585176 0.015685 0.016840
0 0.193545 0.537968 0.016665 0.016684
0 0.202997 0.993760 0.013490 0.012433
0 0.228544 0.899658 0.014122 0.015700
0 0.772580 0.643076 0.013741 0.013853
0 0.872527 0.539298 0.018055 0.020937
0 0.501858 0.245179 0.012862 0.012774
0 0.511546 0.382345 0.013912 0.014305
0 0.286470 0.391228 0.017528 0.020245
0 0.519081 0.295153 0.012199 0.012121
0 0.368931 0.248491 0.012825 0.014205
0 0.389764 0.410810 0.014670 0.015147
0 0.746295 0.466490 0.024508 0.019494
0 0.433367 0.326477 0.017217 0.015330
0 0.583417 0.495647 0.016031 0.015195
0 0.347803 0.989915 0.013794 0.013748
0 0.338800 0.943209 0.013705 0.013781
0 0.286660 0.936143 0.012967 0.013562
0 0.473597 0.173086 0.013500 0.012957
0 0.349013 0.826931 0.014434 0.014353
0 0.787105 0.689538 0.013148 0.014329
0 0.214401 0.628577 0.015053 0.015826
0 0.387033 0.908096 0.015975 0.016371
0 0.624813 0.317308 0.015363 0.014479
0 0.580153 0.382762 0.018579 0.015775
0 0.095880 0.470495 0.013554 0.013508
0 0.679482 0.484709 0.018374 0.015656
0 0.493433 0.285323 0.012389 0.014328
0 0.771170 0.676759 0.013882 0.014138
0 0.406821 0.443400 0.016050 0.016792
0 0.468348 0.346584 0.015459 0.014753
0 0.362627 0.805401 0.013802 0.013533
0 0.312977 0.857941 0.014070 0.013895
0 0.749954 0.552889 0.016428 0.016082
0 0.633941 0.510146 0.015911 0.015964
0 0.087921 0.398789 0.013087 0.014774
0 0.125973 0.713668 0.011838 0.013120
0 0.861400 0.568302 0.016010 0.015387
0 0.398701 0.256252 0.011865 0.013516
0 0.463521 0.630033 0.016369 0.018155
0 0.161390 0.964256 0.012503 0.014228
0 0.455304 0.278488 0.014982 0.015392
0 0.472871 0.580353 0.015480 0.014369
0 0.564749 0.341554 0.015911 0.016420
0 0.852542 0.641125 0.013105 0.013569
0 0.577137 0.574298 0.015469 0.017869
0 0.416903 0.884084 0.019569 0.017468
0 0.783428 0.605952 0.013904 0.014044
0 0.238042 0.867130 0.012001 0.012759
0 0.801909 0.887700 0.010087 0.011530
0 0.766396 0.779133 0.013394 0.013640
0 0.698684 0.637840 0.017415 0.017687
0 0.374856 0.376572 0.014904 0.013290
0 0.241494 0.511167 0.016909 0.016890
0 0.194466 0.296410 0.015023 0.017530
0 0.312399 0.613685 0.015481 0.016122
0 0.373295 0.672393 0.020154 0.019562
0 0.555141 0.964455 0.012235 0.012252
0 0.201254 0.354005 0.012201 0.014204
0 0.503397 0.314161 0.012633 0.013973
0 0.639908 0.600068 0.019319 0.017623
0 0.467372 0.873372 0.019193 0.014052
0 0.515097 0.214524 0.014528 0.016317
0 0.435925 0.258669 0.012673 0.012969
0 0.598151 0.274515 0.016372 0.017054
0 0.789741 0.798117 0.011248 0.012054
0 0.111837 0.824365 0.013246 0.012722
0 0.848394 0.866780 0.014483 0.015260
0 0.768312 0.305109 0.013338 0.014490
0 0.760253 0.962321 0.013162 0.012324
0 0.136646 0.331978 0.012039 0.013317
0 0.685733 0.821107 0.012842 0.014817
0 0.247303 0.992954 0.012810 0.011726
0 0.288224 0.296482 0.013629 0.015058
0 0.240193 0.289216 0.015958 0.014986
0 0.537796 0.560046 0.016253 0.014415
0 0.319367 0.252891 0.012013 0.014262
0 0.189109 0.941667 0.011266 0.011112
0 0.446085 0.356612 0.014622 0.016038
0 0.644884 0.294040 0.014799 0.015468
0 0.543117 0.249279 0.014231 0.018109
0 0.246977 0.242793 0.010952 0.012288
0 0.359612 0.923148 0.014661 0.015393
0 0.596581 0.959185 0.014388 0.013767
0 0.460915 0.454349 0.014198 0.014138
0 0.599545 0.895792 0.012113 0.012783
0 0.824823 0.777684 0.011275 0.012470
0 0.601543 0.790764 0.014600 0.014381
0 0.489818 0.614488 0.019563 0.017768
0 0.396464 0.383679 0.013688 0.015823
0 0.279728 0.683795 0.016647 0.016511
0 0.188612 0.497375 0.012948 0.013323
0 0.617318 0.475312 0.014410 0.015193
0 0.887629 0.684677 0.013490 0.012836
0 0.447015 0.498669 0.018664 0.018600
0 0.474205 0.851006 0.018894 0.018376
0 0.236136 0.952576 0.012759 0.012767
0 0.487019 0.256963 0.012422 0.015454
0 0.590890 0.550573 0.015413 0.014498
0 0.782246 0.964177 0.011823 0.012241
0 0.366684 0.280018 0.013796 0.013808
0 0.742235 0.651397 0.021902 0.016252
0 0.418799 0.478775 0.016636 0.016366
0 0.534611 0.602509 0.014471 0.014921
0 0.778841 0.935620 0.011133 0.011834
0 0.456028 0.155576 0.011048 0.012823
0 0.538298 0.303503 0.014592 0.016057
0 0.771250 0.995866 0.013686 0.008268
0 0.675661 0.757476 0.012441 0.013206
0 0.541766 0.243672 0.013915 0.017262
0 0.003994 0.506240 0.007988 0.014513
0 0.332337 0.713826 0.012788 0.014566
0 0.277458 0.521643 0.015719 0.013706
0 0.509984 0.522093 0.012999 0.013315
0 0.839122 0.795057 0.010143 0.010382
0 0.455899 0.964840 0.016441 0.018514
0 0.137300 0.409483 0.011841 0.012744
0 0.544815 0.364928 0.013314 0.015412
0 0.268439 0.241850 0.011505 0.018862
0 0.913940 0.637632 0.014984 0.013311
0 0.311374 0.585260 0.016129 0.015994
0 0.287701 0.759302 0.013413 0.015289
0 0.750774 0.683271 0.012933 0.014467
0 0.885856 0.800935 0.013521 0.012372
0 0.557410 0.497055 0.016068 0.016238
0 0.331404 0.970461 0.013962 0.015641
0 0.316017 0.357492 0.014671 0.015189
0 0.206529 0.387984 0.012540 0.013639
0 0.120466 0.779098 0.015502 0.017293
0 0.349647 0.174815 0.014008 0.015236
0 0.715127 0.879268 0.010726 0.011999
0 0.449711 0.307824 0.015951 0.013469
0 0.372908 0.208629 0.010641 0.011915
0 0.460396 0.392924 0.015156 0.016953
0 0.806751 0.995204 0.011992 0.009294
0 0.407345 0.796129 0.012976 0.014558
0 0.274538 0.555056 0.013753 0.014674
0 0.362494 0.489625 0.017394 0.018205
0 0.559667 0.417336 0.014148 0.014736
0 0.422381 0.415760 0.015382 0.014367