0 0.544637 0.370135 0.021793 0.017029
0 0.604580 0.829674 0.014123 0.011119
0 0.193378 0.813347 0.018277 0.013043
0 0.293919 0.878698 0.019170 0.012152
0 0.520213 0.536709 0.019613 0.014150
0 0.200772 0.682129 0.015755 0.011695
0 0.291416 0.510850 0.017670 0.013641
0 0.592363 0.545785 0.016159 0.010400
0 0.422100 0.472455 0.013827 0.010438
0 0.611452 0.408857 0.020146 0.014520
0 0.423538 0.418691 0.017125 0.010151
0 0.246753 0.850312 0.015596 0.011381
0 0.426415 0.597877 0.019650 0.015364
0 0.130655 0.690043 0.013841 0.008934
0 0.307357 0.855604 0.018741 0.011671
0 0.578752 0.444226 0.018438 0.013336
0 0.214986 0.845253 0.016020 0.011892
0 0.560378 0.618419 0.016962 0.011834
0 0.578729 0.811386 0.013603 0.011208
0 0.329185 0.399000 0.015138 0.010527
0 0.351745 0.318345 0.008705 0.006587
0 0.212847 0.565498 0.016311 0.011881
0 0.702540 0.507175 0.021199 0.013921
0 0.164536 0.533870 0.016119 0.010214
0 0.325190 0.300534 0.011571 0.010735
0 0.693435 0.531781 0.012676 0.010571
0 0.453510 0.437154 0.020133 0.016154
0 0.167933 0.684708 0.014322 0.010214
0 0.426760 0.637948 0.012408 0.009510
0 0.211474 0.427961 0.017527 0.011157
0 0.343919 0.582755 0.015967 0.011557
0 0.487391 0.613678 0.013713 0.009256
0 0.333648 0.527864 0.012609 0.010926
0 0.471726 0.589930 0.016874 0.010611
0 0.390301 0.894707 0.018393 0.014934
0 0.457038 0.839519 0.010542 0.008311
0 0.303110 0.334139 0.020340 0.014059
0 0.328875 0.435571 0.015611 0.010899
0 0.341822 0.675508 0.015995 0.010794
0 0.286131 0.404107 0.012800 0.007831
0 0.487495 0.827541 0.012819 0.010374
0 0.282950 0.555603 0.014241 0.011672
0 0.559065 0.461002 0.015914 0.012281
0 0.431332 0.745776 0.013972 0.007691
0 0.134610 0.640998 0.012742 0.009219
0 0.340105 0.699309 0.016002 0.009200
0 0.402954 0.301131 0.012309 0.009112
0 0.450881 0.650527 0.016229 0.013235
0 0.208790 0.714197 0.017097 0.011388
0 0.158992 0.595203 0.017549 0.011170
0 0.191656 0.353458 0.015749 0.011083
0 0.349024 0.319207 0.008784 0.007323
0 0.031272 0.568995 0.019967 0.015161
0 0.167034 0.640078 0.013678 0.008224
0 0.300272 0.469764 0.019977 0.011389
0 0.537297 0.651515 0.017339 0.010589
0 0.519301 0.738833 0.011601 0.008285
0 0.274730 0.582107 0.013919 0.010752
0 0.158001 0.415511 0.013955 0.008003
0 0.617223 0.451242 0.015214 0.008851
0 0.360924 0.684571 0.015827 0.013436
0 0.635714 0.470189 0.016317 0.011303
0 0.258695 0.503413 0.014429 0.007902
0 0.389921 0.709500 0.010790 0.006551
0 0.181685 0.457115 0.012599 0.007005
0 0.489817 0.752867 0.013079 0.007632
0 0.664471 0.708175 0.013908 0.008674
0 0.078052 0.475976 0.011921 0.008078
0 0.215645 0.717634 0.011735 0.008933
0 0.278140 0.653892 0.019982 0.010719
0 0.135441 0.673153 0.012092 0.008583
0 0.446244 0.327636 0.011731 0.009750
0 0.271163 0.480235 0.011363 0.006899
0 0.612712 0.782056 0.011246 0.005492
0 0.007225 0.472841 0.011890 0.011435
0 0.520177 0.664962 0.012283 0.008602
0 0.628235 0.800888 0.009268 0.007332
0 0.372433 0.376479 0.015406 0.012581
0 0.249157 0.381884 0.017078 0.011000
0 0.405425 0.441430 0.015132 0.012583
0 0.365213 0.347603 0.014476 0.010771
0 0.133926 0.456907 0.014169 0.007459
0 0.556369 0.581530 0.019761 0.015021
0 0.297685 0.306947 0.013771 0.012179
0 0.519745 0.626159 0.011103 0.006901
0 0.084780 0.614308 0.013497 0.008446
0 0.279576 0.711107 0.015626 0.012694
0 0.315807 0.656628 0.014660 0.010920
0 0.054105 0.664811 0.015350 0.008486
0 0.248228 0.684757 0.012856 0.009852
0 0.288243 0.674289 0.021852 0.012356
0 0.283532 0.377383 0.014497 0.010364
0 0.454831 0.465318 0.017671 0.009898
0 0.486271 0.756563 0.014763 0.009935
0 0.426561 0.670570 0.017175 0.014445
0 0.351742 0.410500 0.015673 0.011438
0 0.224065 0.780087 0.015673 0.010934
0 0.245614 0.533387 0.017494 0.010852
0 0.213199 0.657183 0.012076 0.007792
0 0.211504 0.869029 0.013790 0.009915
0 0.188614 0.373350 0.016714 0.010301
0 0.257815 0.748577 0.011831 0.008781
0 0.229892 0.551120 0.014629 0.008771
0 0.455342 0.404169 0.016289 0.009345
0 0.414341 0.764757 0.012714 0.010177
0 0.505040 0.555818 0.014683 0.010623
0 0.146969 0.578915 0.016064 0.009549
0 0.614162 0.434609 0.015244 0.011956
0 0.318372 0.585629 0.016573 0.012833
0 0.470792 0.734300 0.012468 0.008368
0 0.304254 0.752434 0.016927 0.015806
0 0.304963 0.645583 0.021245 0.011323
0 0.175059 0.473159 0.012933 0.008247
0 0.537227 0.604050 0.012119 0.009176
0 0.437080 0.296481 0.013502 0.009528
0 0.247480 0.694906 0.013758 0.011896
0 0.729199 0.502776 0.017692 0.013035
0 0.601171 0.696139 0.011906 0.007506
0 0.218985 0.328091 0.009781 0.007861
0 0.356014 0.398143 0.013624 0.008684
0 0.317904 0.415897 0.015185 0.008072
0 0.404527 0.693925 0.013539 0.008665
0 0.673029 0.469561 0.012951 0.009563
0 0.572427 0.386403 0.018561 0.012936
0 0.103375 0.528450 0.015529 0.008691
0 0.308416 0.373461 0.016203 0.014813
0 0.501904 0.677064 0.015377 0.012838
0 0.408484 0.745058 0.014839 0.008543
0 0.230228 0.594776 0.013964 0.010572
0 0.326313 0.827409 0.013169 0.007941
0 0.297443 0.389308 0.012795 0.010924
0 0.199412 0.475933 0.014548 0.010539
0 0.693703 0.650497 0.013423 0.011442
0 0.096287 0.505662 0.014539 0.011159
0 0.286595 0.342223 0.010371 0.007639
0 0.413089 0.551421 0.012591 0.010260
0 0.284898 0.307965 0.012631 0.011548
0 0.037764 0.594261 0.014273 0.009915
0 0.385595 0.773108 0.010280 0.009564
0 0.189144 0.589359 0.015431 0.009503
0 0.181724 0.566481 0.013753 0.012199
0 0.045088 0.641975 0.013165 0.010730
0 0.296672 0.548115 0.021249 0.012885
0 0.349535 0.357017 0.019733 0.010117
0 0.368614 0.879318 0.012369 0.011400
0 0.301285 0.744737 0.015896 0.011893
0 0.541949 0.325357 0.014159 0.011460
0 0.103975 0.627585 0.014809 0.009993
0 0.198295 0.867398 0.014651 0.009719
0 0.600129 0.652911 0.017886 0.012358
0 0.434025 0.446144 0.016725 0.011915
0 0.136412 0.623451 0.011925 0.008731
0 0.005253 0.513510 0.010506 0.012245
0 0.665424 0.578176 0.016652 0.013003
0 0.053615 0.545300 0.021726 0.010934
0 0.249569 0.538429 0.013306 0.009573
0 0.248939 0.508527 0.016839 0.012878
0 0.545214 0.699629 0.013245 0.010263
0 0.059346 0.559881 0.014884 0.008739
0 0.523639 0.390891 0.014262 0.011756
0 0.134570 0.600760 0.019350 0.013213
0 0.628160 0.802943 0.012298 0.007263
1 0.724723 0.765462 0.030618 0.030618
1 0.448476 0.860635 0.074165 0.036232
1 0.325321 0.791998 0.067361 0.039804
1 0.370909 0.739947 0.042866 0.032660
1 0.122134 0.810625 0.063959 0.028067
1 0.090495 0.734078 0.072804 0.039294
1 0.452473 0.563891 0.031979 0.030618
1 0.156154 0.498316 0.046268 0.033170
1 0.097979 0.422025 0.051031 0.035722
1 0.269103 0.433252 0.055794 0.037763
1 0.215690 0.398296 0.049670 0.029088