0 0.219000 0.633625 0.021209 0.016032
0 0.175086 0.497930 0.023844 0.015418
0 0.597782 0.711519 0.027758 0.021773
0 0.213150 0.560470 0.025532 0.019713
0 0.431349 0.505248 0.021503 0.016678
0 0.649452 0.469662 0.018376 0.014630
0 0.606787 0.656562 0.025931 0.019816
0 0.723847 0.524560 0.025465 0.017985
0 0.539275 0.632898 0.019125 0.014422
0 0.334338 0.682488 0.022786 0.018247
0 0.730599 0.477553 0.018096 0.013477
0 0.482180 0.564784 0.020720 0.016397
1 0.798128 0.592487 0.043714 0.037284
1 0.660330 0.367245 0.039623 0.033549
0 0.253927 0.347740 0.024673 0.018482
0 0.434807 0.529278 0.019982 0.015498
0 0.449803 0.435349 0.024552 0.018957
0 0.191358 0.376945 0.025195 0.020782
0 0.633115 0.498121 0.020963 0.016162
0 0.790952 0.501185 0.017679 0.013147
0 0.383091 0.566449 0.018594 0.014942
0 0.425383 0.399375 0.022943 0.019298
0 0.147729 0.573845 0.015944 0.012047
0 0.570505 0.369144 0.031492 0.020396
0 0.413009 0.764511 0.032654 0.036902
0 0.382885 0.588619 0.023382 0.018057
0 0.541087 0.512802 0.021025 0.017168
0 0.615332 0.257184 0.014970 0.013624
0 0.760112 0.440457 0.016572 0.013045
0 0.347166 0.749151 0.022885 0.018543
0 0.586403 0.425473 0.017247 0.015764
0 0.301024 0.602326 0.017717 0.014330
0 0.470093 0.652682 0.023684 0.018396
1 0.765327 0.344409 0.034133 0.025475
0 0.265971 0.263018 0.028773 0.021013
0 0.554048 0.458470 0.018812 0.015854
0 0.573616 0.615594 0.016095 0.013637
0 0.802722 0.464441 0.017159 0.013706
1 0.166259 0.690127 0.034383 0.030661
0 0.557344 0.527602 0.020071 0.017841
0 0.305719 0.549649 0.016222 0.014047
0 0.792572 0.422100 0.017207 0.014926
0 0.288226 0.364643 0.027438 0.021955