0 0.716806 0.561153 0.017848 0.013612
0 0.666005 0.581248 0.018120 0.013041
0 0.322223 0.760771 0.016747 0.012912
0 0.446776 0.687934 0.017855 0.013013
0 0.574099 0.451457 0.016417 0.012392
0 0.371327 0.533630 0.017118 0.013431
0 0.430654 0.665367 0.018014 0.012790
0 0.407632 0.926526 0.025488 0.018291
0 0.525070 0.722321 0.018701 0.014778
0 0.286469 0.769741 0.017052 0.012814
0 0.767058 0.643923 0.019105 0.014960
0 0.358350 0.489213 0.015241 0.011686
0 0.506143 0.516251 0.016097 0.012855
0 0.547387 0.440015 0.016418 0.012407
0 0.332068 0.526180 0.014356 0.011090
0 0.841673 0.627188 0.020256 0.015398
0 0.605257 0.440568 0.020303 0.014163
0 0.394493 0.714623 0.017837 0.013371
0 0.664544 0.611020 0.019001 0.013199
0 0.843905 0.572207 0.015716 0.010997
0 0.493669 0.539766 0.014033 0.010089
0 0.642237 0.546015 0.017387 0.013140
0 0.363745 0.676294 0.015550 0.011558
0 0.658517 0.651808 0.021090 0.015593
0 0.420553 0.451481 0.016645 0.012411
0 0.750058 0.602174 0.021991 0.015870
0 0.259589 0.576475 0.014202 0.011145
0 0.311593 0.552064 0.014578 0.010942
0 0.317837 0.708563 0.016016 0.013146
0 0.444497 0.528568 0.014830 0.010962
0 0.550482 0.563960 0.015820 0.012401
0 0.880206 0.718788 0.017450 0.012895
0 0.572995 0.412297 0.014217 0.011010
0 0.398882 0.508740 0.017432 0.015996
0 0.810506 0.622291 0.017769 0.013768
0 0.332666 0.476864 0.014972 0.011663
0 0.707759 0.604338 0.017720 0.014534
0 0.342408 0.720808 0.015599 0.010974
0 0.545640 0.383417 0.014119 0.011534
0 0.881484 0.761250 0.018577 0.013527
0 0.832823 0.594857 0.016224 0.012103
0 0.859053 0.446666 0.018615 0.014835
0 0.581972 0.751151 0.021503 0.017502
0 0.220416 0.584907 0.014370 0.010936
0 0.535131 0.524002 0.015973 0.013698
0 0.548143 0.541494 0.017726 0.012564
0 0.324381 0.795677 0.018205 0.013974
0 0.578342 0.489490 0.020377 0.015112
0 0.405175 0.467030 0.015380 0.011083
0 0.447195 0.500198 0.015511 0.011906
0 0.403174 0.606825 0.016796 0.014157
0 0.754311 0.669451 0.019413 0.013688
0 0.188881 0.623113 0.016888 0.012709
0 0.439346 0.639608 0.015888 0.013629
0 0.602848 0.524613 0.019704 0.014973
0 0.644747 0.476745 0.019204 0.013383
0 0.235477 0.518082 0.017330 0.013571
0 0.248802 0.605861 0.012874 0.010224
0 0.252134 0.775717 0.016227 0.011982
0 0.235105 0.564544 0.014956 0.010942
0 0.302437 0.649089 0.014739 0.011532
0 0.385081 0.631706 0.022133 0.013600
0 0.496909 0.588968 0.012725 0.009425
0 0.228346 0.478453 0.015416 0.012203
0 0.589886 0.629861 0.016609 0.012450
0 0.804567 0.603378 0.017482 0.012093
0 0.335613 0.611449 0.014307 0.010425
0 0.281371 0.476493 0.015940 0.012018
0 0.460196 0.575463 0.014728 0.010805
0 0.882985 0.485840 0.015601 0.012586
0 0.603439 0.353971 0.014229 0.011173
0 0.571968 0.368802 0.013033 0.010154
0 0.867451 0.510895 0.019756 0.014069
0 0.275764 0.495354 0.016559 0.011142
0 0.346761 0.801409 0.020800 0.015025
1 0.257232 0.814381 0.050816 0.040888
0 0.296609 0.427367 0.018742 0.014663
0 0.650226 0.457519 0.019389 0.013807
0 0.608113 0.386431 0.012146 0.010182
0 0.264385 0.516438 0.013392 0.009892
0 0.293694 0.811428 0.016232 0.013309
0 0.517709 0.371380 0.017373 0.014418
0 0.421951 0.601007 0.015337 0.012074
0 0.293475 0.681681 0.018199 0.012817
0 0.581708 0.549668 0.017120 0.012757
0 0.287424 0.732146 0.015641 0.011102
0 0.481451 0.381960 0.017839 0.014860
0 0.428154 0.478949 0.015868 0.012560
0 0.310316 0.517685 0.013037 0.009343
0 0.910376 0.601469 0.016137 0.011324
0 0.516130 0.475367 0.014088 0.011508
0 0.718711 0.455701 0.014996 0.011810
0 0.612741 0.543291 0.016971 0.012203
0 0.444252 0.576997 0.014994 0.010454
0 0.315867 0.497760 0.019314 0.011111
0 0.785044 0.829041 0.039500 0.027927
0 0.261497 0.547361 0.016823 0.012968
0 0.417103 0.767053 0.018711 0.015118
0 0.385018 0.557973 0.015319 0.011356
0 0.505761 0.645173 0.020715 0.012638
0 0.895307 0.518141 0.016312 0.012711
0 0.507603 0.624139 0.019540 0.013893
0 0.584394 0.586018 0.018687 0.016622
1 0.369877 0.587790 0.049137 0.038691
0 0.291001 0.708444 0.016842 0.015993
0 0.182439 0.582389 0.017585 0.012123
0 0.408779 0.870161 0.020766 0.016046
0 0.196806 0.671069 0.016693 0.014489
0 0.315892 0.443696 0.014685 0.011184
0 0.473341 0.407169 0.017821 0.014230
0 0.150843 0.615901 0.016379 0.013262
0 0.775206 0.416940 0.019017 0.015927
0 0.222794 0.760320 0.016608 0.013668
0 0.282221 0.447079 0.015294 0.011973
0 0.801063 0.776447 0.018692 0.014458
0 0.196358 0.737284 0.014421 0.010466
0 0.940377 0.538233 0.015965 0.011973
0 0.889324 0.786970 0.019762 0.014054
0 0.445350 0.379044 0.020161 0.013929
0 0.615961 0.560697 0.018893 0.012407
0 0.251066 0.541738 0.017498 0.011731
0 0.879928 0.558984 0.013135 0.010481
0 0.580177 0.686434 0.028739 0.021039
0 0.323077 0.499340 0.017866 0.010435
0 0.961594 0.579409 0.015740 0.012304
0 0.908774 0.561566 0.017740 0.011420
0 0.517054 0.824269 0.019909 0.016630
0 0.163504 0.680671 0.015221 0.012959
0 0.313167 0.420981 0.017492 0.013853
0 0.538677 0.529807 0.019086 0.023344
0 0.917418 0.541134 0.021342 0.012376