0 0.577697 0.581453 0.016756 0.013249
0 0.546467 0.735417 0.017809 0.013812
0 0.913039 0.756493 0.016005 0.011659
0 0.706282 0.949916 0.021915 0.016430
0 0.624849 0.700928 0.018389 0.013082
0 0.683533 0.558606 0.017012 0.013411
0 0.344773 0.827409 0.017360 0.012713
0 0.340600 0.788533 0.017977 0.013181
0 0.874495 0.512005 0.021141 0.016021
0 0.618498 0.736180 0.014872 0.011386
0 0.776366 0.647847 0.020939 0.014274
0 0.899925 0.557864 0.015775 0.012488
0 0.635595 0.585858 0.018878 0.014589
0 0.569862 0.694676 0.015174 0.011799
0 0.523116 0.908597 0.020453 0.015579
0 0.797957 0.595740 0.018543 0.015484
0 0.774843 0.777436 0.017129 0.012778
0 0.800794 0.496441 0.017924 0.015504
0 0.776238 0.930596 0.018781 0.014395
0 0.824671 0.450712 0.014109 0.011884
0 0.665235 0.789229 0.019871 0.015538
0 0.731222 0.402991 0.017592 0.016510
1 0.680442 0.482235 0.062745 0.056183
0 0.680551 0.964608 0.020123 0.015191
0 0.286219 0.692242 0.015365 0.011784
0 0.862671 0.553602 0.019559 0.016116
0 0.577614 0.518989 0.018627 0.012682
0 0.365818 0.523767 0.014516 0.011910
0 0.723702 0.663627 0.019641 0.014951
0 0.958498 0.494114 0.021422 0.016496
0 0.870727 0.772587 0.015712 0.012091
0 0.346513 0.468480 0.015692 0.013440
0 0.431352 0.677490 0.015713 0.011913
0 0.526776 0.802995 0.021058 0.015618
0 0.389212 0.552757 0.018811 0.015568
0 0.653101 0.924179 0.019096 0.015073
0 0.789643 0.673893 0.019367 0.014210
0 0.634135 0.538720 0.016177 0.012010
0 0.607772 0.399740 0.014072 0.011193
0 0.500177 0.611587 0.016248 0.012629
0 0.559697 0.980472 0.019216 0.014636
0 0.526323 0.590748 0.017062 0.016086
0 0.353179 0.558330 0.014911 0.011996
0 0.811062 0.816283 0.016339 0.012295
1 0.402155 0.844461 0.039218 0.030360
0 0.325928 0.655021 0.018251 0.013679
0 0.621485 0.625706 0.015406 0.011573
1 0.530914 0.849188 0.051753 0.041590
0 0.365389 0.848989 0.015581 0.012370
0 0.714962 0.685619 0.016957 0.013422
0 0.730917 0.993397 0.022345 0.013197
0 0.902229 0.644927 0.024372 0.018211
0 0.610802 0.536807 0.016412 0.012846
0 0.327858 0.577309 0.014835 0.011437
0 0.538595 0.620480 0.015601 0.011217
0 0.717424 0.447805 0.012576 0.010028
0 0.673193 0.746711 0.016405 0.015674
0 0.618462 0.463361 0.015750 0.011884
0 0.485767 0.588988 0.016376 0.013165
0 0.864174 0.622981 0.017090 0.013925
0 0.943601 0.672756 0.014914 0.011065
0 0.922581 0.773643 0.013466 0.011214
0 0.693424 0.671457 0.015351 0.012815
0 0.559234 0.712451 0.014068 0.010740
0 0.649781 0.658355 0.014949 0.012320
0 0.874824 0.819237 0.017121 0.013738
0 0.657233 0.848425 0.017948 0.015527
1 0.891467 0.467984 0.032073 0.020404
0 0.463474 0.523249 0.016313 0.015311
0 0.831757 0.609897 0.020005 0.017303
0 0.550699 0.947575 0.018297 0.015109
0 0.508976 0.867873 0.017107 0.014381
0 0.453605 0.576967 0.015393 0.012288
0 0.367999 0.909878 0.017136 0.014351
0 0.540881 0.675423 0.015166 0.011943
0 0.501745 0.454061 0.018146 0.014175
0 0.989762 0.654170 0.016460 0.013538
0 0.767451 0.978725 0.023184 0.015578
0 0.956102 0.787239 0.021111 0.018752
0 0.401269 0.530739 0.016973 0.014426
0 0.672880 0.367757 0.015732 0.011970
0 0.517346 0.505551 0.016317 0.014114
0 0.566284 0.666926 0.016444 0.013013
0 0.253348 0.697374 0.013940 0.010693
0 0.620180 0.903358 0.019168 0.013907
0 0.309448 0.496756 0.013091 0.012175
0 0.543521 0.476083 0.015191 0.012141
0 0.627683 0.662941 0.013519 0.010155
1 0.436534 0.493292 0.043193 0.038528
0 0.624328 0.515644 0.014984 0.011722
0 0.954006 0.794712 0.020466 0.018029
0 0.331784 0.714020 0.016313 0.013720
0 0.763309 0.889518 0.014905 0.012096
0 0.903656 0.893577 0.015096 0.011454
0 0.859263 0.761026 0.013596 0.013175
1 0.400067 0.472543 0.042941 0.029522
1 0.617160 0.490882 0.038170 0.028628