0 0.263545 0.508812 0.015684 0.010818
0 0.219852 0.585440 0.012669 0.009709
0 0.425756 0.699593 0.015400 0.013683
0 0.582778 0.861448 0.018863 0.014470
0 0.419814 0.409172 0.014618 0.011859
0 0.278293 0.472757 0.015124 0.011805
0 0.494055 0.426495 0.016677 0.014013
0 0.368191 0.492394 0.015521 0.012730
0 0.344233 0.474402 0.016984 0.013044
0 0.597895 0.365979 0.016235 0.013393
0 0.324724 0.538738 0.017516 0.013870
0 0.532844 0.392062 0.016645 0.014719
0 0.563780 0.449604 0.018369 0.015110
0 0.195650 0.425303 0.014735 0.011452
0 0.471262 0.334896 0.017205 0.014549
0 0.304711 0.729942 0.013732 0.011745
0 0.307448 0.368971 0.018791 0.015587
0 0.258539 0.610857 0.015109 0.011746
0 0.211128 0.810312 0.015591 0.010958
0 0.210856 0.446263 0.015075 0.011973
0 0.465760 0.886459 0.017406 0.013119
0 0.400389 0.352995 0.014610 0.013651
0 0.304872 0.448605 0.016090 0.013119
0 0.450394 0.676225 0.013628 0.011322
0 0.361869 0.594061 0.015108 0.012173
0 0.356486 0.801419 0.015346 0.011808
0 0.198619 0.671124 0.013854 0.010269
0 0.484189 0.506304 0.013501 0.010519
0 0.437127 0.531781 0.015272 0.012740
0 0.434256 0.333780 0.015035 0.012211
0 0.552300 0.572671 0.016819 0.014941
0 0.422996 0.643442 0.015908 0.011614
0 0.650155 0.479292 0.017373 0.015051
0 0.615902 0.797658 0.014671 0.011262
0 0.721095 0.432452 0.021303 0.014601
0 0.507484 0.459975 0.016603 0.013859
0 0.293870 0.514836 0.018100 0.013479
0 0.240113 0.466163 0.022426 0.014807
0 0.274466 0.891580 0.017797 0.014474
0 0.401439 0.449301 0.015034 0.013070
0 0.567222 0.335894 0.017486 0.014001
0 0.386205 0.746420 0.016852 0.012401
0 0.484699 0.576384 0.017308 0.013964
0 0.081318 0.495631 0.019769 0.015154
0 0.530529 0.460235 0.015002 0.010864
0 0.398372 0.422682 0.014726 0.012531
0 0.220575 0.502343 0.015736 0.011559
0 0.528844 0.364412 0.016500 0.015485
0 0.216406 0.546454 0.014244 0.012162
0 0.146751 0.706757 0.012525 0.011145
0 0.420121 0.858645 0.020122 0.014325
0 0.307318 0.774852 0.018036 0.012527
0 0.401983 0.804800 0.013806 0.010844
0 0.441451 0.877858 0.016628 0.012489
0 0.184898 0.448944 0.014613 0.012428
0 0.132826 0.652141 0.014257 0.011473
0 0.385370 0.686907 0.011411 0.008887
0 0.435558 0.901458 0.020849 0.018140
0 0.251130 0.375421 0.021216 0.013164
0 0.196771 0.613682 0.015414 0.013215
0 0.114594 0.588354 0.013522 0.010159
0 0.457269 0.309738 0.014403 0.010923
0 0.599933 0.394296 0.013440 0.012197
0 0.297453 0.394863 0.013368 0.012023
0 0.432422 0.756956 0.012059 0.010528
0 0.566842 0.774074 0.015383 0.011603
0 0.258636 0.351245 0.019822 0.015660
0 0.090959 0.599369 0.012043 0.009847
0 0.333390 0.563578 0.014940 0.012182
0 0.353058 0.914648 0.024506 0.021053
0 0.284467 0.582567 0.014581 0.013934
0 0.664413 0.591127 0.014786 0.012569
0 0.315812 0.406399 0.016675 0.013607
0 0.177574 0.388983 0.016699 0.014152
0 0.498748 0.553937 0.014864 0.013393
0 0.406311 0.786424 0.011362 0.009781
0 0.405061 0.711211 0.011304 0.008621
0 0.726394 0.805044 0.013721 0.010502
0 0.370743 0.724719 0.013798 0.012362
0 0.478040 0.481257 0.015227 0.013682
0 0.236028 0.861336 0.015493 0.011646
0 0.347723 0.657216 0.015719 0.012232
0 0.158305 0.509018 0.017868 0.015403
0 0.271277 0.444188 0.016581 0.015433
0 0.547895 0.695966 0.013686 0.011044
0 0.283347 0.540161 0.015953 0.010894
0 0.204035 0.386014 0.014428 0.011937
0 0.725491 0.472118 0.016874 0.014281
0 0.227912 0.385044 0.015161 0.011469
0 0.385363 0.631348 0.014475 0.012280
0 0.656242 0.393984 0.014864 0.011816
0 0.523455 0.608357 0.012359 0.010440
0 0.721130 0.777267 0.013472 0.010348
0 0.446715 0.708983 0.013645 0.011819
0 0.538620 0.517893 0.016394 0.012744
0 0.493970 0.659447 0.011493 0.010088
0 0.649439 0.831236 0.014988 0.012276
0 0.411769 0.920478 0.024442 0.015794
0 0.486988 0.606071 0.018816 0.013116
0 0.550298 0.497067 0.014940 0.012112
0 0.135339 0.602685 0.012784 0.010211
0 0.261242 0.856519 0.016792 0.013963
0 0.359945 0.628863 0.014955 0.012119
0 0.353510 0.704330 0.013756 0.010096
0 0.384835 0.652232 0.010780 0.008704
0 0.647507 0.814052 0.013739 0.010324
0 0.029635 0.571430 0.014448 0.012734
0 0.328457 0.450946 0.013981 0.012443
0 0.032579 0.604172 0.013460 0.011777
0 0.313454 0.427439 0.020271 0.014114
0 0.635574 0.787063 0.012442 0.010097
0 0.616649 0.584033 0.013294 0.011310
0 0.593322 0.825634 0.016193 0.013963
0 0.569763 0.809807 0.015264 0.012773
0 0.707355 0.455494 0.017691 0.012346
0 0.753368 0.547306 0.014455 0.012446
0 0.182358 0.548451 0.012919 0.011133
0 0.154074 0.576710 0.012640 0.009877
0 0.556271 0.429019 0.012885 0.009869
0 0.744228 0.746559 0.013859 0.010601
0 0.183078 0.529895 0.012269 0.010683
0 0.050468 0.596690 0.011708 0.010083
0 0.389242 0.773134 0.014996 0.010583
0 0.471152 0.539390 0.014162 0.011318
0 0.548913 0.325138 0.015821 0.013357