0 0.398351 0.385247 0.018607 0.014273
0 0.273412 0.508677 0.017424 0.013464
0 0.262383 0.469172 0.017968 0.013174
0 0.364898 0.518520 0.017707 0.013185
0 0.497224 0.510528 0.016844 0.012918
0 0.461455 0.447686 0.017821 0.013527
0 0.481746 0.272003 0.018619 0.015000
0 0.263292 0.402757 0.018420 0.013379
0 0.502508 0.591983 0.017194 0.012706
0 0.357270 0.573581 0.016942 0.012302
0 0.223613 0.496838 0.016508 0.013472
0 0.755153 0.481654 0.020528 0.016189
0 0.410940 0.310246 0.017931 0.013909
0 0.290673 0.413071 0.018240 0.013740
0 0.411273 0.560632 0.016317 0.012127
0 0.496554 0.641584 0.016876 0.012379
0 0.305274 0.645485 0.017337 0.013117
0 0.383923 0.654015 0.018331 0.014679
0 0.419872 0.409247 0.016949 0.012586
0 0.319120 0.669108 0.018288 0.013478
0 0.626179 0.546661 0.020205 0.016047
0 0.530774 0.446209 0.017491 0.013390
0 0.172770 0.522952 0.016060 0.012119
0 0.430201 0.718476 0.021548 0.017195
0 0.387655 0.487409 0.016096 0.012158
0 0.393234 0.253511 0.017573 0.014000
0 0.565891 0.267081 0.019146 0.015587
0 0.450851 0.570382 0.016217 0.012514
0 0.688370 0.512301 0.019562 0.013748
0 0.531351 0.543360 0.016296 0.012396
0 0.324393 0.704053 0.019174 0.014306
0 0.455750 0.348525 0.016815 0.012696
0 0.617233 0.645468 0.019180 0.015566
0 0.424388 0.537075 0.016107 0.012825
0 0.277062 0.620705 0.016304 0.012622
0 0.320881 0.493570 0.018140 0.014431
0 0.697007 0.416330 0.019726 0.015778
0 0.244387 0.375470 0.016836 0.012317
0 0.442574 0.525350 0.015775 0.012879
0 0.367574 0.714557 0.021235 0.015359
0 0.370847 0.374545 0.019449 0.013914
0 0.648923 0.389547 0.019101 0.014136
0 0.233377 0.564489 0.015538 0.011848
0 0.548729 0.582145 0.017248 0.012630
0 0.563855 0.449468 0.018257 0.013683
0 0.578126 0.596701 0.017319 0.013441
0 0.177067 0.390493 0.017045 0.012488
0 0.675781 0.700555 0.017770 0.012463
0 0.573568 0.574849 0.017165 0.012468
0 0.337869 0.355477 0.017761 0.013092
0 0.416752 0.584966 0.017083 0.012924
0 0.456395 0.376316 0.017511 0.012480
0 0.441363 0.554057 0.015374 0.012201
0 0.320069 0.415038 0.019306 0.014782
0 0.342005 0.404247 0.017609 0.013875
0 0.291285 0.277567 0.017766 0.013513
0 0.246991 0.446975 0.018839 0.014309
0 0.553541 0.689821 0.019236 0.014143
0 0.249511 0.355853 0.015160 0.011863
0 0.842506 0.467219 0.020884 0.016002
0 0.215701 0.648314 0.015548 0.012299
0 0.817826 0.474038 0.020505 0.014797
0 0.539132 0.758075 0.023017 0.016589
0 0.714549 0.601877 0.020291 0.013929
0 0.554613 0.423841 0.018372 0.014821
0 0.177275 0.543003 0.015988 0.011287
0 0.732263 0.554732 0.015148 0.011283
0 0.156785 0.478133 0.013904 0.011955
0 0.827961 0.414885 0.018364 0.014074
0 0.605791 0.252388 0.017136 0.013497
1 0.316494 0.330766 0.043313 0.029558
0 0.773493 0.318807 0.017067 0.013083
0 0.502418 0.197890 0.016898 0.012354
0 0.435211 0.466583 0.016660 0.012128
0 0.628761 0.658880 0.016891 0.012731
0 0.540652 0.307148 0.015791 0.012408
0 0.631935 0.249370 0.016109 0.013505
0 0.303266 0.240827 0.017613 0.013892
0 0.585889 0.318497 0.016283 0.013087
0 0.574375 0.392566 0.018262 0.014303
0 0.501722 0.753070 0.022521 0.015026
0 0.111032 0.437041 0.016065 0.011893
0 0.498979 0.421489 0.016643 0.014081
0 0.743997 0.297611 0.016879 0.013751
0 0.606212 0.614356 0.015068 0.011351
0 0.420897 0.478444 0.017533 0.013226
0 0.621249 0.650226 0.021165 0.020694
0 0.655437 0.502691 0.015817 0.011083
0 0.349886 0.370628 0.016125 0.014236
0 0.686149 0.625112 0.018702 0.012672