0 0.419143 0.758841 0.016269 0.016879
0 0.311516 0.399083 0.014823 0.014655
0 0.405512 0.924999 0.017006 0.016299
0 0.263002 0.408578 0.014503 0.014669
0 0.731834 0.652424 0.017510 0.017145
0 0.371048 0.821611 0.016731 0.017916
0 0.396484 0.953626 0.017439 0.017631
0 0.185649 0.456389 0.016236 0.016353
0 0.823582 0.686637 0.018150 0.018467
0 0.437228 0.841608 0.014742 0.015585
0 0.750792 0.722888 0.017324 0.016999
0 0.381786 0.218169 0.013778 0.014741
0 0.061432 0.806082 0.016292 0.015861
0 0.433827 0.315918 0.015328 0.015136
0 0.400727 0.870531 0.015441 0.015514
0 0.494363 0.191645 0.013331 0.014437
0 0.599357 0.299468 0.013110 0.013622
0 0.351397 0.774037 0.016538 0.016834
0 0.142179 0.525013 0.015791 0.015664
0 0.768005 0.936414 0.017910 0.017879
0 0.648741 0.249769 0.013782 0.014057
0 0.270964 0.274631 0.013824 0.014175
0 0.766883 0.680044 0.017053 0.017513
0 0.599902 0.772660 0.016701 0.017556
0 0.519174 0.385565 0.013546 0.014070
0 0.460686 0.857904 0.014717 0.015145
0 0.664911 0.342776 0.014084 0.014108
0 0.334996 0.721295 0.015699 0.015766
0 0.292711 0.357132 0.015647 0.016806
0 0.387556 0.154025 0.013361 0.014283
0 0.467737 0.196877 0.013202 0.014167
0 0.556547 0.161702 0.014249 0.015213
0 0.043010 0.484590 0.015707 0.016156
0 0.316591 0.779699 0.014936 0.015184
0 0.179084 0.300928 0.014757 0.015502
0 0.674691 0.283824 0.012557 0.012595
0 0.581270 0.739808 0.017268 0.018623
0 0.527768 0.311523 0.017013 0.016491
0 0.523443 0.180075 0.013625 0.014154
1 0.404952 0.640968 0.046639 0.045555
0 0.059035 0.348123 0.014533 0.014640
0 0.434036 0.953645 0.015981 0.016306
0 0.369553 0.256633 0.014698 0.014512
0 0.650766 0.378885 0.015481 0.015662
0 0.517286 0.334766 0.015287 0.014723
0 0.581793 0.538743 0.015484 0.015416
0 0.211905 0.761926 0.015093 0.016108
1 0.641146 0.303140 0.048751 0.048005
0 0.106298 0.572864 0.014691 0.015021
0 0.697942 0.967106 0.019829 0.020216
0 0.021118 0.787626 0.014266 0.014242
0 0.706147 0.461597 0.014157 0.014994
0 0.301498 0.725371 0.016164 0.016273
1 0.463310 0.248788 0.054580 0.055174
0 0.059860 0.690341 0.016216 0.017106
0 0.452743 0.407442 0.013593 0.013778
0 0.272076 0.723294 0.015970 0.015805
0 0.399700 0.989942 0.016692 0.015906
0 0.598337 0.431623 0.016893 0.017881
0 0.679776 0.545034 0.015796 0.015676
0 0.653703 0.210567 0.013570 0.014056
0 0.467895 0.293610 0.013791 0.013504
1 0.513817 0.465502 0.043756 0.047447
0 0.579646 0.715652 0.016494 0.018305
0 0.043612 0.391279 0.014365 0.015313
0 0.786890 0.693675 0.015121 0.016238
0 0.230867 0.490290 0.016190 0.017404
0 0.233740 0.330158 0.014399 0.014244
0 0.349122 0.231770 0.015265 0.016371
1 0.491813 0.633249 0.041068 0.040442
0 0.354970 0.902770 0.019149 0.019626
0 0.180124 0.972703 0.016215 0.016139
0 0.587659 0.328210 0.013828 0.013302
0 0.352867 0.320024 0.015144 0.014837
0 0.281609 0.581803 0.016555 0.016711
0 0.093349 0.491026 0.016235 0.016321
0 0.703124 0.247680 0.015131 0.015266
0 0.396862 0.240688 0.013274 0.013139
0 0.457687 0.343821 0.014278 0.014463
0 0.185573 0.799431 0.013353 0.013588
0 0.182995 0.842718 0.015269 0.015805
0 0.820342 0.883928 0.014745 0.015211
0 0.467469 0.808189 0.015730 0.015662
0 0.329481 0.281568 0.018824 0.015789
0 0.142447 0.368076 0.013559 0.013645
0 0.646371 0.467179 0.014896 0.015940
0 0.728147 0.362074 0.013947 0.012965
0 0.311140 0.877200 0.014350 0.015610
0 0.399808 0.783331 0.023191 0.022615
0 0.632745 0.499987 0.018125 0.017108
0 0.725086 0.751789 0.016028 0.015683
0 0.283498 0.149675 0.014112 0.014708
0 0.231499 0.734942 0.014559 0.015426
0 0.710142 0.353689 0.013836 0.014760
0 0.675008 0.680612 0.017811 0.018726
0 0.683840 0.763326 0.023345 0.019508
0 0.532077 0.216728 0.012369 0.013155
0 0.729955 0.254487 0.013506 0.014359
0 0.179989 0.346549 0.013512 0.013998
0 0.742702 0.922737 0.014656 0.015324
0 0.443106 0.442134 0.016518 0.017038
0 0.746757 0.407528 0.015702 0.018653
1 0.797074 0.541113 0.044496 0.051216
0 0.727979 0.481486 0.017178 0.014810
0 0.544521 0.270007 0.014369 0.015758
0 0.581087 0.245260 0.013008 0.014461
0 0.805560 0.365856 0.017340 0.016415
0 0.744996 0.317482 0.014392 0.015147
0 0.451099 0.521874 0.018362 0.016634
0 0.752891 0.351181 0.014737 0.014780
0 0.318578 0.657730 0.016165 0.016684
0 0.227470 0.430126 0.015399 0.017750
0 0.242283 0.350219 0.013964 0.014590
0 0.685777 0.263505 0.012958 0.012781
0 0.311434 0.564173 0.018838 0.018705
0 0.238967 0.861644 0.015506 0.016266
0 0.409930 0.344554 0.014036 0.016587
0 0.461946 0.152359 0.012072 0.013474
0 0.699526 0.480311 0.014019 0.012995
0 0.391006 0.521149 0.019331 0.018101
0 0.354956 0.543321 0.020415 0.023250
0 0.226396 0.256429 0.013930 0.015682
0 0.335531 0.416266 0.015534 0.016922
0 0.499951 0.402758 0.014891 0.013749
0 0.458786 0.316985 0.013860 0.013282
0 0.723967 0.836898 0.015074 0.016216
0 0.705039 0.389854 0.014577 0.015921
0 0.033667 0.364322 0.017129 0.018536
0 0.169081 0.549681 0.014632 0.015523
0 0.546503 0.359606 0.012283 0.013578
0 0.809834 0.903488 0.013822 0.012712
0 0.423173 0.423822 0.014270 0.014104
0 0.621051 0.171834 0.014214 0.018468
0 0.188864 0.550364 0.015114 0.014758
0 0.746630 0.755472 0.014816 0.013689
0 0.389309 0.445281 0.014631 0.014318
0 0.148972 0.782876 0.014224 0.016295
0 0.914905 0.564374 0.017485 0.017481
0 0.567427 0.213161 0.015835 0.015577
0 0.602834 0.568529 0.018959 0.017404
0 0.142638 0.238966 0.012250 0.014469
0 0.384462 0.483220 0.015666 0.017867
0 0.311247 0.846559 0.013447 0.015072
0 0.415957 0.164936 0.012956 0.014252
0 0.824887 0.771507 0.014682 0.015487
0 0.406645 0.122621 0.012651 0.014807
0 0.345753 0.812577 0.013325 0.014304
0 0.547765 0.232378 0.013415 0.012951
0 0.338728 0.592685 0.014831 0.015504
0 0.567629 0.403990 0.014944 0.014352
0 0.249576 0.524759 0.015133 0.015290
0 0.413815 0.272734 0.018509 0.017390
0 0.321940 0.696027 0.017178 0.021118
0 0.020185 0.458093 0.014743 0.014395
0 0.154916 0.821618 0.015375 0.018732
0 0.497369 0.534797 0.017629 0.018466
0 0.654167 0.438363 0.016622 0.015157
0 0.282401 0.612644 0.016178 0.016352
0 0.660215 0.530741 0.015396 0.016095
0 0.108428 0.253541 0.017369 0.015933
0 0.213384 0.397911 0.016564 0.019939
0 0.313991 0.481549 0.014018 0.015820
0 0.347339 0.667826 0.015411 0.016339
0 0.151854 0.985614 0.015746 0.016699
0 0.668082 0.509916 0.015827 0.016731
0 0.549542 0.300153 0.015828 0.016529
0 0.086308 0.298682 0.013350 0.015895
0 0.562034 0.431977 0.014675 0.013632
0 0.392333 0.379025 0.018900 0.015792
1 0.223379 0.186438 0.054615 0.057773
0 0.193165 0.327520 0.012529 0.012717
0 0.232054 0.290580 0.013484 0.016134
0 0.432517 0.394766 0.014255 0.014464
0 0.432113 0.122119 0.012210 0.013162
0 0.713386 0.545466 0.019756 0.020996
0 0.043344 0.819168 0.014072 0.014493
0 0.542384 0.411702 0.017085 0.015662
0 0.216199 0.321035 0.014928 0.013406
0 0.634164 0.421106 0.013409 0.013551
0 0.419155 0.256405 0.013970 0.016981
0 0.312286 0.164446 0.014276 0.016280
0 0.680001 0.318316 0.012449 0.012371
0 0.286107 0.812354 0.014260 0.013991
0 0.350916 0.975456 0.016554 0.016774
0 0.596448 0.201917 0.016596 0.017031
0 0.132868 0.969507 0.013659 0.015398
0 0.268609 0.506930 0.016332 0.015609
0 0.560869 0.464003 0.013039 0.013344
0 0.104841 0.833321 0.017014 0.018726
0 0.143989 0.743020 0.016670 0.016108
0 0.118695 0.307744 0.011587 0.012909
0 0.245392 0.555006 0.017960 0.015600
0 0.307757 0.306891 0.015325 0.018208
0 0.370164 0.557508 0.018509 0.016786
0 0.813522 0.400198 0.015094 0.014382
0 0.536763 0.143363 0.012643 0.015747
0 0.849102 0.414575 0.014918 0.014925
0 0.442651 0.164592 0.011135 0.012940
0 0.685706 0.206748 0.012142 0.013513
0 0.804843 0.938706 0.013593 0.013124
0 0.640314 0.333637 0.017465 0.015150
0 0.607899 0.332821 0.013238 0.013052
0 0.854936 0.548369 0.012881 0.015074
0 0.126267 0.442474 0.012704 0.013813
0 0.254067 0.896029 0.020806 0.017146
0 0.294701 0.786908 0.013795 0.014017
0 0.486956 0.159989 0.011652 0.012830
0 0.042782 0.574748 0.015635 0.016838
0 0.346272 0.148402 0.014992 0.015014
0 0.472421 0.679690 0.015336 0.015346
0 0.165376 0.399739 0.017345 0.019635
0 0.178500 0.884149 0.013872 0.014852
0 0.586797 0.177930 0.013471 0.015688
0 0.223994 0.994366 0.014500 0.011268
0 0.563005 0.544024 0.015015 0.013963
0 0.432270 0.740302 0.014428 0.015525
0 0.462330 0.460108 0.013908 0.014461
0 0.200700 0.270593 0.013991 0.015497
0 0.079006 0.883917 0.017839 0.015870
0 0.186738 0.658982 0.013753 0.015042
0 0.061139 0.629723 0.015658 0.016687
0 0.355586 0.645846 0.015461 0.016699
0 0.219731 0.887685 0.014977 0.016384
0 0.900015 0.527729 0.014221 0.014348
0 0.338867 0.143343 0.015766 0.015278
0 0.785803 0.339970 0.011243 0.012877
0 0.239314 0.810537 0.013858 0.014513
0 0.666908 0.172215 0.013165 0.014752
0 0.159984 0.434069 0.012703 0.013451
0 0.589616 0.406409 0.016535 0.015988
0 0.787828 0.276286 0.012577 0.014495
0 0.389465 0.420795 0.020078 0.015282
0 0.068601 0.884772 0.016913 0.014842
0 0.632131 0.390553 0.014512 0.017027
0 0.671936 0.673570 0.019142 0.022936
0 0.214721 0.358383 0.013776 0.012418
0 0.569629 0.525142 0.014057 0.015770
0 0.746100 0.219008 0.013781 0.014445
0 0.709214 0.395852 0.015107 0.016744
0 0.744002 0.401720 0.016172 0.019932
0 0.533478 0.769910 0.015241 0.016334
0 0.544946 0.478877 0.014338 0.015273
0 0.086301 0.857037 0.017241 0.017390
0 0.161853 0.403622 0.014669 0.017743
0 0.418414 0.385210 0.014407 0.014631
0 0.343058 0.254677 0.016777 0.015682
0 0.480419 0.135446 0.010683 0.014112
0 0.159354 0.262124 0.016925 0.015232
0 0.352340 0.395452 0.020209 0.015882
0 0.624153 0.344284 0.013843 0.014652
0 0.826194 0.327226 0.013207 0.013529
0 0.735070 0.333672 0.012890 0.012934
0 0.411659 0.357648 0.013563 0.017691
0 0.410463 0.350504 0.017795 0.025543
0 0.749526 0.265250 0.012154 0.013249
0 0.382159 0.528796 0.022438 0.020172
0 0.648696 0.182430 0.013178 0.016681
0 0.411111 0.479318 0.014567 0.017471
0 0.411240 0.179590 0.011868 0.013780
0 0.483169 0.348826 0.016782 0.018038
0 0.310228 0.321609 0.014392 0.016715
0 0.043096 0.780089 0.015705 0.015743
0 0.611538 0.366241 0.013741 0.018842
1 0.727479 0.794785 0.030908 0.032572
0 0.281061 0.552721 0.014242 0.014901
0 0.783164 0.302324 0.014296 0.014354
0 0.674392 0.245743 0.016415 0.017371
0 0.571820 0.226369 0.013950 0.017440
0 0.698545 0.317347 0.013149 0.012241
0 0.170474 0.393031 0.016624 0.019060
0 0.572704 0.264183 0.013260 0.012583
0 0.153466 0.843513 0.014401 0.015457
0 0.542826 0.253877 0.015625 0.020609
0 0.198872 0.371491 0.013454 0.014542
0 0.564603 0.665900 0.013548 0.014773
0 0.261043 0.894341 0.019122 0.019493
0 0.241756 0.758267 0.012891 0.012746
1 0.481091 0.921708 0.034507 0.057511
1 0.243571 0.942988 0.072464 0.035657
1 0.611066 0.944713 0.027605 0.034507
1 0.161797 0.195345 0.027605 0.037957