0 0.398129 0.557974 0.014454 0.010423
0 0.263600 0.671931 0.018451 0.013764
0 0.335246 0.547776 0.015717 0.012192
0 0.710540 0.812647 0.017665 0.012980
0 0.286250 0.544030 0.015821 0.012620
0 0.461824 0.528478 0.017458 0.012751
0 0.309247 0.645675 0.016184 0.012328
0 0.420705 0.630419 0.018021 0.014001
0 0.487104 0.740752 0.018587 0.014202
0 0.667109 0.557930 0.015137 0.011241
0 0.637585 0.544031 0.015430 0.012079
0 0.597434 0.650724 0.013551 0.010310
0 0.698620 0.684190 0.015710 0.012183
0 0.313043 0.513919 0.018446 0.014004
0 0.246281 0.720058 0.018343 0.014030
0 0.363586 0.792371 0.016412 0.011982
0 0.711904 0.558386 0.014477 0.010562
0 0.199296 0.535218 0.016978 0.013379
0 0.349688 0.618492 0.015930 0.012944
0 0.690828 0.450303 0.014480 0.012613
0 0.195710 0.641732 0.016955 0.012692
0 0.767321 0.690796 0.013805 0.011232
0 0.772019 0.774841 0.016135 0.012183
0 0.395803 0.501775 0.014359 0.010387
0 0.414505 0.789546 0.017982 0.013897
0 0.439782 0.548649 0.015182 0.012043
1 0.355690 0.830101 0.056053 0.042696
0 0.246747 0.481930 0.016533 0.012270
0 0.241159 0.522948 0.015588 0.011363
0 0.692287 0.767561 0.015946 0.012756
0 0.194181 0.592196 0.018330 0.013782
1 0.761915 0.559411 0.051177 0.038280
0 0.617463 0.576405 0.015137 0.011141
0 0.665458 0.660500 0.015465 0.011938
0 0.668102 0.642282 0.013404 0.010486
0 0.254716 0.637718 0.017465 0.012989
0 0.714936 0.748113 0.015739 0.011803
0 0.725788 0.435468 0.018967 0.013719
0 0.563215 0.490252 0.018300 0.012615
0 0.205061 0.479760 0.016157 0.012600
0 0.220345 0.448092 0.017241 0.013968
0 0.526576 0.898361 0.022366 0.016863
0 0.531423 0.787577 0.019581 0.014508
0 0.822648 0.654735 0.013283 0.010650
0 0.303906 0.476357 0.015295 0.011793
0 0.726257 0.778620 0.015536 0.012037
0 0.172169 0.608800 0.023333 0.017781
0 0.527822 0.674933 0.016554 0.013114
0 0.487872 0.541945 0.016001 0.012680
0 0.498909 0.508833 0.014585 0.011612
0 0.667905 0.702291 0.016928 0.013691
0 0.139272 0.578293 0.018059 0.014019
0 0.281947 0.499932 0.015407 0.012804
0 0.417080 0.489968 0.014626 0.012308
0 0.621488 0.787243 0.017204 0.013200
0 0.405844 0.692820 0.020495 0.015345
0 0.363544 0.579846 0.014645 0.010887
0 0.620643 0.516924 0.023107 0.016451
1 0.814837 0.605636 0.045489 0.032398
0 0.775191 0.610780 0.014820 0.011972
0 0.476247 0.612625 0.013656 0.010701
0 0.763285 0.440775 0.018748 0.014474
1 0.461180 0.914386 0.051744 0.038451
0 0.200218 0.735198 0.018881 0.014526
0 0.444059 0.485960 0.014311 0.010981
0 0.684878 0.719293 0.015075 0.012826
0 0.324186 0.465784 0.015495 0.011602
0 0.274447 0.630736 0.016094 0.013781
0 0.751790 0.587794 0.013651 0.010333
0 0.551611 0.657512 0.016847 0.016011
0 0.508030 0.470877 0.013349 0.010639
0 0.547986 0.521271 0.013984 0.010737
0 0.282067 0.761167 0.018363 0.013051
0 0.861530 0.530564 0.016126 0.012462
0 0.567870 0.511337 0.015569 0.013046
0 0.674814 0.502144 0.019993 0.014723
0 0.574035 0.463372 0.013343 0.010297
0 0.497798 0.871506 0.014046 0.010936
0 0.343727 0.426048 0.013703 0.011804
0 0.657064 0.429205 0.014842 0.014603
0 0.711921 0.597590 0.012836 0.009868
0 0.497892 0.366070 0.011934 0.010152
0 0.680396 0.602740 0.015906 0.011540
0 0.739374 0.627405 0.018437 0.013630
0 0.374873 0.625199 0.015700 0.014750
0 0.603245 0.486131 0.013790 0.010246
0 0.388103 0.634366 0.018701 0.014631
0 0.283275 0.897393 0.015765 0.013847
1 0.519802 0.943278 0.048560 0.046045
0 0.620438 0.464218 0.018881 0.016524
0 0.165375 0.695078 0.018903 0.017470
0 0.817530 0.679583 0.012448 0.009548
1 0.350586 0.486385 0.053951 0.035153
0 0.526527 0.505108 0.014790 0.012897
0 0.512153 0.834336 0.014142 0.011951
0 0.615071 0.401551 0.013175 0.012138
0 0.253057 0.499652 0.013220 0.010174
0 0.133493 0.682625 0.017534 0.013986
0 0.384872 0.534584 0.015002 0.010038
0 0.274993 0.812671 0.015408 0.011973
0 0.666481 0.587675 0.014630 0.011531
0 0.397652 0.824018 0.013139 0.011278
0 0.260543 0.420731 0.014092 0.012525
0 0.712864 0.576467 0.013850 0.010177
0 0.805128 0.498533 0.021328 0.016239
1 0.770881 0.854312 0.113209 0.088484
0 0.295564 0.765349 0.017909 0.012548
1 0.825552 0.825149 0.067592 0.047043
0 0.613602 0.676004 0.012827 0.010022
0 0.833674 0.723767 0.013758 0.010364
0 0.852530 0.613161 0.011937 0.009902
0 0.518234 0.696068 0.014384 0.010342
0 0.269472 0.708280 0.013248 0.011144
0 0.622543 0.637194 0.014416 0.010663
0 0.568464 0.939803 0.017428 0.014258
0 0.482159 0.701901 0.012444 0.010204
0 0.672585 0.480880 0.012623 0.010273
0 0.623431 0.881591 0.014919 0.012354
0 0.296397 0.596979 0.013226 0.011011
0 0.499582 0.430923 0.014439 0.010523
0 0.252944 0.743565 0.015686 0.011678
0 0.378997 0.629649 0.021786 0.021545
0 0.456169 0.851811 0.015647 0.013337
1 0.433909 0.588994 0.049602 0.035149
0 0.361742 0.766766 0.012524 0.010421
1 0.757342 0.853049 0.073609 0.049930
0 0.861454 0.571141 0.014986 0.012330
0 0.842227 0.707159 0.012569 0.009474
0 0.660035 0.618208 0.013346 0.009731
0 0.548102 0.748073 0.012715 0.011107
1 0.680052 0.874971 0.061013 0.049986
0 0.675876 0.538936 0.012652 0.010311
1 0.553151 0.436749 0.037568 0.026583
0 0.551241 0.732928 0.012104 0.010928
1 0.740514 0.855381 0.044405 0.033987
1 0.552936 0.382804 0.033451 0.023168
0 0.463212 0.361138 0.012679 0.010127
1 0.461232 0.455354 0.039936 0.026087
1 0.466385 0.414291 0.037359 0.032850
1 0.459300 0.343760 0.023188 0.017391
1 0.559783 0.351490 0.048953 0.030918
1 0.549477 0.604630 0.069565 0.046377
1 0.624839 0.613325 0.034783 0.028986
1 0.480556 0.968921 0.034783 0.026087
1 0.117271 0.537520 0.029630 0.030918