0 0.543991 0.728146 0.016251 0.021132
0 0.304691 0.279284 0.013020 0.018344
0 0.293692 0.256286 0.010792 0.016374
0 0.225722 0.543647 0.012939 0.018478
0 0.557489 0.513383 0.012964 0.017599
0 0.389667 0.593452 0.011963 0.017251
0 0.245735 0.455540 0.013510 0.018297
0 0.180370 0.343839 0.013271 0.018102
0 0.588559 0.279295 0.011764 0.017032
0 0.328056 0.312964 0.014798 0.019097
0 0.256109 0.557401 0.012090 0.016920
0 0.300058 0.128662 0.014183 0.020688
0 0.204985 0.496238 0.012416 0.016855
0 0.363375 0.323756 0.012627 0.017447
0 0.506192 0.554912 0.014313 0.018772
0 0.572252 0.474055 0.013777 0.018205
0 0.611488 0.377702 0.012523 0.017285
0 0.326052 0.617270 0.012078 0.016143
0 0.456238 0.333636 0.012174 0.016666
0 0.662020 0.560437 0.014486 0.020882
0 0.504738 0.584484 0.011919 0.016368
0 0.338884 0.536931 0.013103 0.016949
0 0.465907 0.602714 0.013031 0.016748
0 0.190410 0.387700 0.013846 0.019311
0 0.507232 0.395960 0.012111 0.016939
0 0.222353 0.295431 0.012680 0.016732
0 0.393871 0.103194 0.011796 0.017850
0 0.429165 0.187904 0.014773 0.020619
0 0.339631 0.386649 0.013933 0.021508
0 0.244639 0.415995 0.012833 0.017071
0 0.597963 0.518524 0.012980 0.016941
0 0.467497 0.405046 0.012454 0.018133
0 0.217450 0.595630 0.011414 0.015708
0 0.368297 0.349746 0.012552 0.016892
0 0.419072 0.442075 0.013517 0.021756
0 0.413313 0.484930 0.012912 0.017677
0 0.361311 0.556892 0.014283 0.018054
0 0.463665 0.373329 0.011701 0.015215
0 0.415332 0.552034 0.011904 0.016296
0 0.318970 0.575333 0.010764 0.015234
0 0.598640 0.219154 0.010786 0.015358
0 0.454469 0.687258 0.016126 0.021594
0 0.337684 0.488981 0.012542 0.017439
0 0.361811 0.599017 0.011821 0.015745
0 0.180374 0.476801 0.011627 0.016069
0 0.223162 0.352718 0.011784 0.015985
0 0.347622 0.584923 0.012502 0.016044
0 0.450021 0.475702 0.011986 0.017247
0 0.568072 0.130660 0.011695 0.017258
0 0.541529 0.415066 0.012493 0.017362
0 0.327342 0.770350 0.013956 0.017433
0 0.358939 0.674542 0.013559 0.019823
0 0.230314 0.660750 0.011475 0.015798
1 0.678009 0.246586 0.030645 0.043558
0 0.527214 0.383237 0.011026 0.014788
0 0.566913 0.209253 0.010680 0.015051
0 0.551650 0.400531 0.011491 0.016482
0 0.650645 0.320627 0.012720 0.018456
0 0.600374 0.589820 0.012915 0.018562
0 0.623629 0.551302 0.012278 0.016675
0 0.396530 0.188329 0.014591 0.019254
0 0.470415 0.636174 0.013813 0.020549
0 0.613017 0.193344 0.011233 0.014963
0 0.480999 0.119685 0.013715 0.016651
1 0.514528 0.250257 0.034637 0.042289
0 0.314668 0.723436 0.012175 0.015583
0 0.688383 0.354743 0.014150 0.019796
0 0.316714 0.749174 0.014259 0.019410
0 0.394398 0.533645 0.011043 0.016912
0 0.420793 0.272451 0.010326 0.015443
0 0.160403 0.361560 0.013163 0.018246
0 0.232505 0.684216 0.010687 0.014621
0 0.224989 0.511004 0.011292 0.018254
0 0.301699 0.195316 0.011906 0.016348
0 0.635134 0.241594 0.008905 0.013347
0 0.187351 0.289002 0.011687 0.018408
0 0.546410 0.098470 0.012076 0.017434
0 0.692331 0.275809 0.013219 0.021225