0 0.763848 0.586367 0.019589 0.014206
0 0.375141 0.658752 0.018674 0.013805
0 0.507835 0.623405 0.017981 0.014034
0 0.369003 0.547491 0.019389 0.014729
0 0.733375 0.641577 0.022222 0.016627
0 0.390046 0.720850 0.019721 0.015725
0 0.358712 0.678764 0.018298 0.013822
0 0.209766 0.730306 0.016764 0.013109
0 0.455466 0.672420 0.018881 0.014864
0 0.340088 0.796063 0.017994 0.013749
0 0.508760 0.663111 0.017894 0.013879
0 0.410121 0.661028 0.017606 0.013227
0 0.767331 0.618619 0.019513 0.014909
0 0.368650 0.703434 0.020334 0.015331
0 0.463193 0.441621 0.019231 0.014279
0 0.425853 0.630428 0.016663 0.012948
0 0.168381 0.794028 0.017220 0.012594
0 0.513973 0.464973 0.018997 0.013495
0 0.720547 0.488791 0.017189 0.011908
0 0.167245 0.460582 0.016802 0.012921
1 0.559714 0.854774 0.058178 0.047350
0 0.205207 0.844430 0.017988 0.013453
0 0.497434 0.440997 0.018404 0.014304
0 0.298777 0.424013 0.017437 0.013124
0 0.490550 0.583178 0.015574 0.012697
0 0.392917 0.452810 0.021189 0.016745
0 0.224803 0.500006 0.020488 0.016274
0 0.552186 0.370290 0.013048 0.010286
0 0.548696 0.406592 0.015178 0.011882
0 0.736673 0.447114 0.016937 0.014532
0 0.698931 0.409890 0.017959 0.015419
0 0.519842 0.545046 0.018137 0.013383
0 0.272549 0.451999 0.016108 0.012266
0 0.402985 0.613368 0.021900 0.016414
0 0.450161 0.413075 0.017184 0.012872
0 0.428318 0.334464 0.017351 0.013201
0 0.317083 0.624418 0.020067 0.015492
0 0.313207 0.391265 0.016198 0.012258
0 0.725216 0.552257 0.017510 0.014880
0 0.168719 0.506172 0.023229 0.019864
0 0.240530 0.860295 0.015252 0.012352
0 0.519072 0.422762 0.018548 0.013753
0 0.392696 0.640924 0.019947 0.014257
0 0.340487 0.836508 0.018037 0.013724
0 0.247503 0.572674 0.018146 0.013435
0 0.115870 0.535035 0.018863 0.014724
0 0.373820 0.576177 0.014939 0.012351
0 0.558336 0.583427 0.016830 0.014340
0 0.567671 0.540610 0.017046 0.012477
0 0.553340 0.429260 0.015885 0.012079
0 0.369442 0.598067 0.016460 0.012008
0 0.643548 0.616853 0.019284 0.015836
0 0.586199 0.495171 0.020393 0.017264
0 0.782414 0.477193 0.016585 0.012964
0 0.602526 0.657786 0.022158 0.018941
0 0.569666 0.517290 0.015826 0.012643
0 0.594247 0.565717 0.015207 0.013981
0 0.462778 0.356620 0.017868 0.015705
0 0.615810 0.366890 0.022570 0.015765
0 0.276432 0.804269 0.020659 0.016970
0 0.665080 0.652757 0.020420 0.017410
0 0.549039 0.449259 0.031790 0.016651
0 0.800022 0.569186 0.014845 0.011953
0 0.532321 0.748563 0.017003 0.015224
0 0.464304 0.748900 0.015073 0.012753
0 0.761115 0.491083 0.013798 0.010524
0 0.352161 0.743092 0.023171 0.017595
0 0.264970 0.500939 0.017121 0.014553
0 0.462371 0.334926 0.012564 0.009397
0 0.627564 0.717775 0.024441 0.018565
0 0.636677 0.648865 0.020244 0.015393
0 0.208917 0.614608 0.017414 0.014914
0 0.541860 0.543496 0.017585 0.013698
0 0.824948 0.524239 0.016835 0.013039
0 0.086236 0.536747 0.016069 0.012778
0 0.654666 0.557192 0.019793 0.016853
0 0.414600 0.763772 0.016022 0.014036
0 0.178386 0.666174 0.018403 0.014935
1 0.662487 0.367873 0.035785 0.022365