0 0.393102 0.575271 0.016406 0.012415
0 0.516525 0.542173 0.016697 0.013083
0 0.658040 0.885465 0.017987 0.013898
0 0.429635 0.761263 0.015673 0.010837
0 0.645445 0.653252 0.019117 0.015551
0 0.521166 0.490980 0.018366 0.013233
0 0.576501 0.683665 0.015280 0.013244
0 0.412203 0.649943 0.012903 0.010329
0 0.347552 0.807561 0.013582 0.010381
0 0.559089 0.658443 0.018210 0.013902
0 0.437456 0.647848 0.015391 0.012032
0 0.539035 0.718558 0.016665 0.013254
0 0.194111 0.668629 0.013045 0.009846
0 0.548385 0.536061 0.018745 0.012890
0 0.684178 0.908239 0.016823 0.013024
0 0.648436 0.691479 0.016907 0.012827
0 0.297800 0.738779 0.014683 0.011984
0 0.639701 0.447036 0.020077 0.016556
0 0.475029 0.450379 0.015984 0.013791
0 0.297578 0.904306 0.015770 0.011213
0 0.649861 0.534277 0.017920 0.014275
0 0.582072 0.508715 0.018203 0.012914
0 0.547989 0.509733 0.019108 0.015803
0 0.264609 0.653519 0.015617 0.011466
0 0.276350 0.483355 0.012356 0.010266
0 0.413016 0.411406 0.016312 0.012641
0 0.330815 0.910316 0.017433 0.013200
0 0.790468 0.585022 0.025224 0.016776
0 0.448296 0.747052 0.016189 0.012855
0 0.317905 0.625948 0.015618 0.013515
0 0.608811 0.607353 0.019251 0.014142
1 0.380245 0.504389 0.046594 0.034420
0 0.536193 0.760856 0.017946 0.012199
0 0.431646 0.593655 0.012948 0.010642
0 0.704207 0.486077 0.020015 0.016074
0 0.514372 0.737028 0.017515 0.015031
0 0.280713 0.870732 0.017994 0.015067
0 0.497593 0.829566 0.017747 0.013101
0 0.681909 0.620222 0.015033 0.011848
0 0.431553 0.506847 0.015155 0.012393
1 0.456242 0.805816 0.044451 0.034553
0 0.382377 0.617723 0.015441 0.013573
0 0.400068 0.537016 0.017474 0.011815
0 0.506733 0.382383 0.014498 0.012159
0 0.339093 0.533898 0.014643 0.010981
0 0.664688 0.464080 0.018927 0.014758
0 0.347551 0.595097 0.014240 0.010780
0 0.231187 0.742421 0.013441 0.010925
0 0.686795 0.726718 0.018646 0.013327
0 0.331577 0.655679 0.015459 0.014034
0 0.325145 0.496821 0.017362 0.013104
0 0.387424 0.920150 0.014088 0.010558
0 0.406922 0.717330 0.014451 0.011229
0 0.416557 0.446311 0.012818 0.010439
0 0.502827 0.511323 0.016145 0.013998
0 0.273941 0.594925 0.015218 0.010600
0 0.311858 0.837419 0.013627 0.010567
0 0.265698 0.740166 0.014478 0.011958
0 0.341528 0.753415 0.012928 0.013035
0 0.540404 0.376476 0.013783 0.011652
0 0.374624 0.545504 0.013209 0.009386
0 0.707288 0.524988 0.018282 0.015795
0 0.586837 0.747283 0.017220 0.013074
0 0.362308 0.567955 0.014047 0.010306
1 0.271341 0.560971 0.048569 0.034537
0 0.492081 0.758308 0.014016 0.010407
0 0.441365 0.523263 0.017328 0.012198
0 0.724664 0.545009 0.019372 0.015504
0 0.304298 0.774254 0.019818 0.013945
0 0.371618 0.784893 0.013315 0.012715
0 0.435755 0.379195 0.013301 0.012222
0 0.372724 0.942882 0.016305 0.012196
0 0.466409 0.965814 0.020637 0.016857
0 0.372441 0.714209 0.016871 0.012091
0 0.515432 0.663637 0.019237 0.017456
0 0.601400 0.808091 0.012404 0.009635
0 0.311949 0.539825 0.013535 0.009433
0 0.605001 0.736878 0.014223 0.010453
0 0.361176 0.454822 0.014683 0.010438
0 0.406892 0.460559 0.014574 0.011796
0 0.504641 0.617556 0.015006 0.011034
0 0.500033 0.965774 0.018369 0.014429
0 0.146138 0.625002 0.018481 0.011801
0 0.287176 0.928389 0.019449 0.012525
0 0.514631 0.705014 0.012146 0.009727
0 0.469569 0.425710 0.017116 0.012585
1 0.410590 0.854817 0.057583 0.034921
0 0.669563 0.518958 0.016357 0.013091
0 0.433899 0.470927 0.013201 0.010526
0 0.392825 0.450297 0.012302 0.010509
0 0.615789 0.656212 0.019011 0.018409
0 0.310665 0.426784 0.013600 0.011470
0 0.132099 0.533735 0.015065 0.011938
0 0.539305 0.672228 0.014129 0.010897
0 0.390957 0.814126 0.016698 0.015555
0 0.623268 0.722634 0.013760 0.011308
0 0.458472 0.396893 0.011108 0.009074
0 0.476999 0.774414 0.012359 0.008974
0 0.545529 0.406166 0.012433 0.011419
0 0.433216 0.736851 0.014379 0.010796
0 0.293826 0.651591 0.015804 0.013268
0 0.454907 0.482616 0.016410 0.013305
0 0.251988 0.521455 0.012248 0.008882
0 0.616882 0.465511 0.016270 0.012702
0 0.515421 0.813739 0.014282 0.010861
0 0.210864 0.686842 0.014159 0.014560
0 0.567923 0.898938 0.017952 0.016040
0 0.630315 0.772152 0.014210 0.010891
0 0.152641 0.649424 0.014650 0.011100
0 0.818768 0.582001 0.019636 0.015999
0 0.408180 0.888904 0.012863 0.010690
0 0.382228 0.735623 0.018211 0.012595
0 0.369558 0.767644 0.012117 0.010883
0 0.454449 0.431852 0.015650 0.010390
0 0.159657 0.717068 0.014484 0.010978
1 0.220557 0.488067 0.050155 0.034937
0 0.230333 0.604569 0.013509 0.012762
0 0.374434 0.647428 0.012657 0.011512
0 0.238029 0.696901 0.011883 0.009381
0 0.695572 0.858735 0.015099 0.011033
0 0.332821 0.612321 0.013352 0.010052
1 0.209967 0.863493 0.061479 0.039797
0 0.380020 0.672813 0.015875 0.011096
0 0.215810 0.588970 0.013176 0.009449
0 0.208568 0.567787 0.017238 0.012528
0 0.150881 0.697979 0.012121 0.010826
0 0.287105 0.627335 0.013138 0.011873
0 0.641648 0.789993 0.013944 0.011139
0 0.187917 0.646214 0.011649 0.009377
0 0.267807 0.698318 0.010560 0.008165
0 0.719780 0.761623 0.016175 0.012579
0 0.446805 0.946690 0.015839 0.012712
0 0.752456 0.653407 0.019950 0.015990
0 0.094795 0.642044 0.012756 0.010983
0 0.253101 0.636192 0.012821 0.009176
0 0.608300 0.696307 0.014261 0.011707
0 0.197606 0.539337 0.012204 0.011216
0 0.357889 0.627474 0.011784 0.009004
0 0.529318 0.517126 0.015862 0.010207
0 0.387559 0.737307 0.015407 0.011222
0 0.392313 0.475935 0.012751 0.009455
0 0.307785 0.446042 0.016159 0.012018
0 0.571159 0.823739 0.012389 0.010206
0 0.458017 0.476456 0.015794 0.016347
1 0.190608 0.785560 0.059064 0.035350
0 0.359628 0.383473 0.014036 0.011238
0 0.294590 0.522415 0.013093 0.009986
0 0.550378 0.477325 0.015093 0.011443
0 0.684355 0.772137 0.014924 0.013269
0 0.202083 0.702602 0.013306 0.009826
0 0.649562 0.710039 0.013481 0.011550
0 0.592651 0.626342 0.015417 0.011373
1 0.329773 0.466525 0.038718 0.027269
0 0.123548 0.572670 0.015576 0.011953
0 0.286208 0.539048 0.014543 0.009055
0 0.265081 0.440464 0.020489 0.014509
0 0.170442 0.603986 0.015348 0.012204
0 0.602417 0.762846 0.014537 0.011092
1 0.532233 0.929191 0.063692 0.046046
0 0.405256 0.385987 0.020657 0.011740
1 0.545487 0.631234 0.031878 0.026911
0 0.320899 0.396054 0.014440 0.012054
0 0.335671 0.404694 0.011647 0.009420
0 0.460265 0.472304 0.014388 0.010525
0 0.349217 0.576452 0.013713 0.010324
0 0.412970 0.612653 0.014371 0.008647
0 0.554759 0.802833 0.011692 0.009562
0 0.450987 0.773063 0.013797 0.009507
0 0.428582 0.670788 0.011049 0.007941
0 0.234831 0.729766 0.013771 0.012139
0 0.117884 0.665479 0.012768 0.010988
0 0.782134 0.609537 0.016531 0.014059
0 0.241443 0.683327 0.010687 0.010888
1 0.810172 0.837553 0.034684 0.032516