0 0.798276 0.520023 0.018523 0.013961
0 0.357956 0.509714 0.015355 0.013414
0 0.755760 0.801913 0.013529 0.010388
0 0.557161 0.652267 0.013950 0.010687
0 0.493076 0.476273 0.017228 0.014322
0 0.636229 0.455227 0.018571 0.012953
0 0.802764 0.721871 0.012291 0.009807
0 0.648639 0.380748 0.014968 0.011974
0 0.715720 0.871722 0.014667 0.011008
0 0.760255 0.431333 0.019413 0.014691
0 0.469385 0.546687 0.013504 0.011551
0 0.405905 0.803385 0.018255 0.013795
0 0.671979 0.856219 0.014902 0.010982
0 0.493734 0.799942 0.014114 0.011523
0 0.688242 0.636010 0.015006 0.011233
0 0.785285 0.490941 0.017636 0.013991
0 0.591429 0.712060 0.015431 0.012424
0 0.332726 0.835129 0.018121 0.014353
0 0.450315 0.453332 0.013979 0.011545
0 0.659253 0.544071 0.017288 0.012142
0 0.368356 0.468872 0.015810 0.013018
0 0.431405 0.870735 0.017471 0.012913
0 0.673583 0.790758 0.015276 0.012755
0 0.287483 0.636493 0.015362 0.012106
0 0.798299 0.784302 0.012621 0.010440
0 0.405414 0.420629 0.023771 0.014747
0 0.298901 0.447899 0.019703 0.017326
0 0.347264 0.867561 0.015413 0.011398
0 0.453737 0.862047 0.016551 0.011962
0 0.513511 0.441400 0.017458 0.014982
0 0.333806 0.486453 0.017242 0.012360
0 0.323799 0.507826 0.014296 0.011047
0 0.532075 0.907170 0.021645 0.017137
0 0.522661 0.519448 0.016793 0.014330
0 0.608976 0.438059 0.018807 0.014230
0 0.749380 0.658454 0.012355 0.010207
0 0.543453 0.396057 0.012807 0.010031
0 0.779870 0.693559 0.012201 0.009411
0 0.475148 0.774526 0.013031 0.010775
0 0.741228 0.828158 0.012315 0.009437
0 0.609557 0.473175 0.015821 0.013374
0 0.508141 0.397579 0.016052 0.013315
0 0.668553 0.586412 0.013581 0.010567
0 0.589253 0.670278 0.013647 0.010184
0 0.864600 0.465644 0.019393 0.016254
0 0.269441 0.609949 0.013374 0.010574
0 0.480366 0.445846 0.014513 0.011569
0 0.285410 0.532992 0.017193 0.012958
0 0.535355 0.765756 0.012718 0.010162
0 0.720952 0.444254 0.014816 0.012026
0 0.449971 0.829218 0.012974 0.009636
0 0.360915 0.570485 0.013893 0.012175
0 0.846059 0.670872 0.011911 0.009178
0 0.780686 0.820751 0.013560 0.011065
0 0.878469 0.668776 0.014286 0.010313
0 0.568291 0.591392 0.014329 0.013044
0 0.614560 0.546861 0.014449 0.011888
0 0.468369 0.506694 0.014383 0.013427
0 0.656527 0.834339 0.014546 0.010890
0 0.681968 0.815442 0.014794 0.012011
0 0.401102 0.837763 0.014534 0.011648
0 0.621753 0.398065 0.012535 0.010804
0 0.655461 0.408700 0.019008 0.011651
0 0.722845 0.414241 0.012730 0.010684
0 0.854756 0.503632 0.021767 0.014544
0 0.894544 0.685295 0.014614 0.010967
0 0.405006 0.468630 0.017962 0.013723
0 0.407480 0.540677 0.014323 0.012382
0 0.428151 0.784833 0.014142 0.010627
0 0.857056 0.797864 0.013552 0.009783
0 0.403182 0.506813 0.013806 0.011452
0 0.828870 0.686542 0.012123 0.009142
0 0.603001 0.413481 0.012466 0.010207
0 0.636293 0.499710 0.016002 0.011932
0 0.335050 0.583358 0.014407 0.010655
0 0.608816 0.362546 0.021105 0.016998
0 0.634246 0.581028 0.014109 0.010706
0 0.223923 0.623534 0.014893 0.011289
0 0.660795 0.717635 0.016741 0.012415
0 0.471456 0.752307 0.013184 0.010554
0 0.405475 0.678756 0.014402 0.011961
0 0.699809 0.476125 0.013687 0.011493
0 0.798754 0.674746 0.012043 0.010886
0 0.760267 0.784059 0.012327 0.010853
0 0.514860 0.789028 0.013802 0.011535
0 0.794609 0.413779 0.017802 0.014705
0 0.595029 0.745352 0.015374 0.012023
0 0.313045 0.618948 0.014886 0.012326
0 0.805946 0.834049 0.014952 0.011909
0 0.845204 0.707601 0.013455 0.009875
0 0.236443 0.589523 0.018690 0.013115
0 0.658404 0.425609 0.013731 0.011671
0 0.327657 0.635966 0.013920 0.011366
0 0.840351 0.474545 0.017273 0.013269
0 0.559534 0.453105 0.013508 0.011674
0 0.838458 0.552488 0.019873 0.014737
0 0.183857 0.635829 0.014583 0.011630
0 0.553209 0.472005 0.013714 0.010887
0 0.615332 0.822408 0.014803 0.011755
0 0.609018 0.568820 0.015164 0.011083
0 0.385031 0.528993 0.014629 0.011326
0 0.350029 0.768469 0.013923 0.012505
0 0.749984 0.597858 0.013514 0.011175
0 0.258527 0.486350 0.021954 0.016063
0 0.309698 0.593401 0.013797 0.010934
0 0.406870 0.576158 0.014422 0.015084
0 0.815049 0.427824 0.017328 0.013260
0 0.674264 0.673003 0.012801 0.014794
0 0.195949 0.610607 0.014877 0.011460
0 0.591772 0.759477 0.013549 0.011203
0 0.202551 0.569931 0.017665 0.014417
0 0.626742 0.792280 0.013168 0.010922
0 0.442451 0.848661 0.013964 0.012295
0 0.641708 0.524779 0.014980 0.011310
0 0.670743 0.880995 0.016502 0.010823
0 0.645176 0.863356 0.017352 0.012415
0 0.449616 0.399787 0.017295 0.014359
0 0.840935 0.762488 0.011018 0.008066
0 0.617347 0.713029 0.013503 0.011400
0 0.640825 0.619549 0.014065 0.012566
0 0.770762 0.708064 0.011466 0.008675
0 0.664615 0.814663 0.014843 0.012085
0 0.377910 0.603600 0.013641 0.011075
0 0.652550 0.576206 0.014698 0.013152
0 0.693530 0.886380 0.013031 0.009642
0 0.252019 0.692720 0.013175 0.010509
0 0.425795 0.587940 0.012084 0.011027
0 0.421394 0.836885 0.014480 0.010571
0 0.632094 0.766459 0.014280 0.011927
0 0.412791 0.860876 0.016832 0.012479
0 0.603166 0.499501 0.016664 0.015229
0 0.248220 0.508427 0.016417 0.013643
0 0.389017 0.867950 0.017309 0.014174
0 0.813837 0.811616 0.014922 0.011462
0 0.780404 0.635257 0.011726 0.009524
0 0.646755 0.594025 0.015757 0.013307
0 0.635962 0.533356 0.016041 0.012893
0 0.722928 0.639468 0.012008 0.010984
0 0.811521 0.735325 0.010541 0.007748
0 0.422677 0.383219 0.019993 0.014906
0 0.860985 0.779626 0.012737 0.009311
0 0.281546 0.485554 0.018970 0.014848
0 0.555994 0.557324 0.014935 0.013776
0 0.546311 0.435436 0.021272 0.011425
0 0.362908 0.533278 0.013268 0.010973
0 0.509642 0.417136 0.013353 0.011379
0 0.555286 0.568312 0.015254 0.013851
0 0.576206 0.618922 0.011538 0.009529
0 0.307387 0.535022 0.014926 0.011154
0 0.839277 0.729755 0.011629 0.008748
0 0.436453 0.667431 0.018204 0.014895
0 0.886255 0.709643 0.016187 0.011468
0 0.708462 0.382614 0.013625 0.013957
0 0.800421 0.693054 0.011383 0.008802
0 0.816839 0.853113 0.013711 0.009085
0 0.628720 0.558367 0.013969 0.013090
0 0.762797 0.770673 0.011137 0.009985
0 0.782208 0.858681 0.014682 0.011346
0 0.632610 0.627891 0.017201 0.011032
0 0.424452 0.640277 0.015193 0.010648
0 0.390377 0.876455 0.017672 0.017241
0 0.634624 0.899501 0.022620 0.017613
0 0.647631 0.702622 0.012776 0.010638
0 0.671065 0.495978 0.014407 0.014192
0 0.571963 0.534560 0.017484 0.012959
0 0.349255 0.794109 0.012452 0.010925
0 0.823170 0.502073 0.014651 0.012361
0 0.758758 0.789526 0.011504 0.020940
0 0.243223 0.755070 0.015596 0.012752
0 0.908011 0.520582 0.019725 0.016386
0 0.485682 0.585753 0.013377 0.010698
0 0.610214 0.651912 0.018081 0.012609
0 0.666617 0.527830 0.013469 0.009965
0 0.391011 0.458298 0.014709 0.013557
0 0.311537 0.563809 0.012688 0.011650
0 0.864346 0.752207 0.011071 0.008649
0 0.814549 0.616217 0.012632 0.010352
0 0.344359 0.647694 0.013331 0.010661
0 0.210855 0.540734 0.018490 0.014842
0 0.840730 0.620691 0.015519 0.011204