0 0.508952 0.348520 0.017230 0.013627
0 0.660023 0.398823 0.015078 0.011981
0 0.766144 0.509367 0.017250 0.014117
0 0.679552 0.662218 0.018193 0.013576
0 0.591958 0.361464 0.016489 0.012284
0 0.625851 0.409341 0.014359 0.010918
0 0.664271 0.545631 0.015228 0.012146
0 0.755380 0.347311 0.018615 0.012854
0 0.791125 0.701194 0.018908 0.014882
0 0.493050 0.317566 0.017433 0.013169
0 0.516188 0.299189 0.015523 0.011838
0 0.753282 0.602466 0.016330 0.012422
0 0.304161 0.345605 0.019259 0.015169
0 0.444187 0.316326 0.015214 0.011872
0 0.531632 0.659259 0.013804 0.010442
0 0.846296 0.353774 0.019839 0.013993
0 0.741486 0.567870 0.014519 0.011445
0 0.721296 0.311946 0.015424 0.011593
0 0.665249 0.347288 0.019186 0.014792
0 0.768982 0.669114 0.021909 0.015654
0 0.557734 0.370769 0.016996 0.014151
0 0.818998 0.332066 0.016120 0.014242
0 0.729054 0.621973 0.019758 0.015069
0 0.605146 0.492369 0.020404 0.015060
0 0.807897 0.498460 0.015222 0.012204
0 0.770862 0.315722 0.017466 0.013577
0 0.799055 0.740271 0.021148 0.015806
0 0.558481 0.521746 0.015837 0.012749
0 0.294112 0.380223 0.014178 0.011666
0 0.547055 0.489934 0.017451 0.013109
0 0.624069 0.612673 0.014910 0.011433
0 0.706074 0.570287 0.013587 0.010477
0 0.694024 0.278483 0.023436 0.013833
0 0.389440 0.556471 0.015452 0.011691
0 0.697033 0.641434 0.015827 0.012841
0 0.365387 0.731099 0.018626 0.014227
0 0.584419 0.535319 0.016165 0.012670
0 0.779801 0.372335 0.016063 0.011323
0 0.400151 0.311120 0.019655 0.015080
0 0.479120 0.485161 0.025677 0.016044
0 0.657013 0.268225 0.016526 0.013627
0 0.607880 0.262062 0.015003 0.013044
0 0.343026 0.716370 0.015851 0.011920
0 0.529917 0.609087 0.016869 0.013439
0 0.758466 0.401855 0.017323 0.011257
0 0.805029 0.570749 0.018790 0.013530
0 0.241766 0.541755 0.014124 0.011703
0 0.340162 0.283334 0.017173 0.014509
0 0.738294 0.720829 0.021080 0.016272
0 0.299831 0.577559 0.014696 0.010898
0 0.756648 0.459843 0.018506 0.014685
0 0.269798 0.437216 0.017036 0.012431
0 0.672783 0.501792 0.015754 0.011490
0 0.511836 0.734166 0.016779 0.012799
0 0.313321 0.594279 0.015542 0.011824
0 0.732637 0.272860 0.015607 0.012618
0 0.498663 0.645093 0.013407 0.010653
0 0.725013 0.658521 0.020050 0.015439
0 0.775105 0.585695 0.017346 0.014767
0 0.536308 0.702854 0.020704 0.016919
0 0.621373 0.293781 0.018812 0.016116
0 0.752114 0.541157 0.017647 0.013322
0 0.218221 0.511464 0.014562 0.011880
0 0.324479 0.549121 0.013603 0.010327
0 0.601377 0.428380 0.021901 0.011714
0 0.817079 0.371696 0.017950 0.013507
0 0.496614 0.668055 0.014815 0.010780
0 0.505591 0.264395 0.013246 0.010494
0 0.456879 0.700343 0.015094 0.011544
0 0.279759 0.595289 0.014004 0.010645
0 0.374907 0.371550 0.021321 0.015145
1 0.478035 0.812574 0.050252 0.039017
0 0.336911 0.445590 0.014546 0.011554
0 0.611038 0.631964 0.020672 0.014723
0 0.288226 0.409149 0.015588 0.011432
0 0.900121 0.591285 0.014940 0.011504
0 0.226544 0.371388 0.021468 0.016050
0 0.559281 0.305140 0.011873 0.009712
0 0.950610 0.538962 0.013991 0.010438
0 0.249692 0.604940 0.016534 0.012757
0 0.185357 0.568409 0.014987 0.011418
0 0.572994 0.332524 0.013258 0.009945
0 0.647024 0.240830 0.015824 0.012298
0 0.290465 0.531351 0.012708 0.010402
1 0.426361 0.402572 0.047122 0.033939
0 0.467483 0.254374 0.019612 0.018130
0 0.549037 0.620346 0.015804 0.013271
0 0.922827 0.404794 0.016655 0.011868
0 0.842594 0.554476 0.016394 0.011674
0 0.659399 0.739758 0.018860 0.014622
0 0.374123 0.460518 0.018178 0.013969
0 0.824843 0.623960 0.022122 0.018521
0 0.490784 0.426598 0.021723 0.013523
0 0.374580 0.685873 0.015216 0.011392
0 0.663287 0.367098 0.018235 0.012052
0 0.446746 0.431943 0.012299 0.010383
0 0.501542 0.761976 0.023262 0.016503
0 0.576199 0.712645 0.023495 0.015699
0 0.362722 0.531399 0.014490 0.011313
0 0.558912 0.344267 0.013078 0.010397
0 0.342368 0.539771 0.014560 0.011402
0 0.862394 0.520645 0.022666 0.015280
0 0.442214 0.465412 0.017687 0.013647
0 0.729834 0.290367 0.013626 0.010928
0 0.648082 0.708095 0.026266 0.019631
0 0.638286 0.455040 0.021189 0.013252
0 0.426375 0.373621 0.017062 0.010774
0 0.705466 0.425097 0.016724 0.012105
0 0.254940 0.575922 0.016115 0.011999
0 0.526452 0.825213 0.029755 0.019023
0 0.483306 0.658637 0.016241 0.013972
0 0.311390 0.414941 0.012827 0.011130
0 0.541857 0.411685 0.010521 0.008410
0 0.859553 0.477607 0.016457 0.010799
0 0.189498 0.524929 0.014673 0.011298
0 0.519352 0.240596 0.014513 0.011452
0 0.795739 0.609252 0.016758 0.014944
0 0.310868 0.484075 0.014952 0.011809
0 0.632946 0.253388 0.016560 0.012557
0 0.711249 0.245385 0.017895 0.013418
0 0.743525 0.437426 0.025242 0.014686
0 0.301109 0.438254 0.016608 0.011656
0 0.849584 0.587118 0.016656 0.013499
0 0.281827 0.615816 0.014505 0.010894
0 0.701430 0.393463 0.012839 0.009501
0 0.502709 0.588836 0.015705 0.013341
0 0.580930 0.222325 0.015065 0.010228
0 0.281970 0.470620 0.015581 0.011087
0 0.899077 0.505369 0.012783 0.009797
0 0.259248 0.633815 0.014234 0.010301
0 0.897033 0.423511 0.021906 0.014072
0 0.894766 0.478837 0.012708 0.009844
0 0.651273 0.311374 0.018535 0.010851
0 0.613380 0.543057 0.015727 0.015783
0 0.474756 0.521452 0.018218 0.013478
0 0.329995 0.375511 0.015253 0.013590
0 0.808551 0.300194 0.034398 0.018882
0 0.657349 0.438363 0.018343 0.014009
0 0.218909 0.476585 0.014414 0.009714
0 0.473634 0.368905 0.012435 0.009345
0 0.427661 0.763788 0.029617 0.016912
0 0.903891 0.564611 0.022734 0.016028
0 0.679948 0.412925 0.017968 0.010524
0 0.324283 0.363500 0.017474 0.015544
0 0.289478 0.713382 0.017970 0.012912
0 0.462699 0.512482 0.018595 0.014640
0 0.847445 0.726442 0.014129 0.010879
0 0.166773 0.526462 0.016036 0.012604
0 0.677997 0.256612 0.014321 0.010285
0 0.813360 0.403430 0.021516 0.014339
0 0.734163 0.527419 0.014759 0.012076
0 0.582050 0.387077 0.011782 0.008868
0 0.253675 0.460879 0.017368 0.010652
0 0.687839 0.369905 0.013937 0.009596
0 0.270410 0.556428 0.013958 0.013241
0 0.925419 0.623565 0.024952 0.015918
0 0.823729 0.463710 0.018165 0.010447
0 0.652482 0.291535 0.013963 0.010045
0 0.330574 0.423777 0.012288 0.009314
0 0.937526 0.584133 0.015529 0.011428
0 0.835424 0.480809 0.014395 0.009856
0 0.475071 0.438954 0.016468 0.013306
0 0.480042 0.577884 0.019194 0.014271
0 0.359877 0.473664 0.018528 0.012852
0 0.776967 0.418163 0.011842 0.008758
0 0.381672 0.497850 0.015797 0.014457
0 0.469291 0.518797 0.022768 0.017185
0 0.326948 0.369834 0.018286 0.018850
0 0.875048 0.462706 0.020211 0.011082
0 0.706203 0.346638 0.009896 0.008057
1 0.361270 0.664692 0.044283 0.027174
1 0.354225 0.504667 0.034219 0.021135