0 0.674925 0.437551 0.016316 0.011684
0 0.733288 0.458138 0.013939 0.011369
0 0.578673 0.472442 0.015653 0.011588
0 0.404704 0.347199 0.017768 0.013234
0 0.508640 0.372051 0.016688 0.011831
0 0.607256 0.460039 0.016830 0.012938
0 0.314964 0.282808 0.016497 0.012551
0 0.353699 0.322650 0.017089 0.012824
0 0.568100 0.194941 0.015417 0.012489
0 0.294695 0.412983 0.015886 0.011550
0 0.576265 0.639847 0.014111 0.011940
0 0.797173 0.262000 0.017089 0.012348
0 0.455798 0.196316 0.015529 0.012665
0 0.713503 0.583976 0.013498 0.009845
0 0.708334 0.538957 0.014014 0.011041
0 0.812742 0.318260 0.014579 0.011055
0 0.869975 0.258056 0.015308 0.011794
0 0.388037 0.307084 0.015845 0.011672
0 0.543332 0.396668 0.014110 0.011959
1 0.818195 0.529866 0.041681 0.035107
0 0.933713 0.493380 0.011924 0.009503
0 0.834041 0.398905 0.016231 0.012116
0 0.910865 0.407328 0.015099 0.011542
0 0.889782 0.568621 0.012804 0.010196
0 0.337686 0.381534 0.016354 0.011835
0 0.624070 0.201664 0.013938 0.012259
0 0.675320 0.475181 0.018675 0.013749
0 0.844315 0.443510 0.015187 0.011106
0 0.576265 0.240095 0.016510 0.013574
0 0.551393 0.274104 0.016169 0.012211
0 0.483271 0.672337 0.015008 0.011740
0 0.727104 0.251906 0.015402 0.012610
0 0.426484 0.227517 0.014848 0.011920
0 0.728216 0.597670 0.011452 0.009198
0 0.572288 0.723475 0.017249 0.012840
0 0.381881 0.616795 0.013375 0.010576
0 0.919730 0.389099 0.015826 0.011576
0 0.709527 0.716503 0.018706 0.014035
0 0.575675 0.612248 0.012738 0.010246
0 0.897017 0.514549 0.012303 0.010124
0 0.495832 0.278180 0.016127 0.011893
0 0.470365 0.440175 0.016996 0.012809
0 0.364065 0.302220 0.016364 0.012500
0 0.510436 0.304206 0.015209 0.011854
0 0.515061 0.441720 0.015394 0.011780
0 0.526330 0.169873 0.013952 0.010909
1 0.504127 0.586416 0.049987 0.035236
0 0.496332 0.521595 0.014733 0.011446
0 0.748407 0.563951 0.012404 0.009809
0 0.763959 0.355258 0.015971 0.012203
1 0.283807 0.502754 0.050387 0.040096
0 0.924584 0.523084 0.012405 0.009661
0 0.607369 0.566488 0.014503 0.012478
0 0.777019 0.548339 0.013096 0.010030
0 0.315652 0.468600 0.013474 0.010326
0 0.976777 0.469508 0.013184 0.010759
0 0.606631 0.524598 0.013926 0.010478
1 0.687848 0.400878 0.084938 0.039439
0 0.417150 0.617234 0.012714 0.010194
0 0.514576 0.465449 0.014824 0.011023
0 0.661353 0.234230 0.015994 0.011650
0 0.400159 0.503520 0.013038 0.010901
0 0.663160 0.539383 0.015639 0.011413
0 0.780049 0.528126 0.014096 0.010598
1 0.854383 0.183601 0.067816 0.042733
0 0.630167 0.136923 0.012474 0.009844
0 0.648127 0.283479 0.015571 0.011567
0 0.756392 0.289223 0.014552 0.011699
0 0.597650 0.501994 0.013611 0.010698
0 0.688654 0.673383 0.013415 0.010511
0 0.629202 0.648030 0.014322 0.011648
1 0.386685 0.261838 0.046013 0.037252
1 0.517802 0.337484 0.070393 0.042453
1 0.578387 0.151587 0.067634 0.046483
0 0.523950 0.634628 0.015461 0.012941
0 0.738482 0.640404 0.014281 0.010370
0 0.626723 0.163129 0.011170 0.009952
0 0.857589 0.428698 0.015351 0.011401
0 0.431191 0.332399 0.016735 0.012765
0 0.452015 0.408641 0.017765 0.012060
1 0.988040 0.511633 0.023919 0.042862
0 0.658338 0.462324 0.015488 0.011299
0 0.476404 0.397669 0.019703 0.014676
0 0.498682 0.558964 0.012666 0.009013
0 0.601371 0.413994 0.015687 0.011573
0 0.421082 0.454002 0.015748 0.011706
0 0.804922 0.494429 0.017267 0.012870
1 0.443953 0.529635 0.043303 0.033685
0 0.474730 0.175465 0.014418 0.012566
0 0.623735 0.600924 0.018332 0.011221
0 0.888771 0.619754 0.014235 0.010501
1 0.204323 0.465226 0.038507 0.041751
0 0.542537 0.581409 0.014042 0.011721
0 0.669070 0.200795 0.013723 0.010395
0 0.627587 0.441426 0.016409 0.012614
0 0.709501 0.679983 0.015040 0.011269
0 0.875007 0.315773 0.015860 0.013470
0 0.476983 0.157609 0.017412 0.012807
0 0.966127 0.312306 0.017333 0.014163
1 0.823584 0.578476 0.059816 0.042440
0 0.445439 0.631100 0.017428 0.011375
0 0.605343 0.377178 0.016806 0.012553
0 0.799583 0.666649 0.013955 0.011058
0 0.663717 0.295642 0.017315 0.014680
0 0.899356 0.269946 0.013874 0.011633
0 0.849315 0.605507 0.012693 0.010438
0 0.696693 0.331357 0.018153 0.014043
0 0.390343 0.568576 0.013199 0.010245
0 0.576996 0.294851 0.015254 0.011874
0 0.709485 0.623317 0.012905 0.011440
0 0.970601 0.439270 0.012476 0.011368
0 0.740898 0.700148 0.017319 0.013385
0 0.787918 0.473162 0.016826 0.014075
0 0.507328 0.417905 0.016806 0.011728
0 0.903739 0.476993 0.015977 0.012606
0 0.790490 0.238640 0.013996 0.010835
0 0.448449 0.273567 0.014700 0.015457
0 0.343699 0.589888 0.014369 0.011501
0 0.814545 0.631972 0.013044 0.009372
1 0.538241 0.701570 0.050183 0.042995
0 0.723218 0.494704 0.011707 0.008755
0 0.441519 0.476865 0.014209 0.012558
0 0.291638 0.579698 0.014144 0.011352
0 0.511778 0.201979 0.019263 0.014985
0 0.685765 0.280197 0.017198 0.012815
0 0.425108 0.320842 0.016894 0.014600
0 0.521766 0.615294 0.014136 0.012686
0 0.951531 0.463095 0.012624 0.010033
0 0.629886 0.427499 0.015542 0.014801
1 0.559169 0.316082 0.049453 0.039728
0 0.316106 0.393856 0.020779 0.013645
1 0.837801 0.660121 0.043814 0.036548
0 0.411309 0.276057 0.014847 0.014388
0 0.780487 0.577453 0.011878 0.009145
0 0.843506 0.277699 0.019286 0.018343
0 0.598654 0.372187 0.016780 0.011555
0 0.436580 0.416223 0.014443 0.010234
1 0.810449 0.602312 0.048033 0.040151
0 0.769249 0.248347 0.015368 0.012674
0 0.768457 0.321787 0.013151 0.010674
1 0.545363 0.741027 0.046918 0.035446
0 0.993802 0.401575 0.011774 0.015377
0 0.494186 0.507130 0.013382 0.011039
0 0.831284 0.221320 0.013476 0.010810
0 0.857840 0.534346 0.014047 0.011044
0 0.770161 0.720598 0.017321 0.012826
0 0.955006 0.275728 0.021736 0.016327
0 0.925119 0.593132 0.013095 0.010092
1 0.493237 0.711867 0.054162 0.040559
0 0.729597 0.313670 0.021795 0.016090
0 0.831966 0.417142 0.017220 0.012653
0 0.946173 0.565425 0.012462 0.009862
0 0.283267 0.265376 0.025596 0.019276
0 0.753019 0.726072 0.019404 0.014658
0 0.767834 0.338080 0.018358 0.016577
0 0.642170 0.545887 0.013201 0.010258
1 0.769050 0.179027 0.049998 0.036313
0 0.483546 0.305989 0.012799 0.009681
0 0.214411 0.429208 0.014577 0.011083
1 0.538309 0.326893 0.080001 0.055571
0 0.968205 0.370640 0.014177 0.011218
1 0.410112 0.714478 0.044402 0.034492
0 0.923731 0.226849 0.016844 0.014008
0 0.498478 0.477500 0.013221 0.010128
0 0.826923 0.338236 0.020058 0.016380
1 0.655898 0.257123 0.046448 0.035213
0 0.450038 0.279984 0.015644 0.013932
0 0.824339 0.703240 0.015645 0.011947
1 0.382811 0.220426 0.038730 0.030007
0 0.306583 0.237965 0.019346 0.016432
0 0.429398 0.560249 0.012731 0.010478
0 0.609146 0.226926 0.014252 0.013250
0 0.716084 0.423408 0.017358 0.012108
1 0.259068 0.609187 0.040572 0.034094
0 0.995142 0.365001 0.009716 0.010365
1 0.384732 0.240815 0.042839 0.056378
0 0.631803 0.582042 0.012750 0.010286
0 0.226335 0.392696 0.016149 0.011466
0 0.914341 0.438101 0.015433 0.015851
0 0.763883 0.431868 0.011946 0.010699
1 0.797909 0.214869 0.046008 0.029642
1 0.711875 0.398312 0.033987 0.026703
0 0.428979 0.327318 0.017450 0.024931
0 0.328445 0.246797 0.014902 0.013044
0 0.475218 0.277526 0.018589 0.012435
0 0.759858 0.623303 0.014488 0.010399
0 0.269143 0.561954 0.015285 0.012584
0 0.458722 0.510088 0.011469 0.008959
0 0.972559 0.451543 0.012460 0.013880
1 0.511055 0.710978 0.100803 0.060487
0 0.465642 0.684114 0.013788 0.011133
0 0.875399 0.462854 0.017718 0.013805
0 0.701560 0.327226 0.019931 0.016300
1 0.680301 0.173509 0.040909 0.034669
0 0.476907 0.485567 0.015748 0.017144
0 0.594280 0.332532 0.014122 0.010968
1 0.291904 0.650599 0.027670 0.048659
1 0.371187 0.695407 0.029406 0.026255