0 0.319164 0.558085 0.015853 0.021670
0 0.292592 0.615996 0.017412 0.022462
0 0.268188 0.565473 0.016005 0.021902
0 0.330392 0.493788 0.015439 0.021181
0 0.379974 0.702290 0.019998 0.029550
0 0.348380 0.596149 0.016435 0.022089
0 0.359145 0.547287 0.014216 0.018598
0 0.386734 0.581461 0.016255 0.022155
0 0.385793 0.782203 0.019193 0.026631
0 0.452898 0.698708 0.021361 0.026827
0 0.420032 0.655370 0.019552 0.024416
0 0.445197 0.655755 0.017322 0.021197
0 0.211124 0.696720 0.020078 0.028794
0 0.352188 0.446322 0.014340 0.020214
0 0.162813 0.453092 0.016233 0.021694
0 0.135640 0.685544 0.015956 0.020227
1 0.140325 0.606831 0.032562 0.047013
0 0.147616 0.427467 0.011992 0.015838
0 0.242729 0.742401 0.016302 0.021230
0 0.187758 0.420490 0.012389 0.017552
0 0.133139 0.644734 0.018080 0.024880
0 0.142715 0.770929 0.016562 0.020848
0 0.209629 0.463772 0.014027 0.019789
0 0.133154 0.714819 0.015601 0.020912
0 0.260937 0.665705 0.013978 0.019872
0 0.158177 0.646722 0.014298 0.018796
0 0.073830 0.471644 0.012588 0.016590
0 0.475825 0.538353 0.014625 0.020616
0 0.151602 0.526277 0.013150 0.018450
0 0.188539 0.467797 0.013681 0.020743
0 0.349027 0.720428 0.020406 0.030291
1 0.407124 0.484846 0.037705 0.052190
0 0.342928 0.798171 0.021806 0.027838
0 0.270074 0.338429 0.013155 0.020286
0 0.168956 0.301106 0.012192 0.018261
0 0.133688 0.360713 0.012124 0.018737
0 0.238538 0.792574 0.017383 0.024764
1 0.166112 0.808552 0.037352 0.049172
0 0.175928 0.344082 0.010948 0.015722
0 0.107065 0.466438 0.011953 0.017167
0 0.389313 0.363506 0.016342 0.021029
0 0.511443 0.547054 0.014483 0.019690
0 0.449586 0.518504 0.013634 0.021892
0 0.105805 0.416748 0.015077 0.023075
0 0.386601 0.504861 0.012817 0.018995
0 0.312686 0.652527 0.014493 0.019530
0 0.296811 0.686606 0.013553 0.019477
0 0.252135 0.292681 0.010462 0.015953
0 0.328601 0.675903 0.020073 0.025206
0 0.298094 0.787994 0.019701 0.025149
1 0.384688 0.280743 0.025761 0.036848
0 0.150306 0.711677 0.014785 0.020729
0 0.325884 0.830030 0.023072 0.029268
0 0.375639 0.615590 0.017122 0.021549