0 0.513354 0.804534 0.023846 0.019158
0 0.513900 0.655963 0.017078 0.012218
0 0.440945 0.640026 0.016196 0.012422
0 0.416160 0.457926 0.018058 0.014138
0 0.544924 0.386645 0.018302 0.014199
0 0.481912 0.523475 0.016946 0.013017
0 0.479188 0.645958 0.017035 0.012717
0 0.424697 0.670741 0.016852 0.012509
0 0.400797 0.717563 0.016437 0.012472
0 0.286788 0.836890 0.024379 0.018539
0 0.443525 0.830030 0.021816 0.016273
0 0.382159 0.503533 0.018661 0.014969
0 0.563938 0.557435 0.021351 0.015577
0 0.334160 0.566593 0.020180 0.016137
0 0.264336 0.385692 0.021284 0.016147
0 0.538809 0.473575 0.018185 0.013131
0 0.549920 0.721474 0.017688 0.013577
0 0.435199 0.544440 0.017183 0.012650
0 0.547546 0.499372 0.019471 0.013962
0 0.250232 0.456281 0.020670 0.015882
0 0.387316 0.552477 0.017136 0.012813
0 0.232308 0.696285 0.020788 0.015875
0 0.150920 0.422807 0.021427 0.016293
0 0.603220 0.411364 0.020128 0.014288
0 0.281412 0.436853 0.020319 0.015160
0 0.596462 0.570566 0.020764 0.017333
0 0.441543 0.874059 0.023907 0.018391
0 0.192874 0.415343 0.020606 0.016443
0 0.384268 0.435011 0.021214 0.016665
0 0.684228 0.595749 0.017857 0.013711
0 0.397800 0.802369 0.024835 0.019825
0 0.596621 0.359642 0.020107 0.015862
0 0.405275 0.745468 0.015711 0.011097
0 0.463809 0.310571 0.019517 0.016025
0 0.484889 0.713230 0.017411 0.012928
0 0.711577 0.599520 0.025566 0.015932
0 0.522072 0.499824 0.017952 0.013001
0 0.449703 0.463556 0.019236 0.015282
0 0.089066 0.666225 0.019714 0.014804
0 0.368487 0.460271 0.017877 0.013395
0 0.471815 0.430673 0.018323 0.014016
0 0.574948 0.724327 0.018914 0.015249
0 0.273972 0.323585 0.023389 0.017251
0 0.399230 0.391683 0.017008 0.011932
0 0.484720 0.739283 0.016375 0.011455
0 0.414380 0.561950 0.017098 0.012888
0 0.784319 0.550302 0.018473 0.013671
0 0.809854 0.533022 0.017941 0.013796
0 0.569640 0.787161 0.018588 0.014368
0 0.574401 0.412924 0.017772 0.012741
0 0.506437 0.547113 0.019179 0.015216
0 0.114509 0.687725 0.017697 0.013401
0 0.331483 0.467300 0.017986 0.014935
0 0.165935 0.378103 0.019790 0.015710
0 0.465802 0.759469 0.021731 0.014052
1 0.058087 0.749801 0.060237 0.050909
0 0.553968 0.672622 0.015979 0.013479
0 0.498850 0.763438 0.018990 0.013806
0 0.519670 0.342422 0.025187 0.020812
0 0.419236 0.603798 0.018989 0.014315
0 0.543480 0.745141 0.019469 0.013477
0 0.548126 0.601526 0.017966 0.015474
0 0.689500 0.409413 0.018305 0.014400
0 0.388990 0.648197 0.016709 0.014839
0 0.266314 0.784251 0.016573 0.013422
0 0.342508 0.365006 0.013656 0.011326
0 0.450819 0.726694 0.015824 0.012278
0 0.722722 0.437011 0.018088 0.014256
0 0.527597 0.550562 0.016743 0.013112
0 0.487878 0.785540 0.019758 0.013957
0 0.778088 0.439056 0.025955 0.021779
0 0.618904 0.609736 0.014422 0.010864
0 0.377939 0.854824 0.025834 0.020530
0 0.368465 0.741133 0.014390 0.011005
0 0.615947 0.653146 0.017723 0.014464
0 0.042954 0.523058 0.022437 0.017215
0 0.231256 0.619940 0.024777 0.018571
0 0.526869 0.743596 0.019407 0.013131
0 0.691910 0.657221 0.023110 0.018818
0 0.107716 0.550262 0.019703 0.013214
0 0.551481 0.423927 0.016697 0.014577
0 0.679184 0.792210 0.020804 0.016282
0 0.314645 0.762295 0.023521 0.019921
0 0.400426 0.625107 0.015834 0.013458
0 0.142905 0.562850 0.028563 0.020915
0 0.070849 0.551894 0.025440 0.019928
0 0.449461 0.746777 0.016464 0.012608
0 0.437852 0.580532 0.017586 0.013407
0 0.462431 0.550658 0.016249 0.013468
0 0.359644 0.576813 0.016072 0.012784
0 0.799539 0.619137 0.018041 0.014621
0 0.428667 0.747557 0.017107 0.012656
0 0.419346 0.705785 0.020435 0.014299
0 0.691803 0.475936 0.016216 0.014142
0 0.798107 0.586006 0.021348 0.016767
0 0.488290 0.611372 0.018306 0.012541
0 0.432315 0.484283 0.016509 0.011322
0 0.451747 0.414622 0.022199 0.015933
0 0.365247 0.399581 0.021245 0.013890
0 0.615624 0.561983 0.017578 0.013196
0 0.203874 0.639857 0.037863 0.029718
0 0.743828 0.615011 0.017863 0.014862
0 0.442008 0.587922 0.018651 0.016625
0 0.457254 0.484284 0.014353 0.010672
0 0.216198 0.767539 0.015571 0.012685
0 0.289247 0.398962 0.019470 0.015024
0 0.405434 0.715119 0.021331 0.015513
0 0.367878 0.666760 0.016144 0.012600
0 0.373231 0.285310 0.020597 0.014304
0 0.816220 0.551529 0.014958 0.011268
0 0.455524 0.516964 0.012716 0.008177
0 0.453886 0.853234 0.021473 0.014513
1 0.068438 0.792884 0.041408 0.036807