0 0.273728 0.558953 0.016670 0.014061
0 0.560005 0.346870 0.017320 0.014174
0 0.451758 0.479641 0.017604 0.014030
0 0.409752 0.259418 0.016288 0.014294
0 0.346286 0.265228 0.016824 0.013237
0 0.514520 0.660529 0.015983 0.012457
0 0.158404 0.381493 0.017500 0.014332
0 0.514795 0.748494 0.020781 0.014929
0 0.338972 0.630661 0.014525 0.011258
0 0.289120 0.338878 0.016593 0.013037
0 0.640255 0.442888 0.020326 0.014918
0 0.407835 0.234398 0.014321 0.012802
0 0.464190 0.353499 0.017656 0.014376
0 0.373924 0.645791 0.015494 0.011871
0 0.641979 0.516929 0.015553 0.013420
0 0.656831 0.351712 0.015747 0.012536
0 0.384371 0.501151 0.014298 0.010791
0 0.300427 0.675801 0.016132 0.012944
0 0.217827 0.385267 0.015310 0.012005
0 0.349992 0.383364 0.018926 0.015803
0 0.321939 0.612372 0.018380 0.015116
0 0.057683 0.466779 0.014789 0.011256
0 0.403494 0.545461 0.015386 0.011433
0 0.347461 0.288643 0.014982 0.012869
0 0.517040 0.319355 0.019276 0.016168
0 0.250777 0.333610 0.016045 0.013742
0 0.572201 0.664620 0.015205 0.011395
0 0.312797 0.420018 0.014187 0.010922
0 0.481491 0.329789 0.017893 0.014139
0 0.116408 0.483523 0.013539 0.010535
1 0.147013 0.618510 0.036605 0.029107
0 0.157998 0.450397 0.015811 0.013452
0 0.330926 0.571641 0.016315 0.013557
0 0.310394 0.716748 0.017595 0.013076
0 0.647960 0.375936 0.015478 0.011061
0 0.100031 0.644863 0.015942 0.013526
0 0.342162 0.712427 0.019317 0.016478
0 0.433647 0.553072 0.016951 0.014174
1 0.182393 0.520074 0.038568 0.028027
0 0.363862 0.197931 0.015431 0.011722
0 0.353819 0.221656 0.014142 0.011888
0 0.059336 0.546627 0.018166 0.011625
0 0.286330 0.444411 0.017404 0.015229
0 0.314672 0.537319 0.012517 0.009619
0 0.533778 0.265869 0.016561 0.014299
0 0.730135 0.395658 0.023545 0.019888
0 0.436353 0.728682 0.026607 0.016574
0 0.691842 0.479044 0.014100 0.011787
0 0.459145 0.222731 0.018963 0.016756
0 0.533191 0.571855 0.015875 0.014022
0 0.266745 0.423698 0.016129 0.011768
0 0.156316 0.483997 0.016309 0.012663
0 0.250588 0.249830 0.013138 0.011351
0 0.586573 0.316395 0.014867 0.011486
0 0.243951 0.596957 0.014014 0.011530
0 0.336545 0.453949 0.013878 0.010970
0 0.401331 0.350531 0.013934 0.011642
0 0.088860 0.611113 0.012196 0.009558
0 0.127273 0.338899 0.013961 0.010797
0 0.365064 0.559575 0.015309 0.011658
0 0.673640 0.561506 0.014045 0.011515
0 0.454429 0.199721 0.017713 0.012662
0 0.503608 0.597732 0.017799 0.014880
0 0.227912 0.450454 0.014271 0.011321
0 0.585873 0.403657 0.015353 0.012282
0 0.303867 0.290059 0.017209 0.014980
0 0.667297 0.288883 0.017023 0.013727
0 0.301370 0.367134 0.013641 0.011457
0 0.262282 0.425939 0.019368 0.012518
0 0.072386 0.442398 0.012356 0.009431
0 0.540538 0.464140 0.013406 0.010241
0 0.431591 0.418161 0.014414 0.012374
0 0.336586 0.598478 0.012275 0.009599
0 0.528394 0.373916 0.013058 0.013761
0 0.304223 0.435574 0.014327 0.011492
0 0.183611 0.472897 0.013243 0.010612