0 0.630750 0.549989 0.016976 0.011952
0 0.712952 0.591569 0.021887 0.017219
0 0.440654 0.696763 0.017858 0.014680
0 0.554309 0.675515 0.018385 0.013697
0 0.200133 0.526961 0.017625 0.014064
0 0.352397 0.526541 0.017320 0.012958
0 0.625740 0.515653 0.016593 0.012576
0 0.682354 0.561490 0.020453 0.016002
0 0.391622 0.814563 0.022821 0.017568
0 0.437810 0.739298 0.017443 0.013305
0 0.699755 0.472946 0.016959 0.013440
0 0.567404 0.516894 0.015670 0.011514
0 0.262024 0.611506 0.016338 0.012415
0 0.373934 0.711657 0.016113 0.012719
0 0.172404 0.486952 0.015880 0.012129
1 0.604762 0.800135 0.043155 0.040937
0 0.292866 0.534477 0.016486 0.012528
0 0.248183 0.402383 0.015528 0.011878
0 0.516090 0.374252 0.020274 0.016558
0 0.622229 0.645221 0.015699 0.011802
0 0.471964 0.620968 0.016248 0.012368
1 0.468226 0.368506 0.033628 0.028353
1 0.767724 0.364522 0.038548 0.032273
0 0.358529 0.788250 0.016298 0.011918
0 0.391407 0.364299 0.016291 0.013779
0 0.713106 0.496927 0.018813 0.015279
0 0.267070 0.423670 0.016422 0.012822
0 0.745910 0.514255 0.018075 0.013704
0 0.714828 0.416083 0.014078 0.011441
0 0.459245 0.658831 0.020275 0.015721
0 0.312290 0.679593 0.014957 0.011689
0 0.605564 0.719695 0.018767 0.014376
0 0.652624 0.554775 0.017600 0.011856
0 0.353107 0.706671 0.016694 0.013682
0 0.202274 0.481198 0.014770 0.012800
0 0.298779 0.591533 0.015331 0.011675
0 0.206931 0.578192 0.016629 0.014175
0 0.441593 0.765391 0.018435 0.015130
0 0.755086 0.667943 0.020825 0.015873
0 0.565442 0.541313 0.016525 0.012695
0 0.460259 0.457811 0.015607 0.012124
0 0.334432 0.618714 0.016426 0.013715
0 0.704829 0.701177 0.020607 0.015042
0 0.772201 0.458486 0.018917 0.014687
0 0.654125 0.536970 0.014160 0.010518
0 0.604949 0.404546 0.017866 0.014924
0 0.603359 0.624282 0.016633 0.013915
0 0.410315 0.399019 0.015372 0.012052
0 0.522997 0.610655 0.019424 0.014560
0 0.542112 0.462188 0.013969 0.011242
0 0.553347 0.815651 0.026665 0.019519
0 0.656790 0.757795 0.027259 0.019954
0 0.557345 0.723089 0.024929 0.018498
0 0.175270 0.591061 0.023865 0.017024
0 0.356962 0.455444 0.014878 0.012041
0 0.615717 0.440824 0.013978 0.011346
0 0.207989 0.720121 0.013757 0.010859
0 0.434238 0.586908 0.017073 0.013637
0 0.570005 0.805773 0.023376 0.018713
0 0.717516 0.448582 0.016447 0.011593
0 0.133548 0.521662 0.015424 0.011957
0 0.562111 0.811572 0.035353 0.021968
0 0.566919 0.720183 0.026980 0.019138
0 0.391517 0.321681 0.013657 0.011507
0 0.197442 0.549143 0.013495 0.009239
0 0.436051 0.301644 0.012383 0.010736
0 0.326002 0.810226 0.017805 0.015246
0 0.361980 0.708953 0.026644 0.014023
1 0.307623 0.309723 0.029820 0.018787