0 0.723552 0.624919 0.020827 0.016608
0 0.398055 0.507335 0.021696 0.016729
0 0.324630 0.856955 0.021146 0.016244
0 0.493853 0.555217 0.023541 0.017699
0 0.367864 0.758573 0.024594 0.018668
0 0.738279 0.838237 0.021991 0.017953
0 0.573728 0.546606 0.024839 0.018997
0 0.461835 0.962429 0.023536 0.018292
0 0.789393 0.643995 0.020010 0.015803
0 0.511226 0.674812 0.021644 0.017078
0 0.486914 0.490014 0.019883 0.015445
0 0.609436 0.446824 0.018940 0.015394
0 0.581099 0.440942 0.022032 0.016482
0 0.540982 0.937055 0.021701 0.018050
0 0.649390 0.483400 0.024117 0.018856
0 0.349881 0.538482 0.024133 0.018787
0 0.670614 0.843325 0.022202 0.017364
0 0.823117 0.565606 0.023353 0.018552
0 0.611652 0.870286 0.023245 0.019429
0 0.216851 0.570888 0.022273 0.018399
0 0.919408 0.551501 0.023329 0.016761
0 0.571072 0.945065 0.020878 0.016373
0 0.302638 0.649630 0.019803 0.016546
0 0.320118 0.891392 0.021754 0.016520
0 0.768977 0.880788 0.024460 0.020938
0 0.512352 0.831227 0.017629 0.014437
0 0.382198 0.536403 0.021195 0.017483
0 0.705549 0.578716 0.019045 0.015387
0 0.541114 0.995087 0.021270 0.009826
0 0.290492 0.879852 0.016844 0.013932
0 0.430203 0.904340 0.024883 0.018965
0 0.180441 0.593286 0.026208 0.023530
0 0.393707 0.888694 0.022977 0.020419
0 0.570772 0.474694 0.019820 0.015983
0 0.703360 0.692961 0.020346 0.017386
0 0.787466 0.484422 0.040407 0.028024
0 0.351425 0.445623 0.030196 0.029791
0 0.905241 0.579318 0.020998 0.019235
0 0.764906 0.528238 0.021022 0.017915
0 0.897835 0.712263 0.014224 0.011859
0 0.664698 0.443708 0.024646 0.015417
0 0.575721 0.781064 0.023229 0.020136
0 0.626398 0.407973 0.015114 0.014657
0 0.592152 0.399764 0.013216 0.013798
0 0.316708 0.777103 0.016863 0.014237
0 0.681693 0.620581 0.018164 0.015241
0 0.473002 0.889433 0.019506 0.016829
0 0.591585 0.960694 0.025142 0.021120
0 0.575232 0.607157 0.016795 0.014762