0 0.349026 0.866569 0.021471 0.016919
0 0.410548 0.754337 0.017289 0.013306
0 0.385717 0.847812 0.019433 0.014849
0 0.579194 0.742292 0.019454 0.014549
0 0.098565 0.607106 0.016816 0.012384
0 0.204675 0.551411 0.017958 0.012950
0 0.632179 0.576365 0.017604 0.013776
0 0.610520 0.523658 0.018903 0.013410
1 0.332896 0.652433 0.101706 0.051215
0 0.390242 0.399307 0.015531 0.012197
0 0.312896 0.828839 0.019029 0.013606
0 0.511494 0.696968 0.017320 0.012954
0 0.380273 0.597693 0.014126 0.010270
0 0.151710 0.651531 0.018293 0.013345
0 0.350659 0.543922 0.014881 0.011213
0 0.559248 0.715011 0.017709 0.013476
0 0.442006 0.667305 0.017205 0.014100
0 0.408630 0.420238 0.016017 0.012445
0 0.422036 0.844596 0.019644 0.014659
0 0.579099 0.471327 0.019457 0.014663
0 0.561737 0.828815 0.022805 0.017722
0 0.307076 0.799935 0.017677 0.012669
0 0.177024 0.495740 0.016484 0.012424
0 0.661903 0.684633 0.025421 0.019407
0 0.341395 0.770134 0.015632 0.012023
0 0.433358 0.598819 0.016453 0.012706
0 0.566553 0.796358 0.023345 0.016167
0 0.175302 0.588556 0.016308 0.011998
0 0.159937 0.511239 0.015897 0.011672
0 0.310658 0.592668 0.015007 0.010665
0 0.434451 0.866246 0.023166 0.017090
0 0.353918 0.575930 0.016376 0.011485
0 0.344252 0.751472 0.016726 0.011845
0 0.390283 0.462393 0.016815 0.012803
0 0.286559 0.574660 0.015473 0.011045
0 0.498995 0.306711 0.012484 0.009614
0 0.461654 0.526939 0.017079 0.012403
0 0.684290 0.460596 0.023147 0.017136
0 0.101374 0.654687 0.016796 0.012692
0 0.123478 0.558902 0.016905 0.012741
0 0.461686 0.679467 0.014365 0.010558
0 0.424643 0.887257 0.024257 0.016650
0 0.459701 0.397566 0.023905 0.016942
0 0.176933 0.738463 0.016398 0.013778
0 0.566870 0.592599 0.018325 0.014720
0 0.450852 0.357918 0.012138 0.009323
0 0.741259 0.575370 0.016031 0.012711
0 0.158840 0.769491 0.023322 0.017192
0 0.475616 0.583103 0.017257 0.014237
0 0.695813 0.759460 0.020843 0.016114
0 0.331515 0.573451 0.016086 0.011613
0 0.332537 0.812530 0.017482 0.013813
0 0.726002 0.632240 0.019143 0.015649
0 0.535789 0.652770 0.014143 0.010493
1 0.426975 0.548948 0.055367 0.038906
0 0.415154 0.658025 0.016097 0.012689
0 0.305075 0.501548 0.017980 0.013854
0 0.378168 0.766775 0.017054 0.012639
0 0.119067 0.673880 0.016515 0.013295
0 0.454565 0.446042 0.020413 0.015840
0 0.749849 0.486165 0.020041 0.015988
0 0.522208 0.601440 0.021540 0.018511
0 0.665061 0.849690 0.017810 0.013322
0 0.415146 0.368225 0.011254 0.009580
0 0.617520 0.415933 0.019835 0.015866
0 0.379623 0.436836 0.017770 0.014243
0 0.539051 0.720591 0.016855 0.013525
0 0.471996 0.343612 0.013061 0.009724
0 0.593069 0.333723 0.016170 0.014004
0 0.448812 0.310626 0.015704 0.012145
0 0.623127 0.615521 0.014123 0.010693
0 0.581585 0.815725 0.018953 0.015592
0 0.349557 0.485055 0.015718 0.011455
0 0.548261 0.347579 0.017074 0.013893
0 0.222139 0.673847 0.015271 0.012394
1 0.395875 0.331523 0.056650 0.035284
1 0.145845 0.444042 0.053853 0.043289
0 0.331065 0.790503 0.015756 0.012061
0 0.348242 0.720991 0.011803 0.009652
0 0.503401 0.387544 0.025154 0.020353
0 0.775953 0.569478 0.013921 0.011682
0 0.549034 0.678557 0.016296 0.013039
0 0.685870 0.523730 0.015242 0.012036
0 0.586267 0.856611 0.020984 0.015471
0 0.712163 0.529204 0.016604 0.012369
0 0.240350 0.615372 0.016047 0.016485
0 0.631808 0.504124 0.016112 0.014470
0 0.352838 0.468447 0.015482 0.012190
0 0.517783 0.350806 0.014086 0.010420
0 0.566315 0.402983 0.016246 0.012629
0 0.741628 0.502985 0.014922 0.011552
0 0.603474 0.642341 0.022123 0.016934
0 0.316694 0.893181 0.019003 0.013145
0 0.513685 0.367797 0.016831 0.011463
0 0.538464 0.413785 0.015375 0.012513
0 0.389462 0.769629 0.017877 0.012338
0 0.340185 0.507662 0.014992 0.010765
0 0.101406 0.477840 0.017773 0.014796
0 0.543994 0.574335 0.012821 0.009829
0 0.432834 0.470212 0.016258 0.013170
0 0.683802 0.794799 0.014980 0.011666
0 0.535875 0.747188 0.017955 0.014847
0 0.752014 0.414755 0.021377 0.018584
0 0.383979 0.309032 0.012148 0.011602
0 0.573745 0.802474 0.026947 0.021518
0 0.228390 0.496266 0.028083 0.020242
0 0.352896 0.618030 0.021657 0.015690