0 0.646184 0.872323 0.013583 0.010418
0 0.675792 0.853673 0.014319 0.011019
0 0.392526 0.622415 0.017262 0.013608
0 0.629837 0.440089 0.017500 0.013016
0 0.572275 0.408316 0.014273 0.010741
0 0.540566 0.910806 0.018967 0.013681
0 0.539893 0.492338 0.014803 0.012479
0 0.662138 0.451031 0.015019 0.011745
0 0.533467 0.427898 0.015826 0.012483
0 0.750814 0.457244 0.015336 0.011590
0 0.600467 0.756064 0.011706 0.009117
0 0.718056 0.520660 0.012670 0.009481
0 0.729950 0.457895 0.015606 0.011834
0 0.514726 0.801144 0.011393 0.009374
0 0.725723 0.846187 0.013907 0.010356
0 0.681792 0.629761 0.014450 0.010796
0 0.525667 0.466419 0.018637 0.013627
0 0.782982 0.609787 0.015614 0.011862
0 0.597894 0.838394 0.011711 0.009077
0 0.429636 0.589284 0.017332 0.013248
0 0.594550 0.438566 0.015112 0.012149
0 0.446370 0.849895 0.015572 0.010760
0 0.690792 0.827201 0.014047 0.010358
0 0.508591 0.677903 0.021181 0.015508
0 0.596843 0.703231 0.013933 0.010979
0 0.467252 0.373227 0.016244 0.012901
0 0.603143 0.644912 0.014377 0.009702
0 0.629423 0.603628 0.014006 0.009973
0 0.472124 0.706822 0.014832 0.011510
0 0.690121 0.473356 0.017236 0.013183
0 0.641554 0.626950 0.014835 0.012700
0 0.740583 0.828013 0.015389 0.011443
0 0.650625 0.690146 0.013838 0.010220
0 0.815167 0.684107 0.015312 0.012087
0 0.504621 0.385052 0.015459 0.011880
0 0.439357 0.419229 0.015083 0.011795
0 0.743005 0.636554 0.012259 0.009428
0 0.571470 0.746906 0.012444 0.009720
0 0.774314 0.558657 0.018337 0.013902
0 0.380794 0.656329 0.015915 0.011739
0 0.612949 0.877170 0.013706 0.010505
0 0.661568 0.491939 0.023749 0.017474
0 0.468965 0.916079 0.018760 0.013757
0 0.418006 0.684154 0.017436 0.011080
0 0.628364 0.835806 0.011819 0.008591
0 0.616154 0.392674 0.014617 0.011992
0 0.445681 0.390687 0.019938 0.013224
0 0.665714 0.708212 0.014068 0.011353
0 0.640343 0.784420 0.012791 0.010440
0 0.578032 0.486513 0.015783 0.012078
0 0.480405 0.480776 0.017249 0.014311
0 0.522886 0.753051 0.014206 0.011999
0 0.675087 0.605007 0.018466 0.013664
0 0.538028 0.536084 0.015328 0.010393
0 0.672890 0.580532 0.013878 0.010685
0 0.365786 0.708493 0.016288 0.013168
0 0.657308 0.906611 0.016403 0.011433
0 0.360214 0.558283 0.014598 0.010671
0 0.452652 0.824124 0.012813 0.009144
0 0.685265 0.439676 0.014426 0.011280
0 0.733515 0.556757 0.016570 0.013502
0 0.422383 0.833676 0.013229 0.009654
0 0.750636 0.572694 0.015240 0.010556
0 0.816137 0.554281 0.017168 0.012243
0 0.639882 0.762841 0.011370 0.009438
0 0.603698 0.919855 0.018668 0.013376
0 0.647871 0.671611 0.013211 0.010365
0 0.615868 0.852905 0.013617 0.009840
0 0.437808 0.734333 0.017344 0.013512
0 0.489623 0.886901 0.014479 0.010921
0 0.801736 0.533064 0.013424 0.010534
0 0.673414 0.756612 0.015606 0.011237
0 0.613032 0.790691 0.010742 0.008065
0 0.626095 0.677849 0.012612 0.009906
0 0.351652 0.523979 0.016380 0.014870
0 0.626218 0.709786 0.012529 0.010259
0 0.684686 0.513034 0.016618 0.012123
0 0.658184 0.736881 0.010810 0.008387
0 0.300408 0.418819 0.016846 0.014415
0 0.336639 0.774087 0.020584 0.015668
0 0.481775 0.671716 0.014511 0.011675
0 0.840272 0.698168 0.013840 0.010764
0 0.452718 0.803427 0.013261 0.009817
0 0.581047 0.734915 0.011916 0.009071
0 0.613383 0.622074 0.012780 0.010002
0 0.651417 0.412304 0.017338 0.012491
0 0.586269 0.594958 0.017038 0.012012
0 0.634391 0.468071 0.015586 0.015088
0 0.492251 0.867430 0.014098 0.010205
0 0.648379 0.652647 0.017502 0.010576
0 0.537187 0.791629 0.009936 0.008226
0 0.498149 0.741155 0.013000 0.009528
0 0.420663 0.876890 0.020241 0.014436
0 0.723732 0.679754 0.020109 0.017137
0 0.777680 0.479928 0.014176 0.011371
0 0.547813 0.510884 0.012783 0.009846
0 0.522605 0.409493 0.012275 0.008824
0 0.750190 0.601989 0.014662 0.012181
0 0.549073 0.757982 0.012399 0.010145
0 0.410208 0.552664 0.017438 0.013505
0 0.182422 0.503417 0.017737 0.014580
0 0.356094 0.728329 0.015285 0.013282
0 0.556997 0.456595 0.012886 0.009480
0 0.534371 0.811326 0.011328 0.008323
0 0.623282 0.357120 0.016387 0.011463
0 0.449870 0.443208 0.015054 0.011046
0 0.593702 0.397985 0.013716 0.010545
0 0.598668 0.505953 0.015214 0.011910
0 0.442843 0.710250 0.012240 0.009610
0 0.827887 0.594103 0.020393 0.013237
0 0.617470 0.900197 0.016602 0.011907
0 0.611053 0.547281 0.013400 0.010129
0 0.693017 0.701534 0.012149 0.012418
0 0.423066 0.619630 0.015572 0.012102
0 0.597683 0.810465 0.012204 0.010141
0 0.406575 0.367704 0.015743 0.012633
0 0.649441 0.817071 0.012968 0.009432
0 0.410425 0.407802 0.013967 0.013076
0 0.424687 0.638004 0.018275 0.012988
0 0.627322 0.524814 0.021081 0.012080
0 0.723503 0.604258 0.013092 0.009336
0 0.671290 0.790913 0.014919 0.011369
0 0.685609 0.558995 0.015044 0.010319
0 0.521906 0.721285 0.012602 0.010540
0 0.635888 0.904718 0.014871 0.011431
0 0.294973 0.658316 0.013875 0.011084
0 0.716018 0.428369 0.016138 0.011877
0 0.569706 0.701214 0.015237 0.011556
0 0.483931 0.763617 0.013887 0.010431
0 0.594368 0.620843 0.013059 0.009967
0 0.646597 0.836022 0.010135 0.007595
0 0.148352 0.570047 0.020789 0.016685
0 0.612213 0.662120 0.014672 0.012887
0 0.440065 0.890400 0.012842 0.011067
0 0.338757 0.799171 0.017659 0.013306
0 0.597239 0.468665 0.015596 0.011221
0 0.633854 0.723226 0.012526 0.011036
0 0.786112 0.718017 0.012263 0.009780
0 0.272369 0.416307 0.016985 0.013797
0 0.594838 0.576496 0.014520 0.010561
0 0.862890 0.662251 0.011965 0.008889
0 0.700324 0.744648 0.013072 0.013298
0 0.541606 0.373264 0.013033 0.009927
0 0.574690 0.886653 0.011824 0.009046
0 0.729461 0.486276 0.012409 0.009689
0 0.532476 0.834761 0.013465 0.012615
0 0.485206 0.523050 0.014908 0.012586
0 0.186518 0.617296 0.016521 0.013202
0 0.384787 0.443009 0.021104 0.018965
0 0.759988 0.760313 0.010919 0.009086
0 0.339509 0.610598 0.015738 0.014518
0 0.435888 0.438770 0.016831 0.012670
0 0.416905 0.651478 0.016490 0.010836
0 0.162741 0.536470 0.019618 0.016228
0 0.707646 0.874695 0.014729 0.009948
0 0.383957 0.532227 0.015304 0.011835
0 0.657057 0.381527 0.012055 0.010792
0 0.352364 0.681813 0.012596 0.009668
0 0.556512 0.733308 0.011916 0.008317
0 0.619243 0.806221 0.009416 0.006823
0 0.218797 0.464497 0.021869 0.015204
0 0.641433 0.573552 0.015540 0.010236
0 0.384085 0.393067 0.016507 0.014052
0 0.428232 0.504037 0.011889 0.010022
0 0.565672 0.359076 0.012747 0.011921
0 0.471228 0.738797 0.012577 0.011817
0 0.513928 0.542649 0.014824 0.011613
0 0.245354 0.430580 0.015925 0.014356
0 0.533827 0.737576 0.013855 0.010355
0 0.672823 0.885786 0.015138 0.008139
0 0.743104 0.873697 0.013761 0.009123
0 0.463192 0.511386 0.021996 0.014181
0 0.503681 0.507577 0.016041 0.012406
0 0.432535 0.542282 0.014658 0.013648
0 0.724103 0.701680 0.014773 0.011788
0 0.430093 0.667711 0.019372 0.011389
0 0.590592 0.535860 0.012008 0.009059
0 0.332016 0.424056 0.016700 0.014256
0 0.359546 0.420899 0.014508 0.012215
0 0.296522 0.597379 0.015680 0.012364
0 0.567664 0.714569 0.013178 0.012234
0 0.457023 0.927282 0.019272 0.012168
0 0.469923 0.885471 0.015252 0.011301
0 0.449188 0.670588 0.014303 0.011306
0 0.622309 0.527320 0.018155 0.011376
0 0.527987 0.351172 0.014020 0.012547
0 0.364862 0.786674 0.014317 0.010669
0 0.613763 0.583009 0.012806 0.008958
0 0.422846 0.389646 0.015720 0.010526
0 0.621022 0.424305 0.015713 0.013529
0 0.546426 0.854579 0.010334 0.008690
0 0.868034 0.601609 0.019445 0.014476
0 0.784687 0.578060 0.012914 0.008487
0 0.697757 0.388541 0.012126 0.009984
0 0.664556 0.553236 0.013488 0.011602
0 0.696654 0.651469 0.012269 0.010136
0 0.456197 0.897951 0.014245 0.010737