0 0.101951 0.721670 0.015356 0.012460
0 0.388126 0.965972 0.023955 0.018092
0 0.498333 0.946749 0.019467 0.015947
0 0.297728 0.546929 0.018121 0.013342
0 0.310483 0.864581 0.017282 0.013369
0 0.528949 0.944148 0.019355 0.014799
0 0.542524 0.716985 0.014914 0.012201
0 0.668269 0.760490 0.014813 0.011162
0 0.036320 0.765583 0.018098 0.013807
1 0.022883 0.798886 0.045464 0.035856
0 0.087639 0.697226 0.016932 0.013662
0 0.529954 0.588940 0.018657 0.013845
0 0.558869 0.933574 0.017376 0.012726
0 0.583999 0.702894 0.015262 0.012358
0 0.233407 0.611113 0.016439 0.014026
0 0.485852 0.611429 0.016669 0.012673
0 0.672426 0.800672 0.015748 0.011593
0 0.129458 0.528995 0.016260 0.012119
0 0.564967 0.601315 0.015441 0.011480
1 0.203415 0.746663 0.050751 0.059124
0 0.154797 0.484490 0.019757 0.014936
0 0.608738 0.630874 0.017250 0.014355
1 0.187785 0.693522 0.045100 0.041751
0 0.125107 0.820800 0.017214 0.013509
0 0.194903 0.577275 0.015858 0.012313
0 0.552885 0.810187 0.015229 0.012530
0 0.120584 0.569478 0.017835 0.013586
0 0.264029 0.570729 0.014395 0.011311
1 0.467285 0.763877 0.041092 0.035809
0 0.258561 0.876365 0.017557 0.013394
0 0.530016 0.662811 0.016182 0.012227
0 0.046004 0.563329 0.017211 0.013017
0 0.424351 0.950077 0.019901 0.015625
0 0.544626 0.742765 0.013288 0.010851
0 0.593143 0.834231 0.019080 0.014468
0 0.028040 0.597301 0.019328 0.015228
0 0.617893 0.825476 0.018655 0.014697
0 0.150531 0.811827 0.016641 0.013472
0 0.156852 0.952112 0.018776 0.013932
0 0.397772 0.943196 0.018351 0.013418
0 0.281958 0.963046 0.020706 0.016444
0 0.667598 0.709596 0.014744 0.011875
0 0.531964 0.790549 0.013995 0.011523
0 0.194345 0.452855 0.016623 0.014429
0 0.692562 0.812822 0.015828 0.012253
0 0.338198 0.833398 0.016155 0.013069
0 0.424969 0.413891 0.017795 0.012832
0 0.305626 0.613732 0.015922 0.012434
0 0.091704 0.624961 0.015866 0.013511
0 0.596107 0.805796 0.015753 0.011688
0 0.285845 0.805341 0.016647 0.014479
1 0.399025 0.782434 0.055532 0.036353
0 0.683002 0.539508 0.017816 0.014034
0 0.447757 0.864005 0.015176 0.012727
0 0.349502 0.972529 0.018319 0.014610
1 0.376084 0.685891 0.049141 0.036519
0 0.089428 0.504048 0.021870 0.018348
0 0.358541 0.903994 0.015978 0.013010
0 0.429057 0.437155 0.018063 0.014976
0 0.028613 0.689154 0.016799 0.012375
0 0.099713 0.792668 0.019399 0.013585
0 0.561105 0.638049 0.018707 0.013873
0 0.256204 0.525471 0.014163 0.010933
0 0.581749 0.644546 0.015286 0.011712
1 0.426246 0.804179 0.047821 0.035616
0 0.404516 0.878744 0.017469 0.014818
0 0.397720 0.889981 0.017303 0.013937
0 0.086510 0.596038 0.015667 0.012403
1 0.481035 0.577876 0.029940 0.022217
0 0.622261 0.701230 0.015424 0.011854
1 0.430333 0.764843 0.047574 0.032295
0 0.244311 0.684819 0.012797 0.010445
0 0.250650 0.470057 0.015976 0.013526
1 0.293199 0.634938 0.037136 0.029347
0 0.377786 0.714945 0.015983 0.010851
0 0.418147 0.557443 0.014137 0.010396
0 0.251211 0.654370 0.013074 0.010533
0 0.129302 0.907100 0.016067 0.013705
0 0.097576 0.607267 0.016243 0.013069
0 0.030632 0.857622 0.014735 0.012067
0 0.504998 0.650121 0.013937 0.010870
0 0.485682 0.669362 0.015276 0.012164
0 0.216903 0.565652 0.017303 0.013402
0 0.300415 0.845289 0.013526 0.010610
0 0.297673 0.469914 0.012239 0.010277
0 0.643377 0.720253 0.012239 0.010354
0 0.633045 0.606121 0.014309 0.013143
0 0.182480 0.539936 0.015144 0.013263
0 0.089708 0.600059 0.018274 0.016996
1 0.262507 0.502033 0.054106 0.023188
1 0.291492 0.442613 0.034783 0.028019
1 0.412587 0.527154 0.063124 0.030918
1 0.434487 0.602516 0.024477 0.030918
1 0.379093 0.596236 0.034783 0.047343
1 0.366855 0.805415 0.033494 0.034783
1 0.388111 0.833917 0.027053 0.037681