0 0.201342 0.532472 0.015001 0.011237
0 0.528702 0.517171 0.017807 0.013811
0 0.414524 0.769362 0.013149 0.010020
0 0.248540 0.740566 0.016293 0.012128
0 0.456296 0.404905 0.013688 0.011054
0 0.596161 0.840602 0.016614 0.012416
0 0.292406 0.428700 0.013311 0.010944
0 0.280302 0.789876 0.014808 0.010897
0 0.322224 0.558575 0.013893 0.011212
0 0.457104 0.539107 0.013791 0.010380
0 0.443008 0.470955 0.015053 0.011900
0 0.622620 0.466453 0.016065 0.013115
0 0.325952 0.688162 0.016086 0.012020
0 0.538623 0.780701 0.018090 0.014463
0 0.180478 0.421743 0.016474 0.012403
0 0.357580 0.505769 0.014183 0.010975
0 0.487118 0.654391 0.016717 0.012128
0 0.304288 0.589315 0.012668 0.009266
0 0.272240 0.456927 0.012899 0.009774
0 0.258733 0.430249 0.015351 0.012054
0 0.466901 0.515342 0.015965 0.013021
0 0.356795 0.633866 0.013246 0.009537
0 0.057953 0.575286 0.015996 0.012397
0 0.765223 0.460856 0.018381 0.015804
0 0.272864 0.532718 0.014257 0.010003
0 0.727712 0.458046 0.017167 0.013727
0 0.344109 0.364691 0.017619 0.013441
0 0.707264 0.516338 0.017399 0.013826
0 0.199370 0.379573 0.015068 0.012460
0 0.661619 0.440862 0.017886 0.013592
0 0.362026 0.749728 0.013495 0.011202
0 0.544423 0.466645 0.014989 0.011913
0 0.293128 0.363762 0.014261 0.012272
0 0.784148 0.480196 0.016925 0.013736
0 0.515699 0.695115 0.018042 0.013341
0 0.414678 0.562919 0.016534 0.012930
0 0.419844 0.338827 0.013341 0.011661
0 0.649740 0.457531 0.017077 0.012592
0 0.412016 0.890942 0.021523 0.016582
0 0.257720 0.497877 0.013078 0.010573
0 0.383937 0.434408 0.017219 0.013655
0 0.391947 0.662771 0.015766 0.013733
0 0.504257 0.465513 0.016817 0.012649
0 0.335102 0.607512 0.011585 0.008767
0 0.268090 0.758529 0.013985 0.011444
0 0.575487 0.706710 0.015274 0.011547
0 0.428697 0.623831 0.019055 0.012962
0 0.683549 0.515284 0.017472 0.013581
0 0.729762 0.483166 0.015132 0.011386
0 0.602418 0.710047 0.017048 0.014566
0 0.307607 0.318230 0.014984 0.012352
0 0.742738 0.427852 0.016766 0.012881
0 0.336722 0.728237 0.014576 0.012168
0 0.385452 0.468184 0.019201 0.013638
1 0.500440 0.437262 0.048697 0.032237
0 0.283443 0.552707 0.013932 0.011005
0 0.611605 0.532305 0.014007 0.010981
0 0.160480 0.449023 0.017856 0.015536
0 0.215033 0.811734 0.017301 0.012859
0 0.271836 0.713954 0.014784 0.011730
0 0.288124 0.498245 0.017606 0.014165
0 0.426947 0.826958 0.018970 0.015078
0 0.348800 0.486168 0.015251 0.012519
0 0.751276 0.547881 0.017042 0.012733
0 0.218660 0.785134 0.013223 0.009994
1 0.805444 0.637120 0.045178 0.033602
1 0.566317 0.566181 0.046980 0.037421
0 0.298085 0.647808 0.012884 0.010495
0 0.410070 0.446697 0.018228 0.014020
0 0.383081 0.796164 0.012271 0.010008
0 0.322366 0.872368 0.018793 0.014501
0 0.273297 0.857221 0.019537 0.015861
0 0.517492 0.738625 0.014384 0.010780
0 0.122118 0.486515 0.020635 0.014964
0 0.526497 0.709443 0.017450 0.013040
0 0.276117 0.331260 0.016294 0.015019
0 0.161413 0.721071 0.012798 0.009804
0 0.456636 0.352600 0.015131 0.012647
0 0.114696 0.721299 0.015890 0.013027
0 0.609432 0.502810 0.014806 0.011517
0 0.309415 0.512457 0.013426 0.010695
0 0.450672 0.603422 0.022223 0.016373
0 0.223944 0.661373 0.013157 0.010608
0 0.546743 0.723265 0.015586 0.013861
0 0.152699 0.487851 0.013261 0.010760
0 0.076477 0.593763 0.013890 0.011358
0 0.153755 0.746965 0.013871 0.011925
0 0.390469 0.615738 0.017483 0.012582
0 0.660029 0.500365 0.015641 0.011595
0 0.145097 0.703323 0.013871 0.010512
0 0.235110 0.820391 0.016280 0.011059
0 0.273955 0.406809 0.012949 0.010487
0 0.094301 0.495566 0.016701 0.013403
0 0.346142 0.343988 0.015156 0.011577
0 0.795207 0.523321 0.016344 0.012923
0 0.579826 0.728185 0.018802 0.014062
0 0.548652 0.594561 0.013830 0.010605
0 0.268029 0.587486 0.013420 0.011438
0 0.664855 0.409525 0.018148 0.012075
0 0.485016 0.853938 0.017730 0.014561
0 0.376385 0.375494 0.015529 0.012841
0 0.293939 0.467350 0.011026 0.009160
0 0.413200 0.415788 0.018615 0.013844
0 0.368154 0.557173 0.011118 0.008765
0 0.469420 0.747998 0.012793 0.009788
0 0.291150 0.822794 0.015841 0.013192
0 0.277585 0.627115 0.011973 0.010119
0 0.326531 0.451406 0.015416 0.011970
0 0.286826 0.739625 0.016552 0.012961
0 0.591697 0.422874 0.015514 0.011335
0 0.443769 0.423112 0.012477 0.009312
0 0.379805 0.819882 0.012178 0.008583
0 0.506685 0.352165 0.013346 0.010881
0 0.656364 0.487133 0.016646 0.013673
0 0.311229 0.759289 0.019330 0.016213
0 0.766139 0.531048 0.013573 0.009915
0 0.708898 0.428374 0.013065 0.010683
0 0.373291 0.849235 0.015107 0.011114
0 0.459570 0.631925 0.015845 0.010955
0 0.425673 0.674612 0.020256 0.012944
0 0.433888 0.733075 0.010640 0.008640
0 0.509844 0.795216 0.014789 0.012147
0 0.295705 0.872058 0.016798 0.013256
0 0.169141 0.758687 0.012995 0.009289
0 0.057065 0.643874 0.016323 0.012768
0 0.684719 0.458123 0.011974 0.008647
0 0.048894 0.607480 0.011432 0.008920
0 0.424524 0.544217 0.011585 0.009422
0 0.525753 0.838447 0.022013 0.018007
0 0.646310 0.687752 0.019396 0.013848
0 0.465078 0.315345 0.012859 0.012341
0 0.542759 0.758836 0.015133 0.010291
0 0.633497 0.825349 0.014432 0.010868
0 0.193798 0.406314 0.015104 0.011413
0 0.457760 0.667007 0.016944 0.013312
1 0.539663 0.365776 0.041933 0.037114
0 0.224893 0.620662 0.012218 0.010121
0 0.341968 0.856148 0.022985 0.016276
0 0.489426 0.751378 0.019612 0.012148
0 0.179015 0.568511 0.022373 0.015789
0 0.670982 0.794298 0.015816 0.013944
0 0.315058 0.627130 0.015432 0.010043
1 0.394629 0.700601 0.034254 0.027199
0 0.316400 0.494447 0.012065 0.009562
0 0.568639 0.609434 0.013872 0.010401
0 0.101127 0.609894 0.012288 0.010906
0 0.649678 0.656292 0.020752 0.014756
0 0.329613 0.454536 0.016506 0.014494
0 0.378018 0.872287 0.015696 0.012070
0 0.336928 0.830769 0.015107 0.012758
0 0.364174 0.535315 0.011704 0.011092
0 0.128040 0.685241 0.012110 0.010430
0 0.141499 0.389411 0.014431 0.012433
0 0.462858 0.339131 0.012458 0.011388
0 0.627612 0.381564 0.017147 0.013742
0 0.347037 0.773932 0.013188 0.012171
0 0.695227 0.383287 0.016902 0.013445
0 0.410371 0.503293 0.016694 0.015297
0 0.207907 0.576196 0.012094 0.009819
0 0.268488 0.832335 0.014765 0.012132
0 0.289830 0.721577 0.013171 0.010354
0 0.368161 0.581418 0.012387 0.009272
0 0.559086 0.826452 0.014963 0.011465
0 0.162934 0.662837 0.012465 0.009071
0 0.259580 0.472531 0.013404 0.009270
0 0.408365 0.591523 0.016350 0.015358
0 0.601311 0.489284 0.018413 0.012739
0 0.664947 0.686407 0.016104 0.011453
0 0.236968 0.583838 0.013482 0.011002
0 0.799376 0.587266 0.013181 0.010607
0 0.195511 0.731353 0.014222 0.011214
0 0.331853 0.796125 0.020986 0.012153
1 0.234224 0.462470 0.034790 0.026694
0 0.091258 0.632838 0.019798 0.015247
0 0.354532 0.569568 0.011272 0.009460
0 0.493373 0.771212 0.016378 0.013714
0 0.196937 0.452674 0.013244 0.010363
0 0.113545 0.455371 0.021256 0.013031
0 0.474648 0.748891 0.020100 0.011438
0 0.501460 0.839999 0.017420 0.012971
0 0.027652 0.593842 0.014031 0.012379
0 0.247011 0.803721 0.013476 0.011065
0 0.423205 0.697309 0.012625 0.012298
0 0.745261 0.480567 0.014211 0.009851
0 0.543529 0.454796 0.012257 0.009596
1 0.157000 0.621980 0.046665 0.035393
0 0.367928 0.790599 0.013014 0.009857
0 0.229232 0.515291 0.011188 0.009078
0 0.312925 0.841481 0.014374 0.012474
0 0.796631 0.538756 0.019270 0.011561
0 0.392376 0.496753 0.013854 0.015604
0 0.524853 0.848162 0.022387 0.016555
0 0.412162 0.498253 0.016313 0.012896
0 0.172506 0.678717 0.011015 0.008323
0 0.248521 0.601428 0.017584 0.011282
0 0.221939 0.440750 0.014767 0.010912
0 0.463536 0.371062 0.012777 0.009898
0 0.242469 0.374052 0.013143 0.011645
0 0.476542 0.815073 0.011269 0.008622
0 0.384644 0.370915 0.016118 0.012605
0 0.329123 0.663249 0.011165 0.009897
0 0.331877 0.462848 0.013744 0.013918
0 0.590265 0.469855 0.011459 0.010930
0 0.346378 0.807343 0.011353 0.010589
0 0.423611 0.470987 0.016872 0.011096
0 0.471700 0.557306 0.013449 0.011263
0 0.574025 0.361071 0.015299 0.013098
0 0.284621 0.570882 0.012260 0.011473
0 0.476835 0.570886 0.015671 0.011834
0 0.613075 0.485306 0.013726 0.010576
0 0.521183 0.757483 0.014720 0.010696