1 0.335368 0.768292 0.036740 0.051318
1 0.584943 0.699377 0.040283 0.054650
0 0.595386 0.931955 0.013495 0.019144
0 0.473095 0.526382 0.013418 0.018202
0 0.536374 0.880620 0.013139 0.018360
0 0.618079 0.796889 0.015016 0.019915
1 0.475778 0.829776 0.031500 0.048154
1 0.445158 0.918527 0.040726 0.056407
0 0.737927 0.817724 0.016565 0.023118
0 0.511081 0.532619 0.013201 0.017331
0 0.606210 0.653864 0.013527 0.018284
1 0.612328 0.571295 0.029157 0.042578
0 0.628219 0.447873 0.011403 0.017078
1 0.462294 0.864504 0.040450 0.047778
1 0.504151 0.490971 0.033144 0.050681
0 0.432202 0.518501 0.010828 0.014868
1 0.528295 0.638833 0.030398 0.043728
0 0.395850 0.753667 0.011896 0.015496
1 0.599747 0.474839 0.028658 0.043191
0 0.668449 0.436576 0.012359 0.017165
0 0.452195 0.740094 0.012106 0.016059
0 0.561540 0.952292 0.011889 0.016233
0 0.557519 0.490689 0.009228 0.013539
0 0.479014 0.364049 0.014979 0.018906
0 0.656172 0.864125 0.020326 0.023581
0 0.374765 0.502336 0.010620 0.015060
0 0.685340 0.704521 0.014281 0.022876
0 0.282384 0.527811 0.010784 0.015475
0 0.570504 0.393105 0.009717 0.015692
0 0.696003 0.604397 0.010766 0.015070
0 0.597589 0.605500 0.015947 0.024955
0 0.753977 0.577389 0.014511 0.019038
0 0.332370 0.917874 0.016299 0.022849
0 0.456516 0.551944 0.011319 0.015607
0 0.272059 0.690712 0.010943 0.016069
0 0.533490 0.954418 0.009220 0.012904
1 0.424024 0.442693 0.027537 0.027537
1 0.765825 0.738523 0.048878 0.044977