0 0.436352 0.832336 0.015096 0.020365
0 0.233053 0.399141 0.012000 0.016753
0 0.414947 0.803417 0.013671 0.018795
1 0.632349 0.448422 0.036718 0.057608
0 0.580459 0.644935 0.011188 0.015626
0 0.622848 0.622854 0.012702 0.017844
0 0.303938 0.603556 0.012115 0.018697
0 0.361200 0.578928 0.014203 0.020975
0 0.561383 0.665558 0.012187 0.016115
0 0.279844 0.594870 0.010464 0.014231
0 0.380975 0.501197 0.011573 0.017056
0 0.408207 0.443526 0.012128 0.016974
0 0.342596 0.351330 0.012139 0.016398
0 0.208244 0.379119 0.010565 0.015231
0 0.357471 0.336131 0.012142 0.016759
0 0.259334 0.548364 0.013167 0.017497
0 0.319068 0.276666 0.011760 0.017217
0 0.303472 0.653803 0.011547 0.016859
0 0.474385 0.451242 0.013196 0.018081
0 0.237693 0.819124 0.012145 0.017324
0 0.293475 0.327396 0.014112 0.019559
0 0.580266 0.472010 0.013698 0.019800
0 0.393593 0.288710 0.015366 0.022297
0 0.288338 0.700151 0.011883 0.016628
0 0.250271 0.799737 0.012006 0.015954
1 0.385697 0.437080 0.032678 0.052374
0 0.287826 0.567069 0.010989 0.014368
0 0.376501 0.311500 0.011492 0.015350
0 0.435711 0.477590 0.011352 0.016053
0 0.319604 0.665637 0.009721 0.014752
0 0.132243 0.419416 0.012658 0.017438
0 0.380736 0.242260 0.011813 0.016940
0 0.350167 0.313732 0.011200 0.015381
0 0.277331 0.546079 0.011475 0.015338
0 0.563791 0.636392 0.011550 0.015342
0 0.156794 0.525170 0.012878 0.017176
0 0.360391 0.862556 0.017807 0.020922
0 0.330087 0.877873 0.014292 0.019388
0 0.130694 0.392332 0.012220 0.016868
0 0.536360 0.281513 0.011281 0.016225
0 0.328399 0.854454 0.015060 0.021471
0 0.269069 0.780483 0.012533 0.014828
0 0.263873 0.848613 0.013831 0.017873
0 0.530867 0.431411 0.012901 0.018298
0 0.316183 0.343151 0.015193 0.021172
0 0.463594 0.565144 0.012660 0.019097
0 0.487493 0.691334 0.009552 0.012977
0 0.424674 0.596691 0.012733 0.018375
1 0.301064 0.184880 0.047092 0.052387
0 0.451230 0.681140 0.009646 0.012711
0 0.482576 0.806538 0.012732 0.017205
0 0.304048 0.379436 0.013619 0.018059
0 0.399563 0.189546 0.010695 0.016579
0 0.463381 0.544451 0.010494 0.018744
0 0.463531 0.852775 0.014460 0.022905
0 0.374287 0.688284 0.012460 0.016827
0 0.409812 0.908749 0.019560 0.023392
0 0.201450 0.753439 0.010703 0.014916
0 0.465810 0.664774 0.012660 0.017559
1 0.430016 0.305090 0.033987 0.042372
0 0.372141 0.670192 0.011407 0.017823
0 0.433986 0.636559 0.011599 0.018183
0 0.138262 0.354095 0.011388 0.017266
0 0.645511 0.594323 0.010557 0.013632
0 0.362496 0.199517 0.009684 0.016584
0 0.278312 0.448637 0.012899 0.016770
0 0.239252 0.752073 0.010174 0.013234
0 0.524656 0.793725 0.012818 0.017455
0 0.343810 0.429228 0.011476 0.016902
0 0.425422 0.725724 0.010684 0.015653
0 0.582430 0.685294 0.011433 0.014821
0 0.229473 0.672581 0.009746 0.013724
0 0.508927 0.705971 0.009743 0.015623
1 0.245043 0.326518 0.031599 0.054523
1 0.102798 0.401242 0.020579 0.039830