0 0.641365 0.533475 0.015775 0.011797
0 0.341378 0.562520 0.018007 0.013152
0 0.326612 0.588074 0.020206 0.014433
0 0.683154 0.572974 0.015932 0.012640
0 0.598974 0.559484 0.015132 0.011529
0 0.198174 0.594277 0.018148 0.013669
0 0.712243 0.472682 0.017130 0.012780
0 0.439448 0.795748 0.016541 0.012717
0 0.455965 0.822087 0.019834 0.014972
0 0.634139 0.496453 0.015855 0.011701
0 0.619074 0.472668 0.018410 0.013589
0 0.581879 0.797110 0.018730 0.014423
0 0.670137 0.518027 0.016311 0.012335
0 0.513373 0.549048 0.018413 0.014780
0 0.318784 0.632030 0.016646 0.012825
1 0.374025 0.708222 0.047095 0.038348
0 0.479350 0.511201 0.020169 0.014645
0 0.631321 0.374077 0.017265 0.013162
0 0.159968 0.490484 0.017263 0.012134
0 0.695603 0.418236 0.018405 0.014715
0 0.633817 0.451407 0.015934 0.011754
0 0.498179 0.442130 0.019386 0.015443
0 0.561040 0.608958 0.016440 0.012781
0 0.549064 0.531227 0.012972 0.009891
1 0.318366 0.859061 0.136615 0.051810
0 0.362283 0.648425 0.017118 0.013239
0 0.075607 0.635746 0.016345 0.012475
1 0.361509 0.802655 0.101329 0.050030
0 0.273728 0.413092 0.020053 0.016538
1 0.603506 0.732890 0.044366 0.034372
0 0.300177 0.405529 0.022969 0.018680
0 0.393356 0.573291 0.020554 0.014224
0 0.488732 0.815779 0.019940 0.015905
0 0.413727 0.521629 0.018399 0.014098
0 0.449704 0.681410 0.013662 0.011270
0 0.523957 0.371274 0.020630 0.019438
0 0.286018 0.565613 0.013896 0.010276
0 0.532169 0.754043 0.018979 0.017544
0 0.277660 0.625320 0.015641 0.013155
0 0.466044 0.602017 0.014320 0.011110
0 0.422348 0.589410 0.017072 0.013081
0 0.645756 0.596993 0.018502 0.016226
0 0.195959 0.519058 0.031610 0.022016
0 0.582812 0.577549 0.017362 0.013488
0 0.391231 0.477398 0.013974 0.011112
1 0.097671 0.527640 0.055900 0.047772
0 0.321721 0.538393 0.017536 0.013574
0 0.399247 0.528367 0.019275 0.013827
0 0.178979 0.390014 0.020638 0.016949
0 0.619517 0.673515 0.015711 0.012338
0 0.107473 0.667926 0.016632 0.013851
0 0.106288 0.707504 0.018579 0.012935
0 0.715452 0.433180 0.016691 0.013919
0 0.468300 0.391239 0.027483 0.025598
0 0.567245 0.364270 0.028745 0.019338
0 0.427971 0.735329 0.018566 0.014665
0 0.701676 0.445485 0.016437 0.012237
0 0.331894 0.347264 0.025764 0.025286
0 0.083542 0.721186 0.014425 0.010490
0 0.508915 0.510947 0.017884 0.019117
0 0.732038 0.649886 0.013195 0.010175
0 0.558049 0.479210 0.019175 0.016578
0 0.476883 0.472717 0.023221 0.021602
0 0.570033 0.456851 0.023517 0.014774
0 0.620762 0.400435 0.018311 0.012950
0 0.435891 0.617775 0.012841 0.009737
0 0.615376 0.583481 0.015623 0.012578
0 0.221557 0.385073 0.023928 0.021846
0 0.594308 0.436385 0.014381 0.012126
0 0.660542 0.394296 0.018319 0.012748
0 0.282427 0.345466 0.021304 0.025711
0 0.225819 0.715833 0.014028 0.011518
0 0.470631 0.636052 0.018019 0.019072
0 0.477504 0.564024 0.012701 0.010220
0 0.368636 0.577941 0.019435 0.013323
0 0.407523 0.596688 0.019118 0.014714
0 0.097978 0.644901 0.015205 0.011734
0 0.146516 0.586644 0.018612 0.016532
0 0.063083 0.710787 0.014528 0.011712
0 0.452124 0.641105 0.018551 0.015083
0 0.406010 0.524980 0.026447 0.016107
0 0.668393 0.651383 0.011521 0.008493
0 0.581575 0.534721 0.013650 0.010426
0 0.480028 0.741589 0.011960 0.009601
0 0.602074 0.793510 0.016655 0.018827
0 0.622496 0.605337 0.020437 0.018202
0 0.357464 0.757860 0.012433 0.009318
0 0.623760 0.798620 0.014410 0.011922
0 0.473698 0.625215 0.015439 0.015505
0 0.487199 0.342781 0.013188 0.010504
0 0.444851 0.567164 0.013888 0.011264
0 0.244007 0.340130 0.017571 0.015143
0 0.175741 0.635014 0.015691 0.012189
1 0.695289 0.741374 0.022664 0.023260