1 0.795105 0.530954 0.053479 0.042237
1 0.892697 0.216967 0.059404 0.039290
1 0.973253 0.335252 0.042792 0.034218
0 0.388760 0.188115 0.030967 0.023297
0 0.714568 0.097696 0.016906 0.013336
1 0.863055 0.137258 0.065467 0.032330
0 0.577835 0.371339 0.016385 0.013330
0 0.451847 0.515771 0.020460 0.016051
0 0.699229 0.234262 0.016265 0.013801
0 0.635200 0.460298 0.018695 0.014553
0 0.577677 0.409245 0.016640 0.013599
0 0.903452 0.298088 0.015507 0.011391
0 0.360344 0.159681 0.019122 0.015205
1 0.699385 0.400334 0.121649 0.077062
0 0.513026 0.154682 0.020506 0.016132
0 0.518031 0.498155 0.017954 0.014336
0 0.555648 0.552163 0.021124 0.014706
0 0.521726 0.471058 0.017562 0.013553
0 0.542288 0.148946 0.020204 0.017338