1 0.764333 0.711416 0.162736 0.118043
0 0.569677 0.623139 0.011618 0.009211
0 0.500034 0.792608 0.015077 0.011693
0 0.349977 0.620402 0.012346 0.010343
0 0.635867 0.530195 0.013326 0.010545
0 0.287305 0.604049 0.013275 0.010353
0 0.343707 0.468325 0.014280 0.011136
0 0.638857 0.603958 0.012318 0.010100
0 0.357375 0.404270 0.014902 0.011857
1 0.339948 0.686259 0.051285 0.040376
0 0.384950 0.629923 0.011638 0.009089
0 0.385207 0.767830 0.014158 0.010578
0 0.791472 0.535625 0.012415 0.009386
0 0.565846 0.686091 0.010622 0.008945
0 0.546878 0.648138 0.011643 0.009295
0 0.598988 0.678202 0.011463 0.009324
0 0.564598 0.715116 0.012041 0.009475
0 0.306270 0.560036 0.012463 0.010228
0 0.276259 0.645885 0.012273 0.009534
0 0.392856 0.615053 0.012019 0.009415
0 0.602588 0.653194 0.012284 0.010145
0 0.598341 0.696443 0.011168 0.009283
0 0.823999 0.611398 0.011310 0.008519
0 0.439647 0.795602 0.016628 0.013211
1 0.748008 0.634464 0.044934 0.033091
0 0.392960 0.501807 0.013677 0.010583
0 0.476781 0.807399 0.020862 0.017301
0 0.725293 0.561937 0.011264 0.008830
0 0.665707 0.655151 0.010394 0.007980
0 0.496137 0.491365 0.017797 0.014904
0 0.729279 0.533807 0.014555 0.011611
0 0.744507 0.427449 0.013062 0.010579
0 0.326939 0.391234 0.013705 0.010411
0 0.789422 0.575981 0.011571 0.009350
0 0.657593 0.395268 0.014419 0.010812
0 0.568503 0.667343 0.010822 0.008713
0 0.750963 0.483981 0.011747 0.009226
0 0.309164 0.547203 0.013492 0.010691
0 0.319001 0.529450 0.012497 0.009865
0 0.510393 0.570066 0.013183 0.009654
0 0.424266 0.634835 0.011479 0.009486
0 0.582039 0.768585 0.016112 0.013447
0 0.279134 0.621579 0.012985 0.009394
0 0.379195 0.703358 0.011536 0.009369
0 0.741544 0.586266 0.012013 0.010768
0 0.509875 0.822373 0.019522 0.014001
0 0.738411 0.449212 0.012268 0.009831
0 0.622086 0.763742 0.012932 0.010173
0 0.326410 0.580161 0.014751 0.012118
0 0.602036 0.628199 0.012941 0.010572
0 0.277076 0.704606 0.012337 0.009730
0 0.807907 0.511718 0.010873 0.009021
0 0.483748 0.626818 0.013711 0.011088
0 0.711062 0.509258 0.013013 0.010393
0 0.470574 0.549607 0.014063 0.010254
0 0.783112 0.647574 0.012530 0.009753
0 0.456108 0.653134 0.011269 0.009215
0 0.791072 0.424690 0.013407 0.011416
0 0.693195 0.622702 0.011919 0.008660
0 0.532611 0.334339 0.016878 0.014697
0 0.700071 0.352561 0.014751 0.012877
0 0.623352 0.749161 0.012457 0.009901
0 0.563428 0.437624 0.017148 0.015487
0 0.635887 0.669097 0.012300 0.009491
0 0.240743 0.629988 0.014448 0.011583
0 0.366101 0.655188 0.010994 0.008358
0 0.292396 0.509445 0.016805 0.012164
0 0.315901 0.409227 0.014421 0.010408
0 0.656526 0.618366 0.010212 0.008270
0 0.547836 0.406641 0.015284 0.011754
0 0.498352 0.758775 0.014555 0.010488
0 0.469916 0.600066 0.011944 0.009755
0 0.455271 0.401617 0.015681 0.011744
0 0.312970 0.435784 0.013061 0.009596
0 0.414704 0.690870 0.011385 0.008954
0 0.298839 0.443919 0.014703 0.011223
0 0.416260 0.605059 0.011942 0.011227
0 0.667430 0.677188 0.012110 0.009639
0 0.809560 0.673227 0.013066 0.010250
0 0.404721 0.337005 0.015970 0.013562
0 0.611224 0.331093 0.015774 0.012966
0 0.801579 0.596200 0.013171 0.009384
0 0.745355 0.343330 0.013379 0.011084
0 0.387541 0.588775 0.017255 0.012914
0 0.207742 0.640762 0.013684 0.011080
0 0.667729 0.768795 0.013002 0.010592
0 0.579188 0.567280 0.013681 0.010427
0 0.490318 0.824574 0.020961 0.013547
0 0.351592 0.568027 0.012044 0.008793
0 0.332521 0.712977 0.012425 0.009108
0 0.500019 0.695582 0.010706 0.008944
0 0.761066 0.572205 0.013221 0.009565
0 0.785829 0.493074 0.010473 0.008771
0 0.701279 0.436743 0.013228 0.012218
0 0.685639 0.745840 0.015811 0.011853
0 0.711332 0.612329 0.011011 0.010885
0 0.319982 0.370213 0.014005 0.010908
0 0.491050 0.336008 0.018039 0.013147
0 0.614884 0.513442 0.014056 0.010068
0 0.814716 0.636559 0.012275 0.009597
0 0.297642 0.464877 0.013546 0.010360
0 0.654955 0.486842 0.014519 0.013996
0 0.632991 0.493203 0.016347 0.011848
0 0.523289 0.726725 0.011165 0.010907
0 0.714390 0.462952 0.012591 0.009827
0 0.558216 0.500706 0.014536 0.012761
0 0.708840 0.589313 0.011180 0.008965
0 0.415449 0.384025 0.016454 0.012980
0 0.701630 0.776993 0.013115 0.010740
0 0.427744 0.648827 0.010654 0.009064
0 0.783538 0.617618 0.011369 0.008979
0 0.449609 0.631003 0.011586 0.009910
0 0.712556 0.326364 0.014291 0.013730
0 0.628286 0.552580 0.014568 0.010541
0 0.864229 0.429798 0.015869 0.012242
0 0.619909 0.448528 0.015991 0.011944
0 0.552144 0.568493 0.017131 0.012732
0 0.331213 0.627130 0.010792 0.008544
0 0.402174 0.647087 0.010420 0.008331
0 0.878847 0.480243 0.013351 0.010545
0 0.588323 0.454778 0.016838 0.013587
0 0.406307 0.477829 0.014675 0.014559
0 0.242628 0.538448 0.013400 0.011682
0 0.656761 0.426810 0.019151 0.012882
0 0.644571 0.570287 0.010967 0.010188
0 0.758458 0.610721 0.012274 0.008429
0 0.617857 0.596206 0.011352 0.008042
0 0.719945 0.784880 0.012857 0.010109
0 0.686862 0.459116 0.013284 0.011916
0 0.671648 0.583259 0.011735 0.008703
0 0.336910 0.508298 0.013710 0.010805
0 0.469258 0.785931 0.016672 0.015227
0 0.754816 0.537420 0.012769 0.009964
0 0.331591 0.610637 0.011184 0.008811
0 0.377021 0.526951 0.012417 0.010679
0 0.592294 0.507743 0.015604 0.009739
0 0.454187 0.542418 0.013169 0.009871
0 0.428351 0.361197 0.019359 0.014993
0 0.635202 0.694901 0.011453 0.008929
0 0.378278 0.422528 0.013727 0.010084
0 0.205489 0.467604 0.013456 0.010229
0 0.580241 0.587107 0.016715 0.011933
0 0.542287 0.542720 0.016750 0.011212
0 0.612874 0.621799 0.012051 0.009460
0 0.364806 0.490670 0.013141 0.010009
0 0.456125 0.379019 0.012781 0.009931
0 0.518253 0.508974 0.013920 0.010675
0 0.703505 0.566218 0.015470 0.009967
0 0.305673 0.743971 0.013383 0.010304
0 0.507893 0.547365 0.014220 0.013893
0 0.552569 0.741079 0.011883 0.008509
0 0.451069 0.564916 0.012681 0.011143
0 0.360339 0.641126 0.012378 0.010532
0 0.774402 0.367318 0.015343 0.012342
0 0.619575 0.691236 0.013253 0.010342
0 0.236266 0.644650 0.014316 0.010782
0 0.429480 0.762351 0.012944 0.010285
0 0.390837 0.736284 0.013397 0.013793
0 0.326425 0.485933 0.014404 0.012690
0 0.355452 0.346515 0.016048 0.012914
0 0.637765 0.463446 0.015708 0.013009
0 0.665451 0.446451 0.014307 0.010330
0 0.580787 0.544971 0.013339 0.009518
0 0.427064 0.741988 0.013980 0.010418
0 0.601899 0.348506 0.013353 0.010708
0 0.793349 0.466400 0.013446 0.011612
0 0.657899 0.711620 0.011012 0.009047
0 0.366787 0.677968 0.011950 0.009178
0 0.826945 0.671434 0.012158 0.008605
0 0.368907 0.727032 0.013531 0.009812
0 0.719256 0.629923 0.011434 0.008825
0 0.202412 0.496175 0.013264 0.009981
0 0.487623 0.383209 0.017832 0.013652
0 0.258109 0.488948 0.012326 0.010023
0 0.800526 0.556422 0.011554 0.011667
0 0.417112 0.587053 0.013108 0.010390
0 0.506759 0.590273 0.011838 0.009927
0 0.736151 0.372627 0.014151 0.013367
0 0.406632 0.533195 0.017443 0.014751
0 0.476383 0.365254 0.014367 0.010812
0 0.373401 0.334135 0.012176 0.010528
0 0.650460 0.636833 0.010787 0.010445
0 0.652806 0.691639 0.010554 0.009098
0 0.807735 0.443186 0.011203 0.009432
0 0.320712 0.351185 0.013161 0.010652
0 0.663265 0.427762 0.016687 0.012213
0 0.486222 0.515102 0.013357 0.009446
0 0.241688 0.690525 0.014019 0.011604
0 0.302977 0.671152 0.011870 0.008586
0 0.679790 0.523663 0.014940 0.011581
0 0.851635 0.555955 0.011642 0.008783
0 0.876332 0.552769 0.012170 0.009228
0 0.393481 0.722206 0.011095 0.008820
0 0.613312 0.546696 0.020547 0.010690
0 0.670484 0.602683 0.017650 0.010268
0 0.653282 0.366153 0.015261 0.011446
0 0.207924 0.521434 0.012766 0.009935
0 0.823561 0.487721 0.012952 0.011661
0 0.866538 0.446878 0.014284 0.012345
0 0.400162 0.553184 0.017730 0.012070
0 0.373064 0.373263 0.016026 0.015172
0 0.602567 0.424669 0.015656 0.012077
0 0.376203 0.388203 0.013814 0.012926
0 0.518427 0.629405 0.013171 0.013564
0 0.482678 0.571579 0.012546 0.010895
0 0.259808 0.529144 0.011226 0.009342
0 0.508170 0.709829 0.009805 0.009484
0 0.454996 0.721626 0.011286 0.009080
0 0.438653 0.448367 0.017037 0.012464
0 0.513080 0.519263 0.012600 0.012009
0 0.289562 0.396680 0.012738 0.011339
0 0.521394 0.678915 0.011337 0.007994
0 0.761693 0.442080 0.012041 0.009125
0 0.520553 0.461085 0.014671 0.011998
0 0.636094 0.791655 0.014289 0.010307
0 0.301291 0.721108 0.014911 0.014483
0 0.468064 0.423001 0.013779 0.010882
0 0.676852 0.541935 0.011935 0.010204
0 0.546427 0.660855 0.011376 0.009292
0 0.278060 0.676525 0.013243 0.011091
0 0.553334 0.538285 0.016905 0.010726
0 0.845858 0.565020 0.011003 0.010032
0 0.444583 0.583600 0.015278 0.010874
0 0.801637 0.560395 0.009807 0.009362
0 0.588551 0.315822 0.012271 0.010795
0 0.400730 0.689166 0.011378 0.008974
0 0.589559 0.388094 0.013858 0.011373
0 0.769455 0.517740 0.016705 0.011795
0 0.526346 0.363048 0.021165 0.019691
0 0.531779 0.603558 0.012055 0.009750
0 0.857231 0.474614 0.012519 0.010442
0 0.711182 0.617421 0.009981 0.012957
0 0.485296 0.580324 0.012034 0.012549
0 0.836646 0.651115 0.013977 0.012367
0 0.286611 0.507920 0.020315 0.013613
0 0.299889 0.365181 0.012878 0.009749
0 0.587413 0.418575 0.013895 0.010775
0 0.769328 0.589525 0.009822 0.007249
0 0.184856 0.530171 0.013748 0.010643
0 0.616760 0.571437 0.012483 0.008717
0 0.418561 0.430494 0.014752 0.011289
0 0.588950 0.523836 0.015361 0.012339
0 0.538142 0.622259 0.013134 0.012095
0 0.715264 0.363527 0.011595 0.009500
0 0.303343 0.697906 0.011117 0.008356
0 0.875308 0.578892 0.011899 0.009963
0 0.355752 0.511602 0.014561 0.012149
0 0.583190 0.481167 0.016808 0.010121
0 0.680324 0.553595 0.011425 0.008531
0 0.458922 0.753181 0.016354 0.012258
0 0.665355 0.549267 0.011936 0.009162