0 0.398159 0.414222 0.012136 0.017065
0 0.469615 0.459439 0.011943 0.017122
0 0.392233 0.260084 0.011533 0.016591
0 0.506143 0.256055 0.011647 0.017898
0 0.469776 0.579829 0.011769 0.017057
0 0.451116 0.426496 0.012220 0.018041
0 0.481997 0.276060 0.010176 0.014093
0 0.412921 0.515042 0.012372 0.017906
0 0.183197 0.535024 0.010955 0.013956
0 0.367459 0.610142 0.010922 0.016113
0 0.355390 0.194390 0.011460 0.017774
0 0.518723 0.353739 0.011067 0.016316
0 0.224264 0.631351 0.010333 0.014837
0 0.384130 0.483854 0.014337 0.020441
0 0.536332 0.665134 0.010771 0.015352
0 0.586335 0.316167 0.011682 0.015729
0 0.620886 0.737584 0.013550 0.018927
0 0.487152 0.236215 0.011484 0.016880
0 0.413429 0.739670 0.011651 0.015606
0 0.269062 0.438192 0.013114 0.018354
0 0.215684 0.359480 0.011361 0.015895
0 0.624879 0.393985 0.012871 0.019485
0 0.206074 0.512914 0.011993 0.016821
0 0.587377 0.518219 0.012290 0.016576
0 0.564405 0.480935 0.010211 0.014375
0 0.532258 0.479863 0.010921 0.015136
0 0.670536 0.353656 0.011072 0.014985
0 0.655542 0.476482 0.011101 0.016323
1 0.413345 0.365950 0.035686 0.047593
0 0.147917 0.469965 0.013701 0.018797
0 0.468076 0.402818 0.011194 0.017459
0 0.280203 0.668980 0.011266 0.016939
0 0.401501 0.696498 0.010676 0.014788
0 0.529608 0.175117 0.012552 0.018543
0 0.480020 0.531619 0.010940 0.015402
0 0.388124 0.656813 0.010748 0.018369
0 0.209999 0.487795 0.010928 0.014512
0 0.293530 0.478207 0.011166 0.016242
0 0.460020 0.758358 0.014284 0.020595
0 0.648538 0.337797 0.010602 0.016152
0 0.484712 0.417981 0.010840 0.015739
1 0.486624 0.325287 0.031890 0.040205
0 0.557644 0.615829 0.010611 0.013961
0 0.396536 0.848822 0.014739 0.020506
0 0.571522 0.365930 0.012188 0.017354
0 0.202414 0.635862 0.010390 0.015286
1 0.166815 0.588157 0.029753 0.044576
0 0.381149 0.856241 0.016113 0.020426
0 0.218160 0.583098 0.010614 0.014583
0 0.613271 0.233086 0.011565 0.017552
0 0.335270 0.170971 0.014658 0.021380
0 0.630331 0.276667 0.010364 0.016086
0 0.246616 0.276205 0.012594 0.018146
0 0.258068 0.558216 0.010403 0.016985
0 0.389753 0.188826 0.014650 0.025833
0 0.392133 0.129267 0.011815 0.017133
0 0.423878 0.710217 0.010802 0.015867
0 0.510670 0.428748 0.010666 0.015054
0 0.428221 0.210451 0.010974 0.018227
0 0.408820 0.621348 0.013738 0.019336
0 0.168386 0.448231 0.011120 0.015073
0 0.265867 0.475277 0.012074 0.015508
0 0.549751 0.156992 0.014319 0.019929
0 0.330798 0.636534 0.010529 0.017639
0 0.367073 0.686937 0.009812 0.014151
0 0.534169 0.297173 0.011382 0.015983
0 0.555516 0.344383 0.010682 0.015616
0 0.274397 0.457938 0.012335 0.017331
0 0.282339 0.296434 0.014777 0.018635
0 0.282545 0.398882 0.010160 0.014137
0 0.563359 0.532856 0.010496 0.016428
0 0.561940 0.587977 0.010250 0.014450
0 0.563975 0.771515 0.010923 0.013774
0 0.630753 0.440296 0.009785 0.014947
0 0.321531 0.836725 0.014874 0.020707
0 0.598198 0.734873 0.012036 0.016056
0 0.437878 0.714097 0.010082 0.013686
0 0.452272 0.472913 0.011630 0.020735
0 0.543855 0.197056 0.010440 0.016940
0 0.637447 0.491486 0.009796 0.014326
0 0.178164 0.429694 0.012672 0.016488
0 0.346387 0.280296 0.012144 0.022306
0 0.419868 0.232166 0.010063 0.014891
0 0.300575 0.151162 0.013838 0.020294
0 0.532112 0.686692 0.011464 0.015713
0 0.578136 0.697591 0.014887 0.021235
0 0.154530 0.433562 0.011131 0.016334
0 0.428758 0.853116 0.016267 0.022988
0 0.518122 0.401154 0.010294 0.013757
0 0.691715 0.373712 0.015594 0.024936