0 0.374265 0.588119 0.017030 0.012933
0 0.613663 0.403473 0.016222 0.012617
0 0.553447 0.710324 0.012778 0.010339
0 0.523240 0.458150 0.015579 0.012780
0 0.516568 0.392256 0.016322 0.013408
0 0.420879 0.382124 0.015405 0.012253
0 0.523074 0.870226 0.019523 0.014630
0 0.427303 0.439249 0.018919 0.011883
0 0.347928 0.674118 0.018153 0.013928
0 0.410893 0.555199 0.015680 0.012601
0 0.583561 0.879117 0.017637 0.013328
0 0.561547 0.451847 0.017664 0.013799
0 0.509391 0.431558 0.017045 0.013324
0 0.632893 0.654550 0.012538 0.009911
0 0.614207 0.569452 0.015510 0.011748
0 0.626553 0.833296 0.013549 0.010895
0 0.493878 0.409527 0.013752 0.011377
0 0.705676 0.808018 0.014478 0.010869
0 0.454877 0.671393 0.014728 0.011964
0 0.719445 0.790025 0.015856 0.011826
0 0.340608 0.524256 0.016445 0.012385
0 0.656646 0.814545 0.013239 0.009995
0 0.540840 0.421785 0.013788 0.011083
0 0.671427 0.788979 0.014804 0.010843
0 0.492027 0.642359 0.021300 0.015368
0 0.575129 0.585281 0.015007 0.011897
0 0.637001 0.865834 0.015921 0.011413
0 0.599575 0.355974 0.013998 0.012439
0 0.609182 0.798429 0.012059 0.009030
0 0.466155 0.489120 0.016939 0.013024
0 0.594994 0.753198 0.011792 0.008747
0 0.320797 0.763350 0.018873 0.013994
0 0.592561 0.624826 0.016421 0.015084
0 0.276210 0.563446 0.017975 0.013752
0 0.448822 0.334685 0.017367 0.013653
0 0.555713 0.846222 0.011951 0.008875
0 0.319014 0.739324 0.022225 0.016671
0 0.570970 0.561952 0.018635 0.014211
0 0.504332 0.716133 0.013893 0.011792
0 0.429555 0.812986 0.014345 0.010383
0 0.428952 0.354022 0.018673 0.014533
0 0.555502 0.372035 0.013165 0.010898
0 0.619912 0.744866 0.011853 0.009829
0 0.612603 0.488673 0.016754 0.012433
0 0.641791 0.345156 0.016282 0.014101
0 0.357673 0.639954 0.014005 0.010424
0 0.577410 0.541670 0.015139 0.011647
0 0.516866 0.529210 0.016206 0.012304
0 0.472623 0.848727 0.015271 0.011711
0 0.330958 0.490119 0.017700 0.014885
0 0.242629 0.577908 0.017129 0.013445
0 0.699447 0.392570 0.014596 0.011383
0 0.653025 0.720185 0.014361 0.010814
0 0.656667 0.569179 0.018451 0.014468
0 0.342768 0.796799 0.022997 0.014361
0 0.347323 0.543316 0.017062 0.013488
0 0.332619 0.443720 0.013033 0.010340
0 0.734198 0.421932 0.014489 0.011455
0 0.577825 0.402341 0.013888 0.011501
0 0.403395 0.838515 0.019207 0.014267
0 0.674886 0.436674 0.018891 0.013593
0 0.669774 0.478154 0.017341 0.013232
0 0.497685 0.765848 0.011992 0.010509
0 0.639741 0.700787 0.011366 0.008931
0 0.391949 0.370160 0.015151 0.013477
0 0.578151 0.428590 0.016171 0.012439
0 0.756487 0.523586 0.015927 0.011549
0 0.414852 0.505607 0.016612 0.016097
0 0.614830 0.864716 0.016217 0.011648
0 0.416474 0.402299 0.016237 0.012068
0 0.319333 0.580088 0.017551 0.019068
0 0.689206 0.835244 0.015334 0.010926
0 0.486399 0.346011 0.016269 0.012812
0 0.420120 0.698573 0.015931 0.012953
0 0.725006 0.601902 0.013524 0.011044
0 0.462998 0.444784 0.016585 0.014526
0 0.583160 0.702165 0.011945 0.010546
0 0.523636 0.502691 0.020292 0.011390
0 0.436390 0.787052 0.012328 0.010171
0 0.624335 0.592199 0.013918 0.012151
0 0.404631 0.796318 0.013390 0.009883
0 0.585022 0.609430 0.014205 0.009998
0 0.433170 0.652255 0.012378 0.009864
0 0.682326 0.351304 0.015680 0.012684
0 0.548716 0.480538 0.012634 0.009506
0 0.569797 0.818545 0.010949 0.008017
0 0.163004 0.583353 0.017356 0.012564
0 0.669671 0.656014 0.012361 0.010052
0 0.399992 0.649051 0.016642 0.011667
0 0.644314 0.456796 0.023071 0.016790
0 0.597758 0.859930 0.015301 0.011973
0 0.363320 0.622605 0.015356 0.011737
0 0.502568 0.371410 0.014578 0.010774
0 0.407209 0.602860 0.017780 0.012202
0 0.648625 0.671177 0.012978 0.010043
0 0.309310 0.386605 0.015531 0.014377
0 0.359809 0.486337 0.016168 0.013762
0 0.449975 0.877051 0.019033 0.015426
0 0.354513 0.777898 0.021237 0.015163
0 0.405354 0.584973 0.016219 0.013315
0 0.555513 0.336040 0.013730 0.011943
0 0.364770 0.409252 0.023629 0.018176
0 0.695427 0.853233 0.015409 0.010609
0 0.550788 0.679491 0.013225 0.011731
0 0.623507 0.538404 0.016644 0.011416
0 0.666428 0.407379 0.017431 0.014103
0 0.478933 0.677891 0.013975 0.011410
0 0.674758 0.372624 0.012765 0.010924
0 0.572865 0.649814 0.014596 0.010840
0 0.432235 0.634857 0.015465 0.012402
0 0.627552 0.635592 0.012701 0.010809
0 0.650177 0.845917 0.014009 0.009653
0 0.581391 0.473244 0.015889 0.013470
0 0.742881 0.387164 0.015869 0.013529
0 0.441172 0.888236 0.019364 0.014982
0 0.474930 0.828691 0.012201 0.008963
0 0.364521 0.498792 0.014533 0.012793
0 0.807005 0.449026 0.015083 0.011674
0 0.579058 0.801275 0.010856 0.009103
0 0.532061 0.503812 0.019270 0.011089
0 0.317970 0.457436 0.014162 0.012114
0 0.360911 0.357181 0.014227 0.013391
0 0.316741 0.686596 0.017976 0.011923
0 0.702304 0.641549 0.017534 0.014562
0 0.579556 0.666788 0.013393 0.010607
0 0.583695 0.735436 0.012751 0.010104
0 0.578739 0.772731 0.013447 0.010810
0 0.374097 0.527714 0.020089 0.012114
0 0.765073 0.574285 0.016071 0.011484
0 0.681123 0.706900 0.014307 0.012895
0 0.619469 0.724842 0.010862 0.009214
0 0.664043 0.594026 0.014359 0.011012
0 0.601485 0.769326 0.010402 0.007926
0 0.437561 0.602213 0.014265 0.013870
0 0.765149 0.543698 0.013817 0.009928
0 0.549596 0.320993 0.013629 0.011835
0 0.669553 0.523887 0.014802 0.011564
0 0.606244 0.675089 0.013061 0.011108
0 0.442740 0.475691 0.021300 0.014110
0 0.465271 0.728596 0.014630 0.011727
0 0.294410 0.809920 0.018149 0.013305
0 0.744906 0.818930 0.016631 0.012846
0 0.617605 0.430622 0.014137 0.011105
0 0.335715 0.646433 0.014600 0.011411
0 0.456014 0.468512 0.019795 0.015191
0 0.644978 0.415833 0.014784 0.011561
0 0.338724 0.698358 0.015854 0.018262
0 0.651378 0.753984 0.013044 0.011447
0 0.554093 0.887010 0.017780 0.011416
0 0.424296 0.674305 0.012474 0.009997
0 0.732357 0.537464 0.012887 0.010013
0 0.486086 0.746401 0.013233 0.009745
0 0.583626 0.720196 0.011282 0.009349
0 0.700802 0.486832 0.013046 0.010111
0 0.516387 0.702138 0.012109 0.009346
0 0.397788 0.868989 0.027631 0.017946
0 0.658785 0.846693 0.018938 0.011133
0 0.598303 0.817912 0.011745 0.010854
0 0.592502 0.837807 0.016539 0.008581
0 0.310046 0.709246 0.016033 0.012412
0 0.339464 0.712581 0.017521 0.020415
0 0.595311 0.831079 0.013532 0.011738
0 0.312063 0.515622 0.015056 0.011555
0 0.397277 0.753284 0.012815 0.010328
0 0.513735 0.794552 0.011620 0.011994
0 0.401824 0.733206 0.011422 0.009110
0 0.629944 0.780120 0.011033 0.009085
0 0.561726 0.789108 0.010717 0.008385
0 0.613696 0.684049 0.013176 0.011864
0 0.505153 0.733605 0.010150 0.008289
0 0.322978 0.415913 0.018963 0.014584
0 0.731982 0.567173 0.013318 0.013181
0 0.698704 0.693184 0.010816 0.008898
0 0.594108 0.511930 0.014695 0.010863
0 0.444602 0.881613 0.020517 0.020358
0 0.507049 0.374542 0.015704 0.016006
0 0.464695 0.637958 0.015236 0.012685
0 0.760959 0.508333 0.015612 0.011083
0 0.395302 0.614401 0.015838 0.010885
0 0.784557 0.497573 0.012100 0.009182
0 0.476231 0.870781 0.014178 0.016983
0 0.569245 0.510627 0.013575 0.010504
0 0.611094 0.657459 0.012407 0.010113