0 0.516463 0.544477 0.016443 0.012559
0 0.430917 0.763088 0.015144 0.010706
0 0.576683 0.685290 0.015077 0.012632
0 0.195740 0.671194 0.013900 0.009875
0 0.394324 0.576930 0.017184 0.012515
0 0.299816 0.740612 0.014761 0.011819
0 0.539585 0.720122 0.016107 0.012702
0 0.319513 0.628318 0.015757 0.013497
0 0.681631 0.621977 0.015399 0.012177
0 0.559633 0.660546 0.017158 0.012858
0 0.374739 0.648070 0.014796 0.012614
0 0.276552 0.596357 0.013879 0.010855
0 0.697811 0.860366 0.015174 0.011350
0 0.660029 0.887692 0.015575 0.012058
0 0.648683 0.693810 0.016531 0.012470
0 0.639563 0.449823 0.020451 0.016932
0 0.390116 0.921688 0.015322 0.011763
0 0.521380 0.493228 0.016716 0.012153
0 0.686568 0.909898 0.018091 0.013221
0 0.475649 0.453065 0.015366 0.013397
0 0.548296 0.538001 0.018250 0.013036
0 0.623761 0.724378 0.014170 0.010868
0 0.725081 0.546907 0.020007 0.015931
0 0.582508 0.510314 0.018252 0.013327
0 0.664374 0.465937 0.019758 0.015463
0 0.644906 0.655787 0.019279 0.015945
0 0.650130 0.536188 0.018189 0.014022
0 0.374949 0.944866 0.016928 0.012726
0 0.688136 0.728442 0.020193 0.015078
0 0.438576 0.650259 0.014690 0.011636
0 0.602906 0.810173 0.012007 0.009320
0 0.432626 0.508397 0.015470 0.012828
1 0.458498 0.807311 0.046253 0.036059
1 0.380904 0.506654 0.045686 0.034635
0 0.631786 0.774286 0.014351 0.011106
0 0.548527 0.511208 0.018706 0.016330
0 0.413244 0.413929 0.016164 0.012357
0 0.265494 0.655580 0.015936 0.011571
0 0.348844 0.809225 0.013439 0.010298
0 0.609331 0.609784 0.019712 0.014487
0 0.506511 0.384921 0.014426 0.012279
0 0.624082 0.678154 0.013962 0.010843
0 0.277629 0.486047 0.011444 0.010099
0 0.363627 0.570554 0.013967 0.010371
0 0.401979 0.538717 0.019045 0.011094
0 0.253273 0.523351 0.013439 0.009460
0 0.374182 0.716546 0.016352 0.011748
0 0.312902 0.428880 0.014306 0.011022
0 0.537220 0.762249 0.017773 0.011233
0 0.376522 0.548458 0.012575 0.009223
0 0.300736 0.906759 0.015528 0.011326
0 0.517408 0.815488 0.013962 0.010434
0 0.332472 0.912666 0.017237 0.013293
0 0.233115 0.744934 0.012796 0.010524
0 0.407651 0.462683 0.014215 0.012050
0 0.449804 0.748645 0.015594 0.012443
0 0.588123 0.748694 0.016823 0.012764
0 0.326325 0.499031 0.017121 0.012726
0 0.499113 0.831798 0.016423 0.012356
0 0.670876 0.520909 0.016506 0.013465
0 0.704349 0.488831 0.021468 0.017449
0 0.516169 0.666803 0.020353 0.016664
0 0.468518 0.967326 0.020311 0.015658
0 0.540645 0.379977 0.014803 0.011956
0 0.514969 0.738799 0.016546 0.015305
0 0.282726 0.872256 0.017336 0.014938
0 0.393829 0.451757 0.012856 0.010194
0 0.470485 0.427619 0.015440 0.011687
0 0.148708 0.626611 0.018123 0.013002
0 0.383829 0.619737 0.015660 0.013482
0 0.455388 0.483351 0.016708 0.014343
1 0.272427 0.563451 0.049595 0.033096
0 0.617360 0.467920 0.016126 0.012327
0 0.306376 0.775836 0.018122 0.013870
0 0.790882 0.587097 0.021584 0.014704
0 0.515126 0.706612 0.011911 0.009657
0 0.442195 0.524978 0.017806 0.012270
0 0.503444 0.514296 0.015467 0.013007
0 0.313536 0.542166 0.013528 0.009842
0 0.606562 0.739037 0.013729 0.010310
0 0.436252 0.382474 0.013910 0.011371
0 0.342993 0.755842 0.012635 0.012208
0 0.349887 0.597244 0.015579 0.011949
0 0.393087 0.815421 0.017247 0.015666
0 0.707760 0.525318 0.018121 0.016644
0 0.448762 0.949975 0.017390 0.014033
0 0.333239 0.658615 0.014342 0.012478
1 0.221501 0.490509 0.049481 0.032625
0 0.821270 0.583261 0.017522 0.014487
0 0.362146 0.457369 0.014791 0.010854
0 0.651049 0.709903 0.013776 0.011440
0 0.097247 0.643716 0.013334 0.010562
0 0.711794 0.880270 0.012201 0.009315
0 0.417454 0.448701 0.012396 0.009759
0 0.372990 0.787767 0.012955 0.012421
1 0.412638 0.856539 0.054677 0.033825
0 0.340815 0.535533 0.015060 0.011148
0 0.493287 0.760901 0.013843 0.009681
0 0.751540 0.787751 0.015051 0.011761
0 0.569317 0.900991 0.016079 0.014533
0 0.334105 0.614512 0.012668 0.008891
0 0.267540 0.741685 0.013483 0.011464
0 0.764111 0.807877 0.018798 0.013580
0 0.434365 0.739494 0.014921 0.011042
0 0.289128 0.930496 0.020105 0.012676
1 0.213497 0.864947 0.059023 0.039697
0 0.784268 0.610065 0.015079 0.012155
0 0.199274 0.541685 0.012024 0.010961
0 0.213775 0.688639 0.014294 0.014673
0 0.454565 0.434001 0.014822 0.010255
0 0.152735 0.651383 0.015661 0.010786
0 0.685326 0.773489 0.013727 0.010498
0 0.666761 0.733388 0.012940 0.009705
0 0.404634 0.388846 0.019840 0.011734
0 0.539487 0.674002 0.013031 0.010721
1 0.192058 0.786493 0.060162 0.036252
0 0.269118 0.700320 0.010697 0.008725
0 0.381252 0.736774 0.017175 0.012780
0 0.314842 0.839731 0.013225 0.010342
0 0.615864 0.656015 0.019353 0.020010
0 0.213384 0.566742 0.015320 0.012085
0 0.505758 0.619105 0.014235 0.010318
0 0.605187 0.765593 0.013868 0.010237
0 0.407076 0.717935 0.014171 0.011736
0 0.133499 0.535920 0.015539 0.012224
0 0.413485 0.652481 0.012415 0.010437
1 0.546661 0.632987 0.035561 0.027573
0 0.160860 0.718490 0.014827 0.011448
0 0.550587 0.478886 0.014901 0.011592
0 0.798783 0.806700 0.014029 0.011102
0 0.545897 0.410017 0.012635 0.011478
0 0.529721 0.520633 0.015489 0.010330
0 0.458251 0.400076 0.009849 0.008491
0 0.232807 0.605523 0.013068 0.013887
0 0.410243 0.890885 0.013516 0.010411
0 0.740394 0.815031 0.014649 0.010867
0 0.572876 0.826157 0.012033 0.009929
0 0.240595 0.698898 0.012108 0.009977
0 0.190425 0.648559 0.012139 0.009775
0 0.432470 0.595032 0.011698 0.010545
0 0.218398 0.590180 0.013275 0.010005
0 0.288515 0.628850 0.013258 0.011288
0 0.387015 0.884100 0.015461 0.013915
0 0.634235 0.903898 0.015684 0.011753
0 0.754355 0.656560 0.019647 0.016809
0 0.479295 0.777203 0.012271 0.008643
0 0.561828 0.952379 0.016094 0.012608
0 0.721680 0.763902 0.015079 0.011253
0 0.322838 0.399102 0.013763 0.011248
0 0.139570 0.671826 0.011369 0.008568
0 0.360792 0.385308 0.013100 0.011122
0 0.371125 0.768963 0.013076 0.011094
0 0.302746 0.658735 0.017164 0.012297
0 0.175434 0.612251 0.013740 0.012884
0 0.372532 0.782938 0.014416 0.013833
0 0.343191 0.750443 0.011587 0.015562
0 0.148816 0.521902 0.015837 0.013809
1 0.331813 0.467969 0.037571 0.026500
0 0.414306 0.614398 0.013496 0.009788
0 0.119153 0.666960 0.013419 0.011680
0 0.153631 0.699703 0.011490 0.011198
0 0.205081 0.703536 0.013760 0.009921
0 0.309831 0.448622 0.016174 0.012101
0 0.288278 0.540546 0.014912 0.008531
0 0.576083 0.424579 0.014535 0.012501
0 0.495809 0.812301 0.011866 0.009181
0 0.127067 0.574436 0.017130 0.013770
0 0.393994 0.477845 0.012310 0.008654
0 0.782751 0.729889 0.016278 0.013972
0 0.393158 0.616486 0.018617 0.012694
0 0.591805 0.945059 0.014108 0.012236
0 0.400490 0.709446 0.015258 0.010895
0 0.171705 0.607178 0.017677 0.013803
0 0.236761 0.731726 0.012822 0.012490
0 0.669398 0.642962 0.012426 0.008628
0 0.254550 0.637634 0.012034 0.009477
0 0.598763 0.429326 0.012612 0.010419
0 0.681116 0.783453 0.016270 0.014000
0 0.556709 0.804087 0.010975 0.009284
0 0.468211 0.889951 0.011388 0.009260
0 0.764620 0.548364 0.014931 0.012621
1 0.536811 0.926765 0.052335 0.041264
1 0.811234 0.841217 0.026838 0.019122