0 0.774435 0.653736 0.018678 0.019994
0 0.755084 0.689343 0.018647 0.018164
0 0.724675 0.668604 0.018249 0.018892
0 0.865807 0.797109 0.018271 0.017570
0 0.689190 0.911178 0.018686 0.019056
0 0.829212 0.747380 0.018126 0.018274
1 0.531534 0.381848 0.050333 0.049012
0 0.583311 0.165965 0.019312 0.020896
0 0.449798 0.746716 0.020361 0.020053
0 0.538359 0.785562 0.019395 0.019630
0 0.914666 0.680962 0.018894 0.019073
0 0.479962 0.766173 0.020547 0.020985
0 0.522731 0.119440 0.016564 0.018103
0 0.944752 0.413505 0.018171 0.019382
0 0.275688 0.959812 0.020193 0.020561
0 0.713804 0.830801 0.018822 0.019463
0 0.811547 0.940022 0.018640 0.017626
0 0.573619 0.489261 0.017697 0.017807
0 0.476558 0.449127 0.020283 0.019924
0 0.481449 0.114945 0.021246 0.025844
0 0.749471 0.569836 0.016183 0.017161
0 0.684791 0.265694 0.016893 0.017700
0 0.091986 0.349920 0.019400 0.019026
0 0.155187 0.448800 0.022489 0.022456
0 0.672754 0.313789 0.018918 0.020412
0 0.409317 0.345404 0.019454 0.019692
0 0.782499 0.548884 0.019203 0.019744
0 0.589143 0.234771 0.022006 0.024759
0 0.619137 0.584578 0.016626 0.017753
0 0.397756 0.379048 0.017356 0.017916
0 0.258174 0.900523 0.021867 0.025114
0 0.438226 0.473379 0.017144 0.017254
0 0.216480 0.387017 0.022553 0.023897
0 0.461969 0.867471 0.020721 0.031627
0 0.611502 0.734708 0.022518 0.023855
0 0.834923 0.360465 0.017486 0.018017
0 0.049255 0.646706 0.018460 0.019244
0 0.904924 0.361856 0.032108 0.035824
0 0.519326 0.599442 0.018542 0.019681
0 0.698643 0.571580 0.019728 0.021372
1 0.495486 0.521501 0.049565 0.048217
0 0.247943 0.734070 0.021764 0.020132
0 0.626389 0.966325 0.018799 0.020823
0 0.546718 0.258344 0.017151 0.023645
0 0.861721 0.643585 0.017765 0.018005
0 0.693930 0.393525 0.024575 0.023838
0 0.172646 0.878898 0.017857 0.020705