0 0.459493 0.689061 0.016161 0.012898
0 0.561319 0.398818 0.017179 0.013305
0 0.506349 0.695680 0.017121 0.013017
0 0.512269 0.623553 0.016059 0.012161
0 0.388527 0.701681 0.016738 0.012557
0 0.694342 0.614843 0.019305 0.013361
0 0.453249 0.784980 0.022667 0.016451
0 0.596616 0.608723 0.018096 0.013554
0 0.471207 0.400402 0.016180 0.012003
0 0.206383 0.539918 0.017263 0.012549
0 0.239892 0.551566 0.015353 0.011604
0 0.240987 0.695355 0.018394 0.014369
0 0.690402 0.651342 0.019241 0.014347
0 0.402083 0.645797 0.018084 0.015785
0 0.567876 0.744854 0.018411 0.014477
0 0.615675 0.628812 0.019468 0.014369
0 0.335535 0.652059 0.017076 0.012945
0 0.180868 0.469961 0.018027 0.014118
0 0.203344 0.513611 0.017390 0.011938
1 0.294613 0.579916 0.046636 0.044788
1 0.232762 0.391242 0.051687 0.040760
0 0.415764 0.486407 0.014188 0.012144
1 0.324442 0.332168 0.097100 0.053387
0 0.388963 0.371963 0.018779 0.014584
0 0.620091 0.695656 0.017736 0.013210
0 0.523691 0.343908 0.014175 0.011861
0 0.670590 0.377989 0.017552 0.013792
0 0.369290 0.445795 0.015934 0.013057
0 0.483050 0.363482 0.015220 0.012391
0 0.417385 0.513537 0.016038 0.012774
0 0.177738 0.427918 0.015351 0.012368
0 0.466588 0.733931 0.019185 0.014217
0 0.681360 0.469925 0.015511 0.011535
0 0.582060 0.757784 0.019003 0.014848
0 0.625217 0.351185 0.017270 0.013036
0 0.688045 0.718239 0.018214 0.013352
1 0.436151 0.588415 0.048455 0.034807
0 0.618338 0.601597 0.016685 0.012187
0 0.203585 0.566312 0.019022 0.013782
0 0.289848 0.686380 0.019821 0.014852
0 0.145402 0.658327 0.014657 0.011263
0 0.503210 0.429010 0.016678 0.012897
0 0.487039 0.462961 0.017436 0.017180
0 0.635301 0.801159 0.017838 0.012697
0 0.463555 0.749616 0.019974 0.014966
0 0.425364 0.623661 0.012746 0.010202
0 0.184256 0.654280 0.015965 0.012593
0 0.525630 0.758924 0.024415 0.016222
0 0.098091 0.445904 0.017609 0.013853
0 0.609801 0.410736 0.016332 0.013961
0 0.507806 0.666703 0.020863 0.015332
0 0.413629 0.335773 0.015326 0.011372
0 0.078854 0.574248 0.017021 0.012925
0 0.652674 0.455893 0.013562 0.010390
0 0.098820 0.560069 0.017480 0.013283
0 0.606020 0.463736 0.012889 0.009554
0 0.176853 0.639397 0.015923 0.011887
0 0.332817 0.631114 0.015954 0.012691
0 0.488076 0.541653 0.017419 0.014537
1 0.150174 0.724181 0.052891 0.048864
0 0.375135 0.426281 0.017342 0.012053
0 0.119073 0.511875 0.016637 0.012747
0 0.687734 0.487896 0.016119 0.012038
0 0.359579 0.785851 0.024870 0.018906
0 0.666180 0.576889 0.013831 0.010093
1 0.744575 0.476189 0.039170 0.036184
0 0.274490 0.395836 0.016585 0.011172
0 0.215262 0.429284 0.017075 0.012455
0 0.616456 0.776460 0.016674 0.011940
0 0.219184 0.451165 0.017090 0.013638
0 0.623681 0.760464 0.016213 0.013171
0 0.411529 0.720865 0.016447 0.011781
0 0.512368 0.442968 0.016133 0.012085
0 0.415600 0.418983 0.017834 0.015817
0 0.402326 0.551275 0.013640 0.010420
0 0.457701 0.434929 0.015631 0.013291
0 0.401739 0.435295 0.015642 0.011355
0 0.388393 0.476817 0.012911 0.010050
0 0.756003 0.634492 0.017718 0.013958
0 0.160177 0.380516 0.013557 0.011283
0 0.540797 0.361910 0.017293 0.014454
0 0.663970 0.506828 0.019983 0.015826
0 0.452859 0.345709 0.012959 0.009380
0 0.735847 0.634486 0.017580 0.013217
0 0.379156 0.345847 0.014409 0.010184
0 0.509843 0.793756 0.020763 0.015723
0 0.594403 0.549902 0.014885 0.013992
0 0.219404 0.577391 0.013854 0.009878
0 0.188389 0.630466 0.014550 0.010564
0 0.576340 0.353361 0.014722 0.011892
0 0.533979 0.367256 0.018433 0.012950
0 0.608706 0.386922 0.020867 0.013712
0 0.751280 0.622689 0.015639 0.014261
0 0.534405 0.451970 0.016903 0.013908
0 0.465358 0.502493 0.011168 0.009124
0 0.422770 0.709921 0.017515 0.015071
0 0.227607 0.349483 0.011010 0.010059
0 0.473854 0.641114 0.013240 0.011103
0 0.428252 0.719020 0.015109 0.011475
0 0.453474 0.321353 0.015565 0.012170
0 0.702613 0.729283 0.017604 0.012222
0 0.477344 0.331922 0.017070 0.013679
0 0.705615 0.590595 0.012653 0.008860
0 0.190240 0.606649 0.013647 0.011149
0 0.636687 0.524854 0.015787 0.012802
0 0.415491 0.312664 0.009819 0.008626
0 0.515571 0.580324 0.017113 0.014455
0 0.318172 0.394288 0.011413 0.009613
0 0.641335 0.554930 0.015006 0.013029
0 0.095692 0.541858 0.015034 0.011288
0 0.601004 0.387068 0.020612 0.014321
0 0.280913 0.748144 0.015513 0.012196
0 0.377819 0.647559 0.017351 0.018113
0 0.336320 0.375415 0.011757 0.009592
0 0.231616 0.519054 0.012068 0.009985
0 0.639512 0.642495 0.016939 0.013837
0 0.559207 0.504040 0.020986 0.023135
0 0.227946 0.534127 0.012804 0.010671
0 0.571011 0.459669 0.014425 0.011612