0 0.299912 0.342731 0.017601 0.014364
0 0.297794 0.294753 0.015719 0.011607
0 0.230755 0.317572 0.015766 0.011621
0 0.528502 0.323700 0.018193 0.012941
0 0.492345 0.292950 0.015316 0.012932
0 0.452566 0.378874 0.014571 0.011595
0 0.278860 0.315359 0.017605 0.012533
0 0.382101 0.349175 0.015582 0.011987
0 0.565504 0.471445 0.015090 0.012677
0 0.618727 0.640758 0.016718 0.013128
0 0.380429 0.635612 0.012653 0.009875
0 0.419625 0.471807 0.018413 0.013555
0 0.423802 0.392313 0.013450 0.010478
0 0.523485 0.533482 0.012650 0.009727
0 0.568866 0.556670 0.013763 0.010541
0 0.611333 0.321849 0.018705 0.013188
0 0.608487 0.522886 0.017629 0.012287
0 0.514338 0.618260 0.015503 0.011793
0 0.448450 0.330315 0.018958 0.013974
0 0.650356 0.533100 0.015268 0.012483
0 0.381900 0.504054 0.015185 0.012144
0 0.461699 0.262683 0.021462 0.013361
0 0.094654 0.357253 0.019292 0.014755
0 0.541824 0.374347 0.016366 0.010916
0 0.352603 0.360977 0.015870 0.013011
0 0.184374 0.315013 0.018879 0.015548
0 0.443391 0.433911 0.020784 0.013002
1 0.357189 0.786063 0.049309 0.039340
0 0.364469 0.475566 0.015671 0.012273
0 0.425050 0.255341 0.015796 0.013558
0 0.553284 0.527032 0.014143 0.010233
0 0.119380 0.605870 0.013429 0.010215
0 0.403876 0.412220 0.019492 0.012274
0 0.482633 0.515062 0.013895 0.011342
0 0.495725 0.254593 0.014603 0.010941
0 0.408947 0.514209 0.014527 0.011576
0 0.396135 0.282676 0.019410 0.015028
0 0.588246 0.341673 0.019160 0.014103
0 0.156336 0.556496 0.012860 0.010064
0 0.547572 0.427047 0.018269 0.015379
0 0.599415 0.458388 0.012630 0.010092
0 0.077285 0.452156 0.016737 0.012210
0 0.537822 0.292274 0.017660 0.014303
0 0.553766 0.345007 0.016097 0.010808
0 0.297715 0.477237 0.024462 0.013908
0 0.137010 0.586417 0.012970 0.009838
0 0.279991 0.261846 0.013604 0.011021
0 0.583842 0.303863 0.016361 0.014245
0 0.694256 0.531213 0.013759 0.010155
0 0.593665 0.614676 0.018378 0.013463
0 0.482918 0.474010 0.013891 0.010801
0 0.223213 0.555620 0.014139 0.011120
0 0.457742 0.580232 0.014017 0.011045
0 0.551230 0.576657 0.017145 0.013864
0 0.090417 0.393078 0.014455 0.011465
0 0.557648 0.501275 0.018009 0.013482
0 0.554063 0.610237 0.017056 0.013372
0 0.526072 0.598164 0.014004 0.011634
0 0.173027 0.544926 0.014208 0.010383
0 0.373863 0.707252 0.015065 0.012174
0 0.191313 0.534399 0.014295 0.010901
0 0.171463 0.377051 0.020731 0.014057
0 0.448157 0.600671 0.017276 0.012503
0 0.346826 0.626927 0.012649 0.010204
0 0.116772 0.291672 0.016775 0.014299
0 0.377981 0.253183 0.013906 0.013194
0 0.040063 0.530845 0.013763 0.011280
0 0.222562 0.374256 0.016046 0.010548
0 0.069848 0.558209 0.013598 0.011178
0 0.299650 0.419997 0.020422 0.011795
0 0.147481 0.452303 0.014613 0.011481
0 0.638933 0.505314 0.014048 0.010616
0 0.391608 0.674062 0.015985 0.014309
0 0.258790 0.461314 0.016070 0.012657
0 0.680369 0.455714 0.011298 0.008511
0 0.607307 0.425399 0.015784 0.010519
0 0.232713 0.680619 0.014609 0.011021
0 0.340859 0.297775 0.011565 0.009185
0 0.118057 0.542262 0.012114 0.009770
0 0.576441 0.663970 0.017288 0.013297
0 0.672142 0.432831 0.010560 0.007968
0 0.091062 0.618427 0.014467 0.011062
0 0.633484 0.675610 0.015329 0.011464
0 0.496709 0.400083 0.015039 0.011667
0 0.011301 0.547088 0.012897 0.009530
0 0.115509 0.426315 0.013955 0.011705
0 0.685108 0.362706 0.014162 0.010926
0 0.241611 0.256429 0.019055 0.018306
1 0.228117 0.402541 0.050443 0.031892
0 0.090019 0.421738 0.015291 0.011706
0 0.349547 0.647400 0.013191 0.010375
0 0.231974 0.725075 0.017761 0.013713
0 0.208215 0.713927 0.014878 0.011228
0 0.107592 0.646063 0.013798 0.009944
0 0.585430 0.539947 0.014750 0.012306
0 0.315858 0.682865 0.013704 0.011108
0 0.435365 0.520578 0.013242 0.011770
0 0.399726 0.241788 0.013885 0.010920
0 0.256093 0.428490 0.013606 0.010030
0 0.368180 0.588002 0.015510 0.012810
0 0.494497 0.664435 0.021088 0.015796
0 0.634701 0.568364 0.018634 0.015208
0 0.619660 0.440325 0.013731 0.009653
0 0.348165 0.336203 0.012635 0.010099
0 0.357781 0.323251 0.013348 0.010358
0 0.153220 0.600567 0.013267 0.010419
0 0.473425 0.228585 0.014915 0.011760
0 0.510143 0.691596 0.016005 0.012450
0 0.426933 0.297801 0.017829 0.011284
0 0.424738 0.277241 0.014659 0.011339
0 0.665303 0.382342 0.019019 0.013330
0 0.126693 0.384653 0.014675 0.011457
0 0.189344 0.463958 0.019593 0.012341
0 0.693187 0.507793 0.019742 0.013486
0 0.650625 0.472904 0.019453 0.013125
0 0.128733 0.493142 0.015081 0.011768
0 0.389360 0.597013 0.013527 0.012452
0 0.473293 0.639730 0.011497 0.009469
0 0.534486 0.407852 0.023032 0.014044
0 0.078776 0.601694 0.013344 0.010087
0 0.288003 0.506165 0.017858 0.013087
0 0.033361 0.496036 0.016477 0.011544
0 0.590738 0.369343 0.022862 0.015277
0 0.369256 0.734659 0.021453 0.014356
0 0.343294 0.214504 0.013744 0.009580
0 0.640770 0.435094 0.014022 0.009788
0 0.091309 0.590402 0.014992 0.010616
0 0.341022 0.574111 0.014187 0.012858
0 0.095202 0.483852 0.015586 0.011540
0 0.495691 0.272106 0.012665 0.010806
0 0.447553 0.350187 0.017352 0.010919
0 0.117528 0.372747 0.015928 0.013911
0 0.018357 0.389597 0.022480 0.015534
0 0.204568 0.498879 0.015350 0.013505
0 0.063693 0.476810 0.018380 0.011012
0 0.110276 0.450478 0.017368 0.011082
0 0.443220 0.241738 0.012521 0.009592
0 0.410478 0.229165 0.013001 0.010831
0 0.214593 0.696797 0.013134 0.009787
0 0.475316 0.391256 0.017059 0.011745
0 0.730216 0.480399 0.011581 0.008972
0 0.427221 0.679057 0.017798 0.011767
0 0.334092 0.639448 0.013067 0.010846
0 0.055886 0.542737 0.011482 0.009156
0 0.288893 0.237888 0.012676 0.010894
0 0.461246 0.622391 0.012177 0.009898
0 0.102025 0.563441 0.012397 0.010953
0 0.566097 0.274424 0.029750 0.016552
0 0.590851 0.405434 0.022211 0.013558
0 0.097522 0.669282 0.013965 0.010621
0 0.560394 0.387953 0.011679 0.008167
0 0.607492 0.558143 0.013979 0.012922
0 0.175676 0.478367 0.017403 0.012156
0 0.378306 0.373911 0.011583 0.009235
0 0.633157 0.284377 0.015431 0.012809
0 0.106389 0.625956 0.012427 0.008596
0 0.401304 0.265399 0.014432 0.011894
0 0.345465 0.401250 0.011080 0.008435
0 0.103107 0.575057 0.012267 0.011927
0 0.488265 0.371203 0.012450 0.010131
0 0.651496 0.419493 0.017842 0.011127
0 0.456194 0.416129 0.016160 0.011859
0 0.583467 0.278850 0.018080 0.012691
0 0.435963 0.511987 0.012966 0.015262
0 0.560964 0.252664 0.015366 0.011954
0 0.016909 0.590163 0.012999 0.009988
0 0.094798 0.471090 0.015475 0.011449
0 0.132165 0.407678 0.010594 0.008775
0 0.473736 0.350501 0.011212 0.008341
0 0.154474 0.718425 0.017167 0.012447
0 0.269666 0.365676 0.012470 0.009537
0 0.344975 0.645334 0.018617 0.010568
0 0.386614 0.589864 0.014219 0.014612
0 0.293140 0.508766 0.025081 0.013703
1 0.214899 0.660142 0.042941 0.023004