0 0.768816 0.423477 0.013764 0.010971
0 0.798453 0.367041 0.013414 0.010839
0 0.609741 0.423727 0.015979 0.012613
0 0.667253 0.451810 0.015423 0.012361
0 0.509182 0.360551 0.015062 0.011717
0 0.509724 0.515912 0.014348 0.012342
0 0.625754 0.469938 0.017023 0.011468
0 0.792016 0.575468 0.012185 0.009277
0 0.601231 0.502198 0.017531 0.013155
1 0.334069 0.555238 0.052346 0.032744
0 0.694510 0.463097 0.015882 0.012799
0 0.645237 0.490731 0.012855 0.010331
0 0.631373 0.302584 0.015564 0.012446
0 0.563779 0.409898 0.014790 0.011466
0 0.481811 0.541413 0.015932 0.012434
0 0.664352 0.347853 0.013694 0.011047
0 0.641206 0.428948 0.014533 0.011169
0 0.597054 0.372335 0.015967 0.012362
0 0.521653 0.440913 0.013250 0.010389
0 0.653950 0.328199 0.016078 0.012202
0 0.364886 0.613077 0.016296 0.012471
0 0.624496 0.350890 0.013702 0.011181
0 0.548398 0.631025 0.012027 0.009066
0 0.574301 0.391887 0.013973 0.010343
0 0.517778 0.417808 0.014506 0.011038
0 0.765108 0.516439 0.010723 0.008869
0 0.786950 0.646309 0.011792 0.009301
0 0.342207 0.580649 0.015232 0.011982
0 0.675071 0.383309 0.016231 0.013329
0 0.562328 0.303510 0.014342 0.012603
0 0.691568 0.407780 0.015861 0.013396
0 0.427722 0.404114 0.012450 0.009298
0 0.444051 0.621369 0.012947 0.010574
0 0.312313 0.596224 0.013008 0.009789
0 0.564493 0.646082 0.011058 0.009585
0 0.699224 0.328584 0.016852 0.011906
0 0.384453 0.403774 0.011399 0.009148
0 0.439999 0.427154 0.013353 0.010413
0 0.480958 0.424704 0.013712 0.009888
0 0.550950 0.713504 0.016741 0.012925
0 0.875737 0.414250 0.010686 0.008825
0 0.672726 0.287294 0.015654 0.012973
0 0.516480 0.543017 0.012841 0.009843
0 0.747655 0.499694 0.014370 0.011861
0 0.587863 0.665125 0.012040 0.008460
0 0.797428 0.391832 0.013493 0.011682
0 0.489777 0.609886 0.014247 0.010545
0 0.583711 0.480048 0.016508 0.013159
0 0.732888 0.310612 0.013564 0.011201
0 0.490674 0.407329 0.017300 0.013009
0 0.435056 0.571862 0.013270 0.009270
0 0.746409 0.345479 0.024574 0.015402
0 0.563617 0.368224 0.016477 0.012133
0 0.355882 0.479569 0.013817 0.011837
0 0.415415 0.593207 0.013119 0.009817
0 0.345379 0.367111 0.013710 0.010505
0 0.416850 0.344532 0.013876 0.010155
0 0.436444 0.528967 0.013405 0.009667
0 0.840304 0.426339 0.011990 0.009138
0 0.829533 0.392708 0.011844 0.009270
0 0.629349 0.274203 0.012882 0.010636
0 0.470086 0.483588 0.014873 0.009771
0 0.379571 0.373334 0.014789 0.011293
0 0.613559 0.633290 0.010366 0.008348
0 0.879577 0.346519 0.015588 0.013421
0 0.446833 0.447934 0.015985 0.011000
0 0.603675 0.275163 0.017524 0.014730
0 0.683654 0.353123 0.016222 0.011687
0 0.742711 0.435893 0.015088 0.011904
0 0.361076 0.394082 0.014358 0.011982
0 0.551149 0.334473 0.013852 0.011966
0 0.430407 0.463508 0.014433 0.011321
0 0.781223 0.453793 0.012263 0.009977
0 0.658130 0.423578 0.015046 0.011548
0 0.579333 0.519910 0.013354 0.009874
0 0.587539 0.315920 0.013154 0.009659
0 0.481195 0.513613 0.012601 0.010325
0 0.768433 0.311164 0.013939 0.011590
0 0.741924 0.701393 0.012140 0.009147
0 0.422928 0.363491 0.013431 0.010452
0 0.520664 0.492609 0.018534 0.012426
0 0.827109 0.511262 0.009995 0.008182
0 0.607123 0.336979 0.012748 0.010110
0 0.843613 0.448885 0.012688 0.009202
0 0.717543 0.679772 0.013048 0.008861
0 0.647264 0.258878 0.013503 0.011538
0 0.555943 0.484399 0.012889 0.011024
0 0.825311 0.563307 0.010362 0.008005
0 0.404601 0.536043 0.014017 0.009641
0 0.709540 0.561328 0.011980 0.009257
0 0.384592 0.502430 0.012278 0.009953
0 0.847907 0.590251 0.010830 0.008657
0 0.364644 0.517982 0.010961 0.009095
0 0.531334 0.346319 0.014930 0.013148
0 0.563314 0.660001 0.010539 0.008159
0 0.572051 0.684839 0.014358 0.009556
0 0.712050 0.439036 0.014024 0.010293
0 0.621972 0.659564 0.010469 0.008519
0 0.467348 0.634686 0.013931 0.010553
0 0.723167 0.383401 0.011595 0.010800
0 0.473550 0.392090 0.014170 0.011776
0 0.851584 0.369934 0.012975 0.009775
0 0.623182 0.323202 0.012280 0.009572
0 0.320505 0.444306 0.012982 0.009162
0 0.574187 0.427557 0.013586 0.010340
0 0.627024 0.511612 0.013285 0.010058
0 0.863708 0.462386 0.011501 0.009309
0 0.682277 0.431149 0.015939 0.011461
0 0.544072 0.508416 0.012814 0.011658
0 0.572619 0.453994 0.016471 0.013024
0 0.751217 0.402415 0.020906 0.016051
0 0.650263 0.670130 0.010187 0.008155
0 0.459586 0.534418 0.012054 0.008269
0 0.714840 0.352652 0.013790 0.009988
0 0.805065 0.328325 0.014390 0.010470
0 0.330296 0.468198 0.011152 0.008831
0 0.822126 0.346056 0.015148 0.012196
0 0.764047 0.552274 0.011921 0.008531
0 0.866015 0.535154 0.010317 0.007595
0 0.518686 0.688778 0.013679 0.011822
0 0.333372 0.527405 0.012490 0.008883
0 0.298156 0.473123 0.014122 0.010192
0 0.432240 0.553984 0.011622 0.009079
0 0.872681 0.320509 0.013227 0.010749
0 0.705935 0.636390 0.009841 0.007716
0 0.740480 0.484629 0.010778 0.009017
0 0.722671 0.290476 0.013889 0.013178
0 0.594246 0.441513 0.015838 0.012354
0 0.739395 0.579966 0.010867 0.008595
0 0.856130 0.350276 0.014427 0.012343
0 0.836701 0.542375 0.009223 0.007500
0 0.884660 0.370122 0.013275 0.009688
0 0.752642 0.680397 0.012069 0.008881
0 0.842457 0.409636 0.011851 0.010099
0 0.801552 0.600256 0.009892 0.007824
0 0.492339 0.467125 0.014846 0.009696
0 0.597757 0.460112 0.014356 0.011314
0 0.489769 0.372264 0.014291 0.011648
0 0.701744 0.291498 0.015903 0.012897
0 0.795643 0.313372 0.014670 0.012670
0 0.855098 0.516597 0.016123 0.009743
0 0.598657 0.618320 0.009659 0.008253
0 0.669089 0.712313 0.017500 0.012396
0 0.571985 0.705558 0.017474 0.016139
0 0.356879 0.337605 0.014836 0.012442
0 0.378895 0.353861 0.012075 0.010492
0 0.636827 0.725006 0.018390 0.014492
0 0.641857 0.686588 0.011197 0.007823
0 0.463445 0.462763 0.014373 0.011272
0 0.485785 0.304244 0.013373 0.011091
0 0.430225 0.502681 0.012279 0.010226
0 0.599975 0.726266 0.023853 0.015946
0 0.795748 0.473071 0.012464 0.009396
0 0.339044 0.408543 0.014412 0.011578
0 0.883083 0.534975 0.012735 0.009376
0 0.755070 0.349245 0.015811 0.013931
0 0.770784 0.567057 0.010045 0.007582
0 0.725600 0.468266 0.014687 0.011518
0 0.639727 0.371707 0.012249 0.010086
0 0.591274 0.242922 0.011761 0.010223
0 0.550237 0.520495 0.014890 0.013370
0 0.763063 0.262343 0.012833 0.011725
0 0.815081 0.635661 0.012720 0.010217
0 0.528646 0.388847 0.013531 0.010826
0 0.531058 0.478574 0.013343 0.010659
0 0.818653 0.483569 0.013973 0.011916
0 0.688287 0.693365 0.011783 0.009401
0 0.411325 0.322918 0.016092 0.012749
0 0.671594 0.308553 0.016824 0.010385
0 0.621551 0.252076 0.013130 0.010867
0 0.774714 0.324571 0.014918 0.011475
0 0.540961 0.402819 0.014098 0.013339
0 0.430752 0.607735 0.013217 0.008755
0 0.460800 0.581732 0.012076 0.009227
0 0.607682 0.529313 0.013902 0.011059
0 0.746958 0.367473 0.013569 0.010509
0 0.588076 0.639665 0.010429 0.008267
0 0.618182 0.674857 0.010981 0.008080
0 0.606025 0.699369 0.014999 0.011030
0 0.893362 0.422478 0.010778 0.008610
0 0.877493 0.453256 0.012433 0.009834
0 0.842648 0.608957 0.011917 0.008416
0 0.698858 0.265086 0.011386 0.010267
0 0.429103 0.437269 0.011559 0.009212