0 0.581202 0.348093 0.015912 0.012661
0 0.329290 0.521156 0.016673 0.012169
0 0.247631 0.399349 0.018170 0.012835
0 0.388857 0.398481 0.016673 0.012559
0 0.550785 0.607988 0.012926 0.010342
0 0.394705 0.323787 0.016697 0.012985
0 0.523000 0.589668 0.017001 0.013468
0 0.306943 0.593235 0.020306 0.015553
0 0.204242 0.447704 0.018682 0.013982
0 0.412629 0.307169 0.015807 0.011583
0 0.637622 0.491382 0.016633 0.012329
0 0.450897 0.335180 0.016371 0.013137
0 0.540742 0.332851 0.013590 0.010768
0 0.587178 0.385027 0.019036 0.014603
0 0.595518 0.559260 0.015929 0.011938
0 0.712070 0.515734 0.015640 0.012958
0 0.493394 0.598135 0.013109 0.010534
0 0.443118 0.562665 0.014690 0.012640
0 0.597784 0.652844 0.016394 0.012182
0 0.359323 0.394514 0.015955 0.012251
0 0.470057 0.543023 0.015961 0.014048
0 0.665611 0.515075 0.016091 0.012640
0 0.114649 0.459477 0.016490 0.011811
0 0.388850 0.295525 0.014450 0.011078
0 0.287647 0.369406 0.018965 0.015558
0 0.695807 0.446051 0.017542 0.010884
0 0.255872 0.437601 0.020676 0.013294
0 0.174342 0.539031 0.014136 0.010740
0 0.243042 0.271794 0.017407 0.014147
0 0.143253 0.572914 0.021686 0.014217
0 0.700919 0.593620 0.016290 0.012392
0 0.322581 0.481321 0.013387 0.009935
0 0.169021 0.602571 0.016148 0.013455
0 0.427951 0.231651 0.016609 0.014859
0 0.544146 0.516447 0.016920 0.013134
0 0.637227 0.660659 0.015857 0.013343
0 0.388828 0.624915 0.013513 0.010158
0 0.118954 0.608629 0.015408 0.012073
0 0.164943 0.559007 0.018413 0.013065
0 0.659901 0.465821 0.014410 0.010459
0 0.510403 0.703373 0.016973 0.013060
0 0.130407 0.545169 0.014460 0.010238
0 0.358607 0.478653 0.017365 0.014388
0 0.262782 0.538262 0.014444 0.011765
0 0.657989 0.424136 0.016520 0.011891
0 0.498307 0.520440 0.015781 0.010749
0 0.459429 0.472744 0.015928 0.012897
0 0.278377 0.791018 0.022536 0.016127
0 0.337496 0.305059 0.014153 0.010229
0 0.159162 0.458616 0.015056 0.011904
0 0.209295 0.362374 0.012260 0.009135
0 0.220406 0.420657 0.017592 0.010825
0 0.649394 0.302522 0.023120 0.014749
0 0.692970 0.294760 0.014474 0.011224
0 0.611418 0.468911 0.012712 0.010434
0 0.188547 0.475621 0.014626 0.010882
0 0.286396 0.248241 0.014309 0.010805
0 0.373800 0.445406 0.011711 0.008747
0 0.277775 0.621102 0.017691 0.011993
0 0.192873 0.319795 0.015552 0.012052
0 0.448946 0.688862 0.012368 0.010434
0 0.160549 0.441816 0.015759 0.011494
0 0.517377 0.365687 0.012799 0.010100
0 0.327653 0.440081 0.015513 0.011736
0 0.075225 0.394316 0.015022 0.012274
0 0.298326 0.442681 0.017777 0.017159
0 0.349346 0.370395 0.011540 0.008422
0 0.252088 0.493972 0.012521 0.009673
0 0.660241 0.578449 0.013209 0.011135
0 0.405799 0.213881 0.019639 0.011542
0 0.661084 0.645079 0.012919 0.010292
0 0.492922 0.564137 0.016075 0.012995
0 0.134039 0.332949 0.026011 0.016390
0 0.487034 0.637561 0.012958 0.010795
0 0.541553 0.276132 0.021067 0.017619
0 0.707225 0.376133 0.016055 0.012761
0 0.497979 0.240679 0.026703 0.019679
0 0.570669 0.273687 0.022280 0.016768
0 0.489096 0.321634 0.021171 0.014936
0 0.262313 0.305289 0.019622 0.013362
0 0.135735 0.382235 0.014216 0.011229
0 0.196845 0.617625 0.017449 0.013337
0 0.102862 0.484128 0.017047 0.012407
0 0.662927 0.548323 0.013960 0.011893
0 0.184259 0.424683 0.012643 0.009811
0 0.298029 0.228573 0.015986 0.011520
0 0.725245 0.457793 0.014658 0.011915
0 0.440503 0.405074 0.023145 0.017716
0 0.478875 0.777823 0.020981 0.017371
0 0.342079 0.660675 0.019849 0.014268
0 0.452195 0.803595 0.020909 0.015740
0 0.637075 0.600152 0.019340 0.013596
0 0.457410 0.507006 0.012474 0.009165
0 0.340927 0.570794 0.020551 0.018786
0 0.411329 0.552352 0.016352 0.013393
0 0.308141 0.284558 0.031464 0.016415
0 0.415969 0.453796 0.015963 0.010205
0 0.058326 0.457230 0.016180 0.011917
0 0.307150 0.757515 0.022236 0.016440
0 0.677145 0.690110 0.013117 0.009975
0 0.791498 0.399197 0.020968 0.014866
0 0.813734 0.407126 0.015654 0.012124
0 0.317712 0.328767 0.025194 0.017954
0 0.694318 0.655263 0.014821 0.011918
0 0.127243 0.515901 0.020021 0.016515
0 0.404173 0.237748 0.012953 0.010919
0 0.490166 0.438867 0.017192 0.016403
0 0.695393 0.713531 0.020171 0.014433
0 0.245627 0.252515 0.016925 0.012933
0 0.474255 0.720535 0.012206 0.009505
0 0.481128 0.282272 0.011517 0.009144
0 0.597266 0.612737 0.013063 0.010720
0 0.360876 0.524985 0.014535 0.012816
0 0.419882 0.736548 0.019392 0.011940
0 0.065505 0.483353 0.018338 0.012906
0 0.482672 0.482903 0.015613 0.013958
0 0.610970 0.582569 0.018291 0.014438
0 0.390479 0.548403 0.016626 0.014438
0 0.627162 0.350379 0.013056 0.009411
0 0.643613 0.325597 0.018407 0.013582
0 0.621682 0.689268 0.017915 0.015937
0 0.499418 0.331667 0.017805 0.013020
0 0.101374 0.354965 0.017444 0.014741
0 0.252984 0.763781 0.022720 0.015605
0 0.177637 0.339840 0.016436 0.011271
0 0.576298 0.526171 0.011145 0.008150
0 0.499268 0.470943 0.013456 0.012313
0 0.332356 0.709639 0.022463 0.017435
0 0.326593 0.416012 0.023223 0.013547
0 0.585763 0.456757 0.021739 0.013297
0 0.519654 0.623360 0.011862 0.010060
0 0.513874 0.436171 0.014451 0.010772
0 0.629532 0.395100 0.021967 0.018321
0 0.523251 0.544304 0.011884 0.008253
0 0.819304 0.502544 0.013539 0.010878
0 0.609333 0.371232 0.016822 0.012436
0 0.750920 0.324031 0.016306 0.011842
0 0.044638 0.435925 0.015414 0.012684
0 0.611381 0.236737 0.018894 0.015489
0 0.243042 0.360406 0.012954 0.009328
0 0.746484 0.462630 0.011675 0.008717
0 0.606064 0.344462 0.013858 0.009744
0 0.433458 0.444079 0.012499 0.010842
0 0.637962 0.253148 0.014322 0.011145
0 0.083971 0.433289 0.013955 0.010549
0 0.267906 0.364712 0.015682 0.011135
0 0.344807 0.788744 0.022565 0.016972
0 0.600484 0.421715 0.013029 0.010599
0 0.279879 0.326729 0.017919 0.011798
0 0.433852 0.647897 0.011765 0.009981
0 0.642117 0.549199 0.016341 0.015637
0 0.731100 0.523908 0.012660 0.010314
0 0.485816 0.741184 0.012799 0.009727
0 0.468856 0.823623 0.023213 0.016538
0 0.457171 0.450788 0.012626 0.009486
0 0.574259 0.457163 0.019891 0.013645
0 0.278905 0.419206 0.013482 0.011369
0 0.748326 0.429126 0.012608 0.010504
0 0.154874 0.532364 0.014212 0.010690
0 0.341318 0.762375 0.020504 0.020036
0 0.519908 0.692496 0.014171 0.011029
0 0.335481 0.350288 0.014991 0.009695
0 0.213091 0.317632 0.012369 0.009720
0 0.561210 0.697120 0.018154 0.014128
0 0.534724 0.221162 0.015495 0.012743
0 0.431219 0.256639 0.011921 0.011221
0 0.519085 0.743432 0.028150 0.017756
0 0.775307 0.473047 0.011494 0.009003
0 0.358304 0.512983 0.013916 0.012853
0 0.384216 0.267794 0.009840 0.008629
0 0.311363 0.550093 0.015020 0.009838
0 0.779168 0.452707 0.010477 0.009076
0 0.111152 0.397333 0.014633 0.011316
0 0.426666 0.331955 0.013775 0.010038
0 0.583343 0.237023 0.014226 0.011552
0 0.471287 0.795721 0.019598 0.013800
0 0.548960 0.379451 0.023377 0.016689
0 0.360906 0.605406 0.011096 0.009590
0 0.451103 0.261138 0.011866 0.009811
0 0.385532 0.736189 0.015125 0.011026
0 0.694756 0.408272 0.017486 0.012076
0 0.606837 0.363179 0.015113 0.016450
0 0.351771 0.333972 0.012981 0.009263
0 0.749701 0.493819 0.015086 0.012037
0 0.711567 0.633133 0.010026 0.008482
0 0.414133 0.497317 0.010176 0.008346
0 0.828443 0.452432 0.018588 0.013092
0 0.619183 0.558584 0.011982 0.009342
0 0.455603 0.587911 0.011737 0.009874
0 0.748463 0.435858 0.010530 0.011340
0 0.745426 0.558981 0.021080 0.012101
0 0.491710 0.679773 0.018117 0.012738
0 0.668204 0.674914 0.013523 0.010902
0 0.735037 0.369960 0.013464 0.012166
0 0.437335 0.459285 0.015796 0.012306
0 0.170855 0.535633 0.018980 0.010668
0 0.753269 0.635086 0.012154 0.010257
0 0.702303 0.737083 0.015896 0.011984
0 0.637649 0.464460 0.012575 0.008096