0 0.431303 0.813029 0.016829 0.012409
0 0.281216 0.836011 0.015360 0.012519
0 0.677770 0.633390 0.014430 0.011537
0 0.365422 0.723959 0.014748 0.011551
0 0.673707 0.571106 0.014640 0.011468
0 0.528962 0.486521 0.016193 0.012677
0 0.385859 0.739521 0.015567 0.011766
0 0.745927 0.703799 0.013238 0.010678
0 0.310036 0.832182 0.018798 0.014732
1 0.337033 0.769737 0.050220 0.032059
0 0.562344 0.841059 0.015612 0.011922
0 0.734230 0.731830 0.014315 0.012032
0 0.634292 0.618345 0.013740 0.011001
0 0.631938 0.570364 0.013092 0.009895
0 0.280904 0.774472 0.016996 0.013410
0 0.464470 0.680298 0.015105 0.011510
0 0.428458 0.861147 0.015472 0.011987
0 0.501069 0.912095 0.016617 0.012181
0 0.859262 0.619801 0.013062 0.010525
0 0.815635 0.560107 0.013706 0.010620
0 0.634128 0.714345 0.014677 0.011639
0 0.669348 0.610410 0.013438 0.010872
0 0.689801 0.600486 0.013294 0.012212
0 0.792165 0.621762 0.013624 0.011183
0 0.780273 0.711756 0.012584 0.009717
0 0.592538 0.711228 0.013611 0.010873
0 0.367276 0.845625 0.016088 0.013506
0 0.562130 0.968116 0.022365 0.018695
0 0.483924 0.935960 0.020754 0.016195
1 0.639450 0.539046 0.049054 0.050315
0 0.794528 0.456603 0.013456 0.011060
0 0.424665 0.931105 0.022366 0.015318
0 0.531582 0.431471 0.015626 0.012750
0 0.241700 0.541391 0.014557 0.011882
0 0.841014 0.803910 0.014901 0.011258
0 0.257000 0.800229 0.021417 0.012919
0 0.714203 0.598899 0.015671 0.013676
0 0.660474 0.654412 0.014139 0.011689
0 0.260556 0.579412 0.014286 0.011616
0 0.281635 0.467149 0.018005 0.014600
0 0.307043 0.788844 0.012809 0.012069
0 0.510369 0.570450 0.014120 0.010436
0 0.679853 0.762734 0.015246 0.012845
0 0.685372 0.539988 0.014188 0.011770
0 0.583582 0.476117 0.022538 0.013410
0 0.744995 0.647333 0.016021 0.012071
0 0.549027 0.723951 0.013957 0.012028
0 0.197706 0.624941 0.014117 0.011754
0 0.586330 0.596072 0.013255 0.010996
0 0.689583 0.783943 0.013155 0.009986
0 0.482196 0.602094 0.013641 0.011674
0 0.791608 0.605246 0.012036 0.009305
0 0.491976 0.435413 0.015348 0.012009
0 0.888465 0.646262 0.012401 0.010651
0 0.874390 0.753204 0.018175 0.012767
0 0.868839 0.525603 0.014219 0.012259
0 0.878763 0.628856 0.012089 0.009440
0 0.553308 0.489374 0.014942 0.011863
0 0.340065 0.795030 0.012650 0.010402
0 0.429176 0.776446 0.014103 0.012027
0 0.624360 0.419473 0.012664 0.011500
0 0.363510 0.679096 0.014780 0.012494
0 0.656556 0.936615 0.017858 0.013436
0 0.846553 0.510468 0.014354 0.011173
0 0.175823 0.679151 0.013102 0.010834
0 0.232928 0.838919 0.013522 0.010781
0 0.614165 0.393287 0.014835 0.014038
0 0.639576 0.673573 0.013836 0.010800
0 0.760691 0.507383 0.011850 0.010330
0 0.749839 0.836937 0.013861 0.009725
0 0.326618 0.638739 0.018824 0.016626
0 0.622961 0.674990 0.014072 0.011829
0 0.551683 0.564715 0.012688 0.010297
0 0.500958 0.531157 0.014413 0.011814
0 0.911008 0.624696 0.013629 0.011510
0 0.563081 0.692006 0.015177 0.012411
1 0.424889 0.410552 0.021545 0.024003
1 0.711495 0.423423 0.044132 0.027691
0 0.581401 0.659668 0.012423 0.011187
0 0.741615 0.435874 0.013779 0.010832