0 0.917018 0.407625 0.016245 0.016281
0 0.824964 0.934673 0.015837 0.015453
0 0.681183 0.403329 0.014485 0.014982
0 0.889634 0.859833 0.016058 0.015927
0 0.857407 0.530646 0.014535 0.014748
0 0.854530 0.234354 0.014218 0.014396
0 0.927110 0.957180 0.016764 0.017012
0 0.717564 0.790658 0.015554 0.016304
0 0.958726 0.319529 0.016546 0.016128
0 0.895990 0.367557 0.016213 0.016022
0 0.767037 0.779935 0.015495 0.016094
0 0.855296 0.723953 0.014486 0.014138
0 0.808156 0.405391 0.017023 0.016685
0 0.556207 0.405981 0.017455 0.016433
0 0.962168 0.382425 0.015694 0.016365
0 0.632240 0.464678 0.014855 0.014928
0 0.658394 0.417250 0.014189 0.013491
0 0.818141 0.903617 0.014605 0.015419
0 0.549145 0.266064 0.015732 0.015963
0 0.677409 0.244779 0.016485 0.016264
0 0.446736 0.436463 0.014588 0.014562
0 0.885612 0.429873 0.014257 0.015226
0 0.691969 0.936619 0.015031 0.014850
0 0.942594 0.905841 0.015523 0.015256
0 0.788772 0.746908 0.018582 0.021188
0 0.768690 0.524123 0.014154 0.014118
0 0.766185 0.602449 0.015645 0.015122
0 0.682842 0.516336 0.016827 0.017024
0 0.828159 0.845042 0.015820 0.015810
0 0.443513 0.795064 0.014003 0.014488
0 0.876367 0.294834 0.014394 0.014528
0 0.614691 0.763205 0.017661 0.016808
0 0.643109 0.267247 0.015392 0.016435
0 0.816075 0.354413 0.013333 0.013371
0 0.731797 0.228630 0.014361 0.015159
1 0.658392 0.610499 0.055591 0.052507
1 0.517646 0.893749 0.053699 0.067145
0 0.349155 0.569945 0.013025 0.012869
1 0.410284 0.838407 0.044140 0.050739
0 0.568124 0.211525 0.015047 0.017662
0 0.809195 0.537084 0.019425 0.018151
0 0.596382 0.302456 0.016797 0.016643
1 0.476503 0.615547 0.045954 0.047385
0 0.707991 0.841813 0.014849 0.015482
0 0.875753 0.906470 0.015645 0.015603
0 0.567422 0.736555 0.014058 0.013979
0 0.450080 0.217511 0.017027 0.017963
0 0.804842 0.567977 0.014014 0.014456
0 0.555651 0.919669 0.014948 0.015486
0 0.936948 0.497110 0.014832 0.014366
0 0.773774 0.846100 0.015257 0.016015
0 0.310071 0.519072 0.014284 0.013977
0 0.548123 0.947316 0.015298 0.015370
0 0.538951 0.437000 0.017145 0.018596
0 0.707646 0.956283 0.015959 0.016428
0 0.370302 0.593737 0.013939 0.014482
0 0.260128 0.468845 0.014105 0.014246
0 0.985341 0.314310 0.016079 0.016981
0 0.747436 0.354673 0.016658 0.017573
0 0.980861 0.339350 0.016713 0.016484
0 0.662473 0.279900 0.015334 0.016242
0 0.623175 0.320067 0.016546 0.018536
0 0.548151 0.294038 0.018884 0.015841
0 0.795566 0.224611 0.014981 0.019089
0 0.826655 0.791580 0.016588 0.018213
0 0.672988 0.362123 0.013869 0.013868
0 0.771726 0.266176 0.017078 0.016419
0 0.458555 0.297376 0.015095 0.016194
0 0.418449 0.954494 0.014858 0.016105
0 0.497030 0.330490 0.014509 0.014687
0 0.667112 0.781722 0.014822 0.015190
0 0.589350 0.363722 0.014662 0.015579
0 0.970622 0.783041 0.015601 0.014678
0 0.511717 0.281993 0.017404 0.018601
0 0.419864 0.753092 0.013979 0.013415
0 0.371092 0.391320 0.014068 0.014982
0 0.901592 0.454832 0.014649 0.015163
0 0.926599 0.309466 0.014485 0.015906
0 0.618009 0.529355 0.016848 0.017882
0 0.289511 0.453825 0.013526 0.013919
0 0.713957 0.737014 0.013682 0.014024
0 0.857234 0.796350 0.015441 0.015578
0 0.991807 0.476806 0.015194 0.015154
0 0.975514 0.940330 0.015872 0.017102
0 0.429109 0.238216 0.015552 0.016202
0 0.684412 0.991826 0.016016 0.014370
0 0.712760 0.347442 0.018852 0.017600
0 0.604480 0.658294 0.015342 0.015732
0 0.916776 0.910324 0.017961 0.018807
0 0.632679 0.905097 0.015110 0.015412
0 0.875828 0.240733 0.012967 0.013362
0 0.636545 0.393724 0.016968 0.015239
0 0.598448 0.418900 0.014158 0.013824
0 0.899821 0.255400 0.021981 0.017340
0 0.409111 0.320627 0.013523 0.018514
0 0.551069 0.704866 0.014441 0.014742
0 0.844315 0.625513 0.014041 0.014480
0 0.710822 0.881972 0.014228 0.015059
0 0.948469 0.609432 0.017078 0.016134
0 0.925635 0.744113 0.013512 0.015571
0 0.266571 0.351483 0.018845 0.016295
0 0.518676 0.346088 0.014121 0.015468
0 0.561257 0.825995 0.013979 0.014711
0 0.820712 0.757644 0.015112 0.014674
0 0.919803 0.714845 0.014709 0.013984
0 0.263982 0.416806 0.013384 0.013930
0 0.859627 0.870206 0.014802 0.014284
0 0.856552 0.650924 0.014197 0.014893
0 0.854718 0.364213 0.014126 0.013107
1 0.356271 0.669070 0.038678 0.040820
0 0.889845 0.597823 0.014202 0.014373
0 0.363164 0.743784 0.012903 0.013006
0 0.743492 0.406056 0.014732 0.014766
0 0.402420 0.647282 0.014658 0.015692
0 0.960125 0.289990 0.015178 0.014043
0 0.738203 0.315468 0.015792 0.016195
0 0.698413 0.468335 0.016391 0.019738
0 0.970029 0.746866 0.014341 0.015184
0 0.879948 0.730013 0.013808 0.013987
0 0.399040 0.423866 0.014829 0.016334
0 0.362465 0.907543 0.012420 0.013124
0 0.661841 0.822942 0.014447 0.014524
0 0.505127 0.415048 0.015535 0.017070
0 0.482689 0.693503 0.018161 0.015769
0 0.561759 0.348911 0.014588 0.015317
0 0.601306 0.224616 0.021886 0.022461
0 0.973678 0.241037 0.014313 0.014720
0 0.212227 0.504069 0.014511 0.014660
0 0.490573 0.540548 0.013744 0.014397
0 0.907043 0.219462 0.014826 0.017918
0 0.882059 0.778615 0.022206 0.015861
0 0.776761 0.656630 0.015741 0.016445
0 0.452812 0.922943 0.012816 0.013158
0 0.768287 0.991278 0.016761 0.015883
0 0.819778 0.596607 0.021514 0.017243
0 0.837067 0.874642 0.017901 0.015484
0 0.655570 0.891940 0.017265 0.017225
0 0.406736 0.480147 0.014666 0.014488
0 0.315737 0.481940 0.015417 0.016961
0 0.950893 0.705624 0.013655 0.014416
0 0.825169 0.734438 0.014977 0.014727
0 0.709284 0.509916 0.016318 0.020369
0 0.416382 0.379656 0.014667 0.016993
0 0.744164 0.578538 0.016207 0.016840
0 0.436885 0.990321 0.014422 0.014478
0 0.285322 0.657849 0.013069 0.012475
0 0.672768 0.442801 0.014703 0.014972
0 0.847967 0.590374 0.015771 0.014468
0 0.786475 0.488530 0.013555 0.014223
0 0.458981 0.373449 0.017255 0.017395
0 0.643529 0.936229 0.015733 0.015718
0 0.856682 0.194077 0.014293 0.015113
0 0.317267 0.578613 0.012663 0.013216
0 0.573867 0.625314 0.016442 0.017048
0 0.749758 0.630848 0.018333 0.015869
0 0.524543 0.496792 0.014767 0.015955
0 0.462332 0.878553 0.012990 0.013097
0 0.917291 0.380606 0.013606 0.012544
0 0.872332 0.488620 0.019502 0.015755
0 0.858085 0.418798 0.012127 0.012774
0 0.985615 0.892679 0.016536 0.015476
0 0.440833 0.857048 0.013787 0.013406
0 0.911343 0.985646 0.017887 0.021866
0 0.821307 0.495263 0.013286 0.013185
0 0.994909 0.241866 0.010182 0.013186
0 0.737076 0.900057 0.016237 0.018135
0 0.398805 0.889558 0.012466 0.014959
0 0.363628 0.429119 0.015120 0.017599
0 0.844505 0.814553 0.015845 0.014993
0 0.902172 0.741234 0.013930 0.013129
0 0.405283 0.989859 0.013854 0.013798
0 0.919432 0.776573 0.017622 0.015744
0 0.578634 0.530581 0.014444 0.014864
0 0.994224 0.771187 0.011387 0.015052
0 0.386805 0.350036 0.013517 0.014912
0 0.984379 0.503030 0.016411 0.014448
0 0.435840 0.336005 0.017417 0.017466
0 0.918484 0.468007 0.016901 0.021740
0 0.959585 0.571505 0.017447 0.017379
0 0.638774 0.706755 0.018334 0.018440
0 0.827711 0.182963 0.013634 0.013772
0 0.714112 0.409021 0.012693 0.013476
0 0.938684 0.872214 0.014008 0.015138
0 0.347619 0.728400 0.013333 0.013301
0 0.947071 0.757247 0.014581 0.014795
0 0.483947 0.437902 0.014006 0.014888
0 0.538884 0.554258 0.019771 0.016070
0 0.237161 0.594957 0.012776 0.014115
0 0.923461 0.542947 0.015749 0.020413
0 0.827001 0.461607 0.016717 0.017383
0 0.754393 0.706776 0.019729 0.025292
0 0.487459 0.471942 0.014686 0.016154
0 0.947188 0.460684 0.014086 0.014976
0 0.807537 0.726586 0.015792 0.014082
0 0.968561 0.888872 0.015942 0.014673
0 0.629274 0.783551 0.017324 0.015557
0 0.460696 0.776249 0.014750 0.015032
0 0.385616 0.475743 0.014222 0.015981
0 0.651537 0.451195 0.014821 0.016996
0 0.616171 0.970196 0.014643 0.018798
0 0.662384 0.865559 0.017849 0.015411
0 0.615700 0.501406 0.015170 0.017176
0 0.386851 0.374996 0.013141 0.014583
0 0.339347 0.704309 0.013262 0.013644
0 0.552891 0.518691 0.015696 0.018240
0 0.414049 0.281441 0.013888 0.018414
0 0.616052 0.849029 0.014099 0.014439
0 0.376639 0.782434 0.012187 0.012723
0 0.992743 0.722274 0.013073 0.015598
0 0.307191 0.363535 0.022992 0.029330
0 0.637879 0.821684 0.015202 0.015330
0 0.769018 0.958389 0.018361 0.017854
0 0.903036 0.544883 0.013722 0.014380
0 0.429918 0.483207 0.013990 0.013993
0 0.932252 0.198670 0.017817 0.016005
0 0.580679 0.458862 0.014773 0.020891
0 0.742281 0.442050 0.014666 0.014689
0 0.685154 0.685780 0.020857 0.017261
0 0.906696 0.635167 0.014266 0.014613
0 0.893946 0.935036 0.015575 0.016698
0 0.473037 0.349922 0.019439 0.017844
0 0.965183 0.274670 0.015305 0.016499
0 0.803917 0.378491 0.013306 0.012675
0 0.315871 0.400427 0.017041 0.016028
0 0.694670 0.972375 0.016101 0.015466
0 0.994913 0.416568 0.009831 0.013070
0 0.766756 0.383660 0.021189 0.017516
0 0.969558 0.683319 0.019039 0.016276
0 0.719021 0.635811 0.016560 0.018042
0 0.732889 0.377720 0.014895 0.013722
0 0.361741 0.838870 0.011276 0.012240
0 0.787767 0.515217 0.013809 0.012867
0 0.548728 0.332785 0.013813 0.014450
0 0.681228 0.758023 0.014152 0.015687
0 0.774173 0.441717 0.014588 0.017842
0 0.632644 0.843603 0.016600 0.015767
0 0.232728 0.710060 0.011508 0.011674
0 0.779578 0.870871 0.016733 0.014986
0 0.576346 0.388388 0.013764 0.013574
0 0.224326 0.559624 0.015171 0.015230
0 0.979633 0.615905 0.014244 0.015009
0 0.337423 0.320719 0.014291 0.020551
0 0.995584 0.601745 0.008831 0.015583
0 0.297413 0.490601 0.013682 0.014624
0 0.506993 0.488111 0.015041 0.015952
0 0.325817 0.759755 0.011058 0.011886
0 0.495464 0.725511 0.014211 0.014450
0 0.636444 0.665417 0.014279 0.016530
0 0.736110 0.927072 0.014553 0.013609
0 0.844048 0.173004 0.013931 0.015323
0 0.435813 0.567587 0.014462 0.014825
0 0.276935 0.563894 0.016148 0.017973
0 0.434018 0.298022 0.014787 0.016955
0 0.711480 0.582514 0.014069 0.018403
0 0.712692 0.431212 0.014485 0.014403
0 0.550813 0.622288 0.013540 0.014422
0 0.926724 0.644874 0.015868 0.015979
0 0.429454 0.690266 0.014053 0.015358
0 0.439161 0.539807 0.014980 0.015117
0 0.330230 0.842105 0.011536 0.011664
0 0.414357 0.547764 0.014768 0.014400
0 0.841082 0.298633 0.017376 0.016769
0 0.974447 0.476439 0.016172 0.014600
0 0.881684 0.187092 0.018496 0.017844
0 0.778817 0.301727 0.014143 0.014124
0 0.882360 0.629451 0.016406 0.016754
0 0.760307 0.385908 0.020333 0.016404
0 0.957527 0.489580 0.017498 0.017151
0 0.712449 0.480537 0.013592 0.013736
0 0.934833 0.587751 0.014924 0.015704
0 0.493998 0.643148 0.014712 0.015788
0 0.543599 0.801228 0.018249 0.016471
0 0.454412 0.552185 0.014621 0.014351
0 0.763561 0.466275 0.017107 0.018081
0 0.821733 0.436863 0.012225 0.012986
0 0.569553 0.319147 0.015128 0.015436
0 0.638870 0.337921 0.014094 0.014207
0 0.579735 0.470099 0.015167 0.020320
0 0.478414 0.825792 0.012451 0.015402
0 0.291627 0.625775 0.012643 0.014070
0 0.798915 0.308873 0.013822 0.013190
0 0.523359 0.767951 0.012831 0.014551
0 0.820964 0.285683 0.014231 0.015726
0 0.267506 0.720113 0.011466 0.011069
0 0.602169 0.581101 0.014869 0.014764
0 0.923445 0.593871 0.015257 0.014065
0 0.510293 0.716152 0.014778 0.016104
0 0.792567 0.277904 0.013600 0.013271
0 0.568296 0.768682 0.012578 0.013343
1 0.194922 0.735583 0.039855 0.051932
1 0.228135 0.754906 0.031401 0.035024
1 0.220285 0.807443 0.037440 0.038647
1 0.266179 0.782080 0.051932 0.055556