0 0.379332 0.516827 0.015853 0.013201
0 0.635443 0.754438 0.033177 0.026820
0 0.238007 0.609049 0.013466 0.012278
0 0.471722 0.527781 0.020585 0.016903
0 0.493606 0.549377 0.023169 0.015408
0 0.606297 0.553925 0.022898 0.014991
0 0.153283 0.714576 0.024825 0.019360
0 0.604646 0.650168 0.019566 0.014548
0 0.370376 0.624652 0.036081 0.022620
0 0.842795 0.753156 0.017250 0.011798
0 0.605191 0.832217 0.026197 0.023258
0 0.267433 0.722440 0.026614 0.018650
0 0.864939 0.693892 0.013482 0.010170
0 0.714797 0.627756 0.011063 0.008930
1 0.094715 0.036141 0.121521 0.067104
0 0.569471 0.757066 0.025836 0.021341
0 0.254762 0.645549 0.014294 0.012066
0 0.215820 0.624775 0.014145 0.011838
0 0.653486 0.875490 0.027136 0.024864
0 0.210322 0.771993 0.020669 0.017633
0 0.711672 0.651629 0.014026 0.012121
0 0.230113 0.744862 0.022253 0.017893
0 0.693912 0.877705 0.024579 0.017221
0 0.188513 0.685573 0.012507 0.009934
0 0.534152 0.535051 0.022180 0.017566
0 0.304961 0.753254 0.019852 0.016749
0 0.308216 0.699004 0.036151 0.014849
0 0.727710 0.839854 0.022673 0.017615
0 0.398128 0.786736 0.034274 0.022562
1 0.744728 0.660822 0.046839 0.040842
0 0.094302 0.035924 0.132072 0.071848
0 0.799460 0.752185 0.014094 0.011754
0 0.539478 0.519673 0.018819 0.018306
0 0.345714 0.600830 0.017638 0.012331
0 0.779962 0.633583 0.016475 0.011284
0 0.379499 0.737089 0.003130 0.000000