1 0.345316 0.683962 0.094971 0.112289
1 0.666362 0.634047 0.049970 0.035991
1 0.602318 0.405801 0.080182 0.042453
1 0.302988 0.545276 0.094660 0.098563
1 0.579653 0.785306 0.073467 0.085877
1 0.604392 0.676745 0.081252 0.094152
1 0.585654 0.464912 0.074424 0.055803
1 0.834359 0.619246 0.048689 0.039984
0 0.280594 0.440517 0.015434 0.011900
0 0.426415 0.474453 0.013216 0.009850
1 0.501526 0.282327 0.055672 0.040539
0 0.444110 0.447896 0.017258 0.012696
0 0.225787 0.413114 0.014045 0.010904
1 0.199315 0.580258 0.085151 0.051870
0 0.295750 0.408859 0.014508 0.010731
1 0.403322 0.626870 0.050828 0.029013
0 0.255392 0.384551 0.017335 0.012914
1 0.678944 0.467722 0.042137 0.035091
0 0.418594 0.441651 0.016554 0.012820
1 0.464006 0.716115 0.042271 0.033326
1 0.192019 0.658475 0.045083 0.033804
1 0.395814 0.548517 0.038441 0.028122
0 0.504800 0.372328 0.012123 0.009012
1 0.202722 0.705371 0.070687 0.041267
1 0.432747 0.330063 0.091057 0.072603
0 0.520067 0.540041 0.016936 0.013854
1 0.592508 0.280432 0.069240 0.053150
0 0.457374 0.498661 0.012085 0.009460
0 0.475758 0.440040 0.015833 0.011600
0 0.398150 0.277902 0.012527 0.010187
0 0.674294 0.342397 0.012649 0.010645
0 0.527549 0.302166 0.011967 0.009335
0 0.729895 0.356961 0.018252 0.014310
1 0.477622 0.768031 0.038831 0.031029
0 0.306647 0.300274 0.012112 0.009898
0 0.483228 0.584404 0.014104 0.012353
1 0.335521 0.434521 0.042090 0.035741
0 0.682137 0.514808 0.014234 0.011325
0 0.530946 0.515709 0.016012 0.013225
1 0.144803 0.387554 0.038170 0.024155
1 0.143610 0.472095 0.031013 0.030417
1 0.351757 0.347744 0.034592 0.032206
1 0.437044 0.405894 0.040556 0.019682
1 0.573025 0.333878 0.040556 0.029522
1 0.552151 0.703801 0.056063 0.046520