0 0.669556 0.708480 0.030235 0.018289
0 0.462618 0.789094 0.030906 0.018195
0 0.455064 0.189322 0.025385 0.015254
0 0.257121 0.732551 0.032376 0.020121
0 0.701331 0.510003 0.027373 0.017598
0 0.181777 0.832647 0.028927 0.017422
0 0.327478 0.057055 0.020713 0.014564
0 0.234945 0.661849 0.042169 0.029025
0 0.429337 0.609075 0.023281 0.015108
0 0.361011 0.728335 0.028739 0.018719
0 0.510760 0.221350 0.021906 0.014509
0 0.689067 0.593739 0.029865 0.018030
0 0.344438 0.164721 0.031480 0.020198
0 0.112320 0.471693 0.028639 0.016845
0 0.478807 0.602140 0.034122 0.020209
0 0.634959 0.179383 0.025528 0.016708
0 0.548505 0.619603 0.034604 0.019006
0 0.589263 0.809994 0.026901 0.016779
0 0.545659 0.247864 0.026228 0.014839
0 0.139690 0.985941 0.027929 0.017945
0 0.750116 0.168075 0.023998 0.015875
0 0.489517 0.358220 0.024426 0.015834
0 0.292719 0.643532 0.047292 0.035571
0 0.838362 0.233660 0.025634 0.018308
0 0.394649 0.844618 0.027110 0.017727
0 0.285542 0.947847 0.032397 0.022838
0 0.416598 0.166338 0.026859 0.015992
0 0.219521 0.849605 0.029295 0.018472
0 0.052920 0.750065 0.025756 0.015229
0 0.108486 0.228084 0.027320 0.017884
1 0.147313 0.699284 0.048927 0.030630
0 0.930170 0.443823 0.025240 0.015469
0 0.607098 0.533129 0.029547 0.016950
0 0.485306 0.450974 0.032540 0.018294
0 0.100831 0.883075 0.030497 0.019715
0 0.529197 0.401751 0.037204 0.020356
0 0.267337 0.917483 0.028549 0.017289
0 0.107486 0.618944 0.029346 0.017293
0 0.406207 0.110676 0.022868 0.014778
0 0.197473 0.631718 0.026723 0.017024
0 0.290363 0.967243 0.031743 0.022322
1 0.572989 0.221673 0.068892 0.045946