0 0.325551 0.324283 0.017121 0.013270
0 0.280628 0.572825 0.016148 0.011910
0 0.164948 0.428585 0.016098 0.012137
0 0.272069 0.486675 0.016855 0.012926
0 0.250747 0.705236 0.019320 0.015808
0 0.159263 0.471863 0.016103 0.012600
0 0.484358 0.291416 0.014870 0.011767
0 0.302390 0.591965 0.015622 0.011705
0 0.296343 0.492417 0.016771 0.012353
0 0.319808 0.520023 0.015284 0.011767
0 0.376481 0.364250 0.014942 0.011670
0 0.245926 0.343074 0.015561 0.012037
1 0.785163 0.490932 0.040439 0.034467
0 0.286868 0.327803 0.020634 0.015213
0 0.450832 0.457409 0.014333 0.011452
0 0.138151 0.515680 0.017498 0.013055
0 0.163155 0.623099 0.015556 0.011754
0 0.124830 0.424607 0.014884 0.013408
0 0.343239 0.701857 0.016487 0.013183
0 0.248284 0.498344 0.017390 0.013811
0 0.272806 0.553758 0.018005 0.012959
0 0.417321 0.520724 0.018841 0.014981
0 0.278881 0.454416 0.015276 0.012069
0 0.417200 0.276639 0.017162 0.013623
0 0.366294 0.785456 0.025253 0.020000
0 0.083479 0.417891 0.018698 0.014129
0 0.410624 0.479788 0.015737 0.011472
0 0.282822 0.347324 0.019745 0.014654
0 0.257309 0.409362 0.015464 0.012444
1 0.491460 0.515338 0.032942 0.027090
0 0.141172 0.409010 0.014822 0.011505
0 0.415488 0.417390 0.015568 0.011787
0 0.440464 0.550543 0.015995 0.012552
0 0.240132 0.426959 0.016820 0.013675
1 0.328609 0.474327 0.032480 0.028373
0 0.183811 0.707314 0.013710 0.010658
0 0.491220 0.454679 0.016612 0.012330
0 0.326183 0.787468 0.020202 0.015226
0 0.223589 0.576915 0.014916 0.011494
0 0.470231 0.390517 0.015725 0.012831
0 0.406973 0.386116 0.021353 0.016506
0 0.293760 0.261364 0.013480 0.011541
0 0.217457 0.666462 0.015630 0.013043
0 0.539302 0.517022 0.017097 0.014111
0 0.540404 0.399166 0.014485 0.011564
0 0.559609 0.292939 0.014266 0.011928
0 0.401173 0.686895 0.014904 0.011836
0 0.590831 0.324927 0.015534 0.012024
0 0.142824 0.583063 0.016037 0.014162
0 0.426429 0.314461 0.018933 0.016245
0 0.437043 0.434147 0.015134 0.012178
0 0.640891 0.362424 0.016523 0.013449
0 0.184927 0.506414 0.014682 0.011795
0 0.229505 0.715230 0.017460 0.013785
0 0.387439 0.655857 0.014628 0.011318
0 0.355752 0.762704 0.019636 0.014443
0 0.247933 0.305554 0.012933 0.010411
0 0.717883 0.455929 0.014615 0.012477
0 0.135143 0.380446 0.014002 0.011641
0 0.493003 0.395266 0.015987 0.015628
0 0.110014 0.538510 0.011671 0.009119