0 0.316211 0.581707 0.017823 0.013659
0 0.594743 0.649047 0.018885 0.013977
0 0.730309 0.718267 0.019173 0.013865
0 0.828915 0.528237 0.019296 0.014473
0 0.412265 0.554906 0.018239 0.013590
0 0.590198 0.511424 0.018832 0.014401
0 0.660009 0.519080 0.017394 0.013131
0 0.818489 0.572115 0.016797 0.013034
0 0.546845 0.673998 0.018267 0.013336
0 0.557967 0.599307 0.018353 0.014312
0 0.578449 0.721100 0.020554 0.015600
0 0.756555 0.437859 0.017946 0.013200
0 0.531936 0.311816 0.017283 0.013356
0 0.625310 0.569663 0.018283 0.014666
0 0.457839 0.699279 0.017721 0.013770
0 0.784703 0.639864 0.018343 0.014380
0 0.752232 0.686636 0.018106 0.013389
0 0.494341 0.499180 0.017514 0.014354
0 0.459143 0.614462 0.017211 0.013358
0 0.650645 0.366277 0.018039 0.014384
0 0.752470 0.635175 0.021226 0.015640
0 0.735459 0.534685 0.019710 0.015172
0 0.416211 0.424132 0.016990 0.012837
0 0.357904 0.511124 0.017648 0.013640
0 0.264353 0.327212 0.017640 0.013321
0 0.503423 0.285607 0.015596 0.013388
0 0.415891 0.369947 0.017474 0.013798
0 0.380450 0.614567 0.015386 0.011686
0 0.340888 0.555875 0.019485 0.013990
0 0.787073 0.509271 0.018262 0.013991
0 0.657617 0.636173 0.017427 0.014930
0 0.202095 0.412005 0.017054 0.013187
0 0.369096 0.306103 0.018254 0.013969
0 0.320104 0.531902 0.016677 0.012340
0 0.662640 0.319182 0.019027 0.015222
0 0.653887 0.564367 0.017078 0.012309
0 0.286372 0.348025 0.015110 0.011613
0 0.862034 0.528804 0.017569 0.013510
0 0.199208 0.463923 0.018342 0.014090
0 0.775948 0.534622 0.018127 0.013589
0 0.241180 0.391923 0.015833 0.013819
0 0.442493 0.489151 0.015962 0.012540
0 0.715444 0.463832 0.018700 0.014315
0 0.785554 0.426889 0.016480 0.012342
0 0.459994 0.446337 0.018696 0.015277
0 0.722861 0.355140 0.018974 0.016646
0 0.322703 0.362101 0.017596 0.015456
0 0.698494 0.512268 0.018748 0.014666
0 0.593063 0.267989 0.014032 0.012552
0 0.434449 0.530202 0.015779 0.012160
0 0.776698 0.407736 0.016052 0.012462
0 0.626733 0.295965 0.015703 0.013390
0 0.633955 0.326960 0.016188 0.013184
0 0.553220 0.474541 0.020712 0.014089
0 0.585711 0.220319 0.016207 0.013105
0 0.466149 0.786717 0.024536 0.019686
0 0.454404 0.417062 0.015681 0.011999
0 0.448576 0.333001 0.018447 0.014675
0 0.339843 0.492317 0.017393 0.013537
0 0.550384 0.704024 0.017630 0.012895
0 0.684958 0.489734 0.018340 0.015032
1 0.306744 0.463989 0.041075 0.032473
0 0.558647 0.765212 0.024428 0.016732
0 0.807129 0.339615 0.016723 0.013608
0 0.406631 0.285757 0.021978 0.013199
0 0.326712 0.655491 0.015342 0.011499
0 0.288440 0.491238 0.017469 0.015114
0 0.319672 0.641012 0.017043 0.013046
0 0.518708 0.354450 0.017963 0.015145
0 0.699795 0.411740 0.016671 0.012922
0 0.621219 0.669514 0.016051 0.012213
0 0.379048 0.683308 0.015182 0.012005
0 0.196812 0.621769 0.016049 0.012419
0 0.527440 0.368230 0.018166 0.012773
0 0.490425 0.761256 0.018144 0.014096
0 0.133985 0.426801 0.017935 0.014504
0 0.731479 0.475155 0.016191 0.013375
0 0.789874 0.308695 0.015510 0.011565
0 0.479974 0.290462 0.014540 0.011738
0 0.543520 0.524682 0.018285 0.013181
1 0.672339 0.424662 0.036259 0.029885
0 0.467026 0.732369 0.015884 0.012092
0 0.468025 0.208030 0.014868 0.012003
0 0.314732 0.269061 0.019496 0.015606
0 0.205113 0.392156 0.014377 0.010887
0 0.297529 0.683774 0.014190 0.010997
0 0.151214 0.377059 0.018222 0.014248
0 0.308246 0.498684 0.015897 0.011059
0 0.525142 0.803102 0.023213 0.016514
0 0.555792 0.265764 0.012723 0.011126
0 0.811958 0.448267 0.014078 0.011277
0 0.659873 0.409356 0.014376 0.013621
0 0.382633 0.378255 0.016109 0.012245
0 0.704720 0.761278 0.018060 0.012594
0 0.642295 0.767952 0.016502 0.012562
0 0.265142 0.749919 0.015284 0.012507
0 0.607146 0.254613 0.012390 0.010719
0 0.368486 0.261339 0.011875 0.010813
0 0.408996 0.311679 0.014560 0.010658
0 0.443488 0.329449 0.019959 0.015519