0 0.645951 0.885289 0.032258 0.022890
0 0.243570 0.684904 0.024145 0.016782
0 0.622679 0.852680 0.023819 0.017767
0 0.444830 0.406573 0.016314 0.012882
0 0.543819 0.403452 0.016547 0.012151
0 0.637638 0.532156 0.022052 0.018031
0 0.845145 0.823250 0.019518 0.014602
0 0.559122 0.471323 0.021273 0.016586
0 0.324107 0.607645 0.023045 0.017916
0 0.362371 0.587552 0.021898 0.016714
0 0.477114 0.667055 0.031266 0.020252
0 0.908082 0.733983 0.028803 0.020778
0 0.625600 0.491620 0.030714 0.019776
0 0.300267 0.560070 0.020458 0.014773
0 0.729621 0.732014 0.025893 0.018516
0 0.788850 0.498714 0.030590 0.019845
0 0.725424 0.680285 0.023853 0.017042
0 0.693191 0.477445 0.023300 0.014401
0 0.538514 0.606283 0.031895 0.015396
0 0.724974 0.544079 0.018841 0.015839
0 0.563028 0.536110 0.025741 0.018217
0 0.553743 0.371833 0.026962 0.015011
1 0.353712 0.436215 0.033445 0.030658