0 0.294034 0.403161 0.015897 0.015509
0 0.573498 0.778995 0.017563 0.018074
0 0.373192 0.874690 0.015945 0.015371
0 0.393759 0.762384 0.017027 0.017186
0 0.344709 0.824044 0.018126 0.018396
0 0.168009 0.459081 0.016929 0.017022
0 0.409727 0.845924 0.015011 0.016142
0 0.246629 0.412781 0.014909 0.014323
0 0.376106 0.927849 0.017513 0.017394
0 0.704931 0.661472 0.017861 0.017279
0 0.417032 0.323835 0.016242 0.016259
0 0.213089 0.492750 0.016899 0.017312
0 0.367348 0.955927 0.018352 0.018128
0 0.722516 0.732050 0.016563 0.017241
0 0.123264 0.526291 0.016167 0.016108
0 0.367551 0.227804 0.014190 0.015048
0 0.325445 0.777176 0.017408 0.018157
0 0.087139 0.572381 0.015569 0.016182
0 0.290578 0.781723 0.015024 0.015718
0 0.794319 0.697159 0.018596 0.018891
0 0.643470 0.355105 0.014928 0.015381
0 0.248096 0.725348 0.016972 0.016227
0 0.431682 0.862804 0.015421 0.015265
0 0.500398 0.393689 0.014014 0.014229
0 0.434203 0.414829 0.015007 0.014466
0 0.336573 0.326522 0.015281 0.015384
0 0.666370 0.972501 0.019235 0.018979
0 0.479203 0.204015 0.014437 0.015233
0 0.156578 0.841973 0.017087 0.017899
0 0.450642 0.302942 0.015633 0.015284
0 0.310410 0.724305 0.017118 0.016198
0 0.404079 0.430539 0.015161 0.015383
0 0.439779 0.812069 0.016503 0.016243
0 0.277985 0.728489 0.016777 0.016605
0 0.257461 0.281083 0.013850 0.015941
0 0.296407 0.660404 0.016848 0.016422
0 0.187021 0.763346 0.016320 0.016915
0 0.735872 0.944388 0.016166 0.016492
0 0.509374 0.321712 0.017538 0.016595
0 0.219420 0.334103 0.015519 0.015567
0 0.159937 0.799409 0.013786 0.013855
0 0.451156 0.209280 0.014089 0.014856
0 0.317910 0.421409 0.016352 0.016568
0 0.374731 0.165626 0.013443 0.014386
0 0.696811 0.759743 0.015552 0.016110
0 0.165804 0.305235 0.014761 0.016260
0 0.580138 0.311915 0.014135 0.013879
0 0.381471 0.250264 0.013744 0.014460
0 0.507664 0.193719 0.013772 0.014915
0 0.315607 0.287863 0.018450 0.015354
0 0.037785 0.804112 0.017159 0.016751
0 0.164080 0.658994 0.014978 0.014853
0 0.707754 0.271279 0.014089 0.014400
0 0.143014 0.436168 0.014110 0.014393
0 0.682028 0.473141 0.014514 0.015595
0 0.211153 0.431957 0.016999 0.018572
1 0.382480 0.645479 0.048318 0.049343
0 0.553810 0.720821 0.017512 0.018349
0 0.207491 0.736415 0.014764 0.014748
0 0.150860 0.884356 0.015223 0.015626
0 0.560754 0.546006 0.015534 0.015754
0 0.037794 0.689093 0.015321 0.016564
0 0.655125 0.554200 0.016572 0.016171
0 0.633486 0.225764 0.014295 0.014167
0 0.192697 0.888561 0.016949 0.017603
0 0.682100 0.402195 0.016036 0.016857
0 0.567938 0.339175 0.014737 0.013796
0 0.430550 0.527674 0.018838 0.016723
0 0.758529 0.703492 0.015973 0.015629
1 0.446607 0.256197 0.054264 0.051199
1 0.619732 0.315870 0.043714 0.046876
0 0.693568 0.844139 0.015903 0.016729
0 0.369321 0.992200 0.016869 0.015381
0 0.372373 0.386658 0.017052 0.015907
0 0.211665 0.862172 0.016496 0.017188
0 0.555411 0.746022 0.017604 0.019203
0 0.481511 0.409939 0.017559 0.015030
0 0.623373 0.477025 0.014970 0.015613
0 0.231293 0.527651 0.015977 0.016144
0 0.629770 0.264577 0.014635 0.014901
0 0.628847 0.390706 0.016503 0.017016
0 0.369908 0.451395 0.014703 0.014629
0 0.499941 0.343883 0.014994 0.013961
0 0.711398 0.930184 0.014905 0.014583
0 0.664343 0.279198 0.012616 0.012732
0 0.738074 0.689733 0.016822 0.016474
0 0.327789 0.906672 0.020160 0.021165
0 0.576853 0.441830 0.016863 0.017771
0 0.540051 0.176173 0.015209 0.015390
0 0.283654 0.849289 0.013625 0.014849
0 0.250122 0.509649 0.016337 0.015673
0 0.298826 0.699119 0.019572 0.023351
0 0.578476 0.575842 0.020604 0.018138
0 0.654943 0.773110 0.024679 0.019327
0 0.718810 0.764154 0.014964 0.014481
0 0.527115 0.369444 0.013831 0.013267
0 0.196524 0.405283 0.017432 0.019531
0 0.027446 0.483797 0.015343 0.016488
0 0.364934 0.487381 0.017115 0.018207
0 0.124012 0.781915 0.014262 0.015875
0 0.531784 0.311573 0.014961 0.015658
0 0.396069 0.282049 0.019358 0.017912
0 0.439424 0.353952 0.016158 0.016291
0 0.120839 0.744454 0.016427 0.015799
0 0.169252 0.551371 0.014980 0.015071
0 0.515491 0.229199 0.013148 0.013011
0 0.648750 0.688679 0.019380 0.021557
0 0.645375 0.518848 0.015695 0.015715
0 0.262018 0.614191 0.016286 0.016378
0 0.423828 0.448127 0.016335 0.017169
0 0.335287 0.240605 0.015660 0.015664
0 0.261479 0.583544 0.016980 0.018110
0 0.319757 0.815083 0.014344 0.014831
0 0.295804 0.484894 0.013924 0.015998
0 0.722120 0.419470 0.017451 0.020736
0 0.771202 0.947002 0.014542 0.014056
1 0.492905 0.473229 0.046864 0.049529
0 0.149445 0.550622 0.014533 0.016125
0 0.405173 0.956844 0.014840 0.015271
0 0.283983 0.879326 0.014449 0.014446
0 0.729613 0.365152 0.015221 0.014377
0 0.527430 0.281689 0.016094 0.015876
0 0.260190 0.814418 0.014468 0.013781
0 0.372393 0.787025 0.024005 0.023867
0 0.507480 0.775700 0.015521 0.016218
0 0.079576 0.829544 0.016930 0.016841
0 0.562854 0.257888 0.012944 0.013809
0 0.705282 0.375295 0.013379 0.013224
0 0.777501 0.911529 0.014300 0.013394
0 0.354010 0.264379 0.015920 0.014853
0 0.129265 0.572056 0.014549 0.014715
0 0.518921 0.649480 0.014845 0.016859
0 0.129130 0.819012 0.015122 0.017411
0 0.151752 0.396862 0.020730 0.021383
0 0.657363 0.331418 0.011698 0.011845
0 0.226289 0.354296 0.013964 0.013702
0 0.687742 0.366998 0.013566 0.014228
0 0.165609 0.349710 0.013937 0.014039
0 0.363681 0.531350 0.024723 0.024591
0 0.794899 0.781160 0.015592 0.015090
0 0.042698 0.628626 0.016427 0.015968
0 0.047593 0.349575 0.014850 0.015082
0 0.801353 0.343455 0.014577 0.015198
0 0.291975 0.565836 0.017998 0.018312
0 0.577803 0.217389 0.016802 0.017173
0 0.523240 0.419336 0.017368 0.016301
0 0.334012 0.548529 0.020512 0.024660
0 0.682130 0.263953 0.014930 0.014063
0 0.447581 0.165134 0.013385 0.014167
0 0.609273 0.508073 0.021229 0.018016
0 0.150667 0.972451 0.014244 0.014911
0 0.549970 0.227799 0.014786 0.015488
0 0.274255 0.359273 0.020000 0.017612
0 0.218655 0.294823 0.014040 0.016585
0 0.214028 0.262071 0.013711 0.016413
0 0.333434 0.400076 0.017902 0.016401
0 0.543821 0.381618 0.015221 0.015444
0 0.653958 0.298954 0.011478 0.012319
0 0.223825 0.556231 0.017816 0.015911
0 0.212978 0.810995 0.014578 0.015077
0 0.704501 0.492968 0.018324 0.015692
0 0.182939 0.373909 0.013207 0.014422
0 0.647704 0.188798 0.013669 0.014838
0 0.448155 0.684833 0.015418 0.015833
0 0.026448 0.572468 0.016529 0.017717
0 0.442502 0.326522 0.013818 0.013819
0 0.199389 0.361956 0.014325 0.014682
0 0.675977 0.491378 0.014159 0.012830
0 0.126880 0.843410 0.014442 0.014947
0 0.781612 0.381515 0.017462 0.016424
0 0.227230 0.896706 0.021414 0.018309
0 0.603762 0.186686 0.016006 0.018415
0 0.269071 0.788554 0.013343 0.013697
0 0.019779 0.779062 0.015174 0.015650
0 0.761656 0.355771 0.011991 0.012708
0 0.088942 0.446168 0.015949 0.016475
0 0.688419 0.556653 0.019478 0.021802
0 0.539632 0.471634 0.014567 0.013944
0 0.317999 0.595231 0.014263 0.015372
0 0.392957 0.357691 0.016377 0.028294
0 0.788955 0.891893 0.013335 0.013771
0 0.214977 0.638060 0.018859 0.016388
0 0.175296 0.628810 0.015454 0.016681
0 0.085638 0.472325 0.016946 0.017532
0 0.414133 0.402834 0.015352 0.013889
0 0.394005 0.134452 0.012435 0.014876
0 0.476721 0.542424 0.017643 0.017900
0 0.123134 0.985296 0.015248 0.016607
0 0.332157 0.650224 0.015923 0.018460
0 0.886134 0.576769 0.017244 0.017357
0 0.076784 0.491479 0.014835 0.014205
0 0.052966 0.880861 0.020252 0.016337
0 0.541879 0.441014 0.015861 0.014670
0 0.324589 0.671933 0.015843 0.016115
0 0.540958 0.672437 0.014261 0.015738
0 0.635727 0.539315 0.015915 0.017434
0 0.367688 0.427101 0.021305 0.016060
0 0.406981 0.743430 0.014456 0.015159
0 0.569763 0.192260 0.014183 0.016112
0 0.520893 0.157455 0.014338 0.018025
0 0.268690 0.355424 0.025022 0.019702
0 0.053794 0.585769 0.015036 0.015450
0 0.419260 0.135124 0.013070 0.014523
0 0.724222 0.236589 0.013803 0.014614
0 0.787709 0.416790 0.014844 0.015529
0 0.524243 0.486241 0.015317 0.016099
0 0.632851 0.449202 0.017522 0.015597
0 0.294963 0.325877 0.015470 0.020191
0 0.546980 0.414085 0.016110 0.014900
0 0.603979 0.652145 0.019721 0.020243
0 0.760170 0.319508 0.015408 0.014367
0 0.274140 0.159273 0.013040 0.015138
0 0.547803 0.532344 0.015560 0.014630
0 0.401375 0.175693 0.012373 0.014717
0 0.161562 0.579486 0.014852 0.017563
0 0.335026 0.160629 0.013071 0.015750
0 0.194016 0.994623 0.015302 0.010754
0 0.233595 0.851318 0.017850 0.019694
0 0.427234 0.176785 0.011422 0.013277
0 0.126781 0.370347 0.013078 0.012609
0 0.644977 0.644520 0.014283 0.015339
0 0.074840 0.301704 0.012632 0.014123
0 0.031693 0.390595 0.014739 0.015479
0 0.568375 0.416748 0.017772 0.016027
0 0.403699 0.577907 0.015827 0.015583
0 0.132062 0.243546 0.011878 0.014504
0 0.104987 0.969775 0.013244 0.015496
0 0.745022 0.275046 0.015055 0.015198
0 0.872266 0.541408 0.014038 0.013605
0 0.263039 0.700497 0.018029 0.019195
0 0.320589 0.977672 0.015335 0.014815
0 0.540649 0.550178 0.015669 0.014319
0 0.349949 0.561937 0.020157 0.017559
0 0.763897 0.293317 0.013583 0.014325
0 0.174155 0.261125 0.014235 0.015865
0 0.620232 0.344992 0.016431 0.013960
0 0.007344 0.457716 0.013552 0.015022
0 0.374835 0.716139 0.015380 0.016486
0 0.298860 0.174201 0.015536 0.017460
0 0.419041 0.714821 0.014298 0.015845
0 0.231576 0.795488 0.018780 0.016701
0 0.465946 0.361970 0.020068 0.024392
0 0.217621 0.759777 0.012627 0.013036
0 0.243165 0.906077 0.015678 0.016356
0 0.390792 0.485619 0.015292 0.018554
0 0.472775 0.172559 0.012312 0.014185
1 0.467240 0.637482 0.039329 0.035476
0 0.823456 0.430004 0.014742 0.014913
0 0.293186 0.313470 0.013666 0.017143
0 0.206505 0.578922 0.019714 0.014794
0 0.665083 0.224119 0.012883 0.013790
0 0.393760 0.501317 0.015952 0.019129
0 0.400055 0.391918 0.015365 0.014146
0 0.722071 0.331114 0.014440 0.015663
0 0.201468 0.325862 0.015198 0.014630
0 0.112937 0.357211 0.015313 0.016621
0 0.443684 0.468136 0.016387 0.016952
0 0.610916 0.402047 0.015180 0.016742
1 0.769169 0.552618 0.045287 0.047910
0 0.613037 0.432287 0.013044 0.013791
0 0.826277 0.562073 0.013927 0.015809
0 0.055154 0.854981 0.023735 0.019662
0 0.461395 0.280665 0.014399 0.014946
0 0.529717 0.245964 0.013723 0.014674
1 0.213145 0.958641 0.086282 0.063957
0 0.815929 0.363291 0.014538 0.016305
0 0.160753 0.485686 0.014506 0.014850
1 0.699151 0.804548 0.032231 0.034813
0 0.237166 0.869671 0.015900 0.020361
0 0.602484 0.355251 0.015232 0.015410
0 0.315777 0.217005 0.018668 0.020499
0 0.735839 0.258257 0.014134 0.014725
0 0.188105 0.276583 0.014112 0.015346
0 0.660400 0.252812 0.014538 0.014686
0 0.727595 0.283389 0.012117 0.011605
0 0.099448 0.598088 0.012735 0.013820
0 0.642065 0.675600 0.017249 0.018504
0 0.101569 0.719639 0.017729 0.017397
0 0.804087 0.607679 0.012658 0.012847
0 0.588381 0.345181 0.012020 0.013250
0 0.047209 0.856288 0.020539 0.019769
0 0.802890 0.308497 0.014518 0.016844
0 0.066722 0.434389 0.016611 0.018150
0 0.432201 0.559701 0.018038 0.020468
0 0.844227 0.371302 0.013724 0.015783
0 0.350220 0.405765 0.015059 0.014091
0 0.177752 0.332187 0.012609 0.012442
0 0.698615 0.230883 0.014893 0.016202
0 0.219855 0.617906 0.014190 0.016064
0 0.750511 0.258387 0.015024 0.017284
0 0.555761 0.276843 0.012813 0.013454
0 0.327103 0.261867 0.015689 0.016176
0 0.470610 0.372400 0.020027 0.018738
0 0.677493 0.330628 0.013148 0.011353
0 0.459792 0.455252 0.015056 0.015187
0 0.399114 0.180211 0.010966 0.021412
0 0.326441 0.153887 0.015223 0.015457
0 0.041843 0.882160 0.016328 0.014288
0 0.629748 0.198771 0.013991 0.016549
0 0.397359 0.189907 0.011982 0.014951
1 0.215454 0.190217 0.051932 0.061594
1 0.452773 0.923913 0.041063 0.045894
1 0.578377 0.949879 0.045894 0.037440
1 0.150161 0.201087 0.053140 0.030193