0 0.763775 0.610547 0.017503 0.013063
0 0.518299 0.456760 0.018789 0.014059
0 0.723496 0.613089 0.018407 0.013480
0 0.576213 0.454160 0.018506 0.014969
0 0.606962 0.747417 0.020440 0.015259
0 0.609082 0.689808 0.016817 0.013938
0 0.764329 0.537662 0.018608 0.013614
0 0.646129 0.621021 0.018026 0.013693
0 0.684168 0.695764 0.016359 0.013036
0 0.834379 0.595761 0.017256 0.013102
0 0.592779 0.578550 0.018328 0.014273
0 0.621089 0.636022 0.018003 0.013253
0 0.491427 0.495769 0.019695 0.015035
0 0.574244 0.675046 0.015828 0.012014
0 0.539660 0.570801 0.019888 0.014501
0 0.921596 0.498430 0.019721 0.014269
0 0.775592 0.669858 0.016404 0.012298
0 0.824874 0.550295 0.016806 0.012546
0 0.738620 0.642310 0.018549 0.014066
0 0.590778 0.544621 0.018781 0.013862
0 0.845880 0.467910 0.018998 0.013993
0 0.511337 0.640841 0.014868 0.011020
0 0.447440 0.585355 0.017827 0.013833
0 0.638137 0.427698 0.019893 0.016120
0 0.497941 0.580655 0.018603 0.013891
0 0.266642 0.648916 0.017448 0.014004
0 0.328392 0.540931 0.018802 0.015608
0 0.481708 0.443125 0.020848 0.018094
0 0.514040 0.418707 0.017308 0.012255
0 0.592515 0.646048 0.016504 0.012551
0 0.863157 0.709797 0.019229 0.014745
0 0.782169 0.443171 0.020243 0.016001
0 0.294861 0.698012 0.020135 0.014533
0 0.336855 0.746731 0.021727 0.015840
0 0.423235 0.389696 0.018500 0.014540
0 0.497267 0.658343 0.015076 0.010982
0 0.313106 0.596830 0.018052 0.013577
0 0.570563 0.635835 0.017111 0.012832
0 0.345750 0.718446 0.016862 0.012036
0 0.946660 0.524122 0.019515 0.015044
0 0.710349 0.747572 0.023393 0.019271
0 0.637782 0.694635 0.015522 0.011410
0 0.593172 0.714095 0.018456 0.013115
0 0.394128 0.790275 0.020927 0.016017
0 0.858078 0.666012 0.017522 0.013722
0 0.304633 0.633976 0.016371 0.010962
0 0.448918 0.622761 0.015585 0.012177
0 0.429603 0.478716 0.016144 0.012046
0 0.392234 0.428937 0.014877 0.012353
0 0.486291 0.530419 0.017682 0.014099
0 0.413256 0.455372 0.015793 0.011320
0 0.424631 0.536802 0.017939 0.013769
0 0.284147 0.608389 0.014578 0.011304
0 0.763044 0.692832 0.021606 0.015123
0 0.413107 0.616409 0.018425 0.013429
0 0.302260 0.561729 0.022438 0.017001
0 0.339918 0.658308 0.017442 0.013957
0 0.822628 0.413164 0.017459 0.013256
0 0.737001 0.379336 0.023553 0.018432
0 0.889641 0.634008 0.021901 0.012743
0 0.810736 0.600719 0.017208 0.012494
0 0.792975 0.615842 0.016516 0.012722
0 0.541581 0.433426 0.015397 0.011753
0 0.447740 0.695804 0.018692 0.014014
0 0.394186 0.554778 0.013962 0.010538
0 0.693176 0.647180 0.018183 0.019307
0 0.431084 0.687506 0.017801 0.013943
0 0.489193 0.626313 0.016213 0.013462
0 0.367689 0.497766 0.014892 0.011361
0 0.324498 0.689437 0.017982 0.013372
0 0.821409 0.726794 0.017188 0.013561
0 0.764550 0.459799 0.018790 0.014485
0 0.555473 0.690427 0.016956 0.012787
0 0.827319 0.756421 0.022000 0.016448
0 0.491698 0.687127 0.014901 0.012265
1 0.249725 0.519597 0.049398 0.042850
0 0.613476 0.599840 0.021824 0.013017
0 0.840471 0.677486 0.016177 0.011337
0 0.335362 0.587091 0.016421 0.012275
0 0.448456 0.485395 0.015628 0.011718
0 0.507420 0.695981 0.016842 0.012498
0 0.889034 0.677183 0.019669 0.016298
0 0.694651 0.402163 0.019768 0.017958
0 0.382411 0.738859 0.017101 0.013101
0 0.792691 0.735969 0.018696 0.014741
0 0.353199 0.683105 0.016135 0.012010
0 0.732718 0.722301 0.017678 0.015587
0 0.249628 0.580666 0.013019 0.010611
0 0.571354 0.561159 0.020368 0.014608
0 0.693325 0.734527 0.015964 0.012549
0 0.922466 0.603658 0.020768 0.012383
0 0.682076 0.779613 0.028120 0.020719
0 0.635321 0.728372 0.019055 0.012423
0 0.896653 0.451192 0.017953 0.013942
0 0.413848 0.510438 0.013708 0.009817
0 0.366563 0.443309 0.015639 0.011841
0 0.949491 0.622674 0.013694 0.010692
0 0.442018 0.565454 0.016172 0.012271
0 0.566177 0.596584 0.013776 0.009811
0 0.614450 0.468756 0.017869 0.015019
0 0.472614 0.560244 0.018471 0.012466
0 0.623459 0.580595 0.017037 0.012261
0 0.419722 0.860546 0.021408 0.016291
0 0.965278 0.583581 0.017500 0.013923
0 0.341279 0.566224 0.014148 0.011249
0 0.405791 0.668451 0.017614 0.014724
0 0.828381 0.655370 0.018437 0.014509
0 0.659947 0.646739 0.019328 0.014171
0 0.909396 0.624558 0.015711 0.011612
0 0.440607 0.421066 0.022594 0.017921
0 0.505180 0.751236 0.024920 0.020911
0 0.578754 0.938268 0.027935 0.020735
0 0.525776 0.919137 0.030280 0.022601
0 0.288866 0.663476 0.017603 0.012960
0 0.314527 0.670669 0.017243 0.012790
0 0.467875 0.408244 0.022944 0.017573
0 0.918386 0.671867 0.016503 0.012253
0 0.621296 0.725879 0.017964 0.012364
0 0.387682 0.576809 0.016963 0.015043
0 0.266018 0.673260 0.015682 0.011412
0 0.352957 0.766314 0.021716 0.015456
0 0.467163 0.809648 0.025797 0.019737
0 0.542207 0.353276 0.018620 0.014889
0 0.346575 0.427505 0.019159 0.016026
0 0.458331 0.543679 0.016511 0.012326
0 0.838205 0.435348 0.023622 0.013450
0 0.307703 0.752291 0.017000 0.012628
0 0.395303 0.503191 0.014344 0.010894
0 0.864008 0.422168 0.018636 0.014640
0 0.349772 0.407491 0.017130 0.013184
0 0.208413 0.623857 0.017340 0.013043
0 0.359783 0.663523 0.015154 0.012029
0 0.808724 0.633725 0.016232 0.011799
0 0.672280 0.762243 0.019980 0.015593
0 0.907185 0.659232 0.018345 0.013465
0 0.815928 0.619654 0.016616 0.011990
0 0.434987 0.638846 0.015277 0.011674
0 0.384744 0.617129 0.016122 0.012573
0 0.383287 0.599501 0.018760 0.015489
0 0.292834 0.535557 0.013446 0.011501
0 0.394859 0.387958 0.014818 0.011770
0 0.659979 0.387984 0.015750 0.017298
0 0.426259 0.432296 0.018169 0.014900
0 0.916120 0.469425 0.021518 0.014228
0 0.920458 0.700727 0.016486 0.011722
0 0.924641 0.758276 0.016635 0.012682
0 0.560221 0.373536 0.014704 0.013824
0 0.500580 0.561159 0.015447 0.011898
0 0.765329 0.641058 0.012701 0.010778
0 0.546855 0.703160 0.016404 0.011570
0 0.828330 0.642325 0.018258 0.016485
0 0.908230 0.470578 0.026672 0.014908
0 0.317408 0.420060 0.018502 0.013265
0 0.292084 0.784964 0.018601 0.014025
0 0.361159 0.514217 0.013662 0.011437
0 0.510155 0.755667 0.024555 0.018031
0 0.756208 0.893564 0.020279 0.013258
0 0.649685 0.353491 0.014920 0.016125
0 0.498873 0.517995 0.017307 0.011866
0 0.324195 0.832978 0.016040 0.011839