0 0.293210 0.618395 0.022652 0.017114
0 0.501849 0.714578 0.024286 0.018659
0 0.229471 0.795825 0.023975 0.019179
0 0.472048 0.608646 0.023239 0.018876
0 0.602431 0.588997 0.027371 0.021291
0 0.192503 0.688980 0.026206 0.019469
0 0.527335 0.808616 0.023583 0.018383
0 0.569384 0.712784 0.023019 0.017986
0 0.671136 0.563447 0.026344 0.021208
0 0.499866 0.414336 0.020809 0.016871
0 0.422952 0.944963 0.025178 0.019184
0 0.313031 0.797262 0.021437 0.016554
0 0.535386 0.885955 0.023236 0.018109
0 0.315789 0.458590 0.022511 0.019389
0 0.663309 0.503579 0.023426 0.017824
0 0.160377 0.629916 0.023988 0.018547
0 0.299376 0.545747 0.019515 0.016254
0 0.292373 0.672284 0.021660 0.018077
0 0.285243 0.791706 0.018669 0.014911
0 0.510971 0.930932 0.025209 0.019451
0 0.768286 0.749333 0.027784 0.020879
0 0.314981 0.864406 0.021895 0.017654
0 0.808424 0.602821 0.025210 0.019065
0 0.583028 0.896340 0.020671 0.017150
0 0.339273 0.646072 0.028297 0.024481
0 0.474496 0.782611 0.018161 0.015146
0 0.580658 0.974041 0.025418 0.020202
0 0.373394 0.857795 0.017489 0.014583
0 0.424663 0.628321 0.025398 0.019269
0 0.397179 0.964601 0.027347 0.026159
0 0.432821 0.852942 0.020237 0.017374
0 0.407057 0.780639 0.021913 0.017433
0 0.439055 0.595961 0.018883 0.015309
0 0.710644 0.926506 0.017330 0.012964
0 0.165029 0.522674 0.020877 0.016452