0 0.643630 0.496574 0.016491 0.013334
0 0.461423 0.596676 0.024958 0.019701
0 0.609476 0.572159 0.023212 0.016936
0 0.312440 0.432414 0.015160 0.011315
0 0.307535 0.548559 0.019980 0.016471
0 0.635898 0.623123 0.023982 0.019701
0 0.681849 0.601694 0.025019 0.019208
0 0.525726 0.332056 0.018744 0.015102
0 0.671686 0.508779 0.016941 0.012488
0 0.319530 0.479462 0.016469 0.013336
0 0.279779 0.560737 0.023992 0.017725
1 0.403603 0.290794 0.067570 0.043929
0 0.311493 0.464894 0.015664 0.012238
0 0.355365 0.561503 0.022499 0.016498
0 0.472758 0.352056 0.016853 0.013032
0 0.360157 0.493619 0.016908 0.013491
0 0.537364 0.567333 0.018367 0.014434
0 0.700662 0.439570 0.016625 0.013049
0 0.614357 0.484675 0.015501 0.012067
0 0.443936 0.391954 0.020282 0.017793
0 0.799241 0.502042 0.018198 0.013771
0 0.281388 0.443246 0.016812 0.013373
0 0.386235 0.547018 0.018781 0.014233
0 0.682630 0.236875 0.015683 0.013758
0 0.828328 0.453928 0.016194 0.012578
0 0.461832 0.626668 0.027672 0.020956
0 0.475014 0.268844 0.018255 0.015053
0 0.645180 0.418215 0.017603 0.014917
0 0.442286 0.539398 0.019911 0.014765
0 0.469731 0.467137 0.014738 0.011602
0 0.829501 0.498709 0.021317 0.014835
0 0.569258 0.599145 0.025917 0.017861
0 0.688608 0.400583 0.019893 0.015846
0 0.427758 0.335369 0.014140 0.011994
0 0.606586 0.402776 0.017413 0.013329
0 0.331399 0.570556 0.019635 0.014900
0 0.230420 0.493969 0.018365 0.012234
0 0.396967 0.509493 0.018387 0.014304
0 0.577763 0.428974 0.013120 0.011016
0 0.342481 0.497996 0.016677 0.014958
0 0.714760 0.576328 0.015615 0.012276
0 0.329326 0.364576 0.017696 0.016522
0 0.632577 0.367922 0.015779 0.013943
0 0.315192 0.470060 0.016029 0.020120
0 0.634787 0.395744 0.014481 0.011326
0 0.712932 0.261651 0.012817 0.011117
0 0.344922 0.528202 0.018193 0.015266
0 0.518595 0.624566 0.028430 0.021128
0 0.248095 0.439599 0.012671 0.009362
0 0.291169 0.486109 0.013741 0.011785
1 0.422950 0.450168 0.047543 0.036318
0 0.682137 0.639103 0.025375 0.017991
0 0.534509 0.215849 0.012229 0.011108
0 0.759096 0.445251 0.014502 0.010574
0 0.494771 0.384646 0.016602 0.013384
0 0.311345 0.311723 0.015486 0.013103
0 0.413433 0.465740 0.017790 0.012096
0 0.698662 0.493413 0.016268 0.013613