1 0.671035 0.334421 0.080243 0.052835
0 0.233643 0.359854 0.017397 0.013880
0 0.481861 0.356788 0.016008 0.011735
0 0.164596 0.471341 0.017658 0.013436
0 0.588940 0.636014 0.014811 0.011453
0 0.274581 0.484717 0.017093 0.012508
0 0.563740 0.302498 0.015675 0.011125
0 0.357545 0.683325 0.013004 0.009856
0 0.674588 0.525483 0.014012 0.010723
0 0.461059 0.292352 0.017782 0.013668
0 0.299103 0.346840 0.015338 0.012372
0 0.619908 0.701368 0.015375 0.011772
0 0.507051 0.803794 0.016487 0.012632
0 0.562345 0.726413 0.016583 0.012881
0 0.503607 0.626608 0.014914 0.012467
0 0.596761 0.739327 0.015189 0.011726
0 0.309098 0.468360 0.015414 0.011942
0 0.452642 0.415977 0.015636 0.012292
0 0.348932 0.423020 0.015134 0.011705
0 0.360441 0.371837 0.018731 0.013658
0 0.364133 0.737956 0.012414 0.010356
0 0.032476 0.432072 0.020444 0.015980
0 0.521401 0.754016 0.015174 0.012038
0 0.407926 0.503145 0.014329 0.012177
0 0.442478 0.445235 0.017218 0.012957
0 0.616180 0.615149 0.011873 0.009836
0 0.234841 0.272635 0.016730 0.013044
0 0.574180 0.539758 0.015267 0.011290
0 0.507442 0.719391 0.015609 0.011303
0 0.475642 0.311707 0.019424 0.013194
0 0.558093 0.467284 0.016339 0.013592
0 0.242387 0.320644 0.017713 0.012471
0 0.140561 0.433955 0.019150 0.016330
0 0.109188 0.417667 0.015951 0.012582
0 0.557770 0.281008 0.015633 0.012711
0 0.144847 0.334547 0.013995 0.011387
0 0.449926 0.693681 0.012323 0.009726
0 0.560280 0.425398 0.014982 0.011103
0 0.182380 0.378610 0.020409 0.015883
0 0.139561 0.513842 0.017923 0.013535
0 0.368831 0.291700 0.019023 0.015035
0 0.383089 0.618426 0.012684 0.010691
0 0.278315 0.363145 0.016023 0.014062
0 0.323731 0.745575 0.014195 0.010999
0 0.210464 0.434304 0.019304 0.014027
0 0.643079 0.493718 0.012255 0.009967
0 0.328002 0.572329 0.012048 0.009466
0 0.497552 0.649544 0.012865 0.010400
0 0.450446 0.391348 0.018647 0.013636
0 0.387447 0.765495 0.016231 0.013176
0 0.612524 0.582908 0.012839 0.010471
0 0.205400 0.394290 0.015993 0.011845
0 0.125351 0.561763 0.013833 0.010705
1 0.233029 0.593207 0.050778 0.039634
0 0.056081 0.609901 0.014551 0.011211
0 0.316501 0.556811 0.011559 0.009849
0 0.440275 0.725155 0.012506 0.009701
0 0.466468 0.731866 0.012829 0.011290
0 0.112317 0.308945 0.016628 0.014406
0 0.435432 0.675597 0.012953 0.010304
0 0.104717 0.672204 0.016182 0.012005
0 0.430195 0.353784 0.017706 0.014797
0 0.314963 0.801581 0.016221 0.012259
0 0.590137 0.265644 0.018462 0.014916
0 0.039648 0.524301 0.013984 0.011260
0 0.598647 0.459861 0.018606 0.012790
0 0.369433 0.488589 0.014162 0.011063
0 0.540376 0.597417 0.016725 0.013862
0 0.084741 0.379190 0.018278 0.013588
0 0.419870 0.318253 0.014731 0.011190
0 0.612074 0.762957 0.016979 0.012665
0 0.289011 0.693359 0.017236 0.012494
0 0.114040 0.359139 0.019387 0.013652
0 0.300431 0.438672 0.018329 0.012027
0 0.526338 0.787306 0.016353 0.014023
0 0.709867 0.483271 0.014620 0.011345
0 0.263800 0.245703 0.018659 0.014678
0 0.630425 0.645701 0.011751 0.009459
0 0.333804 0.464717 0.016310 0.012313
0 0.557052 0.512223 0.014664 0.011433
0 0.282582 0.809102 0.019719 0.015162
0 0.151361 0.359969 0.014476 0.010955
0 0.093511 0.461566 0.012594 0.009987
0 0.692282 0.457796 0.014224 0.011896
0 0.427172 0.745455 0.012822 0.010768
0 0.327000 0.842961 0.022073 0.016267
0 0.395909 0.799556 0.026013 0.016532
0 0.248583 0.425439 0.018098 0.016851
0 0.261937 0.775750 0.015836 0.012961
0 0.468349 0.607526 0.016012 0.010455
0 0.683932 0.690458 0.015427 0.011937
0 0.580337 0.434475 0.017522 0.014054
0 0.493774 0.493244 0.013613 0.010172
0 0.404150 0.724996 0.012497 0.010290
0 0.403253 0.245675 0.020332 0.016805
0 0.702214 0.398443 0.018523 0.013274
0 0.545378 0.351292 0.013699 0.009979
0 0.292742 0.629917 0.011999 0.010088
0 0.066675 0.584114 0.016731 0.010676
0 0.584019 0.385388 0.015758 0.012782
0 0.500327 0.552128 0.013891 0.010218
0 0.091284 0.403245 0.019520 0.014581
0 0.319482 0.309776 0.020295 0.017146
0 0.553233 0.661462 0.013291 0.010178
0 0.239207 0.641590 0.014943 0.012715
0 0.732196 0.605660 0.015218 0.012212
0 0.338848 0.780346 0.016228 0.013979
0 0.342417 0.717598 0.011999 0.009744
0 0.577286 0.805237 0.017061 0.012970
0 0.113535 0.472543 0.013512 0.010353
0 0.074339 0.652075 0.014394 0.011109
0 0.492651 0.391610 0.014855 0.011778
0 0.467625 0.787491 0.014921 0.011718
0 0.536430 0.522998 0.014042 0.011124
0 0.293109 0.507521 0.013587 0.009580
0 0.179527 0.427980 0.014293 0.012192
0 0.035410 0.387847 0.020041 0.017442
0 0.113905 0.500603 0.015151 0.011712
0 0.318948 0.230884 0.014883 0.011359
0 0.336418 0.631657 0.012909 0.012379
0 0.195124 0.530833 0.013973 0.010154
0 0.399610 0.588312 0.015007 0.011993
0 0.685063 0.637972 0.014814 0.012361
0 0.246584 0.559472 0.016071 0.013545
0 0.533347 0.714926 0.013376 0.009316
0 0.677083 0.396152 0.018853 0.014825
0 0.415962 0.443076 0.018625 0.013468
0 0.073534 0.675095 0.013383 0.009782
0 0.418435 0.706400 0.012631 0.010734
0 0.419617 0.460630 0.017964 0.011872
0 0.602209 0.304605 0.012941 0.009661
0 0.432949 0.584779 0.014164 0.011931
0 0.090337 0.563452 0.019223 0.013324
0 0.562316 0.776029 0.019082 0.014368
1 0.598337 0.347690 0.046878 0.036428
0 0.077860 0.533226 0.015614 0.012006
0 0.017265 0.602958 0.011977 0.009515
0 0.497432 0.230068 0.017274 0.012901
0 0.156518 0.787006 0.013543 0.011122
0 0.614718 0.568476 0.011864 0.010009
0 0.368490 0.627900 0.011868 0.009745
0 0.640334 0.299264 0.014757 0.013567
0 0.337046 0.371661 0.015199 0.010658
0 0.473814 0.501342 0.017663 0.014640
1 0.157863 0.695151 0.053724 0.041496
0 0.547115 0.688913 0.014404 0.012851
0 0.734607 0.371583 0.015350 0.012470
0 0.497317 0.779991 0.018576 0.011564
0 0.272849 0.655182 0.019991 0.013471
0 0.206468 0.766716 0.015629 0.013735
1 0.091514 0.746222 0.052706 0.044206
0 0.133623 0.377897 0.014255 0.010277
0 0.349935 0.246587 0.013874 0.010595
0 0.525492 0.447329 0.019570 0.017802
0 0.759725 0.464086 0.020356 0.014231
0 0.469115 0.427263 0.012413 0.008164
0 0.290177 0.540465 0.011044 0.008801
0 0.011337 0.412869 0.015493 0.011501
0 0.202682 0.575769 0.014674 0.011232
0 0.666560 0.545697 0.013894 0.011266
0 0.560905 0.250409 0.016969 0.013614
0 0.332141 0.262796 0.019024 0.013801
0 0.696698 0.498423 0.011811 0.009333
0 0.705965 0.577931 0.015088 0.012390
0 0.283748 0.833431 0.022084 0.015532
0 0.179340 0.610819 0.011161 0.008600
0 0.005938 0.526805 0.011042 0.010909
0 0.480713 0.581742 0.018856 0.014646
0 0.306235 0.678487 0.011731 0.009243
0 0.386054 0.434621 0.017176 0.011205
0 0.194715 0.337762 0.014060 0.010731
0 0.325748 0.693520 0.012668 0.011628
0 0.732665 0.411075 0.017262 0.014395
0 0.552579 0.485763 0.013286 0.010772
0 0.419130 0.790617 0.014727 0.011161
0 0.230866 0.449540 0.017324 0.012072
0 0.183901 0.319729 0.014373 0.011954
0 0.374773 0.348008 0.012996 0.012061
0 0.361835 0.547037 0.011949 0.009477
0 0.597057 0.785526 0.017359 0.015360
0 0.477277 0.527081 0.017799 0.013171
0 0.162755 0.754020 0.021888 0.013457
0 0.460419 0.642611 0.012477 0.010475
0 0.347395 0.551099 0.013635 0.010153
0 0.350908 0.481503 0.015407 0.012771
0 0.209627 0.615613 0.015356 0.012316
0 0.406809 0.546415 0.015948 0.013641
0 0.449166 0.347531 0.014936 0.012049
0 0.719393 0.674749 0.013848 0.010774
0 0.349529 0.302440 0.014104 0.010591
0 0.564860 0.620404 0.010598 0.009327
0 0.401627 0.670880 0.012082 0.009835
0 0.298308 0.652037 0.012082 0.009541
0 0.246095 0.744307 0.018688 0.012669
0 0.702520 0.713339 0.019608 0.013222
0 0.644886 0.513622 0.013118 0.009997
0 0.619826 0.285899 0.015667 0.014543
0 0.352683 0.275239 0.016588 0.012314
0 0.378316 0.575621 0.013338 0.012620
0 0.187819 0.639507 0.017185 0.013881
0 0.438635 0.546366 0.018180 0.014436
0 0.335788 0.518970 0.024668 0.013091
0 0.235663 0.452736 0.016409 0.010353
0 0.589256 0.709689 0.016531 0.010016
0 0.025126 0.632765 0.012466 0.009697
0 0.192127 0.480723 0.013850 0.010461
0 0.304449 0.828874 0.022385 0.014338
0 0.611786 0.661095 0.012477 0.009716
0 0.620145 0.746310 0.013553 0.009660
0 0.161305 0.542497 0.014452 0.012349
0 0.439791 0.509933 0.014546 0.011058
0 0.392739 0.526970 0.013481 0.011265
0 0.379115 0.590560 0.012301 0.010631
0 0.408956 0.277010 0.012078 0.010541
0 0.283757 0.582344 0.010336 0.008671
0 0.298151 0.248703 0.017330 0.013757
0 0.312644 0.402157 0.012937 0.009719
0 0.722434 0.653662 0.013528 0.010222
0 0.506717 0.472056 0.012000 0.009690
0 0.103274 0.545236 0.012293 0.009788
0 0.222626 0.750195 0.012234 0.009261
0 0.293216 0.831416 0.035980 0.015658
0 0.327910 0.509079 0.016755 0.015766
0 0.231221 0.811650 0.018648 0.014140
0 0.696049 0.594264 0.016094 0.012618
0 0.747698 0.574341 0.013508 0.013188
0 0.048808 0.496439 0.014125 0.011738
0 0.495298 0.570074 0.016889 0.013386
0 0.654746 0.702782 0.017634 0.011022
0 0.329001 0.520561 0.016051 0.012089
0 0.601220 0.507531 0.012402 0.009747
0 0.734808 0.506737 0.013256 0.011571
0 0.231750 0.625636 0.016130 0.014453
0 0.756176 0.508780 0.011057 0.009196
0 0.233165 0.515885 0.011851 0.009985
0 0.111223 0.587587 0.017219 0.009085
0 0.531972 0.371771 0.012083 0.009537
1 0.196519 0.294406 0.050410 0.037807