0 0.319844 0.637771 0.015920 0.015950
0 0.274274 0.605868 0.014883 0.014490
0 0.468554 0.725654 0.017683 0.017138
0 0.324294 0.452836 0.015400 0.015052
0 0.749408 0.564871 0.016653 0.016861
0 0.611557 0.572498 0.017640 0.016776
0 0.392898 0.425320 0.015537 0.015000
0 0.087484 0.519376 0.014033 0.014203
0 0.592415 0.614700 0.017507 0.017067
0 0.471387 0.883044 0.017450 0.017293
0 0.542964 0.808552 0.018074 0.019102
0 0.486996 0.628699 0.016182 0.016676
0 0.164353 0.616538 0.014378 0.014673
0 0.667397 0.301139 0.014820 0.015117
0 0.815544 0.440051 0.017990 0.018158
0 0.140752 0.648387 0.014815 0.014344
0 0.587196 0.544550 0.016401 0.015731
0 0.403193 0.360250 0.020805 0.017130
0 0.677240 0.483129 0.016480 0.016574
0 0.617094 0.838559 0.017542 0.016910
0 0.162138 0.446312 0.013190 0.013858
0 0.735680 0.806670 0.019147 0.018250
0 0.779436 0.514278 0.016467 0.016694
0 0.453572 0.813992 0.019985 0.019305
0 0.289356 0.701132 0.015306 0.015439
0 0.345498 0.764058 0.016736 0.016689
0 0.244517 0.694350 0.014210 0.014482
0 0.716522 0.581717 0.016110 0.015915
0 0.200142 0.584190 0.015461 0.015710
0 0.219239 0.316949 0.014039 0.015363
0 0.454243 0.769607 0.016719 0.017552
0 0.719505 0.688933 0.018104 0.019098
0 0.653193 0.458873 0.015955 0.015095
0 0.154633 0.485952 0.014321 0.014420
0 0.106355 0.948469 0.012984 0.013227
0 0.217633 0.512699 0.013378 0.013150
0 0.553673 0.963341 0.019302 0.021054
0 0.622209 0.487015 0.015666 0.015676
0 0.669859 0.391114 0.015606 0.015460
0 0.281708 0.497112 0.014467 0.014795
0 0.197552 0.821930 0.014327 0.013538
0 0.323279 0.768370 0.017292 0.017623
0 0.310431 0.255439 0.013227 0.013448
0 0.260539 0.366730 0.013895 0.014429
0 0.133677 0.461356 0.013658 0.013198
0 0.119355 0.753713 0.014529 0.014103
0 0.298294 0.510570 0.014559 0.014372
0 0.263415 0.673366 0.014712 0.015574
0 0.271536 0.804127 0.014860 0.013384
1 0.408564 0.667769 0.047621 0.058105
0 0.244529 0.425301 0.014431 0.015378
0 0.459825 0.627420 0.014956 0.014526
0 0.424907 0.919978 0.016923 0.017682
0 0.284204 0.270175 0.013776 0.014620
0 0.688036 0.572575 0.017308 0.018185
0 0.714149 0.782664 0.017779 0.017799
0 0.655501 0.830242 0.016432 0.016562
0 0.858286 0.403870 0.017900 0.017942
1 0.532993 0.613830 0.041110 0.044573
0 0.614390 0.322482 0.017503 0.016831
0 0.651661 0.728393 0.016756 0.017554
0 0.423988 0.611069 0.015048 0.014550
0 0.299811 0.826123 0.014754 0.015435
0 0.378176 0.817648 0.016343 0.016513
0 0.492041 0.800521 0.018893 0.020383
0 0.299040 0.965449 0.015096 0.015404
0 0.274782 0.394729 0.013364 0.013285
0 0.594978 0.985846 0.016698 0.017767
0 0.481417 0.406674 0.016814 0.018943
0 0.516882 0.655788 0.015312 0.014909
0 0.518336 0.408096 0.014562 0.014648
1 0.148931 0.854500 0.041854 0.041426
0 0.268192 0.578940 0.014045 0.013923
0 0.537275 0.471630 0.015890 0.016663
0 0.787173 0.418854 0.014428 0.015415
0 0.400355 0.292530 0.018851 0.017425
0 0.197861 0.469187 0.017486 0.014964
0 0.882782 0.751477 0.016841 0.017495
0 0.438205 0.258507 0.013184 0.014901
0 0.353418 0.388488 0.014720 0.013201
0 0.360674 0.952673 0.019575 0.018442
0 0.379912 0.542834 0.013017 0.013225
0 0.375957 0.332655 0.013720 0.013715
0 0.479169 0.538451 0.017356 0.017024
0 0.488137 0.445511 0.015213 0.014580
0 0.909938 0.876875 0.018260 0.017981
0 0.099044 0.807453 0.012400 0.012545
0 0.607122 0.353543 0.014977 0.015242
0 0.765297 0.589688 0.014843 0.014586
0 0.254987 0.487033 0.013631 0.013625
0 0.441040 0.470660 0.015507 0.015778
0 0.592921 0.515117 0.015296 0.014897
0 0.351836 0.542295 0.013801 0.013176
0 0.480759 0.703255 0.017185 0.017489
0 0.661529 0.907627 0.015897 0.016493
0 0.249301 0.622018 0.015468 0.015507
0 0.454646 0.681961 0.018997 0.016718
0 0.416172 0.502185 0.014733 0.014163
0 0.792056 0.559739 0.015750 0.015490
0 0.841631 0.646994 0.016764 0.016697
0 0.410715 0.953776 0.015465 0.015773
0 0.372893 0.367999 0.012945 0.013314
0 0.599733 0.590907 0.015909 0.014151
0 0.537365 0.684392 0.014098 0.014768
0 0.605258 0.899775 0.016404 0.017089
0 0.515654 0.716660 0.020237 0.026507
0 0.151066 0.701112 0.014180 0.015092
0 0.650129 0.865429 0.016565 0.017100
0 0.243555 0.858949 0.017167 0.013631
0 0.691966 0.861260 0.016876 0.017933
0 0.660252 0.365160 0.019608 0.019379
0 0.073687 0.617331 0.013446 0.013548
0 0.649397 0.686793 0.015809 0.016184
0 0.356509 0.271115 0.015217 0.013433
0 0.201726 0.770122 0.014841 0.015057
0 0.323430 0.674721 0.015113 0.015696
0 0.382627 0.400339 0.012786 0.013678
0 0.811488 0.535628 0.016013 0.016656
0 0.498011 0.468702 0.017157 0.016240
0 0.067539 0.534742 0.015052 0.013313
0 0.376503 0.772829 0.016791 0.017128
0 0.493645 0.962760 0.017575 0.016628
0 0.081625 0.764814 0.013210 0.013267
0 0.380771 0.569499 0.013553 0.014449
0 0.793384 0.376463 0.019910 0.022403
0 0.497799 0.235042 0.014233 0.017398
0 0.727074 0.485458 0.016842 0.016877
0 0.237923 0.331889 0.013032 0.013908
0 0.184304 0.722954 0.016769 0.017325
0 0.158184 0.371100 0.013439 0.014325
0 0.576589 0.372979 0.015207 0.015481
0 0.627182 0.726953 0.018205 0.018186
0 0.129286 0.721746 0.013691 0.012854
0 0.864734 0.877692 0.017325 0.017818
0 0.111077 0.398542 0.015355 0.016190
0 0.248502 0.810391 0.015881 0.016125
0 0.674953 0.875817 0.017380 0.016886
0 0.228130 0.895630 0.013384 0.013007
0 0.256238 0.743713 0.013241 0.014090
0 0.682198 0.346508 0.014844 0.015343
0 0.084124 0.478554 0.015005 0.015362
0 0.532967 0.230413 0.013952 0.015925
0 0.693550 0.791379 0.016469 0.017123
1 0.348971 0.876446 0.054634 0.052517
0 0.110723 0.780677 0.018383 0.014700
0 0.066524 0.834466 0.013054 0.014109
0 0.058016 0.934670 0.013111 0.013253
0 0.734854 0.437006 0.017979 0.020672
0 0.409178 0.445422 0.014189 0.014752
0 0.177855 0.532752 0.015255 0.014923
0 0.732327 0.611006 0.018046 0.017762
0 0.333525 0.401050 0.014210 0.018277
0 0.298862 0.341994 0.016393 0.016741
0 0.637522 0.257422 0.015766 0.016515
0 0.119044 0.871661 0.013575 0.013095
0 0.241590 0.769021 0.015739 0.016521
0 0.189992 0.751644 0.016463 0.016435
0 0.798584 0.329070 0.014393 0.014745
0 0.607534 0.287005 0.016424 0.020032
0 0.386262 0.607413 0.013695 0.014023
0 0.712349 0.627322 0.017617 0.016855
0 0.132628 0.551013 0.013295 0.014214
0 0.313538 0.555084 0.015165 0.015215
0 0.444798 0.400307 0.014125 0.016737
0 0.143632 0.880326 0.014565 0.013649
0 0.085224 0.906916 0.013895 0.015722
1 0.937423 0.939375 0.088838 0.067645
0 0.494388 0.939617 0.019584 0.017905
1 0.364240 0.239681 0.051277 0.051568
0 0.892288 0.578560 0.016963 0.016771
0 0.262515 0.847135 0.013840 0.013689
0 0.576639 0.310814 0.013590 0.013584
0 0.233456 0.757005 0.015650 0.017702
0 0.030701 0.777293 0.012695 0.015571
0 0.241962 0.538112 0.013204 0.012234
0 0.435748 0.445825 0.013399 0.013877
0 0.344364 0.510142 0.017823 0.016595
0 0.340632 0.583921 0.016152 0.015332
0 0.331279 0.524537 0.018415 0.015518
0 0.879550 0.968172 0.017252 0.016595
0 0.326632 0.342203 0.016991 0.019208
0 0.863014 0.834789 0.017388 0.018904
0 0.208737 0.923802 0.017655 0.017589
0 0.125061 0.803303 0.012601 0.011931
0 0.274518 0.543623 0.014843 0.014859
0 0.608898 0.683233 0.015832 0.015535
0 0.704493 0.294171 0.012578 0.013864
0 0.050899 0.656297 0.013594 0.012870
0 0.135253 0.901110 0.012824 0.013426
0 0.383264 0.491404 0.017766 0.017045
0 0.514586 0.797886 0.015910 0.017115
0 0.042019 0.591573 0.016802 0.015416
0 0.083508 0.576964 0.016258 0.014534
0 0.294409 0.585075 0.016099 0.014178
0 0.194352 0.374573 0.014109 0.020266
0 0.236355 0.940715 0.014462 0.015396
0 0.231776 0.564275 0.014114 0.014830
0 0.103882 0.501600 0.015812 0.018602
0 0.279467 0.419467 0.013600 0.013145
0 0.144555 0.351673 0.013755 0.016817
0 0.285972 0.464864 0.014837 0.018380
0 0.580605 0.461200 0.020162 0.019998
0 0.465222 0.515186 0.016171 0.014992
0 0.762816 0.855103 0.024544 0.022222
0 0.607951 0.649263 0.023736 0.019506
0 0.407392 0.469550 0.013535 0.018625
0 0.527706 0.490094 0.017078 0.017602
0 0.512649 0.943246 0.016755 0.015721
0 0.648822 0.281333 0.014569 0.015547
0 0.110810 0.585746 0.014391 0.015118
0 0.321427 0.731746 0.018339 0.021594
0 0.725530 0.376205 0.021959 0.024254
0 0.790336 0.684506 0.016687 0.018791
0 0.574537 0.354565 0.015681 0.016581
0 0.823194 0.593279 0.018184 0.017199
0 0.063441 0.880717 0.011607 0.012778
0 0.030518 0.625933 0.014665 0.014026
0 0.013764 0.695694 0.016664 0.019987
0 0.809352 0.697376 0.019614 0.022294
0 0.528133 0.427818 0.016104 0.014319
0 0.287113 0.307878 0.012633 0.014493
0 0.536728 0.341188 0.019620 0.015998
0 0.159304 0.397505 0.012631 0.013697
0 0.478303 0.205322 0.014520 0.016597
0 0.606951 0.261208 0.012915 0.014729
0 0.579098 0.233913 0.015681 0.014901
0 0.243685 0.516007 0.013673 0.012772
0 0.748752 0.342284 0.016164 0.016545
0 0.734512 0.463313 0.018634 0.021121
0 0.252880 0.899140 0.016155 0.013699
0 0.246367 0.604978 0.014525 0.017970
0 0.453862 0.296279 0.017048 0.015709
0 0.446250 0.215557 0.014023 0.015914
0 0.130012 0.425315 0.014079 0.013329
0 0.709924 0.423066 0.020385 0.023718
0 0.939472 0.707694 0.017115 0.017407
0 0.235454 0.569895 0.015039 0.016888
0 0.632472 0.221280 0.014800 0.016534
0 0.678785 0.935372 0.016512 0.016587
0 0.450304 0.551346 0.013482 0.015065
0 0.170284 0.985680 0.012882 0.015467
0 0.729420 0.898691 0.018330 0.017609
0 0.793949 0.284510 0.014811 0.017294
0 0.461044 0.485650 0.016608 0.015968
0 0.238611 0.764080 0.017530 0.021524
0 0.539887 0.877451 0.019947 0.020669
0 0.125315 0.619187 0.017545 0.016059
0 0.154983 0.821049 0.016667 0.013318
0 0.759564 0.306654 0.018472 0.019885
0 0.194751 0.364761 0.013562 0.017622
0 0.560143 0.284714 0.016448 0.019685
0 0.918111 0.797864 0.016039 0.017054
0 0.460737 0.345457 0.013984 0.013930
0 0.036511 0.688554 0.012665 0.016289
0 0.440585 0.282979 0.016857 0.018184
0 0.036661 0.740889 0.011704 0.015868
0 0.193480 0.419613 0.013616 0.014131
0 0.261839 0.511842 0.014125 0.013594
0 0.518818 0.297148 0.025838 0.023000
0 0.466066 0.448286 0.014822 0.013602
0 0.943632 0.835035 0.019156 0.018476
0 0.300652 0.889948 0.016826 0.018707
0 0.468476 0.477295 0.014971 0.016361
0 0.059191 0.511904 0.012129 0.012819
0 0.282150 0.940442 0.011522 0.012540
0 0.867436 0.467415 0.018626 0.019345
0 0.108492 0.713690 0.011653 0.013072
0 0.837287 0.565604 0.017395 0.017016
0 0.118970 0.534280 0.014377 0.016124
0 0.609724 0.800832 0.016934 0.018497
0 0.499490 0.583801 0.023858 0.025974
0 0.236067 0.465103 0.016624 0.017359
0 0.047809 0.494021 0.017214 0.018452
0 0.003883 0.619684 0.007766 0.014080
0 0.363949 0.301260 0.014802 0.013720
0 0.181043 0.866852 0.014278 0.017523
0 0.563396 0.409493 0.016479 0.016775
0 0.329140 0.718629 0.018159 0.020407
0 0.931125 0.571736 0.021929 0.019171
0 0.029241 0.525581 0.014585 0.016670
0 0.534687 0.899149 0.017381 0.019609
0 0.393322 0.828952 0.016235 0.016567
0 0.833759 0.838619 0.015933 0.017519
0 0.205339 0.666607 0.013453 0.015351
0 0.057718 0.635723 0.014097 0.014267
0 0.602053 0.646125 0.019718 0.017763
0 0.162919 0.558793 0.014457 0.013360
0 0.326813 0.594076 0.016395 0.014624
0 0.889299 0.380508 0.013764 0.015310
0 0.208759 0.848729 0.011846 0.011873
1 0.358849 0.986664 0.088126 0.025455
0 0.003956 0.755192 0.007911 0.012746
0 0.244878 0.398604 0.014521 0.015175
0 0.533287 0.478735 0.020595 0.028687
0 0.978606 0.633573 0.018810 0.017634
0 0.186774 0.558892 0.017321 0.016111
0 0.861450 0.790839 0.014484 0.015649
0 0.456067 0.425583 0.014994 0.013938
0 0.124360 0.989011 0.014425 0.013937
0 0.162598 0.337127 0.017807 0.017067
0 0.625646 0.979586 0.020446 0.027001
0 0.099545 0.841006 0.014199 0.012747
0 0.119065 0.621224 0.016565 0.014954
0 0.720538 0.247760 0.021112 0.017322