0 0.731476 0.677345 0.018209 0.017976
0 0.639016 0.898631 0.017938 0.017406
0 0.699993 0.879782 0.016718 0.017106
0 0.765525 0.940129 0.017749 0.017671
0 0.202236 0.517806 0.018358 0.019118
0 0.302237 0.765675 0.018346 0.018598
0 0.412167 0.948254 0.020763 0.021987
0 0.693635 0.754893 0.017060 0.016952
0 0.767735 0.806574 0.016507 0.016992
1 0.041295 0.518343 0.053557 0.072167
0 0.197544 0.578088 0.017020 0.017970
0 0.485257 0.266177 0.018962 0.020326
0 0.780823 0.562707 0.017871 0.017097
0 0.082509 0.615901 0.017106 0.017767
0 0.383558 0.644458 0.021564 0.023379
0 0.541281 0.276997 0.020447 0.021246
0 0.205612 0.768235 0.017515 0.017311
1 0.477262 0.531068 0.047565 0.047243
0 0.531707 0.477318 0.019866 0.020090
0 0.415472 0.487004 0.020421 0.020893
0 0.113055 0.577998 0.017927 0.017047
0 0.502062 0.628872 0.020474 0.020454
0 0.431197 0.449423 0.019927 0.020501
0 0.429724 0.637898 0.019869 0.019443
0 0.809409 0.626669 0.022480 0.019372
0 0.442955 0.667616 0.019803 0.020420
0 0.392434 0.552807 0.019658 0.020552
0 0.491527 0.325884 0.020337 0.020970
0 0.198955 0.728963 0.016282 0.016867
0 0.532405 0.246552 0.019461 0.019083
0 0.158246 0.362653 0.018548 0.019606
0 0.405526 0.611380 0.017050 0.017402
0 0.156197 0.524616 0.017918 0.021131
0 0.598155 0.696773 0.018612 0.019787
0 0.339980 0.858178 0.018404 0.018670
0 0.776621 0.471621 0.019605 0.020655
0 0.774843 0.365251 0.019986 0.021034
0 0.531393 0.385568 0.019587 0.020347
0 0.788057 0.670506 0.017011 0.018503
0 0.500274 0.731619 0.017350 0.017237
0 0.199383 0.819027 0.015662 0.016047
0 0.714794 0.578158 0.017345 0.018078
0 0.675336 0.478804 0.021444 0.020866
0 0.753730 0.236342 0.020608 0.020243
0 0.575902 0.240569 0.034321 0.029403
0 0.563625 0.195425 0.016709 0.017392
0 0.193006 0.410007 0.015932 0.017306
0 0.451944 0.191144 0.016321 0.016777
0 0.145099 0.963623 0.015411 0.015866
0 0.349034 0.877342 0.018235 0.019211
0 0.775902 0.332412 0.018632 0.018867
0 0.427412 0.835482 0.020317 0.019694
0 0.253716 0.792758 0.019053 0.019087
0 0.667233 0.807184 0.015507 0.016570
0 0.209716 0.644570 0.016054 0.017059
0 0.900257 0.664627 0.016840 0.018531
0 0.584419 0.890467 0.020432 0.017755
0 0.281815 0.668228 0.018057 0.018152
0 0.203145 0.676332 0.018401 0.019632
0 0.102740 0.554672 0.018749 0.019245
0 0.125172 0.442983 0.018632 0.017856
0 0.393070 0.224091 0.016421 0.016950
0 0.309766 0.476035 0.020248 0.021773
0 0.246774 0.964970 0.020315 0.018036
0 0.237269 0.597319 0.016474 0.017540
0 0.380263 0.829568 0.017092 0.017842
0 0.286172 0.628784 0.018468 0.018723
0 0.707885 0.443154 0.018916 0.018687
0 0.667772 0.630703 0.018303 0.017491
0 0.695317 0.994104 0.016129 0.011791
0 0.667994 0.919997 0.017015 0.017898
0 0.558795 0.495540 0.017999 0.018574
0 0.449554 0.388967 0.021385 0.025304
0 0.294695 0.579633 0.020105 0.021146
0 0.542371 0.443971 0.021326 0.021176
0 0.257523 0.641610 0.015154 0.016594
0 0.842254 0.545870 0.019235 0.018845
0 0.004321 0.758431 0.008642 0.015581
0 0.471313 0.776693 0.017683 0.017329
0 0.594683 0.610633 0.020586 0.025092
0 0.540786 0.134857 0.026837 0.027578
0 0.120272 0.392515 0.015617 0.015268
0 0.465901 0.288234 0.017923 0.017867
0 0.366376 0.574985 0.018447 0.018211
0 0.216225 0.429472 0.018903 0.017224
0 0.156588 0.759288 0.016749 0.016871
0 0.148038 0.908573 0.015292 0.016334
0 0.446907 0.311146 0.017796 0.018093
0 0.558105 0.661559 0.019970 0.022548
0 0.651763 0.567899 0.019350 0.017600
0 0.232519 0.447062 0.018231 0.017891
1 0.304411 0.366927 0.075669 0.082746
0 0.905107 0.722296 0.014921 0.015501
0 0.254414 0.390160 0.019469 0.020011
0 0.666469 0.705209 0.017175 0.018923
0 0.344139 0.576786 0.018478 0.018413
0 0.504136 0.131225 0.014481 0.017363
0 0.504072 0.398249 0.017216 0.018640
0 0.782296 0.890838 0.016553 0.016434
0 0.268260 0.936465 0.016782 0.017417
0 0.356316 0.263338 0.020025 0.021034
0 0.010505 0.789163 0.014962 0.015383
0 0.087328 0.455676 0.016060 0.016709