0 0.393905 0.512639 0.016103 0.012313
0 0.463341 0.592482 0.017428 0.012658
0 0.379136 0.815495 0.018878 0.013652
0 0.408950 0.558675 0.016517 0.013024
0 0.724515 0.534374 0.017575 0.014316
0 0.400324 0.793169 0.016992 0.013035
0 0.491558 0.512545 0.015344 0.011488
0 0.344834 0.824143 0.017398 0.012474
0 0.763317 0.514973 0.018830 0.013881
0 0.484391 0.871391 0.020933 0.016323
0 0.761176 0.552168 0.019154 0.014228
0 0.542872 0.716001 0.017205 0.013765
0 0.553960 0.533558 0.016048 0.012221
0 0.441400 0.732449 0.017065 0.013314
0 0.682172 0.514480 0.016186 0.012337
0 0.515339 0.928638 0.024371 0.017832
0 0.260373 0.700477 0.014964 0.011669
0 0.827582 0.548285 0.021234 0.016659
0 0.414614 0.719118 0.015778 0.011778
0 0.636253 0.422317 0.015228 0.012041
0 0.513862 0.540689 0.015571 0.012097
0 0.326432 0.788659 0.015642 0.012055
0 0.572097 0.649920 0.016662 0.012178
0 0.521723 0.651900 0.017155 0.012630
0 0.343902 0.712654 0.016382 0.012195
0 0.530420 0.580446 0.014560 0.011117
0 0.693611 0.579794 0.017717 0.013887
0 0.521202 0.879887 0.025059 0.017992
0 0.872413 0.803780 0.022399 0.017087
0 0.910052 0.597262 0.019146 0.014949
0 0.571754 0.686402 0.019769 0.014871
0 0.484915 0.703738 0.016267 0.012610
0 0.757264 0.483132 0.018374 0.014224
0 0.497771 0.560969 0.016132 0.011791
0 0.700606 0.470335 0.015522 0.011022
0 0.265363 0.631705 0.014573 0.011214
0 0.629387 0.490884 0.017398 0.012910
0 0.700528 0.764406 0.024490 0.019031
0 0.388239 0.853886 0.025755 0.016927
0 0.633918 0.540639 0.014831 0.010765
0 0.341165 0.549266 0.020301 0.015161
0 0.474315 0.529337 0.015964 0.012644
0 0.308038 0.597241 0.015489 0.011939
0 0.427810 0.435375 0.014214 0.011518
0 0.650158 0.660099 0.019816 0.016643
0 0.677878 0.406225 0.015571 0.013038
0 0.545965 0.604234 0.016800 0.013211
0 0.920302 0.734199 0.020083 0.015128
0 0.340941 0.637719 0.015169 0.011557
0 0.469021 0.480280 0.014811 0.011494
0 0.279292 0.717571 0.016861 0.012461
0 0.561426 0.503943 0.013509 0.009997
0 0.470618 0.895930 0.022085 0.017447
0 0.767871 0.610411 0.021670 0.016424
0 0.901398 0.531460 0.024388 0.017471
0 0.650915 0.559054 0.014917 0.011311
0 0.281191 0.580216 0.013811 0.010601
0 0.295792 0.512755 0.017621 0.012858
0 0.382501 0.601705 0.013620 0.010598
0 0.280836 0.601269 0.016398 0.012617
0 0.676952 0.562194 0.021451 0.014916
0 0.411833 0.907889 0.018781 0.013925
0 0.565825 0.468947 0.014255 0.011051
0 0.716021 0.490970 0.018939 0.012286
0 0.609317 0.592670 0.016078 0.013270
0 0.621623 0.780419 0.022559 0.017029
0 0.257527 0.549130 0.013979 0.011103
0 0.442519 0.808954 0.022339 0.014389
0 0.428035 0.858247 0.019957 0.016925
0 0.608908 0.525887 0.015357 0.014321
0 0.277135 0.525351 0.014535 0.010924
0 0.360335 0.474635 0.014982 0.013466
0 0.546251 0.463714 0.015437 0.011755
0 0.300981 0.622112 0.013948 0.010939
0 0.646394 0.753894 0.025555 0.019029
0 0.275688 0.663617 0.012962 0.010098
0 0.296309 0.812859 0.017776 0.013188
0 0.511857 0.606028 0.016754 0.013099
0 0.585711 0.407636 0.013787 0.011313
0 0.451812 0.838053 0.021360 0.014195
0 0.342585 0.886885 0.017268 0.012535
0 0.882367 0.561970 0.019796 0.015436
0 0.482747 0.667243 0.021828 0.014815
0 0.695336 0.490346 0.016551 0.011074
0 0.516085 0.483267 0.013936 0.010663
0 0.742101 0.403858 0.021144 0.014136
0 0.439967 0.486554 0.014906 0.010891
0 0.448919 0.509770 0.016015 0.012221
0 0.485168 0.730478 0.018797 0.014516
0 0.370797 0.486412 0.014733 0.011424
0 0.604920 0.397133 0.015025 0.013970
0 0.315499 0.766784 0.015349 0.011834
0 0.424317 0.668503 0.015545 0.013816
0 0.298682 0.693389 0.016291 0.013595
0 0.546108 0.409005 0.018280 0.012957
0 0.306053 0.641611 0.013606 0.010602
0 0.534809 0.431191 0.014232 0.010544
0 0.778914 0.631386 0.019246 0.014173
0 0.476200 0.938998 0.022623 0.016217
0 0.475438 0.417951 0.019551 0.015637
0 0.456142 0.697508 0.019128 0.016905
0 0.366094 0.686953 0.017326 0.012332
0 0.453431 0.456229 0.019736 0.014207
0 0.957835 0.697409 0.016697 0.013592
0 0.400875 0.678729 0.015642 0.011215
1 0.225852 0.591572 0.048612 0.037842
0 0.605523 0.374867 0.013459 0.010187
0 0.644721 0.506429 0.015786 0.013707
0 0.443796 0.681985 0.018157 0.016387
0 0.461664 0.549183 0.016550 0.010779
1 0.238448 0.524033 0.046873 0.038196
0 0.710929 0.445609 0.014920 0.013415
0 0.309268 0.842462 0.015208 0.011973
0 0.532349 0.489468 0.014655 0.010679
0 0.285916 0.770356 0.018600 0.014876
0 0.588445 0.481780 0.014263 0.010179
0 0.706910 0.410976 0.014926 0.016117
0 0.508538 0.453876 0.016224 0.016339
0 0.382624 0.661567 0.020297 0.017423
0 0.534359 0.369828 0.012928 0.010036
0 0.449320 0.548450 0.018804 0.011330
0 0.292556 0.737705 0.017790 0.012253
0 0.568390 0.722276 0.015174 0.011619
0 0.320762 0.699530 0.016417 0.013504
0 0.408616 0.647555 0.015056 0.013318
0 0.679293 0.433536 0.012366 0.009968
0 0.525957 0.954350 0.023480 0.017602
0 0.509449 0.599341 0.015566 0.015768
0 0.497316 0.640089 0.014037 0.011238
0 0.329970 0.506248 0.013807 0.014561
0 0.414278 0.829182 0.016846 0.011782
0 0.370818 0.640412 0.015948 0.011880
0 0.238371 0.751293 0.017080 0.013579
0 0.362721 0.735182 0.015602 0.011678
0 0.486199 0.456279 0.013387 0.010634
0 0.953362 0.613270 0.018737 0.015284
0 0.279744 0.736791 0.017890 0.011939
0 0.320771 0.665538 0.016549 0.015124
0 0.716598 0.453470 0.015064 0.010650
0 0.466447 0.501921 0.016399 0.012042
0 0.561767 0.393342 0.013722 0.012201
0 0.662451 0.373693 0.013427 0.010359
0 0.316233 0.660635 0.015588 0.012619
0 0.605628 0.503953 0.019068 0.014167
0 0.404605 0.640812 0.017494 0.013220
0 0.992655 0.657091 0.014017 0.012154
0 0.553788 0.483868 0.013568 0.010452
0 0.600873 0.507921 0.019084 0.018853
0 0.509492 0.421717 0.013643 0.012107
0 0.340060 0.687290 0.014976 0.011336
0 0.591595 0.574233 0.014669 0.017616
0 0.536487 0.615659 0.014555 0.010568
0 0.450012 0.689402 0.022323 0.023825
0 0.597821 0.513445 0.016722 0.014129
0 0.818026 0.423034 0.018015 0.014984
0 0.331464 0.500763 0.014034 0.015070
0 0.508881 0.434451 0.015249 0.018677
0 0.552473 0.465891 0.028551 0.010061
0 0.704685 0.490959 0.037771 0.010654
0 0.588624 0.565038 0.015809 0.011638
0 0.989641 0.685605 0.015369 0.011483
0 0.232837 0.729273 0.015196 0.011111
0 0.307626 0.867041 0.016499 0.012436
0 0.572265 0.671133 0.013659 0.010970
0 0.324488 0.673229 0.015623 0.016302