0 0.438580 0.404761 0.013949 0.017739
0 0.511823 0.458359 0.011439 0.013562
0 0.237721 0.703826 0.009079 0.011270
0 0.244834 0.729674 0.008700 0.011474
0 0.232630 0.665455 0.009609 0.011742
0 0.473335 0.786229 0.011631 0.015031
0 0.143609 0.490278 0.013539 0.014885
0 0.144109 0.637325 0.010160 0.012470
0 0.448192 0.743103 0.010067 0.011850
0 0.126491 0.353990 0.008126 0.009607
0 0.365765 0.669912 0.008382 0.011741
0 0.352490 0.452383 0.012469 0.017317
0 0.252082 0.372116 0.009150 0.012037
0 0.278087 0.251603 0.010411 0.011947
0 0.503002 0.786920 0.012298 0.015757
0 0.305402 0.402300 0.009393 0.013325
0 0.461858 0.860892 0.010146 0.013991
0 0.190096 0.303256 0.009958 0.011481
0 0.378774 0.342442 0.011187 0.015145
0 0.293068 0.358124 0.010491 0.016275
0 0.477543 0.482937 0.011788 0.017080
0 0.257988 0.778554 0.010417 0.014842
0 0.116344 0.608347 0.008989 0.011800
0 0.429331 0.833053 0.009674 0.013639
0 0.409451 0.840221 0.011008 0.013695
0 0.327284 0.442785 0.009693 0.013498
0 0.217920 0.437292 0.012541 0.017498
0 0.328715 0.253246 0.008814 0.014410
0 0.282297 0.749110 0.008325 0.010156
0 0.318005 0.605525 0.010055 0.015098
0 0.108979 0.531627 0.008401 0.010919
0 0.426415 0.620740 0.010981 0.013969
0 0.515162 0.493989 0.012340 0.016369
0 0.228855 0.260146 0.009815 0.014727
0 0.426898 0.806422 0.009869 0.014186
0 0.267191 0.847649 0.010860 0.013005
0 0.446425 0.476041 0.013258 0.019373
0 0.201511 0.618111 0.008794 0.010771
0 0.333964 0.543313 0.010412 0.012142
0 0.369305 0.607812 0.011013 0.015538
0 0.422116 0.865529 0.012298 0.012768
0 0.423571 0.260578 0.011340 0.017653
0 0.417038 0.708638 0.008551 0.010760
0 0.343766 0.705312 0.008620 0.012229
0 0.271217 0.207848 0.008792 0.010230
0 0.490571 0.412651 0.011022 0.011953
0 0.459053 0.278116 0.011027 0.014777
0 0.303140 0.549719 0.013492 0.018205
0 0.149684 0.612902 0.009605 0.009294
0 0.458526 0.447446 0.011682 0.017295
0 0.345966 0.160062 0.008552 0.012189
0 0.194634 0.496688 0.008561 0.011735
0 0.307722 0.900701 0.011028 0.014716
0 0.250235 0.271489 0.010722 0.014971
0 0.251485 0.678714 0.008670 0.011063
0 0.342928 0.571785 0.011116 0.012836
0 0.447581 0.254094 0.008986 0.011909
0 0.335239 0.485407 0.010373 0.015869
0 0.294100 0.502609 0.009322 0.010683
0 0.314627 0.469420 0.012611 0.017508
0 0.302023 0.848511 0.008535 0.010779
0 0.284829 0.301713 0.011298 0.015487
0 0.161323 0.463549 0.009555 0.012529
0 0.169129 0.387193 0.010214 0.011688
0 0.213478 0.345935 0.009588 0.011431
0 0.209391 0.250372 0.011551 0.014356
0 0.558310 0.440192 0.011246 0.014300
0 0.390833 0.802074 0.007785 0.011331
0 0.382780 0.839076 0.012350 0.022130
0 0.367310 0.797232 0.006973 0.009237
0 0.263355 0.512461 0.012910 0.014246
0 0.368778 0.260972 0.010905 0.013102
0 0.333121 0.192558 0.008315 0.012858
0 0.094347 0.669442 0.008334 0.011536
0 0.269793 0.400176 0.011185 0.014539
0 0.259863 0.167364 0.011221 0.015415
0 0.224887 0.846123 0.011480 0.012495
0 0.290757 0.723022 0.009174 0.011897
0 0.198385 0.828696 0.009486 0.010454
0 0.471193 0.440862 0.010927 0.016456
0 0.258643 0.294997 0.014932 0.017890
0 0.352742 0.272319 0.007102 0.009953
0 0.493672 0.699885 0.009965 0.009555
0 0.534538 0.499662 0.010246 0.015628
0 0.264869 0.427529 0.008383 0.010696
0 0.259549 0.236246 0.010474 0.012896
0 0.173352 0.357782 0.008855 0.010253
0 0.396196 0.669809 0.008495 0.010730
0 0.349045 0.622441 0.011319 0.012652
0 0.343057 0.235322 0.015091 0.018975
0 0.357102 0.415547 0.009516 0.010431
0 0.300614 0.679013 0.010031 0.013547
0 0.322371 0.502488 0.008317 0.009666
0 0.092771 0.476592 0.007910 0.013568
0 0.152333 0.698608 0.007414 0.010233
0 0.384785 0.179872 0.009818 0.015042
0 0.583208 0.631157 0.009681 0.013521
0 0.267322 0.712002 0.008387 0.010544
0 0.367006 0.724785 0.008326 0.010175
0 0.157132 0.234649 0.010747 0.017895
0 0.229957 0.212799 0.008297 0.010688
0 0.311534 0.204535 0.008753 0.011731
0 0.465732 0.613369 0.008687 0.010764
0 0.177537 0.836313 0.007672 0.010832
0 0.206789 0.552509 0.008693 0.011044
0 0.379215 0.637917 0.009662 0.015319
0 0.375704 0.384802 0.008720 0.011671
0 0.188986 0.650846 0.008960 0.014230
0 0.582035 0.322356 0.013438 0.018231
0 0.452625 0.811594 0.010892 0.014769
0 0.321780 0.388503 0.009201 0.013307
0 0.325431 0.779502 0.006631 0.008495
0 0.408289 0.689397 0.007487 0.010524
0 0.431521 0.679744 0.008253 0.011766
0 0.229650 0.863831 0.012206 0.015061
0 0.415983 0.298645 0.011194 0.014184
0 0.321023 0.321610 0.010834 0.015312
0 0.337922 0.420437 0.010874 0.012507
0 0.096259 0.366829 0.009570 0.013445
0 0.372595 0.416106 0.012235 0.015356
0 0.138492 0.756051 0.007488 0.011888
0 0.549233 0.462548 0.013011 0.018125
0 0.304578 0.774042 0.009502 0.010538
0 0.549348 0.392439 0.009322 0.011228
0 0.218258 0.724479 0.007524 0.012321
0 0.393312 0.311275 0.009669 0.013043
0 0.454716 0.883302 0.012719 0.015485
0 0.153897 0.579869 0.008725 0.011929
0 0.085440 0.563397 0.008528 0.010504
0 0.483960 0.737338 0.007302 0.008797
0 0.134379 0.712203 0.009561 0.012975
0 0.074469 0.520583 0.007470 0.011791
0 0.497297 0.294872 0.009693 0.011365
0 0.272612 0.586292 0.009602 0.011090
0 0.190449 0.805164 0.009862 0.010863
0 0.327457 0.662069 0.007361 0.010473
0 0.469246 0.324764 0.012331 0.017682
0 0.599952 0.375636 0.013140 0.017070
0 0.095402 0.586487 0.010808 0.013160
0 0.485379 0.328367 0.014058 0.021191
0 0.408667 0.797779 0.009000 0.011829
0 0.163527 0.765330 0.006669 0.010041
0 0.164849 0.552700 0.009642 0.010654
0 0.291807 0.287759 0.010424 0.012832
0 0.487651 0.275093 0.010430 0.013320
0 0.454240 0.324967 0.008509 0.013100
0 0.383496 0.277587 0.009787 0.013958
0 0.196532 0.211157 0.011572 0.018649
0 0.509614 0.337150 0.014352 0.022663
0 0.280299 0.465526 0.009182 0.015320
0 0.164861 0.720403 0.006154 0.010045
0 0.342481 0.795047 0.006779 0.011025
0 0.339163 0.747136 0.009782 0.013172
0 0.184679 0.786133 0.007249 0.010438
0 0.497344 0.621945 0.011630 0.016855
0 0.240775 0.354073 0.008848 0.010716
0 0.383541 0.426746 0.010624 0.012860
0 0.306918 0.813937 0.007032 0.010917
0 0.482977 0.645455 0.008085 0.013284
0 0.349260 0.161948 0.008471 0.012214
0 0.598201 0.496034 0.011436 0.012665
0 0.309840 0.662527 0.009663 0.012206
0 0.266055 0.568808 0.007324 0.008795
0 0.402261 0.265752 0.011490 0.013982
0 0.470353 0.380544 0.006776 0.009433
0 0.335983 0.745863 0.008906 0.012410
0 0.252310 0.472051 0.012319 0.012219
0 0.323330 0.217782 0.009524 0.011248
0 0.346976 0.654756 0.008355 0.012479
0 0.514417 0.757131 0.008125 0.013275
0 0.602054 0.403711 0.015317 0.015471
0 0.540120 0.405116 0.007955 0.011448
0 0.580592 0.438723 0.011291 0.012315
0 0.232054 0.395885 0.008768 0.010582
0 0.361334 0.301301 0.015773 0.014300
0 0.350262 0.365711 0.011306 0.015094
0 0.180579 0.419629 0.006778 0.008335
0 0.136715 0.543353 0.009752 0.011727
0 0.514182 0.385578 0.009995 0.010206
0 0.321070 0.722349 0.008898 0.013207
0 0.123518 0.306995 0.014187 0.017112
0 0.528633 0.530050 0.010168 0.010866
0 0.303265 0.609445 0.008553 0.010213
0 0.424649 0.750552 0.007793 0.011941
0 0.060003 0.461021 0.009420 0.012132
0 0.453689 0.860913 0.010395 0.011610
0 0.102397 0.340243 0.007126 0.011187
0 0.348588 0.236834 0.011890 0.017153
0 0.520218 0.238528 0.010726 0.015232
0 0.118377 0.386923 0.006637 0.008932
0 0.549682 0.536153 0.013474 0.014925
0 0.287731 0.799277 0.008423 0.010530
0 0.244317 0.313452 0.010579 0.012258
0 0.398837 0.628314 0.009765 0.012932
0 0.312743 0.368727 0.009712 0.012810
0 0.432407 0.162445 0.008666 0.011334
0 0.081702 0.645118 0.007621 0.008641
0 0.253148 0.897296 0.011637 0.013351
0 0.477656 0.595502 0.010342 0.011042
0 0.213477 0.279269 0.009395 0.014045
0 0.159669 0.518781 0.006407 0.012320
0 0.246422 0.337067 0.008467 0.016285
0 0.289829 0.390460 0.010786 0.014720
0 0.253367 0.831142 0.009226 0.013287
0 0.241396 0.231011 0.007848 0.011228
0 0.438254 0.770214 0.007166 0.008691
0 0.095366 0.409991 0.011823 0.014818
0 0.600513 0.449967 0.011994 0.014791
0 0.522787 0.562244 0.009067 0.009687
0 0.324887 0.626730 0.007778 0.010174
0 0.375700 0.143321 0.011370 0.018045
0 0.131443 0.803705 0.007708 0.012429
0 0.533839 0.558351 0.010816 0.016092
0 0.418601 0.665528 0.009368 0.011902
0 0.258286 0.189253 0.012337 0.011430
0 0.337744 0.404901 0.009366 0.016082
0 0.283249 0.375759 0.010372 0.014119
0 0.409704 0.694730 0.009876 0.013843
0 0.165289 0.343918 0.011451 0.014154
0 0.491113 0.432626 0.008720 0.010078
0 0.190314 0.263449 0.009120 0.011981
0 0.164513 0.657017 0.009857 0.014719
0 0.319097 0.295022 0.007910 0.010864
0 0.500767 0.484859 0.012176 0.015439
0 0.337935 0.311169 0.011953 0.012977
0 0.550765 0.725218 0.007674 0.009664
0 0.327484 0.450494 0.010542 0.021284
0 0.323722 0.561042 0.011952 0.012875
0 0.434833 0.705400 0.007898 0.010343
0 0.335390 0.379665 0.011641 0.015021
0 0.246612 0.505434 0.011861 0.013053
0 0.213670 0.222123 0.009130 0.010227
0 0.388999 0.771770 0.008398 0.009627
0 0.190506 0.629158 0.008811 0.013391
0 0.613933 0.495441 0.011121 0.012341
0 0.182716 0.587818 0.008169 0.009026
0 0.571548 0.354501 0.010758 0.015644
0 0.187560 0.261285 0.011428 0.014386
0 0.164361 0.821127 0.009194 0.012318
0 0.409283 0.643441 0.010037 0.014676
0 0.244267 0.580272 0.008013 0.010321
0 0.065830 0.415296 0.010028 0.011443
0 0.190671 0.540259 0.009400 0.011722
0 0.289464 0.293118 0.013743 0.020179
0 0.270264 0.824876 0.013821 0.014031
0 0.157822 0.360346 0.010940 0.017086
0 0.468170 0.444107 0.019493 0.020355
0 0.502614 0.591864 0.008455 0.009624
0 0.502650 0.670286 0.008496 0.013171
0 0.427924 0.246636 0.009037 0.014839
0 0.276272 0.488181 0.009520 0.009994
0 0.145070 0.410307 0.007938 0.010749
0 0.614638 0.431857 0.010436 0.013304
0 0.294579 0.475095 0.010343 0.011789
0 0.071496 0.517774 0.007045 0.013403
0 0.307234 0.705180 0.009666 0.012611
0 0.381899 0.530023 0.007799 0.013484
0 0.202872 0.740186 0.008438 0.011111
0 0.177847 0.728718 0.007083 0.010131
0 0.320492 0.747089 0.008172 0.010750
0 0.536561 0.389422 0.008982 0.013873
0 0.148487 0.338711 0.008322 0.016943
0 0.597990 0.358252 0.011609 0.018433
0 0.193351 0.501516 0.009167 0.018022
0 0.302530 0.742448 0.007222 0.010453
0 0.190697 0.229732 0.009772 0.012971
0 0.214833 0.284363 0.012488 0.013300
0 0.090076 0.323072 0.008725 0.016150
1 0.127641 0.683685 0.036972 0.034038
1 0.236356 0.792254 0.029049 0.032864
1 0.128081 0.256455 0.032570 0.050469