0 0.735450 0.366786 0.010806 0.014486
0 0.503476 0.347527 0.012297 0.017690
0 0.564740 0.328175 0.012069 0.016841
0 0.760858 0.271611 0.010665 0.015058
0 0.662429 0.290975 0.011314 0.016784
0 0.697513 0.277812 0.012404 0.016865
0 0.606247 0.443530 0.011339 0.017087
0 0.780238 0.288568 0.010979 0.016890
0 0.559540 0.574766 0.012464 0.016276
0 0.457413 0.314406 0.012149 0.018676
0 0.592616 0.276314 0.011120 0.015877
0 0.731721 0.499024 0.012066 0.015599
0 0.810054 0.320404 0.011653 0.014602
0 0.839067 0.312180 0.013759 0.017457
0 0.869222 0.388920 0.013233 0.018218
0 0.836135 0.528406 0.013379 0.016208
0 0.464043 0.529635 0.011375 0.016216
0 0.454917 0.469889 0.011621 0.017846
0 0.805701 0.489369 0.012680 0.019907
0 0.737395 0.226907 0.010621 0.015000
0 0.636630 0.872037 0.011809 0.014948
0 0.580053 0.309798 0.012657 0.017254
0 0.657540 0.328334 0.012897 0.018779
0 0.458424 0.395079 0.010926 0.014232
0 0.673158 0.456803 0.013406 0.018235
0 0.628538 0.461014 0.011788 0.018540
0 0.675537 0.729454 0.009692 0.013398
0 0.633755 0.239184 0.014350 0.019550
0 0.784227 0.335536 0.011632 0.015791
0 0.542584 0.272695 0.011627 0.017324
0 0.793990 0.362609 0.011041 0.015495
0 0.716412 0.718132 0.009357 0.012158
0 0.633673 0.507685 0.011182 0.014728
0 0.568010 0.857849 0.012660 0.018193
0 0.531580 0.419934 0.010130 0.014500
0 0.792512 0.236248 0.010191 0.014514
0 0.788633 0.740934 0.011868 0.016474
0 0.701524 0.357417 0.010159 0.013678
0 0.836606 0.238850 0.010271 0.014308
0 0.837452 0.458787 0.010388 0.014532
0 0.558967 0.490999 0.012192 0.015377
0 0.911236 0.290726 0.018867 0.022067
0 0.627382 0.193704 0.011991 0.017855
0 0.907621 0.645215 0.010726 0.013933
0 0.606129 0.746440 0.009286 0.012664
0 0.545562 0.406179 0.010489 0.014254
0 0.764784 0.227564 0.010272 0.015005
0 0.437745 0.437068 0.011203 0.016912
0 0.625892 0.277385 0.010442 0.016410
0 0.872486 0.271439 0.012597 0.017986
0 0.573000 0.545786 0.013119 0.015683
0 0.570941 0.469637 0.009704 0.014661
0 0.810322 0.881333 0.013773 0.019815
0 0.642138 0.672098 0.011769 0.015246
0 0.854735 0.416390 0.010699 0.015659
0 0.960934 0.515361 0.012211 0.016594
0 0.743967 0.468890 0.010933 0.015477
0 0.799716 0.772368 0.009031 0.013450
0 0.601007 0.675841 0.008953 0.011914
0 0.454218 0.637251 0.009089 0.012462
0 0.732510 0.261656 0.012348 0.017456
0 0.631262 0.591226 0.009899 0.014194
0 0.835944 0.477913 0.009602 0.013924
0 0.498602 0.596815 0.010959 0.017786
0 0.456080 0.689887 0.010294 0.013764
0 0.547727 0.299458 0.011636 0.015497
0 0.747126 0.606921 0.011559 0.015764
0 0.800243 0.815966 0.010470 0.013819
0 0.706315 0.307438 0.011457 0.017377
0 0.568282 0.275961 0.010630 0.015895
0 0.715522 0.855627 0.011594 0.017018
0 0.538009 0.370406 0.009180 0.012957
0 0.588531 0.744057 0.008447 0.012395
0 0.736741 0.907522 0.012125 0.015473
0 0.509239 0.526739 0.009263 0.012643
0 0.838169 0.212627 0.011223 0.017240
0 0.688297 0.482053 0.010137 0.015170
0 0.800735 0.296987 0.012033 0.016112
0 0.485982 0.318550 0.009935 0.015051
0 0.588430 0.619497 0.010586 0.014402
0 0.545488 0.865974 0.013340 0.016511
0 0.832783 0.809959 0.013129 0.018189
0 0.877549 0.302597 0.013535 0.018979
0 0.477094 0.580917 0.010439 0.014957
0 0.894234 0.470192 0.015654 0.021933
0 0.468581 0.450707 0.009566 0.013617
0 0.778052 0.517701 0.009588 0.013929
0 0.751074 0.307420 0.008605 0.012766
0 0.728442 0.428986 0.010902 0.019050
0 0.811730 0.440937 0.009248 0.014238
0 0.751044 0.530148 0.012739 0.016452
0 0.763260 0.430895 0.010244 0.013652
0 0.705481 0.697389 0.010108 0.012629
0 0.667748 0.386836 0.013284 0.016129
0 0.448397 0.663601 0.009941 0.013426
0 0.614061 0.492644 0.009276 0.013633
0 0.856351 0.771385 0.010993 0.013562
0 0.430242 0.384119 0.011456 0.015247
0 0.848415 0.549720 0.009940 0.013477
0 0.721442 0.912418 0.011733 0.016083
0 0.724088 0.590423 0.009795 0.014134
0 0.664541 0.774370 0.012206 0.012842
0 0.669791 0.619803 0.012034 0.017988
0 0.600370 0.901663 0.014912 0.017951
0 0.585511 0.685972 0.008729 0.012324
0 0.726111 0.808803 0.009834 0.013196
0 0.673577 0.907263 0.016590 0.020201
0 0.724512 0.218689 0.010217 0.014463
0 0.702294 0.943853 0.018851 0.020638
0 0.650089 0.829773 0.009823 0.015180
0 0.617767 0.368007 0.013575 0.017375
0 0.823357 0.284975 0.014556 0.021095
0 0.688915 0.568438 0.009850 0.015446
0 0.592988 0.815739 0.011544 0.014398
0 0.747170 0.350482 0.010705 0.016236
0 0.663848 0.255231 0.010617 0.016350
0 0.903498 0.717712 0.011604 0.014404
0 0.930827 0.568477 0.008837 0.013314
0 0.876177 0.234843 0.016264 0.023483
0 0.712908 0.819396 0.008473 0.011947
0 0.631868 0.718624 0.013477 0.017492
0 0.772792 0.450450 0.011106 0.015944
0 0.535882 0.393489 0.009253 0.013438
0 0.423705 0.593229 0.010750 0.015146
0 0.649032 0.184310 0.009647 0.016672
0 0.592628 0.221881 0.009467 0.014453
0 0.615559 0.541546 0.010946 0.015105
0 0.610669 0.204784 0.013301 0.015744
0 0.537763 0.319954 0.010908 0.015714
0 0.612575 0.618258 0.010666 0.014926
0 0.611749 0.314284 0.009577 0.013490
0 0.668516 0.800225 0.009599 0.015009
0 0.411952 0.614910 0.010926 0.015843
0 0.520646 0.223235 0.012501 0.018524
0 0.573897 0.629563 0.009431 0.012347
0 0.723936 0.170549 0.009155 0.016535
0 0.762836 0.246299 0.009452 0.017333
0 0.661032 0.648581 0.009576 0.012728
0 0.711956 0.249800 0.010848 0.019513
0 0.825007 0.773647 0.008814 0.014666
0 0.776571 0.192242 0.016271 0.024190
0 0.821511 0.589224 0.008207 0.012657
0 0.760356 0.336524 0.010569 0.014616
0 0.995799 0.498998 0.007755 0.015245
0 0.436370 0.570242 0.008720 0.012193
0 0.777749 0.563433 0.011882 0.017609
0 0.574864 0.601286 0.011928 0.014904
0 0.685543 0.668671 0.009666 0.012257
0 0.753600 0.632344 0.009391 0.015406
0 0.881659 0.817857 0.009639 0.012480
0 0.928351 0.352567 0.019348 0.020856
0 0.461092 0.347706 0.010363 0.017301
0 0.468426 0.492201 0.010133 0.014868
0 0.784454 0.862495 0.011047 0.014340
0 0.700408 0.555605 0.009892 0.015452
0 0.774320 0.770424 0.007176 0.012572
0 0.692383 0.306853 0.011368 0.015279
0 0.682583 0.911597 0.013872 0.018173
0 0.423672 0.505358 0.011287 0.014655
0 0.590247 0.478942 0.010413 0.011914
0 0.668972 0.550171 0.009514 0.013649
0 0.426386 0.472608 0.010042 0.013564
0 0.506784 0.387916 0.009456 0.012594
0 0.872482 0.850268 0.012190 0.014170
0 0.723310 0.751643 0.011270 0.015229
0 0.750426 0.753765 0.009841 0.012508
0 0.586950 0.379539 0.011281 0.020206
0 0.398055 0.453843 0.010918 0.015468
0 0.683542 0.370360 0.011847 0.015002
0 0.416151 0.451281 0.011221 0.014684
0 0.540877 0.446598 0.009486 0.013169
0 0.804698 0.268675 0.011289 0.015868
0 0.730974 0.305925 0.009228 0.012370
0 0.647292 0.756017 0.008992 0.013319
0 0.491513 0.447932 0.008674 0.011900
0 0.711400 0.674031 0.010931 0.014468
0 0.771320 0.402002 0.013454 0.019658
0 0.756893 0.490766 0.009236 0.013970
0 0.670873 0.598932 0.009697 0.017729
0 0.504650 0.654811 0.009883 0.014208
0 0.417696 0.667914 0.011872 0.017146
0 0.705121 0.783941 0.009316 0.012162
0 0.838603 0.497139 0.008194 0.011785
0 0.735590 0.529695 0.012644 0.015735
0 0.798909 0.851017 0.009934 0.012926
0 0.825973 0.369602 0.009699 0.013641
0 0.724089 0.786136 0.008245 0.013011
0 0.684097 0.889743 0.013775 0.017756
0 0.692970 0.199113 0.008202 0.018372