0 0.430561 0.633413 0.016267 0.012329
0 0.282377 0.822062 0.020796 0.016447
0 0.525008 0.475075 0.017512 0.012894
0 0.470572 0.522290 0.017091 0.012724
0 0.380906 0.550982 0.016885 0.012852
0 0.759547 0.548873 0.017871 0.013344
0 0.330279 0.563212 0.018749 0.014214
0 0.472370 0.703218 0.016735 0.012474
0 0.498506 0.790600 0.022342 0.017063
0 0.532406 0.391529 0.017921 0.013969
0 0.548214 0.554989 0.021393 0.015661
0 0.375786 0.503258 0.017961 0.014028
0 0.426767 0.541886 0.015159 0.011919
0 0.431985 0.815349 0.021531 0.016604
0 0.363852 0.461364 0.018157 0.013979
0 0.196715 0.417679 0.019891 0.015031
0 0.440871 0.464652 0.018425 0.014732
0 0.430101 0.859247 0.023538 0.017744
0 0.408933 0.459743 0.017898 0.015017
0 0.392112 0.707228 0.015874 0.011708
0 0.784297 0.533230 0.017512 0.013420
0 0.393604 0.395466 0.017191 0.012730
0 0.415440 0.662992 0.015966 0.012341
0 0.263967 0.770562 0.017329 0.013049
0 0.499901 0.649295 0.016390 0.012798
0 0.587553 0.415915 0.019014 0.014090
0 0.472219 0.728015 0.015010 0.011557
0 0.509622 0.499715 0.016530 0.012790
0 0.156339 0.424013 0.019060 0.014909
0 0.395842 0.734061 0.014730 0.010499
0 0.265693 0.389223 0.018924 0.014616
0 0.440103 0.715724 0.014896 0.011391
0 0.467276 0.638980 0.016045 0.012434
0 0.093020 0.657544 0.017384 0.013623
0 0.579550 0.567503 0.020325 0.017846
0 0.406551 0.559144 0.016537 0.012411
0 0.378012 0.436546 0.019766 0.016313
0 0.557985 0.714168 0.018714 0.014977
0 0.474529 0.773133 0.019116 0.014234
0 0.461892 0.433726 0.017872 0.013750
0 0.171905 0.382013 0.018338 0.014725
0 0.688687 0.595672 0.023757 0.015198
0 0.231945 0.685886 0.019927 0.015676
0 0.457449 0.317852 0.018898 0.016170
0 0.388753 0.788028 0.022928 0.018022
0 0.328333 0.468276 0.018072 0.013838
0 0.410271 0.598084 0.019177 0.013587
0 0.582961 0.364997 0.017443 0.014685
0 0.251234 0.457548 0.019192 0.015488
0 0.117341 0.677436 0.016708 0.013065
0 0.527822 0.734043 0.018064 0.013216
0 0.484768 0.751854 0.017529 0.012733
0 0.510410 0.349250 0.021142 0.017809
0 0.275464 0.330398 0.021971 0.017127
1 0.061951 0.736831 0.061393 0.051087
0 0.532935 0.499537 0.017884 0.013144
0 0.392202 0.618718 0.015597 0.013513
0 0.664562 0.592480 0.018145 0.012901
0 0.656843 0.780333 0.021876 0.016901
0 0.511189 0.732747 0.018464 0.013168
0 0.533240 0.596210 0.018453 0.015406
0 0.310051 0.750568 0.021339 0.019037
0 0.454727 0.746111 0.019263 0.012646
0 0.534205 0.711935 0.016693 0.012923
0 0.493620 0.545941 0.017193 0.015508
0 0.597999 0.647502 0.017483 0.014107
0 0.381380 0.639153 0.017082 0.015262
0 0.112507 0.545858 0.018710 0.013185
0 0.538871 0.664902 0.016196 0.012633
0 0.513572 0.548827 0.016696 0.013718
0 0.552636 0.775133 0.016804 0.013063
0 0.427462 0.576143 0.016505 0.013946
0 0.670287 0.650964 0.022840 0.017760
0 0.281319 0.438126 0.019816 0.016206
0 0.560595 0.417611 0.017720 0.013442
0 0.448445 0.484233 0.016131 0.012177
0 0.755650 0.443264 0.023305 0.018634
0 0.076730 0.547720 0.023454 0.018099
0 0.367848 0.838629 0.020609 0.017717
0 0.439214 0.734644 0.015085 0.011887
0 0.669219 0.413992 0.017162 0.013747
0 0.410040 0.696316 0.018529 0.013326
0 0.340785 0.369752 0.012542 0.010442
0 0.539750 0.426262 0.018444 0.016156
0 0.147310 0.558626 0.026281 0.020215
0 0.598542 0.560193 0.016484 0.013158
0 0.049242 0.519777 0.021724 0.017102
0 0.423841 0.483986 0.017409 0.012700
0 0.701128 0.440148 0.016708 0.014045
0 0.091875 0.452120 0.015680 0.013844
0 0.773651 0.614220 0.018115 0.014446
0 0.449707 0.596015 0.016067 0.011770
0 0.444805 0.416895 0.021949 0.016094
0 0.361209 0.729311 0.012971 0.010283
0 0.302369 0.657199 0.015128 0.012795
0 0.363279 0.403786 0.020089 0.013043
0 0.289688 0.403190 0.017825 0.014310
0 0.601601 0.605186 0.013236 0.010635
0 0.771871 0.583882 0.021443 0.016627
0 0.232258 0.613845 0.022666 0.017728
0 0.719888 0.610467 0.017488 0.014500
0 0.441318 0.559223 0.016501 0.013214
0 0.346135 0.882411 0.021947 0.017784
0 0.353638 0.573611 0.015331 0.012722
0 0.674645 0.593798 0.037194 0.013456
0 0.476283 0.605217 0.017339 0.013405
0 0.370214 0.294019 0.022308 0.013706
0 0.671408 0.476966 0.016049 0.013393
1 0.071072 0.778948 0.035785 0.025049