0 0.517810 0.279438 0.014443 0.015618
0 0.272000 0.260063 0.014121 0.014671
0 0.611489 0.441616 0.016023 0.015570
0 0.646069 0.336955 0.013344 0.013623
0 0.623718 0.721985 0.014107 0.014453
0 0.243889 0.453826 0.015010 0.016598
0 0.380146 0.241447 0.012934 0.014069
0 0.541058 0.345631 0.014652 0.014817
0 0.627652 0.305703 0.013632 0.014089
0 0.562138 0.298373 0.014838 0.014475
0 0.107431 0.709145 0.013179 0.013070
0 0.471890 0.687453 0.014115 0.013376
0 0.597079 0.343391 0.013823 0.014310
0 0.268564 0.380475 0.013761 0.014643
0 0.425218 0.483881 0.015773 0.015429
0 0.314079 0.357431 0.013667 0.014057
0 0.157013 0.560673 0.013835 0.013966
0 0.697790 0.497670 0.014043 0.013831
0 0.141807 0.536445 0.012922 0.013022
0 0.046624 0.584036 0.013897 0.014338
0 0.587302 0.423644 0.013197 0.013127
0 0.335447 0.720730 0.013992 0.014539
0 0.519521 0.414034 0.012902 0.013460
0 0.550149 0.459535 0.018852 0.014672
0 0.212296 0.451302 0.014959 0.015298
0 0.481978 0.240985 0.014810 0.015368
0 0.657641 0.464485 0.013370 0.013074
0 0.584075 0.384180 0.013238 0.013665
0 0.592762 0.486253 0.014130 0.015050
0 0.457156 0.863331 0.014506 0.014282
0 0.090049 0.564192 0.014331 0.013632
0 0.280146 0.856588 0.013760 0.013661
0 0.386053 0.693020 0.014733 0.015201
0 0.358034 0.898709 0.013506 0.013531
0 0.453900 0.251595 0.016857 0.014747
0 0.578463 0.778825 0.016914 0.017262
0 0.493385 0.455352 0.015513 0.015695
0 0.623963 0.799605 0.014425 0.014341
0 0.598928 0.321559 0.012560 0.013309
0 0.300568 0.391643 0.013839 0.014450
0 0.601216 0.692258 0.014044 0.014736
0 0.344639 0.209825 0.012369 0.013154
0 0.607121 0.984665 0.014762 0.014704
0 0.358916 0.282216 0.014697 0.015386
0 0.795844 0.363070 0.014375 0.013553
0 0.244488 0.536270 0.013884 0.014131
0 0.120722 0.388548 0.015907 0.015250
0 0.455622 0.212235 0.012809 0.014711
0 0.864456 0.459013 0.015436 0.016161
0 0.402799 0.342268 0.013016 0.013415
0 0.283144 0.449709 0.013680 0.013266
0 0.208326 0.286216 0.015674 0.016277
0 0.318900 0.254622 0.015808 0.016400
0 0.187765 0.313794 0.015388 0.015809
0 0.360664 0.443194 0.013101 0.013087
0 0.271134 0.969274 0.015444 0.015704
0 0.528539 0.934302 0.015683 0.014813
0 0.324143 0.333594 0.013561 0.014089
0 0.260396 0.587024 0.014829 0.016390
0 0.072389 0.493861 0.014343 0.014746
0 0.493979 0.422907 0.014679 0.014146
0 0.125501 0.916751 0.013025 0.013704
0 0.282160 0.730861 0.014659 0.016372
0 0.248208 0.941736 0.013715 0.013164
0 0.221015 0.542061 0.014597 0.015063
0 0.794152 0.766230 0.012592 0.013294
0 0.838074 0.394099 0.015321 0.016377
0 0.707644 0.323705 0.013026 0.013157
0 0.642089 0.496243 0.015684 0.013604
0 0.434183 0.954207 0.014558 0.014762
0 0.775458 0.454050 0.013661 0.014161
0 0.548641 0.425988 0.012434 0.012308
0 0.711786 0.394602 0.011694 0.012286
0 0.517050 0.353716 0.015439 0.016159
0 0.059658 0.423256 0.014448 0.015054
0 0.621072 0.257417 0.014819 0.015703
0 0.168416 0.830295 0.015506 0.015017
0 0.159681 0.650275 0.014013 0.013195
0 0.292759 0.820324 0.012892 0.013058
0 0.520388 0.895349 0.015886 0.016195
0 0.275012 0.910222 0.014182 0.013419
0 0.675031 0.841058 0.013867 0.013959
0 0.239276 0.609350 0.012620 0.012556
0 0.824619 0.556384 0.012570 0.012533
0 0.283153 0.412496 0.015298 0.013267
0 0.418931 0.929507 0.014457 0.015109
0 0.363932 0.733230 0.012452 0.013292
0 0.300618 0.287947 0.014596 0.015745
0 0.726722 0.601721 0.014551 0.015854
0 0.543403 0.842317 0.017661 0.016112
0 0.443384 0.363895 0.013350 0.013467
0 0.805489 0.547680 0.012582 0.013554
0 0.438764 0.616819 0.013223 0.014257
0 0.086361 0.868138 0.011621 0.012013
0 0.527280 0.237206 0.013325 0.013585
0 0.167720 0.973360 0.012671 0.012996
0 0.093772 0.524701 0.014138 0.013805
0 0.318398 0.886204 0.013726 0.015901
0 0.012810 0.492790 0.013867 0.013841
0 0.474692 0.435614 0.013455 0.014450
0 0.748592 0.750126 0.012872 0.012288
0 0.687652 0.418926 0.012512 0.012409
0 0.813976 0.586247 0.014812 0.012692
0 0.774759 0.727709 0.013503 0.015349
0 0.446208 0.386540 0.017256 0.014601
0 0.729783 0.271864 0.014364 0.015235
0 0.505317 0.745013 0.013286 0.013095
0 0.424824 0.683514 0.013052 0.013108
0 0.696746 0.746499 0.012965 0.014146
0 0.395078 0.428632 0.012876 0.013322
0 0.260407 0.683575 0.014805 0.016106
0 0.752168 0.489466 0.014597 0.014085
0 0.823054 0.870038 0.014066 0.014772
0 0.385637 0.369515 0.015740 0.021477
0 0.498417 0.397761 0.014956 0.015342
0 0.509067 0.865822 0.014479 0.014768
0 0.367163 0.672858 0.013452 0.013276
0 0.715904 0.525080 0.017194 0.020420
0 0.398631 0.947267 0.013796 0.014302
0 0.554799 0.674144 0.014871 0.015343
0 0.306235 0.431229 0.014420 0.014578
0 0.190278 0.530647 0.017773 0.015637
0 0.362171 0.254260 0.012102 0.012976
0 0.634967 0.376046 0.012461 0.012858
0 0.041061 0.516096 0.016005 0.018418
0 0.433176 0.324391 0.013200 0.013056
0 0.682182 0.706620 0.016371 0.015379
0 0.733934 0.568526 0.014325 0.016144
0 0.832552 0.828548 0.012764 0.013248
0 0.386336 0.921519 0.014624 0.014666
0 0.376032 0.993532 0.014391 0.012936
0 0.451163 0.179503 0.010717 0.011982
0 0.487703 0.796323 0.013713 0.014042
0 0.796492 0.324498 0.015872 0.016031
0 0.501519 0.485148 0.017814 0.016501
0 0.683401 0.326202 0.019023 0.013747
0 0.764845 0.904782 0.011800 0.012540
0 0.747778 0.428221 0.016098 0.013975
0 0.461205 0.346199 0.013278 0.013727
0 0.056946 0.757254 0.014087 0.012982
0 0.531540 0.215144 0.014661 0.016478
0 0.580354 0.254517 0.016640 0.020751
0 0.372392 0.768297 0.014829 0.015795
0 0.051495 0.354050 0.015297 0.016729
0 0.598013 0.396373 0.013272 0.013583
0 0.103861 0.854967 0.012621 0.012410
0 0.541297 0.187497 0.016344 0.014310
0 0.347676 0.362069 0.017167 0.016470
0 0.212623 0.506411 0.013710 0.014999
0 0.776643 0.593762 0.012338 0.012084
0 0.296278 0.471200 0.013541 0.014308
0 0.737774 0.519743 0.014617 0.016640
1 0.450994 0.769919 0.050699 0.049615
0 0.846747 0.539296 0.012823 0.013792
0 0.570704 0.559348 0.013393 0.013795
0 0.713825 0.892905 0.013163 0.013749
0 0.344920 0.635770 0.012621 0.013349
0 0.127097 0.586863 0.013804 0.012700
0 0.295506 0.758712 0.014373 0.014792
0 0.527221 0.612248 0.015221 0.014812
0 0.779451 0.485691 0.015896 0.015107
0 0.540229 0.309691 0.014561 0.017514
0 0.042862 0.855722 0.012388 0.013655
0 0.505022 0.552372 0.013426 0.013897
0 0.151401 0.718523 0.011973 0.011702
0 0.692589 0.281554 0.014207 0.016878
0 0.392349 0.531994 0.015501 0.015934
0 0.573822 0.942385 0.013622 0.013532
0 0.299277 0.975913 0.012884 0.013328
0 0.013406 0.463071 0.013545 0.013996
0 0.382906 0.484200 0.014634 0.016786
0 0.624946 0.751365 0.013908 0.013832
0 0.348647 0.965766 0.015312 0.015505
0 0.424391 0.419114 0.014195 0.013961
1 0.566608 0.881407 0.049801 0.050736
0 0.805105 0.852209 0.013344 0.013615
0 0.683828 0.670790 0.013381 0.013014
0 0.656040 0.981802 0.014927 0.015711
0 0.477748 0.522697 0.017254 0.013848
0 0.322492 0.471304 0.015898 0.017255
0 0.092762 0.731281 0.012181 0.012371
0 0.229748 0.281599 0.014942 0.021888
0 0.190596 0.587494 0.014976 0.015846
0 0.088355 0.419243 0.014866 0.015093
0 0.776802 0.376486 0.015255 0.012807
0 0.792434 0.635060 0.012613 0.011625
0 0.410158 0.631189 0.012838 0.012932
0 0.668301 0.516714 0.012869 0.013829
0 0.357384 0.801378 0.015141 0.020619
0 0.829055 0.457772 0.017093 0.017197
0 0.500172 0.707458 0.015627 0.015019
0 0.804525 0.611330 0.019305 0.014796
0 0.174918 0.495057 0.016710 0.017114
0 0.418992 0.741468 0.015117 0.016373
0 0.073928 0.892871 0.011930 0.012202
0 0.758218 0.656657 0.014121 0.014245
0 0.229889 0.907114 0.015534 0.017689
0 0.650514 0.426401 0.013080 0.013020
0 0.650895 0.758717 0.012567 0.012375
0 0.812378 0.344059 0.017051 0.018942
0 0.455843 0.976361 0.016875 0.017152
0 0.531659 0.578140 0.017156 0.016741
0 0.272943 0.510384 0.015540 0.015179
0 0.673443 0.966392 0.014567 0.013962
0 0.807136 0.696531 0.012429 0.012376
0 0.131292 0.982400 0.017774 0.015120
0 0.623510 0.882905 0.013379 0.012963
0 0.380934 0.185394 0.010661 0.013866
0 0.221619 0.662361 0.014688 0.015438
0 0.090960 0.460966 0.018277 0.019309
0 0.704939 0.636504 0.017511 0.014106
0 0.661580 0.679674 0.012277 0.015307
0 0.114065 0.809234 0.012847 0.012040
0 0.881708 0.589164 0.014328 0.015313
1 0.838713 0.684588 0.039109 0.036085
0 0.671218 0.770470 0.012213 0.012036
0 0.807480 0.912683 0.012213 0.013426
0 0.214222 0.945250 0.013875 0.013832
0 0.503568 0.332622 0.014308 0.015859
0 0.374486 0.644458 0.013040 0.014092
0 0.124774 0.838600 0.011636 0.012584
0 0.347465 0.408929 0.014839 0.015856
0 0.894012 0.607919 0.012461 0.013300
0 0.253215 0.349947 0.019864 0.016381
0 0.138328 0.855560 0.011741 0.011371
0 0.306772 0.583720 0.014374 0.015081
0 0.732310 0.353579 0.015226 0.017196
0 0.317292 0.808145 0.016267 0.015381
0 0.148878 0.679249 0.011724 0.011577
0 0.601524 0.773657 0.014637 0.013971
0 0.838573 0.487823 0.013211 0.014659
0 0.468909 0.948766 0.014775 0.014720
0 0.378611 0.885045 0.014539 0.013886
0 0.229971 0.861434 0.013645 0.012997
0 0.601784 0.267063 0.013337 0.013533
0 0.587248 0.536551 0.013289 0.012172
0 0.228829 0.975285 0.013478 0.013848
0 0.581131 0.594048 0.014369 0.013720
0 0.825179 0.378097 0.015818 0.015520
0 0.626180 0.473717 0.014561 0.013597
0 0.412824 0.283809 0.013051 0.013694
0 0.688791 0.248737 0.014583 0.014751
0 0.258383 0.909229 0.014042 0.013365
0 0.718036 0.794718 0.012698 0.013811
0 0.519930 0.980122 0.014628 0.017017
0 0.591845 0.914209 0.013355 0.015153
0 0.618098 0.227167 0.014505 0.016324
0 0.697528 0.469266 0.014091 0.015435
0 0.293097 0.932669 0.013215 0.017721
0 0.130070 0.460011 0.013454 0.014688
0 0.756574 0.820017 0.012758 0.018523
0 0.228523 0.718871 0.015635 0.014751
0 0.604580 0.950142 0.016171 0.014060
0 0.164491 0.448134 0.018918 0.020947
0 0.175613 0.703089 0.014145 0.014529
0 0.495477 0.937420 0.017435 0.016080
0 0.262593 0.354018 0.016612 0.015128
0 0.338772 0.845315 0.014063 0.014096
0 0.750812 0.294238 0.014794 0.016088
0 0.554955 0.793887 0.013821 0.013844
0 0.866955 0.404732 0.016216 0.016538
0 0.484727 0.593246 0.013353 0.012930
0 0.686809 0.938286 0.014236 0.012958
0 0.431658 0.200361 0.013200 0.013340
0 0.190050 0.979724 0.011972 0.012095
0 0.818056 0.632383 0.011607 0.010647
0 0.680556 0.530130 0.013479 0.012116
0 0.495765 0.673681 0.013541 0.015218
0 0.040738 0.728000 0.013771 0.013057
0 0.553091 0.735342 0.014816 0.012583
0 0.383752 0.580872 0.018933 0.015913
0 0.438673 0.884807 0.016764 0.018056
0 0.304993 0.648246 0.013501 0.013727
0 0.334060 0.486371 0.013426 0.014113
0 0.704208 0.456091 0.016225 0.017579
0 0.514990 0.781373 0.016130 0.016750
0 0.117952 0.486854 0.016724 0.014156
0 0.744296 0.778268 0.012472 0.014066
0 0.393339 0.506377 0.012967 0.013558
0 0.493811 0.916520 0.015737 0.016717
0 0.632769 0.411459 0.014450 0.017692
0 0.088480 0.828504 0.011129 0.011355
0 0.099673 0.757336 0.014694 0.018549
0 0.813773 0.426482 0.013918 0.014776
0 0.737434 0.462609 0.016820 0.013851
0 0.423269 0.229874 0.012498 0.012719
0 0.172660 0.580008 0.014400 0.012988
0 0.453196 0.323665 0.014473 0.013848
0 0.419334 0.810338 0.014937 0.014912
0 0.811590 0.807013 0.014061 0.012250
0 0.645725 0.950804 0.013969 0.013019
0 0.444353 0.718225 0.013417 0.016445
0 0.886911 0.656005 0.013164 0.011827
0 0.844877 0.651668 0.014727 0.013268
0 0.631438 0.931216 0.015884 0.019909
0 0.343364 0.282031 0.015587 0.013952
0 0.188863 0.510619 0.015195 0.015200
0 0.263070 0.292932 0.012291 0.013299
0 0.855494 0.810774 0.013082 0.016586
0 0.913567 0.728156 0.012572 0.012618
0 0.712432 0.294424 0.014916 0.014587
0 0.241533 0.218559 0.015637 0.016737
0 0.525264 0.857334 0.014112 0.014925
0 0.283223 0.597582 0.014363 0.013640
0 0.128026 0.731267 0.013613 0.011605
0 0.221450 0.229202 0.016105 0.016892
0 0.339667 0.308239 0.014526 0.016184
0 0.463269 0.572989 0.012754 0.012344
0 0.508998 0.644349 0.013796 0.015163
0 0.330631 0.661024 0.012715 0.016067
0 0.104810 0.604460 0.011960 0.013066
0 0.057061 0.668348 0.010980 0.011840
0 0.877964 0.562087 0.016445 0.017240
0 0.637768 0.594250 0.018022 0.017268
0 0.654746 0.788230 0.012277 0.012798
0 0.392685 0.613309 0.016834 0.018491
0 0.062674 0.545489 0.021061 0.016904
0 0.121437 0.637060 0.015914 0.015221
0 0.433527 0.240077 0.012345 0.012318
0 0.095119 0.499843 0.014390 0.014341
0 0.771389 0.355001 0.011861 0.012170
0 0.401610 0.850971 0.014116 0.016565
0 0.756405 0.336631 0.019997 0.017442
0 0.008644 0.721923 0.012562 0.013759
0 0.097200 0.761830 0.013870 0.014901
0 0.439912 0.833640 0.016299 0.018055
0 0.601174 0.568728 0.013461 0.013297
0 0.647618 0.217988 0.018450 0.018434
0 0.537885 0.992076 0.013959 0.014859
0 0.663377 0.582371 0.016167 0.014166
0 0.438722 0.584611 0.012925 0.013492
0 0.167245 0.772096 0.012195 0.012955
0 0.025406 0.872639 0.011237 0.012399
0 0.404822 0.668549 0.015080 0.014427
0 0.788892 0.417813 0.015745 0.013334
0 0.387291 0.319902 0.012767 0.015515
0 0.693050 0.607835 0.013485 0.018590
0 0.324005 0.588617 0.013305 0.014122
0 0.636352 0.515672 0.011938 0.012038
0 0.568083 0.719102 0.014270 0.015309
0 0.523139 0.497215 0.013523 0.012940
0 0.825480 0.918254 0.012713 0.012418
0 0.241882 0.806081 0.013674 0.013257
0 0.104248 0.930057 0.014443 0.013666
0 0.440286 0.536394 0.014008 0.014582
1 0.661608 0.398804 0.033491 0.034091
0 0.675280 0.236207 0.013109 0.016150
0 0.818438 0.986074 0.014377 0.015589
0 0.200731 0.891249 0.013356 0.012122
0 0.416353 0.897394 0.016918 0.013791
0 0.074097 0.787363 0.012598 0.013278
0 0.313040 0.240899 0.014740 0.013882
0 0.202298 0.919123 0.014190 0.012061
0 0.139658 0.497262 0.012712 0.012878
0 0.427440 0.269245 0.016809 0.015625
0 0.769813 0.412825 0.014621 0.013839
0 0.824495 0.724535 0.011925 0.011484
0 0.677284 0.369359 0.013990 0.012795
0 0.567628 0.268052 0.012761 0.012114
0 0.796146 0.808332 0.012875 0.012267
0 0.218848 0.947483 0.020703 0.015050
0 0.062516 0.450897 0.014485 0.014863
0 0.334463 0.815126 0.013863 0.013551
0 0.417070 0.304904 0.011939 0.012339
0 0.754951 0.701431 0.012157 0.013502
0 0.703644 0.682746 0.014874 0.015252
0 0.004064 0.580809 0.008128 0.012881
0 0.705844 0.845505 0.015788 0.014677
0 0.431248 0.440688 0.014490 0.018216
0 0.300803 0.850627 0.012383 0.012408
0 0.729377 0.678918 0.015302 0.012432
0 0.026004 0.934350 0.012725 0.012996
0 0.568339 0.522564 0.015472 0.014280
0 0.099601 0.681754 0.010994 0.011898
0 0.785180 0.963278 0.014677 0.017193
0 0.556688 0.521560 0.016864 0.013778
0 0.411785 0.214644 0.009734 0.011378
0 0.237298 0.722888 0.016788 0.013841
0 0.450499 0.815520 0.014577 0.015392
0 0.419887 0.162264 0.016224 0.012936
0 0.213719 0.825713 0.012811 0.014474
0 0.313803 0.411130 0.014016 0.013013
0 0.270483 0.555537 0.016104 0.017588
0 0.481632 0.215016 0.012401 0.013389
0 0.732693 0.362554 0.016295 0.021762
0 0.089426 0.928585 0.014142 0.013638
0 0.282906 0.703812 0.014529 0.014081
0 0.740390 0.953499 0.011271 0.011591
0 0.748506 0.320013 0.015677 0.018393
0 0.755125 0.854319 0.013483 0.011975
0 0.582448 0.964546 0.015316 0.016225
0 0.764574 0.988498 0.013548 0.014995
0 0.500304 0.238589 0.012636 0.013248
0 0.881384 0.841987 0.014605 0.015338
0 0.227156 0.953591 0.014400 0.013864
0 0.727842 0.848258 0.016049 0.014678
0 0.831278 0.706014 0.014744 0.012470
0 0.813010 0.756363 0.011766 0.012413
0 0.749481 0.793320 0.011707 0.011530
0 0.018948 0.782506 0.010905 0.011806
0 0.213643 0.283456 0.025666 0.021387
0 0.925013 0.596894 0.014753 0.016171
0 0.219951 0.567375 0.016183 0.015454
0 0.445850 0.411940 0.013930 0.013237
0 0.853388 0.845919 0.016253 0.014020
0 0.407661 0.762963 0.013699 0.013677
0 0.465830 0.380608 0.012255 0.015333
0 0.651551 0.928218 0.014041 0.014676
0 0.184310 0.800174 0.013187 0.013902
0 0.277648 0.772434 0.013252 0.014393
0 0.755372 0.716839 0.013005 0.017559
0 0.608222 0.900354 0.012218 0.012597
0 0.386416 0.329364 0.015559 0.019643
0 0.695995 0.574871 0.014021 0.016033
0 0.100730 0.397640 0.014491 0.014466
0 0.697656 0.581026 0.014760 0.017198
0 0.722443 0.811452 0.010944 0.012834
0 0.780382 0.976656 0.016618 0.017740
0 0.407362 0.869291 0.021064 0.018840
0 0.487082 0.726702 0.013029 0.014502
0 0.929487 0.694549 0.015280 0.013638
0 0.645634 0.582909 0.019856 0.017187
0 0.337258 0.868979 0.012643 0.013177
0 0.548678 0.624732 0.012029 0.011755
0 0.385001 0.335708 0.014125 0.014537
0 0.242411 0.662742 0.012979 0.013842
0 0.787639 0.665485 0.016643 0.012219
0 0.536537 0.689481 0.012520 0.013518
0 0.479769 0.995336 0.017194 0.009328
0 0.011026 0.742557 0.013498 0.011430