0 0.599186 0.497891 0.020785 0.016292
0 0.767515 0.621802 0.023567 0.018087
0 0.696696 0.545902 0.023109 0.016623
0 0.550861 0.441365 0.018719 0.014443
0 0.446931 0.870812 0.024411 0.018253
0 0.476636 0.622929 0.018826 0.014581
0 0.597733 0.420539 0.016798 0.012766
0 0.572751 0.465463 0.017646 0.014785
0 0.312560 0.579273 0.026594 0.021394
0 0.527117 0.649105 0.018529 0.013282
0 0.348841 0.552207 0.019736 0.014293
0 0.609353 0.457313 0.019654 0.014261
0 0.589850 0.663834 0.020080 0.014973
0 0.675143 0.597795 0.019853 0.015403
0 0.505341 0.890220 0.024031 0.016574
0 0.197589 0.660370 0.019043 0.014729
0 0.283773 0.676064 0.016692 0.012439
0 0.480105 0.865718 0.022720 0.015983
0 0.707898 0.773731 0.018483 0.013530
0 0.550498 0.495065 0.022450 0.017792
1 0.782266 0.798129 0.038886 0.035273
0 0.234281 0.722015 0.018348 0.016190
0 0.284232 0.712400 0.016140 0.012635
0 0.438701 0.415459 0.027959 0.019954
0 0.245105 0.342757 0.020676 0.015427
0 0.656593 0.616998 0.018863 0.014508
0 0.748870 0.694564 0.021953 0.016365
1 0.698307 0.802075 0.044199 0.036531
0 0.635766 0.426298 0.015525 0.011763
0 0.740375 0.669651 0.017643 0.013178
1 0.834832 0.618024 0.039971 0.032332
0 0.840221 0.543975 0.016183 0.012315
0 0.200737 0.600152 0.023719 0.017460
0 0.413404 0.670375 0.014982 0.011113
0 0.698327 0.589937 0.018056 0.013759
0 0.243385 0.741196 0.020979 0.015728
0 0.375569 0.867793 0.019806 0.015246
0 0.611293 0.628219 0.015856 0.012368
0 0.261192 0.725109 0.021221 0.016806
1 0.303193 0.824877 0.057161 0.043231
0 0.641283 0.837910 0.019266 0.016402
0 0.462242 0.275513 0.020660 0.012947
0 0.728507 0.467211 0.020185 0.016337
0 0.348168 0.832593 0.019923 0.015918
0 0.415425 0.812225 0.022807 0.016586
0 0.536338 0.717339 0.020974 0.017357
0 0.549750 0.472707 0.017389 0.013604
0 0.433000 0.677273 0.014526 0.010977
0 0.299966 0.383848 0.017233 0.014829
0 0.840815 0.573458 0.014286 0.010720
0 0.382824 0.282175 0.022990 0.015925
0 0.434801 0.299739 0.022387 0.017234
0 0.464480 0.635995 0.016995 0.012666
0 0.540602 0.650166 0.017047 0.011328
0 0.245658 0.487790 0.021344 0.019409
0 0.573214 0.730019 0.017225 0.013703
0 0.774364 0.400105 0.018772 0.015499
0 0.289569 0.858781 0.026395 0.018443
0 0.602484 0.396890 0.016431 0.012372
0 0.541032 0.560704 0.017858 0.014992
0 0.519131 0.590551 0.016464 0.013186
0 0.323770 0.731742 0.020408 0.016659
0 0.764866 0.488976 0.018191 0.014487
0 0.512166 0.692289 0.016308 0.013899
0 0.842387 0.596492 0.013881 0.011042
0 0.121893 0.633123 0.017756 0.014491
0 0.505539 0.860290 0.017776 0.012918
0 0.550449 0.317109 0.024534 0.027539
0 0.572139 0.505571 0.017777 0.013079
0 0.240494 0.735466 0.027385 0.026923
1 0.403960 0.515151 0.052335 0.032206