0 0.489359 0.541799 0.017746 0.014351
1 0.782852 0.328360 0.053108 0.041765
0 0.164141 0.465674 0.017667 0.013904
0 0.706140 0.273149 0.015639 0.012636
0 0.179181 0.356396 0.015626 0.011809
0 0.149700 0.406810 0.016908 0.013938
0 0.424815 0.654493 0.030557 0.021245
0 0.198753 0.521524 0.014466 0.011316
1 0.538364 0.259665 0.049183 0.040471
1 0.210763 0.490388 0.046742 0.038090
0 0.409405 0.389121 0.014734 0.012424
1 0.387186 0.206364 0.070457 0.048814
0 0.460226 0.585652 0.016370 0.012956
0 0.509232 0.460162 0.016242 0.011969
1 0.441169 0.429491 0.046092 0.036303
0 0.389867 0.417394 0.014125 0.010804
0 0.461084 0.322507 0.015674 0.014585
0 0.282901 0.419714 0.016553 0.013632
0 0.453478 0.496077 0.013358 0.010579
0 0.485972 0.450691 0.019089 0.017478
0 0.687608 0.424824 0.018777 0.016008
0 0.325428 0.375201 0.016672 0.013298
0 0.743830 0.422329 0.016695 0.012472
0 0.451131 0.372328 0.025477 0.017213
0 0.405643 0.673070 0.028146 0.019731
0 0.389507 0.601094 0.015229 0.012503
0 0.488797 0.245983 0.018453 0.014518
0 0.345986 0.538156 0.014128 0.011060
1 0.216012 0.276825 0.053772 0.034761
0 0.533073 0.440878 0.017533 0.014294
0 0.506681 0.339815 0.016250 0.014594
0 0.173071 0.413907 0.013239 0.012683
0 0.749504 0.224530 0.015830 0.013288
0 0.275597 0.466232 0.014375 0.013070
0 0.479854 0.297445 0.015246 0.011933
0 0.194644 0.560160 0.011877 0.008826
0 0.290731 0.651907 0.018920 0.013325
0 0.343379 0.613215 0.017094 0.013323
0 0.539710 0.496715 0.016139 0.013259
0 0.328469 0.337934 0.016187 0.012575
0 0.310234 0.561602 0.013439 0.009885
0 0.532339 0.595750 0.026451 0.021976
0 0.224950 0.549445 0.014187 0.012187
0 0.573916 0.207367 0.017665 0.014142
1 0.469863 0.341178 0.043391 0.031818
0 0.206862 0.362773 0.015984 0.012658
0 0.090139 0.330874 0.017292 0.014867
0 0.278577 0.351140 0.018810 0.011632
0 0.392284 0.349440 0.012122 0.010640
0 0.635255 0.413519 0.015973 0.013669
0 0.398181 0.561896 0.014091 0.011454
0 0.741039 0.407075 0.013645 0.010759
0 0.582675 0.459515 0.016183 0.014021
0 0.440642 0.239846 0.017686 0.015673
0 0.684246 0.339859 0.016262 0.012301
0 0.459334 0.525273 0.015747 0.014179