0 0.349516 0.640965 0.015156 0.012558
0 0.389776 0.608667 0.016775 0.012279
0 0.652926 0.532992 0.018665 0.015232
0 0.631545 0.503383 0.016078 0.013179
0 0.460151 0.627870 0.015122 0.011692
0 0.087866 0.432489 0.015839 0.012163
0 0.106957 0.491048 0.020575 0.015041
0 0.557966 0.759267 0.016840 0.012832
0 0.288347 0.413948 0.019585 0.014555
0 0.153790 0.423681 0.018203 0.013597
0 0.056649 0.524151 0.018720 0.014611
0 0.057192 0.434716 0.016345 0.013208
0 0.520699 0.785265 0.023958 0.016494
0 0.496970 0.342387 0.015576 0.012886
0 0.162944 0.544622 0.019559 0.016381
0 0.114945 0.457696 0.017345 0.013809
1 0.451635 0.651761 0.045859 0.036255
0 0.220180 0.421245 0.022508 0.015889
0 0.170371 0.748828 0.015218 0.010356
0 0.536715 0.760815 0.016651 0.011952
0 0.627367 0.551957 0.018566 0.013300
0 0.435526 0.724284 0.014922 0.011796
0 0.155012 0.624981 0.012643 0.009371
1 0.346547 0.528437 0.047541 0.035180
0 0.498363 0.588144 0.014881 0.012172
0 0.563458 0.379933 0.016393 0.011771
0 0.122686 0.639627 0.016781 0.011234
0 0.205262 0.532333 0.015496 0.011989
0 0.410015 0.540935 0.015196 0.011147
0 0.471442 0.693446 0.018574 0.014706
0 0.507056 0.315910 0.014216 0.012358
0 0.598091 0.409495 0.015041 0.011970
0 0.078640 0.366491 0.015478 0.011705
0 0.214711 0.612717 0.013928 0.010664
0 0.525058 0.549665 0.015508 0.012414
0 0.031888 0.457280 0.016712 0.014923
0 0.206064 0.374391 0.018224 0.014767
0 0.234953 0.399525 0.021509 0.016498
0 0.181593 0.297092 0.016148 0.013069
0 0.380340 0.361126 0.014913 0.011733
0 0.232920 0.633084 0.012943 0.010540
0 0.207226 0.591562 0.017883 0.014313
0 0.304485 0.463198 0.016797 0.012803
0 0.709513 0.495940 0.016646 0.013220
0 0.174356 0.788930 0.014872 0.012419
0 0.347986 0.424296 0.017784 0.015059
0 0.491472 0.520107 0.015538 0.011531
1 0.548454 0.275299 0.047099 0.032149
0 0.690427 0.647794 0.014264 0.010998
0 0.270999 0.774698 0.021603 0.014922
0 0.623417 0.482797 0.015186 0.011997
0 0.165817 0.409835 0.015025 0.011370
0 0.422294 0.358276 0.014550 0.011292
0 0.615470 0.374521 0.014028 0.011935
0 0.301630 0.350179 0.015983 0.013614
0 0.294339 0.459864 0.027764 0.013245
0 0.182689 0.495747 0.014268 0.011645
0 0.498322 0.550617 0.014382 0.011546
0 0.225166 0.481009 0.014227 0.010642
0 0.131145 0.598931 0.023142 0.014381
0 0.740958 0.598882 0.014330 0.011752
0 0.276580 0.325907 0.017296 0.018560
0 0.291278 0.649984 0.016767 0.012008
0 0.359910 0.561161 0.014691 0.011327
0 0.248367 0.771770 0.015584 0.012550
0 0.669103 0.477152 0.015105 0.012163
0 0.731127 0.459565 0.015183 0.012471
0 0.352817 0.439501 0.021905 0.017161
0 0.179056 0.626438 0.011289 0.009145
0 0.513869 0.568316 0.013321 0.009710
0 0.114220 0.415960 0.013353 0.011177
0 0.696522 0.527446 0.014076 0.011102
0 0.414701 0.442873 0.020662 0.015400
0 0.521511 0.532195 0.013719 0.011980
0 0.247720 0.649922 0.012869 0.010238
0 0.170991 0.322444 0.015041 0.011958
0 0.689223 0.451508 0.012690 0.010976
0 0.502564 0.639722 0.012381 0.011228
0 0.645258 0.421767 0.012278 0.010544
0 0.361573 0.315913 0.014179 0.012048
0 0.412887 0.451375 0.018374 0.016214