0 0.540441 0.737459 0.020592 0.015953
0 0.578376 0.486534 0.022179 0.016597
0 0.273813 0.447867 0.019516 0.015917
0 0.356622 0.610829 0.019471 0.015545
0 0.332644 0.554095 0.020987 0.015849
0 0.303562 0.631072 0.018993 0.014483
0 0.326603 0.582661 0.016928 0.012728
0 0.257361 0.603745 0.020683 0.017610
0 0.287570 0.579642 0.019734 0.016359
0 0.353044 0.418250 0.019450 0.016412
0 0.591197 0.364325 0.019629 0.015461
0 0.273688 0.763862 0.018145 0.013329
0 0.610037 0.639093 0.022804 0.016767
0 0.510778 0.755037 0.020072 0.016010
0 0.361846 0.821656 0.019152 0.015034
0 0.676170 0.412808 0.018610 0.015528
0 0.618341 0.503081 0.019056 0.015538
0 0.631940 0.732867 0.019888 0.016018
0 0.258634 0.714334 0.021730 0.016101
0 0.370376 0.502145 0.020347 0.016031
0 0.301327 0.394378 0.019115 0.016783
0 0.192895 0.512850 0.019944 0.013755
0 0.447163 0.625912 0.020572 0.016561
0 0.331643 0.376967 0.017415 0.013651
0 0.365025 0.358398 0.016096 0.012524
0 0.377162 0.478701 0.016939 0.012882
0 0.427091 0.340542 0.019596 0.014201
0 0.485464 0.386802 0.020607 0.017603
0 0.657538 0.475338 0.021140 0.017784
0 0.459842 0.362519 0.019882 0.015089
0 0.632710 0.851082 0.018954 0.014678
0 0.515348 0.565183 0.020437 0.016158
0 0.622653 0.469581 0.018843 0.015000
0 0.610378 0.426757 0.027047 0.020782
0 0.757475 0.701278 0.021448 0.017444
0 0.691038 0.756479 0.017125 0.013272
0 0.452505 0.825252 0.018412 0.013635
0 0.735809 0.451532 0.019102 0.014853
0 0.700516 0.550368 0.023208 0.016105
0 0.559050 0.769680 0.017284 0.013906
0 0.364565 0.332167 0.013676 0.010844
0 0.677286 0.855461 0.015863 0.011304
0 0.496466 0.438015 0.016939 0.013173
0 0.434320 0.859612 0.027786 0.021185
0 0.355105 0.699040 0.020235 0.015471
0 0.711748 0.491083 0.017879 0.013894
0 0.719404 0.503612 0.019036 0.015265
0 0.696781 0.859938 0.017124 0.013272
0 0.789034 0.624676 0.021381 0.017145
0 0.702130 0.717744 0.015801 0.011845
0 0.602831 0.865448 0.020622 0.015783
1 0.313186 0.829838 0.073632 0.050693
0 0.526096 0.606341 0.015255 0.012620
0 0.554023 0.376491 0.019322 0.015298
0 0.508547 0.817459 0.020215 0.016377
0 0.404912 0.857196 0.020271 0.016008
0 0.401027 0.524713 0.016886 0.014196
0 0.801014 0.547991 0.015541 0.012987
0 0.297900 0.656006 0.017619 0.013502
0 0.715669 0.496811 0.021347 0.021473
0 0.338356 0.361701 0.015329 0.012150
0 0.321525 0.455959 0.018705 0.015439
0 0.453636 0.329851 0.013765 0.011015
0 0.529475 0.802436 0.019488 0.015892
0 0.644808 0.699934 0.020515 0.018667
0 0.755780 0.695140 0.022155 0.016979
0 0.171976 0.569988 0.017399 0.014903