0 0.354630 0.519635 0.016592 0.012350
0 0.527195 0.372902 0.013375 0.010932
0 0.467543 0.470901 0.017405 0.012654
0 0.161642 0.524352 0.014866 0.010895
0 0.278545 0.667354 0.012520 0.009475
0 0.732493 0.534192 0.013577 0.010567
0 0.530927 0.472988 0.017016 0.010760
0 0.409425 0.460264 0.013330 0.010705
0 0.622969 0.379458 0.013736 0.011787
0 0.279323 0.614494 0.013134 0.010735
0 0.509226 0.788683 0.012258 0.009622
0 0.565281 0.389145 0.013652 0.010853
0 0.395244 0.591641 0.012591 0.010346
0 0.387428 0.481105 0.013886 0.010697
0 0.277779 0.407069 0.018369 0.016149
1 0.437828 0.409631 0.044994 0.037342
0 0.296085 0.697786 0.012229 0.009460
0 0.294459 0.726122 0.014076 0.009778
0 0.418802 0.758883 0.012137 0.009459
0 0.353781 0.425388 0.015979 0.012516
0 0.289611 0.633954 0.014955 0.011641
0 0.378402 0.439592 0.016353 0.011539
0 0.279920 0.454307 0.014468 0.010674
0 0.150061 0.552369 0.013265 0.010822
0 0.482843 0.528980 0.015002 0.012171
0 0.212582 0.535254 0.015520 0.011110
0 0.481164 0.552481 0.013069 0.010228
0 0.549976 0.645429 0.012952 0.010123
0 0.241260 0.607425 0.012317 0.009280
0 0.531536 0.827651 0.015538 0.012346
0 0.235793 0.541502 0.014426 0.010811
0 0.427704 0.544517 0.013594 0.009940
1 0.310249 0.784951 0.067972 0.047377
0 0.219371 0.731620 0.012790 0.009676
0 0.233968 0.448862 0.014606 0.010358
0 0.649880 0.547916 0.011606 0.009062
0 0.476724 0.623921 0.011348 0.008933
0 0.251213 0.368677 0.015245 0.011450
0 0.309788 0.372514 0.014008 0.010637
0 0.125461 0.547946 0.015608 0.012190
0 0.423525 0.495358 0.013882 0.010061
0 0.404321 0.529401 0.016735 0.014100
1 0.378070 0.697881 0.040949 0.034749
0 0.337777 0.747923 0.011909 0.008621
0 0.149358 0.600385 0.012573 0.009841
0 0.590133 0.392038 0.013714 0.013366
0 0.543467 0.547240 0.012269 0.009381
0 0.360524 0.791019 0.012546 0.010715
0 0.492522 0.397286 0.011580 0.010957
0 0.382026 0.394202 0.015585 0.012833
1 0.465651 0.693723 0.084328 0.056567
0 0.402537 0.376618 0.013429 0.010297
0 0.623452 0.526455 0.012711 0.009688
0 0.576943 0.575994 0.016145 0.014216
0 0.217842 0.610730 0.012970 0.009810
0 0.331335 0.390669 0.015538 0.013134
0 0.694288 0.579919 0.015797 0.012356
0 0.712719 0.353137 0.017261 0.013783
0 0.340882 0.692394 0.012592 0.010369
0 0.353163 0.395545 0.014588 0.011403
0 0.272695 0.573229 0.014296 0.009659
0 0.333133 0.588372 0.016720 0.013189
0 0.335969 0.823796 0.015019 0.012068
0 0.739865 0.368931 0.013866 0.011164
0 0.734952 0.678070 0.013848 0.010776
0 0.336316 0.710774 0.013250 0.010035
0 0.508075 0.436936 0.018022 0.013520
0 0.362223 0.358777 0.016326 0.012456
0 0.600422 0.612070 0.012999 0.010079
0 0.644964 0.627431 0.010712 0.008549
0 0.173587 0.396816 0.019716 0.015900
0 0.708953 0.721606 0.013726 0.011025
0 0.502147 0.658638 0.013989 0.009088
0 0.324909 0.468442 0.016540 0.012070
0 0.235464 0.335732 0.013725 0.010366
0 0.485549 0.284190 0.015549 0.013040
0 0.627762 0.706308 0.010685 0.008481
0 0.474520 0.497609 0.013207 0.010391
0 0.383604 0.357659 0.019619 0.013643
0 0.492792 0.510958 0.015637 0.010844
0 0.719182 0.660916 0.012414 0.009286
0 0.524163 0.526323 0.014146 0.010663
0 0.522265 0.645027 0.016191 0.013238
0 0.326949 0.567076 0.013206 0.010508
0 0.619651 0.423085 0.013867 0.009829
0 0.181478 0.683426 0.015002 0.011070
1 0.370885 0.559241 0.036825 0.027825
0 0.617845 0.800501 0.013156 0.010976
0 0.222388 0.513246 0.019209 0.013150
0 0.492007 0.349607 0.015838 0.012322
0 0.319910 0.449811 0.017847 0.012096
0 0.365131 0.740070 0.010659 0.008603
0 0.350585 0.376728 0.015020 0.011822
0 0.344010 0.332437 0.019084 0.014937
0 0.570342 0.334051 0.020453 0.014500
0 0.646460 0.711941 0.013361 0.010293
0 0.545479 0.513699 0.017623 0.013156
0 0.716777 0.634746 0.010984 0.009363
0 0.535292 0.755597 0.012571 0.010202
0 0.264957 0.308173 0.016620 0.014308
0 0.585556 0.495321 0.012691 0.009773
0 0.401110 0.328272 0.013198 0.010634
0 0.695932 0.559131 0.014125 0.010975
0 0.448916 0.272099 0.012575 0.010555
0 0.554800 0.604341 0.017654 0.016739
0 0.576880 0.666548 0.012428 0.011533
1 0.152027 0.484216 0.056598 0.039138
0 0.289746 0.496993 0.013724 0.011878
0 0.760735 0.711867 0.012078 0.009545
0 0.658756 0.365062 0.021165 0.010217
0 0.684466 0.715255 0.011943 0.009399
0 0.818630 0.407287 0.015626 0.013732
0 0.416589 0.797484 0.015674 0.011444
1 0.501110 0.572904 0.045370 0.032478
0 0.770941 0.469315 0.011125 0.009033
0 0.619973 0.501893 0.020300 0.014461
0 0.433191 0.565833 0.011306 0.009638
0 0.718723 0.329000 0.013653 0.010527
0 0.761833 0.390993 0.019431 0.014180
0 0.222325 0.754739 0.013617 0.009614
0 0.533287 0.280144 0.015871 0.014287
0 0.666922 0.342267 0.013542 0.010753
0 0.457762 0.428952 0.013453 0.010857
0 0.610452 0.653150 0.010968 0.008455
0 0.479855 0.455517 0.016926 0.012585
0 0.128446 0.404956 0.014408 0.012201
0 0.577486 0.425445 0.013519 0.011201
1 0.810960 0.485375 0.049606 0.034657
0 0.698353 0.461508 0.018979 0.011485
0 0.664032 0.677446 0.011656 0.009982
0 0.123460 0.424726 0.015048 0.011612
0 0.645760 0.458236 0.011987 0.008987
0 0.677564 0.361525 0.013450 0.010145
0 0.318565 0.428628 0.015960 0.010713
0 0.782415 0.404536 0.013902 0.011803
0 0.585111 0.744726 0.013199 0.011466
0 0.794646 0.627203 0.011302 0.008442
0 0.224473 0.357242 0.014488 0.011686
0 0.433580 0.517469 0.012654 0.009937
0 0.606060 0.751213 0.013551 0.012073
0 0.427521 0.291437 0.011320 0.010175
0 0.648190 0.343571 0.015387 0.010920
0 0.506820 0.261250 0.012184 0.008703
0 0.473092 0.309889 0.016877 0.011376
0 0.738851 0.725029 0.012798 0.009355
0 0.677083 0.429367 0.018708 0.016061
0 0.219176 0.445869 0.013175 0.009627
0 0.760444 0.416453 0.013409 0.013053
0 0.429252 0.313168 0.017534 0.013343
0 0.390401 0.653479 0.014630 0.010226
0 0.751542 0.729973 0.012539 0.008492
0 0.757530 0.585076 0.015585 0.011707
0 0.588020 0.442196 0.028191 0.020861
0 0.206413 0.489829 0.013762 0.011352
0 0.645971 0.438658 0.018746 0.016253
0 0.421372 0.583671 0.012856 0.009435
0 0.768852 0.560328 0.016957 0.014517
0 0.598949 0.590549 0.014187 0.011356
0 0.304941 0.299733 0.017756 0.013685
0 0.628371 0.660670 0.015980 0.011218
0 0.825443 0.443025 0.018682 0.013199
0 0.610554 0.551180 0.011128 0.007819
0 0.233825 0.558618 0.016279 0.012861
0 0.462833 0.607472 0.011842 0.009398
0 0.314401 0.607167 0.015136 0.011678
0 0.458314 0.740075 0.010344 0.008028
0 0.681818 0.500490 0.012528 0.010509
0 0.513518 0.417666 0.014120 0.009788
0 0.136778 0.534187 0.012934 0.009934
1 0.732691 0.502358 0.052345 0.034453
0 0.652243 0.651417 0.010965 0.010041
1 0.070956 0.542916 0.030291 0.037721
0 0.618326 0.581827 0.017143 0.014641
0 0.668727 0.325270 0.011677 0.012390
1 0.125308 0.477841 0.071887 0.042103
0 0.712632 0.423084 0.011879 0.009119
0 0.568413 0.803461 0.012581 0.009036
0 0.574449 0.671374 0.011850 0.011103
0 0.647817 0.774795 0.011230 0.009286
0 0.570911 0.299947 0.022575 0.019222
0 0.616446 0.727555 0.009656 0.007595
0 0.622287 0.449740 0.014622 0.012263
0 0.724297 0.740856 0.012205 0.009756
1 0.660698 0.405472 0.032206 0.018838
0 0.700563 0.695140 0.010849 0.008431
0 0.440095 0.735841 0.009599 0.007529
0 0.366184 0.492131 0.010683 0.007934
0 0.532183 0.297975 0.013210 0.013246
0 0.619827 0.790878 0.011776 0.009902
0 0.219954 0.698981 0.011981 0.009504
0 0.537541 0.711302 0.010191 0.010151
0 0.254962 0.508747 0.016780 0.010779
0 0.566910 0.369051 0.010732 0.008768
0 0.621948 0.455868 0.014466 0.012397
0 0.701701 0.319830 0.015688 0.012667
0 0.720450 0.566739 0.013682 0.014497
0 0.445243 0.329915 0.012796 0.009102
0 0.585749 0.533694 0.024559 0.017315
0 0.535712 0.419484 0.017193 0.016051
0 0.643908 0.760738 0.010709 0.008381
0 0.169710 0.608413 0.011862 0.009678
0 0.244134 0.473476 0.012773 0.010449
0 0.245897 0.770554 0.013250 0.010580
0 0.162065 0.371918 0.014265 0.012800
0 0.361441 0.819884 0.011932 0.010407
0 0.469969 0.644692 0.014432 0.013116
0 0.189548 0.590354 0.013150 0.010994
0 0.715352 0.326483 0.015966 0.011937
1 0.224275 0.384828 0.044688 0.028435
1 0.087137 0.592082 0.037083 0.027269
0 0.239632 0.715471 0.009489 0.007651
0 0.526148 0.778611 0.011892 0.011084
0 0.456772 0.361284 0.024110 0.022017
0 0.188901 0.714954 0.013666 0.011645
0 0.208735 0.683477 0.010625 0.008824
0 0.129099 0.539388 0.016784 0.013771
0 0.642557 0.314700 0.012362 0.010913
0 0.264661 0.493466 0.012916 0.010926
0 0.488810 0.346488 0.017884 0.013335
0 0.734406 0.436946 0.012954 0.010471
0 0.146266 0.448518 0.011677 0.009247
0 0.304324 0.430829 0.015541 0.011203
0 0.705365 0.519747 0.015062 0.009192
0 0.362262 0.276124 0.017014 0.013757
0 0.222047 0.783154 0.015404 0.012141
0 0.352848 0.832644 0.014832 0.011109
0 0.534413 0.427775 0.014066 0.016519
0 0.465109 0.650905 0.010863 0.009343
0 0.742969 0.610223 0.014657 0.010282
0 0.617922 0.795676 0.011753 0.015715
0 0.678152 0.697333 0.012983 0.010819
0 0.193743 0.723892 0.011853 0.010129
0 0.501344 0.308619 0.014983 0.010779
0 0.350748 0.607713 0.012347 0.010039
1 0.660101 0.488646 0.033399 0.027733
1 0.639227 0.285568 0.036977 0.022365