0 0.464147 0.371175 0.016406 0.012958
0 0.468230 0.460552 0.015024 0.012216
0 0.441772 0.436478 0.017147 0.013285
0 0.523178 0.513488 0.016395 0.012897
0 0.670298 0.476874 0.015230 0.011027
0 0.365730 0.647130 0.012987 0.010488
0 0.595734 0.381528 0.016423 0.013012
0 0.340363 0.590636 0.017105 0.013832
0 0.296703 0.819272 0.017850 0.013182
0 0.414832 0.330399 0.017060 0.013238
0 0.591796 0.472145 0.013282 0.011237
0 0.629768 0.452647 0.018267 0.013172
0 0.440061 0.316578 0.015584 0.012920
0 0.354129 0.287363 0.015218 0.012198
0 0.198253 0.784353 0.015990 0.012456
0 0.417712 0.539120 0.014279 0.011525
0 0.686897 0.494194 0.014216 0.011145
0 0.496243 0.476446 0.017001 0.012497
0 0.315437 0.616200 0.017458 0.013318
0 0.510759 0.391673 0.018714 0.016384
0 0.326294 0.422151 0.014545 0.011664
0 0.587978 0.353751 0.020714 0.015831
0 0.438684 0.691857 0.012423 0.009903
0 0.478398 0.542532 0.015516 0.012063
1 0.483020 0.757683 0.056364 0.044264
0 0.122482 0.711657 0.020099 0.013237
0 0.563680 0.538005 0.013611 0.010453
0 0.192282 0.481446 0.018300 0.013325
1 0.302988 0.293955 0.045392 0.039720
0 0.502819 0.555093 0.012776 0.009971
0 0.520868 0.570600 0.015959 0.011372
0 0.106461 0.611723 0.016929 0.012953
0 0.406776 0.696149 0.012909 0.010344
0 0.728286 0.616284 0.017944 0.013428
0 0.335412 0.552057 0.014059 0.010592
0 0.435301 0.645806 0.014517 0.010624
0 0.529903 0.345423 0.021661 0.017774
0 0.229100 0.795726 0.017600 0.014808
0 0.348583 0.397113 0.013117 0.011190
0 0.408892 0.666067 0.013175 0.011273
0 0.174721 0.720408 0.018708 0.012991
0 0.407688 0.818535 0.019608 0.015944
0 0.566583 0.656653 0.016331 0.014037
0 0.416400 0.777435 0.018122 0.014415
0 0.431564 0.504392 0.016896 0.013224
0 0.596350 0.676155 0.013853 0.010999
0 0.435789 0.474844 0.013315 0.010211
0 0.425351 0.714029 0.015323 0.010981
0 0.391645 0.587311 0.015603 0.011968
0 0.592687 0.328015 0.015751 0.012417
0 0.293813 0.481819 0.018011 0.013611
0 0.225448 0.498166 0.019535 0.013305
0 0.355874 0.714142 0.014203 0.010883
0 0.530109 0.434174 0.015356 0.012051
0 0.055797 0.567061 0.018971 0.012310
0 0.296976 0.767203 0.018262 0.013389
0 0.298821 0.714988 0.012758 0.009267
0 0.326791 0.467646 0.015824 0.013488
0 0.480784 0.297556 0.020756 0.013486
0 0.608796 0.402597 0.013419 0.011110
0 0.149175 0.738814 0.017664 0.013331
0 0.729023 0.392179 0.020166 0.016459
0 0.241912 0.661896 0.012664 0.009923
0 0.518576 0.676983 0.013058 0.011053
0 0.461794 0.330386 0.014933 0.012209
0 0.395547 0.398363 0.014758 0.011781
0 0.200887 0.521565 0.016180 0.013472
0 0.317105 0.686596 0.013293 0.009958
1 0.363888 0.827538 0.060955 0.054715
0 0.347120 0.666460 0.014658 0.011130
0 0.298899 0.336336 0.014337 0.013378
0 0.383501 0.728326 0.013866 0.010573
0 0.276519 0.734956 0.017079 0.013474
0 0.405769 0.474859 0.017914 0.015046
0 0.324422 0.709232 0.013638 0.010923
0 0.285092 0.700639 0.011272 0.008871
0 0.530329 0.609214 0.019559 0.016010
0 0.543572 0.473403 0.013706 0.010557
0 0.352670 0.733936 0.014887 0.010573
0 0.414199 0.425165 0.016495 0.012574
0 0.491794 0.664641 0.014608 0.010606
0 0.086422 0.391790 0.021563 0.016618
0 0.184530 0.767573 0.015858 0.012074
0 0.577398 0.692378 0.015912 0.012764
0 0.263844 0.599475 0.017784 0.013478
0 0.166291 0.423967 0.018893 0.012678
0 0.378964 0.670848 0.015721 0.012191
0 0.114889 0.744200 0.018099 0.013347
0 0.244031 0.482594 0.017400 0.013668
0 0.136674 0.599468 0.017450 0.014061
0 0.062181 0.598396 0.015246 0.012003
0 0.710990 0.510287 0.012633 0.009294
0 0.668393 0.569433 0.015279 0.012317
0 0.212351 0.600754 0.017854 0.015719
0 0.310371 0.587867 0.017608 0.013421
0 0.218266 0.638289 0.013103 0.012086
0 0.401597 0.735479 0.012210 0.009915
1 0.289892 0.536234 0.046337 0.037937
0 0.593982 0.715510 0.016606 0.014409
0 0.374958 0.299465 0.010871 0.009239
0 0.706164 0.400354 0.017516 0.014213
0 0.388982 0.654753 0.014136 0.010478
0 0.559717 0.359269 0.017398 0.014743
0 0.663075 0.391433 0.015389 0.011503
0 0.262002 0.758378 0.017704 0.012162
0 0.139689 0.385858 0.020577 0.016951
0 0.396573 0.357207 0.014516 0.011294
0 0.412384 0.682217 0.011852 0.009574
0 0.527431 0.717769 0.015389 0.011399
0 0.545865 0.671558 0.013224 0.009735
0 0.274890 0.407901 0.015350 0.020182
0 0.245561 0.630227 0.016563 0.014332
0 0.510444 0.617324 0.014062 0.010277
0 0.603073 0.583926 0.017649 0.011849
0 0.317701 0.346037 0.011809 0.008928
0 0.414323 0.612493 0.015738 0.011875
0 0.215783 0.739936 0.017641 0.015990
0 0.639732 0.714928 0.018856 0.013378
0 0.669435 0.540881 0.016166 0.013277
0 0.636075 0.491790 0.015541 0.011168
0 0.037367 0.438550 0.020726 0.015019
0 0.335048 0.754200 0.014821 0.012759
0 0.326075 0.722285 0.012715 0.009912
0 0.264394 0.582107 0.018658 0.012710
0 0.186199 0.450879 0.012802 0.009540
0 0.647698 0.403730 0.014335 0.010872
0 0.157054 0.661754 0.017614 0.014824
0 0.434761 0.589800 0.016304 0.013810
0 0.739011 0.583232 0.013534 0.010888
0 0.667141 0.699838 0.014571 0.011234
0 0.251719 0.825202 0.016306 0.011945
0 0.704185 0.639678 0.015523 0.012284
0 0.628145 0.416382 0.013690 0.010129
0 0.539736 0.416153 0.018485 0.011945
0 0.699248 0.652169 0.015894 0.011761
0 0.364166 0.578901 0.015588 0.012828
0 0.468032 0.416115 0.013170 0.010739
0 0.238110 0.323351 0.015388 0.013267
0 0.574582 0.461268 0.013108 0.011128
0 0.361031 0.253929 0.012595 0.009935
0 0.582544 0.542352 0.012634 0.010064
0 0.681680 0.375860 0.018784 0.014846
0 0.292708 0.351190 0.012946 0.010449
0 0.141733 0.543851 0.013429 0.011042
0 0.463903 0.579243 0.012762 0.009799
0 0.316334 0.783816 0.016626 0.013724
0 0.681173 0.678583 0.013053 0.010069
0 0.494473 0.694475 0.012671 0.008679
0 0.442606 0.616941 0.014458 0.010741
0 0.081097 0.451237 0.016107 0.012052
0 0.584031 0.764628 0.016349 0.010990
0 0.379442 0.346647 0.012373 0.010156
0 0.612920 0.772696 0.015926 0.010618
0 0.101427 0.684668 0.013126 0.010030
0 0.305777 0.463251 0.013829 0.011322
0 0.673378 0.736233 0.014311 0.010089
0 0.386940 0.323427 0.019785 0.018510
0 0.263342 0.551816 0.014208 0.010274
0 0.248324 0.616181 0.016489 0.013811
0 0.633250 0.605368 0.014216 0.011163
0 0.140106 0.355940 0.014508 0.010718
0 0.562748 0.511700 0.014625 0.011652
0 0.472250 0.621567 0.015391 0.012905
0 0.054273 0.457973 0.020547 0.017204
0 0.211958 0.582750 0.014894 0.013147
0 0.565576 0.727355 0.014236 0.011694
0 0.728998 0.662752 0.016201 0.013209
0 0.307040 0.633983 0.011223 0.008633
1 0.228596 0.359171 0.043841 0.026013
0 0.519939 0.688720 0.011476 0.010934
0 0.265885 0.331525 0.010797 0.008927
0 0.244821 0.531957 0.012796 0.011200
0 0.257361 0.299893 0.012341 0.010848
0 0.414549 0.297208 0.018517 0.015666
0 0.077582 0.608037 0.016857 0.012416
0 0.315205 0.449351 0.014737 0.012072
0 0.678496 0.651830 0.014477 0.011470
0 0.361546 0.459485 0.013706 0.011437
0 0.643334 0.378224 0.017028 0.014254
0 0.329307 0.273960 0.011285 0.008974
1 0.764732 0.524318 0.048341 0.037674
0 0.451765 0.265692 0.010647 0.009323
0 0.285097 0.585563 0.013797 0.010900
0 0.691716 0.577870 0.013008 0.010059
0 0.217604 0.769616 0.012657 0.010030
0 0.118427 0.346965 0.019017 0.013910
0 0.634481 0.746899 0.013689 0.010551
0 0.630039 0.357436 0.018922 0.016483
0 0.208300 0.287103 0.013500 0.010053
0 0.054129 0.471194 0.017878 0.013923
0 0.567294 0.443951 0.014938 0.013523
0 0.176906 0.297009 0.013277 0.011201
0 0.485471 0.521224 0.012716 0.009954
0 0.260975 0.296652 0.012668 0.010646
0 0.700763 0.532897 0.019600 0.014859
0 0.050021 0.523251 0.017259 0.012149
0 0.268657 0.487551 0.015857 0.012081
0 0.260888 0.666426 0.009848 0.008577
0 0.455558 0.827188 0.019938 0.015267
0 0.656782 0.682525 0.012168 0.009162
0 0.176832 0.370565 0.015203 0.013465