0 0.565632 0.557697 0.014811 0.010771
0 0.377127 0.349069 0.014929 0.011455
0 0.293224 0.342834 0.016993 0.013984
0 0.272505 0.314962 0.017549 0.012641
0 0.523720 0.323797 0.017986 0.012766
0 0.615659 0.643652 0.017569 0.013996
0 0.509972 0.620623 0.015604 0.012073
0 0.561852 0.472512 0.015629 0.012378
0 0.223433 0.317476 0.014344 0.012200
0 0.549943 0.344962 0.014804 0.010897
0 0.486309 0.292984 0.014500 0.011521
0 0.447913 0.379752 0.015261 0.012269
0 0.547288 0.578673 0.018026 0.013714
0 0.346570 0.361315 0.016301 0.012926
0 0.518678 0.534798 0.013313 0.010668
0 0.216268 0.557578 0.013557 0.011313
0 0.607147 0.322518 0.017565 0.013079
0 0.291366 0.294592 0.015284 0.012056
0 0.414065 0.472947 0.018283 0.014109
0 0.548975 0.528030 0.013815 0.010627
0 0.374124 0.637687 0.012660 0.009957
0 0.086160 0.358292 0.018413 0.014411
0 0.082385 0.393992 0.014584 0.011487
0 0.452224 0.582349 0.014545 0.010588
0 0.532781 0.291997 0.015780 0.013291
0 0.110872 0.544744 0.014225 0.010715
0 0.647020 0.534317 0.014681 0.011266
0 0.358832 0.475770 0.015701 0.012859
0 0.522745 0.600489 0.014445 0.011484
0 0.442763 0.329631 0.018087 0.013457
0 0.691242 0.532548 0.013628 0.010426
0 0.376365 0.505299 0.014509 0.011508
0 0.538714 0.375515 0.016273 0.010231
0 0.542761 0.427229 0.017993 0.015557
0 0.604940 0.523761 0.018474 0.012105
0 0.456458 0.262983 0.022073 0.013665
0 0.478287 0.474542 0.013515 0.010755
0 0.148890 0.558850 0.013644 0.010281
0 0.291781 0.477715 0.024795 0.014165
0 0.176890 0.315259 0.020082 0.016075
0 0.630136 0.678250 0.017884 0.012934
0 0.273267 0.261652 0.013460 0.010929
0 0.579624 0.304202 0.016731 0.013241
0 0.477678 0.515625 0.012574 0.010835
0 0.590785 0.616190 0.019486 0.014334
0 0.165386 0.546734 0.014690 0.011101
0 0.583533 0.341007 0.016823 0.012814
0 0.440252 0.434641 0.020948 0.013013
0 0.419099 0.255941 0.014710 0.012780
0 0.595964 0.459072 0.014078 0.010260
0 0.164067 0.377729 0.020543 0.014478
0 0.402040 0.515210 0.015170 0.012162
0 0.581828 0.541864 0.015711 0.011680
0 0.390750 0.282528 0.019320 0.015550
0 0.309887 0.686427 0.013560 0.010715
0 0.112926 0.608335 0.013536 0.010262
0 0.417621 0.392828 0.013288 0.010037
0 0.129547 0.588762 0.013522 0.009651
0 0.491168 0.254610 0.013440 0.012156
1 0.351214 0.789207 0.050162 0.041246
0 0.363205 0.590006 0.015026 0.012826
0 0.444097 0.349876 0.018438 0.011768
0 0.109239 0.291996 0.016895 0.014767
0 0.068840 0.453612 0.016532 0.012665
0 0.061668 0.560847 0.013790 0.011275
0 0.443658 0.602236 0.017318 0.013435
0 0.184177 0.536424 0.013991 0.011154
0 0.373127 0.252656 0.013448 0.013197
0 0.146932 0.603299 0.014593 0.010919
0 0.340731 0.628766 0.012989 0.010352
0 0.467609 0.228182 0.015843 0.012251
0 0.344368 0.650072 0.013976 0.010573
0 0.616276 0.440516 0.014361 0.010206
0 0.572791 0.666545 0.018495 0.014557
0 0.647529 0.473176 0.020144 0.013883
0 0.293449 0.420409 0.020160 0.013200
0 0.668256 0.433235 0.011445 0.007703
0 0.140313 0.454656 0.014847 0.011172
0 0.083060 0.621749 0.014745 0.012603
0 0.216151 0.375191 0.015226 0.011345
0 0.226463 0.728434 0.018658 0.014925
0 0.430586 0.521751 0.014472 0.012441
0 0.404667 0.228433 0.013596 0.011547
0 0.398569 0.412698 0.016597 0.010984
1 0.220394 0.403298 0.046183 0.031017
0 0.329567 0.643491 0.015327 0.011961
0 0.368718 0.710130 0.015403 0.012334
0 0.339627 0.401384 0.010587 0.008226
0 0.490650 0.667218 0.022723 0.016658
0 0.341245 0.335113 0.012283 0.009840
0 0.107838 0.426606 0.013539 0.011952
0 0.248971 0.429841 0.012759 0.010577
0 0.394298 0.241762 0.012858 0.010179
0 0.492000 0.400680 0.014419 0.011181
0 0.099765 0.648911 0.013816 0.010488
0 0.233984 0.254774 0.018490 0.017561
0 0.552707 0.502095 0.019821 0.013774
0 0.549429 0.612304 0.015947 0.013257
0 0.637903 0.435354 0.014124 0.009769
0 0.226532 0.684186 0.014665 0.011221
0 0.088410 0.485005 0.015568 0.012262
0 0.012618 0.390826 0.021541 0.016885
0 0.419291 0.277921 0.014306 0.010859
0 0.333499 0.297342 0.011841 0.009699
0 0.032658 0.532597 0.013575 0.011269
0 0.353298 0.323129 0.012776 0.009317
0 0.282981 0.507786 0.019668 0.013443
0 0.337850 0.214827 0.013608 0.010268
0 0.682304 0.363195 0.014920 0.011963
0 0.070624 0.603856 0.013119 0.009800
0 0.181634 0.465702 0.017713 0.011798
0 0.631891 0.569721 0.018120 0.014972
0 0.386822 0.676791 0.016805 0.013964
0 0.661803 0.383068 0.018878 0.012735
0 0.424119 0.681904 0.019597 0.011977
0 0.603747 0.559452 0.014624 0.014047
0 0.562146 0.275881 0.028808 0.016576
0 0.491592 0.271323 0.011796 0.011413
0 0.147322 0.722271 0.018489 0.013617
0 0.081607 0.422769 0.014048 0.011167
0 0.201481 0.718069 0.016008 0.011573
0 0.419838 0.297096 0.016208 0.011025
0 0.587054 0.370716 0.020744 0.014737
0 0.689833 0.507974 0.019454 0.012422
0 0.506200 0.695653 0.017380 0.013075
0 0.589991 0.404952 0.018803 0.013346
0 0.604771 0.425654 0.015469 0.010321
0 0.533112 0.408792 0.019688 0.012610
0 0.438207 0.241732 0.013096 0.009938
0 0.727428 0.481551 0.011664 0.008916
0 0.450755 0.416720 0.017334 0.011855
0 0.364119 0.737910 0.020608 0.014317
0 0.628162 0.284261 0.013947 0.011701
0 0.004410 0.549221 0.008819 0.009414
0 0.335055 0.575506 0.014201 0.011792
0 0.108410 0.373911 0.014927 0.014022
0 0.469318 0.391470 0.016663 0.010856
0 0.024823 0.497814 0.015339 0.010684
0 0.457407 0.624978 0.013064 0.010590
0 0.197300 0.499968 0.015184 0.014912
0 0.009502 0.593165 0.012619 0.010426
0 0.121504 0.494939 0.016290 0.011879
0 0.099699 0.452184 0.015346 0.011270
0 0.483323 0.371837 0.012567 0.010114
0 0.295169 0.439162 0.017528 0.011093
0 0.118987 0.385858 0.013212 0.010844
0 0.090350 0.672061 0.013924 0.011206
0 0.382746 0.595144 0.015380 0.015151
0 0.281963 0.238739 0.013096 0.011049
0 0.632852 0.505771 0.015680 0.010417
0 0.650052 0.420611 0.020852 0.010112
0 0.252460 0.462664 0.014730 0.012347
0 0.167407 0.479912 0.019748 0.012304
0 0.260379 0.224817 0.012758 0.011774
0 0.084314 0.592287 0.013134 0.009554
0 0.676719 0.456815 0.010524 0.008197
0 0.057343 0.479052 0.016208 0.009924
0 0.263976 0.366379 0.012688 0.010238
0 0.278499 0.432960 0.016331 0.011248
0 0.581547 0.279487 0.016225 0.012272
0 0.557081 0.388659 0.011171 0.008271
0 0.556594 0.252034 0.014782 0.011824
0 0.292577 0.512469 0.019481 0.013388
0 0.087719 0.471880 0.015383 0.010677
0 0.543305 0.499176 0.020621 0.013426
0 0.094515 0.577614 0.011878 0.010712
0 0.094844 0.568673 0.011631 0.011670
0 0.720511 0.560447 0.027111 0.015741
0 0.117609 0.627860 0.012654 0.009774
0 0.238063 0.259297 0.017860 0.015958
0 0.722796 0.521924 0.012963 0.010355
0 0.397925 0.265051 0.013537 0.010086
0 0.592278 0.367259 0.020418 0.015180
1 0.208619 0.664438 0.034592 0.026838