0 0.513051 0.455278 0.018977 0.014059
0 0.680637 0.695363 0.016483 0.012755
0 0.760138 0.536345 0.018174 0.013670
0 0.585752 0.544269 0.018734 0.013561
0 0.486286 0.494508 0.018799 0.014117
0 0.565394 0.635624 0.016060 0.012529
0 0.760004 0.609337 0.016420 0.012754
0 0.719338 0.612262 0.018168 0.013161
0 0.831866 0.594863 0.017522 0.013337
0 0.260854 0.648935 0.015862 0.011976
0 0.616726 0.635536 0.017158 0.013243
0 0.602786 0.747076 0.019602 0.014489
0 0.569047 0.674483 0.015092 0.011237
0 0.641944 0.620416 0.017390 0.013282
0 0.329718 0.746451 0.019599 0.015139
0 0.534177 0.569990 0.020469 0.015150
0 0.441668 0.583203 0.017310 0.013918
0 0.734427 0.641939 0.017223 0.013156
0 0.820717 0.548808 0.017290 0.012886
0 0.918707 0.497236 0.018982 0.014668
0 0.778943 0.441576 0.020580 0.015526
0 0.425702 0.687137 0.016913 0.012961
0 0.571376 0.452965 0.018722 0.015142
0 0.887058 0.633653 0.021390 0.013113
0 0.859972 0.709679 0.019966 0.014781
0 0.491323 0.657128 0.014265 0.010403
0 0.772313 0.669926 0.015631 0.011596
0 0.588615 0.578489 0.017580 0.014290
0 0.322634 0.540291 0.017749 0.014852
0 0.841856 0.466361 0.019612 0.014427
0 0.943513 0.523050 0.019659 0.015477
0 0.389926 0.789965 0.016739 0.012620
0 0.423763 0.477046 0.016231 0.012548
0 0.306775 0.596587 0.016448 0.012682
0 0.481178 0.529313 0.017504 0.013669
0 0.508247 0.417041 0.014880 0.011984
0 0.633192 0.694354 0.014900 0.011913
0 0.605160 0.689949 0.015901 0.013489
0 0.408172 0.615002 0.015755 0.012867
0 0.333744 0.657950 0.016588 0.013526
0 0.506333 0.639855 0.013665 0.010618
1 0.240913 0.518836 0.051529 0.041903
0 0.707730 0.747699 0.024018 0.018490
0 0.589643 0.714028 0.019122 0.013711
0 0.329010 0.586971 0.016709 0.011562
0 0.493083 0.579545 0.019053 0.014199
0 0.486512 0.686608 0.014407 0.011601
0 0.443668 0.621773 0.014847 0.010967
0 0.298788 0.633618 0.013973 0.010058
0 0.632312 0.728914 0.018428 0.013390
0 0.385123 0.427058 0.015703 0.012256
0 0.855362 0.665105 0.017610 0.012998
0 0.278108 0.608151 0.013508 0.010198
0 0.588089 0.645852 0.015890 0.012556
0 0.475627 0.441953 0.018658 0.017968
0 0.339776 0.718680 0.014467 0.010632
0 0.633283 0.425848 0.017855 0.015784
0 0.759756 0.692724 0.021385 0.015313
0 0.361984 0.496720 0.015078 0.011672
0 0.259301 0.673629 0.014657 0.010926
0 0.729918 0.722340 0.018023 0.015480
0 0.789563 0.615160 0.016137 0.012461
0 0.689406 0.645691 0.017813 0.019182
0 0.837010 0.677572 0.015340 0.010825
0 0.893489 0.448990 0.017756 0.013776
0 0.376381 0.738263 0.013893 0.011114
0 0.295354 0.560859 0.018886 0.014437
0 0.732810 0.377269 0.023185 0.017488
0 0.760344 0.457562 0.018023 0.014305
0 0.348867 0.765695 0.018085 0.013453
0 0.824526 0.756334 0.021166 0.015988
0 0.443102 0.695887 0.015930 0.012428
0 0.609146 0.598777 0.022540 0.013165
0 0.318278 0.689927 0.016168 0.012182
0 0.818588 0.411581 0.017478 0.013658
0 0.419285 0.536145 0.017936 0.014025
0 0.807728 0.600300 0.017217 0.012996
0 0.947410 0.621683 0.013604 0.010549
0 0.522693 0.920105 0.030740 0.022864
0 0.463945 0.409223 0.021769 0.016784
0 0.289809 0.697429 0.018735 0.013038
0 0.885815 0.677415 0.018316 0.015557
0 0.347459 0.683301 0.014742 0.010764
0 0.790133 0.735782 0.018730 0.014749
0 0.575745 0.938603 0.027518 0.020327
0 0.655817 0.645788 0.019750 0.014270
0 0.341445 0.425180 0.016722 0.014858
0 0.408151 0.454122 0.014581 0.011276
0 0.501161 0.696097 0.015176 0.010770
0 0.918924 0.602181 0.021028 0.012621
0 0.483970 0.625808 0.016430 0.012935
0 0.308657 0.669407 0.015708 0.011886
0 0.300965 0.752658 0.013317 0.010585
0 0.243273 0.580507 0.012571 0.010257
0 0.678945 0.779559 0.028433 0.019414
0 0.906545 0.623816 0.015660 0.010905
0 0.433831 0.420596 0.019294 0.015975
0 0.817786 0.725818 0.017619 0.013996
0 0.284956 0.534830 0.013062 0.010244
0 0.360627 0.441585 0.014534 0.011632
0 0.549739 0.690476 0.017394 0.013980
0 0.825362 0.654539 0.018313 0.014787
0 0.691162 0.399507 0.019813 0.018091
0 0.379748 0.616491 0.015588 0.011915
0 0.200738 0.624317 0.016941 0.012286
0 0.399755 0.667001 0.017127 0.014335
0 0.428815 0.637506 0.015411 0.012821
0 0.495365 0.560015 0.016269 0.012076
0 0.915982 0.672017 0.016691 0.012246
0 0.409228 0.509651 0.012580 0.009420
0 0.689935 0.734818 0.016178 0.012910
0 0.388814 0.553574 0.013739 0.010184
0 0.319022 0.833726 0.015794 0.011534
0 0.355007 0.512645 0.014730 0.011769
0 0.335088 0.565139 0.012903 0.009637
0 0.389636 0.386570 0.015304 0.011864
0 0.467693 0.559756 0.017868 0.012252
0 0.566846 0.559932 0.020394 0.014574
0 0.416457 0.388034 0.017288 0.014655
0 0.608772 0.466890 0.018077 0.014660
0 0.453064 0.542918 0.015659 0.011706
0 0.443506 0.484653 0.013960 0.011143
0 0.498318 0.746920 0.018978 0.016121
0 0.435978 0.565004 0.015405 0.010752
0 0.900088 0.470245 0.020863 0.014999
0 0.504502 0.755582 0.019387 0.015862
0 0.618214 0.579667 0.016198 0.011749
0 0.288663 0.785525 0.016378 0.011663
0 0.353784 0.663764 0.014056 0.010971
0 0.378270 0.599103 0.018084 0.014510
0 0.382167 0.574762 0.015965 0.014030
0 0.805486 0.634148 0.015333 0.010760
0 0.415329 0.861253 0.020894 0.016922
0 0.813291 0.618818 0.016849 0.011989
0 0.963225 0.582920 0.017773 0.013847
0 0.389905 0.502210 0.013749 0.010097
0 0.860454 0.420311 0.017470 0.014011
0 0.536623 0.351365 0.019045 0.015019
0 0.833426 0.433041 0.024492 0.012992
0 0.542941 0.701726 0.016493 0.012339
0 0.668617 0.761794 0.019217 0.014916
0 0.276251 0.813890 0.015319 0.011459
0 0.761590 0.640916 0.014566 0.010535
0 0.420285 0.431443 0.019113 0.013979
0 0.903921 0.659021 0.018572 0.012878
0 0.183489 0.659213 0.014334 0.011187
0 0.535188 0.432769 0.013354 0.010138
0 0.283463 0.664354 0.016246 0.010918
0 0.462781 0.810153 0.019921 0.016973
0 0.201287 0.644547 0.013617 0.010495
0 0.561445 0.595745 0.011493 0.009177
0 0.625846 0.727232 0.024725 0.013358
0 0.342836 0.406149 0.015514 0.012654
0 0.553631 0.922404 0.020055 0.016098
0 0.623317 0.601246 0.019093 0.011983
0 0.241937 0.735712 0.014034 0.011243
0 0.698108 0.737773 0.021562 0.017784
0 0.617821 0.725101 0.018746 0.013128
0 0.914341 0.467492 0.020222 0.013881
0 0.190416 0.692110 0.015500 0.012832
0 0.470566 0.628414 0.014383 0.010531
0 0.917602 0.700697 0.014880 0.010763
0 0.310331 0.417488 0.016769 0.013397
0 0.423934 0.427034 0.021849 0.018199
0 0.256663 0.701936 0.012002 0.009365
0 0.644979 0.349629 0.014295 0.014967
0 0.491910 0.518730 0.015512 0.012253