0 0.213438 0.578800 0.013969 0.018653
0 0.586167 0.539989 0.015509 0.021717
0 0.299192 0.711005 0.013041 0.017501
0 0.231438 0.498771 0.014210 0.019780
0 0.369509 0.526252 0.013613 0.019188
0 0.208255 0.487350 0.014480 0.018300
0 0.145694 0.664219 0.012576 0.016582
0 0.538000 0.462985 0.015293 0.021800
0 0.286122 0.898430 0.016242 0.021076
0 0.501757 0.638963 0.016638 0.022911
0 0.543193 0.586957 0.015037 0.019976
0 0.365273 0.294428 0.013463 0.019057
0 0.414358 0.716210 0.013365 0.017543
0 0.420389 0.516981 0.013751 0.017933
0 0.184596 0.620800 0.013504 0.018317
0 0.372769 0.694772 0.012627 0.016903
0 0.199247 0.715130 0.012123 0.015833
0 0.225593 0.632262 0.013724 0.018545
0 0.297308 0.276473 0.012574 0.018063
0 0.472651 0.712615 0.013075 0.017996
0 0.315081 0.588736 0.012166 0.016442
0 0.278337 0.850447 0.015744 0.019440
0 0.401332 0.606133 0.012363 0.016689
0 0.315858 0.348785 0.013363 0.018374
0 0.262417 0.605038 0.013162 0.017949
0 0.299590 0.634444 0.012894 0.017717
0 0.357404 0.433198 0.014272 0.017221
0 0.255624 0.497300 0.015053 0.020386
0 0.328972 0.819768 0.013935 0.019580
0 0.428020 0.282937 0.013353 0.019420
0 0.129205 0.604752 0.012578 0.017179
0 0.348001 0.651621 0.013120 0.017259
0 0.138142 0.480699 0.012482 0.016904
0 0.264410 0.820071 0.014175 0.018809
0 0.431550 0.646720 0.012001 0.016160
0 0.371377 0.903677 0.017253 0.022955
0 0.333321 0.479071 0.012851 0.017179
0 0.414761 0.785851 0.012366 0.016296
0 0.340107 0.685563 0.013022 0.016743
0 0.505823 0.772473 0.014393 0.020121
0 0.448584 0.696496 0.013555 0.018064
0 0.445593 0.517922 0.013364 0.018141
0 0.501159 0.432421 0.014295 0.019157
0 0.321461 0.906444 0.018019 0.023708
0 0.463053 0.842439 0.014536 0.020565
0 0.271063 0.480585 0.014384 0.019384
0 0.291742 0.439033 0.014935 0.020654
0 0.313197 0.449209 0.013828 0.019051
0 0.347629 0.719119 0.013858 0.018415
0 0.191890 0.451628 0.011849 0.015815
0 0.630201 0.448979 0.014488 0.019480
0 0.578384 0.638378 0.012939 0.016732
0 0.239362 0.788025 0.012559 0.017546
0 0.354456 0.395385 0.012509 0.017337
0 0.262935 0.415575 0.013056 0.017764
0 0.363009 0.673522 0.012700 0.016405
0 0.571812 0.702039 0.015204 0.018210
0 0.192945 0.836790 0.012978 0.017872
0 0.459580 0.939033 0.016303 0.021122
0 0.219656 0.315979 0.013171 0.018105
0 0.455024 0.261266 0.011384 0.016075
0 0.552076 0.736977 0.013881 0.017321
0 0.362185 0.632897 0.012175 0.017698
0 0.465782 0.683456 0.012738 0.016314
0 0.431001 0.936982 0.016087 0.019481
0 0.374369 0.196983 0.013094 0.017137
0 0.448213 0.347078 0.012383 0.017673
0 0.554204 0.838562 0.011956 0.015055
0 0.413021 0.336302 0.012164 0.016951
0 0.630805 0.522785 0.015108 0.020242
1 0.242748 0.382876 0.036275 0.038723
0 0.350908 0.554538 0.012785 0.016966
0 0.199513 0.549977 0.015052 0.017482
0 0.394026 0.488200 0.012334 0.018354
0 0.630050 0.625580 0.013615 0.019189
0 0.436282 0.486289 0.013118 0.018079
0 0.580542 0.333320 0.011645 0.015617
0 0.519162 0.577493 0.012098 0.015945
0 0.448573 0.442198 0.015074 0.019317
0 0.607726 0.369059 0.012723 0.017945
0 0.516007 0.789172 0.012530 0.016412
0 0.448702 0.729727 0.012940 0.016146
0 0.646155 0.513977 0.014553 0.020416
0 0.474132 0.255191 0.009683 0.015504
0 0.428752 0.463425 0.015191 0.020905
0 0.275148 0.435438 0.012550 0.015938
0 0.193596 0.425321 0.010520 0.015468
0 0.086871 0.552229 0.012144 0.016641
0 0.151679 0.692170 0.012394 0.015057
0 0.340885 0.573570 0.013113 0.017754
0 0.384520 0.739620 0.011102 0.014707
0 0.559239 0.310373 0.011512 0.017131
0 0.226402 0.267508 0.013364 0.018275
0 0.356900 0.869677 0.013200 0.018203