0 0.589993 0.387150 0.018427 0.015323
0 0.308857 0.594517 0.018154 0.013215
0 0.390806 0.399163 0.016262 0.012590
0 0.442734 0.405994 0.024580 0.017577
0 0.501763 0.241592 0.034562 0.022960
0 0.390520 0.627696 0.013326 0.008438
0 0.288899 0.369543 0.016446 0.014242
0 0.524877 0.591605 0.019280 0.013841
0 0.199659 0.618881 0.016387 0.011185
0 0.512375 0.706028 0.016213 0.010730
0 0.601622 0.653598 0.016111 0.011733
0 0.444804 0.564159 0.016248 0.014751
0 0.206307 0.449589 0.015724 0.011925
0 0.163327 0.442902 0.014039 0.008932
0 0.453589 0.690911 0.011144 0.009433
0 0.641237 0.493059 0.016618 0.012278
0 0.244932 0.273446 0.021071 0.014380
0 0.414575 0.309073 0.017440 0.011924
0 0.793556 0.401604 0.017442 0.013567
0 0.575369 0.275488 0.021201 0.016503
0 0.639507 0.602515 0.019434 0.012973
0 0.454215 0.336234 0.013399 0.010318
0 0.497066 0.598996 0.013217 0.009520
0 0.736278 0.525634 0.011002 0.009299
0 0.289502 0.249971 0.013387 0.010755
0 0.176329 0.541281 0.012752 0.010598
0 0.670217 0.516190 0.012816 0.011267
0 0.330895 0.521566 0.016828 0.011463
0 0.489873 0.638606 0.013457 0.009239
0 0.387821 0.269447 0.009241 0.006371
0 0.352649 0.371216 0.012035 0.007157
0 0.320964 0.330514 0.021723 0.017395
0 0.472339 0.543915 0.015149 0.013863
0 0.639572 0.662453 0.012765 0.010689
0 0.543932 0.277498 0.020207 0.014150
0 0.599008 0.560248 0.017100 0.013546
0 0.613614 0.470465 0.013866 0.007592
0 0.717420 0.516903 0.017247 0.014253
0 0.342879 0.572590 0.018818 0.016269
0 0.371457 0.722929 0.011868 0.009933
0 0.624642 0.690188 0.016061 0.011946
0 0.547365 0.519035 0.016605 0.012594
0 0.664051 0.644750 0.015406 0.009983
0 0.701893 0.445956 0.012962 0.008498
0 0.493518 0.440049 0.021765 0.016908
0 0.162234 0.460109 0.015029 0.010402
0 0.046407 0.438823 0.016243 0.013450
0 0.363028 0.607235 0.012052 0.007860
0 0.544677 0.334045 0.012023 0.009177
0 0.392445 0.296436 0.014150 0.010151
0 0.279809 0.792153 0.016541 0.010745
0 0.264793 0.540123 0.012615 0.009617
0 0.279355 0.622496 0.020836 0.012780
0 0.343265 0.661596 0.023728 0.015855
0 0.491063 0.323438 0.022292 0.014978
0 0.363872 0.527696 0.014008 0.010421
0 0.600559 0.614699 0.012734 0.008270
0 0.431728 0.231595 0.018119 0.014418
0 0.362147 0.481484 0.018765 0.013474
0 0.361484 0.395541 0.015690 0.012094
0 0.488696 0.742003 0.010152 0.007473
0 0.138485 0.334765 0.026884 0.017299
0 0.462969 0.470501 0.017495 0.012046
0 0.612804 0.236509 0.024334 0.017666
0 0.662354 0.579554 0.013448 0.011043
0 0.334894 0.709223 0.021432 0.017255
0 0.145008 0.572469 0.016919 0.013418
0 0.663165 0.467842 0.011858 0.008181
0 0.652688 0.302772 0.023009 0.014550
0 0.680157 0.691367 0.011019 0.007407
0 0.166812 0.559202 0.016566 0.013196
0 0.248789 0.400572 0.015870 0.011432
0 0.482875 0.778171 0.017377 0.014925
0 0.396498 0.324670 0.017074 0.010819
0 0.526518 0.546046 0.010258 0.007056
0 0.188184 0.426743 0.012110 0.008030
0 0.330936 0.417977 0.023611 0.012738
0 0.459862 0.508959 0.011081 0.008877
0 0.060955 0.459258 0.016447 0.010481
0 0.329578 0.440438 0.015657 0.010563
0 0.270642 0.364574 0.011692 0.010107
0 0.584606 0.349241 0.015676 0.012153
0 0.190098 0.477985 0.013736 0.008661
0 0.661543 0.424677 0.015878 0.012279
0 0.438058 0.649223 0.009202 0.008265
0 0.420057 0.456308 0.013402 0.008340
0 0.701809 0.716419 0.016823 0.012096
0 0.644327 0.551373 0.016839 0.016800
0 0.622582 0.408758 0.015782 0.013275
0 0.116288 0.459894 0.015018 0.009772
0 0.705246 0.594295 0.014623 0.010194
0 0.416924 0.498235 0.011698 0.007324
0 0.739978 0.371407 0.012201 0.009475
0 0.170919 0.603758 0.013700 0.010624
0 0.441407 0.460783 0.016193 0.011881
0 0.259500 0.438076 0.020184 0.010838
0 0.312510 0.756431 0.018354 0.012139
0 0.478094 0.721402 0.012141 0.008614
0 0.413581 0.554102 0.016181 0.013362
0 0.076254 0.394509 0.012062 0.011961
0 0.302309 0.444399 0.014855 0.012834
0 0.066880 0.484021 0.016958 0.010677
0 0.131068 0.546701 0.013365 0.007853
0 0.665030 0.548602 0.014293 0.012702
0 0.499638 0.521299 0.015919 0.008732
0 0.729861 0.456593 0.014601 0.010727
0 0.820594 0.503593 0.009519 0.008692
0 0.580129 0.457314 0.024537 0.014523
0 0.522377 0.624874 0.011682 0.008197
0 0.324261 0.482547 0.010376 0.007691
0 0.646199 0.326448 0.016740 0.011388
0 0.502464 0.331914 0.018388 0.016169
0 0.393025 0.550506 0.016425 0.011495
0 0.454508 0.804762 0.016244 0.010569
0 0.283812 0.421696 0.012854 0.010132
0 0.268623 0.401360 0.014486 0.008824
0 0.137334 0.453586 0.014235 0.008803
0 0.361000 0.512371 0.014599 0.008944
0 0.630296 0.351653 0.011625 0.008043
0 0.603249 0.422196 0.011191 0.008454
0 0.297635 0.228421 0.015561 0.012466
0 0.713605 0.633339 0.010221 0.006239
0 0.247483 0.584352 0.013141 0.008277
0 0.154412 0.533749 0.011977 0.008911
0 0.587476 0.238480 0.014106 0.011300
0 0.485329 0.482694 0.016273 0.015364
0 0.608221 0.363824 0.016754 0.013641
0 0.407493 0.215699 0.018635 0.011655
0 0.405875 0.239097 0.011092 0.009462
0 0.706955 0.424760 0.012762 0.009443
0 0.497759 0.683034 0.018738 0.014527
0 0.388125 0.495398 0.011862 0.007263
0 0.497139 0.563850 0.014639 0.011517
0 0.749782 0.464271 0.011400 0.007982
0 0.522616 0.744220 0.026630 0.016791
0 0.695073 0.295822 0.013248 0.007827
0 0.454626 0.262178 0.011667 0.007753
0 0.138570 0.384726 0.011121 0.008348
0 0.815894 0.408355 0.012559 0.010129
0 0.475336 0.795499 0.017814 0.011217
0 0.346044 0.790390 0.016474 0.012988
0 0.211479 0.364392 0.011478 0.008089
0 0.087771 0.490065 0.017813 0.009498
0 0.521378 0.366644 0.010766 0.008234
0 0.303142 0.434538 0.014580 0.014721
0 0.709553 0.376896 0.013341 0.011442
0 0.221258 0.422300 0.014024 0.008115
0 0.385032 0.741250 0.014776 0.010582
0 0.621502 0.559438 0.011166 0.010068
0 0.462302 0.452957 0.012791 0.008299
0 0.310499 0.761251 0.017855 0.014568
0 0.180897 0.341702 0.013835 0.009811
0 0.376728 0.446905 0.009550 0.006174
0 0.340543 0.759383 0.018007 0.013498
0 0.254358 0.302184 0.022274 0.012174
0 0.345526 0.768725 0.016194 0.015231
0 0.603084 0.593928 0.012076 0.008651
0 0.312815 0.551145 0.013528 0.006884
0 0.553559 0.608993 0.010783 0.007441
0 0.282036 0.328004 0.014922 0.011047
0 0.565091 0.697908 0.019754 0.013479
0 0.772229 0.416226 0.009865 0.009603
0 0.494081 0.679258 0.016207 0.011352
0 0.523483 0.693248 0.017529 0.010615
0 0.195517 0.321641 0.010928 0.010911
0 0.121769 0.609759 0.010247 0.007169
0 0.521331 0.677746 0.013527 0.010317
0 0.340483 0.351867 0.013385 0.008534
0 0.636581 0.390865 0.010459 0.010562
0 0.704563 0.739177 0.012637 0.009957
0 0.086540 0.434147 0.011336 0.007460
0 0.770734 0.581841 0.011077 0.010289
0 0.502872 0.471741 0.013832 0.011946
0 0.337990 0.305603 0.013905 0.012887
0 0.255293 0.495205 0.010576 0.008484
0 0.249901 0.255050 0.018488 0.014439
0 0.676415 0.325469 0.016251 0.011071
0 0.527777 0.742433 0.015521 0.012914
0 0.388661 0.204467 0.013397 0.008586
0 0.423252 0.739096 0.014469 0.010723
0 0.429514 0.332407 0.014040 0.010466
0 0.195561 0.376872 0.010257 0.007956
0 0.724200 0.363512 0.019025 0.012195
0 0.516951 0.436749 0.016392 0.013701
0 0.630149 0.353581 0.017871 0.010462
0 0.702580 0.452497 0.014247 0.014168
0 0.613518 0.582985 0.014214 0.013350
0 0.340139 0.423324 0.017532 0.015018
0 0.536954 0.223054 0.011516 0.008588
0 0.589711 0.458354 0.021202 0.013778
0 0.146574 0.439291 0.009959 0.010396
0 0.580355 0.527797 0.011292 0.007139
0 0.128042 0.514112 0.016349 0.013474
0 0.641328 0.253767 0.014767 0.010655
0 0.327471 0.553019 0.014717 0.010323
0 0.644728 0.405313 0.014158 0.012680
0 0.298367 0.283795 0.015649 0.011268