1 0.122320 0.446204 0.073638 0.055747
1 0.501218 0.541215 0.051400 0.052329
0 0.575256 0.385257 0.014787 0.012370
1 0.482902 0.649554 0.076310 0.069223
0 0.663751 0.377464 0.017577 0.013791
0 0.350459 0.308747 0.013963 0.010013
0 0.396465 0.509818 0.017551 0.012160
1 0.237880 0.584463 0.048535 0.034987
0 0.340266 0.654143 0.011727 0.009979
0 0.287287 0.690923 0.012906 0.010351
0 0.213213 0.563707 0.015338 0.011435
0 0.060092 0.446030 0.013140 0.011115
0 0.563690 0.314353 0.018944 0.014074
0 0.443849 0.366940 0.013189 0.009808
0 0.297455 0.515473 0.012028 0.009199
1 0.388034 0.747538 0.042929 0.059566
0 0.316453 0.320964 0.012056 0.009630
0 0.135606 0.677937 0.012957 0.009861
0 0.328291 0.225443 0.014161 0.010570
0 0.198923 0.420328 0.016848 0.012650
0 0.168717 0.509611 0.014048 0.010830
0 0.432492 0.391397 0.011733 0.009552
0 0.207723 0.532563 0.016672 0.011913
0 0.414566 0.631727 0.010442 0.008567
0 0.575379 0.361881 0.014650 0.011260
0 0.238471 0.648743 0.011798 0.009649
0 0.261236 0.723329 0.014871 0.011560
0 0.444121 0.272783 0.014350 0.011025
0 0.109276 0.608590 0.016149 0.011299
0 0.330899 0.538123 0.013055 0.011003
0 0.031684 0.459170 0.012811 0.009818
0 0.358638 0.362887 0.015419 0.012515
0 0.277321 0.505518 0.011276 0.008685
0 0.045031 0.607157 0.013497 0.010371
0 0.111880 0.635481 0.012946 0.010410
0 0.255527 0.244717 0.013436 0.010432
0 0.457686 0.289180 0.012997 0.011791
0 0.334655 0.248626 0.010230 0.008661
0 0.369181 0.533532 0.012397 0.009256
0 0.513919 0.482472 0.016225 0.013498
0 0.240777 0.328636 0.012219 0.009174
0 0.035301 0.516390 0.013050 0.009846
1 0.524440 0.408704 0.047299 0.030864
0 0.253514 0.486192 0.011026 0.008368
1 0.375611 0.280007 0.040597 0.035962
0 0.512091 0.306025 0.014984 0.011811
0 0.220740 0.312134 0.011724 0.009113
1 0.345198 0.448779 0.038813 0.033932
0 0.292781 0.761181 0.019453 0.014804
0 0.303559 0.487555 0.011554 0.009140
0 0.455711 0.319403 0.012548 0.009885
0 0.136654 0.651732 0.012232 0.008025
0 0.180630 0.615436 0.011360 0.009206
0 0.203574 0.337898 0.013067 0.009346
0 0.595774 0.328807 0.018323 0.015719
0 0.337163 0.516349 0.011119 0.008727
0 0.176491 0.336707 0.012212 0.009694
0 0.175887 0.568945 0.010977 0.008861
0 0.050698 0.636708 0.012558 0.009952
0 0.458332 0.406158 0.018412 0.016470
0 0.254409 0.347242 0.017469 0.013311
0 0.416774 0.261564 0.017014 0.011579
0 0.313894 0.352201 0.011499 0.008906
0 0.532888 0.296390 0.016136 0.013304
0 0.247789 0.520224 0.012245 0.009696
0 0.309970 0.658615 0.010993 0.008789
0 0.422198 0.590565 0.013265 0.011048
0 0.353262 0.236763 0.011187 0.008631
0 0.331904 0.613206 0.011670 0.009797
1 0.282274 0.557861 0.030839 0.028279
0 0.099115 0.563625 0.015733 0.011056
0 0.308449 0.630845 0.016233 0.011758
0 0.605783 0.291959 0.019632 0.012506
0 0.059272 0.402878 0.013865 0.010618
0 0.185221 0.663598 0.013278 0.009804
0 0.216537 0.722985 0.018814 0.013177
0 0.679614 0.355482 0.016551 0.012524
0 0.021429 0.501616 0.013076 0.010084
0 0.282683 0.317401 0.021677 0.011311
0 0.359482 0.555041 0.011118 0.008887
0 0.294627 0.366147 0.012087 0.009747
0 0.111973 0.578932 0.016869 0.011674
0 0.609527 0.502287 0.010963 0.008399
1 0.286628 0.439451 0.045720 0.035278
0 0.317912 0.281289 0.014998 0.013831
0 0.431749 0.605940 0.011346 0.008983
0 0.218754 0.517553 0.012192 0.008287
0 0.096063 0.697816 0.012829 0.009955
0 0.620876 0.354602 0.015069 0.010753
0 0.701582 0.490690 0.011327 0.009214
0 0.526028 0.431734 0.018231 0.012251
0 0.469923 0.488600 0.013824 0.010714
0 0.553543 0.685412 0.011491 0.008794
0 0.144939 0.701207 0.019365 0.012319
0 0.601935 0.455714 0.011588 0.009163
0 0.173959 0.601526 0.010286 0.008762
0 0.379046 0.331302 0.012278 0.009849
0 0.369751 0.345517 0.015961 0.012373
0 0.405910 0.410210 0.011146 0.010809
0 0.296586 0.609463 0.013434 0.009724
0 0.685364 0.515609 0.011655 0.009151
0 0.408934 0.654336 0.010495 0.008234
0 0.429279 0.314911 0.011387 0.010649
0 0.024679 0.622602 0.016632 0.012445
0 0.333480 0.293015 0.012549 0.009365
0 0.634739 0.327882 0.015673 0.012234
0 0.397957 0.555128 0.011020 0.008888
0 0.687793 0.459611 0.011835 0.008456
1 0.725640 0.417211 0.043299 0.036854
0 0.200252 0.706073 0.015291 0.011374
0 0.365529 0.623916 0.011670 0.012137
0 0.670646 0.573745 0.013034 0.011034
0 0.395082 0.671512 0.012690 0.010910
0 0.653495 0.326430 0.016978 0.012651
1 0.248168 0.395190 0.038440 0.032893
0 0.318474 0.725864 0.015712 0.012287
0 0.564311 0.280606 0.014189 0.011977
0 0.303576 0.379984 0.013065 0.010489
0 0.515048 0.697833 0.014325 0.011261
1 0.128749 0.324322 0.051903 0.041109
0 0.650956 0.471895 0.014808 0.011964
0 0.434930 0.716193 0.015677 0.010362
0 0.173508 0.703943 0.017618 0.012357
0 0.654812 0.446948 0.012044 0.008847
0 0.548076 0.493047 0.012001 0.009765
0 0.067015 0.335387 0.019544 0.015028
0 0.260813 0.463807 0.012594 0.009368
1 0.467572 0.348936 0.033606 0.027845
0 0.638143 0.541562 0.011396 0.008791
0 0.559647 0.713932 0.017919 0.011170
0 0.418974 0.336684 0.015627 0.011026
0 0.590394 0.519222 0.010926 0.008370
0 0.312333 0.781868 0.021809 0.013811
1 0.702086 0.592918 0.038886 0.039735
0 0.344547 0.771974 0.018184 0.014555
0 0.488947 0.453921 0.019924 0.011441
0 0.257418 0.294577 0.012179 0.012873
0 0.642566 0.588781 0.010771 0.008310
0 0.487787 0.268911 0.011868 0.009811
1 0.206665 0.276564 0.045558 0.037378
0 0.279691 0.262432 0.009785 0.008187
0 0.614367 0.364584 0.013674 0.012138
0 0.093441 0.491858 0.018116 0.014210
0 0.304028 0.674811 0.011094 0.008504
0 0.334970 0.742483 0.012374 0.009732
0 0.250195 0.743269 0.015926 0.010901
1 0.509425 0.245481 0.044586 0.030076
0 0.390287 0.530687 0.011884 0.008447
0 0.386909 0.225184 0.012767 0.009737
0 0.220349 0.358353 0.014792 0.013279
0 0.292475 0.480145 0.011850 0.009074
0 0.396072 0.578699 0.013365 0.010083
0 0.123997 0.592619 0.010827 0.009204
1 0.061621 0.679032 0.053238 0.039496
0 0.723491 0.480416 0.013331 0.010324
0 0.028137 0.566682 0.010904 0.008303
0 0.024696 0.483791 0.013623 0.012477
0 0.261088 0.610274 0.010396 0.009086
0 0.244138 0.366343 0.012930 0.010371
0 0.714361 0.453858 0.014600 0.011126
0 0.079259 0.319122 0.011500 0.010204
0 0.445772 0.525515 0.012092 0.010937
0 0.460911 0.460339 0.010276 0.008602
0 0.294141 0.536230 0.011880 0.008590
0 0.581641 0.439702 0.012401 0.008684
0 0.439474 0.742579 0.012024 0.010235
0 0.004590 0.408213 0.009180 0.010947
0 0.468809 0.729440 0.016264 0.012238
0 0.392765 0.483687 0.022404 0.015093
0 0.041758 0.365531 0.013875 0.011318
0 0.666575 0.486696 0.011092 0.008511
0 0.621729 0.462096 0.013180 0.010455
0 0.475569 0.522892 0.008780 0.009641
0 0.089828 0.636539 0.011858 0.009269
0 0.423030 0.446623 0.011053 0.008352
0 0.263260 0.704477 0.017691 0.009948
0 0.077187 0.517245 0.012257 0.010070
0 0.540547 0.261018 0.015160 0.013078
0 0.178926 0.480111 0.011409 0.008982
0 0.548793 0.553736 0.010008 0.009791
0 0.489698 0.396392 0.018239 0.014351
0 0.272445 0.636456 0.012635 0.010265
0 0.666206 0.401310 0.012157 0.009887
0 0.403848 0.598362 0.010458 0.008284
0 0.648398 0.523248 0.017532 0.012217
0 0.549539 0.376148 0.013298 0.011364
0 0.519775 0.331400 0.012156 0.010447
0 0.109397 0.717728 0.018216 0.012126
0 0.428056 0.557678 0.017521 0.014107
0 0.445766 0.530414 0.011462 0.011583
0 0.270683 0.529463 0.015610 0.010120
0 0.457766 0.573550 0.010169 0.007575
0 0.446715 0.534313 0.010743 0.010149
0 0.435136 0.316484 0.021263 0.009060
0 0.295656 0.483100 0.017878 0.009411
0 0.065781 0.480029 0.020213 0.016323
1 0.194652 0.365699 0.039207 0.030456
1 0.434097 0.795231 0.039207 0.024155