0 0.547372 0.459726 0.015709 0.012386
0 0.266447 0.721691 0.018962 0.014310
0 0.272847 0.757595 0.017281 0.012599
0 0.198892 0.547745 0.016797 0.013139
0 0.175503 0.594461 0.017875 0.014017
0 0.190381 0.748314 0.017998 0.013492
0 0.243074 0.559230 0.013854 0.011135
0 0.532295 0.418828 0.016454 0.012087
0 0.189003 0.781357 0.015856 0.012024
0 0.155734 0.539908 0.017635 0.012524
0 0.257646 0.411856 0.016330 0.012767
0 0.137279 0.511525 0.016979 0.012728
0 0.181435 0.565016 0.017275 0.012398
0 0.281311 0.804175 0.019578 0.014750
0 0.626289 0.455652 0.014475 0.011223
0 0.221927 0.363124 0.016142 0.012093
0 0.583933 0.697500 0.016419 0.012693
0 0.241633 0.438847 0.017159 0.012454
1 0.657530 0.513078 0.068362 0.072678
0 0.201185 0.702213 0.017476 0.013760
0 0.407731 0.503442 0.015642 0.012451
0 0.648076 0.688518 0.015812 0.011868
0 0.433764 0.407544 0.014520 0.011636
0 0.100046 0.501165 0.016551 0.012535
0 0.420425 0.754967 0.018998 0.014283
0 0.444598 0.533096 0.013426 0.010621
0 0.476027 0.555780 0.014333 0.011069
0 0.614250 0.741073 0.018461 0.013525
0 0.490898 0.483322 0.016284 0.013223
0 0.336402 0.768266 0.017583 0.012636
0 0.544433 0.497398 0.014320 0.010647
0 0.675763 0.411714 0.016085 0.012438
0 0.571426 0.476537 0.015077 0.010234
0 0.237193 0.486989 0.018885 0.015299
0 0.267588 0.667392 0.014861 0.011173
0 0.233696 0.764556 0.017888 0.013854
0 0.463084 0.405702 0.017153 0.012129
0 0.125809 0.676725 0.016475 0.012641
0 0.444009 0.440637 0.017290 0.012908
0 0.449938 0.569578 0.014079 0.010873
0 0.613872 0.561614 0.018125 0.012767
0 0.106662 0.589668 0.015646 0.012045
0 0.240690 0.598346 0.012738 0.010475
0 0.380068 0.778162 0.019284 0.012886
0 0.548546 0.554893 0.015872 0.011896
0 0.314616 0.820433 0.017821 0.013128
0 0.332808 0.575989 0.015843 0.012389
0 0.316913 0.617564 0.015523 0.012912
0 0.302600 0.491969 0.014700 0.011249
0 0.402345 0.559031 0.013421 0.010209
0 0.149509 0.778636 0.015917 0.012175
0 0.343862 0.452486 0.015613 0.012432
0 0.469770 0.630954 0.013199 0.010484
0 0.075964 0.427080 0.017992 0.013285
0 0.379983 0.362059 0.015455 0.012665
0 0.333773 0.652529 0.014191 0.011242
0 0.339770 0.612009 0.015513 0.011822
0 0.148635 0.595371 0.017536 0.013214
0 0.448698 0.382498 0.012586 0.009729
0 0.132915 0.611610 0.016903 0.012347
0 0.042283 0.528480 0.020160 0.015692
0 0.579613 0.586952 0.015312 0.012741
0 0.374354 0.816648 0.021383 0.016717
0 0.708496 0.405998 0.015903 0.012671
0 0.387620 0.279005 0.015804 0.012154
0 0.342018 0.594868 0.016525 0.012679
0 0.598100 0.583123 0.016320 0.012062
0 0.584023 0.420552 0.015239 0.012084
0 0.194580 0.322494 0.016126 0.013088
0 0.583878 0.383474 0.018112 0.013179
0 0.310874 0.401565 0.017073 0.012964
0 0.612681 0.657748 0.013806 0.010552
0 0.531850 0.674022 0.017056 0.012124
0 0.401027 0.431694 0.011649 0.009509
0 0.548676 0.385605 0.017891 0.016023
0 0.213344 0.402331 0.013765 0.010661
0 0.647087 0.347426 0.021306 0.014630
0 0.292288 0.461398 0.017234 0.014195
0 0.356374 0.290698 0.012888 0.010051
0 0.417170 0.361399 0.013406 0.010835
0 0.289506 0.657973 0.016709 0.013039
0 0.440902 0.464378 0.012497 0.010626
1 0.331319 0.315937 0.059052 0.037791
0 0.265660 0.299581 0.014279 0.011339
0 0.487878 0.381938 0.017801 0.013910
0 0.275449 0.444134 0.015472 0.012142
0 0.344020 0.803310 0.020218 0.017014
0 0.400398 0.729937 0.017582 0.014680
0 0.384016 0.401881 0.019065 0.016244
0 0.564561 0.718901 0.020529 0.015392
0 0.497610 0.420857 0.019014 0.015788
0 0.664658 0.436617 0.015687 0.010803
0 0.032374 0.508756 0.019501 0.014037
0 0.486209 0.698537 0.022228 0.018757
0 0.588352 0.433563 0.015360 0.011452
0 0.671419 0.617132 0.018172 0.014745
0 0.501593 0.823009 0.016544 0.012089
0 0.505546 0.535628 0.014604 0.011823
0 0.524694 0.550641 0.014265 0.011362
0 0.548000 0.529855 0.014169 0.012991
0 0.219992 0.307763 0.014394 0.010524
0 0.751676 0.451835 0.015158 0.012923
0 0.171390 0.368605 0.018685 0.014222
0 0.572119 0.767675 0.015364 0.011850
0 0.310830 0.533283 0.017970 0.014279
0 0.376418 0.546897 0.014601 0.012634
0 0.334184 0.542754 0.015091 0.011090
0 0.624777 0.713881 0.019938 0.014927
0 0.107396 0.429126 0.016677 0.012896
0 0.160914 0.794523 0.014783 0.010584
0 0.681121 0.697177 0.016340 0.011887
0 0.396563 0.629084 0.016362 0.013683
0 0.519722 0.520182 0.014095 0.010615
0 0.569651 0.361949 0.011867 0.009301
0 0.429542 0.288721 0.014302 0.012673
0 0.183524 0.399230 0.023941 0.013797
0 0.382229 0.592585 0.019630 0.020423
0 0.354380 0.633416 0.014911 0.013194
0 0.476929 0.315056 0.017051 0.014178
0 0.592763 0.597529 0.014166 0.010499
0 0.301884 0.443344 0.012902 0.009683
0 0.378193 0.598831 0.016904 0.013955
0 0.698163 0.627611 0.015394 0.011428
0 0.599914 0.490371 0.013107 0.010382
0 0.544360 0.653595 0.017694 0.013474
0 0.610595 0.531627 0.012771 0.009471
0 0.636928 0.431381 0.012678 0.009250
0 0.662644 0.581815 0.012805 0.010192
0 0.538723 0.793852 0.019492 0.016011
0 0.299990 0.693471 0.015924 0.011728
0 0.031076 0.579666 0.012318 0.009279
0 0.342164 0.787448 0.015902 0.014522
0 0.340062 0.404464 0.014505 0.013334
0 0.701814 0.423394 0.016217 0.011552
0 0.347977 0.823408 0.020215 0.018006
0 0.718664 0.642914 0.014394 0.010894
0 0.497236 0.283737 0.012517 0.011533
0 0.515667 0.772413 0.015338 0.013118
1 0.331335 0.851151 0.073515 0.029044
0 0.691018 0.365670 0.021177 0.016437
0 0.322468 0.397198 0.017206 0.013046
0 0.753030 0.436728 0.016883 0.015182
0 0.585822 0.428314 0.015104 0.021071
0 0.281616 0.685068 0.014359 0.011088
0 0.264193 0.639681 0.013088 0.012907
0 0.468172 0.321697 0.020776 0.016805
0 0.618805 0.717107 0.023419 0.014770
0 0.277128 0.324239 0.024842 0.014396
0 0.659282 0.383197 0.019306 0.012042
0 0.028994 0.636253 0.014662 0.010851
0 0.563906 0.785858 0.014631 0.011943
0 0.423188 0.540671 0.014139 0.011581
0 0.326144 0.445560 0.013065 0.009537
0 0.202780 0.423076 0.015022 0.011779
0 0.630474 0.669821 0.012413 0.009607
0 0.064554 0.690070 0.013129 0.011220
0 0.743709 0.477741 0.012891 0.009940
0 0.009559 0.475602 0.017226 0.015193
0 0.682549 0.474520 0.012445 0.010766
0 0.374439 0.374323 0.012447 0.010080
0 0.262969 0.321505 0.025473 0.014231
0 0.747596 0.522759 0.013080 0.010098
0 0.388868 0.458319 0.015163 0.012802
0 0.260313 0.833075 0.015294 0.011317
0 0.041211 0.471324 0.013718 0.012529
0 0.631551 0.407669 0.018840 0.017629
1 0.534693 0.330014 0.032761 0.017315
0 0.536828 0.767892 0.019893 0.010984