0 0.245205 0.698354 0.017868 0.014160
0 0.357598 0.571762 0.016771 0.013870
0 0.275960 0.385235 0.014977 0.010815
0 0.430884 0.441848 0.015370 0.011956
0 0.195726 0.644692 0.019159 0.014531
0 0.344625 0.671245 0.016034 0.012612
0 0.465996 0.445495 0.015481 0.012674
0 0.227778 0.651277 0.017891 0.014186
0 0.194184 0.698525 0.016765 0.014181
0 0.168533 0.484977 0.015929 0.013605
0 0.078474 0.578664 0.016507 0.013677
0 0.308096 0.377071 0.013943 0.010977
0 0.475013 0.551279 0.017020 0.012360
0 0.570060 0.477091 0.017589 0.013265
1 0.221192 0.560174 0.047976 0.036427
0 0.269357 0.543116 0.018241 0.015728
0 0.408862 0.385633 0.016506 0.012918
0 0.523821 0.577513 0.014886 0.012651
0 0.213055 0.805632 0.018080 0.013850
0 0.176611 0.586782 0.022908 0.016438
0 0.392400 0.622151 0.015311 0.013482
0 0.414969 0.408591 0.014233 0.012865
0 0.150867 0.435745 0.019176 0.015548
0 0.193685 0.524151 0.014018 0.011220
0 0.098318 0.697206 0.015507 0.011686
0 0.591686 0.612079 0.012344 0.009404
0 0.124056 0.528374 0.012357 0.010743
0 0.434611 0.697047 0.014918 0.012944
0 0.548498 0.460136 0.014857 0.012588
0 0.360208 0.618240 0.014174 0.011362
0 0.400171 0.674908 0.012282 0.009912
0 0.097794 0.456767 0.019627 0.015077
0 0.521503 0.482929 0.015026 0.012728
0 0.171348 0.835733 0.024462 0.018608
0 0.573904 0.686757 0.013587 0.010895
0 0.191618 0.493076 0.013464 0.011453
0 0.489387 0.708301 0.015555 0.012918
0 0.131067 0.603084 0.018065 0.014183
0 0.552686 0.562179 0.024667 0.018008
0 0.180654 0.727203 0.014055 0.011029
0 0.206138 0.449074 0.011271 0.009522
0 0.493539 0.649555 0.016923 0.013948
0 0.156415 0.790354 0.017139 0.014013
0 0.474709 0.570696 0.012907 0.011032
0 0.173015 0.766595 0.016703 0.013298
0 0.384217 0.790328 0.016868 0.013997
0 0.225843 0.770071 0.014853 0.012809
0 0.150968 0.536394 0.018766 0.014305
0 0.375421 0.742873 0.023163 0.018634
0 0.630260 0.607951 0.013797 0.010869
0 0.593683 0.672581 0.012731 0.010385
0 0.275496 0.777158 0.016890 0.013202
0 0.294699 0.634745 0.012428 0.009759
0 0.229637 0.597756 0.031661 0.020424
0 0.217161 0.730747 0.017815 0.016647
0 0.316239 0.516619 0.020948 0.015278
0 0.004953 0.492454 0.009906 0.011454
1 0.417505 0.486847 0.039638 0.026013
1 0.637993 0.547233 0.037161 0.031587
1 0.053328 0.636884 0.024774 0.039948
1 0.061380 0.858456 0.038400 0.024155
1 0.418744 0.524937 0.034684 0.024155
1 0.393970 0.596936 0.024774 0.028800
1 0.447234 0.586717 0.032206 0.028800