0 0.540979 0.375872 0.014244 0.010987
0 0.580797 0.692335 0.012116 0.009370
0 0.407490 0.739971 0.012446 0.009403
0 0.573428 0.790883 0.019019 0.014522
0 0.439780 0.357471 0.014784 0.012071
0 0.557086 0.630153 0.011848 0.009301
0 0.448628 0.466893 0.014581 0.010782
0 0.277466 0.704704 0.013554 0.010343
0 0.508214 0.610270 0.012892 0.009646
0 0.291632 0.723850 0.014180 0.010634
0 0.394213 0.780582 0.017369 0.012663
0 0.602920 0.740291 0.015863 0.011959
0 0.582098 0.583231 0.012686 0.009861
0 0.489294 0.340913 0.013626 0.011137
0 0.518808 0.692188 0.012759 0.009598
0 0.387200 0.515972 0.012213 0.009063
0 0.326244 0.775440 0.018446 0.012770
0 0.736353 0.620979 0.012433 0.009016
0 0.303906 0.361683 0.014972 0.010652
0 0.310151 0.624608 0.011141 0.009109
0 0.378226 0.752252 0.013796 0.009803
0 0.175794 0.523028 0.012353 0.009905
0 0.708888 0.444524 0.014643 0.011595
0 0.507381 0.329660 0.013855 0.011488
0 0.227819 0.667535 0.012978 0.010126
0 0.539050 0.641084 0.011427 0.009052
0 0.352744 0.659537 0.014988 0.009790
0 0.213162 0.405153 0.014089 0.010653
0 0.610987 0.391431 0.018289 0.012574
0 0.177261 0.593580 0.010824 0.009103
0 0.605282 0.783943 0.017222 0.012439
0 0.309836 0.691865 0.011806 0.009279
0 0.248311 0.642541 0.013553 0.011656
0 0.557199 0.435612 0.015903 0.011686
0 0.431538 0.442641 0.014367 0.011034
0 0.764850 0.400098 0.012999 0.010243
0 0.493618 0.410864 0.013082 0.011656
0 0.820302 0.436750 0.015350 0.012119
0 0.364161 0.471917 0.011496 0.009161
0 0.253565 0.586483 0.013953 0.012232
0 0.506181 0.305508 0.013067 0.009816
0 0.255859 0.687599 0.012642 0.009579
0 0.581954 0.739024 0.016116 0.012572
0 0.651307 0.621885 0.012145 0.010361
0 0.240401 0.326879 0.015126 0.012525
0 0.609808 0.626847 0.011420 0.008964
0 0.279309 0.328684 0.014315 0.011249
0 0.664944 0.496758 0.013744 0.010486
0 0.423209 0.409265 0.011728 0.008732
0 0.514714 0.270792 0.012906 0.009985
0 0.426394 0.564934 0.011409 0.008823
0 0.713577 0.599319 0.013222 0.010409
0 0.402385 0.679288 0.011976 0.008938
0 0.641075 0.727020 0.016506 0.014531
0 0.406360 0.588860 0.012253 0.009382
0 0.665166 0.742719 0.017183 0.011189
0 0.633241 0.609858 0.012457 0.011009
0 0.678324 0.633904 0.011526 0.009455
0 0.409749 0.397272 0.011957 0.009979
0 0.623533 0.646271 0.012973 0.010974
0 0.742519 0.720818 0.013542 0.010169
0 0.395270 0.378209 0.013666 0.010449
0 0.178981 0.547164 0.013380 0.009675
0 0.342371 0.354720 0.012099 0.009479
0 0.789441 0.567188 0.012826 0.010227
0 0.539959 0.476318 0.011985 0.008515
0 0.724181 0.664947 0.010906 0.008200
0 0.449225 0.722059 0.012973 0.010512
0 0.604978 0.645973 0.013091 0.009561
0 0.458912 0.373698 0.011564 0.009345
0 0.752006 0.545004 0.011478 0.008960
0 0.527103 0.665636 0.010318 0.008295
0 0.406607 0.658673 0.011700 0.009983
0 0.587878 0.543383 0.012638 0.009101
0 0.681552 0.439689 0.014596 0.010937
0 0.591166 0.708873 0.011898 0.008545
0 0.689510 0.313206 0.016074 0.012279
0 0.371320 0.612171 0.011190 0.008669
0 0.605793 0.413661 0.013865 0.009980
0 0.341933 0.609169 0.012638 0.009737
0 0.711939 0.636118 0.011680 0.008560
0 0.670409 0.411135 0.015911 0.010916
0 0.797966 0.591628 0.012822 0.010130
0 0.669316 0.391132 0.013579 0.010442
0 0.531050 0.578300 0.013469 0.010666
0 0.491324 0.441557 0.011661 0.009299
0 0.557494 0.570305 0.013005 0.009307
0 0.489165 0.271940 0.012780 0.010245
0 0.279459 0.608205 0.012032 0.008675
0 0.490840 0.318441 0.013782 0.011623
0 0.152435 0.439679 0.013544 0.011105
0 0.659653 0.581379 0.014890 0.013365
0 0.628728 0.534914 0.014927 0.009843
0 0.319367 0.460906 0.013093 0.010268
0 0.629075 0.499702 0.013730 0.010792
0 0.319191 0.377948 0.013690 0.010846
0 0.576808 0.457821 0.013710 0.011510
0 0.470473 0.321130 0.013367 0.010871
0 0.403657 0.495828 0.012611 0.009213
0 0.732094 0.448288 0.012891 0.010255
0 0.288995 0.656102 0.011877 0.008664
0 0.385867 0.482385 0.011300 0.008452
0 0.421806 0.645272 0.011780 0.008449
0 0.167504 0.464980 0.012712 0.010172
0 0.424491 0.722123 0.014959 0.010631
0 0.647767 0.382352 0.014450 0.010785
0 0.449445 0.705024 0.012576 0.009695
0 0.216369 0.627845 0.012739 0.010416
0 0.498318 0.545743 0.012078 0.009165
0 0.398291 0.359484 0.012024 0.010301
0 0.621719 0.698972 0.013393 0.010519
0 0.322340 0.402070 0.011857 0.008668
0 0.686384 0.665613 0.012150 0.009686
0 0.341676 0.374723 0.016311 0.011643
0 0.389604 0.426214 0.022539 0.011596
0 0.662607 0.555900 0.011637 0.008744
0 0.356562 0.738607 0.012332 0.009490
0 0.692122 0.589625 0.013169 0.009810
0 0.302258 0.739233 0.013545 0.010249
0 0.825656 0.627245 0.013763 0.010114
0 0.294715 0.308751 0.017079 0.013428
0 0.616515 0.771903 0.015355 0.012685
0 0.335885 0.511357 0.012666 0.010088
0 0.304529 0.433883 0.014530 0.011052
0 0.291922 0.522633 0.012167 0.009747
0 0.490564 0.640835 0.011934 0.010265
0 0.580857 0.494545 0.012532 0.008368
0 0.361844 0.794930 0.019860 0.016632
0 0.354415 0.769822 0.015938 0.011695
0 0.331804 0.573021 0.011323 0.008730
0 0.695431 0.735948 0.014315 0.011127
0 0.690074 0.525040 0.014278 0.011597
0 0.477315 0.654236 0.012037 0.009734
0 0.796909 0.411276 0.017617 0.013006
0 0.354819 0.626399 0.011627 0.009447
0 0.397755 0.710204 0.014005 0.009092
0 0.596033 0.608580 0.011627 0.009025
1 0.537869 0.826765 0.052169 0.036429
0 0.636191 0.692461 0.012317 0.009303
0 0.646448 0.708497 0.013431 0.010360
0 0.265098 0.451951 0.012210 0.010256
0 0.488125 0.579973 0.012567 0.009642
0 0.412058 0.628917 0.011063 0.009182
0 0.212233 0.709562 0.015134 0.011326
0 0.478266 0.296528 0.010929 0.008626
0 0.761192 0.571042 0.013247 0.009968
0 0.482706 0.626913 0.011624 0.009838
0 0.680414 0.543126 0.013786 0.009222
0 0.322130 0.554978 0.014359 0.009907
0 0.605433 0.447684 0.012967 0.008837
0 0.403240 0.614020 0.010557 0.009140
0 0.775029 0.645574 0.011962 0.009212
0 0.478888 0.674172 0.013896 0.010187
0 0.296815 0.403162 0.012676 0.009060
0 0.256781 0.394578 0.012796 0.009242
0 0.256028 0.475336 0.014475 0.009238
0 0.618629 0.423207 0.012049 0.008996
0 0.521751 0.385943 0.012611 0.009633
0 0.620336 0.476431 0.012992 0.011539
0 0.429886 0.703480 0.012897 0.009772
0 0.455315 0.684305 0.010919 0.009005
0 0.472019 0.500882 0.014207 0.010399
0 0.453756 0.295299 0.012143 0.009440
0 0.481195 0.541263 0.011692 0.009202
0 0.330439 0.492884 0.013094 0.009978
0 0.284422 0.389829 0.013494 0.009998
0 0.445180 0.620685 0.015787 0.011330
0 0.651646 0.367579 0.014867 0.012257
0 0.423145 0.271524 0.012791 0.008808
0 0.259959 0.420922 0.012332 0.008807
0 0.713674 0.748391 0.014652 0.011293
0 0.534843 0.426396 0.015379 0.011390
0 0.214668 0.490166 0.012543 0.010044
0 0.238991 0.615440 0.010964 0.008325
0 0.354773 0.287927 0.015666 0.013063
0 0.496885 0.382460 0.013671 0.010419
0 0.221469 0.586750 0.011887 0.010673
0 0.182215 0.423667 0.017916 0.012350
0 0.740890 0.564428 0.012827 0.010252
0 0.372625 0.363612 0.013044 0.009741
0 0.340981 0.591872 0.011030 0.008641
0 0.582462 0.560918 0.012306 0.011067
0 0.433055 0.671096 0.011969 0.011370
0 0.244820 0.441058 0.012271 0.008931
0 0.735408 0.424925 0.013243 0.010844
0 0.375722 0.775528 0.014310 0.012513
0 0.215093 0.568477 0.010785 0.009386
0 0.351635 0.330813 0.014455 0.013699
0 0.202774 0.668090 0.013503 0.010244
0 0.578649 0.271582 0.016088 0.012282
0 0.385345 0.398309 0.015085 0.011497
0 0.409087 0.304732 0.011541 0.009702
0 0.701537 0.471918 0.018773 0.012608
0 0.125734 0.453796 0.014359 0.010955
0 0.699770 0.345529 0.016518 0.011618
0 0.710985 0.371708 0.013145 0.009112
0 0.428710 0.535771 0.011329 0.008561
0 0.200341 0.465839 0.012476 0.009943
0 0.276332 0.405101 0.013116 0.009051
0 0.797882 0.380416 0.016861 0.012854
0 0.654605 0.424971 0.011612 0.011924
0 0.703232 0.577814 0.012943 0.009503
0 0.409940 0.538769 0.011317 0.010191
0 0.220711 0.427320 0.013562 0.009927
0 0.174654 0.666968 0.015448 0.011205
0 0.513386 0.499339 0.013547 0.010272
0 0.648569 0.785777 0.019454 0.013333
0 0.287753 0.592725 0.014327 0.010351
0 0.751752 0.667980 0.012157 0.009332
0 0.315066 0.540050 0.012681 0.009970
0 0.659095 0.660505 0.012323 0.008570
0 0.212572 0.353370 0.015751 0.012383
0 0.649148 0.529605 0.011035 0.008787
0 0.357114 0.414179 0.016128 0.012520
0 0.662746 0.641437 0.011285 0.009315
0 0.730041 0.691102 0.011823 0.010049
0 0.291637 0.466956 0.013395 0.008334
0 0.359962 0.491315 0.011775 0.010317
0 0.543081 0.600622 0.011748 0.011802
0 0.360340 0.504319 0.011077 0.009277
0 0.721659 0.561246 0.013363 0.009505
0 0.819683 0.486538 0.013601 0.009988
0 0.440375 0.575423 0.011296 0.008626
0 0.730365 0.342888 0.014045 0.010399
0 0.175666 0.688419 0.015978 0.013425
0 0.368741 0.526025 0.011266 0.008847
0 0.749268 0.363120 0.017658 0.015799
0 0.800800 0.637956 0.011887 0.008915
0 0.186600 0.612638 0.012149 0.010586
0 0.533151 0.501166 0.011191 0.008557
0 0.729424 0.701621 0.011831 0.010171
0 0.535828 0.690928 0.010982 0.008157
0 0.331499 0.440917 0.011976 0.008743
0 0.478564 0.458140 0.013914 0.012038
0 0.237811 0.500492 0.014317 0.009501
0 0.520730 0.528544 0.013755 0.011396
0 0.515532 0.399003 0.011981 0.009658
0 0.312760 0.517093 0.013110 0.011519
0 0.360651 0.574756 0.012092 0.012507
0 0.446968 0.256336 0.012426 0.009775
0 0.527773 0.614200 0.011286 0.007038
0 0.581363 0.606363 0.017032 0.010322
0 0.207313 0.538134 0.010714 0.012664
0 0.480509 0.563589 0.011791 0.009653
0 0.799996 0.456378 0.012973 0.011037
0 0.146353 0.534116 0.010208 0.008624
0 0.347876 0.436023 0.012483 0.008861
0 0.167540 0.626600 0.012314 0.009132
0 0.419576 0.503417 0.010995 0.008152
0 0.704538 0.767427 0.017726 0.011485
0 0.192912 0.505324 0.012441 0.010140
0 0.249852 0.349016 0.013529 0.010486
0 0.333287 0.689847 0.011989 0.009071
0 0.275722 0.492403 0.011774 0.009400
0 0.267667 0.664668 0.012319 0.012734
0 0.647265 0.507601 0.012452 0.011186
0 0.652810 0.298494 0.018624 0.014718
0 0.518380 0.474273 0.012350 0.009042
0 0.745143 0.676475 0.011092 0.009258
0 0.222526 0.339852 0.014478 0.012138
0 0.111765 0.501973 0.014607 0.011429
0 0.241682 0.361035 0.012178 0.009567
0 0.770088 0.591072 0.015886 0.009335
0 0.446782 0.309724 0.013429 0.013092
0 0.363621 0.546184 0.012924 0.012338
0 0.413306 0.369508 0.011982 0.008835
0 0.628190 0.282314 0.015867 0.012548
0 0.451251 0.502927 0.013352 0.010364
0 0.361067 0.549454 0.012571 0.011766
0 0.650254 0.483643 0.017144 0.010829
0 0.363303 0.639228 0.011729 0.008467
0 0.811284 0.471428 0.012032 0.008703
0 0.372028 0.719968 0.013092 0.009994
0 0.501790 0.590547 0.011070 0.007906
0 0.123589 0.543817 0.012168 0.009976
0 0.629916 0.449394 0.013517 0.010472
0 0.753689 0.594301 0.015938 0.009209
0 0.432040 0.300960 0.011826 0.010223
0 0.296775 0.595049 0.012368 0.009215
0 0.374375 0.725395 0.011844 0.010718
0 0.271464 0.502571 0.013193 0.010125
0 0.491475 0.472966 0.013100 0.012515
0 0.744871 0.636168 0.013292 0.008814
0 0.426668 0.592196 0.012084 0.008352
0 0.822026 0.576983 0.014612 0.011169
0 0.692313 0.372916 0.014295 0.010247
0 0.720768 0.527548 0.011733 0.009654
0 0.358822 0.312538 0.012252 0.010385
0 0.699487 0.720522 0.012688 0.011476
0 0.141022 0.480216 0.015274 0.010774
0 0.134392 0.481867 0.019037 0.010425
0 0.364438 0.677495 0.014366 0.012465
0 0.662698 0.658345 0.012339 0.008758
0 0.511684 0.427499 0.011667 0.008574
0 0.669777 0.723395 0.016009 0.010138
0 0.319333 0.724531 0.013420 0.011552
0 0.313745 0.425686 0.014165 0.010522
0 0.234118 0.411809 0.012552 0.010167
0 0.130912 0.596401 0.012381 0.010496
0 0.408016 0.276897 0.010523 0.008510
0 0.338254 0.713311 0.015254 0.008772
0 0.481452 0.520340 0.014341 0.009050
0 0.460451 0.598773 0.013407 0.008857
0 0.472997 0.265322 0.011299 0.008909
0 0.138067 0.426347 0.013249 0.011603
0 0.143402 0.562758 0.011698 0.008097
0 0.328518 0.703422 0.013035 0.010701
0 0.405153 0.646427 0.012613 0.008552
0 0.270591 0.435354 0.011529 0.009094
0 0.436444 0.482028 0.010718 0.008406
0 0.194583 0.650235 0.013882 0.012492
0 0.437189 0.331590 0.017798 0.015245
0 0.549047 0.259828 0.012484 0.010086
0 0.539346 0.440997 0.013581 0.009670
0 0.663582 0.351098 0.015528 0.011719
0 0.530016 0.522554 0.012930 0.010080
0 0.460130 0.673589 0.013314 0.009478
0 0.454031 0.520032 0.013306 0.009402
0 0.800475 0.415561 0.017551 0.013153
0 0.463175 0.602130 0.010218 0.008088
0 0.266105 0.660460 0.013078 0.012662
0 0.701907 0.557951 0.011336 0.008886
0 0.205395 0.441930 0.014196 0.010593
0 0.651027 0.324832 0.029725 0.016829
0 0.711320 0.408696 0.016095 0.011328
0 0.715574 0.328198 0.013917 0.013055
0 0.677732 0.477647 0.015729 0.009903
0 0.482048 0.383859 0.013414 0.013913
0 0.187187 0.444658 0.013349 0.009459
0 0.589568 0.739288 0.034146 0.011364
0 0.718597 0.530906 0.012135 0.010992
0 0.428161 0.758271 0.016928 0.013669
0 0.797931 0.461915 0.012231 0.011975
0 0.481994 0.405213 0.014404 0.010895
0 0.673292 0.684392 0.011332 0.008178
0 0.663667 0.458177 0.012516 0.010689
0 0.697119 0.649028 0.009835 0.008120
0 0.335457 0.315581 0.017583 0.013202
0 0.193499 0.703909 0.013532 0.009726
0 0.619588 0.537339 0.016820 0.009201
0 0.360674 0.587613 0.010850 0.010509
0 0.732221 0.379799 0.012646 0.009901
0 0.495239 0.507463 0.012559 0.009132
0 0.546346 0.605004 0.015286 0.009844
0 0.485710 0.542879 0.023924 0.008702
0 0.518256 0.522100 0.014031 0.010427
0 0.686007 0.698500 0.017248 0.010118
0 0.353557 0.526702 0.014661 0.009029
0 0.392954 0.267074 0.013104 0.009695
0 0.202955 0.579937 0.011024 0.009960
0 0.753066 0.342903 0.013962 0.010697
0 0.598944 0.485954 0.011760 0.010069