0 0.596161 0.459235 0.020841 0.025251
0 0.481184 0.790991 0.019963 0.025703
0 0.368076 0.676964 0.019785 0.024991
0 0.261057 0.884802 0.020355 0.025572
0 0.292168 0.708591 0.021146 0.026119
0 0.087924 0.649121 0.022947 0.028721
0 0.490752 0.397924 0.020007 0.024669
0 0.420226 0.537657 0.019552 0.023777
1 0.718022 0.194633 0.049665 0.063105
0 0.370476 0.977304 0.021250 0.025719
0 0.320626 0.525976 0.018923 0.023389
0 0.640756 0.483745 0.021716 0.025811
0 0.754375 0.646693 0.016324 0.021180
0 0.206473 0.644201 0.026645 0.030866
0 0.713059 0.043581 0.018539 0.025683
0 0.577584 0.619865 0.022641 0.027680
0 0.696796 0.624466 0.020228 0.025105
0 0.328202 0.622129 0.024658 0.034120
0 0.033397 0.041600 0.021309 0.025344
0 0.186039 0.695120 0.020341 0.026368
0 0.320563 0.350201 0.024219 0.030883
0 0.497803 0.355190 0.021305 0.027165
0 0.336209 0.069442 0.017609 0.022562
0 0.038345 0.578095 0.024696 0.033447
0 0.750481 0.051108 0.021091 0.026966
0 0.261581 0.745091 0.025311 0.033205
0 0.308544 0.433112 0.022932 0.034696
0 0.497417 0.454982 0.017769 0.023771
0 0.245431 0.244397 0.027967 0.030481
0 0.721029 0.663871 0.020066 0.024353
0 0.621920 0.013070 0.022239 0.026139
0 0.664838 0.267613 0.019635 0.025322
0 0.233405 0.293547 0.024031 0.029945
0 0.187110 0.856965 0.016470 0.021309
0 0.045394 0.215242 0.035008 0.037612
0 0.128438 0.893735 0.032252 0.042518
0 0.572321 0.888274 0.021167 0.027922
0 0.525231 0.301557 0.021009 0.027510
0 0.545545 0.135075 0.023739 0.034418
0 0.552607 0.541841 0.018473 0.024915
0 0.325304 0.204097 0.018159 0.023731
0 0.548518 0.386262 0.019947 0.025314
0 0.614307 0.511140 0.017437 0.023754
0 0.267263 0.663898 0.019925 0.025835