0 0.476023 0.419608 0.021663 0.018637
0 0.607076 0.543739 0.026181 0.020001
0 0.172140 0.622024 0.015334 0.015391
0 0.421306 0.417597 0.021888 0.016610
0 0.301443 0.381662 0.014621 0.012456
0 0.437701 0.519042 0.018815 0.015642
0 0.707716 0.572257 0.018807 0.013918
0 0.257713 0.441912 0.021132 0.017570
0 0.546308 0.491391 0.020673 0.015005
0 0.668422 0.806747 0.021428 0.016433
0 0.679184 0.485381 0.022206 0.017221
0 0.314654 0.840945 0.018222 0.012155
0 0.800977 0.666872 0.018561 0.013606
0 0.382285 0.557237 0.020197 0.014514
0 0.478694 0.502937 0.020039 0.015789
0 0.369141 0.694014 0.019328 0.015245
0 0.716407 0.623130 0.019947 0.014846
0 0.717888 0.796841 0.019247 0.014370
0 0.557275 0.596036 0.019077 0.014242
0 0.757073 0.668247 0.016158 0.012436
0 0.647909 0.436276 0.025684 0.016718
0 0.609365 0.845710 0.019607 0.016408
0 0.277257 0.535658 0.020113 0.014404
0 0.228371 0.729920 0.020608 0.012932
0 0.252313 0.595754 0.017420 0.014528
0 0.386335 0.483722 0.017564 0.013387
0 0.463041 0.478896 0.019491 0.013991
0 0.388488 0.369352 0.010318 0.008981
0 0.338062 0.816587 0.017977 0.013873
0 0.674911 0.589835 0.017228 0.011219
0 0.453966 0.582549 0.018138 0.012292
0 0.428646 0.734377 0.029665 0.019184
0 0.784911 0.739955 0.016842 0.012001
0 0.299194 0.752217 0.020735 0.017583
0 0.779492 0.758570 0.015064 0.009656
0 0.541883 0.570125 0.019645 0.013151
0 0.501570 0.769984 0.018302 0.012893
0 0.800393 0.514309 0.020970 0.016194
0 0.663809 0.614521 0.016759 0.012653
0 0.501481 0.922796 0.022211 0.015181
0 0.569420 0.910016 0.025445 0.022804
0 0.715705 0.591433 0.019180 0.013602
0 0.787956 0.535740 0.017895 0.012896
0 0.633080 0.523492 0.018429 0.013037
0 0.353054 0.768943 0.018929 0.013154
0 0.614461 0.413140 0.018058 0.014494
0 0.578015 0.366899 0.018762 0.013719
0 0.625982 0.629266 0.017337 0.011662
0 0.709112 0.674175 0.017185 0.013422
0 0.660832 0.856856 0.016420 0.010897
0 0.489528 0.646031 0.014806 0.012217
0 0.255039 0.758920 0.012296 0.010853
0 0.214463 0.502889 0.014857 0.012218
0 0.469528 0.519667 0.017970 0.011667
0 0.313519 0.663126 0.020255 0.016022
0 0.447537 0.597859 0.015257 0.011085
0 0.771259 0.546664 0.013414 0.009944
0 0.448776 0.756163 0.019053 0.017008
0 0.482946 0.860940 0.019427 0.016202
0 0.265039 0.572965 0.014694 0.011863
0 0.635788 0.890611 0.017008 0.013616
0 0.241748 0.837283 0.010440 0.008695
0 0.332219 0.744476 0.017566 0.013814
0 0.463988 0.683119 0.017489 0.015390
0 0.275597 0.636322 0.017048 0.013924
0 0.452598 0.590166 0.019091 0.019210
1 0.376369 0.605047 0.053208 0.031690