0 0.663660 0.449754 0.014922 0.011292
0 0.713992 0.346486 0.014188 0.011366
0 0.545666 0.480068 0.013651 0.010230
0 0.304077 0.542608 0.013925 0.009919
0 0.624858 0.457307 0.014686 0.012204
0 0.541541 0.504421 0.013556 0.010456
0 0.636576 0.339095 0.014918 0.012775
0 0.597614 0.369925 0.014177 0.010738
0 0.679548 0.418764 0.017611 0.013522
1 0.397257 0.609969 0.067754 0.038835
0 0.314249 0.581853 0.011567 0.009262
0 0.717167 0.457688 0.013403 0.011111
0 0.356080 0.467296 0.014501 0.012015
0 0.515328 0.785640 0.016340 0.012406
0 0.678682 0.477998 0.013169 0.009995
0 0.669518 0.351587 0.013408 0.012413
0 0.594845 0.480200 0.016589 0.012693
0 0.664273 0.492700 0.014397 0.010928
0 0.579346 0.501690 0.015082 0.011745
0 0.692572 0.564132 0.013084 0.011330
1 0.265176 0.484502 0.043430 0.033986
0 0.414322 0.320253 0.014121 0.010176
0 0.580310 0.747877 0.012447 0.010176
0 0.656220 0.584601 0.012859 0.010869
0 0.317287 0.455925 0.015518 0.010648
0 0.307216 0.605014 0.010794 0.008761
0 0.770976 0.648554 0.012282 0.009402
0 0.693964 0.302575 0.013563 0.011260
0 0.534367 0.669435 0.012695 0.009793
0 0.629536 0.377681 0.012905 0.009916
0 0.641902 0.510436 0.012598 0.009985
0 0.616173 0.769786 0.012624 0.010235
0 0.776897 0.537729 0.012200 0.010953
0 0.698334 0.534187 0.012241 0.008842
0 0.424006 0.471249 0.015667 0.010291
0 0.716304 0.317475 0.012653 0.009629
0 0.794792 0.442231 0.011717 0.009434
0 0.601761 0.574059 0.011466 0.009870
0 0.536890 0.333577 0.015436 0.011037
0 0.673266 0.507270 0.012172 0.008934
0 0.522106 0.564464 0.012823 0.009884
0 0.357025 0.532667 0.014333 0.013603
0 0.540098 0.463422 0.014676 0.010899
0 0.525163 0.541326 0.013730 0.011772
0 0.587056 0.455717 0.013629 0.010491
0 0.741034 0.648540 0.011255 0.008744
0 0.553100 0.347947 0.013313 0.009792
0 0.422076 0.370436 0.016172 0.012612
0 0.326943 0.521024 0.011936 0.009210
0 0.743574 0.486453 0.013109 0.010441
0 0.422656 0.400882 0.012339 0.009344
0 0.428727 0.636815 0.012693 0.009516
0 0.301210 0.473266 0.012581 0.010158
0 0.462315 0.612143 0.012282 0.010408
0 0.657992 0.376984 0.014644 0.010818
0 0.615133 0.539191 0.013592 0.010190
0 0.508562 0.518106 0.012424 0.010711
1 0.733201 0.607366 0.051027 0.033693
0 0.707193 0.639666 0.010031 0.008125
0 0.821347 0.468476 0.011302 0.008733
0 0.623453 0.600294 0.011450 0.008230
0 0.508278 0.452154 0.015025 0.010284
0 0.319408 0.490211 0.012762 0.009683
0 0.467384 0.523448 0.013457 0.011597
0 0.372332 0.494560 0.014563 0.010784
0 0.446855 0.386896 0.019926 0.012435
0 0.723612 0.412401 0.014924 0.011576
0 0.678253 0.325200 0.013175 0.009888
0 0.205883 0.557089 0.012519 0.009683
0 0.716224 0.521106 0.017554 0.013844
0 0.381334 0.728549 0.010927 0.008449
0 0.238127 0.594716 0.014154 0.011940
0 0.775329 0.334901 0.018585 0.014388
0 0.476369 0.487463 0.014824 0.012702
1 0.139225 0.501635 0.042115 0.076760
0 0.286730 0.551412 0.011633 0.008922
0 0.589279 0.434867 0.012536 0.010900
0 0.802804 0.552374 0.010598 0.009730
0 0.465465 0.457706 0.012035 0.009063
0 0.347128 0.505916 0.012108 0.008833
0 0.626628 0.412107 0.019078 0.013128
0 0.322661 0.622349 0.010716 0.008356
0 0.247792 0.523326 0.015318 0.010729
0 0.753754 0.388387 0.013710 0.010947
0 0.545976 0.280933 0.015250 0.011343
0 0.751261 0.514382 0.012446 0.009331
0 0.466724 0.666037 0.013695 0.009323
0 0.453786 0.428398 0.013504 0.009655
0 0.486600 0.638646 0.011819 0.009634
0 0.648578 0.778296 0.019301 0.012571
0 0.678462 0.280885 0.018011 0.012724
0 0.807561 0.403386 0.014683 0.012153
0 0.751350 0.450760 0.012058 0.011616
0 0.300520 0.516912 0.013536 0.009410
0 0.625810 0.690560 0.011103 0.008885
0 0.381494 0.758698 0.014333 0.010853
0 0.492268 0.338276 0.013797 0.011533
0 0.450384 0.481911 0.012776 0.010978
0 0.270230 0.572739 0.016989 0.010233
0 0.756058 0.421953 0.012579 0.011624
0 0.230875 0.538031 0.012201 0.008798
0 0.640203 0.576201 0.011672 0.009521
0 0.634244 0.798734 0.015901 0.010056
0 0.690731 0.385162 0.014870 0.010697
0 0.337374 0.489025 0.014438 0.012000
0 0.509405 0.585428 0.013498 0.010227
0 0.589733 0.557051 0.012111 0.009567
0 0.599012 0.799566 0.015158 0.010950
0 0.506997 0.651434 0.014637 0.014113
0 0.499417 0.552871 0.014102 0.009750
0 0.410995 0.449236 0.014859 0.011459
0 0.651388 0.393612 0.012622 0.009961
0 0.781166 0.509123 0.013080 0.009198
0 0.518153 0.362586 0.012869 0.014327
0 0.400620 0.504766 0.012929 0.011037
0 0.456700 0.648971 0.010462 0.007916
0 0.796743 0.459885 0.015421 0.009148
0 0.744982 0.320724 0.017975 0.015004
0 0.513108 0.410638 0.013992 0.010448
0 0.358467 0.316281 0.015152 0.014833
0 0.383042 0.347565 0.014295 0.011734
0 0.364145 0.716823 0.010291 0.008096
0 0.667697 0.556801 0.012140 0.010667
0 0.444228 0.624820 0.011337 0.009959
0 0.738052 0.533712 0.014215 0.011216
0 0.722510 0.293948 0.014448 0.011653
0 0.633291 0.554123 0.011299 0.008393
0 0.800059 0.493329 0.012362 0.009548
0 0.268790 0.595362 0.010853 0.008336
0 0.392208 0.430231 0.012632 0.010048
0 0.348965 0.602212 0.014234 0.010563
0 0.735640 0.583438 0.010876 0.007945
0 0.873315 0.459856 0.013912 0.011257
0 0.804367 0.643284 0.010627 0.008828
0 0.463911 0.615640 0.012001 0.009864
0 0.338616 0.362769 0.013613 0.010450
0 0.384344 0.368889 0.012643 0.010596
0 0.189386 0.501395 0.010948 0.008909
0 0.453383 0.569192 0.011700 0.008753
0 0.572179 0.577070 0.016808 0.012669
0 0.840534 0.562012 0.010854 0.008399
0 0.717341 0.747042 0.012099 0.009396
0 0.793262 0.661376 0.011384 0.008445
0 0.306886 0.724749 0.012899 0.010962
0 0.219022 0.482344 0.012545 0.009138
0 0.819531 0.604653 0.010866 0.007872
0 0.533561 0.419991 0.014637 0.009212
0 0.193411 0.574368 0.012542 0.009244
0 0.559785 0.776861 0.012591 0.009212
0 0.182551 0.485040 0.014402 0.012533
0 0.494245 0.574549 0.012703 0.009388
0 0.560883 0.686985 0.011918 0.009175
0 0.513776 0.390781 0.018275 0.013021
0 0.261548 0.548152 0.012775 0.009299
0 0.770861 0.505282 0.013151 0.009463
0 0.719159 0.765415 0.012528 0.008863
0 0.788736 0.479255 0.010653 0.008852
0 0.641248 0.541819 0.014328 0.010356
0 0.401795 0.489783 0.013444 0.011587
0 0.869990 0.446903 0.014998 0.012920
0 0.532584 0.439888 0.013831 0.010299
0 0.263829 0.700390 0.013513 0.010833
0 0.792562 0.629571 0.011255 0.009908
0 0.281130 0.514191 0.015369 0.010282
0 0.247399 0.563591 0.011275 0.008663
0 0.175628 0.535247 0.011680 0.009246
0 0.278625 0.719233 0.011440 0.009127
0 0.493698 0.354625 0.016623 0.010673
0 0.666417 0.541784 0.011639 0.012041
0 0.215618 0.578285 0.013208 0.009120
0 0.592829 0.274169 0.015823 0.013916
0 0.568901 0.300856 0.010527 0.009381
0 0.428025 0.585942 0.013144 0.009885
0 0.494372 0.502455 0.015964 0.012550
0 0.609807 0.332168 0.014163 0.012097
0 0.508393 0.265248 0.013099 0.012665
0 0.427085 0.531746 0.012081 0.009700
0 0.433329 0.429939 0.012084 0.009012
0 0.374767 0.396834 0.014048 0.013291
0 0.220135 0.427254 0.011605 0.009161
0 0.558721 0.528494 0.012177 0.010117
0 0.772910 0.587841 0.010662 0.008541
0 0.356595 0.554789 0.016566 0.010663
0 0.589727 0.773973 0.015273 0.011627
0 0.412622 0.298159 0.015451 0.012744
0 0.759560 0.630604 0.011000 0.009505
0 0.385449 0.522607 0.014415 0.009854
0 0.456559 0.309990 0.017747 0.013462
0 0.500533 0.476431 0.012600 0.009185
0 0.589688 0.470022 0.015343 0.012116
0 0.440522 0.450921 0.013371 0.010849
0 0.329869 0.316584 0.012654 0.012436
0 0.280969 0.610617 0.012370 0.010430
0 0.474749 0.367885 0.015118 0.009761
0 0.663840 0.305572 0.014850 0.010541
0 0.330715 0.490009 0.024323 0.010412
0 0.531086 0.593343 0.011836 0.009471
0 0.370820 0.660354 0.013415 0.013957
0 0.701203 0.528205 0.014062 0.014101
0 0.349447 0.677218 0.010382 0.008710
0 0.797311 0.613807 0.010585 0.008121
0 0.434716 0.563145 0.014443 0.009381
0 0.405014 0.530588 0.013229 0.010762
0 0.736036 0.499119 0.012083 0.009602
0 0.406591 0.580783 0.013035 0.008384
0 0.585038 0.520198 0.015595 0.011553
0 0.829613 0.510925 0.010952 0.009327
0 0.447918 0.778232 0.014866 0.011472
0 0.792810 0.677219 0.014228 0.008976
0 0.588515 0.329466 0.016088 0.011382
0 0.490854 0.440223 0.016892 0.011923
0 0.382275 0.472937 0.014729 0.009239
0 0.340807 0.747088 0.016795 0.014736
0 0.463146 0.348993 0.018476 0.015250
0 0.370168 0.792539 0.017053 0.014393
0 0.804354 0.495985 0.011490 0.008867
0 0.475651 0.540268 0.013595 0.011373
0 0.452641 0.487863 0.011973 0.012720
0 0.347460 0.411548 0.016383 0.010123
0 0.764420 0.368752 0.013224 0.010672
0 0.235278 0.634670 0.014719 0.011037
0 0.846285 0.477443 0.011865 0.008269
0 0.365315 0.768684 0.013177 0.010785
0 0.685164 0.765598 0.013278 0.009421
0 0.302716 0.370309 0.013306 0.011408
1 0.435851 0.709168 0.031013 0.030417