0 0.514386 0.461397 0.017969 0.013957
0 0.298036 0.509521 0.015010 0.011453
0 0.246185 0.781367 0.015132 0.011542
0 0.194047 0.459019 0.018008 0.013494
0 0.163755 0.519814 0.017314 0.012768
0 0.293222 0.639186 0.016356 0.012554
0 0.209368 0.596617 0.016436 0.012678
1 0.512518 0.742077 0.061476 0.047734
0 0.075009 0.689292 0.018167 0.013937
0 0.214269 0.492875 0.019128 0.015233
0 0.500096 0.551731 0.016646 0.012869
0 0.584218 0.644421 0.015207 0.011929
0 0.393543 0.607278 0.015434 0.011739
0 0.443701 0.545686 0.015673 0.012370
0 0.170735 0.745828 0.016259 0.012161
1 0.686361 0.615726 0.063313 0.062704
0 0.375516 0.644850 0.016469 0.012191
0 0.398715 0.521183 0.014599 0.010649
0 0.053101 0.718648 0.016947 0.012545
0 0.459654 0.452425 0.017091 0.013103
0 0.256526 0.798848 0.014558 0.011260
0 0.559467 0.878942 0.020612 0.015294
0 0.022854 0.694140 0.017848 0.013757
0 0.477682 0.521357 0.018380 0.014674
0 0.346907 0.676920 0.016011 0.012551
0 0.294036 0.474686 0.019466 0.015566
0 0.231826 0.453033 0.017451 0.013248
1 0.353215 0.777280 0.056169 0.050102
0 0.464277 0.557822 0.015462 0.011192
0 0.319981 0.674783 0.015669 0.012455
0 0.272645 0.407937 0.020438 0.015576
0 0.256954 0.497665 0.014922 0.011428
0 0.613394 0.698025 0.018638 0.013561
0 0.295716 0.894136 0.019005 0.014688
1 0.352675 0.538912 0.046546 0.039648
0 0.433688 0.660753 0.016743 0.013260
0 0.468300 0.488756 0.017566 0.013443
0 0.289365 0.797886 0.014688 0.011248
0 0.352652 0.615378 0.015021 0.011704
0 0.329213 0.934965 0.022201 0.016026
0 0.371793 0.695772 0.016515 0.011344
0 0.415284 0.674772 0.015405 0.011544
0 0.429198 0.591592 0.015222 0.011503
0 0.466588 0.593044 0.020169 0.013340
0 0.525804 0.846362 0.019712 0.015079
0 0.557530 0.665400 0.020607 0.013625
0 0.636715 0.517088 0.016437 0.012975
0 0.342235 0.905593 0.019854 0.015204
0 0.331654 0.438108 0.016252 0.013054
0 0.545800 0.377295 0.016315 0.012929
0 0.181700 0.797393 0.015672 0.012455
1 0.078717 0.814770 0.058138 0.044958
0 0.507046 0.847362 0.020121 0.015137
0 0.346834 0.701788 0.016167 0.011635
0 0.326297 0.509626 0.015374 0.012890
0 0.064170 0.492913 0.017122 0.012939
0 0.169174 0.885674 0.019428 0.014450
0 0.394735 0.884835 0.018803 0.014213
0 0.448199 0.580780 0.016346 0.012003
0 0.366068 0.358136 0.013605 0.012476
0 0.064254 0.747961 0.017620 0.013433
0 0.277517 0.761152 0.019709 0.013051
1 0.483623 0.405221 0.059133 0.037495
0 0.406603 0.926731 0.025549 0.021937
0 0.448079 0.376798 0.016910 0.012547
1 0.393875 0.561136 0.047839 0.035219
0 0.389086 0.859457 0.019538 0.015141
0 0.235819 0.350161 0.015216 0.012525
0 0.597134 0.535211 0.016349 0.012546
0 0.207122 0.842998 0.015144 0.011708
0 0.619195 0.655687 0.015842 0.013103
0 0.200829 0.871484 0.017763 0.014296
0 0.416815 0.754630 0.017105 0.013843
0 0.297115 0.841528 0.018683 0.013381
0 0.278187 0.556847 0.015124 0.011088
0 0.254549 0.740325 0.019366 0.015526
0 0.607518 0.440519 0.024493 0.014365
0 0.210437 0.893583 0.019774 0.014598
0 0.333197 0.725479 0.019240 0.013037
0 0.742646 0.495876 0.019066 0.014858
0 0.284628 0.847395 0.019846 0.014242
0 0.647596 0.683389 0.018302 0.014163
0 0.150560 0.758760 0.013375 0.010072
0 0.282377 0.814762 0.013624 0.010161
0 0.295094 0.446818 0.014108 0.011238
0 0.201530 0.363522 0.021333 0.015486
0 0.289859 0.574200 0.015837 0.012930
0 0.593029 0.553526 0.019333 0.016056
0 0.506553 0.804403 0.019952 0.015407
0 0.609958 0.839378 0.016779 0.012791
0 0.376548 0.445318 0.016088 0.013333
0 0.577437 0.820537 0.015343 0.011515
0 0.024365 0.507208 0.017599 0.017186
0 0.532627 0.523744 0.013706 0.010430
0 0.565132 0.452993 0.015122 0.012634
0 0.684626 0.766112 0.019849 0.015585
0 0.302830 0.393564 0.019449 0.015503
0 0.036883 0.662792 0.013182 0.010305
1 0.328332 0.862179 0.019185 0.019037
0 0.134844 0.513077 0.017481 0.014293
0 0.140909 0.564693 0.014192 0.012257
0 0.708841 0.473365 0.021347 0.017064
0 0.523199 0.627151 0.012189 0.009998
0 0.467021 0.686308 0.016142 0.012940
0 0.317968 0.582882 0.015759 0.013216
0 0.704950 0.636023 0.016913 0.014216
0 0.290800 0.844504 0.026704 0.016563
0 0.308908 0.555708 0.018171 0.013196
0 0.649001 0.742627 0.013521 0.010496
0 0.026134 0.513071 0.017451 0.020048
0 0.387451 0.623846 0.013626 0.010053
0 0.321926 0.601819 0.012914 0.009703
0 0.501817 0.367594 0.015517 0.012810
0 0.028102 0.518946 0.017553 0.013807
0 0.635587 0.488734 0.015888 0.013349
0 0.578393 0.392023 0.013208 0.011283
0 0.150968 0.397683 0.014589 0.014019