0 0.101638 0.607977 0.017223 0.012880
0 0.353538 0.868223 0.021688 0.016511
0 0.390357 0.849297 0.019845 0.014974
0 0.156378 0.651940 0.018201 0.013575
0 0.415301 0.755101 0.017637 0.013194
0 0.414038 0.420154 0.016916 0.012111
0 0.584069 0.743376 0.018410 0.013901
0 0.208612 0.551950 0.018297 0.013994
0 0.615872 0.523841 0.019062 0.014133
1 0.338821 0.653814 0.103077 0.054056
0 0.566646 0.829223 0.022403 0.017145
0 0.542619 0.652609 0.014625 0.011759
0 0.438367 0.599584 0.017769 0.013070
0 0.310958 0.801388 0.018005 0.013059
0 0.395397 0.398973 0.016698 0.012660
0 0.426527 0.845324 0.019238 0.014060
0 0.356100 0.544351 0.015484 0.011330
0 0.637677 0.576894 0.017952 0.013430
0 0.164492 0.512439 0.017665 0.012533
0 0.317275 0.829810 0.018439 0.014833
0 0.384287 0.599331 0.013658 0.010573
0 0.181119 0.739548 0.018307 0.014049
0 0.447318 0.667997 0.018382 0.013955
0 0.181434 0.496298 0.017320 0.013486
0 0.179837 0.588911 0.016398 0.012031
0 0.126771 0.559258 0.016890 0.012683
0 0.357509 0.576299 0.017687 0.012484
0 0.315596 0.592859 0.015413 0.010729
0 0.394957 0.462512 0.016556 0.012207
0 0.105531 0.655613 0.018256 0.013417
0 0.565594 0.715135 0.016989 0.012628
0 0.467633 0.527085 0.016878 0.012560
0 0.123552 0.675277 0.018240 0.013498
0 0.346413 0.771789 0.016638 0.012911
0 0.690181 0.460888 0.022829 0.017157
0 0.336911 0.813960 0.018478 0.013370
0 0.439981 0.867734 0.023736 0.016894
0 0.516261 0.697831 0.016030 0.012257
0 0.162619 0.771386 0.023461 0.016936
0 0.584490 0.471237 0.019089 0.014528
0 0.308402 0.501726 0.016743 0.013539
0 0.571635 0.797464 0.024330 0.015425
0 0.429696 0.889720 0.023261 0.015652
0 0.572862 0.592820 0.018832 0.014734
0 0.420156 0.658206 0.016083 0.013044
0 0.747972 0.575383 0.016846 0.012661
0 0.504412 0.306775 0.012450 0.009419
0 0.457124 0.357322 0.013025 0.009640
0 0.350088 0.752742 0.017034 0.013051
0 0.461307 0.447145 0.021167 0.016875
0 0.732881 0.632576 0.019553 0.015908
0 0.667825 0.685293 0.023697 0.019498
0 0.527369 0.600826 0.021192 0.018226
0 0.464568 0.397362 0.023291 0.016736
0 0.453043 0.310324 0.014580 0.011918
0 0.351860 0.721937 0.012529 0.009953
0 0.623357 0.415662 0.021586 0.016519
0 0.671451 0.850644 0.017688 0.012542
0 0.757017 0.485845 0.020404 0.015492
0 0.545007 0.722001 0.016244 0.013072
0 0.347062 0.507983 0.014708 0.010659
0 0.702008 0.759618 0.021259 0.016646
1 0.432618 0.548535 0.058069 0.039120
0 0.586164 0.817525 0.018174 0.013917
0 0.335959 0.574118 0.016869 0.012283
0 0.466670 0.680288 0.013715 0.010267
0 0.477562 0.342581 0.012244 0.009675
0 0.244089 0.617438 0.017306 0.013835
0 0.157694 0.713886 0.013365 0.010553
0 0.627816 0.616003 0.014988 0.010820
0 0.481032 0.583871 0.016111 0.013124
0 0.590969 0.857773 0.021296 0.015537
0 0.393008 0.770302 0.018970 0.013337
0 0.782767 0.569758 0.014555 0.012278
0 0.227653 0.675824 0.016099 0.013149
0 0.382103 0.437883 0.018455 0.014131
0 0.553726 0.347200 0.016426 0.013532
0 0.610358 0.641812 0.020795 0.015762
1 0.400813 0.332805 0.059061 0.035147
0 0.334157 0.790846 0.015620 0.011268
0 0.570780 0.402473 0.016024 0.012752
0 0.105938 0.478668 0.018823 0.014603
0 0.599377 0.333385 0.015665 0.013649
0 0.354963 0.484594 0.014276 0.010690
0 0.243283 0.612002 0.016617 0.016499
0 0.384612 0.768339 0.020699 0.012672
0 0.543244 0.413692 0.015370 0.012676
0 0.289949 0.575230 0.012985 0.009925
0 0.358275 0.468370 0.015209 0.012688
0 0.509893 0.387001 0.024369 0.019649
0 0.691790 0.523798 0.014964 0.011856
0 0.747886 0.503069 0.015090 0.011506
1 0.150303 0.444529 0.054081 0.042395
0 0.388719 0.308919 0.014430 0.011207
0 0.705367 0.588235 0.018230 0.015829
0 0.524183 0.350071 0.013569 0.010590
0 0.447541 0.813572 0.015214 0.011984
0 0.554452 0.679693 0.016093 0.011989
0 0.456851 0.574064 0.013579 0.011445
0 0.660792 0.374366 0.015536 0.013546
0 0.518513 0.367321 0.016680 0.011364
0 0.233140 0.497112 0.024343 0.023534
0 0.550560 0.719670 0.024869 0.013741
0 0.543930 0.466805 0.012993 0.010194
0 0.419694 0.367423 0.011711 0.009166
0 0.690915 0.795590 0.014630 0.011515
0 0.523426 0.425592 0.013371 0.010659
0 0.351915 0.325344 0.013698 0.011683
0 0.320565 0.894801 0.018509 0.012707
0 0.717877 0.529125 0.015341 0.011483
0 0.439386 0.470883 0.016546 0.012931
0 0.541040 0.748379 0.018020 0.015474
0 0.575299 0.824740 0.027653 0.018815