0 0.315973 0.311027 0.016277 0.013034
0 0.240105 0.696738 0.017830 0.014739
0 0.151078 0.416102 0.014753 0.011770
0 0.390778 0.678078 0.016171 0.012694
0 0.332741 0.693107 0.016202 0.012786
0 0.476364 0.277117 0.014705 0.011492
1 0.778521 0.481031 0.039898 0.033024
0 0.285349 0.481969 0.015376 0.012085
0 0.234068 0.329630 0.015909 0.013169
0 0.290345 0.581893 0.016020 0.012087
0 0.275417 0.314430 0.018996 0.015663
0 0.125014 0.504844 0.016281 0.013363
0 0.259593 0.475982 0.015425 0.013024
0 0.270187 0.562898 0.015048 0.011286
0 0.408612 0.262480 0.016468 0.013439
0 0.400625 0.469541 0.015014 0.012189
0 0.357100 0.777229 0.023997 0.019991
0 0.606901 0.645561 0.013601 0.010174
0 0.666915 0.640464 0.014665 0.011297
0 0.408596 0.511272 0.018133 0.014286
1 0.483081 0.506956 0.035650 0.030669
0 0.531179 0.506586 0.017789 0.014594
0 0.735011 0.534688 0.013691 0.010656
0 0.146609 0.460073 0.015734 0.012889
0 0.069227 0.405238 0.018409 0.013755
0 0.397569 0.373600 0.019686 0.015580
0 0.384316 0.602872 0.015621 0.012675
0 0.272170 0.333246 0.018775 0.013417
0 0.206044 0.659055 0.015704 0.012864
0 0.442822 0.445981 0.014647 0.011956
0 0.585719 0.385262 0.015017 0.011893
0 0.266659 0.443755 0.015062 0.012415
0 0.531281 0.303132 0.016043 0.012510
0 0.228094 0.414203 0.014924 0.012189
0 0.711409 0.446024 0.014771 0.011545
0 0.623982 0.434996 0.018738 0.014924
0 0.418845 0.300250 0.019887 0.017609
0 0.366122 0.351362 0.015396 0.012205
0 0.356971 0.337770 0.014867 0.012969
1 0.317256 0.463675 0.034243 0.026045
0 0.594553 0.338515 0.014339 0.010721
0 0.623973 0.530972 0.019727 0.015143
0 0.283404 0.245159 0.014989 0.014119
0 0.236115 0.487947 0.016349 0.013576
0 0.405133 0.405809 0.013770 0.010997
0 0.126976 0.395783 0.013991 0.012411
0 0.489252 0.595626 0.016068 0.012097
0 0.149902 0.613716 0.013372 0.011786
0 0.348086 0.754331 0.018784 0.013672
0 0.244705 0.396981 0.015302 0.012135
0 0.580768 0.255302 0.016275 0.012448
0 0.260630 0.544499 0.015889 0.012528
0 0.614950 0.585404 0.015028 0.012930
0 0.391335 0.778387 0.023835 0.019125
0 0.673249 0.450620 0.014327 0.011687
0 0.317140 0.779770 0.020840 0.015911
0 0.583375 0.312310 0.017114 0.013118