0 0.259760 0.732793 0.015632 0.012410
0 0.468377 0.806608 0.016005 0.013060
0 0.622414 0.834785 0.023619 0.016297
0 0.062108 0.822323 0.021462 0.016153
0 0.184274 0.509948 0.018192 0.014629
0 0.441131 0.822291 0.016938 0.013120
0 0.257905 0.651628 0.016629 0.012791
0 0.457539 0.872552 0.019940 0.015108
0 0.244443 0.675713 0.015668 0.011581
0 0.511529 0.491789 0.016582 0.012805
0 0.125063 0.800398 0.017866 0.015021
0 0.346541 0.684594 0.016052 0.012307
0 0.313122 0.474906 0.013834 0.011294
0 0.410970 0.467956 0.012802 0.011376
0 0.322608 0.759509 0.016883 0.013349
0 0.090295 0.854314 0.023575 0.017637
0 0.666727 0.544694 0.016045 0.013398
0 0.689112 0.776550 0.017267 0.013220
0 0.213299 0.504327 0.016808 0.012462
0 0.115399 0.843085 0.020405 0.014803
0 0.493627 0.476344 0.013604 0.011578
0 0.170164 0.592874 0.014666 0.011144
0 0.492699 0.513032 0.014327 0.011751
0 0.323062 0.647444 0.016936 0.013901
0 0.359411 0.650819 0.015962 0.012693
0 0.524235 0.518060 0.013991 0.012173
1 0.325992 0.873694 0.049409 0.042899
0 0.662394 0.690580 0.016306 0.012500
0 0.603797 0.711199 0.017808 0.013165
0 0.542901 0.479213 0.013580 0.011709
0 0.435928 0.467898 0.014265 0.011744
0 0.224643 0.532317 0.015302 0.013432
0 0.417805 0.805411 0.016452 0.012814
0 0.083457 0.609974 0.013119 0.009965
0 0.147728 0.497316 0.016870 0.012937
0 0.430067 0.785989 0.016413 0.013137
0 0.689851 0.810047 0.017005 0.013562
0 0.574429 0.887054 0.022551 0.018138
0 0.221264 0.903237 0.024670 0.016952
0 0.335051 0.911163 0.022635 0.017261
0 0.300106 0.714186 0.017064 0.014334
0 0.400601 0.909491 0.020782 0.017064
0 0.166658 0.896239 0.019577 0.015658
0 0.329942 0.507825 0.016418 0.012480
0 0.167488 0.553261 0.013917 0.011148
0 0.125979 0.878269 0.024872 0.016436
0 0.484987 0.854187 0.017147 0.014164
0 0.201346 0.646973 0.015316 0.011667
0 0.253702 0.536691 0.019020 0.013402
0 0.308898 0.588343 0.012771 0.011065
0 0.447594 0.714693 0.015604 0.012534
0 0.346468 0.465424 0.013203 0.009871
1 0.136804 0.629883 0.044112 0.043452
0 0.463993 0.461615 0.013903 0.011293
0 0.354149 0.792565 0.020270 0.013449
0 0.220449 0.462919 0.014414 0.011849
0 0.518172 0.714532 0.015351 0.012622
0 0.358960 0.730666 0.016366 0.013806
0 0.440259 0.523691 0.013581 0.011737
0 0.418429 0.851620 0.019195 0.013502
1 0.201292 0.829043 0.045177 0.037631
1 0.618376 0.564995 0.040356 0.034026
0 0.449790 0.924245 0.023222 0.018805
1 0.283013 0.802307 0.051228 0.041283
0 0.215581 0.605475 0.017918 0.014430
0 0.167250 0.630036 0.013555 0.010775
1 0.566346 0.669773 0.045008 0.042522
0 0.476789 0.528304 0.013743 0.010433
0 0.704783 0.706407 0.016878 0.013213
1 0.425433 0.578245 0.058514 0.054551
0 0.302029 0.509754 0.016273 0.011731
0 0.701340 0.610113 0.015041 0.011604
1 0.150297 0.694907 0.055322 0.049457
0 0.253279 0.580905 0.016964 0.015459
0 0.566185 0.533382 0.017110 0.011001
0 0.095062 0.689472 0.017206 0.012600
0 0.666113 0.603357 0.014369 0.011685
0 0.451398 0.557674 0.009999 0.008680
0 0.262687 0.888302 0.016927 0.013168
0 0.101220 0.577046 0.013599 0.009999
0 0.497646 0.687088 0.015841 0.013442
1 0.509244 0.587190 0.040800 0.035223
0 0.372973 0.829457 0.019697 0.012064
0 0.259710 0.844830 0.017687 0.013597
0 0.322395 0.458286 0.011659 0.010341
0 0.006157 0.629934 0.012314 0.012208
0 0.561852 0.801902 0.014801 0.012323
0 0.089001 0.742255 0.018544 0.017848
0 0.671622 0.640247 0.013495 0.010154
0 0.362250 0.862484 0.013887 0.012177
0 0.131854 0.482999 0.015588 0.012226
0 0.119403 0.916079 0.017629 0.013917
0 0.515577 0.614124 0.014029 0.011015
0 0.452573 0.782107 0.014485 0.011323
0 0.279145 0.477057 0.011496 0.009091
0 0.299313 0.777032 0.018000 0.013563
0 0.579533 0.488847 0.015846 0.013298
1 0.374096 0.549971 0.034020 0.030572
0 0.585665 0.552694 0.011753 0.011764
0 0.608185 0.789703 0.013141 0.011440
0 0.108030 0.554144 0.013607 0.012517
0 0.029071 0.594050 0.020875 0.016959
1 0.565259 0.624345 0.034710 0.031321
0 0.673906 0.869224 0.014818 0.011610
0 0.623148 0.918767 0.019032 0.014456
0 0.407634 0.496314 0.013327 0.012188
0 0.574554 0.509595 0.012566 0.010946
0 0.530847 0.839013 0.019884 0.013012
0 0.046764 0.576142 0.016458 0.013199
0 0.634626 0.865893 0.016797 0.012941
0 0.343721 0.641421 0.014517 0.011477
0 0.496800 0.750923 0.014870 0.011450
0 0.542995 0.837400 0.020324 0.014234
0 0.162683 0.738693 0.014847 0.011724
0 0.158421 0.938511 0.019669 0.013245
0 0.226716 0.854279 0.019608 0.021601
0 0.076337 0.519577 0.015229 0.014836
0 0.562361 0.591497 0.011726 0.011109
0 0.342088 0.841910 0.016549 0.012624
0 0.075584 0.691354 0.014598 0.011057
0 0.223163 0.602024 0.017608 0.014258
0 0.629415 0.694778 0.013210 0.011688
0 0.656374 0.577089 0.017317 0.015872
0 0.556131 0.532825 0.014084 0.010199
1 0.529316 0.771825 0.051308 0.048586
1 0.650268 0.891626 0.041224 0.033816
1 0.200671 0.973752 0.064412 0.035749