0 0.315230 0.495202 0.013165 0.018520
0 0.326511 0.228908 0.012729 0.018200
0 0.399610 0.224952 0.011147 0.017458
0 0.352815 0.545228 0.013447 0.018861
0 0.289577 0.466554 0.012656 0.016286
0 0.270804 0.423345 0.013940 0.018653
0 0.340614 0.261706 0.012392 0.016552
0 0.459526 0.502135 0.017823 0.022971
0 0.162968 0.523661 0.010532 0.015782
0 0.356468 0.207907 0.011551 0.017562
0 0.531314 0.516869 0.014204 0.020086
0 0.542280 0.389365 0.013781 0.019196
0 0.418244 0.549818 0.013831 0.020087
0 0.303633 0.234623 0.012396 0.017764
0 0.433590 0.353084 0.015223 0.020361
0 0.573696 0.320386 0.014188 0.018014
0 0.305730 0.385097 0.011762 0.015918
0 0.512964 0.654390 0.012205 0.017328
0 0.544767 0.203760 0.012474 0.017760
0 0.283402 0.396216 0.011921 0.015803
0 0.195219 0.452372 0.013055 0.017162
0 0.168163 0.571792 0.010934 0.015982
1 0.511262 0.442538 0.030024 0.042007
0 0.288377 0.359790 0.011834 0.017948
0 0.453020 0.204165 0.012984 0.020977
0 0.437568 0.627270 0.008520 0.012013
0 0.297469 0.183669 0.011920 0.018240
0 0.259699 0.370974 0.016223 0.018869
0 0.265764 0.515108 0.016454 0.024711
0 0.145603 0.561284 0.012688 0.017608
0 0.278996 0.609691 0.014106 0.020209
0 0.336661 0.425895 0.011480 0.016159
0 0.330605 0.839641 0.014630 0.019055
0 0.419156 0.315251 0.012386 0.017806
0 0.184740 0.513933 0.011265 0.014921
0 0.320180 0.410748 0.012260 0.015523
0 0.628843 0.443170 0.009774 0.013926
0 0.576844 0.678569 0.013196 0.018364
0 0.472162 0.288353 0.012642 0.017731
0 0.606107 0.360927 0.012342 0.017096
0 0.356919 0.707784 0.011208 0.017615
0 0.495568 0.334983 0.011124 0.017154
0 0.213538 0.705489 0.011589 0.016782
0 0.385917 0.767533 0.012926 0.019113
0 0.450582 0.872816 0.017139 0.025220
0 0.347456 0.322324 0.010605 0.015048
0 0.150773 0.351709 0.012873 0.019166
0 0.214462 0.626196 0.010042 0.015325
0 0.289289 0.729731 0.011396 0.016512
0 0.311982 0.434656 0.011352 0.016508
0 0.199428 0.574392 0.012235 0.023580
0 0.488931 0.308824 0.011975 0.017767
0 0.549883 0.728213 0.011941 0.016313
0 0.321444 0.309307 0.012875 0.016162
0 0.564494 0.710083 0.011046 0.015337
0 0.271048 0.577470 0.010553 0.014675
0 0.617784 0.417493 0.010726 0.015710
0 0.234132 0.722325 0.012680 0.016840
0 0.503965 0.620204 0.010801 0.015861
0 0.129040 0.525488 0.012882 0.016964
0 0.294095 0.525690 0.010509 0.014155
0 0.167240 0.617284 0.010450 0.015260
0 0.362694 0.389018 0.010905 0.016699
0 0.273814 0.290351 0.014083 0.022153
0 0.182213 0.588326 0.009913 0.013593
0 0.469139 0.317024 0.012116 0.020602
0 0.163221 0.551653 0.010644 0.015234
0 0.628516 0.399474 0.015985 0.016725
0 0.577781 0.362904 0.013738 0.019211
0 0.315003 0.683757 0.012518 0.016732
0 0.539382 0.688741 0.011367 0.016623
0 0.543360 0.631674 0.011028 0.016202
0 0.542796 0.792433 0.011471 0.015723
0 0.524175 0.806459 0.018939 0.024202
0 0.448148 0.572507 0.012506 0.015925
0 0.621486 0.362064 0.011172 0.016435
0 0.446719 0.301613 0.011386 0.015734
0 0.125075 0.449177 0.011269 0.015536
0 0.472136 0.216663 0.009851 0.013934
0 0.584732 0.717497 0.010478 0.014759
1 0.477033 0.769018 0.033942 0.034481