0 0.757239 0.586671 0.019508 0.014116
0 0.314016 0.623362 0.020423 0.015705
0 0.365843 0.546727 0.018820 0.015269
0 0.503424 0.623180 0.017290 0.013291
0 0.385125 0.719010 0.018443 0.015069
0 0.760195 0.618460 0.019159 0.014926
0 0.334793 0.793633 0.017234 0.013399
0 0.371942 0.657595 0.018378 0.013614
0 0.458819 0.442849 0.018298 0.014681
0 0.364691 0.701604 0.020027 0.015305
0 0.406708 0.659473 0.017517 0.013359
0 0.355278 0.677447 0.018657 0.013584
0 0.164639 0.791155 0.017722 0.012906
0 0.509946 0.465092 0.018396 0.014192
0 0.549119 0.371358 0.014406 0.011728
0 0.166079 0.458772 0.017186 0.013571
0 0.503678 0.662056 0.016999 0.013062
0 0.390360 0.452456 0.020935 0.016556
0 0.515463 0.545294 0.018150 0.013831
0 0.450040 0.671440 0.018028 0.014528
0 0.422516 0.630028 0.016381 0.012296
0 0.200622 0.841707 0.016889 0.013080
0 0.234710 0.857274 0.015963 0.012121
1 0.553419 0.853787 0.055574 0.045494
0 0.448230 0.413515 0.017222 0.012801
0 0.457783 0.747363 0.015248 0.012618
0 0.166995 0.504187 0.024009 0.018165
0 0.693747 0.411382 0.018086 0.015053
0 0.727526 0.641708 0.021242 0.015757
0 0.494568 0.441315 0.017650 0.013770
0 0.296864 0.423765 0.017195 0.013182
0 0.426223 0.335087 0.018474 0.013764
0 0.544130 0.407556 0.015748 0.011565
0 0.311520 0.391264 0.016744 0.012689
0 0.715016 0.489430 0.017438 0.012683
0 0.223791 0.498549 0.020453 0.015888
0 0.206962 0.727608 0.015990 0.012957
0 0.638488 0.616926 0.018755 0.015340
0 0.597821 0.656949 0.022662 0.018493
0 0.564539 0.540837 0.016511 0.013126
0 0.731309 0.448488 0.016373 0.015716
0 0.398706 0.612430 0.022098 0.017032
0 0.515672 0.422779 0.018620 0.014088
0 0.302996 0.814662 0.015510 0.011356
0 0.272390 0.801692 0.021256 0.017474
0 0.460283 0.356998 0.017849 0.015923
0 0.365229 0.597121 0.016291 0.012758
0 0.544669 0.449554 0.028790 0.016985
0 0.348001 0.740863 0.021367 0.016585
0 0.549647 0.430579 0.015679 0.011885
0 0.582344 0.495472 0.020477 0.018077
0 0.114449 0.533194 0.019600 0.014307
0 0.565597 0.516881 0.016203 0.012341
0 0.610877 0.369310 0.021332 0.015215
0 0.658625 0.652344 0.021404 0.018675
0 0.389457 0.639613 0.019145 0.014552
0 0.485869 0.583269 0.014765 0.012146
0 0.245686 0.571204 0.017569 0.012846
0 0.589478 0.566235 0.015686 0.014059
0 0.719136 0.553226 0.017486 0.014257
0 0.297598 0.857749 0.019799 0.015800
0 0.696641 0.495741 0.014137 0.010865
0 0.190526 0.437771 0.018203 0.014867
0 0.175400 0.664436 0.019392 0.015341
0 0.755212 0.493022 0.015859 0.011663
0 0.622570 0.716724 0.024636 0.018800
0 0.527211 0.747519 0.017366 0.015359
0 0.794307 0.570234 0.014565 0.011785
0 0.538363 0.544635 0.018217 0.014244
0 0.267007 0.872339 0.017946 0.013852
0 0.333363 0.834513 0.019022 0.014361
0 0.771847 0.477977 0.020287 0.014232
0 0.191534 0.759996 0.017509 0.014775
0 0.649383 0.556872 0.018318 0.015885
0 0.369235 0.575900 0.014424 0.012191
0 0.553657 0.583354 0.015584 0.014304
0 0.395786 0.641361 0.018944 0.014304
1 0.658324 0.372383 0.046162 0.018519