1 0.611555 0.622474 0.040773 0.048792
1 0.790926 0.751692 0.038524 0.046476
1 0.302768 0.638122 0.037823 0.046913
1 0.618686 0.343822 0.036182 0.047065
0 0.563411 0.905425 0.014485 0.017817
0 0.428788 0.575910 0.012420 0.015803
1 0.577464 0.436345 0.039811 0.047448
0 0.411569 0.615203 0.011168 0.014165
0 0.669602 0.491945 0.014064 0.018434
0 0.362085 0.324215 0.013810 0.016663
0 0.470462 0.319427 0.014850 0.017533
1 0.465182 0.776067 0.028350 0.037883
0 0.342672 0.375063 0.013963 0.016937
0 0.344811 0.526134 0.012966 0.015323
0 0.704406 0.459314 0.013997 0.017272
0 0.529240 0.474868 0.014254 0.016184
0 0.548513 0.387499 0.012792 0.015693
0 0.589407 0.548451 0.013644 0.017298
0 0.529980 0.569141 0.012448 0.015241
1 0.375858 0.436590 0.028103 0.036918
0 0.373663 0.775472 0.010674 0.014012
0 0.398820 0.398798 0.013501 0.016850
0 0.353100 0.805569 0.011744 0.014415
0 0.541766 0.537339 0.015034 0.018428
0 0.553799 0.844665 0.011699 0.013484
0 0.540946 0.727451 0.014466 0.016092
0 0.432344 0.313525 0.014086 0.017088
0 0.576399 0.475174 0.013454 0.016234
0 0.471195 0.870128 0.011851 0.013790
0 0.444840 0.681098 0.011683 0.015025
0 0.508352 0.437517 0.013592 0.017456
0 0.369852 0.876876 0.012058 0.013773
0 0.448983 0.251570 0.013366 0.015438
0 0.663183 0.943766 0.013667 0.018795
0 0.658362 0.796351 0.014905 0.018041
0 0.423844 0.400574 0.012721 0.015319
0 0.467163 0.724260 0.013631 0.016811
0 0.423840 0.266031 0.013536 0.019987
0 0.599151 0.992758 0.012933 0.014194
0 0.399846 0.689566 0.011032 0.014072
0 0.325420 0.410920 0.013979 0.019552
0 0.595141 0.656006 0.012095 0.013408
0 0.760523 0.619696 0.014464 0.017861
0 0.236761 0.563050 0.012991 0.016125
0 0.516567 0.851748 0.011497 0.012593
0 0.490151 0.417111 0.013315 0.016170
0 0.472187 0.662501 0.013798 0.015726
0 0.601791 0.811991 0.012106 0.016049
0 0.490985 0.744388 0.014451 0.017781
0 0.783059 0.501663 0.014179 0.019369
0 0.399664 0.562585 0.011636 0.015442
0 0.434538 0.835846 0.012027 0.014262
0 0.460540 0.508658 0.013175 0.014880
0 0.486878 0.462479 0.015620 0.019375
0 0.292129 0.455648 0.015781 0.020026
0 0.711537 0.566601 0.015094 0.017447
0 0.411565 0.490988 0.015440 0.017741
0 0.431886 0.643445 0.010524 0.012149
0 0.389522 0.486677 0.011374 0.013635
0 0.499532 0.677557 0.014717 0.017034
0 0.495731 0.595924 0.013508 0.017965
0 0.692851 0.483161 0.013823 0.016698
0 0.653264 0.579664 0.012402 0.016072
0 0.665619 0.754630 0.014822 0.016965
0 0.415461 0.749026 0.012962 0.015078
0 0.570259 0.878121 0.012385 0.015028
0 0.314951 0.460862 0.012944 0.014431
0 0.530822 0.293295 0.012790 0.016086
0 0.562298 0.806557 0.013547 0.015670
0 0.514428 0.397254 0.015052 0.019972
0 0.387663 0.660053 0.010665 0.014173
0 0.729725 0.571770 0.014853 0.018779
0 0.557605 0.787428 0.015404 0.018301
0 0.272196 0.462554 0.012875 0.016995
0 0.395751 0.535595 0.011692 0.013335
0 0.557084 0.315593 0.013456 0.017145
0 0.344956 0.697701 0.011230 0.014129
0 0.695582 0.544419 0.013003 0.014202
0 0.326136 0.860879 0.009965 0.013264
0 0.365625 0.833411 0.011015 0.013343
0 0.425283 0.513303 0.011722 0.012873
0 0.283273 0.800420 0.010469 0.013483
0 0.629988 0.979575 0.012717 0.016353
0 0.540410 0.919083 0.013095 0.016461
0 0.292455 0.768030 0.010926 0.013365
0 0.457599 0.483428 0.013507 0.017212
0 0.439459 0.930985 0.009171 0.010798
0 0.518733 0.654013 0.016483 0.019026
0 0.385631 0.608466 0.011820 0.015125
0 0.418960 0.802931 0.012228 0.015046
0 0.492861 0.337571 0.014075 0.015983
0 0.247153 0.589107 0.011003 0.014317
0 0.323581 0.569029 0.018377 0.022342
0 0.404142 0.434553 0.012403 0.014104
0 0.522884 0.694035 0.013478 0.016028
0 0.293783 0.818885 0.011017 0.013202
0 0.577185 0.829369 0.012821 0.018121
0 0.601992 0.842092 0.014765 0.018323
0 0.259061 0.761897 0.012645 0.015099
0 0.546254 0.979899 0.015473 0.020726
0 0.474600 0.291676 0.013374 0.016342
0 0.755608 0.493711 0.012921 0.018885
0 0.562401 0.296609 0.011345 0.013430
0 0.608845 0.480211 0.012430 0.017524
0 0.752415 0.528575 0.011718 0.013959
0 0.673655 0.798260 0.012930 0.015400
0 0.527355 0.977759 0.012353 0.014656
0 0.548209 0.658697 0.014923 0.016815
0 0.353758 0.358926 0.014357 0.017013
0 0.649325 0.521447 0.015063 0.017232
0 0.740185 0.384856 0.013538 0.017980
0 0.711482 0.418310 0.014738 0.015319
0 0.397132 0.842535 0.014575 0.017388
0 0.272628 0.716850 0.010278 0.013645
0 0.473025 0.948663 0.015279 0.019454
0 0.531052 0.882795 0.012551 0.015598
0 0.263270 0.614003 0.009848 0.012710
0 0.343640 0.888763 0.010337 0.012451
0 0.371142 0.624396 0.013628 0.014616
0 0.374115 0.923011 0.011487 0.013686
0 0.444839 0.900792 0.010947 0.012035
0 0.796080 0.531142 0.013613 0.017379
0 0.608586 0.679685 0.012269 0.015777
0 0.621328 0.819924 0.013762 0.018646
0 0.405320 0.939895 0.011881 0.015123
0 0.490884 0.825154 0.009375 0.012566
0 0.488362 0.635902 0.012713 0.014075
0 0.536774 0.409588 0.012155 0.013616
0 0.317580 0.329863 0.013695 0.017281
0 0.281785 0.743253 0.010882 0.012367
0 0.384986 0.787896 0.010097 0.011914
0 0.540378 0.610545 0.013005 0.016350
0 0.770811 0.452692 0.013495 0.017086
0 0.419301 0.451816 0.010516 0.012622
0 0.462357 0.580341 0.010008 0.012891
0 0.420657 0.866706 0.010679 0.014314
0 0.366319 0.505545 0.010853 0.012223
0 0.357276 0.930363 0.011543 0.013856
0 0.390200 0.989682 0.011941 0.013359
0 0.412601 0.368559 0.011862 0.013489
0 0.458992 0.612631 0.010982 0.012551
0 0.381497 0.810887 0.012869 0.014852
0 0.506631 0.570528 0.011227 0.013234
0 0.413300 0.665214 0.015130 0.013894
0 0.515303 0.741410 0.014167 0.016672
0 0.446817 0.442955 0.013593 0.020217
0 0.240082 0.446170 0.013051 0.017129
0 0.573473 0.969592 0.013447 0.013684
0 0.392847 0.320300 0.011067 0.014479
0 0.553019 0.870853 0.011425 0.014024
0 0.333875 0.908824 0.011336 0.012943
0 0.695225 0.521635 0.012265 0.013341
0 0.301145 0.691986 0.009802 0.012138
0 0.530559 0.858508 0.013589 0.015588
0 0.462684 0.553615 0.010636 0.015265
0 0.400238 0.585772 0.010352 0.012293
0 0.351782 0.421060 0.010449 0.012280
0 0.317016 0.786201 0.014837 0.015165
0 0.435359 0.892585 0.010324 0.010306
0 0.319884 0.895208 0.011774 0.014633
0 0.421457 0.715803 0.010262 0.014598
0 0.567371 0.268236 0.011897 0.017897
0 0.796224 0.614759 0.013774 0.014868
0 0.343581 0.584597 0.011273 0.013240
0 0.431454 0.970230 0.012843 0.013196
0 0.654462 0.537691 0.012789 0.013939
0 0.621842 0.761594 0.012067 0.014503
0 0.241659 0.513634 0.012474 0.016339
0 0.252768 0.644794 0.014134 0.017926
0 0.523192 0.505022 0.010624 0.011020
0 0.642823 0.492585 0.010951 0.015560
0 0.594842 0.322060 0.011767 0.014625
0 0.321717 0.695953 0.010789 0.012222
0 0.351414 0.644977 0.010606 0.013022
0 0.652557 0.427258 0.014212 0.014544
0 0.442017 0.611264 0.010209 0.009748
0 0.435402 0.532544 0.014173 0.015233
0 0.796772 0.595008 0.012461 0.014264
0 0.445122 0.433899 0.012066 0.015668
0 0.416241 0.909691 0.008605 0.011654
0 0.683926 0.376460 0.016387 0.019904
0 0.513615 0.992059 0.011932 0.012422
0 0.527328 0.787182 0.011100 0.013021
0 0.454741 0.386622 0.011492 0.012889
0 0.453526 0.594645 0.010711 0.011877
0 0.255112 0.428176 0.014892 0.018905
0 0.559500 0.794041 0.016691 0.023859
0 0.490777 0.219268 0.014753 0.014768
0 0.698180 0.413771 0.011147 0.012615
0 0.385732 0.945950 0.011841 0.015018
0 0.742675 0.451269 0.010309 0.012476
0 0.608223 0.465969 0.011015 0.015696
0 0.495694 0.517609 0.017746 0.014802
0 0.587010 0.952358 0.014610 0.015079
0 0.406006 0.973444 0.016121 0.014514
0 0.639062 0.603329 0.014454 0.017886
0 0.372292 0.962363 0.010850 0.011738
0 0.363520 0.597218 0.009973 0.012605
0 0.623294 0.254198 0.012504 0.018712
0 0.487950 0.515520 0.013546 0.013114
0 0.658886 0.838859 0.014519 0.016447
0 0.688592 0.584724 0.013273 0.016928
0 0.293586 0.413350 0.016838 0.015361
0 0.500977 0.508648 0.013400 0.020701
0 0.540040 0.594921 0.011383 0.016993
0 0.631675 0.667486 0.021266 0.020249
0 0.617092 0.933825 0.011293 0.014417
0 0.379260 0.399785 0.012708 0.012480
0 0.407122 0.892570 0.016693 0.012847
0 0.372224 0.403221 0.012635 0.012769
0 0.722018 0.486584 0.010606 0.010882
0 0.569004 0.885000 0.015635 0.029564
0 0.558947 0.341991 0.011042 0.012673
0 0.400274 0.794941 0.010512 0.010372
0 0.227246 0.653621 0.012014 0.015305
0 0.393694 0.919519 0.010537 0.012535