1 0.683991 0.480224 0.071489 0.052390
1 0.403327 0.841392 0.038161 0.032978
1 0.534230 0.844762 0.053325 0.037908
0 0.910734 0.752819 0.017446 0.011622
0 0.345168 0.785296 0.020203 0.014235
0 0.776706 0.645170 0.023392 0.016127
0 0.874083 0.510547 0.024735 0.018585
0 0.627134 0.699119 0.023162 0.015408
0 0.708515 0.946831 0.023886 0.017578
0 0.797884 0.593107 0.020814 0.015528
0 0.685601 0.557141 0.018977 0.013694
0 0.922027 0.769468 0.015732 0.010323
1 0.616877 0.493183 0.048836 0.036156
0 0.580495 0.580778 0.018901 0.012449
0 0.666637 0.786157 0.020808 0.014856
0 0.788676 0.671971 0.021911 0.015100
0 0.547874 0.732677 0.020857 0.014736
1 0.442796 0.494217 0.052233 0.039335
0 0.774328 0.774619 0.019779 0.013258
0 0.732073 0.403217 0.019887 0.015246
0 0.723951 0.661522 0.024179 0.017118
0 0.525818 0.904887 0.020765 0.015396
0 0.869377 0.769352 0.018417 0.012017
0 0.621020 0.733316 0.018303 0.013684
0 0.529815 0.799679 0.024244 0.016451
0 0.572826 0.691949 0.017436 0.011990
0 0.673613 0.743031 0.018894 0.015299
0 0.435851 0.676155 0.017720 0.012456
0 0.992438 0.735192 0.015123 0.012024
0 0.660129 0.844082 0.020517 0.015610
0 0.988137 0.652937 0.018615 0.014573
0 0.338352 0.711545 0.020416 0.015121
0 0.764550 0.884753 0.017824 0.011938
0 0.747243 0.865622 0.019096 0.013502
0 0.349549 0.824377 0.017768 0.012721
1 0.888226 0.472366 0.027037 0.013610
0 0.635926 0.538282 0.017511 0.012666
0 0.330820 0.654823 0.021187 0.014474
0 0.901007 0.642106 0.025273 0.017404
0 0.530274 0.588857 0.018622 0.017054
0 0.694365 0.669377 0.017605 0.012725
0 0.612915 0.535393 0.017642 0.012860
0 0.638261 0.585088 0.020477 0.014962
0 0.291259 0.690592 0.017394 0.011999
0 0.778252 0.927106 0.020942 0.013598
0 0.655132 0.920798 0.018902 0.014197
0 0.563130 0.709633 0.017175 0.010894
0 0.802508 0.879677 0.017481 0.012391
0 0.863026 0.553652 0.020375 0.013166
0 0.957901 0.494246 0.022547 0.015357
0 0.623132 0.624537 0.017616 0.012515
0 0.503932 0.610021 0.018368 0.013962
0 0.333255 0.576414 0.016834 0.011380
0 0.402377 0.658525 0.017600 0.014193
0 0.898864 0.556800 0.017385 0.011419
0 0.715775 0.683199 0.017212 0.011912
0 0.393328 0.550701 0.019148 0.014905
0 0.732277 0.991483 0.022310 0.014015
0 0.489348 0.587834 0.016960 0.011275
0 0.876697 0.921859 0.015991 0.010996
1 0.395971 0.474150 0.040183 0.026940
0 0.811456 0.840232 0.015628 0.011696
0 0.511910 0.863215 0.018863 0.012783
0 0.540380 0.619597 0.018175 0.012974
0 0.874785 0.815528 0.018897 0.012779
0 0.457680 0.575271 0.015712 0.011406
0 0.554045 0.944876 0.018196 0.012751
0 0.369743 0.522699 0.016462 0.011860
0 0.955155 0.783529 0.018741 0.014874
0 0.942238 0.670221 0.016506 0.010874
0 0.932424 0.653558 0.023006 0.016081
0 0.952295 0.793976 0.019035 0.013567
0 0.810652 0.812932 0.017313 0.011270
0 0.905841 0.890808 0.015069 0.010911
0 0.506038 0.453238 0.020545 0.013969
0 0.490727 0.659653 0.021430 0.014824
0 0.357073 0.558178 0.016086 0.011822
0 0.621473 0.900615 0.018328 0.013334
0 0.906404 0.910109 0.014964 0.010841
0 0.831709 0.607439 0.021283 0.016375
0 0.572673 0.775730 0.018473 0.013405
0 0.855438 0.942726 0.015451 0.010412
0 0.769227 0.974064 0.020808 0.014217
0 0.371589 0.906077 0.018819 0.012727
0 0.862368 0.621732 0.017126 0.011646
0 0.608937 0.398989 0.015053 0.010332
0 0.683026 0.961472 0.023730 0.015515
0 0.351969 0.469685 0.017567 0.014194
0 0.672829 0.367922 0.017387 0.011536
0 0.544078 0.673376 0.018678 0.011244
0 0.739101 0.911377 0.016971 0.011785
0 0.579294 0.519366 0.017941 0.011022
0 0.823507 0.451322 0.016065 0.010251
0 0.355848 0.685271 0.017601 0.011482
0 0.990389 0.665137 0.016960 0.012805
0 0.817396 0.778103 0.015998 0.010543
0 0.651377 0.656231 0.017003 0.012146
0 0.622400 0.463800 0.017114 0.011124
0 0.922170 0.886056 0.014886 0.009911
0 0.857373 0.757402 0.015055 0.011488
0 0.566496 0.797295 0.024414 0.017368
0 0.955601 0.848678 0.014860 0.010266
0 0.519838 0.504601 0.017757 0.013318
0 0.569214 0.665167 0.017623 0.013142
0 0.493948 0.569029 0.015636 0.013381
0 0.545970 0.475651 0.016611 0.012116
0 0.720301 0.446879 0.014239 0.009432
0 0.954662 0.789186 0.025751 0.023233
0 0.316121 0.542065 0.016696 0.012234
0 0.436952 0.530161 0.015072 0.010614