0 0.595226 0.828631 0.015437 0.012669
0 0.553152 0.456662 0.017053 0.013788
0 0.538008 0.366472 0.024534 0.019253
0 0.554136 0.615969 0.014354 0.012681
0 0.413121 0.470232 0.015520 0.010065
0 0.586217 0.544269 0.015775 0.012206
0 0.510435 0.534221 0.022348 0.015438
0 0.443517 0.434708 0.017310 0.015057
0 0.188470 0.680481 0.014821 0.011884
0 0.281442 0.507773 0.017771 0.013350
0 0.297398 0.855218 0.017717 0.012148
0 0.412794 0.415656 0.016863 0.012343
0 0.605088 0.406446 0.021996 0.016905
0 0.237499 0.847741 0.014548 0.011896
0 0.417011 0.595118 0.022443 0.018209
0 0.317360 0.431698 0.016673 0.013483
0 0.440790 0.649344 0.014662 0.012378
0 0.510892 0.734700 0.011962 0.010316
0 0.348991 0.682204 0.017276 0.013662
0 0.462629 0.588235 0.016362 0.011037
0 0.479981 0.612868 0.013607 0.011771
0 0.592485 0.649601 0.018656 0.013510
0 0.626681 0.465697 0.019883 0.015420
0 0.570545 0.807864 0.013632 0.010861
0 0.571820 0.439972 0.016643 0.013570
0 0.145348 0.593531 0.014087 0.011447
0 0.296755 0.367436 0.013644 0.009297
0 0.620437 0.798240 0.009411 0.006658
0 0.152270 0.531525 0.014522 0.010608
0 0.285117 0.878059 0.018401 0.011848
0 0.247069 0.500715 0.011925 0.008422
0 0.445444 0.461225 0.017296 0.010314
0 0.478185 0.826696 0.017785 0.012825
0 0.687353 0.527655 0.012642 0.010459
0 0.333133 0.580964 0.015759 0.011892
0 0.180997 0.813429 0.019513 0.015435
0 0.437571 0.320655 0.009443 0.008207
0 0.513545 0.623705 0.012791 0.008798
0 0.070449 0.611448 0.012663 0.008801
0 0.204606 0.844645 0.013363 0.009784
0 0.154829 0.682261 0.014020 0.012504
0 0.314360 0.295199 0.015269 0.011177
0 0.266121 0.581922 0.014204 0.010980
0 0.171304 0.453731 0.012068 0.007924
0 0.529591 0.648659 0.014761 0.010196
0 0.355711 0.343965 0.014296 0.011287
0 0.494103 0.676420 0.015638 0.012630
0 0.332056 0.671721 0.014261 0.011484
0 0.211660 0.777397 0.014182 0.009461
0 0.549584 0.579199 0.018817 0.013940
0 0.271419 0.372291 0.011769 0.010389
0 0.270408 0.553382 0.018073 0.014823
0 0.286357 0.384081 0.014719 0.012130
0 0.202308 0.561998 0.015814 0.012780
0 0.696473 0.503179 0.021863 0.013295
0 0.201251 0.716337 0.018941 0.013704
0 0.417627 0.635265 0.012994 0.009768
0 0.119096 0.688829 0.012751 0.008525
0 0.230772 0.527847 0.013990 0.008731
0 0.264858 0.652087 0.017311 0.009922
0 0.168996 0.565793 0.012123 0.010770
0 0.397248 0.438709 0.012212 0.009709
0 0.330092 0.696817 0.014447 0.008775
0 0.289990 0.329300 0.017530 0.011569
0 0.144717 0.410739 0.011960 0.008691
0 0.564734 0.380463 0.020307 0.013806
0 0.510877 0.664984 0.013489 0.010930
0 0.657327 0.707017 0.013591 0.009352
0 0.338985 0.408172 0.016708 0.012295
0 0.608733 0.446620 0.016748 0.011066
0 0.198147 0.868244 0.015040 0.011251
0 0.555259 0.633823 0.012754 0.009901
0 0.246151 0.747603 0.012053 0.008787
0 0.607078 0.780855 0.010941 0.007488
0 0.320409 0.395918 0.012442 0.010047
0 0.033758 0.707772 0.015426 0.018728
0 0.305058 0.654439 0.015028 0.011765
0 0.218341 0.547327 0.012648 0.009689
0 0.322501 0.523826 0.009673 0.008530
0 0.382280 0.708204 0.011720 0.008277
0 0.462054 0.732353 0.011369 0.009608
0 0.417656 0.668165 0.019934 0.016366
0 0.305834 0.584261 0.013584 0.010622
0 0.479387 0.752818 0.011447 0.010175
0 0.380427 0.895060 0.018157 0.014675
0 0.337410 0.315223 0.007654 0.008233
0 0.723768 0.499561 0.016327 0.011972
0 0.345922 0.393480 0.013408 0.012091
0 0.199690 0.424270 0.015959 0.012980
0 0.236662 0.695596 0.012481 0.010353
0 0.178728 0.427966 0.013805 0.009656
0 0.362286 0.373534 0.012931 0.013015
0 0.268237 0.712233 0.013089 0.013602
0 0.544823 0.826153 0.014540 0.008914
0 0.395975 0.691401 0.014911 0.010411
0 0.289647 0.543507 0.016790 0.010097
0 0.327302 0.451832 0.014012 0.008767
0 0.057289 0.524647 0.014559 0.010595
0 0.517283 0.384839 0.017549 0.011974
0 0.379663 0.771414 0.011703 0.009607
0 0.511280 0.690948 0.013617 0.009894
0 0.120711 0.640295 0.012003 0.008082
0 0.424194 0.443844 0.013202 0.008982
0 0.258118 0.476892 0.009761 0.008431
0 0.178975 0.347832 0.011738 0.011869
0 0.090199 0.626363 0.015317 0.010140
0 0.191253 0.866862 0.016574 0.010130
0 0.286556 0.465767 0.016615 0.009361
0 0.270148 0.728680 0.013859 0.008046
0 0.314239 0.826707 0.012153 0.009654
0 0.403611 0.548338 0.011864 0.009267
0 0.079310 0.503525 0.016076 0.012519
0 0.571335 0.657120 0.012317 0.009089
0 0.104198 0.539816 0.014502 0.014579
0 0.086727 0.525970 0.015240 0.010233
0 0.687368 0.647946 0.013931 0.011111
0 0.273046 0.609303 0.015272 0.009811
0 0.175318 0.368962 0.016441 0.010540
0 0.015536 0.566791 0.019057 0.013274
0 0.236703 0.378434 0.015269 0.011061
0 0.206772 0.324064 0.008856 0.008505
0 0.226183 0.713087 0.012739 0.008084
0 0.236171 0.682470 0.011699 0.009044
0 0.282754 0.673635 0.016778 0.014386
0 0.442834 0.691774 0.015946 0.010601
0 0.470346 0.340025 0.012204 0.010251
0 0.648314 0.734222 0.011204 0.008962
0 0.494233 0.345579 0.010719 0.010032
0 0.171896 0.366789 0.013759 0.008856
0 0.390571 0.297487 0.009758 0.009241
0 0.502459 0.866056 0.009622 0.008607
0 0.737542 0.565539 0.015008 0.010880
0 0.671350 0.725730 0.018013 0.010852
0 0.338282 0.353293 0.013260 0.008547
0 0.420222 0.745028 0.013619 0.008302
0 0.120992 0.672416 0.010972 0.008576
0 0.269061 0.717577 0.015151 0.016988
0 0.282927 0.302551 0.016718 0.010680
0 0.405289 0.762352 0.013504 0.010213
0 0.023662 0.593520 0.015622 0.011263
0 0.188714 0.314831 0.012498 0.009310
0 0.538609 0.697710 0.011126 0.008127
0 0.446452 0.399271 0.011855 0.009347
0 0.691685 0.747686 0.012304 0.009042
0 0.605229 0.431031 0.015526 0.010770
0 0.563184 0.783067 0.012202 0.008449
0 0.441329 0.600854 0.012753 0.008657
0 0.195077 0.714268 0.015444 0.012039
0 0.359900 0.877574 0.013625 0.011656
0 0.499323 0.784769 0.011347 0.009563
0 0.480503 0.430815 0.016610 0.010739
0 0.271366 0.673142 0.014649 0.011685
0 0.397352 0.816386 0.011753 0.009305
0 0.427080 0.290988 0.015386 0.008582
0 0.475189 0.874446 0.013120 0.009033
0 0.307024 0.546584 0.011967 0.009227
0 0.344836 0.396427 0.019784 0.013003
0 0.046009 0.544952 0.016702 0.011511
0 0.519745 0.581281 0.016249 0.018117
0 0.498944 0.552320 0.013112 0.009245
0 0.704814 0.482743 0.012445 0.009199
0 0.119857 0.452995 0.013139 0.007879
0 0.518292 0.573698 0.016701 0.014654
0 0.038820 0.664367 0.013562 0.009919
0 0.591588 0.696561 0.013920 0.009462
0 0.656640 0.575459 0.021073 0.015072
0 0.267488 0.707709 0.013172 0.011863
0 0.291749 0.641180 0.014935 0.012051
0 0.153849 0.639358 0.009610 0.008082