1 0.493195 0.701557 0.057886 0.041573
1 0.687103 0.439572 0.058513 0.045093
1 0.233550 0.697630 0.060571 0.048817
1 0.137067 0.375334 0.053709 0.044333
0 0.214279 0.459131 0.025288 0.019054
0 0.428711 0.597242 0.023655 0.017122
0 0.570438 0.794720 0.024926 0.017707
0 0.664609 0.628521 0.020841 0.014853
0 0.355457 0.539036 0.027880 0.020815
0 0.242918 0.438946 0.025755 0.019407
0 0.622462 0.524711 0.025821 0.018741
0 0.114727 0.441325 0.024300 0.017556
0 0.589512 0.562287 0.027434 0.020733
0 0.598299 0.741625 0.025409 0.015965
0 0.189850 0.495363 0.021112 0.015686
0 0.496159 0.401615 0.023802 0.016915
0 0.152339 0.463399 0.020574 0.015217
0 0.727982 0.672311 0.021753 0.015521
0 0.040667 0.517772 0.025935 0.017259
0 0.530012 0.404563 0.022173 0.016329
0 0.686995 0.682504 0.023302 0.017235
0 0.208715 0.637467 0.026791 0.017916
0 0.625580 0.671240 0.023603 0.016958
0 0.697696 0.746610 0.020783 0.015293
0 0.056220 0.586276 0.026927 0.020452
0 0.385961 0.658429 0.019761 0.014935
0 0.489723 0.634017 0.028205 0.020799
0 0.399901 0.355427 0.026897 0.017909
0 0.484249 0.465102 0.023079 0.015254
0 0.090922 0.407606 0.018886 0.013846
0 0.508393 0.476228 0.025648 0.019315
0 0.694987 0.635292 0.020773 0.014622
0 0.138057 0.737825 0.017598 0.012035
0 0.280113 0.727599 0.020714 0.014740
0 0.438994 0.374601 0.023407 0.017045
0 0.216658 0.614737 0.022016 0.013044
1 0.173533 0.769125 0.070233 0.042935
0 0.279556 0.300326 0.023111 0.016094
0 0.337408 0.766288 0.020076 0.015056
0 0.387933 0.751394 0.023203 0.019872
0 0.010769 0.516298 0.019569 0.013637
0 0.393773 0.321845 0.026508 0.019156
0 0.347510 0.584913 0.020104 0.014760
0 0.317662 0.849590 0.031847 0.019536
0 0.214437 0.371128 0.021398 0.015257
0 0.272621 0.746150 0.020479 0.013801
0 0.763622 0.652643 0.019425 0.012477
0 0.016215 0.547571 0.022733 0.016226
0 0.312876 0.605368 0.025213 0.018697
0 0.380866 0.820542 0.017824 0.012855
0 0.441247 0.771752 0.020272 0.014857
0 0.599707 0.512574 0.021088 0.012906
0 0.154433 0.812690 0.020047 0.013032
0 0.092928 0.708892 0.025282 0.015189
0 0.343438 0.308863 0.021139 0.015525
0 0.385274 0.271522 0.025578 0.018147
0 0.715415 0.771346 0.018154 0.012956
0 0.560979 0.585866 0.018921 0.015000
0 0.325772 0.274224 0.022647 0.015403
0 0.310233 0.323493 0.018910 0.014751
0 0.602088 0.833801 0.019377 0.014982
0 0.528760 0.561904 0.017944 0.012222
0 0.491096 0.566198 0.017246 0.011001
0 0.288329 0.463476 0.020485 0.014582
0 0.019175 0.518024 0.038350 0.016174
0 0.664163 0.465741 0.019048 0.011529
0 0.259233 0.658016 0.020365 0.011945
0 0.414129 0.856357 0.033483 0.022999
0 0.591047 0.488418 0.017132 0.011693
0 0.121504 0.603125 0.015931 0.010466
0 0.315063 0.715244 0.018551 0.010728
0 0.467501 0.531147 0.021605 0.013442
0 0.288262 0.500252 0.028677 0.018802
0 0.513286 0.592963 0.026236 0.019009
0 0.440408 0.736105 0.020450 0.016991
0 0.303775 0.650624 0.017153 0.014531
1 0.159716 0.771381 0.057727 0.025931
0 0.516189 0.841324 0.019734 0.012740
0 0.771149 0.604168 0.025661 0.018288
0 0.703452 0.788167 0.017041 0.010332
0 0.463279 0.446498 0.017788 0.012310
0 0.637163 0.726939 0.017623 0.011815