1 0.371360 0.709451 0.051695 0.040103
1 0.095152 0.529368 0.057581 0.047018
1 0.600130 0.734122 0.049342 0.035320
0 0.617568 0.472519 0.019843 0.014071
0 0.411598 0.521864 0.019832 0.014297
0 0.329565 0.345453 0.026990 0.022544
0 0.195500 0.594781 0.018334 0.012808
0 0.389070 0.477537 0.018067 0.012109
1 0.356615 0.806537 0.101313 0.046655
0 0.710409 0.472672 0.018911 0.012905
0 0.668072 0.518301 0.017293 0.011786
0 0.521664 0.371007 0.022909 0.018400
0 0.693945 0.418600 0.019258 0.013877
0 0.325314 0.587837 0.021865 0.013445
0 0.338671 0.562697 0.018385 0.012881
0 0.579840 0.796993 0.018540 0.013140
0 0.632804 0.496604 0.017329 0.011703
0 0.581330 0.577059 0.020117 0.013943
0 0.638610 0.534806 0.015863 0.011450
1 0.314431 0.863636 0.135831 0.053921
0 0.496858 0.442104 0.020494 0.014369
0 0.681001 0.572720 0.017609 0.012284
0 0.597289 0.559669 0.017546 0.011882
0 0.558559 0.609312 0.018653 0.013130
0 0.631544 0.452017 0.016521 0.010736
0 0.565976 0.364231 0.031173 0.017457
0 0.643176 0.595995 0.018873 0.014511
0 0.473528 0.473615 0.024013 0.018146
0 0.629801 0.373863 0.018432 0.013468
0 0.296817 0.405188 0.026701 0.018732
0 0.700004 0.445891 0.018145 0.013474
0 0.316288 0.632251 0.017876 0.012867
0 0.466623 0.391206 0.027837 0.024325
0 0.477607 0.511899 0.022070 0.013578
0 0.358843 0.648671 0.018914 0.013450
0 0.394694 0.574595 0.018954 0.011001
0 0.530860 0.755208 0.020420 0.015560
0 0.506228 0.514837 0.018280 0.012726
0 0.714270 0.433766 0.018426 0.012844
0 0.613226 0.583043 0.016633 0.011456
0 0.394674 0.529089 0.019205 0.012406
0 0.447136 0.682423 0.016895 0.011707
0 0.591778 0.436010 0.017608 0.012958
0 0.617994 0.674906 0.018617 0.013637
0 0.453939 0.822301 0.018825 0.013736
0 0.271721 0.413324 0.021712 0.016213
0 0.622635 0.608404 0.021230 0.013673
0 0.420927 0.589879 0.018779 0.012714
0 0.464419 0.602775 0.015860 0.009821
0 0.437155 0.796526 0.017028 0.012242
0 0.535252 0.821045 0.018256 0.014059
0 0.763599 0.508729 0.018730 0.012810
0 0.143802 0.586141 0.021003 0.016275
0 0.217553 0.384282 0.023968 0.018893
0 0.319203 0.538130 0.018084 0.013884
0 0.655109 0.503523 0.015737 0.009885
0 0.546439 0.531020 0.013944 0.009751
0 0.486358 0.815717 0.018916 0.012651
0 0.659294 0.394289 0.018351 0.011805
0 0.072351 0.635451 0.016154 0.011257
0 0.102479 0.708055 0.020251 0.013352
0 0.556284 0.479406 0.020471 0.014342
0 0.424853 0.736117 0.024815 0.017241
0 0.102970 0.667228 0.018082 0.013183
0 0.568637 0.843238 0.019861 0.013546
0 0.280137 0.346221 0.020655 0.019533
0 0.511173 0.548653 0.017945 0.013681
0 0.448013 0.641234 0.020030 0.013912
1 0.692767 0.742728 0.035206 0.026404
0 0.380414 0.572669 0.023315 0.012352
0 0.600611 0.790309 0.021390 0.015219
0 0.475667 0.564431 0.016218 0.010750
0 0.175569 0.389552 0.023593 0.017236
0 0.567139 0.458077 0.025038 0.015103
0 0.158277 0.490007 0.014987 0.009928
0 0.441188 0.567288 0.016540 0.011352
0 0.405607 0.597172 0.022070 0.014934
0 0.466446 0.624434 0.018133 0.013804
0 0.672545 0.381493 0.017638 0.011993
0 0.275711 0.626398 0.017427 0.012945
0 0.637553 0.679999 0.019709 0.014004
0 0.388374 0.573138 0.029816 0.015306
0 0.575619 0.455357 0.017523 0.012289
0 0.194893 0.518248 0.030478 0.020410
0 0.362988 0.578436 0.018445 0.010820
0 0.504545 0.587440 0.016144 0.012109
0 0.172966 0.634637 0.018360 0.013258
0 0.621368 0.400916 0.015559 0.010965
0 0.701862 0.607322 0.016509 0.012181
0 0.652973 0.732619 0.017057 0.012312
0 0.413728 0.594151 0.030062 0.019501
0 0.467014 0.630707 0.021563 0.017027
0 0.574120 0.342980 0.016611 0.012921
0 0.242040 0.340482 0.017154 0.012244
0 0.080926 0.722460 0.015266 0.011180
0 0.498949 0.640516 0.021072 0.013196
0 0.177828 0.724344 0.020439 0.017463
0 0.547446 0.462408 0.018177 0.011504
0 0.278853 0.672065 0.019249 0.013770
0 0.780875 0.524583 0.016708 0.011244