0 0.394348 0.657691 0.016582 0.011015
0 0.417170 0.451686 0.018198 0.012223
0 0.410245 0.689647 0.017798 0.011482
0 0.716714 0.671334 0.017474 0.012485
0 0.182632 0.730477 0.016298 0.010808
0 0.316874 0.546920 0.017664 0.012785
0 0.254052 0.571942 0.015924 0.011405
0 0.411903 0.562162 0.017696 0.011936
0 0.432167 0.485780 0.020544 0.015671
0 0.487452 0.778400 0.015008 0.010460
0 0.290358 0.579184 0.016233 0.012274
0 0.295562 0.482616 0.018204 0.012462
0 0.256467 0.501843 0.017397 0.011758
0 0.758978 0.521781 0.018948 0.012628
0 0.743400 0.489939 0.019150 0.012330
0 0.653050 0.478693 0.017818 0.012100
0 0.801830 0.554760 0.023337 0.016150
0 0.760441 0.879689 0.019126 0.013304
0 0.339174 0.671752 0.014233 0.010288
0 0.552836 0.737046 0.018104 0.012481
0 0.532869 0.965585 0.023463 0.019498
0 0.500373 0.943266 0.019810 0.013696
0 0.707695 0.887056 0.017476 0.011741
0 0.613802 0.553256 0.019240 0.012131
0 0.750166 0.645010 0.017227 0.011104
0 0.519579 0.607865 0.017715 0.014029
0 0.812521 0.743724 0.016207 0.010779
0 0.556522 0.772915 0.015056 0.011235
0 0.259543 0.542647 0.017201 0.011599
0 0.465884 0.531020 0.018942 0.014352
0 0.407046 0.518736 0.018525 0.014095
0 0.498170 0.478236 0.016496 0.011500
0 0.713527 0.689525 0.016038 0.011709
0 0.452263 0.447905 0.018330 0.013992
0 0.687212 0.651381 0.017306 0.011732
0 0.819453 0.502778 0.016508 0.011251
0 0.529344 0.637563 0.015438 0.010655
0 0.333047 0.430626 0.025654 0.014070
0 0.551076 0.507973 0.017368 0.012186
0 0.559047 0.642512 0.016425 0.011117
0 0.543739 0.803536 0.016231 0.010640
0 0.648914 0.616411 0.016563 0.010358
0 0.368037 0.419894 0.019220 0.014500
0 0.445458 0.400970 0.017673 0.012038
0 0.566341 0.710157 0.016257 0.010834
0 0.730355 0.748127 0.015476 0.011043
0 0.312683 0.627135 0.016330 0.010886
0 0.502547 0.458377 0.017396 0.013616
0 0.593194 0.819834 0.016800 0.011021
0 0.663229 0.671258 0.015298 0.009919
0 0.355084 0.503093 0.015339 0.010403
0 0.777831 0.676179 0.015795 0.012694
0 0.583294 0.851680 0.017115 0.011504
0 0.194327 0.639345 0.014858 0.010361
0 0.663753 0.798185 0.016410 0.011057
0 0.550509 0.853280 0.014242 0.009477
0 0.385158 0.462729 0.016968 0.012235
0 0.720710 0.729494 0.015836 0.010908
0 0.824065 0.462341 0.020645 0.016338
0 0.293299 0.808932 0.016199 0.011863
0 0.334744 0.481961 0.020227 0.013806
0 0.673223 0.443787 0.017415 0.013024
0 0.215953 0.463452 0.022862 0.015941
0 0.244647 0.709092 0.014098 0.009256
0 0.424751 0.785550 0.016408 0.011656
0 0.426174 0.730992 0.017303 0.011348
0 0.356724 0.841654 0.016403 0.011033
0 0.444631 0.650187 0.016542 0.011344
0 0.571072 0.670287 0.018829 0.013183
0 0.312587 0.454801 0.016716 0.012226
0 0.701048 0.784140 0.015261 0.010047
0 0.871525 0.519626 0.020804 0.015326
0 0.867881 0.692610 0.016563 0.011421
0 0.594729 0.904654 0.020710 0.013607
0 0.464015 0.570511 0.015308 0.010018
0 0.629014 0.597884 0.018925 0.012554
0 0.461635 0.792106 0.015318 0.010497
0 0.361848 0.448157 0.016748 0.011099
0 0.184570 0.602971 0.014472 0.009691
0 0.812097 0.640413 0.016563 0.010934
0 0.284278 0.526692 0.018364 0.012066
0 0.602576 0.501147 0.017374 0.013748
0 0.891663 0.701516 0.015425 0.010260
0 0.855868 0.489540 0.019717 0.014483
0 0.650078 0.713957 0.018829 0.010305
0 0.667896 0.615228 0.016866 0.011099
0 0.472967 0.822049 0.020948 0.012947
0 0.501743 0.752361 0.013593 0.009225
0 0.333573 0.770553 0.013495 0.010470
0 0.450696 0.833041 0.016920 0.012830
0 0.495005 0.797508 0.014028 0.009716
0 0.527699 0.744284 0.019206 0.011078
0 0.748966 0.461124 0.016194 0.012111
0 0.361119 0.556025 0.015448 0.011031
0 0.244141 0.648885 0.016655 0.010997
0 0.321505 0.647893 0.014225 0.010529
0 0.683312 0.738565 0.015924 0.011167
0 0.714160 0.606277 0.018473 0.012031
0 0.297534 0.666393 0.015626 0.010441
0 0.610291 0.412547 0.024507 0.014186
0 0.609279 0.587058 0.016240 0.012435
0 0.548271 0.549199 0.016468 0.013303
0 0.573990 0.779881 0.015445 0.010163
0 0.722052 0.703862 0.013205 0.008471
0 0.661750 0.496599 0.016302 0.010866
0 0.334221 0.815907 0.013842 0.009379
0 0.763817 0.441996 0.019187 0.013499
0 0.467432 0.626400 0.016768 0.010337
0 0.651675 0.392095 0.016887 0.011413
0 0.549935 0.691729 0.015781 0.010567
0 0.606783 0.932875 0.019072 0.014801
0 0.307087 0.697613 0.014349 0.009811
0 0.326367 0.514024 0.020184 0.011997
0 0.398153 0.760234 0.016112 0.010675
0 0.412494 0.900786 0.018899 0.011256
0 0.533114 0.661359 0.015620 0.010960
0 0.556309 0.478017 0.017078 0.012419
0 0.398708 0.741289 0.019197 0.011113
0 0.590862 0.461508 0.021321 0.013860
0 0.153849 0.618337 0.016378 0.011470
0 0.539117 0.491085 0.016978 0.011825
0 0.269478 0.726499 0.014550 0.009838
0 0.278754 0.503068 0.014857 0.010587
0 0.480629 0.400179 0.015756 0.011249
0 0.561270 0.980981 0.020839 0.013600
0 0.561387 0.611985 0.016418 0.010631
0 0.906407 0.684623 0.016965 0.012162
0 0.403044 0.611543 0.014704 0.010568
0 0.398068 0.884525 0.014030 0.009020
0 0.388725 0.909961 0.015939 0.011734
0 0.566696 0.558052 0.015675 0.011630
0 0.552550 0.442096 0.016955 0.012672
0 0.724656 0.876018 0.016024 0.010810
0 0.643160 0.816139 0.015212 0.010923
0 0.712125 0.430698 0.019455 0.011574
0 0.546692 0.360214 0.022012 0.015692
0 0.457431 0.695715 0.015838 0.010272
0 0.614572 0.451036 0.016515 0.013813
0 0.854498 0.744161 0.015487 0.011200
0 0.427378 0.895587 0.015515 0.010023
0 0.694058 0.805152 0.016863 0.010096
0 0.265825 0.607623 0.017220 0.009781
0 0.658163 0.648554 0.020212 0.010144
0 0.216507 0.668871 0.015773 0.011453
0 0.471226 0.435534 0.020268 0.012012
0 0.739523 0.687937 0.014847 0.009044
0 0.145984 0.657134 0.015792 0.010691
0 0.506037 0.567523 0.014855 0.011617
0 0.486381 0.608856 0.015315 0.010752
0 0.290659 0.549048 0.015371 0.010112
0 0.547236 0.590015 0.015238 0.009397
0 0.754620 0.840174 0.013746 0.009023
0 0.188544 0.502707 0.032474 0.016993
0 0.363026 0.621779 0.015450 0.010556
0 0.269680 0.630201 0.014588 0.009808
0 0.531650 0.560898 0.019599 0.013067
0 0.188597 0.483293 0.019919 0.012731
0 0.847552 0.675227 0.016142 0.011116
0 0.523253 0.921397 0.016683 0.010139
0 0.419855 0.620913 0.013247 0.009936
0 0.169799 0.662359 0.013867 0.009586
0 0.483305 0.551767 0.014901 0.009678
0 0.176301 0.642422 0.016247 0.010092
0 0.212572 0.588907 0.017981 0.011491
0 0.543102 0.820673 0.013947 0.008993
0 0.442362 0.957003 0.017993 0.014709
0 0.331993 0.620545 0.014468 0.009664
0 0.748886 0.707702 0.013603 0.008866
0 0.480505 0.497326 0.014952 0.010615
0 0.623084 0.534383 0.014566 0.010470
0 0.592294 0.379858 0.015041 0.011045
0 0.596620 0.966822 0.023845 0.020107
0 0.422618 0.635928 0.014570 0.009469
0 0.217871 0.746838 0.014498 0.010401
0 0.634289 0.396824 0.015657 0.011162
0 0.476551 0.597913 0.014602 0.009982
0 0.315498 0.609163 0.013639 0.008503
0 0.745131 0.623716 0.014785 0.009867
0 0.697350 0.564106 0.015315 0.009909
0 0.472104 0.661478 0.016837 0.010149
0 0.597695 0.954382 0.020495 0.015060
0 0.281151 0.877562 0.018398 0.011549
0 0.612412 0.617710 0.014574 0.009800
0 0.430902 0.603749 0.016406 0.011205
0 0.271170 0.673329 0.014682 0.009960
0 0.618788 0.372592 0.020846 0.013255
0 0.868760 0.668255 0.014329 0.010339
0 0.447032 0.422759 0.015455 0.012263
0 0.434697 0.543456 0.019156 0.010860
0 0.643091 0.533552 0.015762 0.011019
0 0.114648 0.644535 0.017736 0.012989
0 0.639090 0.690766 0.013175 0.010036
0 0.573428 0.867746 0.013424 0.009732
0 0.118153 0.594733 0.018727 0.013768
0 0.492583 0.357549 0.016623 0.012818
0 0.272979 0.848669 0.017716 0.012692
0 0.404568 0.397258 0.015769 0.011464
0 0.253869 0.688418 0.014710 0.009214
0 0.294462 0.834051 0.014699 0.008820
0 0.275507 0.708909 0.017172 0.008210
0 0.531010 0.448920 0.013604 0.009269
0 0.481609 0.691311 0.013711 0.009593
0 0.738335 0.789036 0.012494 0.009282
0 0.362824 0.796559 0.012854 0.009238
0 0.687425 0.845505 0.013372 0.009718
0 0.810350 0.627983 0.017179 0.011626
0 0.861150 0.724427 0.016311 0.012399
0 0.571119 0.634232 0.012166 0.008668
0 0.520560 0.417348 0.013264 0.010461
0 0.667430 0.759110 0.013919 0.008099
0 0.562083 0.915106 0.015252 0.009326
0 0.594898 0.645908 0.015368 0.009589
0 0.292898 0.592510 0.016021 0.010391
0 0.440540 0.590248 0.014373 0.010328
0 0.387543 0.605417 0.013863 0.009302
0 0.601120 0.479765 0.014269 0.009648
0 0.634230 0.739975 0.016570 0.011700
0 0.630716 0.643080 0.014591 0.010008
0 0.661168 0.428694 0.014527 0.009566
0 0.522754 0.511912 0.015109 0.008680
0 0.425964 0.540023 0.024655 0.010893
0 0.240051 0.865354 0.014596 0.009465
0 0.729306 0.822537 0.012711 0.009197
0 0.712224 0.929098 0.015682 0.010133
0 0.485819 0.974179 0.023835 0.012998
0 0.210073 0.815824 0.014431 0.010430
0 0.421845 0.898474 0.027923 0.011601
0 0.595443 0.791785 0.015707 0.010368
0 0.650508 0.650003 0.016789 0.009169
0 0.411896 0.826753 0.014024 0.009674
0 0.544721 0.915711 0.017359 0.010674
0 0.390335 0.584291 0.018773 0.009844