0 0.332997 0.309989 0.017163 0.013234
0 0.588814 0.540331 0.014795 0.009651
0 0.489488 0.484923 0.015073 0.010709
0 0.387401 0.703152 0.015431 0.010236
1 0.221629 0.451729 0.048889 0.032205
0 0.476586 0.619565 0.015017 0.010428
0 0.250969 0.579401 0.012873 0.009243
0 0.523382 0.663978 0.015461 0.009998
0 0.400734 0.358140 0.014536 0.010791
0 0.598132 0.373763 0.016493 0.011538
0 0.404997 0.382417 0.015069 0.009627
0 0.532163 0.735856 0.015082 0.011300
0 0.432164 0.373665 0.013925 0.010507
0 0.177115 0.467691 0.015150 0.009154
0 0.403879 0.679542 0.012933 0.009437
0 0.264707 0.531467 0.012677 0.008637
0 0.451225 0.404881 0.017024 0.011938
0 0.320835 0.740228 0.014028 0.009345
0 0.485546 0.346811 0.014515 0.010810
0 0.493885 0.392678 0.017396 0.012449
0 0.448008 0.342026 0.019220 0.013233
0 0.535693 0.539588 0.014008 0.009270
0 0.512547 0.577709 0.016408 0.010729
0 0.418469 0.777258 0.018458 0.012099
0 0.456397 0.749672 0.016709 0.010636
0 0.496294 0.706188 0.015111 0.011396
0 0.680620 0.358417 0.017722 0.011852
0 0.621900 0.290532 0.016364 0.010827
0 0.437017 0.644722 0.016802 0.012251
0 0.588350 0.664999 0.014807 0.009641
0 0.375432 0.638488 0.015211 0.009305
0 0.259654 0.506016 0.013152 0.008898
0 0.218827 0.590104 0.013249 0.008632
0 0.551344 0.521274 0.015488 0.010164
0 0.527479 0.524762 0.014936 0.010079
0 0.521546 0.333496 0.014257 0.009862
0 0.521324 0.467248 0.014329 0.009576
0 0.441229 0.538707 0.017320 0.011460
0 0.655474 0.409622 0.013772 0.010439
0 0.622215 0.621307 0.014542 0.010125
0 0.335464 0.592271 0.013172 0.009001
0 0.522382 0.714450 0.013263 0.009066
0 0.100635 0.364008 0.021290 0.015014
0 0.705127 0.391766 0.014227 0.009640
0 0.547802 0.649940 0.015128 0.010204
0 0.305693 0.659292 0.012693 0.008116
0 0.538684 0.490092 0.013129 0.008696
0 0.445784 0.727196 0.013615 0.009672
0 0.263607 0.456614 0.014321 0.009756
0 0.166409 0.345663 0.016667 0.011843
0 0.568257 0.433314 0.016640 0.011248
0 0.427730 0.491812 0.014140 0.009902
0 0.724358 0.347555 0.017975 0.012858
0 0.194810 0.573495 0.012955 0.009105
0 0.584754 0.707934 0.015557 0.010488
0 0.287765 0.316018 0.016899 0.011035
0 0.265301 0.307158 0.019805 0.013703
0 0.176149 0.394858 0.015501 0.009899
0 0.513975 0.610049 0.015144 0.009155
0 0.625622 0.536416 0.014164 0.009551
0 0.369264 0.551367 0.015086 0.010570
0 0.160694 0.638238 0.013612 0.008459
0 0.577701 0.315551 0.015235 0.010425
0 0.152301 0.477329 0.014405 0.010231
0 0.478254 0.459659 0.013883 0.009764
0 0.475049 0.732825 0.016114 0.010299
0 0.665367 0.638327 0.013225 0.008604
0 0.692403 0.323257 0.020745 0.014855
0 0.261699 0.482980 0.013801 0.008611
0 0.452200 0.457874 0.013104 0.009469
0 0.473674 0.695303 0.015211 0.009641
0 0.432544 0.248903 0.013173 0.009766
0 0.678186 0.608750 0.015302 0.010061
0 0.431088 0.676717 0.014485 0.009312
0 0.386854 0.259438 0.018030 0.012238
0 0.668416 0.545965 0.016455 0.010155
0 0.312206 0.320749 0.015910 0.011757
0 0.352984 0.540794 0.014708 0.010540
0 0.395704 0.408997 0.014109 0.008844
0 0.559191 0.297472 0.016056 0.010967
0 0.140691 0.562258 0.013464 0.008676
0 0.205429 0.495975 0.012913 0.009878
0 0.732134 0.403275 0.013624 0.009949
0 0.512626 0.635949 0.016240 0.010826
0 0.333582 0.333886 0.014652 0.010725
0 0.284103 0.353437 0.015702 0.010037
0 0.619805 0.453255 0.015694 0.011210
0 0.594142 0.336622 0.015865 0.010288
0 0.463345 0.435624 0.014133 0.009490
0 0.156574 0.586282 0.013869 0.009512
0 0.677871 0.432791 0.016493 0.011055
0 0.151223 0.323232 0.016373 0.012410
0 0.638768 0.494149 0.014331 0.010574
0 0.627707 0.425137 0.013843 0.009030
0 0.488557 0.678685 0.014862 0.010618
0 0.290927 0.495752 0.013989 0.010275
0 0.273635 0.403344 0.014113 0.009474
0 0.796811 0.451063 0.018414 0.013430
0 0.779572 0.388525 0.019904 0.014216
0 0.367504 0.507798 0.013039 0.009441
0 0.520921 0.405351 0.013005 0.009253
0 0.178105 0.708822 0.014342 0.008976
0 0.464133 0.673192 0.014955 0.009523
0 0.202851 0.358911 0.015169 0.010318
0 0.193912 0.293601 0.018103 0.011917
0 0.137902 0.351355 0.015440 0.009544
0 0.647569 0.546525 0.012533 0.008563
0 0.597094 0.579673 0.016158 0.010632
0 0.707008 0.473913 0.015911 0.010826
0 0.243687 0.543194 0.013853 0.009606
0 0.376627 0.784104 0.018245 0.011664
0 0.355213 0.738961 0.013388 0.009352
0 0.227963 0.647674 0.012823 0.008404
0 0.411222 0.512229 0.015597 0.009521
0 0.624380 0.666503 0.015955 0.010418
0 0.545429 0.720526 0.014780 0.010430
0 0.265208 0.369464 0.015416 0.010839
0 0.226579 0.304713 0.015714 0.010277
0 0.564540 0.361082 0.016131 0.010446
0 0.694144 0.508258 0.015403 0.010233
0 0.595699 0.431334 0.016882 0.011084
0 0.459592 0.472970 0.015552 0.010707
0 0.511974 0.240558 0.014639 0.009920
0 0.571717 0.390167 0.014924 0.009508
0 0.227684 0.386126 0.014108 0.009286
0 0.558657 0.478980 0.015114 0.010964
1 0.177883 0.446881 0.038841 0.025740
0 0.363943 0.582979 0.014042 0.009813
0 0.630889 0.688003 0.014919 0.009087
0 0.648309 0.306768 0.018286 0.011712
0 0.752982 0.420146 0.014621 0.010021
0 0.136022 0.379749 0.014219 0.009836
0 0.368485 0.755000 0.019414 0.011760
0 0.242775 0.260537 0.018140 0.011583
0 0.421848 0.217038 0.014296 0.009850
0 0.352263 0.457519 0.013489 0.009860
0 0.304190 0.683818 0.012747 0.008432
0 0.239312 0.732364 0.015935 0.012785
0 0.315888 0.617292 0.012657 0.007760
0 0.549751 0.398029 0.016834 0.011906
0 0.691152 0.647843 0.015217 0.010364
0 0.540104 0.583839 0.014036 0.008584
0 0.338238 0.421393 0.013868 0.009191
0 0.555026 0.454812 0.013034 0.008982
0 0.400357 0.617422 0.016718 0.010701
0 0.084502 0.546355 0.013564 0.010107
0 0.578906 0.499901 0.013398 0.009291
0 0.178544 0.558961 0.012946 0.008220
0 0.502891 0.768758 0.022989 0.014199
0 0.237161 0.405404 0.014117 0.010194
0 0.327080 0.361308 0.013839 0.009704
0 0.287056 0.745865 0.014216 0.009094
0 0.376677 0.429274 0.015297 0.010697
0 0.779530 0.411247 0.016262 0.012141
0 0.310038 0.389458 0.013677 0.009427
1 0.517262 0.276180 0.037971 0.027290
0 0.306038 0.346763 0.014214 0.009312
0 0.703849 0.491930 0.013584 0.008589
0 0.253916 0.603792 0.011913 0.008177
0 0.339219 0.241349 0.019903 0.014567
0 0.404200 0.446194 0.016451 0.012743
0 0.229196 0.687039 0.013065 0.007490
0 0.113463 0.475674 0.017136 0.009710
0 0.408900 0.698960 0.015344 0.010682
0 0.559145 0.243620 0.016368 0.011146
0 0.641932 0.333257 0.019669 0.012371
0 0.392690 0.736360 0.018553 0.012075
0 0.221937 0.417753 0.015864 0.009495
0 0.552936 0.755964 0.021508 0.011616
0 0.255454 0.345485 0.019033 0.011441
0 0.370058 0.327275 0.016273 0.010922
0 0.336457 0.642102 0.014479 0.009431
0 0.429393 0.423412 0.013790 0.008520
0 0.573189 0.747634 0.015436 0.010263
0 0.393250 0.769461 0.017545 0.011610
0 0.312330 0.567505 0.015075 0.009952
0 0.368174 0.455653 0.012916 0.009602
0 0.674661 0.469511 0.013503 0.009653
0 0.254677 0.421951 0.015043 0.010064
0 0.162093 0.493155 0.012746 0.009004
0 0.289288 0.478324 0.012873 0.008626
0 0.353614 0.614745 0.013631 0.008932
0 0.204525 0.514880 0.013641 0.007922
0 0.362988 0.375874 0.018288 0.010142
0 0.226445 0.505811 0.013508 0.011594
0 0.741997 0.518645 0.013217 0.009606
0 0.160792 0.696253 0.012090 0.008444
0 0.735155 0.431962 0.016635 0.009701
0 0.344592 0.775191 0.018992 0.011729
0 0.181200 0.510516 0.013851 0.009147
0 0.333677 0.511587 0.014014 0.009620
0 0.174529 0.542631 0.012788 0.008636
0 0.196764 0.692001 0.012117 0.007698
0 0.248731 0.713984 0.014682 0.009138
0 0.621759 0.473184 0.013233 0.008349
0 0.540043 0.321143 0.018461 0.013692
0 0.177695 0.597131 0.011605 0.007308
0 0.085754 0.596255 0.012451 0.009640
0 0.270544 0.289056 0.014705 0.010664
0 0.691651 0.340754 0.016111 0.009840
0 0.195873 0.627744 0.012338 0.007109
0 0.296510 0.627939 0.012370 0.008837
0 0.656649 0.457851 0.014753 0.009814
0 0.521356 0.423982 0.015539 0.010955
0 0.663622 0.561250 0.015158 0.010150
0 0.482446 0.305633 0.018696 0.011564
0 0.266464 0.256737 0.016116 0.011239
0 0.334339 0.669452 0.015619 0.009694
0 0.632763 0.722478 0.016387 0.013233
0 0.241013 0.628451 0.011457 0.007514
0 0.773330 0.533951 0.017009 0.013373
0 0.367376 0.597822 0.013048 0.009497
0 0.565098 0.565559 0.013924 0.009836
0 0.233971 0.364456 0.013267 0.009616
0 0.553871 0.634031 0.012933 0.009203
0 0.205522 0.401023 0.014486 0.009927
0 0.598371 0.283664 0.013256 0.009354
0 0.282518 0.553475 0.012432 0.008174
0 0.602645 0.265176 0.015734 0.011600
0 0.748218 0.466989 0.014274 0.010026
0 0.177539 0.683651 0.012151 0.008728
0 0.294704 0.540001 0.013341 0.008530
0 0.643448 0.510837 0.013382 0.008204
0 0.350910 0.568652 0.015743 0.010801
0 0.486135 0.644305 0.014487 0.010291
0 0.337139 0.398354 0.013886 0.012641
0 0.487953 0.636897 0.014111 0.010187
0 0.606539 0.520642 0.017769 0.011394
0 0.705734 0.588050 0.015637 0.011194
0 0.658150 0.697623 0.015129 0.010766
0 0.188397 0.530284 0.013970 0.008095
0 0.356396 0.349167 0.018169 0.010842
0 0.294762 0.334351 0.013794 0.009666
0 0.371741 0.528078 0.014051 0.009706
0 0.305168 0.454371 0.012399 0.008419
0 0.217056 0.607288 0.014105 0.009505
0 0.220560 0.338607 0.017302 0.013844
0 0.587836 0.755252 0.015401 0.010500
0 0.132081 0.334628 0.018114 0.012874
0 0.295984 0.581154 0.010503 0.007890
0 0.110872 0.502801 0.018171 0.011400
0 0.121101 0.640584 0.014040 0.009390
0 0.461720 0.659511 0.013538 0.008817
0 0.556105 0.551363 0.013514 0.009385
0 0.560928 0.276479 0.014372 0.010156
0 0.384720 0.478382 0.017494 0.009031
0 0.598697 0.725922 0.017955 0.010563
0 0.169904 0.374481 0.014351 0.009514
0 0.668974 0.508190 0.014823 0.009090
0 0.556490 0.612369 0.015528 0.011531
0 0.337543 0.471300 0.011917 0.009258
0 0.545946 0.365174 0.013100 0.009017
0 0.292452 0.762690 0.017230 0.010210
0 0.394240 0.791916 0.018310 0.009812
0 0.670325 0.671627 0.013120 0.008705
0 0.338445 0.482132 0.011500 0.011666
0 0.336272 0.685648 0.013501 0.009545
0 0.175471 0.619568 0.014491 0.011064
0 0.648457 0.613398 0.012367 0.009395
0 0.586519 0.609747 0.015293 0.009386
0 0.292561 0.428207 0.012746 0.008761
0 0.208654 0.612572 0.014161 0.008625
0 0.106184 0.504082 0.014123 0.009303
0 0.529237 0.767615 0.015527 0.010584
0 0.391340 0.511495 0.015142 0.008265
0 0.730502 0.633410 0.013365 0.008799
0 0.168854 0.667202 0.014132 0.007980
0 0.326278 0.372567 0.016019 0.009123
1 0.363258 0.221978 0.033919 0.019020
0 0.099146 0.582930 0.015256 0.011402
0 0.728848 0.475383 0.013351 0.012326
0 0.047302 0.420988 0.017403 0.012637
0 0.491845 0.375447 0.016603 0.011009
0 0.207165 0.731629 0.019026 0.012103
0 0.540103 0.438939 0.012812 0.008500
0 0.280660 0.442172 0.015226 0.009284
0 0.554726 0.346271 0.017293 0.011216
0 0.480067 0.255281 0.017042 0.012757
0 0.143435 0.503829 0.013948 0.010086
0 0.271125 0.629013 0.012991 0.007953
0 0.196146 0.603029 0.012740 0.007949
0 0.308860 0.523960 0.015130 0.007967
0 0.496596 0.442469 0.016322 0.010209
0 0.511738 0.450284 0.014720 0.009830
0 0.227612 0.511610 0.011805 0.010298
0 0.403321 0.497584 0.015378 0.010563
0 0.277329 0.664798 0.014280 0.009152
0 0.772736 0.514975 0.013962 0.009759
0 0.605914 0.664774 0.016565 0.009384
0 0.297485 0.759912 0.016748 0.010131
0 0.112385 0.336335 0.019280 0.013344
0 0.267462 0.611196 0.012527 0.008519
0 0.216504 0.710636 0.014769 0.012032
0 0.530398 0.786124 0.017871 0.012375
0 0.138030 0.514616 0.013496 0.008733
0 0.302095 0.598493 0.012563 0.009333
0 0.517370 0.368015 0.017313 0.011667
0 0.252408 0.386759 0.012801 0.009473
0 0.661798 0.686476 0.015458 0.011660
0 0.205109 0.681177 0.012053 0.007893
0 0.258065 0.652757 0.012267 0.008252
0 0.323894 0.690919 0.015526 0.010612
0 0.264246 0.682227 0.015286 0.010276
0 0.337303 0.487002 0.011488 0.011681
0 0.139932 0.511185 0.014845 0.011281
0 0.171358 0.525723 0.013338 0.008943
0 0.665008 0.493788 0.014959 0.010770
0 0.486678 0.427674 0.012561 0.009197
0 0.160725 0.562881 0.012821 0.006844
0 0.363403 0.347455 0.017132 0.010560
0 0.209571 0.662556 0.014323 0.008255
0 0.602684 0.609505 0.013914 0.008781
0 0.346463 0.560248 0.012751 0.010371
0 0.064410 0.582946 0.012598 0.008119
0 0.163755 0.717336 0.011512 0.008365
0 0.323698 0.434717 0.017602 0.009194
0 0.613485 0.574288 0.012456 0.009083
0 0.259679 0.562352 0.011442 0.010422
0 0.396043 0.480656 0.017976 0.010171
0 0.372778 0.248573 0.013030 0.008855
0 0.649568 0.715264 0.015570 0.009636
0 0.334932 0.494634 0.011026 0.008996
0 0.273172 0.381351 0.013117 0.009457
0 0.227812 0.515233 0.012460 0.007899
0 0.477853 0.250611 0.015121 0.014103
0 0.147572 0.661932 0.013895 0.008673
0 0.215743 0.319747 0.018837 0.010940
0 0.136513 0.691775 0.014090 0.008213
0 0.586060 0.479499 0.021949 0.010635
0 0.520514 0.294959 0.013942 0.008399
0 0.793392 0.423617 0.017219 0.012070
0 0.693784 0.659736 0.013111 0.008918
0 0.494034 0.276048 0.014999 0.010439
0 0.196913 0.369601 0.013729 0.010015
0 0.345469 0.795579 0.017118 0.008146
0 0.659798 0.693756 0.015469 0.012598
0 0.452710 0.772849 0.015016 0.010185
0 0.716546 0.601727 0.013779 0.008319
0 0.528870 0.614468 0.015901 0.009245
0 0.171790 0.360589 0.016304 0.014927
0 0.218142 0.668065 0.013822 0.010936
0 0.239182 0.350129 0.015907 0.014014
0 0.202953 0.404477 0.014596 0.012434
0 0.198085 0.410251 0.011787 0.008195
0 0.365184 0.589401 0.011680 0.014309
0 0.390361 0.610768 0.016763 0.011869
0 0.662935 0.430719 0.019673 0.009088
0 0.494152 0.766626 0.017654 0.012244
0 0.291515 0.533530 0.014320 0.015861
0 0.470751 0.222137 0.012907 0.008443
0 0.407639 0.809008 0.022256 0.011873
0 0.260042 0.687905 0.015802 0.013239
0 0.731243 0.582709 0.021356 0.010593
0 0.552501 0.637796 0.014776 0.015943
0 0.749329 0.612839 0.016301 0.010731
0 0.727674 0.480800 0.013611 0.010211
0 0.058877 0.524658 0.015541 0.009446
0 0.486766 0.223869 0.010699 0.008453
0 0.180004 0.598909 0.019291 0.008643
0 0.316793 0.376180 0.014593 0.009398
0 0.566885 0.330180 0.016054 0.009943
0 0.387443 0.494774 0.012533 0.008411
0 0.649243 0.467700 0.014605 0.008042
0 0.301642 0.238787 0.017206 0.011207
0 0.545626 0.428921 0.013219 0.007529
0 0.294263 0.600896 0.018665 0.007555
0 0.561046 0.599985 0.014378 0.008070
0 0.399157 0.431110 0.013653 0.012351
0 0.205639 0.665208 0.012886 0.008592