1 0.124761 0.391219 0.052382 0.035478
1 0.807202 0.539487 0.043728 0.031820
1 0.743093 0.612675 0.049852 0.036449
0 0.415328 0.310414 0.027378 0.020181
0 0.546221 0.322151 0.027352 0.020927
0 0.305071 0.583775 0.024370 0.017913
0 0.257910 0.524408 0.024485 0.017687
0 0.656783 0.564335 0.024205 0.018340
0 0.344944 0.545921 0.024636 0.018425
0 0.458384 0.501298 0.029043 0.018354
1 0.335365 0.768522 0.046752 0.036160
0 0.553737 0.628021 0.026681 0.019492
0 0.505529 0.241791 0.021090 0.015786
0 0.543235 0.596980 0.019991 0.014153
0 0.569225 0.232376 0.019899 0.015891
0 0.280574 0.553388 0.019509 0.013055
0 0.690560 0.654334 0.029302 0.027435
0 0.644456 0.323242 0.025111 0.018575
0 0.142076 0.319628 0.021109 0.015605
0 0.681358 0.384840 0.027257 0.019752
0 0.631382 0.574429 0.023656 0.016052
0 0.313153 0.632024 0.026478 0.018914
0 0.660731 0.508581 0.023711 0.018791
0 0.484922 0.629551 0.020265 0.013713
0 0.173405 0.349590 0.018912 0.014155
0 0.293174 0.415469 0.024827 0.016867
0 0.307659 0.654271 0.025625 0.020599
0 0.296604 0.277520 0.021268 0.014671
0 0.636630 0.482810 0.019647 0.013891
0 0.437830 0.441690 0.018191 0.012643
0 0.626862 0.453319 0.020124 0.013359
0 0.840730 0.438484 0.018184 0.013371
0 0.654211 0.568344 0.046089 0.022356
0 0.698484 0.378261 0.027927 0.018513
0 0.673390 0.301513 0.022360 0.015551
0 0.633451 0.255111 0.018763 0.013740
0 0.498186 0.476396 0.022407 0.012823