0 0.580563 0.536697 0.010639 0.014151
0 0.358018 0.338436 0.007366 0.012315
0 0.428130 0.252109 0.011060 0.012411
0 0.558754 0.328279 0.014799 0.023986
0 0.290649 0.767826 0.010080 0.014714
0 0.373501 0.488881 0.010955 0.015875
0 0.314178 0.911544 0.009072 0.013861
0 0.516229 0.384797 0.011794 0.014546
0 0.490747 0.336708 0.010144 0.014095
0 0.347156 0.446067 0.010223 0.014810
0 0.596814 0.463153 0.012222 0.017219
0 0.303029 0.850173 0.009577 0.013953
0 0.321692 0.305608 0.012095 0.017745
0 0.195048 0.744808 0.010846 0.014946
0 0.422657 0.501482 0.008366 0.011081
0 0.670048 0.441284 0.011964 0.019768
0 0.306750 0.414627 0.009427 0.011884
0 0.558772 0.589125 0.009302 0.011194
0 0.436106 0.455278 0.008967 0.011218
0 0.604708 0.488676 0.013983 0.017662
0 0.195421 0.498630 0.007391 0.012508
0 0.365278 0.437131 0.010663 0.014898
0 0.484265 0.389087 0.011857 0.013912
0 0.290404 0.330518 0.009682 0.013467
0 0.232884 0.804404 0.007591 0.009811
0 0.569953 0.812643 0.012847 0.020070
0 0.566326 0.427019 0.009473 0.011552
0 0.321176 0.435582 0.007989 0.012761
0 0.279954 0.517566 0.008497 0.013834
0 0.446289 0.316061 0.009165 0.012795
0 0.291974 0.690367 0.011794 0.018232
0 0.640880 0.522273 0.009027 0.013808
0 0.409265 0.920645 0.011472 0.019565
0 0.322474 0.944133 0.010477 0.013401
0 0.416864 0.562168 0.010884 0.017890
0 0.389530 0.416355 0.012081 0.016295
0 0.447985 0.951301 0.009938 0.013027
0 0.463284 0.546293 0.009115 0.010105
0 0.656535 0.637585 0.012686 0.014619
0 0.325363 0.336492 0.007565 0.010248
0 0.582546 0.479301 0.010178 0.012537
0 0.383694 0.585065 0.010632 0.019007
0 0.341962 0.729447 0.011418 0.014858
0 0.490246 0.770889 0.009685 0.011258
0 0.220880 0.671837 0.010525 0.015486
0 0.536160 0.621096 0.009789 0.012757
0 0.511617 0.660351 0.009113 0.011643
0 0.446897 0.496875 0.008259 0.011424
0 0.410661 0.438693 0.011285 0.017870
0 0.165999 0.708720 0.008330 0.014269
0 0.237768 0.703718 0.012492 0.015023
0 0.451386 0.401048 0.009961 0.013804
0 0.434106 0.546970 0.011235 0.015452
0 0.470024 0.582944 0.011311 0.016068
0 0.221422 0.761680 0.009502 0.012054
0 0.524731 0.692884 0.011385 0.010906
0 0.650943 0.690293 0.012826 0.017062
0 0.609342 0.689175 0.010306 0.013891
0 0.536138 0.443834 0.009567 0.010107
0 0.521068 0.404759 0.008239 0.013306
0 0.615996 0.720463 0.010665 0.011763
0 0.556525 0.460823 0.010626 0.013367
0 0.609675 0.746631 0.012847 0.019176
0 0.528943 0.716193 0.008932 0.011894
0 0.633853 0.569267 0.008028 0.009749
0 0.431703 0.935542 0.013186 0.013806
0 0.640627 0.474382 0.009212 0.013796
0 0.623886 0.447550 0.010660 0.014749
0 0.478476 0.685865 0.008894 0.010756
0 0.552985 0.817212 0.011605 0.015955
0 0.440948 0.619740 0.007939 0.010514
0 0.447613 0.278523 0.010014 0.011640
0 0.548860 0.848121 0.013169 0.017952
0 0.438624 0.418722 0.009667 0.012293
0 0.252927 0.677817 0.010710 0.017457
0 0.537191 0.487428 0.011578 0.014768
0 0.586936 0.650662 0.009530 0.012160
0 0.523861 0.313962 0.011555 0.014543
0 0.510180 0.751901 0.010548 0.015476
0 0.323678 0.761583 0.010111 0.013627
0 0.684090 0.662015 0.011998 0.017273
0 0.483244 0.430285 0.011941 0.014587
0 0.645508 0.603821 0.008758 0.011647
0 0.457669 0.614303 0.009932 0.013512
0 0.420495 0.713293 0.008562 0.015653
0 0.523934 0.585594 0.010320 0.015487
0 0.276910 0.347923 0.009000 0.013550
0 0.226951 0.906641 0.008005 0.010980
0 0.269043 0.322686 0.014422 0.020526
0 0.471769 0.951921 0.009817 0.013613
0 0.410820 0.853788 0.010105 0.013367
0 0.432417 0.661729 0.010437 0.012819
0 0.378526 0.343320 0.009773 0.011783
0 0.535533 0.651375 0.009875 0.013778
0 0.477412 0.368212 0.009232 0.011468
0 0.472857 0.295961 0.011044 0.015576
0 0.333603 0.283990 0.010488 0.016489
0 0.633954 0.640921 0.012163 0.016479
0 0.406761 0.382171 0.016663 0.019826
0 0.413150 0.413673 0.010726 0.015194
0 0.350733 0.693854 0.010394 0.013552
0 0.312446 0.475195 0.010042 0.016914
0 0.595021 0.670991 0.012213 0.012621
0 0.230741 0.832279 0.007278 0.010078
0 0.222107 0.411755 0.008707 0.012812
0 0.209052 0.447499 0.010709 0.015864
0 0.507950 0.683136 0.008275 0.010200
0 0.623283 0.797508 0.023110 0.029010
0 0.584660 0.805096 0.012366 0.015889
0 0.544133 0.763936 0.011167 0.012576
0 0.427052 0.593029 0.008569 0.011514
0 0.482090 0.469004 0.009869 0.013048
0 0.236890 0.878838 0.012899 0.016204
0 0.645989 0.402990 0.010323 0.018778
0 0.259434 0.857745 0.007595 0.010146
0 0.450359 0.338909 0.008066 0.011958
0 0.218842 0.735230 0.012733 0.012121
0 0.340786 0.421486 0.009568 0.013516
0 0.496253 0.483162 0.009688 0.016125
0 0.250811 0.470181 0.008152 0.012254
0 0.423430 0.640670 0.009324 0.010042
0 0.501385 0.367662 0.009660 0.015508
0 0.592039 0.842647 0.013075 0.014664
0 0.666208 0.536017 0.011581 0.017304
0 0.552199 0.723006 0.009350 0.011191
0 0.575195 0.453819 0.009592 0.010904
0 0.544000 0.534316 0.010645 0.013294
0 0.520463 0.345452 0.008101 0.010889
0 0.533661 0.354111 0.009967 0.014798
0 0.465640 0.649752 0.012538 0.013788
0 0.357865 0.291183 0.009117 0.014522
0 0.503568 0.522829 0.008840 0.011510
0 0.265858 0.796488 0.007947 0.011776
0 0.184201 0.725026 0.011397 0.016187
0 0.355369 0.396987 0.012795 0.014016
0 0.511466 0.452214 0.010117 0.008600
0 0.440656 0.355986 0.010074 0.010806
0 0.559712 0.527624 0.010522 0.010932
0 0.315508 0.722760 0.008480 0.014466
0 0.549320 0.788028 0.009588 0.012654
0 0.161168 0.744290 0.009351 0.015217
0 0.231200 0.470455 0.009535 0.014646
0 0.244636 0.926802 0.014136 0.012199
0 0.351315 0.400188 0.010758 0.013368
0 0.625034 0.769564 0.013203 0.017198
0 0.667129 0.680599 0.012677 0.019597
0 0.547000 0.366325 0.008826 0.012179
0 0.452547 0.451503 0.006961 0.009564
0 0.443265 0.578167 0.008274 0.011456
0 0.697030 0.527312 0.008359 0.016009
0 0.439566 0.379724 0.010356 0.012840
0 0.504450 0.302348 0.009561 0.018791
0 0.378466 0.698862 0.008991 0.014637
0 0.546328 0.357954 0.009743 0.016473
0 0.624669 0.420378 0.009422 0.011179
0 0.490632 0.600528 0.008689 0.012192
0 0.179242 0.437750 0.014079 0.015285
0 0.507986 0.803512 0.009503 0.011755
0 0.197954 0.470714 0.009420 0.012235
0 0.615029 0.642499 0.010605 0.013511
0 0.212150 0.506019 0.009654 0.010982
0 0.301848 0.950140 0.010498 0.015295
0 0.552508 0.654331 0.011688 0.018530
0 0.438942 0.386153 0.011466 0.020253
0 0.389634 0.650454 0.011069 0.015965
0 0.210371 0.758810 0.010836 0.012991
0 0.390774 0.354102 0.009205 0.013636
0 0.470459 0.484753 0.011770 0.017853
0 0.633754 0.381272 0.010430 0.013493
0 0.529528 0.801823 0.011581 0.017740
0 0.191140 0.885144 0.006850 0.008622
0 0.240519 0.853148 0.009927 0.011169
0 0.406724 0.632226 0.010962 0.018985
0 0.486379 0.861533 0.010156 0.018888
0 0.410787 0.655075 0.010931 0.012955
0 0.427768 0.589072 0.008537 0.012933
0 0.589695 0.715216 0.011764 0.015648
0 0.660785 0.460176 0.011306 0.016438
0 0.403137 0.620684 0.010067 0.019214
0 0.348773 0.497473 0.009380 0.015048
0 0.304649 0.801089 0.009073 0.008893
0 0.650455 0.406065 0.018238 0.020186
0 0.348276 0.625334 0.012277 0.019401
0 0.350578 0.758886 0.011364 0.014170
0 0.404853 0.626266 0.012622 0.019179
0 0.475340 0.919197 0.012192 0.018364
0 0.500396 0.904150 0.012522 0.021812
0 0.609032 0.664005 0.012347 0.013178
0 0.552404 0.646902 0.010702 0.017043
0 0.459554 0.680895 0.010495 0.013919
0 0.649484 0.423828 0.013880 0.016437
0 0.576508 0.838644 0.014630 0.018209
0 0.522858 0.847272 0.013804 0.018595
0 0.440034 0.623111 0.010797 0.013232
0 0.356545 0.294954 0.008958 0.012145
0 0.307658 0.297856 0.010020 0.011796
0 0.397007 0.543715 0.008352 0.013351
0 0.402414 0.673443 0.008823 0.010523
0 0.649908 0.658006 0.012964 0.010920
0 0.482153 0.543731 0.008675 0.011865
0 0.650138 0.553985 0.011348 0.014283
0 0.643558 0.476243 0.017332 0.013896
0 0.183994 0.707132 0.009376 0.016888
0 0.155330 0.485652 0.010294 0.013597
0 0.438072 0.692089 0.013324 0.012280
0 0.644457 0.447415 0.009324 0.017520
0 0.358059 0.366278 0.009192 0.012881
0 0.504597 0.837057 0.010608 0.014076
0 0.181739 0.461174 0.010736 0.014260
0 0.501722 0.588820 0.012247 0.014091
0 0.560005 0.707389 0.010690 0.013850
0 0.674678 0.509700 0.010630 0.013769
0 0.215052 0.909460 0.009211 0.010298
0 0.519963 0.408723 0.013428 0.012041
0 0.618433 0.628198 0.009578 0.016014
0 0.543483 0.352774 0.009753 0.016566
0 0.679938 0.598372 0.010003 0.013870
0 0.503302 0.295001 0.009644 0.022679