1 0.043679 0.622731 0.076620 0.069007
1 0.324198 0.734355 0.048130 0.033461
1 0.555135 0.507196 0.053004 0.037422
1 0.578173 0.585237 0.038495 0.031396
1 0.038426 0.849683 0.048615 0.033849
0 0.205919 0.746506 0.013972 0.010601
0 0.053500 0.767023 0.015212 0.010464
0 0.256125 0.852883 0.013722 0.009378
0 0.127258 0.554051 0.016321 0.011050
0 0.289797 0.816255 0.015363 0.011482
1 0.291127 0.579666 0.042938 0.031754
0 0.021340 0.540445 0.019311 0.012356
0 0.351656 0.385162 0.015393 0.011914
0 0.110128 0.746348 0.015570 0.010728
0 0.205263 0.714346 0.015125 0.009802
0 0.280535 0.615316 0.017797 0.012298
0 0.080310 0.409478 0.020343 0.014000
0 0.038820 0.470123 0.019238 0.012484
0 0.321553 0.633335 0.017310 0.011657
0 0.318129 0.535785 0.019187 0.013507
0 0.169458 0.476205 0.017179 0.013900
0 0.202382 0.441030 0.017916 0.012714
0 0.462391 0.648094 0.019477 0.012124
0 0.238673 0.384899 0.017183 0.014017
0 0.089394 0.577240 0.015089 0.009786
0 0.244169 0.718441 0.014689 0.010411
0 0.084510 0.706157 0.014028 0.010292
0 0.409557 0.835573 0.017379 0.011554
0 0.258297 0.438453 0.016726 0.012809
0 0.013733 0.450700 0.019909 0.015936
0 0.132881 0.708081 0.016956 0.011058
0 0.145602 0.435502 0.016379 0.011607
0 0.394368 0.355743 0.019823 0.013928
0 0.409695 0.864372 0.016269 0.010110
0 0.334882 0.856555 0.014456 0.010434
0 0.418270 0.401747 0.020033 0.012345
0 0.096372 0.521124 0.015691 0.010229
0 0.328926 0.765997 0.013657 0.009498
0 0.087768 0.732134 0.015286 0.010210
0 0.312927 0.780776 0.012852 0.009498
0 0.631501 0.577051 0.016273 0.010965
0 0.387677 0.699986 0.019078 0.012481
0 0.597659 0.712626 0.014900 0.009081
0 0.546255 0.620732 0.014246 0.009972
0 0.580005 0.609518 0.013510 0.008955
0 0.130468 0.600120 0.016521 0.011900
0 0.379804 0.636018 0.013142 0.009458
0 0.241610 0.689434 0.017766 0.012443
0 0.302070 0.844494 0.015142 0.010031
0 0.231377 0.757683 0.013786 0.008349
0 0.262922 0.709749 0.015765 0.010845
0 0.019351 0.819700 0.019095 0.011711
0 0.179224 0.682580 0.019546 0.013516
0 0.513093 0.820104 0.014223 0.009656
0 0.008519 0.792844 0.015668 0.010301
0 0.332293 0.404294 0.014508 0.011001
0 0.014254 0.645594 0.015688 0.011500
0 0.080441 0.472071 0.017197 0.011551
0 0.271154 0.765330 0.014357 0.008856
0 0.154283 0.390788 0.017475 0.011158
0 0.408099 0.591832 0.015380 0.010700
0 0.503468 0.464677 0.015446 0.010717
0 0.380373 0.388082 0.014760 0.010283
0 0.554245 0.640853 0.013624 0.008774
0 0.256086 0.835722 0.014162 0.009081
0 0.095832 0.617493 0.016704 0.010746
0 0.177117 0.644905 0.016090 0.011400
0 0.472757 0.788831 0.015524 0.010384
0 0.454499 0.394225 0.018308 0.014029
0 0.381227 0.597448 0.016121 0.011880
0 0.107536 0.682531 0.015893 0.010225
0 0.038327 0.737552 0.016522 0.012037
0 0.354973 0.582540 0.016309 0.010736
0 0.327322 0.438114 0.015907 0.010459
1 0.404204 0.513529 0.044152 0.037140
0 0.231997 0.799044 0.013627 0.010222
0 0.128751 0.485642 0.016071 0.011031
0 0.468971 0.533401 0.013746 0.009444
0 0.126878 0.510650 0.015818 0.009961
0 0.374040 0.412996 0.015465 0.011179
0 0.360804 0.764249 0.016446 0.010758
0 0.290520 0.445952 0.022117 0.013979
0 0.286171 0.761859 0.013029 0.009151
0 0.226567 0.526434 0.014586 0.011650
0 0.079083 0.671737 0.014773 0.010196
1 0.375080 0.728718 0.042368 0.027443
0 0.130013 0.465960 0.017676 0.011392
0 0.481207 0.672497 0.013560 0.009065
0 0.577224 0.696740 0.015432 0.010302
0 0.563031 0.769215 0.013969 0.009137
0 0.258011 0.875516 0.015012 0.010315
0 0.197043 0.646453 0.016871 0.011397
0 0.555744 0.751307 0.015837 0.008198
0 0.429100 0.884103 0.016133 0.010728
0 0.131285 0.407105 0.018894 0.011996
0 0.329571 0.572067 0.016918 0.012539
1 0.403994 0.493511 0.040341 0.035345
0 0.246182 0.632142 0.017253 0.011600
0 0.441148 0.618103 0.014886 0.010507
0 0.018143 0.428634 0.017476 0.011664
0 0.309681 0.802745 0.013057 0.008295
0 0.465128 0.498521 0.018151 0.012864
0 0.370028 0.571775 0.014944 0.010048
0 0.256863 0.786917 0.017485 0.012313
0 0.440651 0.798084 0.013761 0.009510
0 0.253770 0.749369 0.014403 0.009071
0 0.173323 0.421783 0.018159 0.011533
0 0.351630 0.442481 0.017880 0.012900
0 0.520428 0.768321 0.018947 0.011978
0 0.419771 0.455369 0.013059 0.009392
0 0.106884 0.602379 0.015292 0.009814
0 0.278492 0.486290 0.018608 0.010676
0 0.541546 0.595004 0.015075 0.008893
0 0.081891 0.449228 0.017078 0.011587
0 0.497265 0.600370 0.014275 0.011309
0 0.152762 0.760416 0.017002 0.011178
0 0.517982 0.411854 0.015559 0.011672
0 0.371537 0.926272 0.024941 0.017579
0 0.322879 0.917739 0.016681 0.012204
0 0.472543 0.826276 0.013534 0.009015
0 0.223052 0.637797 0.016752 0.010587
0 0.174993 0.698727 0.018867 0.011929
0 0.217825 0.846693 0.016379 0.010655
0 0.458408 0.449273 0.015038 0.010208
0 0.587810 0.744812 0.014421 0.009773
0 0.235983 0.882876 0.014328 0.010507
0 0.608152 0.631419 0.015811 0.010560
0 0.053502 0.723439 0.014730 0.010590
0 0.455825 0.870167 0.015504 0.010064
0 0.480166 0.548690 0.014922 0.009374
0 0.514285 0.565506 0.013958 0.010543
0 0.372013 0.847883 0.016501 0.010453
0 0.333407 0.341406 0.014893 0.011028
0 0.142964 0.833038 0.014885 0.009248
0 0.304376 0.894834 0.015728 0.010262
0 0.184943 0.401276 0.018344 0.013088
0 0.374245 0.486652 0.016492 0.010861
0 0.224452 0.538114 0.014139 0.011143
0 0.403527 0.634790 0.014205 0.009197
0 0.385849 0.669748 0.014500 0.010788
0 0.242453 0.900339 0.017236 0.011592
0 0.122229 0.811628 0.016821 0.012901
0 0.529000 0.574958 0.014247 0.009574
0 0.256217 0.533121 0.015497 0.011301
0 0.099825 0.437137 0.016595 0.014337
0 0.197602 0.587058 0.017409 0.010286
0 0.482066 0.511576 0.014341 0.010559
0 0.440378 0.506807 0.015894 0.010842
0 0.588603 0.655531 0.011902 0.008590
0 0.443423 0.822020 0.019192 0.008900
0 0.007385 0.520715 0.014769 0.011983
0 0.407442 0.737037 0.017613 0.012833
0 0.366317 0.890798 0.027352 0.019029
0 0.621497 0.721361 0.013309 0.009867
0 0.221985 0.410149 0.015922 0.010732
0 0.448503 0.597600 0.015500 0.011379
0 0.511520 0.634459 0.015800 0.009970
0 0.246859 0.511603 0.015527 0.010883
0 0.154288 0.858894 0.016766 0.011119
0 0.577785 0.709235 0.013629 0.009168
0 0.519034 0.505372 0.014774 0.010122
0 0.369192 0.791746 0.015799 0.010303
0 0.264124 0.358092 0.012828 0.010074
0 0.477127 0.694944 0.017864 0.015173
0 0.503068 0.643393 0.017477 0.011937
0 0.240241 0.585324 0.013203 0.009126
0 0.563531 0.814830 0.015053 0.009117
0 0.101233 0.386347 0.016535 0.013596
0 0.189043 0.583568 0.015880 0.010911
0 0.502791 0.577492 0.014531 0.008494
0 0.103282 0.857062 0.016330 0.011164
0 0.520544 0.490627 0.013228 0.008570
0 0.623935 0.647094 0.015578 0.010700
1 0.409627 0.551458 0.036900 0.025221
0 0.352962 0.550951 0.015755 0.011958
0 0.536958 0.830299 0.014072 0.010225
0 0.423815 0.909611 0.019142 0.011749
0 0.588505 0.796646 0.012294 0.009293
0 0.455528 0.408972 0.016384 0.010642
0 0.177107 0.686240 0.025278 0.024290
0 0.468996 0.856396 0.017954 0.015278
0 0.590320 0.488033 0.015673 0.010918
0 0.416911 0.742409 0.022380 0.010747
0 0.172736 0.546221 0.014655 0.010315
0 0.244665 0.614974 0.017237 0.013872
0 0.585291 0.773625 0.013135 0.009552
0 0.194593 0.558108 0.013485 0.008143
0 0.624234 0.735424 0.014599 0.010371
0 0.280006 0.510833 0.023177 0.015482
0 0.337093 0.558622 0.013840 0.008219
0 0.461243 0.626562 0.016026 0.008894
0 0.510387 0.704208 0.017555 0.011879
0 0.020045 0.759502 0.015560 0.009698
0 0.594243 0.447289 0.014669 0.010055
0 0.513319 0.858734 0.015759 0.008833
0 0.647889 0.671442 0.013015 0.008156
0 0.497718 0.381409 0.015593 0.011398
0 0.412658 0.426452 0.017772 0.012885
0 0.148532 0.785128 0.026848 0.012651
0 0.466072 0.437967 0.016412 0.012750
0 0.053806 0.574815 0.020284 0.010576
0 0.071085 0.388381 0.016346 0.010857
0 0.529822 0.435267 0.020829 0.017715
0 0.147802 0.490389 0.018740 0.010123
0 0.195847 0.483834 0.014256 0.010104
0 0.547192 0.686843 0.017438 0.010086
0 0.200197 0.382291 0.015408 0.011999
0 0.485290 0.650473 0.015403 0.008920
0 0.199714 0.556262 0.016289 0.008558
0 0.243593 0.402925 0.016593 0.009929
0 0.055342 0.707343 0.013908 0.009047
0 0.118508 0.529674 0.014196 0.009177
0 0.462506 0.441585 0.017296 0.012488
0 0.285519 0.665574 0.023485 0.023145