1 0.527239 0.551077 0.054614 0.053291
1 0.147154 0.456110 0.074569 0.049998
1 0.274394 0.406258 0.041297 0.031440
1 0.089444 0.689765 0.053219 0.035850
1 0.156640 0.334382 0.055515 0.040178
1 0.370439 0.458030 0.039830 0.030002
1 0.215949 0.377411 0.052253 0.035406
1 0.402165 0.290519 0.043505 0.034889
1 0.313350 0.450118 0.047637 0.036016
1 0.551460 0.418531 0.049091 0.033073
1 0.263190 0.595443 0.051080 0.033724
1 0.509632 0.661425 0.085604 0.066305
1 0.412832 0.761471 0.046447 0.047947
0 0.422522 0.519162 0.019709 0.012709
1 0.494264 0.359070 0.033881 0.027056
1 0.730781 0.605246 0.047066 0.036437
0 0.538377 0.491030 0.019927 0.012996
0 0.376253 0.318618 0.017375 0.011860
1 0.234766 0.289481 0.054782 0.038983
0 0.623141 0.335332 0.019796 0.014495
0 0.484004 0.415383 0.019498 0.014841
0 0.233979 0.542346 0.017073 0.011794
1 0.308116 0.568989 0.030811 0.026593
0 0.589980 0.322161 0.020972 0.014137
0 0.496812 0.497946 0.018384 0.012633
1 0.756946 0.427636 0.042721 0.031606
0 0.692374 0.385676 0.019021 0.013493
0 0.286812 0.735088 0.014703 0.010258
0 0.345696 0.291839 0.017379 0.011877
0 0.420479 0.683304 0.015509 0.011462
0 0.385574 0.372116 0.017388 0.012019
0 0.342475 0.331233 0.015257 0.010429
0 0.384362 0.565830 0.014640 0.009933
0 0.364702 0.666507 0.015397 0.010319
1 0.009976 0.558462 0.019951 0.025556
1 0.536940 0.252330 0.049241 0.031633
0 0.096323 0.348182 0.022043 0.016528
0 0.355883 0.548737 0.015905 0.010902
0 0.280256 0.357578 0.019953 0.012920
0 0.601485 0.393102 0.015109 0.010789
0 0.514321 0.463171 0.021262 0.012802
0 0.418446 0.493759 0.021471 0.013620
0 0.238534 0.574071 0.017224 0.011441
0 0.332937 0.642765 0.019612 0.013000
0 0.223870 0.717399 0.014148 0.009479
0 0.329054 0.390061 0.015278 0.010807
0 0.684988 0.455915 0.013986 0.009792
0 0.444402 0.270671 0.018188 0.011539
0 0.362491 0.526914 0.013956 0.010488
0 0.469090 0.282454 0.017105 0.011942
0 0.680409 0.481034 0.018004 0.011299
0 0.395264 0.544955 0.013793 0.010029
0 0.448370 0.602924 0.016541 0.010722
0 0.225759 0.430418 0.018533 0.013098
0 0.396125 0.355090 0.017955 0.012321
0 0.119921 0.503135 0.018799 0.013383
0 0.308563 0.328282 0.022336 0.012825
0 0.471371 0.376646 0.014043 0.009103
0 0.701100 0.586216 0.015472 0.011567
0 0.667179 0.552143 0.014898 0.008630
0 0.135016 0.620084 0.014570 0.010311
0 0.086088 0.414053 0.016084 0.011104
0 0.544146 0.710571 0.020153 0.012860
0 0.261921 0.660085 0.014315 0.009022
0 0.328604 0.496733 0.014983 0.010929
0 0.672526 0.601014 0.013769 0.009241
0 0.451811 0.570715 0.021430 0.015265
0 0.471048 0.504723 0.017593 0.012564
0 0.355918 0.235995 0.015266 0.010602
0 0.444189 0.346609 0.015299 0.009354
0 0.321495 0.525571 0.014940 0.010118
0 0.361918 0.258637 0.012229 0.008943
0 0.552925 0.440202 0.019890 0.011231
0 0.160105 0.689711 0.013666 0.009140
0 0.303369 0.515401 0.013315 0.008080
0 0.312630 0.703080 0.014859 0.009494
0 0.162775 0.663139 0.013868 0.008289
0 0.239397 0.734591 0.017317 0.012368
0 0.638391 0.562732 0.021568 0.015075
0 0.483845 0.299110 0.017026 0.011097
0 0.390466 0.636268 0.015157 0.011840
0 0.195792 0.522139 0.016116 0.011713
0 0.637957 0.513392 0.013239 0.008904
0 0.272241 0.528894 0.013233 0.008789
0 0.201137 0.578783 0.013478 0.009025
0 0.565145 0.515014 0.017961 0.010649
0 0.348430 0.427557 0.019041 0.011520
0 0.602852 0.370186 0.016565 0.010868
0 0.629893 0.465962 0.013888 0.009981
0 0.246771 0.322320 0.013605 0.008717
0 0.718157 0.469672 0.013215 0.008997
0 0.616536 0.528636 0.013562 0.009176
0 0.422743 0.590519 0.016636 0.008629
0 0.574123 0.503233 0.014431 0.010292
0 0.594176 0.535910 0.014357 0.010972
0 0.696347 0.496820 0.012846 0.008549
0 0.167477 0.496449 0.015717 0.011534
0 0.678830 0.534176 0.020322 0.012122
0 0.205572 0.626973 0.013138 0.009216
0 0.460897 0.729851 0.019949 0.011461
0 0.537173 0.314837 0.016271 0.011855
0 0.092865 0.489127 0.021103 0.013370
0 0.295821 0.647274 0.015830 0.009793
0 0.389042 0.396816 0.032472 0.019281
0 0.378200 0.246246 0.013332 0.009356
0 0.210468 0.674590 0.011762 0.008067
0 0.473028 0.534406 0.013270 0.010277
0 0.285310 0.474550 0.014170 0.010309
0 0.438537 0.643689 0.013604 0.009458
0 0.320276 0.376315 0.013732 0.010704
1 0.388341 0.397669 0.033989 0.020608
0 0.421915 0.565678 0.013594 0.008720
0 0.419974 0.656826 0.013371 0.009824
0 0.714428 0.526788 0.013394 0.009113
0 0.281817 0.254945 0.014109 0.010410
0 0.624026 0.607474 0.016240 0.013599
0 0.171442 0.712117 0.017186 0.010799
0 0.279113 0.495980 0.013315 0.008535
0 0.651465 0.471051 0.014532 0.009142
0 0.744023 0.463523 0.015464 0.012055
0 0.335670 0.670580 0.012488 0.008116
0 0.640456 0.597875 0.013961 0.009942
0 0.609111 0.448703 0.014681 0.009158
1 0.455770 0.806563 0.035359 0.019759
0 0.246038 0.369335 0.016004 0.010742
0 0.137371 0.646069 0.012966 0.008423
0 0.338593 0.362734 0.013827 0.009005
0 0.068732 0.376622 0.017720 0.011847
0 0.586264 0.728672 0.020222 0.011773
0 0.682364 0.334822 0.018460 0.013307
0 0.609440 0.500334 0.014512 0.010342
0 0.559094 0.305910 0.016794 0.012588
0 0.549322 0.583813 0.016456 0.015095
0 0.136225 0.588701 0.017153 0.010968
0 0.658570 0.517171 0.014146 0.008590
0 0.429194 0.609979 0.011961 0.007818
0 0.634168 0.299186 0.018251 0.013324
0 0.405125 0.340885 0.012702 0.008637
0 0.295838 0.539128 0.016368 0.010664
0 0.329960 0.686076 0.014006 0.008341
0 0.729045 0.564099 0.012672 0.008913
0 0.231426 0.347085 0.012061 0.010188
0 0.087795 0.457612 0.012819 0.009598
0 0.124176 0.574343 0.016070 0.011700
0 0.344726 0.738151 0.020021 0.012823
0 0.346334 0.684520 0.014073 0.008981
0 0.581235 0.699383 0.013923 0.008414
0 0.649703 0.364432 0.016337 0.011994
0 0.629016 0.382683 0.018508 0.012895
0 0.481073 0.328111 0.012358 0.008493
0 0.355942 0.624153 0.013531 0.009125
0 0.585896 0.374151 0.017239 0.011052
0 0.733821 0.500984 0.013536 0.008628
0 0.061552 0.527399 0.013554 0.009282
0 0.497159 0.745354 0.021211 0.012098
0 0.076848 0.646680 0.013536 0.008712
0 0.419268 0.711484 0.014471 0.011890
0 0.322626 0.620225 0.014481 0.009521
0 0.753957 0.488945 0.015202 0.011006
0 0.698152 0.604969 0.012443 0.008215
0 0.283656 0.304367 0.014285 0.010623
0 0.514514 0.278144 0.013039 0.009069
0 0.576455 0.385054 0.015056 0.010884
0 0.294544 0.715617 0.011727 0.008647
0 0.472522 0.547021 0.011893 0.008544
0 0.514650 0.403971 0.022285 0.011245
0 0.434003 0.667434 0.011162 0.007036
0 0.416541 0.541068 0.013683 0.009045
0 0.455076 0.325393 0.012214 0.009799
0 0.505481 0.620872 0.013073 0.009223
0 0.587024 0.642523 0.016197 0.009366
0 0.231179 0.692303 0.027741 0.012532
0 0.450049 0.715680 0.014297 0.009470
0 0.706605 0.436032 0.016079 0.009945