0 0.304779 0.395597 0.033710 0.021392
0 0.558447 0.239220 0.034580 0.020614
0 0.467987 0.834917 0.033271 0.021420
0 0.091783 0.581044 0.033659 0.019244
0 0.481483 0.655402 0.031354 0.018312
0 0.170620 0.349938 0.029006 0.017637
0 0.190579 0.707292 0.030330 0.017795
0 0.253205 0.737778 0.028256 0.019020
1 0.233887 0.514841 0.077142 0.049385
0 0.054726 0.322915 0.032902 0.019654
1 0.227094 0.853453 0.086686 0.052794
0 0.354034 0.215567 0.031532 0.019741
0 0.263541 0.301421 0.028367 0.018309
0 0.288824 0.354794 0.027850 0.018798
0 0.653051 0.843526 0.027628 0.017683
0 0.043938 0.610562 0.036808 0.023286
0 0.753021 0.701774 0.027497 0.016950
1 0.170805 0.889173 0.082629 0.049170
0 0.569405 0.646513 0.027872 0.018494
0 0.319699 0.453945 0.027314 0.017188
0 0.440890 0.174906 0.028403 0.018004
0 0.770545 0.469360 0.028051 0.019178
0 0.659759 0.431009 0.036547 0.018737
0 0.361575 0.618855 0.028919 0.017262
0 0.719805 0.339482 0.026954 0.017715
0 0.264077 0.771435 0.029684 0.017267
0 0.085885 0.625135 0.031867 0.020953
0 0.321410 0.339000 0.028566 0.017650
0 0.209631 0.414798 0.036602 0.017054
0 0.253745 0.131180 0.026401 0.017161
0 0.394130 0.242406 0.028624 0.018217
0 0.281902 0.676913 0.035888 0.019243
0 0.855270 0.360443 0.027065 0.018620
0 0.297306 0.593128 0.034827 0.027427
0 0.340769 0.296200 0.027491 0.017641
0 0.631513 0.754053 0.025855 0.016467
0 0.500577 0.609237 0.034698 0.017436
0 0.659926 0.234235 0.030980 0.020730
0 0.225113 0.908697 0.024678 0.014986
0 0.123074 0.379707 0.041696 0.019771
0 0.216296 0.311672 0.027316 0.018537
0 0.049892 0.159621 0.031676 0.021104
0 0.550417 0.764615 0.028276 0.018514
0 0.731670 0.430711 0.023943 0.014930
0 0.310540 0.233900 0.027435 0.018100
0 0.113332 0.534545 0.030888 0.021604
0 0.246161 0.684157 0.026861 0.017616
0 0.516327 0.737821 0.027383 0.016077
0 0.431346 0.729901 0.028680 0.018318
0 0.182578 0.387796 0.025092 0.014480
0 0.162038 0.985434 0.027395 0.018799
1 0.119215 0.067924 0.099814 0.069575
0 0.281245 0.949992 0.022858 0.013729
0 0.350955 0.152662 0.022640 0.013979
0 0.400676 0.973935 0.024641 0.015973
0 0.582897 0.441450 0.036470 0.021860
0 0.131776 0.297534 0.031111 0.022822
0 0.619717 0.807121 0.024851 0.016045
0 0.400322 0.428614 0.029363 0.017637
0 0.730024 0.242727 0.039175 0.020091
0 0.454016 0.794685 0.030180 0.018676
0 0.070533 0.500066 0.028131 0.017001
0 0.466817 0.448450 0.029247 0.017936
0 0.767265 0.781720 0.024446 0.015795
0 0.807115 0.726289 0.022919 0.013761
1 0.073708 0.116681 0.078255 0.044296
0 0.667234 0.885032 0.031624 0.020234
0 0.296976 0.142286 0.024073 0.014641
0 0.569898 0.616453 0.032780 0.019471
0 0.577891 0.541793 0.032488 0.020384
0 0.050516 0.379533 0.024860 0.014390
0 0.458809 0.894201 0.024344 0.014837
0 0.066364 0.531611 0.031177 0.021659
0 0.825425 0.646882 0.027963 0.017675
0 0.675821 0.793712 0.025806 0.015999
0 0.631664 0.615234 0.029472 0.018270
0 0.617446 0.835382 0.023339 0.014960
0 0.337882 0.100420 0.023575 0.014809
0 0.315175 0.756481 0.024876 0.015303
0 0.488366 0.796492 0.027971 0.017554
0 0.438295 0.405698 0.032191 0.021296
0 0.601756 0.480162 0.024189 0.014331
0 0.385297 0.993461 0.023022 0.013064
0 0.525703 0.795531 0.023661 0.015381
0 0.182262 0.322160 0.023346 0.014131
0 0.336684 0.666370 0.026082 0.016760
0 0.666488 0.976339 0.025015 0.015580
0 0.839431 0.553146 0.028078 0.020171
0 0.523766 0.712331 0.027084 0.017619
0 0.098731 0.241261 0.023874 0.014823
0 0.700116 0.396161 0.030975 0.017372
0 0.165110 0.284410 0.024186 0.015499
0 0.069643 0.462902 0.031726 0.017300
0 0.211601 0.795190 0.032382 0.024708
0 0.510121 0.454873 0.024443 0.014902
0 0.831079 0.452231 0.022060 0.012295
0 0.372215 0.461935 0.024397 0.015499
0 0.684852 0.365232 0.028992 0.017896
0 0.368813 0.124135 0.026007 0.015028
0 0.529583 0.577961 0.035112 0.019275
0 0.347374 0.970149 0.034606 0.015258
0 0.583664 0.890007 0.029795 0.017145
0 0.318643 0.313727 0.023739 0.015110
0 0.104389 0.344163 0.029501 0.019052
0 0.448533 0.926517 0.030347 0.020537
0 0.625552 0.389733 0.040891 0.027145
0 0.633580 0.658302 0.028222 0.017354
0 0.305522 0.975636 0.022958 0.013445
0 0.777203 0.425362 0.023020 0.013262
0 0.163443 0.935319 0.045761 0.020352
0 0.347621 0.562056 0.033528 0.019695
0 0.446040 0.528618 0.028548 0.019104
0 0.566756 0.589395 0.027670 0.017165
0 0.687187 0.464365 0.029347 0.016988
0 0.353172 0.756845 0.030744 0.015460
0 0.567166 0.488331 0.023977 0.013996
0 0.133083 0.456927 0.029105 0.018930
0 0.622713 0.989351 0.029890 0.018469
0 0.812168 0.329527 0.028882 0.016228
0 0.668932 0.728218 0.025736 0.016001
0 0.721137 0.724093 0.024833 0.015306
0 0.782288 0.323135 0.029751 0.018251
0 0.696310 0.674432 0.025722 0.016103
0 0.154564 0.187518 0.025720 0.018895
0 0.620298 0.942980 0.026116 0.016202
0 0.706036 0.800041 0.023489 0.017223
0 0.588139 0.925648 0.025236 0.014070
0 0.734154 0.590408 0.025345 0.015312
0 0.321252 0.542243 0.026163 0.015907
0 0.141094 0.255220 0.029273 0.024156
0 0.399436 0.484548 0.035515 0.021330
0 0.265129 0.446527 0.024952 0.016432
0 0.300036 0.482863 0.025510 0.015535
0 0.766256 0.677704 0.025236 0.014500
0 0.770626 0.744396 0.028610 0.017041
0 0.358212 0.709526 0.028135 0.017657
0 0.798407 0.399372 0.022196 0.013940
0 0.137774 0.720559 0.029368 0.019672
0 0.723252 0.369804 0.028148 0.017130
0 0.562362 0.876453 0.021842 0.013985
0 0.084816 0.294736 0.026044 0.017084
0 0.380045 0.664514 0.037517 0.019224
0 0.769483 0.568512 0.026759 0.016511
0 0.787545 0.594491 0.023757 0.013903
0 0.360446 0.245946 0.026434 0.015065
0 0.268005 0.972093 0.026638 0.014677
0 0.482602 0.979872 0.034003 0.017513
0 0.445275 0.375378 0.031880 0.023639
0 0.856761 0.654989 0.024703 0.013965
0 0.268398 0.088286 0.030579 0.015690
0 0.231141 0.210363 0.032653 0.023450
0 0.570248 0.911423 0.023823 0.015173
0 0.856360 0.503325 0.022187 0.014210
0 0.027798 0.354662 0.028284 0.017141
0 0.672311 0.497962 0.029621 0.018150
0 0.333641 0.939857 0.020654 0.012887
0 0.378866 0.733620 0.031192 0.019055
0 0.441659 0.659589 0.026196 0.015977
0 0.829750 0.476915 0.022083 0.013277
0 0.202230 0.161655 0.037970 0.016130
0 0.163815 0.788792 0.023383 0.013759
0 0.307806 0.873859 0.028124 0.018231
0 0.282920 0.174798 0.023478 0.016203
0 0.737772 0.919685 0.024031 0.015203
0 0.416336 0.671711 0.031355 0.019947
0 0.220012 0.981072 0.031918 0.018152
0 0.455022 0.628116 0.028352 0.015544
0 0.398818 0.771349 0.028173 0.017729
0 0.160906 0.437904 0.029681 0.016370
0 0.589222 0.169956 0.026210 0.015236
0 0.064320 0.197810 0.026259 0.015221
0 0.371186 0.917177 0.030688 0.019097
0 0.469463 0.712459 0.026057 0.014889
0 0.118110 0.143703 0.025171 0.014391
0 0.519200 0.168411 0.036495 0.018820
0 0.190991 0.449928 0.024639 0.015594
0 0.275019 0.925677 0.023036 0.015291
0 0.055614 0.225634 0.026570 0.016859
0 0.330001 0.251411 0.022154 0.011644
0 0.288042 0.996132 0.022524 0.007736
0 0.814190 0.611768 0.022719 0.014669
0 0.144239 0.482162 0.024218 0.016004
0 0.280147 0.832322 0.024548 0.015860
0 0.510156 0.117945 0.025065 0.014253
0 0.805560 0.629741 0.024572 0.014763
0 0.559268 0.789787 0.027242 0.017753
0 0.281254 0.187921 0.023384 0.018537
0 0.162703 0.741352 0.056036 0.035517
0 0.034063 0.478812 0.024412 0.014173
0 0.081985 0.362192 0.022839 0.012612
0 0.360756 0.499904 0.026236 0.014827
0 0.788654 0.858787 0.021530 0.013784
0 0.248437 0.970190 0.028463 0.013940
0 0.139602 0.412697 0.042080 0.025813
0 0.338888 0.498649 0.029934 0.014804
1 0.163012 0.741592 0.052294 0.041262
0 0.244306 0.543777 0.024592 0.014521
0 0.280349 0.796140 0.023221 0.013379
0 0.318123 0.784936 0.023705 0.014720
0 0.113315 0.186739 0.024329 0.014099
0 0.728700 0.517990 0.024494 0.014735
0 0.467547 0.478383 0.022687 0.014729
0 0.456614 0.746469 0.021506 0.013816
0 0.757328 0.413015 0.023279 0.014650
0 0.113963 0.211242 0.028325 0.014772
0 0.262134 0.653393 0.035172 0.020672
0 0.463964 0.624482 0.031360 0.015363
0 0.695057 0.584535 0.023530 0.016818
0 0.826889 0.834043 0.028507 0.016174
0 0.489763 0.487662 0.026380 0.014869
0 0.007975 0.316903 0.015950 0.016005
0 0.564387 0.451451 0.024581 0.017481
0 0.570501 0.716522 0.026786 0.016952
0 0.376743 0.523716 0.024372 0.015317
0 0.492075 0.519253 0.030524 0.028113
0 0.899406 0.596707 0.025038 0.013841
0 0.305664 0.843761 0.022305 0.014339
0 0.140602 0.723154 0.055985 0.028926
1 0.201673 0.873961 0.117965 0.061684
0 0.508914 0.164593 0.035282 0.019260
0 0.580653 0.566769 0.025947 0.014065
0 0.441786 0.502296 0.025424 0.015342
0 0.545300 0.555746 0.022931 0.015323
0 0.546286 0.691637 0.024260 0.014429
0 0.375352 0.244718 0.050232 0.017257
0 0.009091 0.531832 0.018182 0.020311
0 0.121828 0.208339 0.032028 0.015354
0 0.791389 0.287102 0.033135 0.020610
0 0.801660 0.763108 0.022947 0.011823
0 0.659962 0.746145 0.022671 0.012409