1 0.413335 0.699604 0.048143 0.038850
1 0.640884 0.722173 0.050711 0.034472
1 0.137287 0.524330 0.057651 0.047781
0 0.376900 0.554630 0.017946 0.012000
0 0.673561 0.522043 0.017661 0.012134
0 0.364761 0.579942 0.019814 0.013384
0 0.651517 0.460989 0.020507 0.014777
1 0.403605 0.794515 0.103441 0.050929
0 0.361796 0.338405 0.028333 0.024440
0 0.529803 0.433192 0.021726 0.015477
0 0.668149 0.484217 0.018626 0.012361
1 0.358870 0.849516 0.121151 0.044831
0 0.597874 0.352445 0.027677 0.017355
0 0.719578 0.560145 0.018417 0.012762
0 0.623560 0.784427 0.018392 0.013465
0 0.727511 0.404169 0.019275 0.014023
0 0.553419 0.360494 0.023823 0.020183
0 0.237443 0.588071 0.018553 0.013119
0 0.596942 0.597804 0.019521 0.013637
0 0.446557 0.513636 0.020658 0.015589
0 0.704751 0.505285 0.017525 0.011764
0 0.512933 0.501352 0.021799 0.013270
0 0.745938 0.458741 0.018099 0.012246
0 0.330098 0.397693 0.026395 0.018980
0 0.118403 0.630436 0.015615 0.011215
0 0.617984 0.566020 0.020522 0.014213
0 0.356026 0.530413 0.020010 0.014775
0 0.681230 0.584961 0.020143 0.016076
0 0.665564 0.439727 0.016802 0.011040
0 0.399781 0.639835 0.018266 0.012361
0 0.735473 0.431214 0.017865 0.012510
0 0.430615 0.520979 0.018361 0.012652
0 0.498339 0.382728 0.029967 0.022995
0 0.661097 0.361076 0.018220 0.012752
0 0.498452 0.810010 0.018856 0.013906
0 0.357379 0.623629 0.018172 0.012341
0 0.573261 0.742193 0.019152 0.016342
0 0.624852 0.424609 0.018767 0.013539
0 0.426713 0.564868 0.022701 0.013711
0 0.650323 0.571381 0.018337 0.013006
0 0.488600 0.670623 0.016873 0.011968
0 0.633367 0.548155 0.016151 0.011549
0 0.478603 0.558465 0.017736 0.012804
0 0.529986 0.804222 0.018171 0.012790
0 0.657116 0.663335 0.017807 0.012782
0 0.661722 0.596190 0.020755 0.014891
0 0.304057 0.407719 0.019765 0.015219
0 0.508646 0.465777 0.025519 0.020798
0 0.403085 0.570568 0.018436 0.012650
0 0.801416 0.493659 0.017751 0.013213
0 0.547459 0.538479 0.018087 0.014287
0 0.748375 0.419328 0.018568 0.012604
0 0.512385 0.553894 0.017729 0.012733
0 0.506203 0.623654 0.020679 0.015181
0 0.449310 0.585490 0.025728 0.017338
0 0.692305 0.380532 0.017778 0.011820
0 0.578002 0.808375 0.017590 0.012714
0 0.468450 0.725690 0.023601 0.016743
0 0.316862 0.617529 0.016539 0.011457
0 0.480693 0.785179 0.016955 0.012043
0 0.185520 0.580325 0.020909 0.014952
0 0.613118 0.831155 0.018889 0.012736
0 0.590938 0.468506 0.022192 0.015606
0 0.312692 0.343925 0.021199 0.017092
0 0.694586 0.720492 0.017213 0.012996
0 0.598860 0.449053 0.024217 0.015204
0 0.541580 0.502149 0.018707 0.016133
0 0.688467 0.403178 0.015236 0.009959
0 0.235806 0.511802 0.032946 0.020821
0 0.541564 0.577003 0.017248 0.011979
0 0.149247 0.661199 0.017041 0.013030
0 0.644045 0.777376 0.018377 0.015160
0 0.128920 0.714306 0.014789 0.009545
0 0.539123 0.629220 0.019662 0.013994
0 0.193702 0.485853 0.015402 0.010043
0 0.422422 0.470621 0.016689 0.012074
0 0.511878 0.722946 0.015851 0.010765
0 0.336177 0.628811 0.017269 0.010934
0 0.544574 0.316054 0.017019 0.012255
0 0.458396 0.580170 0.017728 0.011101
0 0.208157 0.564838 0.015167 0.008911
0 0.579928 0.452417 0.018874 0.012288
0 0.441709 0.517196 0.033514 0.020278
0 0.321339 0.557714 0.016049 0.011918
1 0.735067 0.729866 0.033461 0.023215
0 0.149359 0.700893 0.020727 0.012378
0 0.253059 0.379982 0.022657 0.016958
0 0.489311 0.631079 0.019190 0.014223
0 0.185184 0.511341 0.016355 0.012560
0 0.703762 0.367619 0.016856 0.011245
0 0.772118 0.636668 0.013870 0.010047
0 0.680181 0.588431 0.032308 0.021864
0 0.604815 0.330017 0.016032 0.013121
0 0.705887 0.639860 0.014841 0.009283
0 0.314116 0.669429 0.016710 0.012293
0 0.692005 0.559231 0.020473 0.011335
0 0.209948 0.386349 0.019745 0.015998
0 0.079202 0.593754 0.015327 0.010069
0 0.622218 0.564388 0.030729 0.022736