1 0.487739 0.611886 0.060726 0.051700
0 0.564448 0.407987 0.025747 0.019145
0 0.633664 0.406393 0.026407 0.018416
0 0.666995 0.433049 0.027033 0.019441
1 0.479451 0.483358 0.051780 0.036627
0 0.240955 0.407558 0.028541 0.021740
0 0.299627 0.319093 0.024608 0.018651
0 0.570855 0.624259 0.021701 0.015718
0 0.486404 0.815491 0.028797 0.020328
0 0.578654 0.666509 0.021832 0.015639
0 0.383816 0.840501 0.025416 0.018097
0 0.571392 0.296617 0.019888 0.016318
0 0.438928 0.429341 0.029805 0.019457
0 0.296040 0.659343 0.025931 0.017943
0 0.319470 0.635162 0.022594 0.015202
0 0.670451 0.745231 0.019800 0.015240
0 0.462572 0.739775 0.026450 0.019062
0 0.606102 0.451935 0.021312 0.015994
0 0.501298 0.583150 0.017841 0.012410
0 0.672160 0.601057 0.024815 0.018368
0 0.738782 0.631857 0.020111 0.014915
0 0.255749 0.608094 0.024280 0.018356
0 0.792585 0.761374 0.019469 0.013547
0 0.554061 0.731538 0.024387 0.019499
0 0.779632 0.737761 0.020269 0.014785
0 0.704006 0.558511 0.018654 0.013968
0 0.340220 0.619431 0.019648 0.013332
0 0.560105 0.758738 0.024963 0.018744
0 0.655999 0.682043 0.018308 0.013938
0 0.536265 0.603666 0.017486 0.010824
0 0.384672 0.485273 0.034068 0.022521
0 0.738723 0.537873 0.024732 0.018542
0 0.419834 0.580166 0.030389 0.021559
0 0.563345 0.346021 0.021255 0.015030
0 0.701804 0.476772 0.024265 0.022742
0 0.615658 0.610590 0.019378 0.013230
1 0.414704 0.691306 0.037531 0.028065