0 0.494288 0.416246 0.028573 0.020220
0 0.634042 0.484576 0.023927 0.017666
0 0.417530 0.426835 0.026865 0.018925
0 0.310047 0.617435 0.025581 0.019420
0 0.538799 0.708556 0.023730 0.018075
0 0.591327 0.683001 0.024993 0.018919
0 0.478513 0.771100 0.025797 0.019304
0 0.652382 0.676859 0.021204 0.016093
0 0.439919 0.537258 0.025083 0.018959
0 0.273611 0.412129 0.024850 0.018819
0 0.306389 0.410537 0.021198 0.014892
0 0.406965 0.363035 0.021439 0.015658
0 0.341133 0.733612 0.026283 0.020695
0 0.319282 0.379874 0.020753 0.015399
0 0.617970 0.547587 0.020235 0.015559
0 0.312741 0.666963 0.024578 0.018796
0 0.680473 0.712448 0.026765 0.018763
0 0.596116 0.718234 0.023707 0.017834
0 0.273669 0.708992 0.021452 0.015213
0 0.725405 0.426861 0.025925 0.019271
0 0.616548 0.443408 0.021619 0.014995
0 0.483888 0.548721 0.031416 0.022867
0 0.347003 0.472582 0.029809 0.024453
0 0.817536 0.412320 0.024116 0.016100
0 0.563620 0.351863 0.024761 0.018271
0 0.523450 0.315906 0.025847 0.018314
0 0.489481 0.346145 0.020687 0.015912
0 0.505106 0.777584 0.020519 0.015350
0 0.216052 0.543715 0.024874 0.019740
0 0.242783 0.733307 0.017585 0.013310
0 0.499290 0.312582 0.023131 0.019130
0 0.694457 0.350441 0.035189 0.025709
0 0.503944 0.630681 0.021884 0.017234
0 0.733996 0.571490 0.021137 0.014754
0 0.273005 0.596805 0.020855 0.013662
0 0.377109 0.749307 0.025882 0.017458
0 0.757478 0.363635 0.025121 0.017935
0 0.524040 0.447201 0.025403 0.020903
0 0.413929 0.731421 0.019875 0.013297
0 0.490960 0.594924 0.023561 0.018068
0 0.803566 0.438015 0.019453 0.017592
0 0.524071 0.792358 0.026011 0.018551
0 0.696236 0.500358 0.020362 0.013756
0 0.448686 0.275478 0.023618 0.019930
0 0.775618 0.552717 0.016172 0.010682