0 0.877510 0.559568 0.020876 0.021713
0 0.961705 0.708091 0.021405 0.020413
0 0.777014 0.814069 0.022316 0.021290
1 0.636639 0.275741 0.051901 0.048042
0 0.854873 0.595860 0.019847 0.019856
0 0.824702 0.573679 0.017942 0.018031
0 0.805537 0.733931 0.018414 0.019362
0 0.571858 0.660073 0.022210 0.022144
0 0.926501 0.656255 0.018489 0.018645
0 0.260458 0.333106 0.026329 0.024462
0 0.952929 0.261386 0.020864 0.021128
0 0.543367 0.639393 0.023987 0.021563
0 0.629310 0.681970 0.020563 0.020358
0 0.344059 0.616866 0.026278 0.023684
0 0.890880 0.455154 0.020652 0.019499
0 0.587430 0.897278 0.022498 0.021784
0 0.967302 0.553120 0.022572 0.019746
0 0.580404 0.342488 0.024481 0.023953
0 0.676704 0.386373 0.019432 0.018073
0 0.686742 0.349055 0.019492 0.019119
0 0.515723 0.234115 0.023794 0.022567
0 0.701673 0.051744 0.021594 0.021181
0 0.666811 0.828097 0.016114 0.015589
0 0.502014 0.268813 0.020240 0.020558
0 0.802486 0.156870 0.017333 0.019128
0 0.461772 0.606142 0.023111 0.022676
0 0.350080 0.779858 0.026324 0.027557
0 0.803072 0.473400 0.022231 0.021244
0 0.628377 0.197936 0.020353 0.019470
0 0.322894 0.271518 0.024200 0.024865
0 0.689918 0.195646 0.019516 0.019555
0 0.899185 0.848733 0.021397 0.019197
0 0.773728 0.738769 0.020837 0.020838
0 0.551345 0.757077 0.025385 0.033279
0 0.705713 0.635856 0.026790 0.024689
0 0.720440 0.484847 0.021427 0.020277
1 0.594796 0.415139 0.050081 0.048179
0 0.711458 0.865235 0.023845 0.026318
0 0.788952 0.203953 0.021809 0.021442
0 0.618113 0.496362 0.023517 0.021880
0 0.598316 0.006436 0.020860 0.012872
0 0.385625 0.373644 0.021895 0.021939
0 0.201016 0.232643 0.019760 0.020132
0 0.806404 0.290026 0.024180 0.024018
0 0.869605 0.727933 0.018977 0.017649
0 0.529767 0.200025 0.022636 0.020953
0 0.916839 0.733894 0.020402 0.019849
0 0.613291 0.355604 0.018586 0.021016
0 0.797223 0.387321 0.028472 0.029643
0 0.931656 0.340892 0.019298 0.017396
0 0.660174 0.146699 0.020700 0.023608
0 0.639146 0.006597 0.021582 0.013193
0 0.367381 0.838545 0.022112 0.022046
0 0.722713 0.268112 0.020074 0.020184
0 0.619404 0.631435 0.020177 0.019387
0 0.155732 0.407139 0.025586 0.023601
0 0.675150 0.079786 0.017932 0.018273
0 0.672614 0.743598 0.026218 0.025286
0 0.154372 0.524471 0.020679 0.022284
0 0.608821 0.550931 0.021956 0.022636
0 0.454095 0.261695 0.022404 0.021730
0 0.932590 0.417780 0.019393 0.018724
0 0.675452 0.962480 0.019584 0.021212
0 0.771226 0.412482 0.021170 0.020395
0 0.740358 0.285780 0.020209 0.018733
0 0.415872 0.186166 0.025155 0.025011
0 0.590871 0.290350 0.017802 0.017477
0 0.260122 0.527964 0.023871 0.029880
0 0.595684 0.559144 0.030774 0.025161
0 0.392519 0.547349 0.019880 0.018553
0 0.473762 0.034633 0.020251 0.020607
0 0.186106 0.380278 0.020423 0.021029
0 0.798964 0.608299 0.018681 0.019124
0 0.755019 0.760886 0.019917 0.019102
0 0.838069 0.794313 0.025099 0.021683
0 0.420764 0.839731 0.022917 0.026693
0 0.428775 0.362989 0.023841 0.021243
0 0.658398 0.750885 0.025292 0.023268
0 0.883144 0.513249 0.023137 0.020496
0 0.287512 0.486994 0.022020 0.021515
0 0.980409 0.367500 0.018292 0.019175
0 0.854338 0.472634 0.016337 0.015147
0 0.593049 0.930787 0.022134 0.021420
1 0.155842 0.265260 0.027893 0.029605
0 0.621657 0.031939 0.019474 0.019536
0 0.260679 0.379694 0.024291 0.028434
0 0.552606 0.190916 0.015670 0.013369
0 0.426987 0.228748 0.021564 0.020216
0 0.910629 0.440166 0.017501 0.017164
0 0.607701 0.234464 0.023797 0.023672