0 0.600056 0.680415 0.017841 0.011557
0 0.191501 0.614757 0.011858 0.008721
0 0.336816 0.564451 0.011762 0.009737
0 0.342878 0.598535 0.011481 0.009419
0 0.384805 0.654717 0.013433 0.010489
0 0.544699 0.629211 0.012958 0.008960
0 0.217416 0.468824 0.014587 0.011517
0 0.160579 0.471024 0.015328 0.013075
0 0.393926 0.292211 0.018948 0.014149
0 0.278897 0.554131 0.014354 0.012679
0 0.678486 0.609384 0.013940 0.010178
0 0.272011 0.513901 0.012831 0.008490
0 0.719303 0.547333 0.013418 0.008741
0 0.461213 0.303406 0.017673 0.013132
0 0.540082 0.397180 0.016423 0.010062
0 0.110285 0.494769 0.016337 0.011917
0 0.407066 0.544228 0.013643 0.010186
0 0.143671 0.500654 0.011833 0.008033
0 0.738414 0.456764 0.016197 0.011426
0 0.177778 0.327766 0.014407 0.012466
0 0.655358 0.542592 0.013724 0.009527
0 0.482362 0.617182 0.013526 0.009494
0 0.315060 0.648204 0.015646 0.011311
0 0.129136 0.527242 0.013945 0.010062
0 0.277481 0.619233 0.012594 0.008000
0 0.531656 0.610672 0.013690 0.008951
0 0.245181 0.541497 0.012404 0.010016
0 0.664648 0.341410 0.016331 0.013417
0 0.460890 0.546539 0.013388 0.010632
0 0.483110 0.666175 0.016354 0.012733
0 0.550334 0.551079 0.015285 0.010822
0 0.245703 0.657295 0.014323 0.007162
0 0.428627 0.515388 0.013419 0.010967
0 0.170135 0.607567 0.010802 0.009319
0 0.555937 0.593613 0.014099 0.011282
0 0.529121 0.466110 0.017514 0.011885
0 0.101411 0.470758 0.013106 0.010574
0 0.336540 0.349015 0.012706 0.011879
0 0.519290 0.415840 0.016603 0.010642
0 0.351110 0.368140 0.013903 0.010942
0 0.654220 0.472286 0.016194 0.013117
0 0.281382 0.589567 0.011369 0.010004
0 0.598439 0.511782 0.012815 0.009650
0 0.205277 0.564748 0.009910 0.007707
0 0.541009 0.691344 0.021974 0.014054
0 0.055918 0.422835 0.011990 0.010154
0 0.415203 0.481966 0.014922 0.010919
0 0.437163 0.575335 0.013598 0.010356
0 0.726962 0.503151 0.012292 0.008700
0 0.617005 0.509468 0.013024 0.009087
0 0.292599 0.637114 0.010955 0.007473
0 0.737215 0.399189 0.013678 0.010269
0 0.074898 0.454277 0.016914 0.010490
0 0.598353 0.641101 0.009855 0.008196
0 0.489241 0.309505 0.013357 0.010030
0 0.436599 0.600855 0.014215 0.010179
0 0.571232 0.382820 0.014855 0.013645
0 0.280715 0.660315 0.015003 0.008152
0 0.382958 0.568190 0.011892 0.012497
0 0.661907 0.590442 0.014040 0.009251
0 0.162234 0.368340 0.013691 0.012704
0 0.371596 0.514911 0.016266 0.012101
0 0.591177 0.464831 0.017452 0.011540
0 0.548889 0.575118 0.012440 0.009566
0 0.529168 0.366510 0.016274 0.014464
0 0.434734 0.538934 0.011869 0.010440
0 0.390631 0.626901 0.014699 0.010899
0 0.371438 0.612896 0.011577 0.007814
0 0.470104 0.690694 0.015773 0.012439
0 0.300224 0.354869 0.012216 0.010897
0 0.397352 0.705747 0.025273 0.018228
0 0.506257 0.449005 0.017307 0.010868
0 0.440087 0.623128 0.012645 0.008634
0 0.386678 0.419136 0.019286 0.012676
0 0.648661 0.620581 0.011855 0.008837
0 0.646541 0.644607 0.015618 0.011117
0 0.681355 0.638666 0.011197 0.007478
0 0.456953 0.562073 0.012083 0.008275
0 0.179599 0.479214 0.012859 0.011901
0 0.783477 0.441980 0.013002 0.013252
0 0.391684 0.389579 0.018647 0.013442
0 0.431375 0.682961 0.015034 0.012266
0 0.228513 0.450083 0.014639 0.010618
0 0.128730 0.579590 0.011166 0.007697
0 0.253410 0.633093 0.012793 0.009388
0 0.342029 0.683411 0.017778 0.010284
0 0.494710 0.566118 0.011830 0.010783
0 0.545602 0.657874 0.015180 0.013055
0 0.689383 0.475109 0.020152 0.011835
0 0.465747 0.362952 0.022318 0.014982
0 0.427545 0.348366 0.014869 0.010695
0 0.319338 0.586018 0.011547 0.009242
0 0.351186 0.629052 0.011676 0.009178
0 0.653669 0.526427 0.010902 0.008361
0 0.227340 0.525551 0.015231 0.010593
0 0.583609 0.586157 0.014141 0.011694
0 0.316762 0.538306 0.020294 0.014331
0 0.781281 0.482562 0.014237 0.008551
0 0.605329 0.597939 0.009507 0.007603
0 0.529887 0.534573 0.013873 0.010467
0 0.402317 0.400899 0.016874 0.014627
0 0.590011 0.239669 0.012550 0.011274
0 0.647477 0.401400 0.014043 0.011928
0 0.298350 0.385256 0.015926 0.012990
0 0.232100 0.520329 0.014592 0.010852
0 0.435655 0.535236 0.012363 0.011808
0 0.134744 0.414693 0.013325 0.010066
0 0.505488 0.595160 0.015358 0.011987
0 0.611872 0.466971 0.013894 0.010674
0 0.708467 0.560093 0.013258 0.006885
0 0.489351 0.530893 0.016530 0.012772
0 0.623412 0.622727 0.012345 0.008033
0 0.343138 0.514962 0.014619 0.013422
0 0.627769 0.388561 0.015025 0.012092
0 0.768879 0.406705 0.013850 0.011633
0 0.190132 0.549645 0.014899 0.007850
0 0.207889 0.523152 0.014344 0.007774
0 0.569923 0.571902 0.014184 0.010045
0 0.227084 0.421596 0.017330 0.013098
0 0.362302 0.497275 0.016030 0.012241
0 0.187760 0.519212 0.012812 0.012374
0 0.697913 0.489252 0.015174 0.007792
0 0.362907 0.692397 0.015448 0.014304
0 0.342715 0.509392 0.015727 0.012873
0 0.181848 0.539041 0.011858 0.009673
0 0.218636 0.604654 0.011646 0.008852
0 0.561933 0.441843 0.016024 0.011520
0 0.192051 0.515103 0.013965 0.011277
0 0.500950 0.491019 0.015153 0.011693
0 0.463038 0.632400 0.012107 0.009382
0 0.309301 0.614058 0.013446 0.008631
0 0.456666 0.612444 0.014047 0.011009
0 0.165287 0.590232 0.010831 0.009284
0 0.379564 0.456926 0.016978 0.013211
0 0.684145 0.521875 0.012051 0.011184
0 0.785682 0.438147 0.011909 0.012151
0 0.644666 0.501786 0.014587 0.013787
0 0.234654 0.673602 0.010476 0.006675
0 0.638328 0.578911 0.011196 0.010475
0 0.392743 0.447653 0.022493 0.012913
0 0.656249 0.425439 0.018358 0.013009
0 0.419005 0.415148 0.016628 0.011648
0 0.298958 0.516301 0.013755 0.012610
0 0.350421 0.540921 0.014983 0.011456
0 0.544308 0.666426 0.020416 0.015388
0 0.709554 0.477480 0.017196 0.009739
0 0.458063 0.658233 0.015057 0.011061
0 0.407851 0.675666 0.015666 0.011724
0 0.342826 0.427897 0.015323 0.010516
0 0.252464 0.569590 0.017276 0.011451
0 0.504724 0.590811 0.011752 0.010405
0 0.685814 0.433257 0.015860 0.013455
0 0.306241 0.588997 0.016571 0.009261
0 0.540656 0.490461 0.012837 0.008457
0 0.435335 0.530123 0.010770 0.011875
0 0.361157 0.391403 0.017051 0.011133
0 0.645532 0.497737 0.019568 0.014193
0 0.520056 0.382416 0.014274 0.012853
0 0.373697 0.352085 0.019715 0.015500
0 0.442510 0.466714 0.019633 0.013050
0 0.138048 0.391466 0.012539 0.008091
0 0.212395 0.490764 0.013751 0.010989