1 0.358755 0.473485 0.043587 0.039166
1 0.505741 0.722932 0.058592 0.054528
1 0.453540 0.668153 0.052739 0.033361
1 0.721510 0.769894 0.045028 0.033928
1 0.378406 0.670157 0.046560 0.033797
1 0.236366 0.368183 0.048985 0.034001
0 0.402911 0.776834 0.016499 0.011123
1 0.265251 0.452553 0.046211 0.030495
1 0.166940 0.409325 0.071946 0.046639
0 0.656667 0.717159 0.017502 0.010738
0 0.498480 0.548383 0.016503 0.012030
1 0.240010 0.556770 0.038104 0.028775
0 0.606791 0.571441 0.014429 0.011129
1 0.371787 0.389646 0.074149 0.025797
0 0.538789 0.381873 0.022067 0.015742
0 0.493707 0.478081 0.017341 0.011283
0 0.400960 0.726709 0.016504 0.010348
0 0.550062 0.410838 0.022317 0.015455
0 0.462977 0.799600 0.015804 0.011732
0 0.332624 0.716727 0.016811 0.010766
0 0.420596 0.555973 0.017213 0.012338
0 0.477410 0.852091 0.018095 0.011658
0 0.150325 0.465049 0.018209 0.012818
0 0.513505 0.347788 0.019015 0.013793
0 0.428574 0.685214 0.016037 0.010171
0 0.339523 0.598001 0.014957 0.011135
0 0.509094 0.855012 0.016379 0.011032
0 0.613284 0.537194 0.017406 0.011370
0 0.131866 0.663963 0.013406 0.009417
0 0.212672 0.752503 0.015076 0.010052
0 0.291997 0.572790 0.017503 0.012188
0 0.454028 0.871761 0.017458 0.012713
0 0.088289 0.503259 0.014732 0.009817
0 0.567695 0.710479 0.016595 0.011938
0 0.316443 0.736067 0.017121 0.011870
0 0.303685 0.666157 0.014836 0.009830
0 0.622748 0.487494 0.018334 0.012671
0 0.588323 0.630727 0.020475 0.014181
0 0.617706 0.588089 0.014465 0.009709
0 0.548905 0.873506 0.023169 0.013866
0 0.654205 0.515406 0.014926 0.009555
0 0.622232 0.431419 0.018788 0.014188
0 0.583282 0.553551 0.015204 0.010329
0 0.106177 0.747383 0.013886 0.010330
0 0.156957 0.684548 0.015215 0.009525
0 0.526899 0.819284 0.018638 0.014859
0 0.268532 0.596284 0.018944 0.014418
0 0.644746 0.543249 0.013728 0.009878
0 0.086947 0.568993 0.013657 0.010509
0 0.735036 0.467143 0.019108 0.014788
0 0.111688 0.595823 0.014726 0.009982
0 0.040742 0.490455 0.026391 0.016010
0 0.616459 0.697574 0.015080 0.010915
0 0.489667 0.400752 0.015497 0.010021
0 0.364878 0.431982 0.019054 0.013387
0 0.478841 0.375136 0.015648 0.010103
0 0.455598 0.495966 0.015993 0.011529
0 0.650745 0.807785 0.014885 0.010487
0 0.536218 0.447673 0.015058 0.011395
0 0.641110 0.391727 0.020048 0.014467
0 0.223655 0.664979 0.018101 0.011170
0 0.293667 0.684920 0.016011 0.011277
0 0.573249 0.653381 0.016711 0.010771
0 0.546382 0.554067 0.021725 0.012250
0 0.326664 0.534474 0.018086 0.012613
0 0.487074 0.336314 0.018812 0.013831
0 0.559012 0.764638 0.013683 0.009362
0 0.672410 0.546627 0.014100 0.009658
0 0.138877 0.689923 0.013794 0.008546
0 0.658849 0.419067 0.016651 0.011674
0 0.215172 0.508666 0.020221 0.014117
0 0.252944 0.696255 0.014429 0.009696
0 0.325719 0.650578 0.015980 0.010002
0 0.421640 0.480177 0.014225 0.010230
0 0.677826 0.407537 0.018686 0.013181
0 0.330875 0.695216 0.013678 0.008763
0 0.417576 0.535564 0.017013 0.012985
0 0.358000 0.702740 0.014809 0.010063
0 0.199368 0.658378 0.014557 0.010145
0 0.481328 0.504707 0.015519 0.011215
0 0.164005 0.480179 0.016655 0.010672
0 0.396796 0.639837 0.015353 0.010700
0 0.176915 0.580876 0.016050 0.010333
0 0.589663 0.865999 0.017690 0.011775
0 0.716542 0.646481 0.013002 0.009979
0 0.343696 0.341728 0.017665 0.011730
0 0.561369 0.451653 0.015480 0.010846
0 0.629530 0.647648 0.018632 0.011761
0 0.410048 0.702557 0.013384 0.009230
0 0.181344 0.846824 0.013593 0.009850
0 0.696507 0.475466 0.015387 0.010798
0 0.643568 0.560864 0.013683 0.009137
0 0.504966 0.608137 0.014094 0.011059
0 0.178379 0.437458 0.016721 0.011000
0 0.606853 0.665236 0.014582 0.012908
0 0.464094 0.520048 0.019165 0.014028
0 0.588105 0.803171 0.016758 0.011362
0 0.357963 0.640541 0.015017 0.010342
0 0.711550 0.437560 0.020128 0.011747
0 0.729412 0.498979 0.015761 0.011282
0 0.683280 0.490385 0.014230 0.009673
0 0.378451 0.523667 0.016399 0.010859
0 0.402216 0.495683 0.015448 0.010586
0 0.155912 0.542781 0.015722 0.010501
0 0.240493 0.784358 0.013620 0.009506
0 0.356166 0.845682 0.016445 0.012877
0 0.606006 0.727903 0.013091 0.009002
0 0.048521 0.640008 0.013578 0.009144
0 0.448827 0.733794 0.012591 0.008409
0 0.522439 0.484609 0.014293 0.010002
0 0.388278 0.815332 0.013865 0.009157
0 0.128719 0.455465 0.015394 0.011073
0 0.671104 0.759032 0.014059 0.009283
0 0.631007 0.737301 0.016849 0.010225
0 0.215782 0.411511 0.014021 0.009181
0 0.037922 0.659905 0.012829 0.008589
0 0.103492 0.463804 0.016289 0.010978
0 0.672134 0.438089 0.016912 0.010922
0 0.244245 0.404774 0.018848 0.013169
0 0.709659 0.675755 0.017996 0.012640
0 0.310682 0.848721 0.016382 0.010302
0 0.364861 0.597403 0.016698 0.011699
0 0.453320 0.712821 0.016308 0.010635
0 0.321877 0.468921 0.013618 0.009130
0 0.700409 0.513301 0.014122 0.009514
0 0.615148 0.515557 0.017955 0.009471
0 0.177511 0.548928 0.013573 0.008634
0 0.182491 0.668821 0.016739 0.010312
0 0.641110 0.496917 0.014734 0.010311
0 0.211296 0.849268 0.015178 0.010818
0 0.403891 0.748571 0.017794 0.012324
0 0.586518 0.448215 0.015652 0.009977
0 0.687116 0.609165 0.018929 0.013812
0 0.716903 0.582777 0.017896 0.013721
0 0.572106 0.833371 0.014624 0.009719
0 0.603348 0.604500 0.013635 0.009016
0 0.144515 0.607090 0.014823 0.010434
0 0.441018 0.406399 0.023966 0.018581
0 0.340847 0.430764 0.014874 0.009647
0 0.604340 0.751817 0.014531 0.011171
0 0.189218 0.617627 0.015343 0.013716
0 0.281487 0.540680 0.013307 0.008719
0 0.544983 0.733346 0.014239 0.009731
0 0.186349 0.872835 0.019210 0.013716
0 0.329673 0.876842 0.016904 0.010328
0 0.277195 0.682065 0.017052 0.009328
0 0.280795 0.887695 0.019981 0.011469
0 0.663810 0.788662 0.016670 0.009378
0 0.517801 0.794831 0.013226 0.009541
0 0.268347 0.851639 0.016003 0.009770
0 0.687125 0.647263 0.014214 0.009567
0 0.671913 0.816514 0.014689 0.009761
0 0.107438 0.629439 0.024559 0.015673
0 0.190210 0.513267 0.016755 0.013216
0 0.409885 0.442260 0.013872 0.009503
0 0.497957 0.885074 0.017465 0.012665
0 0.320785 0.438793 0.013879 0.009484
0 0.129018 0.723337 0.013222 0.008437
0 0.059497 0.533673 0.016457 0.013525
0 0.442304 0.528461 0.016639 0.009889
0 0.269742 0.522662 0.013656 0.009722
0 0.075297 0.713043 0.021491 0.013562
0 0.446745 0.417930 0.018739 0.011403
0 0.297005 0.863390 0.017042 0.013213
0 0.533514 0.802190 0.015165 0.009112
0 0.437633 0.435116 0.014606 0.009578
0 0.063208 0.584892 0.015711 0.008745
0 0.310579 0.412194 0.015519 0.009034
0 0.294573 0.383720 0.013587 0.009001
0 0.253608 0.755069 0.020433 0.011010
0 0.703015 0.544076 0.013383 0.007486
0 0.552490 0.493994 0.026309 0.014547
0 0.419618 0.521552 0.013339 0.009583
0 0.075054 0.441370 0.018745 0.012065
0 0.471862 0.596629 0.013789 0.009859
0 0.597344 0.525446 0.013186 0.008559
0 0.368323 0.909806 0.021876 0.017295
0 0.184467 0.801789 0.016354 0.012907
0 0.231235 0.486519 0.017798 0.012309
0 0.460761 0.567736 0.014543 0.010107
0 0.644509 0.619805 0.021544 0.013859
0 0.221362 0.439423 0.013170 0.008702
0 0.216479 0.473966 0.019061 0.015624
0 0.377534 0.549707 0.018965 0.012965
0 0.062905 0.672383 0.016397 0.010634
0 0.683026 0.576406 0.014122 0.007952
0 0.188581 0.628160 0.013763 0.009300
0 0.118831 0.568326 0.018321 0.011360
0 0.386890 0.490382 0.013275 0.008138
0 0.105451 0.702322 0.012695 0.008390
0 0.208269 0.813073 0.015635 0.010269
0 0.403278 0.920663 0.029459 0.018426
0 0.578099 0.756743 0.013943 0.008461
0 0.267174 0.419263 0.014325 0.014212
0 0.412704 0.420840 0.015192 0.009246
0 0.443337 0.913242 0.021018 0.012904
0 0.754291 0.621107 0.014300 0.011840
0 0.654029 0.682422 0.012816 0.008988
0 0.362494 0.546430 0.015918 0.010948
0 0.689292 0.801172 0.014292 0.009045
0 0.238599 0.837190 0.013794 0.008841
0 0.234447 0.727137 0.012740 0.008881
0 0.167571 0.517110 0.014125 0.008106
0 0.546459 0.847452 0.014095 0.009644
0 0.600304 0.467431 0.018524 0.010850
0 0.398209 0.521457 0.019078 0.008839
0 0.603759 0.724421 0.016165 0.009976
0 0.526649 0.500601 0.023051 0.011387
0 0.179063 0.739358 0.014155 0.009611
0 0.443544 0.464858 0.022617 0.017347
0 0.337532 0.542394 0.018773 0.012506
0 0.752012 0.524768 0.022128 0.015132
0 0.321475 0.507695 0.014218 0.010610
0 0.550274 0.823584 0.016257 0.014118
0 0.045231 0.720254 0.015130 0.009856
0 0.292206 0.430363 0.014812 0.010156
0 0.688490 0.674941 0.014500 0.009953
0 0.421224 0.742034 0.014179 0.009042
0 0.589431 0.721188 0.014627 0.008830
0 0.028049 0.514706 0.023050 0.013170
0 0.465289 0.477596 0.016220 0.012731
0 0.228089 0.574680 0.020342 0.010301
0 0.267865 0.413432 0.014979 0.012594
0 0.478279 0.821095 0.013415 0.008075
0 0.570522 0.677423 0.013667 0.008448
0 0.156095 0.735785 0.018476 0.010161
0 0.238479 0.869378 0.018407 0.011479
0 0.275735 0.870141 0.019884 0.011460
0 0.178612 0.489793 0.013024 0.009063
0 0.721576 0.554132 0.015174 0.011306
0 0.701274 0.437394 0.020856 0.010243
0 0.008917 0.555132 0.016672 0.013264
0 0.176374 0.765946 0.012829 0.008520
0 0.350932 0.668560 0.013032 0.007987
0 0.344591 0.748133 0.013783 0.009933
0 0.662210 0.741811 0.013116 0.009854
0 0.187973 0.670221 0.016596 0.008151
0 0.604829 0.500127 0.013294 0.008633
0 0.732229 0.482111 0.015594 0.011845
1 0.393448 0.307018 0.033901 0.019069