1 0.426524 0.479929 0.039913 0.052901
0 0.404509 0.573630 0.016101 0.020966
0 0.366588 0.586622 0.018813 0.023654
0 0.287378 0.555732 0.016123 0.019794
0 0.229456 0.683968 0.021519 0.028736
0 0.397689 0.861725 0.020417 0.026797
0 0.410436 0.357114 0.021785 0.028114
0 0.338245 0.549829 0.015587 0.020476
0 0.529801 0.545245 0.015602 0.020698
0 0.436055 0.647406 0.018077 0.023580
0 0.310427 0.605695 0.017991 0.023040
0 0.377726 0.539037 0.014493 0.017864
0 0.469634 0.691787 0.017992 0.024176
1 0.408605 0.272039 0.031375 0.047418
1 0.180121 0.793256 0.038817 0.049336
0 0.396590 0.693900 0.018883 0.024341
0 0.461138 0.650008 0.017033 0.018880
0 0.372557 0.440141 0.014566 0.017719
0 0.400133 0.774771 0.016346 0.019758
0 0.349527 0.485966 0.017375 0.019636
0 0.552237 0.634947 0.014200 0.019081
0 0.154571 0.670124 0.016141 0.019486
0 0.567085 0.652924 0.014605 0.018610
1 0.159430 0.593801 0.035784 0.048792
0 0.345969 0.422990 0.024698 0.027867
0 0.494314 0.534066 0.015365 0.019854
0 0.609299 0.380288 0.013985 0.018612
0 0.183854 0.439936 0.018539 0.021836
0 0.229708 0.453504 0.015779 0.019568
0 0.542606 0.386280 0.014962 0.018847
0 0.209326 0.408897 0.014655 0.017936
0 0.596469 0.589872 0.016955 0.019903
0 0.620517 0.516301 0.013182 0.015146
0 0.277681 0.654522 0.014194 0.018052
0 0.392378 0.607086 0.016057 0.018107
0 0.160312 0.756388 0.020485 0.021951
0 0.493990 0.849702 0.013343 0.016347
0 0.520220 0.623120 0.014240 0.017481
0 0.546731 0.537269 0.015227 0.019007
0 0.151964 0.632301 0.025378 0.028930