1 0.230638 0.515791 0.053978 0.039810
0 0.539394 0.683127 0.017064 0.011845
0 0.323112 0.652289 0.017249 0.011058
0 0.621449 0.421594 0.020281 0.016240
0 0.871818 0.672104 0.018073 0.012231
0 0.319673 0.741193 0.019617 0.012837
0 0.554479 0.630072 0.017269 0.011978
0 0.706458 0.607070 0.018739 0.013078
0 0.501744 0.451883 0.020352 0.013794
0 0.667718 0.690022 0.018256 0.012229
0 0.559969 0.449180 0.020617 0.014934
0 0.846464 0.703194 0.019346 0.013286
0 0.720735 0.374358 0.023753 0.017018
0 0.903503 0.493276 0.019556 0.014227
0 0.475451 0.489662 0.021731 0.014972
0 0.604115 0.629713 0.018162 0.012627
0 0.250027 0.644714 0.016637 0.011747
0 0.793609 0.595496 0.018221 0.012704
0 0.804533 0.720541 0.018812 0.013093
0 0.839927 0.660101 0.018318 0.012579
0 0.629523 0.615739 0.017365 0.011796
0 0.481876 0.574774 0.019177 0.012658
0 0.764807 0.438634 0.021925 0.014684
0 0.929226 0.519238 0.020106 0.015222
0 0.592629 0.683781 0.018555 0.012647
0 0.296961 0.665401 0.015129 0.011405
0 0.809718 0.750406 0.020715 0.014241
0 0.746559 0.605064 0.017424 0.011862
0 0.328254 0.714001 0.016808 0.010628
0 0.576607 0.573389 0.018844 0.013545
0 0.480050 0.652586 0.016370 0.010414
0 0.621914 0.688436 0.016573 0.010906
0 0.822509 0.671800 0.016266 0.010710
0 0.721613 0.636306 0.018818 0.013171
0 0.556801 0.670038 0.016941 0.011003
0 0.470697 0.525178 0.018637 0.013275
0 0.464739 0.436806 0.020516 0.016775
0 0.573873 0.539148 0.019666 0.012767
0 0.776954 0.730042 0.020248 0.015430
0 0.591132 0.741322 0.019290 0.013622
0 0.816492 0.590640 0.019579 0.013136
0 0.777214 0.610059 0.017187 0.011709
0 0.494930 0.635163 0.017010 0.012095
0 0.475420 0.682201 0.016348 0.011730
0 0.396323 0.450275 0.018096 0.012206
0 0.746887 0.532433 0.018735 0.013057
0 0.414163 0.682978 0.018028 0.011840
0 0.522660 0.565154 0.021365 0.013918
0 0.879002 0.445668 0.018927 0.013025
0 0.287034 0.628388 0.014688 0.009278
0 0.757716 0.663906 0.017031 0.011604
0 0.747644 0.453815 0.019498 0.013373
0 0.577814 0.708926 0.020291 0.013095
0 0.351462 0.492457 0.017690 0.011836
0 0.431354 0.578860 0.018556 0.013064
0 0.575987 0.640068 0.018261 0.012300
0 0.405535 0.383919 0.019599 0.014429
0 0.310073 0.536407 0.019804 0.014699
0 0.810953 0.650243 0.016696 0.010769
0 0.656122 0.755724 0.019248 0.012486
0 0.316452 0.583459 0.015895 0.010890
0 0.295204 0.591756 0.016842 0.011379
0 0.805168 0.407297 0.017659 0.013647
0 0.431759 0.617765 0.016344 0.011289
0 0.425174 0.559595 0.018352 0.011778
0 0.828951 0.462346 0.019430 0.013078
0 0.397182 0.609765 0.018107 0.012609
0 0.307319 0.684689 0.016429 0.010790
0 0.407916 0.531934 0.020323 0.013781
0 0.746386 0.687453 0.021995 0.013969
0 0.377843 0.785104 0.017446 0.011998
0 0.270415 0.658199 0.015748 0.010611
0 0.694692 0.741398 0.021420 0.016249
0 0.563847 0.931120 0.025349 0.018599
0 0.374006 0.423163 0.017738 0.011818
0 0.604828 0.574919 0.017762 0.012252
0 0.806328 0.544824 0.018424 0.012884
0 0.511961 0.912788 0.028490 0.020180
0 0.603479 0.720237 0.016417 0.010822
0 0.716495 0.717521 0.019969 0.014567
0 0.335619 0.677613 0.016273 0.010672
0 0.432104 0.479773 0.016530 0.010859
0 0.431604 0.689674 0.017944 0.011163
0 0.490765 0.691209 0.016867 0.010879
0 0.412075 0.473435 0.017070 0.011677
0 0.620204 0.722599 0.017570 0.011894
0 0.231259 0.576305 0.015608 0.010141
0 0.442006 0.538456 0.017693 0.011929
0 0.676354 0.637676 0.018210 0.015353
0 0.267051 0.603907 0.015563 0.010918
0 0.289977 0.747597 0.014502 0.010692
0 0.595952 0.594130 0.022768 0.012249
0 0.283536 0.555926 0.020613 0.014086
0 0.329885 0.421456 0.019573 0.014455
0 0.396715 0.504966 0.015407 0.010687
0 0.902832 0.694988 0.017480 0.011776
0 0.901030 0.666945 0.015752 0.011070
0 0.343059 0.659109 0.014961 0.010305
0 0.323283 0.560560 0.014641 0.010211
0 0.872306 0.627486 0.020446 0.011724
0 0.378323 0.548048 0.016307 0.009768
0 0.279699 0.693035 0.020034 0.012658
0 0.386816 0.664437 0.016246 0.010521
0 0.676814 0.727976 0.016837 0.010410
0 0.471197 0.620961 0.018508 0.012234
0 0.405172 0.855426 0.020351 0.015057
0 0.678961 0.396074 0.021269 0.016871
0 0.417546 0.632827 0.015735 0.011016
0 0.484992 0.555642 0.016724 0.010914
0 0.349335 0.437710 0.017790 0.012930
0 0.458928 0.554573 0.019279 0.010955
0 0.497108 0.412778 0.018438 0.011801
0 0.612964 0.596226 0.019001 0.010943
0 0.947153 0.577832 0.018098 0.012933
0 0.368802 0.612285 0.015819 0.010643
0 0.904389 0.597338 0.019328 0.012022
0 0.666715 0.774462 0.024362 0.016088
0 0.555629 0.556506 0.020793 0.013723
0 0.248285 0.668977 0.014237 0.009711
0 0.810269 0.633925 0.017544 0.011826
0 0.364811 0.733461 0.016317 0.011201
0 0.336818 0.759844 0.017892 0.011629
0 0.747935 0.635155 0.016440 0.011029
0 0.799559 0.614365 0.016918 0.010354
0 0.490975 0.744894 0.026879 0.021340
0 0.524476 0.428267 0.016161 0.010431
0 0.423220 0.416857 0.019206 0.015424
0 0.367440 0.593696 0.016369 0.012425
0 0.369984 0.571861 0.017128 0.015175
0 0.550276 0.591543 0.016287 0.010330
0 0.408904 0.426711 0.019153 0.012406
0 0.846080 0.416435 0.018030 0.012394
0 0.377333 0.498040 0.015345 0.010815
0 0.274101 0.531104 0.015938 0.011090
0 0.891516 0.619466 0.014973 0.010018
0 0.886886 0.654177 0.020741 0.011730
0 0.189620 0.620485 0.016872 0.012441
0 0.597622 0.464319 0.022555 0.015010
0 0.189953 0.638522 0.014581 0.009877
0 0.789862 0.628100 0.016609 0.009167
0 0.449537 0.402047 0.024195 0.015973
0 0.644688 0.640830 0.020858 0.012567
0 0.931004 0.616873 0.014806 0.010051
0 0.395491 0.654706 0.015527 0.010151
0 0.886334 0.466867 0.023294 0.013293
0 0.207306 0.547081 0.015509 0.010292
0 0.898728 0.465150 0.022930 0.013272
0 0.377240 0.381658 0.015827 0.011511
0 0.231870 0.731018 0.015946 0.011165
0 0.332298 0.401515 0.019950 0.013049
0 0.525173 0.348135 0.019597 0.014389
0 0.530331 0.698147 0.016184 0.009785
0 0.308337 0.827802 0.015973 0.010472
0 0.345269 0.510184 0.016603 0.012510
0 0.276121 0.779696 0.016466 0.010443
0 0.821785 0.430054 0.028714 0.012096
0 0.495167 0.751675 0.021669 0.011622
0 0.364739 0.598404 0.015946 0.013821
0 0.451470 0.804826 0.025519 0.018325
0 0.415030 0.421878 0.026821 0.020902
0 0.612742 0.720741 0.030636 0.012281
0 0.297884 0.413073 0.019894 0.013418
0 0.642145 0.382350 0.017578 0.018885
0 0.676268 0.646013 0.016711 0.011151
0 0.540482 0.917103 0.019651 0.013270
0 0.801128 0.593982 0.036683 0.016074
0 0.457425 0.623442 0.016400 0.010115
0 0.245753 0.696818 0.013838 0.008383