1 0.565882 0.904076 0.059055 0.038571
0 0.816368 0.710768 0.025709 0.018553
0 0.585498 0.785873 0.026710 0.020437
0 0.379153 0.518312 0.028679 0.019019
0 0.601749 0.439478 0.032794 0.022005
0 0.604554 0.733266 0.028205 0.020788
0 0.518024 0.808309 0.025996 0.019227
0 0.338130 0.458686 0.025411 0.019610
0 0.298680 0.708382 0.025865 0.018837
0 0.330522 0.808484 0.025914 0.017809
0 0.284486 0.768421 0.021204 0.014602
0 0.838744 0.641958 0.028771 0.020822
0 0.464940 0.615229 0.035136 0.023298
0 0.706491 0.798441 0.027946 0.021078
0 0.249916 0.729836 0.020753 0.013898
0 0.394451 0.559919 0.032357 0.021386
0 0.788870 0.459590 0.035360 0.025896
0 0.262063 0.625041 0.026161 0.018514
0 0.428328 0.733498 0.027489 0.018425
0 0.540588 0.942855 0.026109 0.019873
0 0.917792 0.664971 0.023659 0.015990
0 0.607142 0.392878 0.021483 0.015743
0 0.860259 0.544711 0.027954 0.021495
0 0.654001 0.583125 0.033376 0.025677
0 0.719682 0.461354 0.021700 0.016331
0 0.407308 0.853699 0.033372 0.022697
0 0.401940 0.752940 0.028861 0.019117
0 0.705677 0.568974 0.026956 0.017950
0 0.692100 0.962616 0.024744 0.018161
0 0.850060 0.737071 0.028655 0.019489
0 0.489892 0.939215 0.025769 0.018829
0 0.268635 0.649430 0.026390 0.016828
0 0.755402 0.573792 0.034822 0.025431
0 0.889821 0.746861 0.019828 0.014132
0 0.323827 0.683638 0.019448 0.014862
1 0.958240 0.761510 0.047197 0.027990
0 0.482054 0.717324 0.022694 0.014125
0 0.222845 0.728582 0.019755 0.014724
0 0.710847 0.687223 0.021895 0.015603
0 0.442366 0.428568 0.020086 0.014469
0 0.660860 0.502554 0.021575 0.014850
0 0.592199 0.547670 0.018819 0.014014
0 0.699180 0.426983 0.020391 0.014482
0 0.433945 0.616572 0.023859 0.015122
0 0.968661 0.637180 0.024976 0.018827
0 0.680442 0.541457 0.020370 0.013512
0 0.302398 0.658952 0.021286 0.013918
0 0.180443 0.596552 0.018892 0.014147
0 0.929099 0.524073 0.023976 0.017470
0 0.936548 0.739082 0.019288 0.012352