0 0.299772 0.707742 0.014419 0.016893
0 0.365651 0.291128 0.015609 0.020537
0 0.214620 0.573961 0.013972 0.017824
0 0.586098 0.537585 0.016680 0.020536
0 0.502643 0.636809 0.017859 0.023960
0 0.539387 0.461233 0.015838 0.021695
0 0.314613 0.446040 0.014989 0.019869
1 0.244193 0.378479 0.036382 0.045380
0 0.147719 0.660582 0.013681 0.016553
0 0.329571 0.814219 0.015152 0.020319
0 0.226968 0.627737 0.015376 0.019832
0 0.429063 0.280238 0.014795 0.020709
0 0.322028 0.900789 0.016730 0.021561
0 0.369522 0.523660 0.015073 0.018940
0 0.298215 0.273229 0.014972 0.018451
0 0.334307 0.475570 0.014325 0.017032
0 0.278846 0.845531 0.014660 0.018598
0 0.354527 0.392080 0.014430 0.018622
0 0.542885 0.583445 0.017016 0.022924
0 0.415377 0.712141 0.014573 0.018821
0 0.415269 0.782015 0.014363 0.017501
0 0.265836 0.813915 0.014526 0.020066
0 0.402428 0.603164 0.014574 0.017444
0 0.315890 0.584495 0.014303 0.017486
0 0.501964 0.429673 0.014953 0.020218
0 0.286707 0.893189 0.016079 0.020415
0 0.629980 0.447195 0.015543 0.020720
0 0.630212 0.521232 0.014234 0.018360
0 0.262796 0.601930 0.015878 0.019109
0 0.340761 0.681875 0.013648 0.016384
0 0.362322 0.630150 0.014229 0.019305
0 0.185615 0.616614 0.014347 0.018279
0 0.209698 0.483732 0.014425 0.016789
0 0.317759 0.344879 0.016929 0.022117
0 0.232275 0.494957 0.014884 0.019669
0 0.421532 0.513751 0.014969 0.019100
0 0.373683 0.690575 0.013706 0.016593
0 0.256027 0.493721 0.016624 0.019640
0 0.455252 0.259244 0.014002 0.017674
0 0.451479 0.437483 0.018638 0.023011
0 0.472332 0.709094 0.014616 0.017952
0 0.348358 0.647300 0.013892 0.018646
0 0.363660 0.669639 0.013985 0.016498
0 0.192569 0.448309 0.013822 0.017197
0 0.578714 0.635406 0.013483 0.015727
0 0.459718 0.934199 0.017702 0.021543
0 0.300290 0.630689 0.014367 0.019090
0 0.240915 0.782402 0.014736 0.018800
0 0.448129 0.694363 0.014989 0.017369
0 0.348504 0.715632 0.014876 0.018502
0 0.372533 0.897749 0.016435 0.021489
0 0.505989 0.769177 0.014761 0.019105
0 0.130126 0.599935 0.014283 0.017442
0 0.194075 0.830306 0.014695 0.018169
0 0.202611 0.549367 0.014457 0.017962
0 0.432576 0.645417 0.014750 0.018363
0 0.220610 0.313371 0.014559 0.018584
0 0.358678 0.430025 0.016157 0.019017
0 0.580814 0.331455 0.013652 0.017309
0 0.466183 0.679797 0.014588 0.019198
0 0.139666 0.475290 0.014507 0.018034
0 0.463041 0.838415 0.015658 0.018396
0 0.554833 0.834573 0.014003 0.016150
0 0.200413 0.709585 0.012260 0.015574
0 0.518617 0.574602 0.012838 0.015704
0 0.271780 0.478212 0.013456 0.016770
0 0.559537 0.307540 0.015201 0.018695
0 0.570497 0.697898 0.018730 0.022136
0 0.446669 0.515921 0.013778 0.017389
0 0.340941 0.569360 0.015697 0.019101
0 0.609523 0.367939 0.016082 0.018497
0 0.374924 0.193689 0.013581 0.017747
0 0.152188 0.686427 0.012852 0.013713
0 0.629450 0.622983 0.014045 0.017823
0 0.645988 0.512052 0.015736 0.019030
0 0.430903 0.932220 0.014574 0.018751
0 0.264750 0.413453 0.012871 0.015982
0 0.280183 0.432906 0.019652 0.018813
0 0.449049 0.343713 0.014604 0.019155
0 0.290241 0.434605 0.017232 0.019065
0 0.448364 0.726472 0.013197 0.015253
0 0.427675 0.459635 0.015894 0.019651
0 0.358055 0.863758 0.015794 0.019183
0 0.414754 0.333408 0.012451 0.016948
0 0.351753 0.552800 0.014364 0.015459
0 0.474470 0.252847 0.014067 0.017032
0 0.438334 0.482809 0.015355 0.018418
0 0.409112 0.968178 0.017784 0.023133
0 0.516145 0.786325 0.012673 0.013929
0 0.552019 0.734313 0.015005 0.015847
0 0.394450 0.485575 0.014009 0.018119
0 0.384480 0.735871 0.012947 0.015447