1 0.068503 0.886820 0.057336 0.048120
1 0.221879 0.730429 0.051447 0.036867
1 0.142797 0.833349 0.056405 0.039454
0 0.467196 0.505217 0.017981 0.012311
0 0.239016 0.506304 0.018757 0.012726
0 0.564983 0.776168 0.016086 0.011039
0 0.539609 0.866122 0.017539 0.012497
0 0.249644 0.472769 0.018310 0.012977
1 0.203442 0.446516 0.049456 0.037717
0 0.589345 0.905026 0.018561 0.011700
0 0.302252 0.607733 0.017324 0.011989
0 0.596347 0.842477 0.016398 0.011116
0 0.267946 0.623212 0.017207 0.012642
0 0.482666 0.765691 0.016915 0.012065
0 0.429009 0.832861 0.015616 0.010403
1 0.572869 0.498127 0.046868 0.030089
0 0.439203 0.558074 0.017947 0.012503
0 0.167025 0.610346 0.018726 0.013173
0 0.354603 0.517920 0.019977 0.012016
0 0.129910 0.459967 0.018863 0.014191
0 0.587791 0.720513 0.014717 0.011971
0 0.450080 0.449072 0.017622 0.013366
0 0.325393 0.605255 0.016659 0.012082
0 0.519204 0.735651 0.018499 0.013756
0 0.338769 0.821523 0.014056 0.009991
0 0.573291 0.882175 0.015973 0.010568
0 0.246609 0.429793 0.015923 0.011347
0 0.295297 0.580093 0.018218 0.011425
0 0.411219 0.471297 0.016802 0.011101
0 0.298955 0.496908 0.016928 0.012427
0 0.485761 0.859809 0.016350 0.010999
0 0.365659 0.909295 0.018005 0.013347
0 0.428119 0.585815 0.018655 0.012974
0 0.366396 0.447701 0.018552 0.013731
0 0.536412 0.608315 0.018003 0.013705
0 0.551469 0.678918 0.018424 0.011784
0 0.138017 0.651842 0.018570 0.013289
0 0.539041 0.566953 0.016221 0.010080
0 0.419313 0.865142 0.014822 0.009544
0 0.646329 0.665557 0.016137 0.010514
1 0.638945 0.486791 0.074048 0.043069
0 0.146239 0.574008 0.019832 0.014711
0 0.213914 0.577317 0.020289 0.012839
0 0.099781 0.523743 0.017896 0.013088
0 0.381795 0.727013 0.017084 0.011547
0 0.514326 0.660845 0.016473 0.011222
0 0.210692 0.539100 0.017422 0.011060
0 0.276184 0.767760 0.013817 0.009781
0 0.436833 0.536200 0.021531 0.013953
0 0.393421 0.641702 0.017389 0.012148
0 0.048587 0.745415 0.015024 0.010919
0 0.190927 0.523682 0.020294 0.014060
0 0.303339 0.886890 0.015634 0.010513
0 0.041258 0.660593 0.016313 0.010782
0 0.499582 0.897080 0.015818 0.011572
0 0.121843 0.697645 0.015492 0.010743
0 0.127158 0.506024 0.019727 0.012920
0 0.365525 0.756510 0.015148 0.010951
0 0.042661 0.572496 0.020880 0.014650
0 0.050620 0.531390 0.019131 0.014581
0 0.159041 0.483368 0.016723 0.011205
0 0.289752 0.947252 0.016299 0.011213
0 0.444049 0.872547 0.015539 0.011049
0 0.284953 0.644747 0.015286 0.009157
0 0.476711 0.789580 0.016551 0.010666
0 0.343683 0.877909 0.014087 0.009557
0 0.273733 0.405887 0.018163 0.013047
0 0.337421 0.421499 0.018777 0.013098
0 0.702501 0.745393 0.016329 0.012351
0 0.198584 0.752655 0.015254 0.011009
0 0.439849 0.782073 0.015061 0.010873
0 0.557388 0.576307 0.018801 0.014046
0 0.341897 0.565456 0.016371 0.011129
0 0.312923 0.709810 0.013938 0.009430
0 0.541136 0.458756 0.015129 0.010428
0 0.062902 0.788935 0.016082 0.009843
0 0.280503 0.510181 0.016687 0.012762
0 0.102108 0.546127 0.018774 0.013325
0 0.535300 0.650446 0.016493 0.011930
0 0.270366 0.831167 0.018581 0.011095
0 0.404381 0.585199 0.018858 0.014600
0 0.321120 0.463268 0.020852 0.015646
0 0.592482 0.755100 0.014456 0.010142
0 0.485042 0.950370 0.018759 0.012736
0 0.727099 0.608530 0.021217 0.014190
0 0.117749 0.559985 0.018061 0.011604
0 0.459087 0.664721 0.018454 0.013636
0 0.321352 0.857316 0.013313 0.009176
0 0.116495 0.638068 0.017019 0.010541
0 0.238845 0.918963 0.019574 0.013337
0 0.507057 0.586707 0.023774 0.018358
0 0.413468 0.815503 0.014190 0.009935
0 0.697041 0.559243 0.019880 0.014577
0 0.162810 0.507917 0.016497 0.010181
0 0.319713 0.768614 0.014568 0.011673
0 0.530814 0.800994 0.013762 0.009903
0 0.564757 0.425770 0.017204 0.011892
0 0.281583 0.789716 0.014067 0.009958
0 0.090528 0.808852 0.017046 0.012297
0 0.225300 0.778527 0.016322 0.012353
0 0.460524 0.720516 0.018406 0.013207
0 0.413650 0.724881 0.015489 0.010578
0 0.659645 0.777071 0.017093 0.012531
0 0.449810 0.746016 0.016908 0.010937
0 0.028860 0.683551 0.015207 0.008978
0 0.307179 0.831778 0.014177 0.011357
0 0.058754 0.811674 0.013528 0.008460
0 0.398755 0.408634 0.021658 0.016065
0 0.661468 0.600908 0.015808 0.011429
0 0.639464 0.685791 0.015563 0.011545
0 0.645975 0.543017 0.021643 0.014058
0 0.419844 0.502226 0.016880 0.012701
0 0.461860 0.465422 0.019456 0.010896
0 0.356762 0.627819 0.015437 0.010256
0 0.011322 0.738166 0.014067 0.008671
0 0.617702 0.702072 0.014704 0.009540
0 0.667844 0.544762 0.021553 0.013265
0 0.248610 0.566169 0.019795 0.016699
0 0.279435 0.678471 0.013637 0.009758
0 0.063338 0.719643 0.017471 0.010967
0 0.678029 0.717357 0.015675 0.011350
0 0.444448 0.932922 0.014812 0.010203
0 0.564263 0.851568 0.015617 0.010617
0 0.482267 0.690649 0.014906 0.010092
0 0.588320 0.800141 0.015593 0.010769
0 0.574370 0.600708 0.017255 0.010502
0 0.678217 0.625069 0.015200 0.010880
0 0.346996 0.684846 0.014515 0.009836
0 0.116897 0.610772 0.015796 0.011551
0 0.397931 0.846570 0.013869 0.010208
0 0.734255 0.631683 0.017203 0.011623
0 0.183500 0.908585 0.016501 0.012942
0 0.320511 0.656453 0.022865 0.013436
0 0.592062 0.446256 0.015675 0.010097
0 0.299434 0.992843 0.020701 0.011998
0 0.270900 0.720218 0.013717 0.009241
0 0.504684 0.932351 0.017686 0.013787
0 0.087502 0.699157 0.020678 0.013392
0 0.156850 0.680909 0.013611 0.010185
0 0.238447 0.696992 0.017787 0.011318
0 0.176325 0.774843 0.017310 0.013515
0 0.404801 0.886947 0.015671 0.010935
0 0.362476 0.714035 0.014515 0.011172
0 0.396409 0.934432 0.016637 0.011119
0 0.259691 0.793592 0.022183 0.013182
0 0.418731 0.683834 0.021357 0.013060
0 0.304257 0.694472 0.013271 0.009897
0 0.220997 0.825427 0.021070 0.013214
0 0.316637 0.924815 0.016475 0.012274
0 0.476123 0.536312 0.016694 0.010823
0 0.511096 0.856022 0.013683 0.009229
0 0.257064 0.958171 0.018996 0.013190
0 0.395022 0.817564 0.015167 0.009760
0 0.196980 0.471480 0.014814 0.010440
0 0.190844 0.619604 0.017229 0.009901
0 0.615823 0.633763 0.012595 0.009644
0 0.542294 0.759525 0.014037 0.009424
0 0.475153 0.632502 0.015330 0.010409
0 0.703847 0.647831 0.014801 0.010969
0 0.535574 0.439273 0.015333 0.010635
0 0.658567 0.831476 0.015899 0.010838
0 0.287362 0.816829 0.013436 0.008106
0 0.619394 0.653628 0.014638 0.009382
0 0.169572 0.746441 0.012565 0.008083
0 0.627071 0.842406 0.015590 0.010714
0 0.669811 0.734483 0.017622 0.010931
0 0.185408 0.568123 0.015034 0.010734
0 0.370319 0.943256 0.026588 0.016173
0 0.611887 0.455787 0.016151 0.011595
0 0.699175 0.521286 0.016837 0.012809
0 0.376377 0.577088 0.017758 0.010983
0 0.538081 0.922076 0.021295 0.014180
0 0.479844 0.711313 0.017779 0.013070
0 0.735546 0.584941 0.020493 0.013756
0 0.340036 0.621915 0.016696 0.010567
0 0.224064 0.886211 0.021146 0.013247
0 0.480422 0.740616 0.014828 0.009309
0 0.139257 0.895594 0.023240 0.014576
0 0.577569 0.460448 0.013099 0.008695
0 0.577447 0.646182 0.014537 0.009396
0 0.437949 0.495495 0.014321 0.010004
0 0.456684 0.638806 0.017019 0.012272
0 0.489460 0.612349 0.013883 0.009788
0 0.524036 0.828599 0.015045 0.011682
0 0.313503 0.750429 0.014285 0.010483
0 0.069571 0.757213 0.014072 0.010555
0 0.256277 0.983263 0.019209 0.012524
0 0.475233 0.924966 0.020911 0.011633
0 0.483681 0.396294 0.018479 0.013871
0 0.220370 0.762566 0.016818 0.012457
0 0.190493 0.669031 0.013896 0.009715
0 0.453511 0.570237 0.014755 0.008942
0 0.575670 0.929117 0.017208 0.016190
0 0.331725 0.688304 0.013995 0.009068
0 0.380172 0.663209 0.014190 0.009568
0 0.363572 0.873357 0.012920 0.008914
0 0.340333 0.589659 0.015722 0.009854
0 0.562259 0.529665 0.017863 0.014473
0 0.279647 0.976585 0.018859 0.012504
0 0.231844 0.592502 0.018681 0.010944
0 0.112364 0.722932 0.018574 0.008512
0 0.391323 0.684534 0.017132 0.013025
0 0.204278 0.841716 0.012690 0.008779
0 0.007932 0.663110 0.013730 0.009708
0 0.718805 0.714201 0.016169 0.014535
0 0.405707 0.600092 0.016433 0.010736
0 0.098577 0.602477 0.013508 0.009009
0 0.351662 0.408333 0.014544 0.010279
0 0.194063 0.713008 0.014068 0.009795
0 0.078839 0.637066 0.019110 0.015007
0 0.425220 0.648209 0.017349 0.011125
0 0.554878 0.951760 0.017421 0.012504
0 0.077224 0.669825 0.015437 0.011783
0 0.080929 0.774924 0.013114 0.008592
0 0.605781 0.785047 0.012752 0.008533
0 0.523685 0.501092 0.014434 0.010509
0 0.610321 0.677637 0.013625 0.009365
0 0.243209 0.684473 0.015610 0.010534
0 0.202972 0.891584 0.013725 0.007788
0 0.530851 0.625730 0.014288 0.009196
0 0.202541 0.559757 0.014707 0.008570
0 0.363357 0.730182 0.012383 0.009553
0 0.679839 0.701268 0.017303 0.011763
0 0.026826 0.699396 0.013266 0.008646
0 0.013541 0.768886 0.013807 0.009475
0 0.101276 0.723269 0.016074 0.007510
0 0.324369 0.786359 0.014626 0.010512
0 0.309368 0.545996 0.015577 0.010795
0 0.208084 0.489500 0.015588 0.010214
0 0.412160 0.697758 0.014989 0.008271
0 0.335737 0.927390 0.017357 0.009674
0 0.270957 0.884448 0.018225 0.014608
0 0.227484 0.654318 0.013294 0.009969
0 0.037545 0.790590 0.012663 0.007922
0 0.103076 0.681246 0.012953 0.008201
0 0.379450 0.809377 0.012036 0.008767
0 0.146093 0.523990 0.013535 0.008140
0 0.667330 0.639369 0.012280 0.008250
0 0.319350 0.640636 0.014428 0.008713
0 0.539537 0.412526 0.017431 0.012039
0 0.048355 0.715996 0.012991 0.009993
0 0.724443 0.651526 0.012187 0.008629
0 0.025559 0.553814 0.015562 0.009148
0 0.351974 0.767048 0.012328 0.008824
0 0.642447 0.845470 0.015195 0.008813
0 0.335481 0.517093 0.016106 0.009568
0 0.456079 0.768481 0.013373 0.008840
0 0.345617 0.875877 0.021797 0.009498
0 0.294132 0.857185 0.018953 0.011885
0 0.499373 0.629423 0.014919 0.009326
0 0.328651 0.656437 0.019537 0.010435