1 0.522065 0.413565 0.032501 0.041322
0 0.429806 0.523552 0.015735 0.020161
0 0.542395 0.489082 0.018573 0.023438
0 0.327559 0.469353 0.014155 0.018980
0 0.277755 0.486571 0.019810 0.027810
0 0.471715 0.473276 0.022459 0.025965
0 0.282083 0.396624 0.016898 0.021021
0 0.270635 0.343969 0.019273 0.021650
0 0.365045 0.518222 0.014380 0.018954
0 0.463646 0.173009 0.016465 0.022007
0 0.444114 0.323341 0.019207 0.026005
0 0.553407 0.360525 0.014805 0.018865
0 0.351440 0.232041 0.014670 0.018912
0 0.176934 0.497506 0.013193 0.017179
0 0.207841 0.425725 0.015820 0.020462
0 0.336985 0.198922 0.014052 0.019233
0 0.516498 0.592999 0.014222 0.018545
0 0.410226 0.195353 0.014020 0.017138
0 0.302026 0.439655 0.015116 0.017333
0 0.292135 0.581947 0.019044 0.023423
0 0.300123 0.331677 0.013880 0.019224
0 0.585877 0.291272 0.015975 0.018626
0 0.305258 0.498930 0.013977 0.015769
0 0.295004 0.369052 0.014233 0.016937
0 0.314078 0.204649 0.013725 0.018077
0 0.524415 0.627034 0.014659 0.019326
0 0.641425 0.414158 0.013279 0.017259
0 0.564785 0.522891 0.017067 0.020457
0 0.365938 0.177874 0.012767 0.017977
0 0.213230 0.547315 0.015630 0.021664
0 0.229641 0.597703 0.012782 0.017458
0 0.556804 0.173952 0.015128 0.018975
0 0.429318 0.285251 0.015310 0.019155
0 0.284115 0.550972 0.013018 0.016629
0 0.589017 0.648836 0.019051 0.023205
0 0.479870 0.286629 0.013974 0.018502
0 0.162966 0.323859 0.016113 0.020840
0 0.327717 0.655200 0.017222 0.021290
0 0.561693 0.697591 0.016581 0.020034
0 0.503828 0.164961 0.022643 0.026391
0 0.227803 0.676228 0.013981 0.017114
0 0.248500 0.692611 0.016370 0.018302
0 0.369881 0.678683 0.013897 0.019384
0 0.137691 0.421187 0.013127 0.016720
0 0.181132 0.588004 0.012890 0.015297
0 0.197039 0.486239 0.014932 0.016364
1 0.484610 0.737621 0.038406 0.048748
0 0.617575 0.332936 0.013496 0.017043
0 0.398702 0.738437 0.017198 0.021239
0 0.301033 0.612148 0.020578 0.019154
0 0.641991 0.372978 0.021573 0.027960
0 0.324681 0.406202 0.014513 0.015846
0 0.426527 0.727754 0.016324 0.020159
0 0.181307 0.543552 0.011742 0.014903
0 0.307552 0.154622 0.012960 0.018695
0 0.330380 0.720231 0.015689 0.019568
0 0.159337 0.533707 0.013156 0.016431
0 0.317207 0.357339 0.014482 0.016663
0 0.203648 0.685638 0.013025 0.016051
0 0.535891 0.775665 0.025378 0.032267
0 0.509064 0.305452 0.014692 0.015640
0 0.360633 0.131721 0.017253 0.019793