0 0.635984 0.568769 0.020442 0.014861
0 0.404186 0.582426 0.020286 0.015030
0 0.592668 0.493487 0.019835 0.013919
0 0.578518 0.322930 0.023483 0.018483
0 0.570661 0.625772 0.018916 0.013239
0 0.685520 0.309144 0.019946 0.016005
1 0.288194 0.752844 0.045128 0.030937
0 0.871704 0.538923 0.019080 0.012782
0 0.607713 0.544413 0.021417 0.015466
0 0.364231 0.521444 0.020275 0.014206
0 0.745972 0.437144 0.019701 0.013608
0 0.541661 0.683798 0.019424 0.012352
0 0.656695 0.444928 0.027167 0.021541
0 0.328363 0.544922 0.018938 0.013148
0 0.758509 0.533844 0.020784 0.014189
0 0.718761 0.480029 0.018551 0.013571
0 0.668642 0.411520 0.018592 0.013118
0 0.396131 0.460509 0.021251 0.014671
0 0.376560 0.419008 0.019200 0.013799
0 0.677087 0.385438 0.019584 0.013770
0 0.802599 0.590479 0.020973 0.014783
0 0.342674 0.430879 0.018541 0.012983
0 0.547676 0.779451 0.025789 0.018045
0 0.235107 0.445101 0.019687 0.014891
0 0.563374 0.690971 0.017935 0.012572
0 0.272933 0.398670 0.024135 0.017881
0 0.383218 0.328746 0.019072 0.013279
0 0.680513 0.484942 0.018297 0.013006
0 0.640786 0.762856 0.024796 0.019291
0 0.355860 0.364613 0.017178 0.011550
0 0.312554 0.582938 0.017837 0.012054
0 0.751044 0.590320 0.025666 0.017332
0 0.431566 0.733474 0.023189 0.016038
0 0.493912 0.395673 0.020454 0.015175
0 0.394934 0.376491 0.019627 0.013308
0 0.406925 0.425348 0.025465 0.016354
0 0.614883 0.766080 0.026601 0.017434
0 0.521028 0.556796 0.024418 0.018687
0 0.507883 0.450864 0.022396 0.014972
0 0.549299 0.658411 0.017221 0.012052
0 0.389004 0.481620 0.018224 0.011930
0 0.855867 0.433305 0.022692 0.016335
0 0.771638 0.418053 0.029650 0.018069
0 0.295377 0.491004 0.019301 0.013278
0 0.656504 0.682552 0.024634 0.018136
0 0.490470 0.792180 0.019015 0.013374
0 0.539624 0.244465 0.019818 0.014854
0 0.789211 0.287804 0.020469 0.014590
0 0.524257 0.375307 0.021018 0.013948
0 0.901929 0.572094 0.024065 0.017530
0 0.589704 0.687898 0.019205 0.012902
0 0.557403 0.420170 0.024328 0.016375
0 0.764457 0.651107 0.018950 0.012510
0 0.711176 0.356225 0.017835 0.011723
0 0.734282 0.268889 0.026569 0.017835
0 0.647865 0.818882 0.028091 0.020523
0 0.574177 0.432108 0.018209 0.012892
0 0.485975 0.346791 0.025938 0.018455
0 0.612765 0.680308 0.022067 0.015138
0 0.392638 0.674211 0.020070 0.016146
0 0.442505 0.524313 0.024452 0.019040
0 0.701932 0.532239 0.019257 0.014609
0 0.944952 0.489382 0.022029 0.015549
0 0.718404 0.323004 0.020560 0.014593
0 0.576919 0.740438 0.018408 0.013161
0 0.541801 0.325862 0.021590 0.011819
0 0.800429 0.678423 0.030924 0.017541
0 0.578666 0.399882 0.024762 0.017446
0 0.915450 0.374721 0.020151 0.015056
0 0.622386 0.417674 0.016168 0.011737
0 0.716116 0.727076 0.024020 0.015757
0 0.704013 0.595036 0.017933 0.012096
0 0.593407 0.229643 0.019263 0.012107
0 0.417780 0.602787 0.018800 0.013330
0 0.546072 0.832673 0.021759 0.013580
0 0.720325 0.396037 0.031219 0.017124
0 0.533717 0.436376 0.021793 0.016082
0 0.342671 0.301058 0.020269 0.015396
0 0.649624 0.336263 0.019246 0.014926
0 0.193824 0.503440 0.016859 0.011223
0 0.926410 0.549959 0.018813 0.013716
0 0.332282 0.758260 0.016364 0.010237
0 0.537031 0.394219 0.026142 0.013733
0 0.868904 0.699343 0.017712 0.011839
0 0.417913 0.614808 0.017240 0.013607
1 0.316799 0.731362 0.035049 0.021113
1 0.297198 0.717380 0.042920 0.025816
0 0.242620 0.419741 0.020680 0.014902
0 0.909845 0.627212 0.020122 0.013998
0 0.474752 0.340858 0.020022 0.016251
0 0.318939 0.731789 0.025332 0.016078
0 0.732550 0.703026 0.017338 0.011929
0 0.602309 0.398244 0.017985 0.012908