0 0.603183 0.420609 0.023804 0.018284
0 0.105772 0.597132 0.021760 0.016322
0 0.498867 0.693705 0.023879 0.017064
0 0.439388 0.596635 0.021077 0.015586
0 0.338850 0.563039 0.024600 0.018531
0 0.105967 0.538718 0.025528 0.020119
0 0.145230 0.676774 0.020632 0.014845
0 0.465358 0.422588 0.025013 0.018262
0 0.384884 0.464788 0.030225 0.019278
0 0.574333 0.562597 0.021812 0.016364
0 0.622150 0.637173 0.029592 0.020173
0 0.484133 0.742482 0.020287 0.013591
0 0.392057 0.536929 0.032641 0.021060
0 0.611137 0.693477 0.030090 0.021438
0 0.646922 0.437689 0.018192 0.014076
0 0.088545 0.641288 0.020706 0.014871
0 0.420548 0.655957 0.019190 0.012982
0 0.442691 0.555520 0.029108 0.021985
0 0.270798 0.769843 0.019491 0.013689
0 0.536001 0.449360 0.025739 0.019414
0 0.358863 0.406666 0.024220 0.017902
0 0.730742 0.593170 0.020433 0.016516
0 0.297477 0.810417 0.027245 0.018142
0 0.407259 0.727579 0.018544 0.012986
0 0.299414 0.655384 0.023612 0.015553
0 0.473071 0.676761 0.030567 0.021374
0 0.567533 0.844436 0.028137 0.022061
0 0.289466 0.401482 0.025733 0.020067
0 0.285848 0.690389 0.019105 0.012498
0 0.053007 0.706024 0.018239 0.012031
0 0.501249 0.493727 0.018836 0.013584
0 0.076971 0.609038 0.019891 0.014641
0 0.214722 0.465174 0.025985 0.021783
0 0.587169 0.871128 0.028169 0.022115
0 0.438102 0.388790 0.020436 0.013597
0 0.279036 0.412683 0.020668 0.015990
0 0.244225 0.596690 0.028681 0.023023
0 0.372832 0.640497 0.017776 0.013031
0 0.282276 0.407850 0.029715 0.024180
0 0.454418 0.659754 0.018792 0.012349
0 0.532130 0.914869 0.030288 0.020751
0 0.418167 0.810909 0.026024 0.027162
0 0.194796 0.762788 0.032375 0.022898
0 0.750209 0.618822 0.021044 0.013468