1 0.492505 0.635023 0.040752 0.053234
1 0.610141 0.471655 0.049778 0.066813
1 0.446045 0.181902 0.032679 0.047058
0 0.385562 0.343781 0.018080 0.024064
0 0.445114 0.519092 0.018649 0.023841
1 0.374589 0.230480 0.032836 0.040905
0 0.432183 0.325111 0.019079 0.024912
0 0.440293 0.644701 0.016386 0.021762
0 0.247315 0.490581 0.015308 0.018662
0 0.353933 0.545263 0.015036 0.020343
0 0.352317 0.772138 0.018866 0.022200
0 0.485777 0.579294 0.014825 0.017850
0 0.344079 0.679011 0.016225 0.020762
0 0.499957 0.506774 0.018114 0.022671
0 0.347804 0.303409 0.015466 0.018638
0 0.390546 0.447652 0.016729 0.022610
0 0.547431 0.620805 0.015210 0.017133
0 0.573197 0.778839 0.016143 0.021655
0 0.653600 0.539504 0.013932 0.017461
0 0.508847 0.393697 0.014652 0.018734
0 0.602614 0.579437 0.012831 0.017089
0 0.571354 0.511655 0.013520 0.016813
0 0.404982 0.756486 0.015718 0.020142
0 0.571805 0.591213 0.013974 0.017359
0 0.650159 0.361036 0.015393 0.019050
0 0.499529 0.206412 0.014741 0.018811
0 0.264901 0.452387 0.017186 0.019728
0 0.477125 0.525677 0.012281 0.015493
0 0.290867 0.497903 0.015865 0.021491
0 0.232613 0.383733 0.014368 0.017125
0 0.511443 0.355313 0.015320 0.017929
0 0.572481 0.205807 0.013856 0.016670
0 0.473074 0.148722 0.013228 0.016168
0 0.404513 0.126145 0.012259 0.017896
0 0.385467 0.636402 0.013848 0.016490
0 0.315993 0.534225 0.013601 0.017863
0 0.491083 0.745262 0.021588 0.027673
0 0.216016 0.350226 0.013067 0.015828
0 0.653437 0.429441 0.012948 0.018085
0 0.536018 0.514997 0.014913 0.020708
0 0.519748 0.313232 0.018830 0.024792
0 0.571532 0.475474 0.012944 0.019026
0 0.665482 0.667703 0.012018 0.014000
0 0.660570 0.273536 0.014043 0.018124
0 0.607387 0.658452 0.015481 0.019361
0 0.315691 0.657901 0.016394 0.020967
0 0.368983 0.679888 0.017523 0.019063
0 0.521706 0.600056 0.013342 0.014299
0 0.518278 0.639199 0.011857 0.012416
0 0.639119 0.606178 0.013954 0.016089
0 0.293511 0.592356 0.019554 0.029944
0 0.284567 0.250607 0.013837 0.018402
0 0.478007 0.485459 0.013591 0.013751
0 0.186591 0.531070 0.019052 0.018458
0 0.389740 0.264176 0.013737 0.018095