0 0.394570 0.478528 0.016332 0.011512
0 0.572235 0.483929 0.019106 0.012634
0 0.414493 0.591360 0.013894 0.009047
1 0.255929 0.634109 0.049875 0.031541
0 0.339943 0.428539 0.019033 0.012249
0 0.572993 0.459081 0.017806 0.012524
0 0.386163 0.627076 0.015721 0.010367
0 0.535574 0.528887 0.013974 0.010149
0 0.431067 0.356174 0.017208 0.011531
0 0.602239 0.504281 0.015813 0.010144
0 0.662745 0.518414 0.016911 0.010995
0 0.693632 0.433222 0.017354 0.011590
0 0.368826 0.321282 0.018144 0.012711
0 0.397302 0.254249 0.021026 0.015221
0 0.573473 0.362436 0.017748 0.011819
0 0.472804 0.390299 0.015975 0.009819
0 0.419685 0.569159 0.014038 0.009288
0 0.774051 0.474151 0.017876 0.011491
0 0.376172 0.488182 0.016934 0.011151
0 0.608275 0.540371 0.016740 0.010569
0 0.439894 0.471430 0.016332 0.010920
0 0.369986 0.424632 0.016612 0.011366
0 0.461140 0.669628 0.020648 0.013734
0 0.429234 0.505378 0.015120 0.010574
0 0.465807 0.410502 0.017563 0.011901
0 0.451744 0.311134 0.016774 0.011600
0 0.595757 0.650336 0.018344 0.011802
0 0.404366 0.456289 0.015832 0.010199
0 0.521666 0.608142 0.014830 0.009700
0 0.664061 0.321152 0.015233 0.009886
0 0.704637 0.380622 0.017170 0.011007
0 0.490766 0.612147 0.015842 0.010629
0 0.304865 0.477068 0.018866 0.013148
0 0.659018 0.383713 0.018103 0.012578
0 0.544070 0.506101 0.017430 0.011496
0 0.293718 0.544017 0.014529 0.009777
0 0.231136 0.471557 0.020583 0.014262
0 0.396940 0.383390 0.015591 0.009690
0 0.595647 0.571902 0.015770 0.010658
0 0.373491 0.575727 0.014930 0.009794
0 0.278578 0.583095 0.013989 0.009347
0 0.652147 0.276551 0.017538 0.012756
0 0.488603 0.302901 0.014922 0.009982
0 0.629784 0.392502 0.019736 0.012081
0 0.296227 0.429868 0.018434 0.012995
0 0.370451 0.601306 0.014419 0.009189
0 0.730628 0.430537 0.015735 0.010595
0 0.446996 0.378661 0.017301 0.010700
0 0.348395 0.352321 0.016415 0.010380
0 0.627755 0.334619 0.016257 0.011196
0 0.436179 0.579965 0.013753 0.009209
0 0.497850 0.553183 0.015473 0.009604
0 0.502791 0.532550 0.014708 0.010196
0 0.715382 0.328201 0.018398 0.011285
0 0.568792 0.264420 0.016601 0.011843
0 0.744541 0.313146 0.015214 0.010468
0 0.581789 0.301478 0.014626 0.011046
0 0.545266 0.366399 0.018484 0.011900
0 0.550281 0.552613 0.015840 0.010691
0 0.461147 0.425214 0.017292 0.011809
0 0.565673 0.316716 0.019720 0.011882
0 0.400960 0.544710 0.013243 0.008815
0 0.644745 0.296377 0.014894 0.009735
0 0.794629 0.519285 0.016970 0.011184
0 0.671197 0.403222 0.016411 0.009895
0 0.361651 0.386048 0.015390 0.010159
0 0.403731 0.642304 0.013661 0.008903
0 0.754759 0.275290 0.019468 0.013464
0 0.710346 0.599021 0.016059 0.010747
0 0.414643 0.293843 0.018265 0.012139
0 0.337942 0.574346 0.014881 0.010267
0 0.465341 0.571603 0.014702 0.009403
0 0.184395 0.358598 0.019244 0.014178
0 0.413684 0.515532 0.015795 0.010207
0 0.264315 0.551880 0.014844 0.009419
0 0.680432 0.632700 0.016541 0.011009
0 0.392064 0.337983 0.016399 0.010706
0 0.513290 0.304077 0.016582 0.010460
0 0.285586 0.221049 0.020746 0.014581
0 0.156288 0.346329 0.014696 0.010731
0 0.705236 0.349003 0.016469 0.010407
0 0.750991 0.413144 0.016789 0.010812
0 0.297369 0.603826 0.016332 0.012097
0 0.818787 0.317322 0.013610 0.010133
0 0.310404 0.563240 0.014761 0.010010
0 0.684596 0.307521 0.020672 0.012484
0 0.658970 0.545787 0.019317 0.011247
0 0.820024 0.468026 0.014288 0.010010
0 0.837120 0.277054 0.019390 0.012989
0 0.494840 0.269891 0.017194 0.011543
0 0.364585 0.278724 0.016741 0.010726
0 0.746227 0.371924 0.014953 0.009718
0 0.345021 0.609138 0.014055 0.008716
0 0.444867 0.633617 0.014300 0.009333
0 0.317859 0.588364 0.015327 0.010765
0 0.577796 0.557610 0.014644 0.008744
0 0.402741 0.414369 0.017056 0.010493
0 0.356986 0.527404 0.015503 0.010431
0 0.222854 0.569391 0.014254 0.010112
0 0.437567 0.524753 0.019239 0.012148
0 0.326302 0.546639 0.015242 0.009826
0 0.569152 0.582617 0.014053 0.009055
0 0.796650 0.279712 0.018452 0.013607
0 0.377642 0.353976 0.015589 0.010115
0 0.463562 0.541171 0.014486 0.008633
0 0.546344 0.572481 0.014172 0.010445
0 0.688481 0.591618 0.014974 0.009644
0 0.564836 0.620010 0.013461 0.009203
0 0.417626 0.334905 0.015274 0.010532
0 0.514080 0.259847 0.017017 0.012047
0 0.458426 0.596629 0.013611 0.007959
0 0.538273 0.271937 0.015637 0.010435
0 0.510192 0.668139 0.017441 0.011116
0 0.425803 0.421895 0.017301 0.013004
0 0.524929 0.687848 0.018446 0.012937
0 0.318803 0.225642 0.019141 0.013341
0 0.523444 0.334948 0.016059 0.011788
0 0.368315 0.367010 0.014877 0.009653
0 0.530919 0.641972 0.014281 0.010034
0 0.361623 0.671620 0.016190 0.011282
0 0.430179 0.611191 0.013315 0.008049
0 0.553782 0.337308 0.015224 0.010268
0 0.632038 0.537870 0.013976 0.011467
0 0.628858 0.572687 0.014812 0.012502
0 0.624764 0.517276 0.016954 0.010850
0 0.328425 0.392193 0.015708 0.010689
0 0.277340 0.608357 0.013956 0.008857
0 0.684226 0.617147 0.014692 0.009311
0 0.824982 0.442394 0.013360 0.009098
0 0.842814 0.412007 0.013974 0.009070
0 0.364098 0.539812 0.014747 0.009325
0 0.629071 0.357843 0.015497 0.009197
0 0.303332 0.239237 0.018972 0.012557
0 0.572222 0.517367 0.019728 0.010041
0 0.445678 0.611316 0.016057 0.008987
0 0.447028 0.649703 0.015589 0.010574
0 0.728058 0.190955 0.015426 0.010573
0 0.321820 0.633811 0.014237 0.010277
0 0.429001 0.309864 0.015548 0.009785
0 0.748926 0.216341 0.014944 0.010774
0 0.284555 0.249737 0.021398 0.015090
0 0.530221 0.580152 0.012116 0.007842
0 0.691313 0.310633 0.019774 0.012672
0 0.419616 0.645164 0.015575 0.010148
0 0.342624 0.261930 0.019039 0.011928
0 0.623810 0.667315 0.016402 0.011100
0 0.766328 0.443004 0.015124 0.010038
0 0.783481 0.397054 0.014896 0.011205
0 0.456310 0.528691 0.016587 0.010218
0 0.476877 0.554308 0.013715 0.007978
0 0.688875 0.237279 0.014861 0.011301
0 0.339033 0.595089 0.013679 0.008853
0 0.685257 0.564371 0.013945 0.008826
0 0.414445 0.382940 0.016211 0.009979
0 0.754316 0.237048 0.016682 0.013272
0 0.581559 0.674224 0.018404 0.011169
0 0.612052 0.278877 0.015444 0.012317
0 0.499042 0.574793 0.014254 0.009399
0 0.502794 0.341776 0.015354 0.010391
0 0.725310 0.549357 0.015078 0.013328
0 0.646787 0.560478 0.019158 0.010510
0 0.471273 0.638711 0.020140 0.012137
0 0.462402 0.331534 0.014821 0.008679
0 0.669866 0.257004 0.015752 0.012628
0 0.337243 0.336721 0.019586 0.012990
0 0.127145 0.408653 0.011972 0.008887
0 0.128817 0.376797 0.015065 0.009300
0 0.766151 0.587877 0.016861 0.012210
0 0.729628 0.254557 0.013423 0.009543
0 0.391768 0.294082 0.017615 0.011116
0 0.829646 0.402632 0.014008 0.008490
0 0.383563 0.527558 0.015428 0.012105
0 0.795279 0.238657 0.022693 0.013255
0 0.320038 0.620598 0.013462 0.009405
0 0.679675 0.660822 0.015917 0.010189
0 0.158705 0.361744 0.015589 0.010864
0 0.761791 0.567750 0.014459 0.009295
0 0.513414 0.275640 0.013383 0.008874
0 0.609949 0.681117 0.020812 0.012515
0 0.714834 0.171080 0.016517 0.012873
0 0.842949 0.369861 0.017514 0.009386
0 0.297886 0.583599 0.016036 0.008851
0 0.651862 0.562242 0.017586 0.009672
0 0.673099 0.349923 0.015100 0.010168
0 0.787012 0.355046 0.012635 0.009107
0 0.677930 0.210191 0.014985 0.010837
0 0.485912 0.218777 0.019013 0.013672
0 0.107982 0.390532 0.014809 0.009571
0 0.630731 0.583308 0.014214 0.009374
0 0.596324 0.259581 0.014881 0.009636
0 0.318104 0.337614 0.017389 0.011828
0 0.373665 0.303442 0.015527 0.008758
0 0.483609 0.330983 0.016469 0.010656
0 0.604553 0.232622 0.018466 0.012931
0 0.820876 0.251462 0.021894 0.012850
0 0.390101 0.694914 0.017880 0.011998
0 0.816749 0.422878 0.015198 0.009162
0 0.454345 0.175712 0.015883 0.012694
0 0.499997 0.646783 0.017156 0.009166
0 0.426006 0.572148 0.017696 0.011650
0 0.615446 0.211436 0.017629 0.013023
0 0.356821 0.231257 0.019119 0.013281
0 0.821480 0.510194 0.017305 0.010275
0 0.546358 0.351738 0.020066 0.012495
0 0.446421 0.635929 0.014155 0.017683
0 0.815706 0.388086 0.013497 0.008107
0 0.671485 0.364271 0.015330 0.009047
0 0.785513 0.401753 0.015265 0.015139
0 0.733730 0.332655 0.015226 0.009516
0 0.462443 0.377989 0.014868 0.009650
0 0.475006 0.576702 0.018618 0.009820
0 0.687435 0.351793 0.021392 0.009193
0 0.394138 0.517160 0.015035 0.009495
0 0.615643 0.291244 0.019546 0.008222
0 0.545385 0.361339 0.023250 0.019290
0 0.745143 0.569232 0.022783 0.009417
0 0.600491 0.582013 0.014999 0.010879
0 0.781106 0.367422 0.011906 0.008846
0 0.458583 0.533523 0.019458 0.015640
0 0.609936 0.283144 0.019513 0.017076
0 0.489430 0.626156 0.014907 0.011891
0 0.767185 0.259167 0.013311 0.009606
0 0.755127 0.568700 0.025052 0.008916
0 0.764610 0.431942 0.014338 0.012254