1 0.147113 0.837842 0.055913 0.039758
1 0.212290 0.749759 0.044587 0.033323
0 0.462959 0.651083 0.026249 0.019280
0 0.273591 0.559190 0.026071 0.019582
0 0.456713 0.750769 0.027482 0.020985
0 0.315649 0.467483 0.022974 0.017644
0 0.255725 0.790383 0.029636 0.022265
0 0.247408 0.664227 0.022760 0.016071
0 0.471789 0.723096 0.023877 0.018476
1 0.406356 0.495706 0.052502 0.037988
0 0.241233 0.645034 0.024803 0.017603
0 0.242933 0.488008 0.024181 0.016740
0 0.397238 0.453833 0.020339 0.012773
1 0.313147 0.895191 0.034262 0.023780
0 0.629765 0.501113 0.022812 0.015662
0 0.583847 0.485749 0.026319 0.020279
0 0.494674 0.646002 0.021051 0.014750
0 0.053655 0.795609 0.021044 0.015643
0 0.298885 0.653722 0.024962 0.023234
0 0.490345 0.683200 0.021103 0.015342
0 0.270355 0.517445 0.033487 0.022083
0 0.532172 0.719177 0.025252 0.019989
0 0.377896 0.911330 0.036533 0.027841
0 0.520826 0.835521 0.024762 0.018621
0 0.493848 0.538833 0.020154 0.014095
1 0.554907 0.399443 0.038373 0.020660
0 0.331110 0.504946 0.023133 0.017551
0 0.091010 0.597403 0.037521 0.024024
0 0.243839 0.652323 0.030143 0.030822
0 0.242761 0.714599 0.020462 0.013787
0 0.203604 0.832175 0.020972 0.016636
0 0.405612 0.828963 0.025528 0.019263
0 0.059666 0.731767 0.022152 0.014443
0 0.512812 0.708485 0.023253 0.013151
0 0.079520 0.602496 0.033582 0.023848
0 0.394766 0.603943 0.021701 0.014758