1 0.342508 0.647501 0.038281 0.031432
1 0.384894 0.709789 0.062840 0.039271
1 0.384106 0.302614 0.043267 0.038609
0 0.564872 0.308764 0.018359 0.013414
0 0.705754 0.708229 0.015022 0.010426
0 0.441718 0.357780 0.019408 0.015042
0 0.389897 0.420301 0.018973 0.012498
0 0.631961 0.503187 0.017352 0.011616
0 0.630533 0.581528 0.014884 0.010892
0 0.430545 0.741848 0.015990 0.011226
0 0.721691 0.545614 0.014958 0.010248
0 0.808278 0.377057 0.022065 0.014490
0 0.406204 0.739111 0.017210 0.011283
0 0.312287 0.599312 0.015140 0.010795
0 0.297455 0.375908 0.020486 0.014403
0 0.723762 0.601600 0.018274 0.012687
0 0.319345 0.414038 0.017507 0.012209
0 0.204106 0.390358 0.018436 0.013241
1 0.141501 0.579856 0.076379 0.045612
0 0.681736 0.583438 0.014095 0.009666
0 0.417080 0.513682 0.016479 0.010662
0 0.487238 0.283157 0.017145 0.011739
0 0.384935 0.604603 0.015718 0.010611
0 0.617560 0.683378 0.013965 0.009397
0 0.439849 0.666195 0.013990 0.009188
0 0.278404 0.624158 0.015567 0.009835
0 0.656227 0.563369 0.017596 0.010953
0 0.693025 0.726875 0.015121 0.010129
0 0.643237 0.731055 0.016502 0.012437
0 0.755901 0.546201 0.013136 0.009169
0 0.274012 0.343066 0.018361 0.013666
0 0.379539 0.634697 0.014774 0.009636
0 0.435925 0.565433 0.015674 0.011001
0 0.505767 0.269203 0.016217 0.011141
0 0.262243 0.591662 0.014551 0.009516
0 0.412735 0.766271 0.018963 0.012094
0 0.690063 0.558060 0.014011 0.009435
0 0.731085 0.707798 0.014411 0.009792
0 0.201089 0.338499 0.021422 0.014129
0 0.725994 0.577572 0.018070 0.011014
0 0.863986 0.426221 0.017562 0.011589
1 0.813862 0.502894 0.037266 0.024727
1 0.163793 0.483493 0.037399 0.024380
0 0.279718 0.557913 0.014568 0.010191
0 0.279093 0.646647 0.013917 0.008929
0 0.648586 0.589893 0.015528 0.009585
0 0.528183 0.566649 0.017802 0.011878
0 0.351371 0.729673 0.016523 0.012084
0 0.579306 0.680699 0.014203 0.010050
0 0.260532 0.483540 0.018180 0.012033
0 0.453773 0.727806 0.014142 0.008749
0 0.516774 0.639962 0.016956 0.010602
0 0.333630 0.591775 0.014207 0.009658
0 0.609026 0.308578 0.016911 0.012254
0 0.298548 0.297027 0.020526 0.013749
0 0.302993 0.538317 0.016470 0.011066
0 0.454031 0.477613 0.016114 0.010347
0 0.494273 0.584554 0.016997 0.010527
0 0.330828 0.313127 0.014689 0.011124
0 0.306270 0.712238 0.014829 0.010448
0 0.210744 0.516332 0.014700 0.010173
0 0.571822 0.550422 0.017580 0.011991
0 0.508997 0.409249 0.016550 0.010795
0 0.322157 0.744834 0.014140 0.009148
0 0.612859 0.596943 0.014123 0.010513
0 0.194437 0.496063 0.014831 0.011680
0 0.752779 0.595739 0.014865 0.009606
0 0.518168 0.296626 0.018157 0.013279
0 0.330504 0.671073 0.014507 0.010017
0 0.596309 0.769673 0.017513 0.011142
0 0.736223 0.426283 0.015982 0.012120
0 0.286402 0.725593 0.013020 0.009111
0 0.672311 0.729204 0.015486 0.011981
0 0.638339 0.265080 0.016635 0.013057
0 0.648233 0.701773 0.015096 0.008491
0 0.445531 0.625550 0.012831 0.008335
0 0.354675 0.380407 0.019241 0.014148
0 0.253949 0.458806 0.015785 0.010925
0 0.702189 0.616778 0.016025 0.011795
0 0.310762 0.688862 0.014826 0.008312
0 0.396208 0.642197 0.013954 0.008946
0 0.592367 0.376991 0.017234 0.013013
0 0.671401 0.506484 0.013547 0.011904
0 0.544463 0.756569 0.018021 0.012706
0 0.592836 0.725888 0.016363 0.009943
0 0.544845 0.647844 0.014499 0.009172
0 0.680029 0.647614 0.013415 0.008050
0 0.844519 0.401428 0.022631 0.011952
0 0.569934 0.583102 0.015410 0.010933
0 0.451561 0.774086 0.016790 0.011630
1 0.154446 0.583568 0.045802 0.027630
0 0.619441 0.483322 0.018797 0.011868
0 0.179177 0.358893 0.017269 0.011233
0 0.711196 0.515455 0.012930 0.009092
0 0.592815 0.286703 0.013981 0.009766
0 0.619637 0.748690 0.015182 0.010040
0 0.239075 0.363451 0.014143 0.009044
0 0.271343 0.369866 0.014048 0.010518
0 0.234374 0.439847 0.015663 0.011171
0 0.755627 0.384494 0.021803 0.014964
1 0.554463 0.790808 0.052362 0.026826
0 0.352716 0.336231 0.016706 0.013325
0 0.616090 0.647152 0.013792 0.010827
0 0.270992 0.458169 0.014720 0.009821
0 0.494463 0.480143 0.015318 0.010269
0 0.319797 0.333560 0.019676 0.014111
0 0.482220 0.649807 0.015966 0.010307
0 0.570162 0.633207 0.014053 0.011175
0 0.470446 0.752325 0.014410 0.008879
0 0.581526 0.396013 0.014928 0.010758
0 0.294466 0.672573 0.012351 0.008133
0 0.644566 0.532109 0.015120 0.010315
0 0.290257 0.406420 0.018298 0.014341
0 0.254299 0.563409 0.013738 0.009247
0 0.402310 0.608422 0.014807 0.010164
0 0.188176 0.535382 0.013385 0.008948
0 0.394380 0.583502 0.015910 0.009884
0 0.402491 0.382003 0.022749 0.015251
0 0.219045 0.504128 0.012699 0.008591
0 0.556585 0.402686 0.016371 0.012958
0 0.603897 0.741532 0.015401 0.010478
0 0.499958 0.387741 0.015887 0.010376
0 0.390251 0.522628 0.015873 0.009242
0 0.226302 0.609218 0.013637 0.008648
0 0.512783 0.443513 0.015228 0.010932
0 0.279877 0.502011 0.013320 0.008288
0 0.696602 0.528572 0.016351 0.012717
1 0.464360 0.218273 0.034018 0.022960
0 0.230593 0.558303 0.012887 0.008745
0 0.655115 0.662651 0.013326 0.008843
0 0.283377 0.529754 0.015678 0.010515
0 0.473250 0.733916 0.015691 0.008990
0 0.603788 0.521008 0.016740 0.012962
0 0.480066 0.438217 0.019449 0.012945
0 0.353481 0.449237 0.013927 0.010529
0 0.419995 0.579926 0.014162 0.008794
0 0.193985 0.427115 0.013135 0.008991
0 0.331273 0.429623 0.014221 0.010250
0 0.233713 0.580065 0.013941 0.008950
0 0.286574 0.441906 0.015558 0.012219
0 0.402341 0.330017 0.015033 0.010946
0 0.380003 0.572839 0.012429 0.009267
0 0.344755 0.405742 0.014019 0.009021
0 0.171884 0.552269 0.012889 0.007868
0 0.582422 0.752708 0.016139 0.009041
0 0.470592 0.610653 0.029329 0.018396
0 0.416207 0.348048 0.015476 0.009957
0 0.262637 0.721816 0.015337 0.007636
1 0.761702 0.303327 0.045270 0.029353
0 0.450988 0.549191 0.023347 0.013597
0 0.480491 0.364366 0.014739 0.010610
0 0.427737 0.396535 0.014408 0.009237
0 0.571378 0.508626 0.014261 0.010417
0 0.537452 0.433044 0.014453 0.010303
0 0.296689 0.644363 0.012172 0.006918
0 0.685123 0.671167 0.012377 0.009823
0 0.806125 0.438698 0.014400 0.011131
1 0.835759 0.554982 0.038487 0.036057
0 0.248334 0.655857 0.013170 0.008077
0 0.680228 0.300958 0.014491 0.008447
0 0.621892 0.622023 0.013972 0.009592
0 0.669534 0.283388 0.013976 0.010308
0 0.684410 0.633019 0.011985 0.008734
0 0.573988 0.477058 0.014335 0.010370
0 0.386351 0.489377 0.013040 0.010269
0 0.263850 0.457178 0.024822 0.010194
0 0.362623 0.420776 0.012887 0.008681
0 0.272612 0.314480 0.020303 0.015748
0 0.283683 0.487982 0.013103 0.009710
0 0.339993 0.285398 0.013229 0.009238
0 0.374227 0.351211 0.016687 0.012453
0 0.685841 0.675465 0.012348 0.011087
0 0.718790 0.327155 0.014812 0.008684
0 0.220169 0.571706 0.012020 0.008010
0 0.467857 0.400682 0.015951 0.011844
0 0.498356 0.517388 0.014569 0.009805
0 0.628992 0.697564 0.015217 0.009466
0 0.312344 0.458811 0.016027 0.010217
0 0.247663 0.509508 0.014888 0.009471
1 0.432885 0.457286 0.060331 0.041727
1 0.651155 0.372346 0.039363 0.031312