1 0.420361 0.675800 0.044331 0.041683
1 0.803498 0.611958 0.042187 0.030766
0 0.453279 0.496882 0.019432 0.014751
0 0.514988 0.704522 0.021181 0.014395
0 0.293105 0.504662 0.021398 0.015803
0 0.615992 0.630024 0.017972 0.011801
0 0.662255 0.400164 0.019492 0.013816
0 0.482898 0.678169 0.020111 0.013232
0 0.370634 0.426196 0.019630 0.014436
0 0.554245 0.691030 0.016221 0.010411
1 0.393332 0.527592 0.037106 0.028085
0 0.665698 0.524519 0.018497 0.013954
0 0.334509 0.695909 0.017675 0.012346
0 0.477911 0.314045 0.018262 0.012137
0 0.676398 0.682899 0.016948 0.012166
0 0.280663 0.445992 0.017757 0.012360
0 0.360072 0.456468 0.019802 0.013042
0 0.664145 0.628440 0.018688 0.011768
0 0.330649 0.633107 0.019571 0.015731
0 0.721219 0.596107 0.016905 0.013032
0 0.796944 0.733519 0.018067 0.014093
0 0.436407 0.630040 0.017574 0.013428
0 0.452885 0.605847 0.015540 0.010739
0 0.831157 0.585175 0.018593 0.013254
0 0.239511 0.558542 0.017296 0.011956
0 0.529320 0.658759 0.016933 0.011469
0 0.689718 0.527608 0.016273 0.010416
0 0.336225 0.443559 0.019229 0.013172
0 0.800331 0.401610 0.018593 0.013872
1 0.395933 0.358220 0.034545 0.025004
0 0.652474 0.705285 0.015954 0.010905
0 0.379069 0.568194 0.016316 0.012017
0 0.893942 0.610333 0.016012 0.010705
0 0.848039 0.519154 0.016252 0.011257
0 0.585991 0.846915 0.019942 0.015550
0 0.689224 0.586773 0.017428 0.012534
0 0.515876 0.636741 0.016584 0.012227
0 0.650250 0.668887 0.017551 0.012684
0 0.502482 0.494151 0.015658 0.011097
0 0.447599 0.709572 0.017313 0.012133
0 0.597644 0.561030 0.017754 0.012343
0 0.405641 0.745608 0.015312 0.012367
0 0.766445 0.541398 0.014085 0.010025
0 0.442656 0.553657 0.016224 0.012332
0 0.444602 0.322222 0.015460 0.012354
0 0.518620 0.644050 0.016788 0.012144
0 0.861689 0.568258 0.016124 0.011588
0 0.556438 0.582384 0.015827 0.012448
0 0.422283 0.754843 0.013989 0.010273
0 0.471710 0.529794 0.017087 0.012467
0 0.579053 0.607210 0.018043 0.013366
0 0.421057 0.777678 0.015417 0.011297
0 0.766688 0.504170 0.016267 0.012871
0 0.240278 0.450040 0.015627 0.011578
0 0.610096 0.802320 0.023566 0.011815
0 0.595187 0.603551 0.016734 0.010969
0 0.830576 0.422430 0.017413 0.012134
0 0.576317 0.510139 0.022799 0.013323
0 0.695671 0.690425 0.016892 0.011431
0 0.906813 0.588283 0.014934 0.009733
0 0.789366 0.589849 0.015799 0.011259
0 0.660260 0.561286 0.017651 0.014308
0 0.348755 0.611346 0.015398 0.011095
0 0.345861 0.584504 0.018844 0.012893
0 0.464406 0.722598 0.016241 0.011930
0 0.621004 0.702358 0.015323 0.011100
0 0.289748 0.393473 0.014950 0.011139
0 0.617135 0.458692 0.015823 0.012073
0 0.691938 0.553413 0.021085 0.013484
0 0.808493 0.467617 0.014470 0.010712
0 0.759292 0.567269 0.015273 0.011350