1 0.058049 0.502363 0.060423 0.053111
1 0.589598 0.479582 0.047553 0.034612
1 0.337861 0.615390 0.045988 0.030447
1 0.570035 0.398835 0.052862 0.038924
1 0.305899 0.465332 0.044564 0.031355
0 0.022040 0.329062 0.020320 0.014848
0 0.339457 0.321895 0.016380 0.010727
0 0.334413 0.519645 0.017014 0.011712
0 0.293172 0.501539 0.017550 0.011719
0 0.365313 0.266406 0.015661 0.010953
0 0.398412 0.584308 0.020800 0.013590
0 0.180115 0.358432 0.017957 0.013179
0 0.073550 0.641049 0.015034 0.010273
0 0.471183 0.537559 0.021967 0.013934
0 0.154668 0.315292 0.016210 0.010993
0 0.127695 0.623398 0.015779 0.010929
0 0.087448 0.288576 0.020196 0.015175
0 0.256092 0.571802 0.018547 0.013247
0 0.408050 0.234329 0.018866 0.014791
0 0.149339 0.587044 0.017445 0.011357
0 0.105996 0.610349 0.015785 0.010560
0 0.420242 0.480824 0.015986 0.013668
0 0.371117 0.644662 0.019123 0.014060
0 0.221214 0.625573 0.015701 0.011008
0 0.521837 0.353149 0.016220 0.010346
0 0.432447 0.284927 0.019657 0.013373
0 0.220086 0.595753 0.015534 0.010202
0 0.048820 0.349781 0.019188 0.011858
0 0.345099 0.286382 0.015671 0.011251
0 0.330046 0.423239 0.019731 0.012778
1 0.417239 0.393343 0.042469 0.047054
0 0.102451 0.584214 0.014571 0.010989
0 0.213370 0.322746 0.018055 0.013404
0 0.139676 0.685691 0.018818 0.014123
0 0.121658 0.482394 0.015688 0.010233
0 0.044105 0.689789 0.020158 0.012823
0 0.108307 0.317580 0.017402 0.013022
0 0.301926 0.692317 0.017758 0.013114
0 0.103623 0.459170 0.014927 0.011318
0 0.109331 0.402578 0.014719 0.010186
0 0.258635 0.598625 0.015961 0.010233
0 0.016220 0.400311 0.018803 0.012595
0 0.201426 0.468615 0.016483 0.010840
0 0.139092 0.366164 0.015444 0.010111
0 0.393690 0.486488 0.016580 0.011390
0 0.493782 0.441407 0.015222 0.010205
0 0.249110 0.264175 0.016552 0.012601
0 0.032846 0.421190 0.017440 0.012405
0 0.269024 0.321543 0.015598 0.012651
0 0.563762 0.533191 0.017920 0.012603
0 0.394621 0.270026 0.014143 0.009839
0 0.277412 0.590639 0.015403 0.009827
0 0.340252 0.646392 0.014975 0.010033
0 0.139374 0.437176 0.015789 0.010552
0 0.129877 0.412402 0.015599 0.010758
1 0.061815 0.717548 0.045134 0.030931
0 0.471001 0.277508 0.017991 0.013551
0 0.172239 0.728737 0.021697 0.013177
0 0.137977 0.392376 0.014562 0.009629
0 0.124538 0.561495 0.015540 0.009882
0 0.387626 0.295618 0.014955 0.011080
0 0.246927 0.674307 0.014887 0.011124
0 0.393112 0.523482 0.014270 0.009799
0 0.181384 0.301085 0.020725 0.011327
0 0.316578 0.396033 0.018680 0.012690
0 0.297742 0.551682 0.019883 0.014239
0 0.220483 0.435880 0.013808 0.009857
0 0.480101 0.388539 0.020122 0.013408
0 0.259662 0.515736 0.017425 0.010669
0 0.346342 0.218673 0.017434 0.011528
0 0.495986 0.403864 0.014874 0.010716
0 0.027332 0.307886 0.016791 0.011731
0 0.473870 0.337052 0.015667 0.010453
0 0.145419 0.482885 0.015744 0.011219
0 0.289958 0.371927 0.016380 0.011581
0 0.555902 0.511765 0.015869 0.010590
0 0.452822 0.508264 0.014396 0.010200
0 0.321799 0.677720 0.014634 0.009338
0 0.324508 0.659752 0.014930 0.010308
0 0.485119 0.583689 0.022370 0.017708
0 0.091049 0.330173 0.018342 0.012519
0 0.366353 0.328045 0.018181 0.013906
0 0.253398 0.470907 0.013497 0.009105
0 0.125619 0.725183 0.020108 0.014706
0 0.032728 0.664769 0.015480 0.009916
0 0.482780 0.424286 0.014172 0.009343
0 0.270435 0.665827 0.018947 0.014264
0 0.194484 0.279985 0.018160 0.012688
0 0.238463 0.409885 0.013661 0.011047
0 0.031679 0.524400 0.016083 0.010552
0 0.139946 0.285577 0.018869 0.011870
0 0.194600 0.564619 0.020215 0.014444
0 0.163264 0.270084 0.015581 0.011078
0 0.237648 0.520705 0.015159 0.011212
0 0.072732 0.599332 0.016737 0.009971
0 0.090692 0.352484 0.016227 0.010746
0 0.554498 0.488574 0.018003 0.010596
0 0.453718 0.396693 0.014360 0.011915
0 0.238336 0.422355 0.014631 0.010359
1 0.423045 0.435391 0.046975 0.041491
0 0.494912 0.540478 0.016605 0.010850
0 0.230432 0.291471 0.017534 0.010715
0 0.302463 0.330092 0.020800 0.013507
0 0.190000 0.578990 0.019656 0.011696
0 0.397587 0.556302 0.014897 0.010220
0 0.212421 0.528716 0.016144 0.011778
0 0.527570 0.458574 0.015700 0.010734
0 0.005556 0.463597 0.011111 0.012080
0 0.369867 0.469785 0.018584 0.012643
0 0.489705 0.561159 0.016055 0.010422
0 0.009087 0.512713 0.017320 0.015091
0 0.246859 0.635116 0.014459 0.009102
0 0.271860 0.709813 0.015950 0.010593
0 0.095417 0.551508 0.013760 0.009135
0 0.161636 0.704224 0.016574 0.010684
0 0.507207 0.626061 0.030127 0.018364
0 0.191036 0.527743 0.015036 0.010627
0 0.110838 0.498651 0.016136 0.011064
0 0.163389 0.660934 0.022959 0.013879
0 0.536560 0.296811 0.013899 0.011100
0 0.538563 0.382058 0.014059 0.009350
0 0.375123 0.671191 0.022766 0.014495
0 0.433690 0.343061 0.013094 0.009432
0 0.514650 0.532157 0.019742 0.013805
0 0.168851 0.637421 0.016672 0.011035
0 0.343215 0.459635 0.016525 0.011982
0 0.059364 0.614652 0.014453 0.009593
0 0.069960 0.455407 0.017579 0.010632
0 0.275657 0.236231 0.013846 0.009857
0 0.590174 0.503353 0.017209 0.010789
0 0.362470 0.360438 0.014255 0.009056
0 0.385308 0.375263 0.015337 0.010263
0 0.513742 0.471042 0.014256 0.009701
1 0.386026 0.612940 0.037502 0.024076
0 0.268693 0.417605 0.014016 0.009737
0 0.296681 0.641413 0.014838 0.009955
0 0.552547 0.574499 0.021284 0.013639
0 0.271112 0.725425 0.016534 0.010778
0 0.415271 0.711903 0.019237 0.015168
0 0.447175 0.677886 0.016899 0.011274
0 0.257882 0.498681 0.017108 0.012429
0 0.005850 0.624072 0.011699 0.012595
0 0.315297 0.717828 0.017510 0.011331
0 0.415416 0.523017 0.014592 0.009711
1 0.415285 0.406787 0.044510 0.026484
0 0.508033 0.490089 0.014753 0.014733
0 0.510794 0.535230 0.021839 0.011319
0 0.471811 0.295585 0.016682 0.010566
0 0.339624 0.558344 0.014887 0.010297
0 0.428562 0.309928 0.016616 0.011655
0 0.233528 0.719220 0.018972 0.013152
0 0.351174 0.446927 0.016052 0.010102
0 0.518141 0.591603 0.020688 0.013463
1 0.418768 0.436483 0.033693 0.012001
0 0.522431 0.526865 0.016245 0.012656
0 0.459996 0.488319 0.016507 0.011368
0 0.139916 0.347635 0.015667 0.012149
0 0.389246 0.356133 0.017659 0.009056
0 0.108988 0.263719 0.015163 0.013185
0 0.177156 0.285460 0.020971 0.013557
0 0.291713 0.396350 0.020448 0.014996
0 0.104709 0.709033 0.018263 0.011601
0 0.251750 0.285647 0.016854 0.011651
0 0.501221 0.371720 0.026603 0.011484
0 0.423605 0.623060 0.025625 0.016151
0 0.139766 0.723402 0.031901 0.017312
0 0.404585 0.657398 0.018796 0.013184
0 0.506713 0.485450 0.015453 0.012315
0 0.471431 0.515939 0.016030 0.009146
0 0.022768 0.325778 0.026611 0.027141