0 0.210748 0.462486 0.020148 0.020232
1 0.117819 0.272543 0.067863 0.061090
0 0.035270 0.477590 0.022336 0.019961
1 0.292101 0.383870 0.048450 0.046734
0 0.557137 0.345541 0.017993 0.018756
0 0.574508 0.642131 0.019673 0.018587
0 0.604933 0.376769 0.021722 0.019357
0 0.623158 0.542048 0.020742 0.019345
0 0.269591 0.311190 0.021587 0.022152
0 0.465966 0.306529 0.022730 0.022817
0 0.301313 0.465741 0.018484 0.018207
0 0.084113 0.400509 0.022736 0.023307
0 0.030424 0.556042 0.022109 0.021088
0 0.530749 0.573597 0.018459 0.019059
0 0.302973 0.716970 0.014705 0.013453
1 0.605220 0.837712 0.098914 0.086686
0 0.134559 0.573781 0.020364 0.019039
0 0.760915 0.477089 0.020837 0.018709
0 0.567978 0.430325 0.020291 0.019601
0 0.534432 0.322818 0.018326 0.018036
0 0.379626 0.527489 0.019318 0.017995
0 0.647897 0.390457 0.018679 0.018760
0 0.579210 0.578157 0.016839 0.016233
0 0.272397 0.523656 0.023079 0.020864
0 0.507584 0.270961 0.019917 0.020249
0 0.517303 0.683561 0.022418 0.021122
0 0.210536 0.368295 0.018807 0.018100
0 0.154573 0.990930 0.022438 0.018139
0 0.833095 0.517651 0.019291 0.019036
1 0.506375 0.763973 0.041266 0.038639
0 0.553330 0.686207 0.021918 0.022259
0 0.708534 0.731111 0.022968 0.021460
0 0.531748 0.384209 0.018439 0.018030
0 0.387456 0.840902 0.019906 0.019665
0 0.648198 0.763908 0.019450 0.019619
0 0.571606 0.615725 0.018967 0.018350
0 0.281903 0.593623 0.016225 0.014932
0 0.379251 0.292753 0.022229 0.020645
0 0.167931 0.228182 0.020996 0.019982
0 0.209161 0.321885 0.023871 0.023034
0 0.602249 0.424245 0.018675 0.019758
0 0.483749 0.247261 0.019981 0.021312
0 0.264632 0.577063 0.021594 0.020609
0 0.353342 0.932374 0.025578 0.029306
0 0.695171 0.491288 0.023483 0.022100
0 0.446233 0.737684 0.020815 0.019594
0 0.594392 0.457920 0.020442 0.019248
0 0.037434 0.736398 0.021200 0.020354
0 0.240386 0.146606 0.020780 0.022103
0 0.754376 0.739770 0.019364 0.017894
1 0.596286 0.797351 0.048109 0.053512
0 0.419357 0.140154 0.016018 0.016386
0 0.417575 0.909997 0.026722 0.024645
0 0.570093 0.528730 0.024354 0.025952
0 0.167715 0.488083 0.017986 0.018196
0 0.010472 0.825199 0.019046 0.019426
0 0.294376 0.500973 0.015421 0.014588
0 0.103721 0.705664 0.021035 0.020255
0 0.145538 0.636141 0.015957 0.015398
0 0.551614 0.248955 0.017821 0.017954
0 0.441676 0.523621 0.015563 0.015388
0 0.326276 0.413444 0.021414 0.021307
0 0.422925 0.696893 0.023475 0.026657
0 0.689896 0.582144 0.017422 0.018948
0 0.406901 0.397003 0.021243 0.020627
0 0.247586 0.595095 0.017435 0.015991
0 0.236898 0.338132 0.018452 0.019017
0 0.425920 0.506176 0.016509 0.017436
0 0.454978 0.793080 0.019361 0.018839
0 0.631300 0.610855 0.025409 0.022722
0 0.603185 0.696116 0.021290 0.018511
0 0.643849 0.744171 0.021180 0.021507
0 0.390202 0.474138 0.022249 0.023643
0 0.758397 0.653074 0.016848 0.015970
0 0.649966 0.918345 0.029300 0.027875
0 0.466674 0.752227 0.018817 0.019117
0 0.045013 0.317996 0.025112 0.024712
0 0.761666 0.331598 0.020772 0.020068
1 0.009010 0.686254 0.016953 0.038081
0 0.481911 0.601616 0.015734 0.013859
0 0.764931 0.773770 0.022716 0.020596
0 0.814265 0.579801 0.024170 0.023144
0 0.069335 0.684547 0.020740 0.021573
0 0.683003 0.394663 0.019582 0.016865
0 0.719429 0.872430 0.019924 0.019115
0 0.212051 0.926764 0.021771 0.019795
0 0.679938 0.488272 0.018784 0.018647
0 0.459363 0.405056 0.019998 0.022973
0 0.616792 0.251511 0.022895 0.025256
0 0.416519 0.868290 0.021666 0.021001
0 0.167434 0.684573 0.020107 0.017686
0 0.350325 0.219396 0.017300 0.017398
0 0.481013 0.438900 0.014498 0.014286
0 0.151763 0.532438 0.015864 0.015496
0 0.428391 0.163409 0.019068 0.018704
0 0.641109 0.640964 0.023050 0.021695
0 0.614928 0.760500 0.016692 0.015767
0 0.117050 0.332961 0.017360 0.017670
0 0.256146 0.396947 0.018620 0.019211
0 0.653530 0.718069 0.018827 0.019698
0 0.711535 0.406088 0.019411 0.018684
0 0.313138 0.522444 0.019361 0.017532
0 0.514639 0.906626 0.015440 0.015532
0 0.483219 0.408515 0.018805 0.020236
0 0.551725 0.628370 0.017847 0.016039
0 0.442491 0.260390 0.017775 0.017937
0 0.504617 0.509302 0.027812 0.028261
0 0.294499 0.774473 0.017652 0.016164
1 0.621126 0.836127 0.049672 0.045316
0 0.432214 0.834449 0.017260 0.017595
0 0.279709 0.872569 0.017535 0.016143
0 0.504311 0.389389 0.018631 0.018688
0 0.406132 0.425034 0.017659 0.019474
0 0.441648 0.101625 0.023250 0.022356
0 0.408561 0.534557 0.017757 0.019174
0 0.356536 0.290250 0.026659 0.019190
0 0.011395 0.626817 0.018207 0.018531
0 0.225029 0.921175 0.039351 0.031486
0 0.567557 0.265373 0.018263 0.016789
0 0.109104 0.808414 0.020303 0.021955
0 0.236442 0.485386 0.018553 0.017447
0 0.592091 0.671599 0.014311 0.014221
0 0.165979 0.615223 0.018789 0.017069
0 0.257792 0.252621 0.020488 0.018778
0 0.549181 0.857267 0.019660 0.023684
0 0.102574 0.610913 0.018698 0.020212