1 0.480167 0.922875 0.076874 0.048707
1 0.164947 0.318296 0.102680 0.064721
1 0.340188 0.068855 0.080651 0.053108
0 0.698155 0.832323 0.029258 0.019002
0 0.734174 0.714101 0.028109 0.019090
0 0.697733 0.759942 0.027420 0.018791
0 0.258512 0.629938 0.029151 0.018726
0 0.965013 0.149089 0.028805 0.019319
0 0.679708 0.871916 0.027566 0.018399
0 0.934262 0.224441 0.027586 0.018899
0 0.942632 0.732049 0.028937 0.018709
0 0.878234 0.621042 0.030416 0.019472
0 0.480840 0.624937 0.029504 0.019439
0 0.708981 0.958755 0.026888 0.018581
0 0.515386 0.762726 0.027551 0.017926
0 0.837515 0.313266 0.030200 0.019079
0 0.432675 0.799806 0.030324 0.021466
0 0.443466 0.550978 0.026608 0.018220
0 0.720419 0.067822 0.028598 0.020300
0 0.410183 0.605152 0.027411 0.017523
0 0.404948 0.204739 0.027858 0.017088
0 0.381042 0.480935 0.028693 0.019211
0 0.655395 0.695978 0.040863 0.020218
0 0.585823 0.871953 0.035635 0.020210
0 0.353458 0.139485 0.022472 0.015006
0 0.269633 0.704797 0.027543 0.018411
0 0.286890 0.588510 0.030618 0.019810
0 0.556749 0.633444 0.027217 0.019763
0 0.881566 0.200635 0.028134 0.018659
0 0.387959 0.389068 0.031786 0.019300
0 0.676922 0.275385 0.033308 0.019748
0 0.677489 0.784236 0.026904 0.018177
0 0.884724 0.533805 0.033740 0.023077
0 0.384611 0.559310 0.033577 0.021509
0 0.952057 0.690711 0.027739 0.018589
0 0.779643 0.984280 0.026537 0.018774
0 0.347184 0.705661 0.028848 0.021437
0 0.474136 0.710506 0.030372 0.020259
0 0.787134 0.886810 0.036324 0.019491
0 0.620319 0.714254 0.024085 0.015667
0 0.651789 0.834574 0.026835 0.018536
0 0.756328 0.937606 0.024364 0.015466
0 0.655038 0.906250 0.029058 0.017371
0 0.806497 0.943775 0.036214 0.018950
0 0.391777 0.629971 0.033670 0.020788
0 0.800928 0.055533 0.035655 0.019238
0 0.372115 0.601589 0.025849 0.016233
0 0.337246 0.522907 0.026269 0.017366
0 0.779023 0.843425 0.024273 0.016081
0 0.592588 0.624509 0.027748 0.018853
0 0.643858 0.761997 0.029597 0.024875
0 0.045697 0.537144 0.033031 0.023219
0 0.545165 0.990653 0.025715 0.017667
0 0.871856 0.498476 0.034105 0.021274
0 0.379389 0.309843 0.028352 0.020857
0 0.452781 0.338048 0.029181 0.020183
0 0.790244 0.010429 0.028003 0.017989
0 0.623622 0.050553 0.025124 0.015698
0 0.477492 0.758183 0.025489 0.017503
1 0.932244 0.876516 0.069918 0.043975
0 0.481434 0.209839 0.027861 0.020149
0 0.321071 0.548508 0.026109 0.017522
0 0.546577 0.541314 0.029277 0.019224
0 0.397958 0.128029 0.022803 0.016000
0 0.965844 0.819088 0.029926 0.018128
0 0.966907 0.784183 0.041188 0.021316
0 0.891597 0.471112 0.027705 0.017860
0 0.786844 0.716941 0.027585 0.017578
0 0.284348 0.251928 0.029410 0.019568
0 0.599954 0.234732 0.029526 0.019122
0 0.482365 0.053520 0.022288 0.015653
0 0.635102 0.335388 0.024109 0.015567
0 0.716764 0.046332 0.023141 0.015762
0 0.959042 0.483396 0.035529 0.021574
0 0.644133 0.013468 0.023839 0.015997
0 0.558685 0.068658 0.028687 0.017069
0 0.567527 0.421409 0.030470 0.021156
0 0.797723 0.864785 0.023925 0.015036
0 0.320220 0.226910 0.023049 0.016043
0 0.581490 0.118918 0.029467 0.020591
0 0.703828 0.375205 0.028045 0.019296
0 0.584655 0.353381 0.026322 0.017246
0 0.469796 0.488107 0.028137 0.018324
0 0.862486 0.012822 0.026924 0.017401
0 0.969827 0.239445 0.026465 0.018199
0 0.305498 0.494197 0.043614 0.019767
0 0.938368 0.522720 0.026857 0.017344
0 0.670846 0.048150 0.022350 0.013543
0 0.969876 0.380977 0.029733 0.018799
0 0.188733 0.222528 0.026038 0.017997
0 0.571143 0.746964 0.026722 0.016109
0 0.585836 0.013784 0.023074 0.015078
0 0.281731 0.800358 0.024376 0.016818
0 0.113673 0.249586 0.022760 0.014542
0 0.299721 0.324340 0.022740 0.015976
0 0.576183 0.720924 0.029232 0.017758
0 0.304902 0.171151 0.023689 0.016238
0 0.919956 0.259748 0.024392 0.016901
0 0.686075 0.326176 0.036033 0.018459
0 0.344472 0.253493 0.027770 0.019529
0 0.707871 0.015905 0.031608 0.020612
0 0.370352 0.219881 0.026101 0.017394
0 0.803663 0.550352 0.026024 0.017174
0 0.949670 0.965724 0.026459 0.017693
0 0.504732 0.818285 0.029532 0.017347
0 0.627478 0.907833 0.024015 0.015073
0 0.384675 0.788888 0.026454 0.017658
0 0.748998 0.184010 0.027899 0.018772
0 0.451730 0.180800 0.026028 0.016281
0 0.458094 0.021407 0.022369 0.013866
0 0.344919 0.664678 0.028025 0.018235
1 0.754762 0.545372 0.063963 0.040480
0 0.984887 0.721987 0.029555 0.020252
0 0.551935 0.799637 0.026765 0.018766
0 0.469841 0.847441 0.026043 0.016794
0 0.718092 0.930555 0.026021 0.016846
0 0.641411 0.073254 0.023139 0.016061
0 0.558115 0.668205 0.031317 0.018212
0 0.923290 0.579008 0.026464 0.018235
0 0.985872 0.539698 0.028255 0.020155
0 0.930990 0.433640 0.031306 0.019345
0 0.903913 0.419993 0.027380 0.018259
0 0.203956 0.278869 0.023838 0.014699
0 0.602940 0.303291 0.029335 0.024473
0 0.719258 0.053186 0.029594 0.027845
0 0.340735 0.774577 0.027721 0.021079
0 0.853137 0.201747 0.024171 0.014740
0 0.678963 0.200557 0.023545 0.015668
0 0.256985 0.658048 0.028827 0.018468
0 0.385048 0.276346 0.027404 0.017506
0 0.562735 0.694673 0.024541 0.015716
0 0.675692 0.363910 0.025205 0.017120
0 0.577374 0.663291 0.034893 0.017648
0 0.627026 0.978608 0.031897 0.022333
0 0.259326 0.167669 0.034460 0.024613
0 0.260481 0.299751 0.022378 0.015536
0 0.603472 0.390516 0.036115 0.022763
0 0.376360 0.755207 0.022586 0.013412
0 0.416441 0.710807 0.028986 0.019494
0 0.796908 0.695630 0.024995 0.016944
0 0.290047 0.459490 0.026900 0.017072
0 0.346700 0.362407 0.028356 0.016545
0 0.648742 0.094777 0.025642 0.016070
0 0.955549 0.419090 0.024935 0.018880
0 0.764303 0.276146 0.028114 0.020840
0 0.329279 0.335960 0.023194 0.015201
0 0.426456 0.919872 0.024018 0.014854
0 0.239998 0.387803 0.027409 0.017775
0 0.179893 0.184199 0.022337 0.014902
0 0.707243 0.477771 0.027777 0.017991
0 0.429448 0.301734 0.023644 0.014705
0 0.720180 0.217575 0.029908 0.024040
0 0.420210 0.333918 0.022840 0.013980
0 0.464149 0.087589 0.022036 0.013784
0 0.568514 0.271731 0.027660 0.020742
0 0.969748 0.605474 0.033891 0.021878
0 0.931488 0.301619 0.034882 0.018411
0 0.942467 0.622367 0.022976 0.015957
0 0.642588 0.906769 0.044737 0.014715
0 0.659705 0.995311 0.025436 0.009378
0 0.924693 0.484402 0.023192 0.014021
0 0.452445 0.300080 0.030042 0.017862
0 0.981070 0.310562 0.028955 0.020561
0 0.591090 0.946007 0.029300 0.018484
0 0.917669 0.402491 0.027990 0.019289
0 0.497329 0.793340 0.022010 0.014043
0 0.760304 0.896760 0.022755 0.016014
0 0.815589 0.209570 0.025994 0.018044
0 0.346490 0.768496 0.024498 0.015912
0 0.585304 0.384310 0.039343 0.020651
0 0.976596 0.634025 0.034850 0.022598
0 0.898842 0.289582 0.025032 0.015748