1 0.574176 0.495593 0.052510 0.037116
1 0.751205 0.380723 0.065704 0.050240
0 0.322922 0.378564 0.019905 0.013621
0 0.519863 0.406387 0.022043 0.015558
0 0.518927 0.255841 0.024592 0.017496
0 0.454364 0.266749 0.023386 0.016943
0 0.382501 0.513975 0.019833 0.012926
1 0.448492 0.178241 0.041225 0.032539
0 0.269605 0.370551 0.019617 0.014255
1 0.549822 0.143077 0.047995 0.035439
0 0.801936 0.436050 0.020276 0.015165
0 0.387794 0.580214 0.020705 0.014021
0 0.648488 0.490035 0.020586 0.014154
0 0.684593 0.468524 0.020055 0.013707
0 0.407954 0.233840 0.021490 0.015440
0 0.571710 0.453458 0.019442 0.012847
0 0.564191 0.413232 0.017757 0.011350
0 0.691243 0.410256 0.019881 0.013851
0 0.455616 0.574030 0.021164 0.014374
0 0.776984 0.485571 0.020283 0.014257
0 0.505919 0.498644 0.020636 0.014065
0 0.318680 0.433770 0.019605 0.014728
0 0.590162 0.117417 0.017820 0.012432
0 0.621755 0.164281 0.022159 0.016390
0 0.818811 0.296460 0.020579 0.015555
0 0.726547 0.462814 0.019295 0.013050
0 0.291102 0.342584 0.019528 0.013377
0 0.268662 0.280552 0.018192 0.011792
0 0.206210 0.269550 0.016716 0.012901
0 0.464961 0.203246 0.019153 0.012364
0 0.848570 0.337953 0.019462 0.012873
0 0.527420 0.206108 0.019589 0.013871
0 0.724499 0.167865 0.019748 0.014169
0 0.507746 0.356151 0.018573 0.012618
0 0.401050 0.421068 0.020261 0.014883
0 0.670446 0.604087 0.024082 0.017080
0 0.497274 0.096901 0.018207 0.012945
0 0.437733 0.486887 0.017746 0.012580
0 0.840142 0.227630 0.021041 0.015216
0 0.594193 0.399027 0.021978 0.014699
0 0.347391 0.497239 0.019233 0.014317
0 0.812890 0.350903 0.019597 0.014572
0 0.431562 0.429307 0.018836 0.011732
0 0.453533 0.347630 0.020388 0.015948
0 0.606657 0.500569 0.018954 0.012813
0 0.364440 0.126048 0.018830 0.013611
0 0.624634 0.283075 0.021980 0.014632
0 0.805598 0.532724 0.016453 0.012408
0 0.327936 0.190041 0.018580 0.012190
0 0.253976 0.289983 0.017816 0.012385
0 0.567668 0.383401 0.017191 0.011713
0 0.235224 0.262874 0.016776 0.011489
0 0.726796 0.522317 0.020941 0.015419
0 0.440759 0.087435 0.016642 0.013815
0 0.484170 0.477044 0.018469 0.012073
0 0.344335 0.144253 0.016213 0.011307
0 0.299863 0.129339 0.017757 0.012484
0 0.696253 0.380880 0.016184 0.012450
0 0.478410 0.464546 0.019564 0.014979
0 0.544265 0.165429 0.017515 0.010192
0 0.622674 0.423691 0.017080 0.011147
0 0.644124 0.409046 0.017759 0.013943
0 0.562682 0.575001 0.023543 0.017850
0 0.569819 0.074040 0.015567 0.011146
0 0.784223 0.255579 0.017195 0.012191
0 0.807805 0.229168 0.017922 0.012548
0 0.353287 0.408132 0.016987 0.012935
0 0.618259 0.312849 0.019650 0.014063
0 0.354332 0.272017 0.017755 0.013695
0 0.391932 0.168529 0.016384 0.012155
0 0.328509 0.571909 0.022682 0.014737
0 0.640129 0.248144 0.021585 0.015603
0 0.410418 0.516588 0.018032 0.013824
0 0.421544 0.556540 0.016400 0.011384
0 0.839584 0.467565 0.016906 0.011603
0 0.190801 0.395434 0.019905 0.012155
0 0.423676 0.520194 0.020085 0.013087
0 0.437949 0.401133 0.015812 0.010681
0 0.909147 0.339256 0.015019 0.010056
0 0.482342 0.470064 0.021091 0.019868