1 0.457228 0.904540 0.056266 0.045768
0 0.147534 0.559446 0.028308 0.020192
0 0.194392 0.511780 0.022775 0.016466
0 0.078801 0.703584 0.024008 0.016876
0 0.472083 0.471435 0.020386 0.015067
0 0.326230 0.632725 0.019065 0.014524
1 0.411041 0.931042 0.048421 0.042820
0 0.143843 0.740837 0.023725 0.015711
0 0.235584 0.771895 0.021204 0.014357
0 0.540303 0.822136 0.019421 0.014582
0 0.399127 0.760715 0.019535 0.014288
0 0.340599 0.804935 0.017806 0.012914
0 0.105926 0.615027 0.019604 0.013848
0 0.400537 0.442502 0.018754 0.013188
0 0.369608 0.703120 0.021370 0.014919
0 0.209561 0.783582 0.019070 0.014319
0 0.547390 0.757897 0.017218 0.012604
0 0.281181 0.858917 0.019323 0.013957
0 0.263709 0.625618 0.021360 0.015252
0 0.043659 0.656049 0.017288 0.012681
1 0.265212 0.920287 0.043494 0.039754
0 0.506617 0.723839 0.017948 0.013230
1 0.551672 0.403502 0.037793 0.023066
0 0.705017 0.757656 0.015873 0.011545
0 0.710650 0.589278 0.013485 0.011567
0 0.437987 0.686723 0.020676 0.014612
0 0.329235 0.512778 0.021254 0.015447
0 0.739161 0.575660 0.014375 0.011205
0 0.510015 0.808508 0.021704 0.014773
0 0.394717 0.531045 0.018566 0.013491
0 0.495960 0.905945 0.014009 0.011379
0 0.553559 0.945266 0.033384 0.020988
0 0.045307 0.727894 0.016998 0.011158
0 0.596606 0.871981 0.020917 0.014978
0 0.239359 0.985650 0.021527 0.014005
0 0.718244 0.571780 0.013085 0.011217