0 0.270933 0.504660 0.025598 0.017805
0 0.314836 0.479899 0.026913 0.018590
1 0.527298 0.632709 0.042949 0.034810
0 0.216378 0.814704 0.028364 0.019426
0 0.719977 0.496481 0.024563 0.018850
0 0.456477 0.590593 0.019322 0.012948
0 0.322232 0.717087 0.023583 0.017046
0 0.654751 0.478715 0.022132 0.016554
1 0.489799 0.665543 0.038001 0.031350
0 0.255016 0.618705 0.022183 0.016236
0 0.602742 0.391744 0.021848 0.016970
0 0.339325 0.408493 0.019274 0.014438
0 0.442929 0.626091 0.021147 0.014751
0 0.191954 0.430201 0.026585 0.020191
0 0.465084 0.458226 0.021469 0.015516
0 0.404164 0.766549 0.025293 0.018117
0 0.465312 0.552145 0.019932 0.013122
0 0.671379 0.679788 0.026801 0.019641
0 0.268104 0.766151 0.021370 0.014661
0 0.291602 0.444986 0.021737 0.015225
0 0.680922 0.625581 0.025397 0.020424
0 0.435864 0.362211 0.020620 0.016931
0 0.654160 0.446627 0.019560 0.015152
0 0.555470 0.562569 0.021298 0.016434
0 0.439984 0.472216 0.023954 0.019830
0 0.629920 0.372188 0.021105 0.014627
0 0.589561 0.696605 0.021451 0.016716
0 0.292204 0.541086 0.021576 0.015810
0 0.765135 0.589270 0.020852 0.013743
0 0.742477 0.674594 0.024015 0.017646
0 0.403408 0.427007 0.023469 0.017604
0 0.225430 0.791152 0.022248 0.015609
0 0.708699 0.648987 0.020732 0.015043
0 0.456305 0.777231 0.021195 0.016117
0 0.225261 0.376870 0.019799 0.014414
0 0.167977 0.483018 0.031261 0.023047
0 0.477167 0.641746 0.016708 0.011784
0 0.604208 0.773024 0.024079 0.018699
0 0.446632 0.660132 0.018476 0.013144
1 0.554866 0.864663 0.057915 0.040487
0 0.193595 0.405051 0.019324 0.013040
0 0.308454 0.325919 0.021748 0.015070
0 0.616330 0.660796 0.025140 0.018303
0 0.413839 0.816279 0.028277 0.020099
0 0.468396 0.504854 0.020320 0.013504
0 0.669286 0.567675 0.020711 0.013772
0 0.251455 0.589371 0.024674 0.018404
0 0.085375 0.660341 0.019480 0.014795
0 0.180313 0.781953 0.018618 0.012292
0 0.359061 0.531986 0.018815 0.012993
0 0.297749 0.653747 0.024310 0.017191
0 0.105783 0.645148 0.019418 0.013688
0 0.372560 0.574772 0.018381 0.013582
0 0.321414 0.457784 0.016521 0.011035
0 0.652435 0.375936 0.019063 0.013043