0 0.759935 0.466525 0.021121 0.017678
0 0.318937 0.473200 0.018666 0.015215
0 0.510569 0.396805 0.023980 0.018576
0 0.358599 0.417011 0.024176 0.018606
0 0.305449 0.654297 0.025183 0.020598
0 0.731352 0.417829 0.024985 0.015778
0 0.521733 0.493148 0.017584 0.015598
0 0.275162 0.582682 0.014795 0.012348
0 0.452497 0.654346 0.018780 0.015848
0 0.870773 0.644154 0.018412 0.013553
0 0.374391 0.505253 0.021106 0.015283
0 0.395485 0.790926 0.019610 0.014173
0 0.729919 0.773212 0.022918 0.019810
0 0.684810 0.521138 0.026168 0.020366
0 0.789186 0.601350 0.019227 0.014700
0 0.760133 0.504666 0.018833 0.013643
0 0.826482 0.645316 0.016452 0.014492
0 0.562382 0.399892 0.021815 0.018550
0 0.627725 0.469898 0.020104 0.014902
0 0.551479 0.816584 0.024605 0.020936
0 0.561465 0.479095 0.019902 0.016956
0 0.419682 0.769437 0.020825 0.017318
0 0.324074 0.684579 0.023634 0.019150
0 0.401524 0.359936 0.016383 0.013267
0 0.844581 0.731245 0.014813 0.012832
0 0.879073 0.496286 0.021269 0.017278
0 0.673245 0.810942 0.027709 0.025023
0 0.481342 0.349703 0.019873 0.014894
0 0.780175 0.767336 0.021759 0.017440
0 0.348727 0.560390 0.018983 0.014800
0 0.386408 0.705905 0.026114 0.021000
0 0.699538 0.394840 0.018320 0.015075
0 0.633099 0.571304 0.018258 0.013321
0 0.548169 0.456333 0.017580 0.012050
0 0.777447 0.648595 0.020761 0.015510
0 0.362639 0.539027 0.018369 0.015505
0 0.862072 0.520281 0.017763 0.014840
0 0.454079 0.362206 0.014441 0.013146
0 0.505740 0.695261 0.024993 0.017204
0 0.619948 0.545075 0.014968 0.012784
0 0.543932 0.644691 0.021973 0.016154
0 0.470977 0.528246 0.020715 0.015706
0 0.664729 0.349912 0.017317 0.012855
0 0.370341 0.597140 0.017310 0.016031
0 0.641058 0.602732 0.013215 0.009675
0 0.725635 0.821757 0.019369 0.012812
0 0.565343 0.613755 0.015555 0.012412
0 0.533780 0.554399 0.014327 0.012308
0 0.790126 0.570730 0.018744 0.016383
0 0.435369 0.722637 0.022385 0.015454
0 0.748148 0.566284 0.015587 0.013615
0 0.783377 0.552495 0.015906 0.012582
0 0.850774 0.713948 0.018615 0.013757
0 0.697865 0.602801 0.017562 0.012471
0 0.631944 0.867519 0.027880 0.024593
0 0.936373 0.531189 0.018512 0.011775
0 0.524802 0.713166 0.030451 0.023657
0 0.413638 0.485145 0.015454 0.014220
0 0.411631 0.622400 0.015496 0.012956
0 0.695561 0.853927 0.024078 0.020147
0 0.573585 0.730258 0.019886 0.013493
0 0.603243 0.772858 0.015985 0.012812
0 0.723550 0.329345 0.015629 0.012748
0 0.565311 0.878422 0.019917 0.010820
0 0.422003 0.394474 0.012167 0.009961
0 0.712067 0.502250 0.018258 0.013437
0 0.643413 0.541166 0.023972 0.020817
0 0.865825 0.540082 0.017746 0.013687
0 0.736639 0.586901 0.020931 0.018011
0 0.612485 0.800705 0.018460 0.014642