0 0.499338 0.655645 0.023838 0.017767
0 0.387823 0.619275 0.019963 0.014199
0 0.632694 0.281470 0.025568 0.018858
0 0.838469 0.506343 0.022080 0.016233
0 0.682907 0.428869 0.020764 0.013685
0 0.837084 0.401721 0.027690 0.017356
0 0.384891 0.486925 0.019719 0.014919
0 0.550895 0.477622 0.020467 0.013769
0 0.689225 0.515061 0.020771 0.015279
0 0.474319 0.537092 0.019572 0.013321
0 0.347326 0.487399 0.021233 0.014275
0 0.870110 0.374419 0.023783 0.017874
0 0.702071 0.576996 0.019286 0.014383
0 0.491661 0.475640 0.020231 0.013875
0 0.614275 0.353139 0.019023 0.012781
0 0.731287 0.615862 0.022143 0.015031
0 0.453058 0.576764 0.018125 0.012542
0 0.471482 0.621058 0.018651 0.014242
0 0.833869 0.230288 0.017612 0.012925
0 0.357194 0.312593 0.019704 0.014417
0 0.432683 0.244263 0.020870 0.014975
0 0.359251 0.414477 0.021313 0.015088
0 0.395995 0.588830 0.021345 0.013671
0 0.634956 0.330617 0.018850 0.014117
0 0.755379 0.416441 0.026672 0.019941
0 0.887603 0.324958 0.018701 0.014157
0 0.366736 0.381062 0.020371 0.012935
0 0.590060 0.391458 0.018730 0.013335
0 0.517783 0.242085 0.017578 0.012796
0 0.665557 0.452989 0.018561 0.011775
0 0.757949 0.591091 0.018487 0.013478
0 0.686546 0.465460 0.019077 0.013276
0 0.588681 0.261456 0.019307 0.013892
0 0.539587 0.223113 0.018418 0.014151
0 0.551701 0.323647 0.018238 0.013593
0 0.510413 0.287831 0.020376 0.014224
0 0.657875 0.192207 0.019373 0.013770
0 0.623444 0.494509 0.019612 0.013142
0 0.635970 0.407869 0.023702 0.018413
0 0.402859 0.295891 0.018413 0.014102
0 0.842506 0.529328 0.017545 0.012788
0 0.570749 0.599044 0.019699 0.014274
0 0.654236 0.571056 0.020371 0.015193
0 0.349608 0.532712 0.019468 0.012708
0 0.767258 0.552609 0.020725 0.013628
0 0.432069 0.347631 0.017889 0.013054
0 0.383714 0.386368 0.020450 0.014498
0 0.756628 0.365530 0.016132 0.011013
0 0.693082 0.487974 0.018970 0.012815
0 0.841457 0.553263 0.016576 0.012461
0 0.279783 0.309779 0.017763 0.013234
0 0.679449 0.482899 0.021993 0.014086
0 0.420214 0.663510 0.018615 0.013459
0 0.436355 0.666093 0.019499 0.012710
0 0.325834 0.368975 0.017649 0.013215
0 0.544209 0.697409 0.027749 0.017936
0 0.811572 0.503456 0.017347 0.013293
0 0.503552 0.511746 0.018846 0.013671
0 0.725456 0.423258 0.018427 0.013050
0 0.258417 0.411410 0.019154 0.013576
0 0.202851 0.350612 0.018912 0.013706
0 0.504320 0.443944 0.016982 0.011170
0 0.412379 0.513980 0.016663 0.010620
0 0.739418 0.560240 0.018990 0.015849
0 0.388847 0.261577 0.020832 0.015312
0 0.644736 0.659221 0.019358 0.015074
0 0.586287 0.324581 0.017689 0.012402
0 0.513979 0.469793 0.017499 0.011339
0 0.481589 0.431328 0.019598 0.014705
0 0.253731 0.434000 0.018398 0.014023
0 0.553798 0.436569 0.020038 0.014154
0 0.390364 0.669962 0.016808 0.010499
0 0.538368 0.436954 0.019715 0.013107
0 0.436569 0.277302 0.017163 0.012845
0 0.785591 0.574364 0.022921 0.014981
0 0.589636 0.290763 0.018337 0.014227
0 0.585076 0.196314 0.017813 0.013193
0 0.375618 0.221286 0.018361 0.013998
0 0.355971 0.667266 0.015965 0.010086
0 0.255953 0.535198 0.017102 0.011784
0 0.656733 0.361372 0.021243 0.014553
0 0.539645 0.379658 0.020950 0.015094
0 0.750934 0.288524 0.020205 0.014227