1 0.230792 0.408403 0.051619 0.034190
1 0.357685 0.792530 0.053544 0.037255
0 0.449479 0.334257 0.019350 0.014670
0 0.497867 0.667545 0.023067 0.015878
0 0.301925 0.347116 0.018499 0.013353
0 0.454732 0.383235 0.017042 0.011890
0 0.366933 0.478807 0.017834 0.012491
0 0.384220 0.353178 0.017686 0.011475
0 0.079018 0.457308 0.017624 0.011977
0 0.185941 0.319987 0.020267 0.014855
0 0.298384 0.300547 0.018351 0.012488
0 0.280461 0.320389 0.018103 0.012151
0 0.139831 0.590211 0.015268 0.009740
0 0.596495 0.617637 0.021280 0.013676
0 0.425438 0.260890 0.017810 0.012879
0 0.612558 0.325799 0.020761 0.014308
0 0.231739 0.322638 0.017750 0.012997
0 0.571491 0.559086 0.015388 0.010314
0 0.537957 0.296494 0.016330 0.012292
0 0.300279 0.480555 0.024625 0.013412
0 0.553229 0.579183 0.019979 0.013065
0 0.543480 0.377567 0.016310 0.010548
0 0.588312 0.345195 0.017488 0.012900
0 0.421792 0.475606 0.019984 0.012929
0 0.484065 0.518989 0.016468 0.012134
0 0.621008 0.644772 0.017841 0.012070
0 0.353448 0.365465 0.017412 0.012107
0 0.117858 0.298061 0.019330 0.015554
0 0.410444 0.518342 0.017558 0.012541
0 0.260805 0.466205 0.018656 0.012404
0 0.516361 0.622038 0.018518 0.013637
0 0.096374 0.364007 0.018913 0.012214
0 0.555900 0.613350 0.019481 0.013095
0 0.567518 0.474530 0.017313 0.012201
0 0.173063 0.382397 0.022138 0.014402
0 0.120774 0.546834 0.015225 0.011375
0 0.459913 0.584075 0.017976 0.011831
0 0.280884 0.266696 0.016161 0.010919
0 0.372472 0.739391 0.021732 0.014234
0 0.092202 0.398732 0.016805 0.010660
0 0.243943 0.262108 0.023449 0.018809
0 0.529007 0.328124 0.016906 0.011051
0 0.462889 0.267923 0.021630 0.013171
0 0.527815 0.602108 0.018579 0.012023
0 0.451312 0.603014 0.020475 0.012886
0 0.193541 0.539183 0.016271 0.010486
0 0.484130 0.477683 0.016793 0.011488
0 0.652100 0.535756 0.016765 0.012044
0 0.149844 0.457720 0.015438 0.010764
0 0.398078 0.286447 0.019899 0.013457
0 0.379626 0.257484 0.016527 0.012509
0 0.225632 0.560191 0.017357 0.011692
0 0.524881 0.536967 0.015686 0.010371
0 0.610624 0.525683 0.018510 0.011452
0 0.235680 0.729304 0.019391 0.013562
0 0.493308 0.297737 0.016046 0.011312
0 0.425169 0.396659 0.016267 0.010545
0 0.175076 0.549187 0.014969 0.011126
0 0.636521 0.678904 0.017805 0.011836
0 0.446752 0.437340 0.021339 0.012948
0 0.449602 0.353410 0.017740 0.010807
0 0.578798 0.667880 0.018939 0.013595
0 0.601490 0.461132 0.014540 0.010615
0 0.394059 0.677777 0.018992 0.013882
0 0.554732 0.529914 0.015341 0.010535
0 0.156761 0.605765 0.016110 0.010952
0 0.640091 0.507626 0.015638 0.010508
0 0.496483 0.259890 0.017166 0.012206
0 0.383341 0.508079 0.016113 0.012065
0 0.122870 0.610237 0.013832 0.009938
0 0.093802 0.623267 0.016103 0.010638
0 0.159040 0.560955 0.015010 0.010207
0 0.637498 0.571059 0.020803 0.015775
0 0.472307 0.233196 0.020145 0.013374
0 0.069953 0.482456 0.016104 0.010623
0 0.584312 0.308159 0.014990 0.012311
0 0.072704 0.562912 0.016339 0.010765
0 0.207061 0.505445 0.017669 0.014671
0 0.588868 0.541702 0.016519 0.012226
0 0.382238 0.639300 0.014283 0.009436
1 0.213245 0.670096 0.045679 0.026536
0 0.666938 0.385553 0.020355 0.013804
0 0.569021 0.279562 0.032890 0.017174
0 0.224823 0.379149 0.017761 0.011399
0 0.037003 0.501042 0.017151 0.011041
0 0.094543 0.595595 0.017055 0.010664
0 0.021731 0.396299 0.022937 0.016193
0 0.561705 0.256806 0.019454 0.013212
0 0.555920 0.347834 0.015139 0.009863
0 0.211310 0.719235 0.017108 0.011538
0 0.731476 0.484043 0.013350 0.009860
0 0.672995 0.435381 0.013967 0.010051
0 0.118185 0.432093 0.015922 0.011456
0 0.192675 0.469608 0.018493 0.012381
0 0.549622 0.430337 0.018307 0.011992
0 0.093249 0.427352 0.015169 0.010828
0 0.013793 0.552669 0.015828 0.009457
0 0.376450 0.711128 0.017217 0.012704
0 0.372034 0.591716 0.016631 0.011325
0 0.611010 0.427838 0.017373 0.010636
0 0.696346 0.534610 0.014718 0.009411
0 0.128671 0.390323 0.015887 0.009870
0 0.098800 0.488785 0.017455 0.010996
0 0.043100 0.536002 0.014852 0.010752
0 0.131880 0.497730 0.017316 0.011926
0 0.556245 0.504807 0.022965 0.014335
0 0.655621 0.421967 0.019537 0.011778
0 0.498130 0.403781 0.016822 0.010964
0 0.592175 0.408398 0.020118 0.012213
0 0.404842 0.415875 0.018602 0.011091
0 0.652782 0.475547 0.022298 0.014237
0 0.110338 0.650839 0.014194 0.008947
0 0.301291 0.424212 0.021209 0.013394
0 0.322295 0.773905 0.021229 0.016740
0 0.513197 0.696401 0.018594 0.012860
0 0.438014 0.520687 0.017168 0.016782
0 0.411207 0.234532 0.015482 0.010245
0 0.302250 0.751678 0.027743 0.018007
0 0.496422 0.274708 0.014479 0.011084
0 0.345712 0.220393 0.017001 0.011139
0 0.474158 0.395142 0.018629 0.009521
0 0.401461 0.246886 0.014953 0.010067
0 0.489436 0.375070 0.016033 0.010220
0 0.257264 0.433994 0.014206 0.009750
0 0.348839 0.629814 0.015405 0.010375
0 0.389818 0.596601 0.017796 0.015306
0 0.534594 0.411525 0.023102 0.013460
0 0.349348 0.340149 0.014818 0.009590
0 0.268446 0.229435 0.016649 0.011672
0 0.120525 0.377084 0.017865 0.012555
0 0.138617 0.438444 0.013897 0.009872
0 0.156817 0.723237 0.018827 0.013254
0 0.081529 0.606953 0.012323 0.008974
0 0.592314 0.373927 0.021558 0.012824
0 0.319116 0.688398 0.015334 0.010896
0 0.236887 0.684466 0.016214 0.011383
0 0.178775 0.482288 0.017518 0.010928
0 0.687421 0.365107 0.015918 0.010219
1 0.176249 0.516810 0.041631 0.018945
0 0.694599 0.509896 0.019929 0.011979
0 0.338145 0.644582 0.015233 0.011320
0 0.114503 0.454913 0.018099 0.010507
0 0.642486 0.438376 0.016429 0.009997
0 0.632898 0.287141 0.016359 0.011883
0 0.728504 0.523079 0.015352 0.010571
0 0.292248 0.510984 0.020896 0.013166
0 0.427012 0.301178 0.022234 0.009759
0 0.738926 0.468270 0.014307 0.011002
0 0.106245 0.570429 0.013137 0.010899
0 0.609113 0.561992 0.015394 0.013736
0 0.408508 0.793982 0.025044 0.016347
0 0.351632 0.652017 0.016351 0.011036
0 0.300909 0.516323 0.023727 0.013361
0 0.459025 0.420695 0.017345 0.011627
0 0.622013 0.443017 0.014701 0.009247
0 0.272161 0.370437 0.015208 0.010539
0 0.101615 0.673807 0.015742 0.011396
0 0.428677 0.683223 0.021014 0.011631
0 0.020703 0.594447 0.017251 0.007804
0 0.107182 0.576448 0.012723 0.014703
0 0.291189 0.243114 0.015229 0.011259
0 0.570194 0.424541 0.017431 0.011525
0 0.444271 0.246817 0.011662 0.008712
0 0.381769 0.594476 0.030502 0.015098
0 0.463366 0.627630 0.016764 0.009443
0 0.381112 0.378841 0.015239 0.008646
0 0.300909 0.442237 0.019640 0.009956
0 0.341337 0.647296 0.022854 0.012669
1 0.266337 0.625123 0.133602 0.091915
0 0.096331 0.479098 0.017943 0.009935
0 0.680993 0.458781 0.013013 0.009004
0 0.605624 0.663850 0.016810 0.009537
0 0.562830 0.390390 0.013236 0.007632
0 0.457682 0.588643 0.022930 0.018362
0 0.129485 0.630060 0.013842 0.008939
0 0.628656 0.441488 0.022706 0.009267
0 0.412919 0.299448 0.022269 0.009594