0 0.517034 0.343549 0.022124 0.015864
0 0.434727 0.506019 0.019629 0.013365
1 0.320070 0.701965 0.047997 0.032224
0 0.657981 0.580969 0.021112 0.014693
0 0.583933 0.271867 0.018813 0.014697
0 0.663171 0.555829 0.018702 0.012656
0 0.392110 0.549827 0.021955 0.015308
0 0.479005 0.559645 0.018639 0.012912
0 0.416841 0.304865 0.023763 0.017250
0 0.533544 0.441368 0.016603 0.011487
0 0.477415 0.404724 0.018115 0.012182
0 0.464019 0.503141 0.018247 0.011795
0 0.459011 0.567081 0.017899 0.012007
0 0.490581 0.653049 0.017021 0.011184
0 0.806915 0.488653 0.019227 0.013559
0 0.299333 0.426124 0.020711 0.015085
0 0.545355 0.465281 0.018271 0.012115
0 0.447028 0.709810 0.017146 0.012554
0 0.527131 0.382055 0.018178 0.012270
0 0.411218 0.331274 0.023581 0.016514
0 0.482321 0.675780 0.016113 0.010732
0 0.392251 0.502950 0.020440 0.015862
0 0.443514 0.654628 0.015742 0.010858
0 0.676069 0.459290 0.018852 0.013622
0 0.323316 0.537998 0.024128 0.017473
0 0.811336 0.457514 0.018045 0.011984
0 0.560815 0.400596 0.017089 0.011223
0 0.853171 0.303676 0.016495 0.011046
0 0.871872 0.329382 0.016588 0.011976
0 0.870493 0.590290 0.019393 0.013659
0 0.843170 0.284778 0.018747 0.013722
0 0.607796 0.315657 0.019151 0.014509
0 0.630769 0.358263 0.017874 0.012584
0 0.483367 0.319306 0.020217 0.014857
0 0.461131 0.465545 0.016668 0.010850
0 0.747993 0.625276 0.018336 0.011847
0 0.429781 0.470953 0.017956 0.012365
0 0.647053 0.268521 0.021502 0.013979
0 0.688923 0.642135 0.016380 0.011292
0 0.729359 0.493506 0.020624 0.013460
0 0.561073 0.497282 0.018583 0.012415
0 0.571502 0.476701 0.016722 0.010599
0 0.771532 0.425948 0.015296 0.011297
0 0.764496 0.382303 0.018026 0.012914
0 0.658064 0.294177 0.017524 0.012857
0 0.506145 0.665449 0.015415 0.009991
0 0.633040 0.247008 0.016808 0.011538
0 0.626131 0.600709 0.018836 0.012257
0 0.380554 0.696946 0.015786 0.010825
0 0.609474 0.364067 0.017964 0.012483
0 0.855854 0.425136 0.017098 0.011788
0 0.613106 0.623671 0.015482 0.010283
0 0.556632 0.705327 0.018543 0.013391
0 0.626456 0.648143 0.017315 0.012825
0 0.671747 0.414457 0.020764 0.012163
0 0.760707 0.488076 0.019033 0.012309
0 0.553187 0.511938 0.018886 0.012643
0 0.737996 0.316226 0.019662 0.013443
0 0.791458 0.540668 0.018122 0.012705
0 0.572404 0.645579 0.016391 0.011155
0 0.803956 0.270301 0.018805 0.013764
0 0.682113 0.363672 0.018635 0.012289
0 0.464461 0.347748 0.020050 0.012416
0 0.491810 0.538118 0.017393 0.011837
0 0.872412 0.386310 0.020518 0.014860
0 0.724033 0.336592 0.019463 0.014305
0 0.447203 0.418294 0.021347 0.014549
0 0.436339 0.682259 0.015301 0.010263
0 0.646856 0.459987 0.018422 0.013354
0 0.498638 0.422057 0.017686 0.012483
0 0.644383 0.221144 0.022628 0.013643
0 0.347982 0.653814 0.016312 0.010027
0 0.386314 0.662937 0.015476 0.011187
0 0.830181 0.541745 0.017440 0.011564
0 0.589782 0.704439 0.016389 0.011097
0 0.532716 0.615362 0.017049 0.010801
0 0.853388 0.525615 0.019206 0.012924
0 0.479130 0.733549 0.017309 0.011997
0 0.370581 0.614785 0.015107 0.010311
0 0.494765 0.596235 0.014877 0.009965
0 0.497201 0.465879 0.017103 0.010210
0 0.623441 0.289464 0.016298 0.010742
0 0.475250 0.627073 0.014377 0.009310
0 0.482564 0.365428 0.016953 0.011316
0 0.640920 0.311790 0.016792 0.010879
0 0.407732 0.650756 0.015358 0.010055
0 0.513865 0.609281 0.017844 0.010773
0 0.824545 0.437303 0.020050 0.012595
0 0.681341 0.326096 0.020646 0.015192
0 0.710484 0.362657 0.016249 0.010393
0 0.597291 0.396302 0.016060 0.010458
0 0.454834 0.433339 0.015943 0.011125
0 0.812320 0.287333 0.018272 0.012232
0 0.791407 0.413712 0.019999 0.013212
0 0.683695 0.239221 0.017130 0.011412
0 0.875703 0.349257 0.017421 0.012073
0 0.730025 0.459412 0.015290 0.009454
0 0.623233 0.399003 0.018428 0.011124
0 0.342937 0.678853 0.014915 0.008872
0 0.374323 0.291558 0.025939 0.016946
0 0.660301 0.757945 0.025909 0.017081
0 0.414774 0.255577 0.022681 0.014041
0 0.648092 0.446215 0.019596 0.012685
0 0.852427 0.483324 0.016425 0.011793
0 0.363922 0.675718 0.015883 0.012995
0 0.755329 0.400600 0.014505 0.009476
0 0.706930 0.618649 0.017084 0.011029
0 0.579578 0.622200 0.016102 0.009853
0 0.865274 0.558099 0.017231 0.012281
0 0.518637 0.505471 0.016831 0.012679
0 0.729477 0.670698 0.017912 0.011703
0 0.410669 0.686277 0.015121 0.008742
0 0.714036 0.641968 0.015909 0.011588
0 0.743965 0.655537 0.019098 0.012235
0 0.627437 0.428077 0.015246 0.011752
0 0.534768 0.730813 0.027618 0.017089
0 0.654930 0.658058 0.015700 0.010436
0 0.521543 0.422022 0.015913 0.010548
0 0.525392 0.686312 0.015139 0.009047
0 0.273745 0.427829 0.017004 0.011603
0 0.711131 0.248216 0.018709 0.012916
0 0.800102 0.418414 0.019802 0.013498
0 0.481681 0.435725 0.017235 0.012455
0 0.525870 0.555401 0.016751 0.010507
0 0.652011 0.370720 0.015992 0.011143
0 0.505244 0.741292 0.016981 0.011953
0 0.888415 0.513364 0.017802 0.014353
0 0.671670 0.676724 0.016488 0.013402
0 0.591103 0.297627 0.014625 0.010255
0 0.447243 0.312045 0.021319 0.015422
0 0.460742 0.608199 0.016801 0.011007
0 0.632475 0.722359 0.018309 0.012210
0 0.735284 0.436251 0.015632 0.012173
0 0.886287 0.638578 0.019398 0.013277
0 0.340685 0.620480 0.014238 0.009411
0 0.511022 0.589006 0.014931 0.011322
0 0.605971 0.434396 0.015203 0.010386
0 0.516735 0.764130 0.027848 0.018735
0 0.538234 0.659549 0.015792 0.010077
0 0.655002 0.615900 0.018644 0.010171
0 0.686526 0.603627 0.016285 0.009667
0 0.495632 0.699268 0.015953 0.010293
0 0.914094 0.395085 0.019623 0.014614
0 0.724161 0.382820 0.016500 0.013160
0 0.847256 0.365006 0.013985 0.010304
0 0.594454 0.349147 0.017779 0.011640
0 0.671597 0.727812 0.017386 0.010899
0 0.297236 0.634150 0.015858 0.011025
0 0.539843 0.629499 0.015147 0.010106
0 0.647362 0.454253 0.021319 0.019625
0 0.513639 0.466975 0.015606 0.009622
0 0.919315 0.587799 0.016271 0.012220
0 0.571360 0.664969 0.015425 0.010153
0 0.383813 0.635221 0.016284 0.011388
0 0.513033 0.221408 0.019501 0.012742
0 0.931489 0.433742 0.015420 0.009549
0 0.506309 0.722593 0.014353 0.009284
0 0.468006 0.302308 0.021564 0.013697
0 0.488029 0.388939 0.016370 0.009938
0 0.220019 0.450588 0.015927 0.010827
0 0.405571 0.621354 0.017014 0.010835
0 0.804669 0.420676 0.017077 0.012410
0 0.620235 0.671218 0.015622 0.010730
0 0.496791 0.496445 0.017191 0.010166
0 0.946544 0.532703 0.015248 0.010209
0 0.435338 0.604705 0.016300 0.009904
0 0.546207 0.671068 0.016425 0.009179
0 0.419550 0.622505 0.013404 0.009153
0 0.785677 0.364374 0.015330 0.013112
0 0.770978 0.260879 0.016138 0.011043
0 0.461404 0.728552 0.015249 0.011341