1 0.491609 0.542549 0.053777 0.045533
1 0.105900 0.445892 0.087612 0.052164
1 0.170911 0.364816 0.051914 0.035830
1 0.230121 0.391306 0.048843 0.035623
1 0.272704 0.438619 0.051477 0.037472
1 0.360937 0.274845 0.044396 0.038357
1 0.222522 0.588300 0.051291 0.033747
1 0.378500 0.752554 0.047363 0.050163
1 0.108275 0.320336 0.052889 0.036733
1 0.476701 0.655619 0.082422 0.076347
1 0.189531 0.273583 0.054458 0.038913
1 0.514425 0.405147 0.046122 0.028907
1 0.330374 0.446976 0.043988 0.033825
1 0.456504 0.345472 0.034623 0.028526
0 0.553919 0.307524 0.020217 0.014134
1 0.267250 0.560262 0.034468 0.028159
0 0.503411 0.480177 0.019804 0.013716
0 0.447164 0.403024 0.020578 0.016195
0 0.384880 0.509185 0.019999 0.013648
1 0.043910 0.683427 0.053332 0.037098
0 0.247099 0.728462 0.016677 0.011234
0 0.294782 0.634566 0.019745 0.013010
0 0.335020 0.303458 0.016476 0.011468
0 0.508779 0.701394 0.020633 0.014536
0 0.383055 0.482203 0.026471 0.016402
0 0.632274 0.540617 0.016856 0.011443
0 0.460439 0.487209 0.019600 0.012817
0 0.190029 0.532890 0.019207 0.013223
0 0.587101 0.322674 0.019495 0.015228
0 0.236264 0.343580 0.020051 0.013400
0 0.516921 0.428499 0.020126 0.012300
0 0.646281 0.469143 0.021334 0.014975
0 0.181008 0.418110 0.019497 0.013413
0 0.196105 0.566281 0.018416 0.012639
0 0.638098 0.589468 0.017729 0.012231
0 0.265199 0.312546 0.022113 0.012693
0 0.317192 0.538972 0.015712 0.010731
0 0.354002 0.628268 0.014989 0.011851
0 0.666033 0.575707 0.019277 0.013950
0 0.327614 0.658743 0.015491 0.010826
0 0.603370 0.551130 0.024577 0.017285
0 0.072144 0.493880 0.020343 0.015106
0 0.089945 0.612973 0.016781 0.011369
0 0.356822 0.534236 0.014983 0.010680
0 0.343810 0.358927 0.016882 0.012657
0 0.478190 0.450976 0.023167 0.014075
0 0.650360 0.443885 0.017471 0.011651
0 0.425056 0.721442 0.021498 0.014180
0 0.346886 0.556730 0.016641 0.011315
0 0.013082 0.517008 0.017279 0.011518
0 0.199616 0.728274 0.017943 0.011527
0 0.314400 0.219387 0.016790 0.011388
0 0.551407 0.718946 0.022106 0.013187
0 0.047242 0.333976 0.021952 0.016803
0 0.384727 0.675463 0.016830 0.011683
0 0.303483 0.275816 0.017458 0.013634
0 0.356793 0.338834 0.018159 0.014324
0 0.430972 0.266539 0.017107 0.011229
0 0.412066 0.593422 0.017767 0.011476
0 0.566974 0.379797 0.015826 0.011016
0 0.403819 0.255041 0.019409 0.012808
0 0.046318 0.479150 0.021238 0.015552
0 0.229500 0.520800 0.013359 0.009218
0 0.255755 0.639412 0.015735 0.009943
0 0.604173 0.501653 0.015060 0.010908
0 0.387682 0.579933 0.014596 0.009256
0 0.321105 0.615393 0.014036 0.009259
0 0.287518 0.375008 0.015442 0.011133
0 0.037238 0.401635 0.016906 0.011523
0 0.300771 0.316150 0.015655 0.009905
0 0.595835 0.453709 0.015330 0.010846
0 0.414774 0.561732 0.023669 0.016398
0 0.574422 0.488388 0.015251 0.010763
0 0.589344 0.596622 0.018439 0.015220
0 0.306180 0.731140 0.018040 0.012127
0 0.606163 0.587664 0.018582 0.012769
0 0.398092 0.659143 0.014492 0.009188
0 0.090880 0.580344 0.018219 0.012131
0 0.156886 0.571888 0.014744 0.010094
0 0.583043 0.517813 0.014111 0.010018
0 0.348134 0.383605 0.031558 0.019327
0 0.643522 0.522503 0.022751 0.014577
0 0.539554 0.491239 0.015860 0.010756
0 0.323469 0.516080 0.013026 0.009603
0 0.119013 0.656554 0.013758 0.009244
0 0.434329 0.494133 0.018240 0.013775
0 0.288395 0.487079 0.014899 0.010239
0 0.281289 0.515436 0.015309 0.009929
0 0.558720 0.524854 0.016335 0.012127
0 0.007826 0.625865 0.015619 0.011777
0 0.547664 0.689811 0.014468 0.009212
0 0.535634 0.431244 0.015508 0.009771
0 0.273736 0.696532 0.015474 0.010245
0 0.222398 0.652943 0.013791 0.008785
0 0.307472 0.415503 0.019282 0.012833
0 0.432406 0.362317 0.013657 0.009486
0 0.573706 0.436715 0.014849 0.009735
0 0.403255 0.634115 0.014367 0.009648
0 0.238135 0.238550 0.014874 0.010815
0 0.444934 0.283688 0.016102 0.011958
0 0.244549 0.462313 0.014851 0.009791
0 0.184581 0.710892 0.014804 0.009747
1 0.495867 0.238352 0.050438 0.034206
0 0.122303 0.486415 0.016659 0.012504
0 0.130563 0.706824 0.015584 0.010782
0 0.568064 0.357022 0.017696 0.011830
0 0.392919 0.407779 0.014539 0.011790
0 0.018930 0.363999 0.017698 0.010936
0 0.117481 0.683435 0.013325 0.009680
0 0.662721 0.595625 0.015764 0.011230
0 0.531029 0.502855 0.018377 0.011414
0 0.296837 0.348353 0.014842 0.009434
0 0.038568 0.445951 0.013898 0.009797
0 0.104600 0.596216 0.014334 0.008334
0 0.284353 0.484337 0.014493 0.010027
0 0.222628 0.325135 0.013603 0.010119
0 0.150494 0.513034 0.014510 0.013247
0 0.551140 0.360463 0.017382 0.012816
0 0.031260 0.641440 0.013766 0.009310
0 0.079297 0.565544 0.016586 0.011511
0 0.666112 0.530977 0.015917 0.011365
0 0.379792 0.530229 0.013718 0.009611
0 0.282004 0.611913 0.014885 0.010212
0 0.168576 0.667807 0.013793 0.008886
0 0.476837 0.390487 0.020394 0.013546
0 0.616560 0.459042 0.016903 0.010038
0 0.203476 0.307429 0.013324 0.009436
0 0.522247 0.290330 0.016806 0.012819
0 0.162558 0.619988 0.012597 0.008789
1 0.421999 0.800345 0.039906 0.022101
0 0.253801 0.529074 0.016960 0.009793
0 0.089729 0.629301 0.014831 0.010001
0 0.201338 0.356393 0.016279 0.012183
1 0.692544 0.595087 0.038452 0.028620
0 0.611501 0.462383 0.018396 0.010154
0 0.320959 0.241799 0.011754 0.008372
0 0.670492 0.576228 0.020050 0.021137
0 0.010394 0.458829 0.014946 0.009634
0 0.463517 0.737561 0.021614 0.014459
0 0.437043 0.524097 0.013362 0.010333
0 0.322887 0.749066 0.014818 0.010144
0 0.581805 0.706936 0.028116 0.018632
0 0.664044 0.483853 0.015197 0.009716
0 0.514792 0.572731 0.017465 0.015498
0 0.008049 0.569560 0.014529 0.009924
0 0.187318 0.333954 0.014788 0.008963
0 0.380602 0.704773 0.015425 0.011618
0 0.261838 0.504280 0.012755 0.009049
0 0.405056 0.331678 0.016858 0.011017