1 0.341230 0.770260 0.046943 0.032693
0 0.751234 0.704828 0.016224 0.011679
0 0.437717 0.813980 0.017652 0.011981
1 0.645040 0.540289 0.054696 0.044934
0 0.288609 0.469365 0.023634 0.016654
0 0.316537 0.833538 0.020272 0.015134
0 0.683257 0.634653 0.016490 0.012436
0 0.568444 0.842860 0.017491 0.011871
0 0.678637 0.570847 0.016314 0.010647
0 0.847561 0.805334 0.017642 0.011536
0 0.639561 0.715638 0.016923 0.011617
0 0.506604 0.913505 0.017260 0.011313
0 0.288765 0.837584 0.018538 0.012363
0 0.204736 0.625989 0.014987 0.010182
0 0.740230 0.732891 0.017806 0.013181
0 0.391459 0.740465 0.015991 0.010801
0 0.786422 0.713298 0.015489 0.011761
0 0.695724 0.784884 0.016053 0.010606
0 0.372139 0.725573 0.016654 0.010915
0 0.533660 0.487661 0.018234 0.013278
0 0.588569 0.477282 0.023788 0.014742
0 0.690477 0.541873 0.015640 0.010775
0 0.569129 0.969315 0.023216 0.018078
1 0.715178 0.424477 0.043640 0.025592
0 0.280834 0.498552 0.023637 0.016006
0 0.287686 0.775354 0.018015 0.013409
0 0.185416 0.583629 0.021705 0.017569
0 0.639033 0.571127 0.015578 0.010929
0 0.685473 0.762501 0.017219 0.013077
0 0.864891 0.620068 0.014468 0.010682
0 0.800769 0.457445 0.016557 0.012710
0 0.884993 0.631239 0.014470 0.010053
0 0.554899 0.725956 0.016398 0.011998
0 0.585777 0.660007 0.015634 0.011785
0 0.372465 0.846957 0.018775 0.014197
0 0.295227 0.597166 0.019797 0.015645
1 0.421850 0.411726 0.039771 0.026626
0 0.304189 0.491324 0.021472 0.014145
0 0.695756 0.601178 0.015711 0.011243
0 0.821650 0.560521 0.014119 0.010097
0 0.848137 0.693478 0.014392 0.010647
0 0.227017 0.790518 0.014067 0.010437
0 0.662001 0.938001 0.018491 0.013959
0 0.779111 0.883706 0.016637 0.011452
0 0.825797 0.725603 0.017490 0.013077
0 0.268704 0.802857 0.021101 0.011996
0 0.756490 0.838734 0.016953 0.011423
0 0.420861 0.588971 0.023718 0.016248
0 0.432958 0.862425 0.020309 0.013257
0 0.529203 0.765040 0.014462 0.010365
0 0.666037 0.655337 0.016656 0.011511
0 0.918357 0.625963 0.015345 0.011705
0 0.747868 0.435495 0.015398 0.011235
0 0.490794 0.937629 0.020245 0.015038
0 0.432297 0.932545 0.020586 0.013984
0 0.480438 0.959936 0.019148 0.014006
0 0.247985 0.541673 0.019108 0.012824
0 0.488336 0.602025 0.016081 0.012211
0 0.796464 0.608022 0.013839 0.010476
0 0.629282 0.421545 0.013941 0.010369
0 0.353475 0.711309 0.015091 0.010560
0 0.589866 0.597573 0.014980 0.010774
0 0.291987 0.708352 0.017383 0.011555
0 0.409068 0.944821 0.017746 0.011505
0 0.628920 0.675648 0.016996 0.011811
0 0.596770 0.711856 0.017307 0.011771
0 0.261302 0.799709 0.022824 0.013675
0 0.721496 0.598969 0.018883 0.013748
0 0.470245 0.680978 0.016344 0.011483
0 0.559922 0.490699 0.016685 0.010973
0 0.895186 0.647188 0.015522 0.009750
0 0.767301 0.507998 0.013353 0.010830
0 0.716273 0.527001 0.016534 0.010881
0 0.181226 0.681205 0.015357 0.010815
0 0.509607 0.829500 0.018320 0.012643
0 0.361854 0.809055 0.015828 0.010403
0 0.491178 0.548701 0.022831 0.014129
0 0.310431 0.790697 0.014148 0.009771
0 0.333453 0.640334 0.017696 0.014311
0 0.191682 0.736964 0.016518 0.010189
0 0.852032 0.511071 0.013299 0.010119