0 0.384478 0.255171 0.039182 0.026467
0 0.394884 0.314878 0.032172 0.021769
1 0.276704 0.883742 0.080350 0.049126
0 0.432310 0.408319 0.038896 0.028633
0 0.639172 0.218149 0.028350 0.019382
0 0.177434 0.307368 0.032424 0.024172
0 0.266652 0.403940 0.030691 0.020279
0 0.723570 0.245605 0.030455 0.022714
0 0.133030 0.448250 0.041002 0.029866
1 0.564313 0.466867 0.086957 0.062711
0 0.600798 0.197765 0.031084 0.021828
0 0.345537 0.355527 0.034113 0.023241
0 0.727596 0.303672 0.028812 0.018967
1 0.536208 0.439966 0.107323 0.071716
0 0.081719 0.635474 0.035810 0.024638
0 0.358146 0.503899 0.033441 0.023090
0 0.681403 0.589794 0.031265 0.022214
0 0.361016 0.467863 0.033615 0.023857
0 0.027177 0.743431 0.037638 0.029759
0 0.403243 0.188619 0.025827 0.018604
0 0.471064 0.370291 0.034946 0.021263
1 0.252072 0.696875 0.122256 0.074872
0 0.078893 0.144340 0.030104 0.019493
0 0.178923 0.178529 0.024382 0.018244
0 0.011767 0.154363 0.023534 0.029789
0 0.174705 0.845692 0.038410 0.029424
0 0.223374 0.145067 0.040277 0.024179
1 0.220063 0.698538 0.058742 0.031785