1 0.660905 0.298412 0.059519 0.076439
1 0.782960 0.267970 0.048870 0.065520
1 0.888563 0.446411 0.071465 0.133884
0 0.387415 0.928954 0.021749 0.028104
0 0.274407 0.506183 0.018794 0.025025
0 0.303358 0.516071 0.018471 0.025410
0 0.373187 0.635816 0.019219 0.024626
0 0.486709 0.421059 0.017964 0.025733
0 0.622149 0.816705 0.020367 0.028178
0 0.642327 0.765972 0.020002 0.028256
0 0.523276 0.413077 0.018456 0.025038
1 0.538593 0.479723 0.050636 0.069457
0 0.647140 0.596248 0.017954 0.024771
0 0.357140 0.377209 0.021061 0.028912
1 0.298857 0.922782 0.066032 0.074724
0 0.669412 0.619331 0.018830 0.024612
0 0.707182 0.251912 0.022365 0.029880
0 0.348597 0.499418 0.017522 0.023108
0 0.608901 0.661440 0.020115 0.028911
0 0.489295 0.630217 0.017478 0.024436
0 0.588315 0.545865 0.017449 0.025170
0 0.322010 0.301033 0.022041 0.026498
0 0.767279 0.330760 0.020745 0.028988
0 0.623185 0.106824 0.019498 0.027174
0 0.392198 0.277205 0.022017 0.026874
0 0.674517 0.875100 0.022362 0.028947
0 0.815651 0.156612 0.020071 0.028064
0 0.513012 0.251061 0.019390 0.025371
0 0.930876 0.618530 0.018895 0.026735
0 0.727811 0.525417 0.018965 0.026855
0 0.329572 0.875791 0.019322 0.024999
0 0.617756 0.528648 0.020043 0.026688
0 0.939273 0.140405 0.022173 0.029618
0 0.722655 0.779067 0.024018 0.033400
0 0.650270 0.442387 0.020556 0.026525
0 0.836277 0.232888 0.020269 0.026680
0 0.365782 0.536816 0.018732 0.025421
0 0.975354 0.373885 0.021408 0.027016
0 0.836583 0.327669 0.022344 0.028252
0 0.382227 0.194708 0.018581 0.025887
0 0.332301 0.617988 0.017512 0.022788
0 0.699478 0.525992 0.021067 0.028823
0 0.830309 0.502301 0.019825 0.027525
0 0.428681 0.367040 0.021375 0.027059
0 0.871630 0.708057 0.019025 0.022698
0 0.644181 0.541552 0.021181 0.025887
0 0.094901 0.306495 0.018427 0.025452
1 0.225410 0.429902 0.054750 0.069708
0 0.437117 0.243978 0.020480 0.028723
0 0.397277 0.370871 0.021010 0.029099
0 0.434944 0.290012 0.019603 0.026283
0 0.653763 0.368537 0.020325 0.025704
0 0.682182 0.173068 0.023154 0.030739
0 0.517364 0.906511 0.018951 0.025404
0 0.619070 0.467660 0.025156 0.030423
0 0.281532 0.712241 0.020613 0.028321
0 0.438224 0.460850 0.020014 0.027087
0 0.878387 0.523037 0.021606 0.025034
0 0.941949 0.360152 0.020551 0.026802
0 0.539613 0.717091 0.017601 0.025471
0 0.632180 0.874285 0.018252 0.024471
0 0.798184 0.724018 0.020439 0.026448
0 0.803700 0.301723 0.019877 0.025850
0 0.619673 0.896683 0.023143 0.029346
0 0.617599 0.981500 0.023022 0.032524
0 0.743748 0.509512 0.016884 0.021383
0 0.295334 0.336313 0.028123 0.029601
0 0.193927 0.446197 0.016354 0.022352
0 0.735156 0.225239 0.018682 0.024907
0 0.580116 0.593446 0.030446 0.031330
0 0.200781 0.606887 0.014508 0.018278
0 0.962609 0.522499 0.016776 0.021246
1 0.162682 0.756636 0.030803 0.042129
0 0.295397 0.651976 0.019714 0.027119
0 0.916914 0.156079 0.020050 0.025539
0 0.762962 0.175247 0.025358 0.033528
0 0.485800 0.954231 0.031287 0.031142
0 0.379960 0.154272 0.023716 0.028402
0 0.903976 0.710803 0.019860 0.024516
0 0.378307 0.068189 0.024794 0.032769
0 0.552486 0.877151 0.021512 0.028734
0 0.233112 0.071405 0.017650 0.024748
0 0.515206 0.530694 0.020935 0.027861
0 0.990890 0.283356 0.018220 0.028884
0 0.686598 0.056137 0.024794 0.031624
0 0.457668 0.742489 0.022679 0.036833
0 0.406430 0.499208 0.019099 0.026013
0 0.890686 0.184572 0.021828 0.027324
0 0.141532 0.445775 0.020435 0.034549
0 0.362648 0.599402 0.014578 0.018704
0 0.518169 0.968134 0.019329 0.027720
0 0.553894 0.648612 0.015458 0.019765
0 0.251500 0.850961 0.017530 0.023305
0 0.546621 0.235507 0.018520 0.024354
0 0.454869 0.483910 0.024941 0.030299
0 0.771475 0.421617 0.016672 0.021611
0 0.449643 0.522192 0.018632 0.025351
0 0.474426 0.477044 0.017653 0.024112
0 0.618694 0.278505 0.016455 0.023783
0 0.852311 0.577860 0.019710 0.025797
0 0.417819 0.056353 0.022554 0.029550
0 0.546829 0.402539 0.018994 0.027446
0 0.756346 0.457441 0.029266 0.035171
0 0.857005 0.760144 0.018852 0.027055
0 0.496418 0.731498 0.015663 0.021276
0 0.439073 0.785726 0.018968 0.021419
0 0.433143 0.882700 0.023180 0.031968
0 0.314984 0.062817 0.023280 0.028418
0 0.329766 0.131130 0.026703 0.035451
0 0.382941 0.497314 0.016322 0.020171
0 0.141678 0.459034 0.019258 0.032851
0 0.430852 0.960300 0.020345 0.026772
0 0.427863 0.192264 0.026220 0.030958
0 0.669416 0.522460 0.016674 0.018615
0 0.543695 0.290315 0.019769 0.027068
0 0.595610 0.144203 0.024870 0.034415
0 0.550298 0.123847 0.021208 0.031508
0 0.668563 0.984186 0.021817 0.027421
0 0.495835 0.585758 0.029576 0.027339
0 0.696586 0.460420 0.016886 0.020912
0 0.403701 0.105442 0.019199 0.024626
0 0.441273 0.159087 0.023158 0.031695
0 0.452640 0.359515 0.016050 0.020683
0 0.231095 0.345855 0.017727 0.024070
0 0.668883 0.507959 0.023778 0.047462
0 0.953234 0.732393 0.023018 0.029730
0 0.215348 0.163521 0.026079 0.026042
0 0.892745 0.635561 0.017578 0.021656
0 0.659216 0.232666 0.018661 0.023874
0 0.171490 0.080650 0.016297 0.022567
0 0.529347 0.197979 0.019341 0.027527
1 0.930670 0.571741 0.037996 0.052716
0 0.641669 0.671990 0.019942 0.031628
1 0.439543 0.674166 0.050865 0.064481
0 0.915397 0.228122 0.018843 0.025377
0 0.515161 0.319646 0.029892 0.039001
0 0.349291 0.238278 0.039196 0.039574
0 0.468019 0.614685 0.015690 0.028146
0 0.175443 0.578656 0.018605 0.023804
0 0.442559 0.587218 0.016379 0.021886
0 0.743035 0.120358 0.020473 0.026701
0 0.443360 0.464952 0.034525 0.035242
0 0.411593 0.526232 0.018260 0.025376