1 0.258248 0.697197 0.058738 0.045337
1 0.515907 0.702687 0.059487 0.041632
1 0.709343 0.443591 0.057936 0.043914
1 0.165001 0.379772 0.054611 0.041393
0 0.552665 0.407856 0.020680 0.015854
0 0.379787 0.540945 0.027522 0.019387
0 0.611997 0.564979 0.024725 0.017837
0 0.452059 0.598722 0.022318 0.016438
0 0.519352 0.405186 0.023455 0.016920
0 0.240938 0.461271 0.025429 0.019652
0 0.592968 0.796114 0.025370 0.018226
0 0.180175 0.465867 0.020542 0.014442
0 0.306981 0.305950 0.024803 0.019383
0 0.270309 0.442346 0.023790 0.017809
0 0.469380 0.294368 0.018538 0.013518
0 0.426433 0.359503 0.026780 0.018362
0 0.687285 0.631092 0.020676 0.014735
0 0.407865 0.658669 0.019467 0.014984
0 0.216914 0.497246 0.020653 0.015922
0 0.144174 0.444170 0.023594 0.017664
0 0.621361 0.743976 0.025952 0.016448
0 0.644725 0.527638 0.025020 0.015923
0 0.410612 0.750738 0.024978 0.020160
0 0.647073 0.673778 0.021679 0.015955
0 0.507113 0.468887 0.020904 0.014936
0 0.360335 0.765902 0.019947 0.013857
0 0.340303 0.849410 0.030297 0.019868
0 0.083587 0.586051 0.025090 0.017752
0 0.071486 0.518384 0.025972 0.017102
0 0.419303 0.325607 0.027316 0.020771
0 0.709602 0.685049 0.024526 0.016998
0 0.304289 0.726664 0.020003 0.014153
0 0.120534 0.410804 0.018289 0.013932
0 0.241829 0.615618 0.021223 0.014531
0 0.749249 0.675460 0.019598 0.012861
1 0.192400 0.768752 0.058022 0.036140
0 0.295664 0.746162 0.019525 0.014054
0 0.719659 0.748322 0.019587 0.013885
0 0.338480 0.482059 0.019810 0.014452
0 0.369740 0.313967 0.023530 0.017756
0 0.163077 0.736642 0.017495 0.012782
0 0.463540 0.772201 0.021032 0.015402
0 0.712084 0.634766 0.022483 0.015752
0 0.460132 0.376400 0.022586 0.017361
0 0.336946 0.328200 0.019497 0.014323
0 0.551457 0.299857 0.021713 0.017225
0 0.410279 0.276563 0.024804 0.019336
0 0.531461 0.478170 0.024036 0.017131
0 0.233043 0.637204 0.024104 0.015664
0 0.312454 0.652737 0.018475 0.013726
0 0.784543 0.655641 0.017995 0.012659
0 0.610950 0.491535 0.017487 0.011867
0 0.513267 0.633767 0.026860 0.021713
0 0.371130 0.586363 0.018636 0.014246
0 0.622437 0.514317 0.018712 0.012535
0 0.178937 0.810677 0.018996 0.012337
0 0.119234 0.707932 0.022969 0.015619
0 0.241810 0.376620 0.019807 0.014865
0 0.403655 0.820253 0.017574 0.012892
0 0.622844 0.834629 0.019777 0.014909
0 0.265575 0.841523 0.019040 0.012884
0 0.337205 0.605855 0.024563 0.017892
0 0.584631 0.588679 0.019228 0.013693
0 0.436468 0.856220 0.031326 0.024204
0 0.530452 0.649686 0.017587 0.012245
0 0.736704 0.772284 0.019093 0.012716
0 0.292989 0.626342 0.020741 0.013610
0 0.537316 0.841238 0.018576 0.013079
0 0.747625 0.408545 0.029395 0.020491
0 0.536169 0.595532 0.025521 0.017754
0 0.282294 0.658924 0.020182 0.011934
0 0.486907 0.451625 0.019098 0.013834
0 0.269708 0.554788 0.017191 0.013096
0 0.660495 0.368156 0.019920 0.016048
0 0.520169 0.736522 0.021936 0.014953
0 0.514236 0.567494 0.016419 0.010769
0 0.491282 0.532229 0.019790 0.012802