1 0.603813 0.320318 0.057247 0.040489
1 0.554415 0.301545 0.039559 0.031114
0 0.350951 0.510612 0.020018 0.014622
0 0.515493 0.332022 0.021653 0.015063
0 0.614427 0.354884 0.019361 0.013297
0 0.603229 0.521765 0.020792 0.015240
0 0.311705 0.530780 0.018584 0.012669
0 0.420623 0.541755 0.018070 0.012886
0 0.646372 0.374565 0.022414 0.015420
0 0.360307 0.342896 0.021415 0.014985
0 0.239568 0.414766 0.022131 0.014376
0 0.606542 0.484247 0.018781 0.013303
0 0.632288 0.629186 0.020564 0.014296
0 0.344114 0.432910 0.022261 0.015169
0 0.443651 0.249107 0.019200 0.013406
0 0.375991 0.571295 0.019124 0.013505
0 0.449724 0.588987 0.018275 0.011828
0 0.404344 0.495672 0.017945 0.012942
0 0.611942 0.422136 0.021883 0.016232
0 0.659554 0.682911 0.026330 0.018513
0 0.660348 0.646371 0.020935 0.015363
0 0.806171 0.540312 0.017935 0.011986
0 0.355665 0.586252 0.018023 0.012471
0 0.554139 0.236740 0.018526 0.012751
0 0.511373 0.446880 0.019655 0.013634
0 0.512822 0.160456 0.019613 0.014202
0 0.449395 0.568914 0.017195 0.011663
0 0.228042 0.332776 0.019854 0.014735
0 0.512207 0.568018 0.018314 0.012299
0 0.739255 0.288533 0.018145 0.012189
0 0.221761 0.392054 0.017934 0.013089
0 0.338089 0.392344 0.020201 0.014070
0 0.841738 0.478662 0.018179 0.012139
0 0.729895 0.426570 0.019266 0.011998
0 0.393654 0.260260 0.019189 0.013509
0 0.395325 0.328714 0.020703 0.013334
0 0.329518 0.306623 0.018364 0.011995
0 0.541530 0.459255 0.017660 0.011526
0 0.543154 0.501411 0.018410 0.011097
0 0.848529 0.333110 0.019683 0.014112
0 0.333449 0.604329 0.016631 0.010778
0 0.459635 0.478704 0.016351 0.011270
0 0.658384 0.468263 0.017805 0.012219
0 0.347674 0.237706 0.018579 0.014227
0 0.548511 0.479673 0.017382 0.011788
0 0.424450 0.338171 0.021846 0.015884
0 0.538507 0.197270 0.013924 0.010819
0 0.155228 0.379307 0.016046 0.010924
0 0.210623 0.295676 0.018821 0.013334
1 0.672510 0.173346 0.055354 0.030123
0 0.492025 0.502159 0.025750 0.017077
0 0.865805 0.383766 0.019328 0.014564
0 0.703539 0.626208 0.026030 0.016313
0 0.239165 0.633119 0.015957 0.011014
0 0.246355 0.387776 0.018497 0.013449
0 0.407173 0.612337 0.017206 0.011401
0 0.749907 0.246107 0.017382 0.013486
0 0.810461 0.517767 0.014869 0.010302
0 0.421329 0.457313 0.017902 0.012927
0 0.290443 0.637902 0.016456 0.010182
0 0.308506 0.576199 0.016156 0.010045
0 0.407549 0.672336 0.017873 0.012333
0 0.571376 0.219648 0.017852 0.011709
0 0.249342 0.380280 0.020479 0.017432
0 0.400254 0.328395 0.036928 0.018096
0 0.415275 0.326155 0.021612 0.015170
0 0.461932 0.425917 0.016654 0.012279