1 0.347123 0.512033 0.051114 0.036947
1 0.453621 0.636176 0.044329 0.030996
1 0.647881 0.635402 0.057762 0.043559
1 0.368601 0.667872 0.058729 0.041707
1 0.766805 0.578713 0.045255 0.034023
1 0.625814 0.562050 0.045315 0.032640
0 0.621828 0.713680 0.019354 0.013583
0 0.737114 0.806342 0.024655 0.018956
1 0.820177 0.511905 0.045858 0.030992
1 0.640039 0.374622 0.043862 0.032302
0 0.618542 0.776777 0.028043 0.019148
0 0.678972 0.488357 0.021322 0.015144
0 0.640696 0.458883 0.021316 0.015120
0 0.755309 0.708313 0.021543 0.015442
0 0.872371 0.514713 0.019079 0.013156
0 0.923637 0.535780 0.020604 0.015391
0 0.512166 0.774300 0.020428 0.014729
1 0.510949 0.912895 0.051955 0.035325
0 0.482862 0.705151 0.020332 0.013134
1 0.819568 0.782670 0.062420 0.042638
0 0.327929 0.804821 0.020440 0.013240
0 0.703294 0.623293 0.020343 0.014386
0 0.387238 0.853210 0.021112 0.015229
0 0.298475 0.610764 0.017728 0.012276
1 0.698091 0.458241 0.047810 0.036709
0 0.441467 0.602310 0.014026 0.009273
0 0.180855 0.506303 0.020147 0.014249
0 0.564007 0.639639 0.015962 0.011341
0 0.462697 0.762970 0.017074 0.011099
0 0.529763 0.677907 0.017895 0.012567
0 0.758682 0.362954 0.023746 0.017489
0 0.606016 0.742166 0.015510 0.010181
0 0.694221 0.792766 0.019032 0.014113
0 0.729832 0.584287 0.022879 0.016607
0 0.435687 0.744579 0.014362 0.010291
0 0.227447 0.513361 0.018414 0.013133
0 0.547480 0.714942 0.018127 0.011649
0 0.256581 0.595299 0.026901 0.017324
0 0.558825 0.346745 0.019560 0.015783
0 0.845650 0.440339 0.016565 0.011499
0 0.482046 0.571405 0.016648 0.012478
0 0.488238 0.656504 0.014139 0.009861
0 0.760422 0.493154 0.014528 0.009825
0 0.664077 0.682832 0.014720 0.010895
0 0.638910 0.518558 0.019034 0.014432
0 0.272651 0.677465 0.013876 0.010643
1 0.420453 0.648064 0.040876 0.036100
1 0.347014 0.376537 0.082814 0.048116
0 0.603421 0.427514 0.016014 0.012172
0 0.293735 0.724686 0.014872 0.009961
0 0.486741 0.750885 0.016651 0.010538
0 0.696639 0.735747 0.017851 0.012217
1 0.548300 0.533514 0.033038 0.036257
0 0.405317 0.471180 0.017147 0.012779
0 0.239635 0.452009 0.016071 0.010719
0 0.729158 0.591032 0.021947 0.017910
0 0.919242 0.677253 0.019833 0.013654