0 0.533747 0.657250 0.018116 0.014369
0 0.834848 0.490329 0.016856 0.012820
0 0.563993 0.268008 0.015854 0.013569
0 0.743777 0.465857 0.018761 0.012996
0 0.434059 0.406876 0.017796 0.013355
0 0.676746 0.298430 0.016638 0.013646
0 0.362391 0.403986 0.020421 0.014612
0 0.437928 0.628230 0.020731 0.014344
0 0.800143 0.379410 0.014808 0.010020
0 0.447768 0.497029 0.023267 0.017644
0 0.474763 0.664404 0.018109 0.014172
0 0.677288 0.507435 0.017860 0.012926
0 0.257050 0.465498 0.022944 0.014231
0 0.791427 0.553040 0.017665 0.012099
0 0.755086 0.486932 0.019192 0.016429
0 0.790700 0.686850 0.018500 0.014752
0 0.594125 0.509782 0.018116 0.013851
0 0.420121 0.744390 0.017286 0.012640
0 0.794052 0.747307 0.019063 0.014166
0 0.705764 0.437013 0.014016 0.011231
0 0.776835 0.724076 0.017586 0.011836
0 0.282559 0.556821 0.017765 0.014457
0 0.404876 0.380149 0.017366 0.013840
0 0.373502 0.559368 0.016778 0.012766
0 0.670126 0.540276 0.016828 0.015254
0 0.739293 0.667702 0.019039 0.013535
0 0.552430 0.480265 0.014416 0.011107
0 0.769553 0.744341 0.019769 0.014638
0 0.702130 0.490103 0.018379 0.012622
0 0.920926 0.527003 0.016300 0.011412
0 0.421908 0.352430 0.013036 0.011069
0 0.817117 0.514998 0.016489 0.014052
0 0.645391 0.657359 0.017719 0.012119
0 0.387404 0.515249 0.021197 0.015456
0 0.413261 0.554957 0.017658 0.012694
0 0.443781 0.457328 0.018036 0.012379
0 0.451406 0.434393 0.013767 0.012215
0 0.495720 0.362833 0.023335 0.016841
0 0.767163 0.311579 0.021300 0.015122
0 0.336469 0.497020 0.014515 0.011452
0 0.721823 0.771376 0.024274 0.017575
0 0.739974 0.749988 0.017729 0.013011
0 0.615584 0.265627 0.014619 0.013917
0 0.330726 0.561380 0.016801 0.014745
0 0.508491 0.330257 0.018011 0.017713
0 0.799796 0.778678 0.024640 0.012510
0 0.693846 0.795078 0.023226 0.015825
0 0.648462 0.641486 0.015130 0.012583
0 0.808759 0.399505 0.014251 0.013515
0 0.800520 0.300170 0.015027 0.012797
0 0.707653 0.272734 0.021256 0.015295
0 0.513829 0.556696 0.015973 0.012314
0 0.728438 0.342146 0.014554 0.013874
0 0.817338 0.532123 0.016391 0.013476
0 0.899505 0.678740 0.012516 0.008613
0 0.540071 0.731203 0.018451 0.015474
0 0.740975 0.311509 0.013125 0.009801
0 0.880110 0.369366 0.018357 0.011198
0 0.806010 0.348978 0.010335 0.007926
0 0.683956 0.745823 0.015900 0.012960
0 0.575239 0.701112 0.021218 0.018871
0 0.747969 0.270522 0.019376 0.015058
0 0.564644 0.334269 0.014986 0.013055
0 0.436479 0.700415 0.018121 0.014078
0 0.545200 0.281373 0.020808 0.013135
0 0.629845 0.588650 0.012371 0.011839
0 0.912311 0.361308 0.012846 0.011980
0 0.743870 0.298112 0.016910 0.011409
0 0.436173 0.779688 0.018390 0.012871
0 0.400783 0.773353 0.016156 0.012044