1 0.306749 0.467063 0.052535 0.042940
1 0.802548 0.496931 0.058020 0.039061
0 0.422552 0.371799 0.019612 0.014501
0 0.354871 0.402491 0.021997 0.015563
0 0.503966 0.531357 0.020354 0.014053
0 0.599544 0.380735 0.021304 0.015528
0 0.754762 0.335817 0.019861 0.014720
0 0.603253 0.302724 0.019603 0.014708
0 0.545965 0.362347 0.019888 0.013827
0 0.390574 0.428658 0.018789 0.012844
0 0.462043 0.463265 0.020637 0.014196
1 0.283185 0.552751 0.080395 0.039928
0 0.422645 0.566019 0.018417 0.011910
0 0.721872 0.548546 0.022597 0.017124
0 0.441121 0.532521 0.018872 0.012401
0 0.835771 0.421395 0.018907 0.013518
0 0.361317 0.542074 0.016900 0.011253
0 0.434067 0.326198 0.021147 0.015983
0 0.482644 0.562755 0.026860 0.018024
0 0.568984 0.433108 0.019510 0.014409
0 0.651104 0.461626 0.017972 0.012631
0 0.758451 0.461359 0.021361 0.014917
0 0.538030 0.493130 0.020697 0.014568
0 0.320625 0.516444 0.014821 0.010187
0 0.787381 0.436441 0.018371 0.012635
0 0.565483 0.480293 0.020360 0.014287
0 0.547516 0.517360 0.016229 0.010793
0 0.371049 0.446845 0.017473 0.012031
0 0.439860 0.291489 0.017092 0.011475
0 0.750393 0.390916 0.025122 0.017629
0 0.600287 0.353669 0.019842 0.013079
0 0.561929 0.387993 0.018042 0.011813
0 0.570542 0.298653 0.016844 0.012274
0 0.528720 0.340996 0.017568 0.011124
0 0.461804 0.516411 0.016549 0.011419
0 0.274157 0.514258 0.019427 0.014190
0 0.534355 0.830491 0.029715 0.019984
0 0.386137 0.503635 0.016662 0.011231
0 0.458289 0.414661 0.023742 0.017237
0 0.731118 0.744856 0.018715 0.013267
0 0.422620 0.519909 0.016288 0.011536
0 0.600125 0.465012 0.017678 0.011013
0 0.480617 0.490557 0.017984 0.011457
0 0.717775 0.325529 0.018989 0.012969
0 0.523044 0.284541 0.017003 0.011907
0 0.512224 0.609693 0.021777 0.015234
0 0.647151 0.425799 0.020771 0.014560
0 0.681180 0.604868 0.021039 0.014955
0 0.206155 0.628267 0.016867 0.011534
0 0.599740 0.633475 0.027025 0.017207
0 0.588526 0.548811 0.021552 0.016682
0 0.385748 0.801432 0.022749 0.013280
0 0.529734 0.458237 0.016012 0.011539
0 0.771164 0.758113 0.018541 0.013405
0 0.596700 0.426520 0.019391 0.014502
0 0.155669 0.592001 0.014559 0.011096
0 0.629117 0.537988 0.018329 0.012965
0 0.742648 0.540116 0.019585 0.013405
0 0.392815 0.765224 0.020116 0.014100
0 0.464082 0.296877 0.020823 0.013258
0 0.379824 0.474924 0.018103 0.012447
0 0.305925 0.777530 0.015757 0.009977
0 0.703637 0.564260 0.019420 0.013425
0 0.440960 0.499010 0.019737 0.011857
0 0.540879 0.308836 0.016541 0.010852
0 0.510688 0.357625 0.019279 0.016023
0 0.842945 0.399583 0.021923 0.015391
0 0.308656 0.762525 0.018383 0.012840
0 0.790958 0.397748 0.018851 0.012704
0 0.370375 0.528201 0.015187 0.010453
0 0.394719 0.552759 0.021436 0.012810
0 0.357971 0.303399 0.025227 0.020674
0 0.376893 0.641757 0.015524 0.010695
0 0.507762 0.300725 0.015963 0.010920
0 0.592781 0.399792 0.015466 0.010097
0 0.399631 0.718645 0.020794 0.013535
0 0.354878 0.815234 0.016626 0.011382
0 0.671261 0.780018 0.016062 0.010802
0 0.550175 0.584813 0.018826 0.013931
0 0.206641 0.660923 0.017145 0.012581
0 0.401772 0.551085 0.023414 0.012334
0 0.360629 0.427298 0.015817 0.010506
0 0.364017 0.479664 0.015494 0.010395
0 0.569181 0.728367 0.021656 0.015890
0 0.752217 0.606375 0.026507 0.018553
0 0.408308 0.549730 0.018133 0.012043
0 0.580556 0.355324 0.018060 0.010993
0 0.483772 0.645411 0.022965 0.014768
0 0.458664 0.270084 0.019102 0.012835
0 0.460990 0.802157 0.022436 0.015320
0 0.460755 0.389191 0.017669 0.012801
0 0.552985 0.453504 0.017551 0.012438
1 0.529448 0.705750 0.036057 0.028717
0 0.618121 0.427498 0.019116 0.011971
0 0.398790 0.802097 0.031794 0.015266
0 0.867997 0.427600 0.017399 0.012094
0 0.267338 0.588557 0.019644 0.013955
0 0.128880 0.484572 0.020448 0.014049
0 0.399154 0.492215 0.015617 0.010778
0 0.289674 0.796598 0.017309 0.011476
0 0.863082 0.458306 0.020961 0.014881
1 0.413593 0.694406 0.034373 0.029329
0 0.545057 0.421461 0.016268 0.010272
0 0.635009 0.788583 0.037520 0.021325
0 0.447051 0.494549 0.020502 0.013208
0 0.126353 0.580626 0.017406 0.011162
0 0.576258 0.780943 0.026395 0.017431
0 0.597404 0.520806 0.016918 0.011338
0 0.625329 0.473574 0.016929 0.010818
0 0.395957 0.481792 0.015005 0.011276
0 0.176352 0.587158 0.014805 0.010523
0 0.679567 0.527674 0.025091 0.012309
0 0.478298 0.278036 0.023169 0.011942
0 0.547134 0.814435 0.020075 0.015043
0 0.157818 0.549904 0.015356 0.010049