1 0.558653 0.386229 0.042438 0.037342
0 0.773001 0.751224 0.024003 0.018426
0 0.810945 0.769898 0.017997 0.012405
0 0.728536 0.550390 0.020102 0.013239
0 0.373654 0.660665 0.022254 0.014628
0 0.316088 0.596205 0.017525 0.012753
0 0.442444 0.729511 0.019818 0.014993
1 0.697240 0.413941 0.051888 0.026838
0 0.751799 0.667420 0.018351 0.012650
0 0.500816 0.367231 0.016633 0.011979
0 0.558157 0.773106 0.018719 0.012918
0 0.574268 0.411797 0.017716 0.011397
0 0.817515 0.528145 0.019433 0.014118
0 0.348912 0.685344 0.019059 0.012654
0 0.485373 0.573127 0.019368 0.015073
0 0.676812 0.521011 0.020878 0.014459
0 0.336402 0.669394 0.018644 0.013038
0 0.654356 0.689784 0.017888 0.011357
0 0.770201 0.804121 0.018673 0.013338
1 0.807174 0.366225 0.033181 0.022660
0 0.354910 0.598812 0.019722 0.015141
0 0.564741 0.359587 0.014044 0.010062
0 0.746636 0.638391 0.016979 0.011101
0 0.597098 0.433720 0.020788 0.014017
0 0.636309 0.669179 0.016771 0.011394
0 0.565713 0.482319 0.016332 0.011256
0 0.649435 0.733930 0.018634 0.013891
1 0.280777 0.498029 0.055945 0.039290
0 0.521758 0.394861 0.015417 0.011500
0 0.247088 0.539158 0.015649 0.012183
0 0.536511 0.763308 0.018481 0.013615
0 0.347843 0.544148 0.014524 0.010454
0 0.476330 0.337047 0.026237 0.020958
0 0.425961 0.614202 0.026452 0.017447
0 0.870924 0.686989 0.016835 0.011779
0 0.527573 0.850080 0.020961 0.014810
0 0.617537 0.387400 0.017200 0.012643
0 0.479504 0.664588 0.017094 0.011535
0 0.545636 0.518234 0.024840 0.014188
0 0.537239 0.450719 0.026720 0.022259
0 0.845232 0.500083 0.018517 0.012387
0 0.483185 0.514847 0.020220 0.013339
0 0.817465 0.571056 0.025632 0.013540
0 0.551563 0.595685 0.014794 0.011869
0 0.838093 0.647645 0.023209 0.016164
0 0.576905 0.345827 0.014715 0.010646
0 0.890336 0.649213 0.014613 0.010674
0 0.771688 0.626127 0.016822 0.011888
0 0.395295 0.774724 0.014116 0.010258
0 0.706140 0.373925 0.016116 0.010887
0 0.502583 0.451368 0.018071 0.013206
0 0.290952 0.457044 0.015786 0.012313
0 0.712721 0.440734 0.029172 0.005457
0 0.287326 0.624071 0.014502 0.011235
0 0.304359 0.621990 0.016204 0.010923
0 0.341325 0.739455 0.018419 0.012239
0 0.779148 0.457273 0.015272 0.010790
0 0.420129 0.542020 0.015492 0.010888
0 0.777449 0.513101 0.017697 0.013480
0 0.809048 0.647603 0.015729 0.011598
0 0.400880 0.346585 0.018050 0.014035
0 0.430835 0.410047 0.022710 0.015427
0 0.480900 0.460170 0.016427 0.013731
0 0.311134 0.722445 0.013982 0.010427
0 0.728800 0.385403 0.016080 0.012307
0 0.893754 0.508021 0.017230 0.010971
0 0.246095 0.427391 0.019162 0.013453
0 0.437271 0.559673 0.017385 0.013034
0 0.853018 0.449633 0.013703 0.009900
0 0.334346 0.419909 0.014958 0.012069
0 0.687454 0.753079 0.018916 0.013784
0 0.280456 0.708360 0.014011 0.009474
0 0.938314 0.512972 0.016771 0.011790
0 0.755239 0.426821 0.018839 0.013281
0 0.647886 0.593545 0.018945 0.013492
0 0.393202 0.571122 0.015360 0.011789
0 0.655247 0.498525 0.015152 0.010867
0 0.329422 0.462769 0.018050 0.014014
0 0.230227 0.622869 0.017070 0.012643
0 0.796277 0.478117 0.018957 0.012434
0 0.516961 0.475552 0.017522 0.013439
0 0.837730 0.386456 0.020398 0.011682
0 0.503996 0.527041 0.016018 0.011600
0 0.918897 0.581054 0.015284 0.012123
0 0.376872 0.618421 0.015287 0.010598
0 0.903586 0.452769 0.014629 0.011010
0 0.755719 0.603446 0.015460 0.012379
0 0.219036 0.510573 0.017952 0.012298
0 0.376134 0.478653 0.015726 0.011236
0 0.822294 0.466492 0.013424 0.008928
0 0.812742 0.801196 0.015431 0.011296
0 0.737773 0.722539 0.015743 0.010756