0 0.500024 0.379367 0.025980 0.018958
0 0.496839 0.433569 0.029684 0.023326
0 0.376097 0.204449 0.030010 0.023136
0 0.444656 0.368988 0.028700 0.020951
0 0.199726 0.372998 0.027258 0.019624
0 0.130385 0.314659 0.024190 0.017365
0 0.181533 0.453221 0.030596 0.021565
0 0.535329 0.108364 0.021828 0.017017
0 0.024847 0.350924 0.029905 0.021035
0 0.425788 0.411818 0.028862 0.022268
0 0.290104 0.385701 0.028473 0.020446
0 0.366189 0.342486 0.026098 0.021409
0 0.252204 0.295203 0.025132 0.018981
0 0.087174 0.333289 0.025297 0.018917
0 0.392776 0.312204 0.030088 0.024099
0 0.278558 0.197734 0.027005 0.018228
0 0.592461 0.365754 0.025651 0.018842
0 0.519499 0.178724 0.035765 0.025929
0 0.423144 0.448326 0.029164 0.020083
0 0.328161 0.421457 0.021535 0.016239
0 0.102123 0.295830 0.020187 0.015271
0 0.518449 0.271080 0.032640 0.021765
0 0.608372 0.324913 0.025451 0.018839
0 0.318398 0.239577 0.025070 0.018639
0 0.216401 0.336028 0.024308 0.018617
0 0.190581 0.173840 0.022334 0.015130
0 0.436274 0.476792 0.026179 0.020413
0 0.332361 0.508628 0.034284 0.021226
0 0.054394 0.320811 0.018696 0.014765
0 0.358118 0.510756 0.033218 0.022484
0 0.302870 0.453012 0.020839 0.016352
0 0.536702 0.277244 0.031501 0.019768
0 0.364549 0.157237 0.022592 0.019570
0 0.170809 0.325009 0.019387 0.014683
0 0.473239 0.334819 0.023354 0.017227
0 0.455615 0.446883 0.022648 0.015674
0 0.124225 0.266210 0.019477 0.014387
0 0.532378 0.468147 0.029224 0.025487
0 0.082964 0.363584 0.026762 0.020216
0 0.392055 0.485450 0.025738 0.019628
0 0.113913 0.401966 0.024315 0.021106
0 0.337043 0.359671 0.023678 0.018299
0 0.207718 0.121825 0.018005 0.015437