0 0.695524 0.348786 0.027905 0.019336
0 0.551255 0.287165 0.028292 0.019493
0 0.684103 0.541601 0.036473 0.023228
0 0.256792 0.814241 0.034129 0.021605
0 0.173543 0.762295 0.035060 0.024129
0 0.313001 0.137793 0.029840 0.020418
0 0.605212 0.268832 0.030608 0.021645
0 0.351871 0.449714 0.033951 0.022746
0 0.181084 0.508210 0.028594 0.020301
0 0.266484 0.101972 0.029958 0.019503
0 0.216145 0.429725 0.028591 0.019720
0 0.214855 0.542399 0.033098 0.020325
0 0.580692 0.649019 0.034933 0.024817
0 0.598899 0.124630 0.032880 0.022330
0 0.827390 0.426910 0.031970 0.021552
0 0.056993 0.096457 0.035078 0.023724
0 0.043024 0.890568 0.036565 0.025433
0 0.613936 0.361241 0.029223 0.021265
0 0.628939 0.092020 0.031506 0.021357
0 0.612131 0.014925 0.020254 0.014597
0 0.029040 0.488964 0.037626 0.026918
0 0.467229 0.730418 0.030210 0.020012
0 0.339564 0.243237 0.035338 0.023565
0 0.569930 0.035836 0.026725 0.016675
0 0.216708 0.328576 0.030574 0.020563
0 0.623803 0.702942 0.031113 0.020167
0 0.925586 0.352339 0.026275 0.018295
0 0.230495 0.261909 0.031792 0.019257
0 0.155961 0.233383 0.031769 0.020930
0 0.469761 0.116344 0.026016 0.017955
0 0.723706 0.112082 0.031860 0.020429
0 0.462519 0.237750 0.028695 0.019974
0 0.774935 0.330592 0.028806 0.019819
0 0.748381 0.749256 0.027705 0.018520
0 0.059251 0.427913 0.029921 0.020949
0 0.499888 0.084538 0.030521 0.021560
0 0.335655 0.646591 0.034043 0.023437
0 0.404241 0.085797 0.030482 0.021680
0 0.641003 0.746711 0.026352 0.018582
0 0.565214 0.737499 0.031949 0.021240
0 0.131536 0.700253 0.033405 0.023716
0 0.669521 0.284446 0.031735 0.028618
0 0.334191 0.060439 0.023929 0.016823
0 0.253571 0.658204 0.045952 0.036360
0 0.621571 0.774161 0.034282 0.021925
0 0.139240 0.145578 0.027615 0.020683
0 0.219182 0.944670 0.039117 0.028065
0 0.347742 0.585018 0.027021 0.021141
0 0.165948 0.273177 0.037438 0.022004
0 0.076589 0.832148 0.032099 0.022898
0 0.739087 0.082440 0.028203 0.018578
0 0.806016 0.391499 0.026371 0.018323
0 0.514902 0.236385 0.024204 0.019745
0 0.284364 0.426360 0.029030 0.019587
0 0.273350 0.575405 0.028967 0.019562
0 0.785849 0.452278 0.030326 0.021870
0 0.875175 0.542984 0.042229 0.028933
0 0.823005 0.522355 0.032539 0.018675
0 0.272423 0.498690 0.028348 0.020143
0 0.690457 0.214941 0.024847 0.016746
0 0.187299 0.681910 0.026083 0.017430
0 0.475585 0.795112 0.032560 0.021765
0 0.153029 0.456818 0.030707 0.020197
0 0.381252 0.253482 0.025665 0.019779
0 0.443602 0.274989 0.029702 0.022083