1 0.262422 0.656998 0.059396 0.050803
1 0.438766 0.557949 0.051461 0.034764
0 0.279032 0.447942 0.021180 0.015474
0 0.273658 0.521511 0.025337 0.016105
0 0.263743 0.470597 0.018659 0.013015
0 0.445817 0.489706 0.025204 0.017863
0 0.499115 0.429889 0.019346 0.013932
0 0.533306 0.395112 0.020093 0.015241
0 0.606421 0.395573 0.018829 0.013674
0 0.213035 0.421048 0.024618 0.018140
0 0.154345 0.336358 0.026677 0.019573
0 0.396593 0.454481 0.017978 0.012364
0 0.330974 0.562733 0.018844 0.013016
0 0.578779 0.447146 0.032815 0.017570
0 0.388986 0.633546 0.019352 0.013767
0 0.249069 0.505726 0.020020 0.013412
0 0.331715 0.602551 0.017492 0.011193
0 0.391611 0.374469 0.019600 0.013898
1 0.392873 0.268304 0.071083 0.037786
0 0.456567 0.345456 0.020189 0.014772
0 0.413136 0.423668 0.020606 0.014553
0 0.318486 0.630562 0.017093 0.012023
0 0.589453 0.413452 0.019684 0.013785
0 0.479602 0.364237 0.018770 0.012873
0 0.259492 0.772800 0.021763 0.015337
0 0.487187 0.524051 0.020021 0.014638
0 0.052472 0.655331 0.017265 0.011584
0 0.355163 0.496264 0.018477 0.012766
0 0.516347 0.360532 0.018312 0.013248
0 0.501055 0.337407 0.018844 0.013511
0 0.663457 0.648728 0.026818 0.019439
0 0.375231 0.444425 0.017689 0.012993
0 0.246873 0.741457 0.018443 0.012681
0 0.345739 0.623188 0.020687 0.014927
0 0.405496 0.310435 0.016602 0.012664
0 0.302645 0.784117 0.021303 0.016163
0 0.220077 0.761782 0.019755 0.014333
0 0.091737 0.633010 0.022656 0.014329
0 0.262948 0.575197 0.017054 0.012000
0 0.490925 0.448838 0.018077 0.012216
0 0.190926 0.575461 0.018394 0.013097
0 0.376287 0.540224 0.017147 0.011729
0 0.328111 0.497275 0.023971 0.015985
0 0.412231 0.683913 0.021645 0.016031
0 0.457780 0.374292 0.019274 0.013459
0 0.208382 0.621870 0.017642 0.012743
0 0.641061 0.417420 0.017976 0.013606
0 0.122859 0.715417 0.018798 0.012677
0 0.428769 0.364970 0.017626 0.011267
0 0.299123 0.544758 0.021038 0.012499
0 0.633059 0.360163 0.025461 0.018587
0 0.165490 0.683861 0.018777 0.012924
0 0.268280 0.603590 0.017472 0.012951
0 0.272252 0.490087 0.017137 0.010388
0 0.440131 0.723112 0.025967 0.018965
0 0.274177 0.686341 0.017052 0.012069
0 0.308603 0.465196 0.018152 0.012299
0 0.148050 0.662014 0.017570 0.013186
0 0.679941 0.424603 0.019587 0.014882
0 0.458189 0.302125 0.024156 0.018934
0 0.523168 0.561483 0.024245 0.019198
0 0.311107 0.392354 0.032831 0.027935
0 0.139859 0.686349 0.020239 0.012967
0 0.372908 0.685305 0.018214 0.013139
0 0.290627 0.715130 0.023408 0.016238
0 0.335086 0.316099 0.016480 0.011952
0 0.454239 0.796930 0.025355 0.017691
0 0.462130 0.440463 0.016769 0.012155
0 0.106368 0.664109 0.019212 0.014323
0 0.281430 0.558802 0.018322 0.011806
0 0.389189 0.808584 0.037089 0.024151
0 0.311710 0.296134 0.016407 0.011378
0 0.681712 0.575316 0.025579 0.018404
0 0.481731 0.497271 0.018293 0.012099
0 0.363524 0.786225 0.027772 0.019742
0 0.654478 0.617896 0.025545 0.019233
0 0.608801 0.496938 0.020206 0.014809
0 0.054767 0.407893 0.020439 0.015313
0 0.273002 0.392919 0.018203 0.013614
0 0.274846 0.750695 0.018498 0.013572
0 0.391001 0.734301 0.029286 0.018579
0 0.173272 0.729600 0.018142 0.012992
0 0.600846 0.706732 0.028471 0.023489
0 0.668654 0.593797 0.028469 0.023633
0 0.391499 0.714384 0.026864 0.017763
0 0.400139 0.714973 0.023129 0.015319