0 0.590590 0.485067 0.017190 0.013744
0 0.627908 0.834100 0.017555 0.011547
0 0.559816 0.756232 0.013810 0.012244
0 0.521266 0.505162 0.020643 0.013503
0 0.454209 0.497791 0.012672 0.013569
0 0.638107 0.503593 0.015408 0.010226
0 0.036046 0.719078 0.017645 0.014458
0 0.212162 0.560577 0.014476 0.011286
0 0.122564 0.622459 0.013893 0.012139
0 0.204870 0.874629 0.019803 0.015542
0 0.281401 0.819022 0.016874 0.011734
0 0.327602 0.865023 0.019891 0.014280
0 0.505185 0.882873 0.016320 0.012613
0 0.418295 0.645291 0.014675 0.011060
0 0.236691 0.620836 0.014653 0.012561
0 0.466028 0.770899 0.015692 0.012208
0 0.638386 0.677412 0.013722 0.012146
0 0.147644 0.879470 0.011227 0.008309
0 0.259059 0.601398 0.014579 0.010639
0 0.094109 0.726244 0.016019 0.010648
0 0.562082 0.841992 0.016578 0.013098
0 0.492109 0.752182 0.015759 0.012375
0 0.554042 0.510400 0.015947 0.012647
0 0.487581 0.835236 0.015428 0.013034
0 0.645819 0.595919 0.012951 0.009828
0 0.508073 0.626227 0.014929 0.011215
0 0.191263 0.631651 0.014684 0.009972
0 0.420745 0.584841 0.020838 0.016026
0 0.297083 0.436988 0.008712 0.008648
0 0.668502 0.802418 0.013782 0.011012
0 0.592123 0.569073 0.021620 0.015389
0 0.695668 0.592044 0.012050 0.007655
0 0.395876 0.721324 0.015011 0.011760
0 0.137722 0.695980 0.013543 0.012533
0 0.366240 0.559212 0.017992 0.012237
0 0.055934 0.709781 0.015365 0.012605
0 0.111624 0.537475 0.011447 0.010380
0 0.071325 0.619740 0.011681 0.010775
0 0.163345 0.701543 0.014397 0.011967
0 0.153916 0.655342 0.014022 0.011022
0 0.474672 0.447898 0.011932 0.010112
0 0.299477 0.578789 0.012016 0.010365
0 0.479088 0.669659 0.015024 0.010748
0 0.466248 0.625096 0.012779 0.010642
0 0.324344 0.749582 0.013218 0.013369
0 0.545598 0.653221 0.012604 0.009992
0 0.757646 0.550396 0.014993 0.009935
0 0.419538 0.861788 0.014811 0.012681
0 0.099515 0.586640 0.014358 0.012182
0 0.655869 0.781075 0.012699 0.009651
0 0.088646 0.547031 0.011296 0.010052
0 0.413970 0.471625 0.012587 0.009438
0 0.462943 0.728833 0.013894 0.010225
0 0.465483 0.710271 0.012234 0.008215
0 0.344283 0.823514 0.013358 0.010591
0 0.622649 0.787547 0.011416 0.008936
0 0.511013 0.395945 0.011147 0.007657
0 0.444586 0.410731 0.011046 0.010635
0 0.135364 0.494407 0.010242 0.010429
0 0.421044 0.706796 0.015659 0.012663
0 0.351575 0.729288 0.015689 0.014248
0 0.188945 0.573497 0.012087 0.010085
0 0.610193 0.517864 0.016405 0.013262
0 0.473581 0.569264 0.016819 0.012268
0 0.610288 0.717661 0.013855 0.012161
0 0.238545 0.555773 0.011964 0.009777
0 0.630477 0.861887 0.021124 0.012446
0 0.562442 0.477429 0.013011 0.010390
0 0.412043 0.747620 0.011208 0.010334
0 0.348248 0.808377 0.013738 0.010346
0 0.301920 0.653058 0.014450 0.010562
0 0.465134 0.655843 0.013887 0.009365
0 0.318276 0.982234 0.020365 0.012394
0 0.650197 0.618608 0.016150 0.007852
0 0.638256 0.810205 0.012879 0.009714
0 0.485669 0.518488 0.012082 0.012143
0 0.044388 0.754869 0.015047 0.010579
0 0.430834 0.511382 0.011912 0.010571
0 0.023546 0.597100 0.014291 0.010642
0 0.645971 0.635162 0.010866 0.007840
0 0.661996 0.874768 0.013287 0.009610
0 0.064967 0.572765 0.013383 0.010478
0 0.310188 0.793981 0.013216 0.011696
0 0.507914 0.663198 0.011862 0.007841
0 0.350009 0.590355 0.012813 0.008910
0 0.036048 0.572049 0.012623 0.010345
0 0.529765 0.742642 0.013958 0.013768
0 0.459563 0.919262 0.017242 0.014270
0 0.727040 0.533674 0.013916 0.007585
0 0.245077 0.937450 0.015352 0.010744
0 0.468088 0.547119 0.009874 0.008920
0 0.300459 0.959379 0.021031 0.012571
0 0.304780 0.914809 0.019104 0.012853
0 0.480174 0.788876 0.012173 0.010350
0 0.294206 0.957531 0.024306 0.012914
0 0.521642 0.849213 0.014137 0.011055
0 0.370109 0.579839 0.014344 0.011385