1 0.306697 0.558451 0.060942 0.054782
1 0.240856 0.449983 0.054824 0.038745
1 0.569346 0.772673 0.055351 0.043034
1 0.353232 0.665832 0.049234 0.035610
1 0.845279 0.591947 0.054544 0.035904
1 0.639269 0.455198 0.049139 0.035006
0 0.656142 0.683601 0.015589 0.010735
0 0.567066 0.393844 0.016704 0.011853
1 0.489518 0.466993 0.050396 0.036508
0 0.628739 0.390223 0.020260 0.014421
1 0.832107 0.426415 0.047269 0.039089
0 0.229900 0.343684 0.018872 0.012509
0 0.180965 0.391623 0.020988 0.013607
1 0.495590 0.655165 0.070544 0.044045
1 0.710200 0.522182 0.037972 0.030944
0 0.780135 0.481626 0.015145 0.009849
1 0.757689 0.578082 0.080351 0.039338
0 0.216319 0.388596 0.017965 0.012129
0 0.260283 0.374459 0.018534 0.011829
0 0.622369 0.672693 0.013885 0.010468
0 0.459980 0.619770 0.015744 0.010699
0 0.343902 0.441116 0.015787 0.010712
0 0.291214 0.337740 0.017690 0.011919
0 0.530823 0.578673 0.017245 0.011233
1 0.557375 0.295506 0.046525 0.035089
0 0.278076 0.619946 0.015566 0.010954
0 0.413120 0.328014 0.016611 0.011319
0 0.565285 0.540856 0.016947 0.011394
1 0.396786 0.514975 0.048973 0.034444
0 0.233938 0.580036 0.014426 0.010752
0 0.359539 0.572064 0.015921 0.010754
0 0.652096 0.304780 0.015809 0.011014
0 0.309134 0.437000 0.017409 0.011394
0 0.527113 0.682106 0.014880 0.009622
0 0.403101 0.620456 0.015920 0.010500
0 0.643930 0.532510 0.015931 0.011114
0 0.322149 0.502353 0.014612 0.010141
0 0.427780 0.404396 0.016760 0.011070
0 0.314606 0.627985 0.014200 0.010278
0 0.400964 0.657896 0.014344 0.010799
0 0.412336 0.383537 0.016065 0.010753
0 0.376258 0.474676 0.016925 0.010849
0 0.593260 0.590776 0.015820 0.010476
1 0.473474 0.528479 0.044420 0.031284
0 0.522962 0.392065 0.016767 0.011751
0 0.416618 0.557328 0.013460 0.010233
1 0.468631 0.377933 0.060853 0.041276
0 0.594330 0.572843 0.016138 0.011253
0 0.480476 0.728508 0.015344 0.010747
0 0.378990 0.447923 0.015882 0.010781
0 0.464495 0.553106 0.014295 0.009722
0 0.310119 0.318711 0.018517 0.012915
0 0.373253 0.558369 0.015674 0.010180
0 0.612000 0.287816 0.019492 0.014264
0 0.564807 0.706515 0.017674 0.012097
0 0.340266 0.641388 0.015365 0.009818
1 0.634023 0.625402 0.043027 0.030635
0 0.432346 0.426809 0.014961 0.009945
0 0.334046 0.742132 0.013609 0.009811
0 0.656642 0.597980 0.017150 0.011344
0 0.679382 0.535820 0.014917 0.010450
0 0.677513 0.739830 0.017358 0.012265
0 0.456036 0.342588 0.017506 0.011950
0 0.549872 0.490244 0.016135 0.010897
0 0.778556 0.504991 0.014859 0.010216
0 0.578059 0.495908 0.016395 0.010854
0 0.460355 0.451227 0.014979 0.010411
0 0.511384 0.300793 0.019798 0.012896
0 0.381433 0.757808 0.015948 0.011410
0 0.708419 0.317180 0.019261 0.014412
0 0.578654 0.350549 0.016699 0.013546
0 0.681633 0.604823 0.013073 0.009107
0 0.543111 0.516745 0.017649 0.012648
0 0.490878 0.257560 0.016917 0.012438
0 0.388890 0.581220 0.013373 0.012515
0 0.821682 0.341236 0.016969 0.012291
0 0.309911 0.723755 0.014128 0.009361
0 0.567236 0.368868 0.014714 0.010266
0 0.523753 0.548667 0.014712 0.010316
0 0.446800 0.736232 0.015869 0.009516
0 0.347663 0.320709 0.016520 0.011585
0 0.600321 0.635441 0.013059 0.009866
0 0.824416 0.497427 0.016038 0.010450
0 0.597561 0.433720 0.014173 0.010079
0 0.670747 0.644493 0.013754 0.009266
0 0.477581 0.433816 0.015476 0.011193
0 0.488789 0.506841 0.015038 0.009194
0 0.449803 0.718833 0.015025 0.010256
0 0.241596 0.509482 0.016815 0.012175
0 0.366198 0.334760 0.015963 0.011757
0 0.843984 0.502432 0.014567 0.009849
0 0.222932 0.509687 0.015376 0.011038
0 0.455405 0.250695 0.015312 0.011155
0 0.350340 0.466123 0.015242 0.010519
0 0.783598 0.640556 0.013472 0.008671
0 0.447497 0.489354 0.014992 0.011742
0 0.377499 0.270199 0.014910 0.011035
0 0.523344 0.533559 0.013686 0.009729
0 0.400995 0.347439 0.015599 0.011005
0 0.456377 0.581056 0.022423 0.014767
1 0.191908 0.668354 0.036576 0.031766
0 0.279930 0.302850 0.017329 0.012436
0 0.629346 0.551791 0.014227 0.010229
0 0.529399 0.274723 0.014591 0.009771
0 0.753867 0.375228 0.015408 0.011348
0 0.747852 0.501101 0.017399 0.011270
0 0.634846 0.341600 0.018608 0.015410
0 0.577540 0.263361 0.013436 0.009593
0 0.764768 0.394311 0.014719 0.010057
0 0.833289 0.515802 0.014028 0.009241
0 0.373270 0.426185 0.016100 0.010153
0 0.398709 0.305687 0.019741 0.012231
0 0.650407 0.649266 0.013547 0.008632
0 0.377986 0.614200 0.015676 0.010133
0 0.488434 0.292824 0.015208 0.010162
0 0.659891 0.480588 0.016161 0.012855
0 0.644265 0.764555 0.016945 0.011235
0 0.848308 0.448126 0.015226 0.010546
0 0.415962 0.722426 0.016067 0.012476
0 0.371065 0.298617 0.015415 0.009967
0 0.591821 0.230171 0.016767 0.011178
0 0.536704 0.633056 0.014968 0.009757
0 0.662853 0.570849 0.013456 0.008606
0 0.343736 0.284665 0.016192 0.011527
0 0.202532 0.580950 0.016519 0.012389
0 0.691824 0.591278 0.014228 0.008612
0 0.550338 0.465910 0.021507 0.013229
0 0.438239 0.679765 0.016400 0.010431
0 0.615626 0.363020 0.020068 0.011971
0 0.261909 0.597834 0.015515 0.010990
0 0.692649 0.449168 0.014807 0.009749
0 0.696553 0.622919 0.015071 0.009825
0 0.206349 0.426748 0.017379 0.011054
0 0.448378 0.641455 0.013047 0.008527
0 0.468077 0.694671 0.014216 0.009229
0 0.755863 0.635595 0.012907 0.008370
0 0.227685 0.521616 0.014682 0.009317
0 0.577952 0.651888 0.015194 0.009485
0 0.333986 0.296230 0.016872 0.011909
0 0.391657 0.291330 0.016335 0.011373
0 0.285745 0.676247 0.013681 0.009459
0 0.823061 0.460258 0.013666 0.009324
0 0.753966 0.283664 0.015097 0.010511
0 0.654745 0.265642 0.013687 0.009247
0 0.502922 0.750038 0.017011 0.012085
0 0.713420 0.404258 0.014464 0.010035
0 0.388617 0.587164 0.013372 0.012294
0 0.831457 0.558515 0.014193 0.009752
0 0.449050 0.501504 0.012951 0.010587
0 0.762644 0.451269 0.017480 0.012858
0 0.399053 0.256584 0.017233 0.012697
0 0.268766 0.564250 0.015845 0.011679
0 0.738651 0.432266 0.015263 0.010129
0 0.723811 0.620528 0.016371 0.008292
0 0.523018 0.498036 0.015001 0.009411
0 0.168880 0.516661 0.013169 0.009207
0 0.450298 0.638372 0.017498 0.009007
0 0.778802 0.540594 0.015533 0.010660
0 0.727364 0.602277 0.012526 0.008518
0 0.280671 0.665682 0.012548 0.009231
0 0.583359 0.447329 0.016453 0.011453
0 0.511288 0.733076 0.019632 0.013546
0 0.885557 0.442088 0.017619 0.013702
0 0.406460 0.678524 0.014402 0.008670
0 0.360317 0.507979 0.019540 0.014061
0 0.752312 0.548763 0.012377 0.008221
0 0.387327 0.590811 0.012471 0.008792
0 0.693818 0.557861 0.018366 0.010054
0 0.805045 0.648232 0.014725 0.010832
0 0.635686 0.718685 0.020074 0.014220
0 0.357639 0.405594 0.015163 0.009516
0 0.472198 0.747194 0.015787 0.009307
0 0.713132 0.437401 0.012818 0.010054
0 0.430566 0.751691 0.015956 0.009403
0 0.462040 0.292148 0.016530 0.010971
0 0.498760 0.761061 0.016178 0.010311
0 0.497651 0.687604 0.013408 0.008499
0 0.504763 0.490779 0.016709 0.011151
0 0.523654 0.538504 0.014742 0.020890
0 0.658985 0.424858 0.014755 0.010253
0 0.433379 0.351147 0.019213 0.010454
0 0.731715 0.621708 0.014963 0.007369
0 0.489459 0.359041 0.016180 0.009845
0 0.871904 0.549794 0.012952 0.010065
0 0.786239 0.306119 0.021327 0.015611
0 0.395402 0.300796 0.017974 0.017245
0 0.755801 0.547131 0.006399 0.011335
0 0.326192 0.271373 0.014959 0.009903