1 0.353736 0.502637 0.047828 0.032637
1 0.429048 0.914026 0.054287 0.040726
0 0.531559 0.581155 0.020774 0.014048
0 0.432813 0.402234 0.017935 0.011992
0 0.430322 0.447108 0.018759 0.013000
0 0.510057 0.457391 0.018356 0.012173
0 0.412786 0.420268 0.017600 0.011722
0 0.738347 0.819149 0.019488 0.013823
0 0.410916 0.579077 0.025526 0.015010
0 0.745422 0.442206 0.019812 0.013519
0 0.661298 0.703523 0.019782 0.013131
0 0.590249 0.795539 0.024382 0.018300
0 0.232155 0.452828 0.019020 0.013291
0 0.366821 0.420701 0.017998 0.013481
0 0.722690 0.579441 0.015645 0.010467
0 0.576445 0.441698 0.019685 0.013935
0 0.667745 0.489809 0.016919 0.010609
0 0.681411 0.683419 0.016676 0.010865
0 0.263453 0.392329 0.020681 0.014083
0 0.448684 0.858566 0.023618 0.016240
0 0.200847 0.541678 0.016703 0.011964
0 0.476130 0.580878 0.018912 0.013259
0 0.670275 0.410288 0.016708 0.012356
0 0.323501 0.415957 0.020954 0.015017
0 0.702147 0.749107 0.021126 0.014784
0 0.561410 0.370687 0.017110 0.012616
0 0.659268 0.741083 0.021141 0.014631
0 0.517033 0.365968 0.015734 0.011817
0 0.522667 0.519298 0.019106 0.011903
0 0.154956 0.479178 0.026393 0.018002
0 0.301908 0.474478 0.020243 0.014738
0 0.684354 0.591107 0.018346 0.012681
0 0.514773 0.625332 0.018429 0.012586
0 0.615171 0.746871 0.019139 0.014396
0 0.591585 0.632165 0.018048 0.013075
0 0.630113 0.726640 0.017928 0.011127
0 0.633913 0.654747 0.015648 0.011255
0 0.726147 0.779680 0.018385 0.012881
0 0.574995 0.489640 0.017141 0.011746
0 0.726423 0.649848 0.019583 0.012677
0 0.771375 0.663724 0.017390 0.011438
0 0.623656 0.409594 0.015738 0.010990
0 0.678346 0.802379 0.019919 0.014051
0 0.717503 0.460097 0.017503 0.012541
0 0.420597 0.370829 0.015655 0.011626
0 0.222516 0.485216 0.015315 0.010989
0 0.417247 0.521414 0.021218 0.013939
0 0.372215 0.561280 0.020336 0.013905
0 0.296334 0.632318 0.016682 0.011126
0 0.611585 0.346702 0.019331 0.012341
0 0.276952 0.641998 0.015383 0.010925
0 0.597253 0.378701 0.021833 0.011887
0 0.489549 0.612272 0.018037 0.011177
0 0.223367 0.633695 0.015545 0.011398
0 0.235589 0.682300 0.015708 0.010645
0 0.532085 0.395296 0.019286 0.014523
0 0.472326 0.752197 0.015414 0.009871
0 0.384510 0.364659 0.020818 0.017209
0 0.548367 0.721494 0.021560 0.014570
0 0.477442 0.466772 0.018264 0.012423
0 0.352034 0.474018 0.016806 0.011494
0 0.305265 0.559242 0.018535 0.012866
0 0.545323 0.500982 0.016574 0.010116
0 0.315117 0.596698 0.018467 0.013894
0 0.596180 0.588624 0.017735 0.011639
0 0.241305 0.519883 0.016462 0.010969
0 0.375270 0.864012 0.029245 0.018238
0 0.480016 0.796708 0.019791 0.015535
0 0.669480 0.543568 0.018053 0.013554
0 0.575277 0.461468 0.017875 0.011606
0 0.760233 0.633482 0.016389 0.010996
0 0.672135 0.623036 0.022128 0.014030
0 0.658368 0.439083 0.017567 0.011253
0 0.557953 0.700653 0.017805 0.012189
0 0.174713 0.647497 0.016037 0.011442
0 0.560759 0.544058 0.021480 0.012846
0 0.259793 0.651799 0.014649 0.009779
0 0.800423 0.558707 0.014505 0.010279
0 0.631963 0.373616 0.016731 0.014180
0 0.323810 0.655704 0.016485 0.011548
0 0.683759 0.461375 0.015350 0.010088
0 0.705712 0.396105 0.033404 0.018107
0 0.310448 0.834628 0.020115 0.014701
0 0.250086 0.698215 0.017321 0.012171
0 0.697747 0.372652 0.019098 0.013923
0 0.618484 0.513059 0.018275 0.011654
0 0.700440 0.666865 0.017601 0.012084
0 0.717426 0.488938 0.020241 0.012681
0 0.393073 0.890785 0.025973 0.018120
0 0.543364 0.633617 0.016906 0.013599
0 0.666464 0.649682 0.015068 0.010167
0 0.734957 0.545589 0.016322 0.010271
0 0.717583 0.423685 0.016516 0.011962
0 0.466831 0.700776 0.018797 0.011580
0 0.487488 0.329221 0.014069 0.009857
0 0.374879 0.528922 0.016393 0.009258
0 0.722460 0.689664 0.016840 0.013833
0 0.613014 0.483960 0.016625 0.010852
0 0.819276 0.665504 0.015383 0.010223
0 0.776819 0.599278 0.025574 0.014716
0 0.151901 0.583111 0.015914 0.011516
0 0.186775 0.710600 0.015366 0.010442
1 0.295037 0.769609 0.046066 0.026544
0 0.268002 0.546174 0.014996 0.010805
0 0.316138 0.787240 0.016127 0.010892
0 0.192034 0.682879 0.015783 0.010910
0 0.751088 0.700446 0.020724 0.016152
0 0.151646 0.618875 0.014045 0.010913
0 0.197448 0.741100 0.014542 0.010067
0 0.217650 0.514234 0.015551 0.009662
0 0.215425 0.699882 0.013909 0.009739
0 0.480901 0.920898 0.026249 0.018330
0 0.783444 0.543227 0.020652 0.011545
0 0.596991 0.502248 0.020507 0.010308
0 0.659405 0.524581 0.022051 0.013666
0 0.808960 0.583620 0.013186 0.009117
0 0.400900 0.611893 0.025892 0.016885
0 0.861309 0.614065 0.014006 0.009755
0 0.187297 0.566220 0.016875 0.009425
0 0.287503 0.821029 0.017160 0.011320
0 0.425272 0.753812 0.017455 0.012943
0 0.769584 0.559322 0.015608 0.009999
0 0.603279 0.826935 0.019319 0.014362
0 0.439111 0.741167 0.014495 0.009978
0 0.244796 0.585360 0.018007 0.011674
0 0.439024 0.763875 0.015794 0.010099
0 0.797620 0.506307 0.021811 0.013719
0 0.485899 0.712502 0.016509 0.012728
0 0.516563 0.804983 0.021650 0.011165
0 0.122020 0.633542 0.013266 0.009391
0 0.630756 0.386008 0.014931 0.012152
0 0.819614 0.639842 0.021752 0.012959
1 0.281552 0.606592 0.038619 0.019249
0 0.457407 0.829460 0.016939 0.011958
0 0.820719 0.487989 0.016601 0.011267
0 0.464768 0.505631 0.014229 0.009520
0 0.538948 0.358390 0.015974 0.011194
0 0.398325 0.468412 0.016561 0.011198
0 0.575712 0.526731 0.018256 0.012212
0 0.233635 0.542183 0.018402 0.010657
0 0.206065 0.665475 0.014453 0.011258
0 0.252887 0.469376 0.017537 0.012884
0 0.550232 0.345236 0.016518 0.011596
0 0.706618 0.799078 0.017113 0.010255
0 0.232484 0.820431 0.019117 0.012691
0 0.415217 0.538096 0.022100 0.011192
0 0.399988 0.797539 0.015901 0.011286
0 0.115817 0.526085 0.019668 0.014505
0 0.718581 0.523336 0.021268 0.012289
0 0.541909 0.624249 0.016451 0.016137
0 0.335297 0.634315 0.013964 0.009445
0 0.213719 0.573848 0.015631 0.011180
0 0.413385 0.335516 0.016861 0.012359
0 0.854354 0.657021 0.014970 0.010950
0 0.687250 0.504804 0.012320 0.007628
0 0.176302 0.691998 0.012135 0.009389
0 0.218566 0.720232 0.014727 0.009474
0 0.745867 0.560150 0.015755 0.008553
0 0.869643 0.597409 0.015642 0.011968
0 0.257324 0.477112 0.016566 0.012975
0 0.288774 0.571187 0.017115 0.010133
0 0.502466 0.480988 0.014716 0.009027
0 0.477113 0.441397 0.013930 0.009530
0 0.764192 0.575283 0.011975 0.009785
0 0.206144 0.657806 0.012124 0.011696
0 0.434736 0.348399 0.014998 0.011648
0 0.122119 0.677107 0.014116 0.010059
0 0.557590 0.408815 0.018594 0.009500
0 0.579457 0.357481 0.014702 0.009575
0 0.259792 0.480362 0.014673 0.008563
0 0.784390 0.802119 0.015559 0.010138