0 0.694315 0.497763 0.018249 0.013297
0 0.552548 0.715672 0.014240 0.012865
0 0.446590 0.428260 0.014812 0.009460
0 0.909428 0.662732 0.014779 0.012978
0 0.945200 0.589282 0.017355 0.011243
0 0.454560 0.571419 0.015049 0.011078
0 0.921657 0.702087 0.013878 0.009970
0 0.338717 0.765525 0.013562 0.009104
0 0.428900 0.783349 0.014927 0.012023
0 0.795986 0.757825 0.017419 0.012210
0 0.369072 0.554984 0.016763 0.014945
0 0.810098 0.717338 0.016345 0.013193
0 0.351221 0.728261 0.012821 0.009816
0 0.413185 0.565665 0.014083 0.011540
0 0.702547 0.426747 0.017959 0.014959
0 0.625359 0.536022 0.014306 0.012302
0 0.460692 0.553605 0.014233 0.008748
0 0.426405 0.637692 0.012310 0.010847
0 0.950620 0.610171 0.018562 0.011867
0 0.603629 0.668096 0.014035 0.013270
0 0.862071 0.496924 0.012882 0.009325
0 0.553887 0.538427 0.016348 0.011610
0 0.665671 0.627501 0.014135 0.011810
0 0.301988 0.620234 0.010820 0.009380
0 0.628973 0.506771 0.014609 0.012166
0 0.426292 0.822955 0.012929 0.009133
0 0.692067 0.408812 0.016049 0.010038
0 0.530159 0.631650 0.015116 0.011255
0 0.560779 0.646359 0.014754 0.011994
0 0.721998 0.601888 0.014023 0.009696
0 0.521083 0.450431 0.014642 0.010583
0 0.767643 0.464974 0.013561 0.009998
0 0.771701 0.636700 0.013991 0.010918
0 0.500043 0.543251 0.017518 0.013358
0 0.426438 0.488568 0.017083 0.011782
0 0.780137 0.505878 0.013814 0.009189
0 0.471747 0.705504 0.016028 0.012068
0 0.435389 0.551857 0.013351 0.011102
0 0.606087 0.524697 0.018257 0.013997
0 0.600614 0.796193 0.016076 0.012156
0 0.759532 0.667536 0.019184 0.014029
0 0.678764 0.731274 0.014753 0.013596
0 0.395887 0.678091 0.012437 0.008837
0 0.571680 0.449857 0.015225 0.012809
0 0.727285 0.709140 0.018171 0.012690
0 0.731349 0.487987 0.014191 0.009868
0 0.529607 0.510488 0.018475 0.012552
0 0.495142 0.546187 0.015169 0.011590
0 0.311112 0.477737 0.011134 0.011934
0 0.755114 0.834515 0.013551 0.011260
0 0.735262 0.625900 0.014697 0.012130
0 0.310456 0.592569 0.014569 0.010955
0 0.359249 0.630304 0.014946 0.011146
0 0.574020 0.619228 0.018817 0.014648
0 0.709056 0.347159 0.013413 0.010938
0 0.580875 0.845803 0.016414 0.011387
0 0.843198 0.400032 0.014386 0.009420
0 0.572086 0.505826 0.012833 0.009535
0 0.489984 0.743914 0.013769 0.010821
0 0.612269 0.718362 0.016785 0.012182
0 0.503937 0.538634 0.014672 0.011174
0 0.797408 0.392282 0.014988 0.011457
0 0.334745 0.615116 0.016507 0.013404
0 0.337021 0.417222 0.008569 0.011380
0 0.503907 0.623753 0.010205 0.008977
0 0.635978 0.762086 0.015578 0.013639
0 0.524482 0.664553 0.015944 0.014784
0 0.621284 0.737732 0.015916 0.010568
0 0.692907 0.546283 0.017739 0.013393
0 0.671495 0.455339 0.014517 0.014092
0 0.887232 0.729676 0.014930 0.010467
0 0.781698 0.587130 0.018842 0.012504
0 0.428318 0.749358 0.013085 0.009407
0 0.668905 0.523542 0.015341 0.013696
0 0.679095 0.557481 0.016964 0.012137
0 0.476722 0.411609 0.012879 0.009429
0 0.456286 0.722190 0.013293 0.009090
0 0.733719 0.831466 0.012733 0.013277
0 0.421948 0.821635 0.012016 0.007695
0 0.544674 0.426427 0.020738 0.014095
0 0.861265 0.473208 0.014529 0.010548
0 0.388024 0.499788 0.014825 0.011968
0 0.571866 0.815715 0.017166 0.012313
0 0.400196 0.550530 0.014940 0.011497
0 0.786843 0.616420 0.015154 0.012227
0 0.575774 0.358072 0.015616 0.011492
0 0.787063 0.791643 0.018802 0.010681
0 0.765870 0.579035 0.017769 0.014108
0 0.856013 0.604200 0.011439 0.009211
0 0.460091 0.399691 0.012314 0.011596
0 0.809505 0.574449 0.024973 0.017744
0 0.629054 0.510344 0.021039 0.016223
0 0.618635 0.839087 0.015863 0.013120
0 0.493718 0.652427 0.017433 0.013822
0 0.965143 0.555507 0.012698 0.010438
0 0.545912 0.342641 0.011842 0.008914
0 0.430630 0.492022 0.016719 0.016297
0 0.410148 0.405269 0.024366 0.015559
0 0.635509 0.476821 0.020712 0.015824