1 0.115591 0.732455 0.048216 0.039008
1 0.097230 0.769442 0.046558 0.033020
0 0.095820 0.542475 0.019307 0.013175
0 0.550786 0.873199 0.020290 0.014978
1 0.182453 0.450721 0.039135 0.034042
0 0.155303 0.538997 0.018559 0.012706
0 0.426518 0.898292 0.025615 0.018678
1 0.657847 0.611816 0.040208 0.029982
0 0.130544 0.849112 0.019479 0.013762
0 0.201970 0.577795 0.019090 0.013475
0 0.522532 0.644012 0.024066 0.017364
0 0.617456 0.634143 0.023632 0.017244
0 0.373241 0.844851 0.025750 0.020037
0 0.419528 0.433797 0.019069 0.015270
0 0.233158 0.775287 0.017475 0.011788
0 0.525526 0.496319 0.021865 0.014538
0 0.257824 0.728331 0.017634 0.012521
0 0.331228 0.498539 0.017358 0.012628
0 0.313177 0.892555 0.021161 0.014595
0 0.645097 0.486548 0.022040 0.015440
0 0.363592 0.566280 0.019250 0.012945
0 0.274092 0.459308 0.020541 0.015666
0 0.456501 0.445411 0.019124 0.014143
0 0.296662 0.784001 0.019265 0.012977
0 0.441058 0.934692 0.029065 0.020639
0 0.345385 0.598378 0.017043 0.011924
0 0.700981 0.617141 0.016674 0.012317
0 0.171183 0.873902 0.020097 0.018405
0 0.552773 0.911490 0.018229 0.013253
0 0.404881 0.688217 0.020721 0.014726
0 0.533393 0.781932 0.017417 0.012085
0 0.365749 0.619967 0.019369 0.014072
0 0.480001 0.670896 0.024025 0.017559
0 0.322001 0.936841 0.024744 0.021214
0 0.133250 0.615148 0.018544 0.012700
0 0.285603 0.658617 0.017785 0.012704
0 0.334833 0.441999 0.018428 0.014006
0 0.508318 0.907166 0.019701 0.015248
0 0.344422 0.941327 0.021990 0.016253
0 0.576330 0.844531 0.018411 0.015848
0 0.263548 0.532962 0.018559 0.014205
0 0.136730 0.591734 0.019499 0.013386
0 0.306091 0.743868 0.016700 0.012297
0 0.677742 0.566896 0.014816 0.010294
0 0.672555 0.712761 0.020476 0.013720
0 0.097038 0.611383 0.023018 0.016046
0 0.428546 0.719478 0.023271 0.014396
0 0.290046 0.671894 0.017341 0.012385
0 0.307431 0.382324 0.016073 0.011973
0 0.361255 0.517630 0.022380 0.014690
0 0.333531 0.582295 0.016197 0.011787
0 0.552491 0.517449 0.023751 0.020051
0 0.448519 0.400583 0.016521 0.013564
0 0.296952 0.621115 0.018593 0.014264
0 0.109554 0.659278 0.016852 0.012697
0 0.518607 0.858902 0.022612 0.015115
0 0.270888 0.625264 0.017704 0.014016
0 0.172501 0.754431 0.017333 0.011952
0 0.078862 0.822902 0.015910 0.010340
0 0.663398 0.516664 0.016579 0.012002
0 0.091749 0.635096 0.016768 0.011815
0 0.287634 0.663756 0.018884 0.021317
0 0.613653 0.863699 0.016355 0.010196
0 0.313197 0.532279 0.019163 0.014505
0 0.562915 0.669728 0.023726 0.018672
0 0.340293 0.533933 0.022512 0.017435