1 0.455066 0.670709 0.048352 0.033877
1 0.219533 0.644025 0.042715 0.036990
0 0.371469 0.719486 0.024063 0.019703
0 0.457191 0.499599 0.022636 0.015814
1 0.464313 0.434525 0.076626 0.041432
0 0.291703 0.729644 0.020851 0.015453
0 0.266483 0.848381 0.036813 0.027653
0 0.404035 0.723601 0.025754 0.020697
0 0.197962 0.663899 0.021667 0.014891
0 0.378722 0.697911 0.021282 0.014752
0 0.395834 0.558211 0.018982 0.013613
1 0.437954 0.445318 0.039364 0.035096
0 0.325419 0.681479 0.019464 0.012004
0 0.089889 0.594060 0.017378 0.013169
0 0.154493 0.744921 0.018266 0.013617