1 0.344269 0.776584 0.051392 0.037157
0 0.756616 0.709657 0.016307 0.012335
0 0.439989 0.819475 0.017893 0.012743
1 0.648872 0.543305 0.055046 0.051875
0 0.538141 0.490706 0.019095 0.013222
0 0.688477 0.638338 0.017571 0.011729
1 0.719673 0.427357 0.042666 0.027487
0 0.319812 0.838658 0.021487 0.015810
0 0.290730 0.472904 0.022134 0.015520
0 0.510506 0.920376 0.017934 0.012226
0 0.394461 0.746539 0.017767 0.012310
0 0.791250 0.717934 0.016194 0.011092
0 0.678121 0.615651 0.016433 0.011551
0 0.572004 0.848860 0.017880 0.012043
0 0.853166 0.810450 0.016822 0.012368
0 0.290014 0.842250 0.016988 0.012437
0 0.602599 0.716839 0.016414 0.011803
0 0.746128 0.738130 0.018322 0.013846
0 0.290030 0.780672 0.018345 0.013698
0 0.312227 0.796137 0.012550 0.011242
0 0.573347 0.975760 0.023195 0.018223
0 0.436017 0.938551 0.020383 0.014115
0 0.306216 0.495972 0.020894 0.015565
0 0.690074 0.769450 0.017184 0.014124
0 0.373667 0.729500 0.015696 0.010467
0 0.559391 0.730909 0.016434 0.011610
0 0.228986 0.796580 0.014318 0.009799
0 0.754979 0.652178 0.015784 0.011483
0 0.720378 0.529538 0.016030 0.011344
0 0.591443 0.481146 0.024148 0.014602
0 0.283389 0.502854 0.022139 0.013591
0 0.889313 0.635722 0.015042 0.010718
0 0.644075 0.623618 0.014875 0.010611
0 0.473041 0.686590 0.017760 0.012200
0 0.193658 0.742393 0.016341 0.010694
0 0.805180 0.460981 0.015777 0.011922
0 0.644922 0.721224 0.017923 0.012447
0 0.205931 0.629909 0.014263 0.010206
0 0.376418 0.852547 0.019055 0.013300
0 0.670574 0.660453 0.015742 0.011613
0 0.668792 0.944299 0.017500 0.012570
0 0.640485 0.576339 0.015537 0.011289
0 0.700339 0.791168 0.015581 0.010043
0 0.438732 0.783102 0.016293 0.012862
0 0.293268 0.712349 0.016005 0.011773
0 0.188006 0.587845 0.023402 0.018385
0 0.423845 0.592841 0.024389 0.015549
0 0.647866 0.679126 0.016842 0.011205
1 0.423646 0.415530 0.040577 0.027742
0 0.540257 0.436617 0.016100 0.011538
0 0.249884 0.545732 0.018244 0.012767
0 0.494590 0.945114 0.018918 0.014608
0 0.923385 0.629576 0.014063 0.011159
0 0.803917 0.626327 0.015931 0.011040
0 0.489952 0.607820 0.015063 0.012344
0 0.267004 0.806043 0.022995 0.012782
0 0.297298 0.601528 0.019360 0.015920
0 0.900868 0.651910 0.015204 0.010507
0 0.752970 0.439587 0.015167 0.009724
0 0.683715 0.575454 0.016389 0.011102
0 0.873006 0.623266 0.014717 0.011580
0 0.701077 0.604142 0.015539 0.011171
0 0.725175 0.603881 0.017942 0.013106
0 0.335446 0.644285 0.018230 0.013701
0 0.183553 0.685240 0.013985 0.010898
0 0.855883 0.514716 0.013121 0.009524
0 0.589353 0.665004 0.015419 0.010613
0 0.594384 0.600765 0.014938 0.010634
0 0.485586 0.966646 0.018664 0.012093
0 0.786368 0.889812 0.016010 0.010912
0 0.739335 0.902665 0.017188 0.012803
0 0.946169 0.658536 0.016596 0.011358
0 0.694571 0.546192 0.016095 0.011529
0 0.772698 0.511171 0.013975 0.010367
0 0.762744 0.846644 0.016643 0.010908
0 0.435907 0.867828 0.019581 0.012628
0 0.826744 0.565390 0.013107 0.010346
0 0.402003 0.468296 0.023725 0.016772
0 0.272999 0.808257 0.018418 0.011220
0 0.562286 0.494150 0.015898 0.011105
0 0.854455 0.698398 0.013913 0.010733
0 0.887507 0.759019 0.018177 0.012428
0 0.632376 0.423700 0.013636 0.010639
0 0.535497 0.770841 0.013608 0.010661
0 0.452528 0.680868 0.017171 0.012463
0 0.603931 0.582173 0.014371 0.010855
0 0.534929 0.965547 0.020382 0.012689
1 0.479444 0.521363 0.078086 0.055366