1 0.427175 0.675522 0.043442 0.040026
1 0.811064 0.611851 0.041863 0.030358
0 0.669405 0.399231 0.018154 0.012884
0 0.299081 0.503813 0.020727 0.013946
0 0.460074 0.497122 0.019710 0.014191
0 0.521125 0.704005 0.020183 0.014496
0 0.377075 0.426198 0.019308 0.013605
0 0.489380 0.677226 0.020120 0.013739
0 0.623329 0.629625 0.017608 0.011983
0 0.247226 0.556916 0.016543 0.011176
0 0.384669 0.568230 0.016154 0.011826
0 0.192496 0.594353 0.018431 0.013748
0 0.671239 0.628552 0.017991 0.012098
0 0.287025 0.444364 0.016821 0.012525
1 0.402385 0.526020 0.041599 0.027771
0 0.485245 0.313846 0.017686 0.012214
0 0.508782 0.493487 0.016844 0.011762
0 0.560251 0.691573 0.015286 0.010589
0 0.366043 0.455546 0.018976 0.012427
0 0.672797 0.524348 0.018589 0.013481
0 0.246946 0.449570 0.015320 0.011350
0 0.804488 0.733458 0.017010 0.014185
0 0.684287 0.682883 0.017209 0.012761
0 0.727650 0.596555 0.017416 0.012304
0 0.838814 0.584760 0.018878 0.013786
0 0.340052 0.695298 0.017360 0.011669
1 0.401756 0.357213 0.034533 0.023481
0 0.698297 0.526933 0.016780 0.010562
0 0.522826 0.634725 0.016365 0.012921
0 0.411724 0.744461 0.015560 0.011233
0 0.341961 0.443671 0.018352 0.013040
0 0.855691 0.518825 0.016556 0.011488
0 0.702906 0.690789 0.018065 0.012275
0 0.443129 0.625593 0.017070 0.015211
0 0.696542 0.586441 0.018016 0.012344
0 0.563191 0.583275 0.016002 0.011499
0 0.602427 0.603062 0.016929 0.012107
0 0.338308 0.637176 0.017051 0.013157
0 0.458281 0.604841 0.016004 0.010712
0 0.808302 0.400900 0.017953 0.012527
0 0.585426 0.607572 0.017127 0.012860
0 0.536240 0.657657 0.016018 0.011489
0 0.656396 0.669091 0.018124 0.013056
0 0.449639 0.554526 0.015664 0.012846
0 0.773678 0.541397 0.014361 0.010228
0 0.408371 0.591719 0.018972 0.014491
0 0.902459 0.609980 0.014862 0.011305
0 0.455443 0.709080 0.016860 0.012578
0 0.295811 0.393035 0.014196 0.010753
0 0.837182 0.420984 0.016764 0.011892
0 0.604277 0.561484 0.017414 0.012945
0 0.659338 0.705431 0.016256 0.011030
0 0.869525 0.566589 0.016742 0.012607
0 0.579885 0.721404 0.015916 0.012287
0 0.623439 0.457531 0.016084 0.012389
0 0.817061 0.467742 0.014771 0.010570
0 0.350350 0.583562 0.018612 0.012087
0 0.774225 0.503728 0.015961 0.013384
0 0.767225 0.567261 0.015424 0.011134
0 0.429402 0.753339 0.014998 0.009382
0 0.334542 0.597679 0.015303 0.011754
0 0.637260 0.511166 0.020797 0.014762
0 0.641721 0.345517 0.015787 0.010952
0 0.913639 0.589014 0.016181 0.009664
0 0.450797 0.321985 0.015368 0.012745
0 0.523578 0.643178 0.016213 0.014020
0 0.410844 0.566644 0.014833 0.010588
0 0.587041 0.376393 0.018566 0.014577
0 0.200861 0.652773 0.016012 0.011500
0 0.829802 0.485248 0.016920 0.012267
0 0.509615 0.381120 0.021271 0.016634
0 0.219883 0.549409 0.018005 0.013554
0 0.224869 0.638542 0.017877 0.012626