1 0.510761 0.935242 0.059784 0.059830
1 0.856046 0.697975 0.054547 0.047817
0 0.072547 0.674022 0.020769 0.020968
0 0.060657 0.634841 0.021191 0.021677
0 0.466028 0.302873 0.024432 0.022923
0 0.101997 0.758800 0.023489 0.022841
0 0.592789 0.259500 0.021061 0.021149
0 0.258687 0.731093 0.022208 0.021727
0 0.310202 0.273107 0.021805 0.021284
0 0.368696 0.294219 0.024890 0.025699
1 0.435821 0.902322 0.063115 0.057003
0 0.377504 0.969879 0.018885 0.019455
0 0.298436 0.226904 0.020671 0.019630
0 0.293457 0.677551 0.020586 0.018954
0 0.523622 0.637185 0.018201 0.017523
0 0.555460 0.897775 0.020260 0.018208
0 0.169478 0.783074 0.023471 0.026134
0 0.167638 0.823861 0.022027 0.021835
0 0.284123 0.977537 0.023541 0.021300
0 0.326032 0.307602 0.022805 0.022524
0 0.135168 0.801960 0.022993 0.022463
0 0.055103 0.735584 0.024729 0.026970
0 0.321565 0.927693 0.021931 0.023286
0 0.331051 0.875621 0.024385 0.021757
0 0.204291 0.644508 0.021496 0.022689
0 0.154118 0.328852 0.020886 0.019573
0 0.689847 0.779846 0.013917 0.013219
0 0.583866 0.752876 0.020323 0.018863
0 0.613496 0.392340 0.019257 0.018046
0 0.331338 0.354856 0.021040 0.020866
0 0.621158 0.923423 0.016668 0.015497
0 0.291484 0.558896 0.019535 0.018191
0 0.250407 0.419613 0.020599 0.019237
0 0.588441 0.889232 0.016636 0.014969
0 0.366071 0.908647 0.017666 0.017709
0 0.579779 0.981777 0.016416 0.016126
0 0.434392 0.407868 0.019306 0.018719
0 0.229042 0.827678 0.024464 0.022191
0 0.064317 0.794607 0.022309 0.022421
0 0.686356 0.657156 0.018627 0.019104
0 0.663147 0.860967 0.014620 0.013828
0 0.465959 0.520623 0.020578 0.020220
0 0.564564 0.497558 0.017583 0.018453
0 0.736440 0.650139 0.015431 0.014430
0 0.528756 0.334246 0.019546 0.019341
0 0.502524 0.502482 0.016468 0.015478
0 0.839176 0.550750 0.014619 0.013708
0 0.776291 0.695966 0.016323 0.016391
0 0.231038 0.637325 0.019577 0.019205
0 0.523888 0.774371 0.016347 0.016774
0 0.164874 0.719174 0.021893 0.019864
0 0.531173 0.730604 0.019028 0.017996
0 0.405430 0.360316 0.023818 0.023978
0 0.657569 0.293721 0.028070 0.020259
0 0.875924 0.619187 0.013496 0.012511
0 0.644419 0.394634 0.018198 0.017361
0 0.609991 0.896699 0.015214 0.013788
0 0.878407 0.455849 0.022135 0.017155
0 0.712653 0.297011 0.015993 0.015380
0 0.255079 0.938307 0.019804 0.018815
0 0.017434 0.562693 0.021140 0.020720
0 0.560312 0.970065 0.015999 0.015061
0 0.703711 0.369397 0.017527 0.017101
0 0.498048 0.810524 0.017702 0.016444
0 0.504024 0.405461 0.022119 0.022414
0 0.053545 0.563516 0.016793 0.016323
0 0.117540 0.661516 0.026219 0.023276
0 0.808727 0.564776 0.015319 0.013379
0 0.748569 0.297801 0.021630 0.019383
0 0.769272 0.822465 0.012770 0.011615
0 0.786067 0.624802 0.016179 0.016416
0 0.546521 0.835552 0.016021 0.015804
0 0.638255 0.648264 0.024828 0.020078
0 0.296806 0.522435 0.019072 0.017977
0 0.646467 0.892806 0.015440 0.015326
0 0.429486 0.669558 0.024944 0.020677
0 0.681546 0.352008 0.019359 0.015091
0 0.159776 0.684174 0.023757 0.022390
0 0.479054 0.484786 0.028851 0.022197
0 0.556600 0.811774 0.020789 0.018828
0 0.543703 0.758546 0.015956 0.015140
0 0.477002 0.682460 0.021950 0.020877
0 0.907391 0.485184 0.016030 0.015929
0 0.667654 0.322637 0.014469 0.013069
0 0.686989 0.831374 0.017427 0.014205
0 0.700456 0.228912 0.015829 0.015588
0 0.272415 0.333991 0.019165 0.018948
0 0.707420 0.852575 0.014286 0.015276
0 0.394922 0.901181 0.015735 0.014819
0 0.261866 0.261471 0.023029 0.020972
0 0.178206 0.936488 0.018325 0.017157
0 0.693740 0.408570 0.015991 0.014602
0 0.458791 0.456887 0.021023 0.020953
0 0.780250 0.419894 0.015704 0.016386
0 0.509380 0.785754 0.017451 0.015797
0 0.517907 0.680894 0.020704 0.023360
0 0.687509 0.887777 0.017907 0.016352
0 0.650348 0.730949 0.015005 0.014167
0 0.518423 0.845827 0.024223 0.020381
0 0.699013 0.331178 0.017298 0.015244
1 0.736192 0.969989 0.088170 0.057383
0 0.830928 0.372262 0.020854 0.021741
0 0.616005 0.230270 0.031232 0.020161
0 0.330407 0.443471 0.022015 0.022950
0 0.619815 0.838108 0.016971 0.014377
0 0.264270 0.299450 0.018616 0.019123
0 0.485824 0.436268 0.017946 0.018631
0 0.680355 0.388560 0.014698 0.012914
0 0.639546 0.542777 0.015096 0.014527
0 0.867580 0.790405 0.013155 0.011545
0 0.719109 0.411318 0.015927 0.017923
0 0.457211 0.850215 0.015045 0.014206
0 0.134587 0.945185 0.018185 0.018202
0 0.812067 0.692761 0.013922 0.012304
0 0.809385 0.777883 0.013314 0.012688
0 0.632448 0.864185 0.015860 0.015232
0 0.345753 0.580248 0.020743 0.019893
0 0.658967 0.521933 0.016014 0.015685
0 0.360609 0.476326 0.021531 0.024018
0 0.322267 0.482773 0.023099 0.019666
0 0.838414 0.519207 0.014161 0.013181
0 0.766481 0.662638 0.014789 0.013669
0 0.700045 0.686918 0.017653 0.017520
0 0.714877 0.895319 0.012417 0.011308
0 0.641296 0.782180 0.017058 0.015491
0 0.822565 0.671380 0.015197 0.015268
0 0.386563 0.534782 0.022193 0.021103
0 0.326098 0.422253 0.018537 0.019054
0 0.469007 0.774634 0.018059 0.018373
0 0.824742 0.417541 0.017174 0.014565
0 0.786889 0.514791 0.021090 0.018254
0 0.830790 0.853944 0.014548 0.014585
0 0.535900 0.521341 0.018471 0.016939
0 0.825167 0.615620 0.013851 0.012739
0 0.642385 0.976284 0.013841 0.015263
0 0.337708 0.283273 0.015720 0.016180
0 0.158845 0.378669 0.020873 0.018851
0 0.582279 0.628726 0.022235 0.021251
0 0.281832 0.917479 0.014966 0.014022
0 0.788374 0.809757 0.013250 0.012710
0 0.592582 0.465694 0.023379 0.025213
0 0.285753 0.498015 0.020850 0.019263
0 0.507626 0.442213 0.017444 0.015353
0 0.785571 0.301916 0.018367 0.023360
0 0.378968 0.352407 0.017088 0.016391
0 0.763146 0.729710 0.014617 0.017375
0 0.396786 0.335876 0.018602 0.020648
0 0.721339 0.271071 0.015676 0.014568
0 0.622434 0.480406 0.016891 0.016295
0 0.297688 0.393369 0.019780 0.018616
0 0.700142 0.743834 0.014332 0.014580
0 0.409837 0.454905 0.015610 0.014170
0 0.757501 0.379914 0.014548 0.013220
0 0.847242 0.877399 0.014137 0.012737
0 0.382800 0.725015 0.019695 0.018802
0 0.152427 0.486112 0.020832 0.022117
0 0.636889 0.867184 0.019770 0.017029
0 0.673386 0.830030 0.020805 0.014766
0 0.226272 0.918101 0.021255 0.020425
0 0.427402 0.816558 0.018469 0.019133
0 0.006419 0.751977 0.012838 0.020138
0 0.723906 0.733599 0.017022 0.015360
0 0.744044 0.344195 0.019181 0.019977
0 0.811231 0.871644 0.013299 0.012537
0 0.790217 0.546649 0.018725 0.019183
0 0.522028 0.777639 0.026651 0.023065
0 0.568736 0.384565 0.024999 0.029294
0 0.747418 0.770628 0.014076 0.013356
0 0.517020 0.539108 0.017536 0.017977
0 0.454255 0.789664 0.019541 0.019213
0 0.789309 0.467440 0.017301 0.016428
0 0.727461 0.800828 0.014925 0.019316
1 0.089847 0.982667 0.035401 0.031847
0 0.900148 0.605856 0.015354 0.012886
0 0.540908 0.987582 0.018554 0.017579
0 0.361314 0.849821 0.019894 0.021271
0 0.628129 0.227529 0.028812 0.021538
0 0.670448 0.894250 0.016803 0.014518
0 0.709613 0.774237 0.013692 0.012231
0 0.271735 0.944896 0.015826 0.014739
0 0.516796 0.864048 0.017134 0.020290
0 0.661371 0.959804 0.016629 0.015249
0 0.791990 0.442477 0.014372 0.012403
0 0.258759 0.355654 0.018830 0.018696
0 0.864646 0.506342 0.013087 0.011837
0 0.825650 0.822393 0.014699 0.013155
0 0.419425 0.962005 0.018637 0.018217
0 0.730403 0.593359 0.015326 0.014759
0 0.671190 0.448622 0.017821 0.016727
0 0.556190 0.774303 0.014444 0.013371
0 0.129569 0.408264 0.018848 0.018563
1 0.394331 0.623729 0.036095 0.039233
0 0.793076 0.362436 0.015106 0.014212
0 0.740540 0.740947 0.016207 0.013448
0 0.318110 0.584187 0.018148 0.018736
0 0.414623 0.428301 0.019934 0.018899
0 0.892671 0.658381 0.013435 0.014044
0 0.681534 0.531334 0.017190 0.015997
0 0.139392 0.380184 0.017096 0.017275
0 0.796176 0.919784 0.018902 0.014886
0 0.745699 0.792302 0.012869 0.011794
0 0.644499 0.474057 0.015969 0.015096
0 0.644633 0.823738 0.016080 0.021217
0 0.765445 0.886902 0.017438 0.015103
0 0.596691 0.724955 0.015895 0.014038
0 0.368053 0.446659 0.021086 0.022455
0 0.358126 0.425494 0.017927 0.017020
0 0.886020 0.525737 0.015012 0.012558
0 0.171192 0.454002 0.015940 0.014019
0 0.306674 0.364497 0.021816 0.019848
0 0.560876 0.433137 0.021513 0.019968
0 0.156896 0.985231 0.018038 0.016692
0 0.207618 0.420433 0.019251 0.019886
0 0.237917 0.291227 0.020805 0.022572
0 0.914401 0.577088 0.014441 0.015516
0 0.512941 0.343547 0.017581 0.017378
0 0.578799 0.696888 0.015429 0.014581
0 0.461204 0.975522 0.018018 0.016729
0 0.742738 0.569546 0.015560 0.015153
0 0.646108 0.992171 0.015876 0.010222
0 0.461822 0.654081 0.019950 0.017436
0 0.500528 0.364524 0.018218 0.020818
0 0.783057 0.382817 0.015258 0.014383
0 0.146183 0.440884 0.020953 0.022204
0 0.491607 0.978432 0.018024 0.019455
1 0.754225 0.963754 0.050652 0.043217
0 0.577723 0.436444 0.021564 0.019326
0 0.327653 0.429835 0.023142 0.031452
0 0.662494 0.615601 0.016546 0.017519
0 0.766144 0.605153 0.014898 0.013733
0 0.345639 0.537700 0.019537 0.023369
0 0.550710 0.475137 0.017055 0.016210
0 0.706298 0.520371 0.021271 0.016973
0 0.808741 0.922840 0.014684 0.011933
0 0.797594 0.846099 0.013048 0.011781
0 0.894013 0.524671 0.025791 0.015437
0 0.005420 0.584613 0.010840 0.017634
0 0.858378 0.743190 0.011989 0.010165
0 0.628188 0.592510 0.017063 0.018746