1 0.585447 0.698334 0.042744 0.052131
1 0.335324 0.766567 0.040089 0.049799
1 0.478075 0.825564 0.031711 0.044580
1 0.528528 0.636732 0.030392 0.043060
0 0.754957 0.572514 0.016707 0.022529
0 0.474424 0.523467 0.015237 0.019361
0 0.511968 0.530119 0.015255 0.019652
1 0.465465 0.860482 0.042456 0.044774
0 0.740053 0.812833 0.016084 0.021808
0 0.658448 0.860715 0.020377 0.025073
1 0.614171 0.568582 0.033463 0.041727
0 0.620106 0.794053 0.014527 0.018133
1 0.447033 0.915954 0.042409 0.052081
0 0.597342 0.928841 0.015262 0.019484
0 0.607963 0.650565 0.015131 0.017352
1 0.422683 0.439399 0.035480 0.043180
1 0.600815 0.470347 0.029598 0.040461
0 0.686718 0.702296 0.014637 0.018530
0 0.629673 0.444614 0.012912 0.016174
0 0.454754 0.737148 0.013209 0.016936
0 0.538433 0.877193 0.014681 0.019434
0 0.670143 0.434153 0.015021 0.018549
0 0.480423 0.362217 0.017395 0.021053
0 0.707812 0.828337 0.014224 0.017873
1 0.505659 0.487412 0.036831 0.049012
0 0.397668 0.750921 0.012315 0.015224
0 0.564225 0.948984 0.012937 0.019249
1 0.767595 0.737851 0.046082 0.050982
0 0.547484 0.817418 0.013476 0.016514
0 0.333482 0.914011 0.019765 0.022500
0 0.601134 0.604369 0.015265 0.020043
0 0.420820 0.857822 0.009664 0.011424
0 0.542857 0.754019 0.012729 0.015546
0 0.634551 0.712173 0.012257 0.015346
0 0.675018 0.768534 0.013234 0.016789
0 0.665429 0.586057 0.011892 0.016431
0 0.598346 0.595283 0.016187 0.025335
1 0.254734 0.624495 0.057202 0.058273
0 0.571854 0.887145 0.010576 0.012470
1 0.466820 0.655132 0.035642 0.045181
0 0.378070 0.877642 0.012044 0.015911
0 0.697314 0.602446 0.012358 0.015626
0 0.567254 0.395641 0.015583 0.021283
0 0.652260 0.961907 0.013984 0.018020
0 0.603955 0.760587 0.011233 0.014472
0 0.685776 0.553588 0.011701 0.014386
0 0.534716 0.953544 0.011108 0.013410