0 0.648886 0.926992 0.021764 0.019851
0 0.781616 0.833592 0.021279 0.021149
0 0.416277 0.975449 0.024161 0.023826
0 0.796806 0.583938 0.020290 0.019661
0 0.509397 0.648637 0.020860 0.020927
0 0.203628 0.534477 0.020040 0.021340
1 0.484594 0.551453 0.050900 0.052183
0 0.706514 0.781851 0.020897 0.020403
0 0.303869 0.789813 0.023464 0.022302
0 0.422908 0.505409 0.023919 0.022398
0 0.711942 0.908345 0.018585 0.020125
1 0.040820 0.536770 0.059487 0.065298
0 0.540535 0.401036 0.022043 0.022684
0 0.198885 0.596953 0.020469 0.019524
0 0.438091 0.465818 0.024144 0.023417
0 0.539953 0.495585 0.021480 0.021418
0 0.205515 0.790156 0.023703 0.020836
0 0.777271 0.968082 0.019545 0.018169
0 0.507524 0.755578 0.020270 0.019101
0 0.210089 0.664693 0.020708 0.019758
0 0.387652 0.664982 0.022969 0.021434
0 0.550478 0.291669 0.022876 0.023111
0 0.197791 0.751104 0.021355 0.020263
0 0.790947 0.349943 0.020117 0.019559
0 0.568171 0.513345 0.021285 0.020471
0 0.352664 0.902591 0.021554 0.020732
0 0.824473 0.649600 0.023147 0.021012
0 0.678930 0.833294 0.020088 0.020060
0 0.198647 0.841283 0.019914 0.018721
0 0.728343 0.599893 0.020912 0.020547
0 0.592726 0.917847 0.025792 0.020688
0 0.499785 0.339524 0.024034 0.023951
0 0.745230 0.701372 0.020348 0.018957
0 0.789531 0.383588 0.023002 0.023670
0 0.688890 0.499203 0.019348 0.019367
1 0.305239 0.375449 0.079787 0.079892
0 0.448902 0.689430 0.022985 0.023608
0 0.608144 0.719282 0.021817 0.021341
0 0.566972 0.683723 0.026329 0.025219
0 0.193980 0.424233 0.017372 0.018070
0 0.113483 0.596165 0.022240 0.020572
0 0.553096 0.461755 0.024856 0.023561
0 0.602494 0.455734 0.022839 0.020122
0 0.398077 0.571955 0.023801 0.023673
0 0.603860 0.634266 0.024903 0.029832
0 0.513718 0.414939 0.022346 0.020635
0 0.147026 0.931424 0.019712 0.019302
0 0.593082 0.759572 0.018798 0.020435
0 0.143409 0.987795 0.017946 0.018575
0 0.721519 0.462510 0.022609 0.021691
0 0.342905 0.883536 0.020853 0.019712
0 0.202737 0.696738 0.019220 0.020617
0 0.768723 0.251714 0.022845 0.018971
0 0.920372 0.747332 0.018362 0.017844
0 0.402835 0.441932 0.023088 0.021453
0 0.434272 0.657957 0.024020 0.022197
0 0.791560 0.493027 0.020660 0.020001
0 0.816463 0.922399 0.016555 0.017475
0 0.258599 0.661763 0.019225 0.018878
0 0.574365 0.210154 0.020333 0.020629
0 0.384084 0.854376 0.020123 0.020194
0 0.288648 0.648769 0.021658 0.019764
0 0.493955 0.281817 0.020492 0.020805
0 0.157921 0.541558 0.020026 0.025198
0 0.312053 0.493196 0.024606 0.024371
0 0.081455 0.634793 0.019155 0.019277
0 0.282549 0.690100 0.021052 0.020398
0 0.565826 0.606160 0.018517 0.018972
0 0.611926 0.528364 0.020480 0.019568
0 0.731137 0.277411 0.019509 0.019726
0 0.678528 0.949381 0.022246 0.021769
0 0.369840 0.596245 0.029254 0.024202
0 0.239008 0.617501 0.018127 0.019410
0 0.537630 0.441874 0.017027 0.018674
0 0.653682 0.659261 0.021807 0.020032
0 0.473224 0.848301 0.019644 0.018384
0 0.915810 0.688974 0.020858 0.021225
0 0.454707 0.325174 0.019948 0.019990
0 0.664722 0.587245 0.022871 0.021257
0 0.397933 0.237119 0.021285 0.020644
0 0.049299 0.466200 0.018449 0.018611
0 0.857743 0.568388 0.022685 0.019941
0 0.457620 0.407554 0.027362 0.032619
0 0.410771 0.630154 0.020157 0.020559
0 0.678019 0.731218 0.019901 0.019145
1 0.261379 0.327147 0.059307 0.057486
0 0.585350 0.259450 0.035577 0.036040
0 0.536994 0.337412 0.022834 0.021893
0 0.220601 0.444898 0.019496 0.019274
0 0.644989 0.710382 0.020223 0.020374
0 0.474452 0.906713 0.034238 0.034893
0 0.253889 0.813882 0.023574 0.026082
0 0.563121 0.859909 0.022389 0.020284
0 0.730526 0.782210 0.018867 0.018578
0 0.231605 0.545867 0.018446 0.018845
0 0.552963 0.843827 0.016598 0.014867
0 0.516429 0.885777 0.017202 0.018266
0 0.795878 0.919452 0.018702 0.018144
0 0.528923 0.701365 0.018361 0.018834
0 0.124222 0.458437 0.021777 0.020011
0 0.726418 0.925652 0.020606 0.019895
0 0.689585 0.873461 0.019326 0.019540
0 0.477775 0.803550 0.020044 0.018898
0 0.354621 0.596071 0.032400 0.023623
1 0.151004 0.344561 0.110600 0.092407
0 0.558792 0.641031 0.024503 0.020779
0 0.295827 0.598116 0.024454 0.021146
0 0.264858 0.423822 0.018287 0.017846
0 0.234514 0.462478 0.019938 0.018454
0 0.432662 0.861762 0.021524 0.021357
0 0.803543 0.692999 0.019420 0.021091
0 0.480530 0.429674 0.018585 0.017564
0 0.262679 0.533698 0.019117 0.019034
0 0.759697 0.307030 0.026137 0.022111
0 0.678736 0.653321 0.018566 0.018747
0 0.541935 0.261703 0.020165 0.018786
0 0.765256 0.484167 0.021937 0.020411
0 0.550805 0.148672 0.029643 0.026438
0 0.472277 0.483676 0.019704 0.019189
0 0.102126 0.574349 0.019167 0.018444
0 0.255010 0.988737 0.032575 0.020188
0 0.811951 0.838334 0.014996 0.013915
0 0.512662 0.145753 0.019094 0.020664
0 0.173079 0.975422 0.018414 0.019821
0 0.597799 0.820259 0.014942 0.014797
0 0.155031 0.781825 0.023492 0.019387
0 0.412455 0.925667 0.028765 0.025415