1 0.172579 0.849171 0.061162 0.046527
1 0.530472 0.636726 0.078148 0.069744
1 0.538567 0.535484 0.052828 0.034744
1 0.662236 0.776274 0.055727 0.041786
1 0.718987 0.677984 0.048039 0.040932
1 0.279325 0.945912 0.050471 0.037952
0 0.356349 0.697833 0.018733 0.013303
0 0.451518 0.456647 0.020360 0.014510
1 0.027025 0.771070 0.054049 0.043575
0 0.400045 0.721437 0.020245 0.015461
0 0.237234 0.601681 0.017929 0.012300
1 0.227318 0.802141 0.093250 0.095220
0 0.331576 0.605114 0.020219 0.013856
0 0.467089 0.768639 0.018100 0.012898
1 0.335794 0.920473 0.092664 0.053756
0 0.441235 0.488806 0.021734 0.013807
0 0.419046 0.606543 0.017740 0.012036
0 0.412051 0.481336 0.018654 0.013340
0 0.328664 0.443598 0.018076 0.012165
0 0.285536 0.540915 0.018132 0.012357
0 0.427975 0.546605 0.017756 0.012366
0 0.153634 0.716124 0.019241 0.013511
1 0.080520 0.610433 0.049954 0.029386
1 0.723297 0.741790 0.050782 0.038978
0 0.374782 0.657337 0.019265 0.013074
0 0.469380 0.474873 0.017256 0.012183
0 0.192650 0.573655 0.018608 0.012908
0 0.190443 0.622460 0.017533 0.012040
0 0.259404 0.625579 0.018111 0.011862
0 0.274550 0.725297 0.017928 0.012577
0 0.465449 0.604504 0.016518 0.011682
0 0.140606 0.639517 0.017761 0.012963
1 0.717981 0.781920 0.053309 0.032471
0 0.374337 0.480777 0.018039 0.012960
0 0.404794 0.896436 0.018101 0.012338
0 0.637922 0.595353 0.016674 0.011899
1 0.192605 0.508281 0.050681 0.034448
0 0.378501 0.535151 0.019349 0.014422
0 0.080616 0.679219 0.018138 0.013141
0 0.413483 0.643462 0.018213 0.012416
0 0.268258 0.502752 0.017528 0.013050
0 0.470193 0.806761 0.018205 0.013505
0 0.255181 0.647852 0.018986 0.013534
0 0.536824 0.687162 0.018355 0.013210
0 0.109123 0.725311 0.019284 0.013755
0 0.297753 0.563607 0.018116 0.011528
0 0.464912 0.848544 0.019381 0.013218
0 0.367637 0.627367 0.017277 0.011455
0 0.143879 0.602517 0.016041 0.010725
0 0.304023 0.873984 0.018227 0.013067
0 0.330244 0.580850 0.017208 0.012695
0 0.509003 0.454340 0.018598 0.013815
1 0.043388 0.578586 0.048396 0.033345
0 0.018064 0.631960 0.018853 0.012343
0 0.654825 0.636495 0.016424 0.012015
0 0.326290 0.801977 0.018712 0.012294
0 0.359819 0.852702 0.017066 0.011743
0 0.226949 0.647573 0.018896 0.017208
0 0.530570 0.468848 0.017194 0.012393
0 0.298860 0.842418 0.016939 0.011678
0 0.515566 0.857303 0.018126 0.012227
0 0.487678 0.498130 0.017792 0.012953
0 0.592739 0.771565 0.018295 0.013430
0 0.269159 0.791451 0.016528 0.010180
0 0.193754 0.534951 0.016735 0.011581
0 0.702298 0.592773 0.018070 0.013034
1 0.227274 0.481113 0.060261 0.036837
1 0.444038 0.972068 0.084231 0.053795
0 0.085946 0.636746 0.016545 0.011379
0 0.491010 0.913113 0.020288 0.014691
0 0.628201 0.509829 0.018261 0.013025
0 0.134466 0.579192 0.015621 0.010599
0 0.496679 0.441242 0.016561 0.011432
0 0.350087 0.877122 0.015896 0.010013
0 0.257142 0.563522 0.017656 0.011364
0 0.158136 0.524589 0.016797 0.010872
0 0.545753 0.877537 0.025699 0.017391
0 0.372996 0.735650 0.021995 0.014521
0 0.539022 0.921632 0.020237 0.015051
0 0.484144 0.673967 0.016143 0.012534
0 0.296803 0.755292 0.023018 0.016604
0 0.431079 0.622774 0.017884 0.010068
0 0.448648 0.707384 0.017149 0.012094
0 0.029683 0.648928 0.017165 0.012609
0 0.681697 0.675863 0.016605 0.012045
0 0.143965 0.677407 0.021245 0.015109
0 0.371707 0.817988 0.015563 0.010553
0 0.385078 0.774689 0.017636 0.013006
0 0.353914 0.535132 0.019133 0.015946
0 0.596241 0.845683 0.018107 0.013059
1 0.721738 0.761206 0.055442 0.064803
0 0.392217 0.607576 0.016282 0.011802
0 0.504980 0.774768 0.015534 0.011318
0 0.421052 0.775865 0.015998 0.012847
0 0.243801 0.513273 0.015052 0.009966
0 0.256360 0.765209 0.014697 0.010244
0 0.398324 0.549377 0.019139 0.015995
0 0.110232 0.621455 0.014530 0.009946
0 0.153688 0.496324 0.015287 0.010272
0 0.593458 0.905189 0.019732 0.012378
0 0.648357 0.842857 0.019797 0.014945
0 0.274181 0.430562 0.016572 0.011837
0 0.617556 0.685412 0.016395 0.012027
0 0.986192 0.179609 0.026813 0.018679
0 0.072097 0.852920 0.013555 0.010545
0 0.608620 0.800673 0.017140 0.011140
0 0.525612 0.904488 0.016563 0.012447
0 0.645933 0.798080 0.016860 0.010373
1 0.204927 0.819377 0.100070 0.075850
0 0.334561 0.564677 0.016733 0.011720
0 0.536307 0.853626 0.017617 0.010917
0 0.590175 0.715134 0.018357 0.011554
0 0.593259 0.882064 0.017027 0.010810
0 0.368082 0.988527 0.018668 0.012423
0 0.591861 0.674977 0.015810 0.010730
0 0.443371 0.837815 0.015396 0.009776
0 0.503521 0.879201 0.017845 0.011736
0 0.494093 0.712135 0.021036 0.014890
0 0.654042 0.616975 0.016399 0.009684
0 0.020621 0.812098 0.017959 0.010581
0 0.139134 0.870752 0.015674 0.010277
0 0.463898 0.651664 0.013955 0.009404