1 0.461225 0.846165 0.061991 0.044271
1 0.288688 0.440439 0.055903 0.039105
1 0.380602 0.731368 0.048735 0.034041
1 0.142725 0.797985 0.057414 0.034931
1 0.181705 0.500413 0.053021 0.034849
1 0.114381 0.722941 0.058846 0.037679
1 0.339841 0.781601 0.054950 0.036002
1 0.236453 0.403332 0.046227 0.031156
0 0.613005 0.416153 0.022945 0.016070
0 0.604924 0.817115 0.018200 0.011407
0 0.547527 0.377873 0.023280 0.016342
1 0.126151 0.428499 0.053763 0.036647
0 0.613545 0.771673 0.016796 0.011514
0 0.306705 0.511189 0.021349 0.014845
0 0.460942 0.441968 0.021470 0.016240
0 0.458053 0.645012 0.018925 0.013017
0 0.431872 0.425115 0.018965 0.013914
0 0.188887 0.676660 0.017094 0.011607
0 0.355501 0.580998 0.019827 0.013561
0 0.180812 0.592569 0.018350 0.012175
0 0.153381 0.680073 0.014356 0.010311
0 0.558443 0.578554 0.020629 0.014744
0 0.376908 0.358289 0.018773 0.012868
0 0.505597 0.669576 0.018463 0.013027
0 0.579054 0.798416 0.017261 0.011297
0 0.521698 0.726872 0.015051 0.009624
0 0.435584 0.594483 0.020687 0.016398
0 0.474708 0.586892 0.018924 0.012682
0 0.234624 0.562999 0.018190 0.014059
1 0.462406 0.561815 0.034857 0.023077
0 0.109868 0.609373 0.016706 0.010374
0 0.599993 0.646197 0.020649 0.014855
0 0.220615 0.674329 0.016722 0.011048
0 0.263639 0.836267 0.017910 0.013085
0 0.436067 0.662710 0.018452 0.014208
0 0.364405 0.415308 0.020223 0.014872
0 0.306426 0.865133 0.017944 0.011994
0 0.523252 0.535812 0.020623 0.014425
0 0.422180 0.752301 0.017597 0.012173
0 0.065735 0.592167 0.017190 0.012140
0 0.723519 0.505442 0.021327 0.015593
0 0.211904 0.801458 0.019372 0.013332
0 0.353163 0.689539 0.015487 0.010096
0 0.229899 0.833439 0.015978 0.010973
0 0.494152 0.814797 0.018849 0.013868
0 0.627208 0.788938 0.014361 0.010265
0 0.264833 0.687918 0.015398 0.010418
0 0.383939 0.383629 0.017874 0.014369
0 0.370889 0.675769 0.017551 0.011421
0 0.696211 0.509382 0.024253 0.015574
0 0.573607 0.394344 0.020972 0.015275
0 0.561565 0.464228 0.019997 0.013387
0 0.320836 0.841643 0.015457 0.010117
0 0.296206 0.709025 0.016573 0.012807
0 0.421903 0.550229 0.017345 0.012271
0 0.399295 0.879967 0.020666 0.014743
0 0.493249 0.610760 0.016554 0.011508
0 0.314599 0.394483 0.017734 0.013147
0 0.329688 0.649694 0.016763 0.009969
0 0.430035 0.475826 0.018042 0.011846
0 0.522335 0.659560 0.015765 0.009807
0 0.058702 0.566314 0.020528 0.013526
0 0.579601 0.448083 0.019011 0.015030
0 0.156265 0.635822 0.016267 0.010588
0 0.342680 0.441754 0.018818 0.013349
0 0.414451 0.445338 0.018556 0.013974
0 0.662220 0.701307 0.014777 0.009509
0 0.414233 0.685266 0.016018 0.010650
0 0.548363 0.692531 0.015038 0.010022
0 0.690356 0.645621 0.019229 0.014340
0 0.304458 0.666861 0.020707 0.012112
0 0.179894 0.421257 0.014019 0.010463
0 0.202518 0.565267 0.015255 0.011399
0 0.272479 0.739024 0.014885 0.009562
0 0.128837 0.626505 0.016377 0.014913
0 0.561766 0.615454 0.017280 0.011458
0 0.438431 0.736664 0.015230 0.010534
0 0.274395 0.504389 0.015500 0.010694
0 0.218213 0.594563 0.018014 0.012029
0 0.317806 0.344122 0.019542 0.013693
0 0.298693 0.553797 0.017466 0.012521
0 0.554319 0.814772 0.016688 0.010533
0 0.378994 0.865079 0.015624 0.009892
0 0.317893 0.742559 0.018135 0.014434
0 0.052321 0.612128 0.014305 0.009691
0 0.295052 0.647088 0.017268 0.012298
0 0.232642 0.435147 0.017748 0.011613
0 0.476929 0.723595 0.014493 0.009993
0 0.256910 0.707639 0.015716 0.009525
0 0.458472 0.684955 0.017421 0.011283
0 0.240694 0.769224 0.016042 0.010629
0 0.494580 0.743119 0.014382 0.009636
0 0.539149 0.645264 0.016390 0.011203
0 0.661069 0.575578 0.020986 0.014878
0 0.674328 0.719393 0.018898 0.011971
0 0.523675 0.621500 0.014601 0.011089
0 0.494809 0.440238 0.021907 0.012980
0 0.249834 0.589430 0.017294 0.013752
0 0.343625 0.405232 0.015963 0.009804
0 0.323928 0.380308 0.015466 0.010622
0 0.185813 0.532784 0.015860 0.011332
0 0.157147 0.665635 0.014479 0.009905
0 0.531959 0.579665 0.022201 0.016513
0 0.229288 0.707502 0.019545 0.013416
0 0.299192 0.384273 0.014915 0.010408
0 0.591867 0.546865 0.016544 0.011677
0 0.287143 0.484163 0.014595 0.011013
0 0.299634 0.606682 0.019779 0.012321
0 0.399571 0.701541 0.013341 0.008440
0 0.614449 0.452515 0.019199 0.013899
0 0.292856 0.582362 0.015734 0.011719
1 0.720473 0.754356 0.033541 0.030316
0 0.220155 0.855733 0.022493 0.011283
0 0.454518 0.337751 0.014454 0.012421
0 0.076974 0.659722 0.015770 0.009622
0 0.434964 0.632397 0.015086 0.009977
0 0.314389 0.804502 0.015814 0.011060
0 0.337723 0.812099 0.014880 0.010475
0 0.142583 0.545849 0.015649 0.012448
0 0.313105 0.473426 0.021268 0.011318
0 0.633347 0.472475 0.020052 0.014270
0 0.249065 0.470537 0.016614 0.011628
0 0.157079 0.461010 0.013916 0.009655
0 0.614655 0.442984 0.018488 0.014783
0 0.036412 0.627131 0.014090 0.009576
0 0.264611 0.532721 0.015846 0.012414
0 0.529579 0.770789 0.015158 0.009231
0 0.695277 0.741278 0.016177 0.010326
0 0.038150 0.676745 0.016234 0.014156
0 0.030273 0.608844 0.015185 0.010164
0 0.064236 0.696618 0.019847 0.010556
0 0.232592 0.652153 0.014085 0.009344
0 0.462093 0.664905 0.013570 0.008669
0 0.314063 0.547281 0.015914 0.010051
0 0.688880 0.530927 0.015878 0.011279
0 0.652952 0.727044 0.013225 0.009287
0 0.561342 0.708419 0.014481 0.009397
0 0.120040 0.504449 0.017568 0.013683
0 0.081412 0.743313 0.013529 0.009429
0 0.355564 0.667670 0.015052 0.009080
0 0.211984 0.435600 0.013044 0.009204
0 0.150382 0.741698 0.023449 0.010715
0 0.706441 0.507575 0.043463 0.017756
0 0.069192 0.543384 0.018400 0.011826
0 0.055418 0.665471 0.012358 0.008471
0 0.156816 0.595817 0.016429 0.009447
0 0.095578 0.527484 0.015816 0.010151
0 0.266414 0.389860 0.017516 0.010819
0 0.238896 0.673193 0.014566 0.009224
0 0.005714 0.664698 0.011420 0.010957
0 0.707644 0.716743 0.014011 0.009844
0 0.460584 0.468107 0.020327 0.011214
0 0.505270 0.793995 0.012231 0.009027
0 0.351941 0.458752 0.018791 0.012599
0 0.373859 0.702682 0.015925 0.011270
0 0.102363 0.588375 0.013349 0.010162
0 0.518990 0.685673 0.016790 0.009561
0 0.081997 0.546780 0.019139 0.012259
0 0.279623 0.845671 0.015470 0.010774
0 0.203772 0.460936 0.013726 0.009854
0 0.515520 0.854215 0.016438 0.011457
0 0.596696 0.699930 0.017361 0.011090
0 0.360026 0.670349 0.023941 0.013413