1 0.628997 0.488391 0.069491 0.062142
1 0.318709 0.281431 0.061032 0.041653
0 0.178519 0.505025 0.018064 0.012446
0 0.571614 0.702698 0.017997 0.011542
0 0.365505 0.328656 0.018450 0.012891
0 0.237401 0.674949 0.019690 0.013709
0 0.225986 0.399514 0.018520 0.012654
0 0.219227 0.446769 0.019161 0.014832
0 0.367725 0.368066 0.021394 0.014719
0 0.161074 0.698455 0.019131 0.013355
0 0.161098 0.520816 0.017450 0.011851
0 0.242071 0.373134 0.018549 0.013304
0 0.317398 0.555015 0.017642 0.012414
0 0.385755 0.469438 0.017637 0.012578
0 0.512309 0.390569 0.016671 0.011175
0 0.119461 0.466575 0.017111 0.011844
0 0.445246 0.375105 0.018137 0.011925
0 0.422838 0.533913 0.015343 0.011324
0 0.153014 0.549721 0.018430 0.012995
0 0.545006 0.660965 0.017809 0.012600
0 0.328298 0.592276 0.018222 0.012341
0 0.606728 0.653408 0.016111 0.010135
0 0.239824 0.710126 0.018735 0.012946
0 0.173609 0.654604 0.018041 0.012687
0 0.581009 0.532611 0.018117 0.012632
0 0.600557 0.429994 0.013771 0.010040
0 0.563082 0.395239 0.016311 0.011451
0 0.303849 0.721183 0.017590 0.013009
0 0.523755 0.432048 0.016659 0.011258
0 0.023077 0.479381 0.023050 0.014837
0 0.246744 0.754426 0.017862 0.012269
0 0.519705 0.523573 0.016443 0.011332
0 0.295701 0.364620 0.018884 0.012510
0 0.061883 0.382162 0.018093 0.013076
0 0.208810 0.323293 0.018142 0.012834
0 0.258779 0.405652 0.018084 0.012502
0 0.424586 0.408521 0.018221 0.012264
0 0.359699 0.549572 0.018490 0.012485
0 0.467830 0.453174 0.017440 0.012645
0 0.157306 0.730318 0.016587 0.011070
0 0.261878 0.614474 0.017730 0.011893
0 0.416262 0.375724 0.017539 0.011649
0 0.384900 0.711100 0.018096 0.013128
0 0.377617 0.245754 0.018056 0.012449
0 0.325042 0.416903 0.017519 0.012245
0 0.111735 0.564386 0.018083 0.011573
0 0.529592 0.358821 0.019053 0.013748
0 0.367852 0.589487 0.019591 0.013416
0 0.628167 0.324439 0.022404 0.015264
0 0.136032 0.495907 0.017064 0.012209
0 0.310966 0.536999 0.016810 0.011045
0 0.519115 0.468000 0.014490 0.009994
0 0.202036 0.715821 0.018653 0.012853
0 0.307956 0.753683 0.019129 0.014699
1 0.062892 0.566845 0.058787 0.032563
0 0.278198 0.770969 0.017269 0.010861
0 0.289191 0.495243 0.019595 0.013929
0 0.183924 0.282346 0.017636 0.013869
0 0.520710 0.500074 0.015923 0.011768
0 0.546163 0.448684 0.014633 0.010362
0 0.547436 0.555316 0.015443 0.011201
0 0.563853 0.552155 0.017044 0.010800
0 0.314039 0.573136 0.015868 0.010524
0 0.345993 0.257734 0.014749 0.009929
1 0.292189 0.802762 0.068729 0.032616
0 0.291993 0.576978 0.016735 0.012424
0 0.275600 0.422448 0.019271 0.014526
0 0.455527 0.294214 0.021326 0.015803
0 0.563096 0.357621 0.018489 0.011987
0 0.158000 0.326981 0.020301 0.013564
0 0.418819 0.257250 0.017017 0.012973
0 0.637464 0.412401 0.013061 0.008838
0 0.313816 0.505098 0.018710 0.011917
0 0.478299 0.503364 0.015412 0.010361
0 0.527440 0.673620 0.018909 0.015144
0 0.170635 0.358836 0.026283 0.014809
0 0.378407 0.523250 0.016386 0.011401
0 0.283833 0.454175 0.015700 0.010619
0 0.014695 0.459756 0.021166 0.014577
0 0.497982 0.636854 0.017566 0.011608
0 0.652659 0.388558 0.014923 0.010957
0 0.494495 0.489379 0.015207 0.010405
0 0.565806 0.408519 0.015097 0.010072
0 0.633670 0.586479 0.018952 0.013484
0 0.367601 0.687563 0.019720 0.014945
1 0.515293 0.291432 0.046931 0.040238
0 0.449963 0.657990 0.022739 0.016028
0 0.578974 0.503312 0.013078 0.008398
0 0.460337 0.564557 0.021817 0.016339
0 0.085740 0.542262 0.014913 0.010444
0 0.399174 0.505650 0.018242 0.012692
0 0.573914 0.623293 0.015473 0.010333
0 0.420265 0.432647 0.015444 0.011127
0 0.495801 0.520485 0.018746 0.010841
0 0.186948 0.381789 0.018693 0.013205
0 0.257558 0.260981 0.013248 0.010310
0 0.459917 0.288793 0.020115 0.016662
0 0.271969 0.648324 0.019684 0.012749
0 0.584871 0.676814 0.018479 0.011131
0 0.336381 0.769628 0.019644 0.014304
0 0.447997 0.522109 0.014933 0.010701
0 0.437314 0.620156 0.019091 0.016068
0 0.253301 0.640468 0.016362 0.009869
0 0.371042 0.424269 0.017258 0.013480
0 0.573441 0.463259 0.015073 0.010527
0 0.101778 0.628774 0.016207 0.011058
0 0.420713 0.499815 0.015474 0.010562
0 0.627279 0.553252 0.016128 0.010675
0 0.007826 0.584490 0.015651 0.012136
0 0.047728 0.440974 0.020087 0.014557
0 0.613061 0.408180 0.011545 0.008717
0 0.092755 0.385335 0.019207 0.013888
0 0.262513 0.286341 0.026573 0.014624
0 0.522650 0.682797 0.019271 0.012912
0 0.126971 0.549044 0.016076 0.012513
0 0.024026 0.423161 0.018238 0.011891
0 0.658575 0.596641 0.014285 0.009426
0 0.674897 0.399852 0.016144 0.011001
0 0.012012 0.407680 0.018615 0.012770
0 0.351265 0.563864 0.014843 0.008960
0 0.723051 0.429834 0.014724 0.010232
0 0.653875 0.449436 0.014944 0.010458
0 0.222133 0.517335 0.014252 0.010478
0 0.239008 0.591814 0.016049 0.012992
0 0.678184 0.612350 0.014849 0.010673