0 0.805563 0.529136 0.021661 0.016037
0 0.396163 0.571623 0.019223 0.013426
0 0.534358 0.532832 0.020950 0.014737
0 0.416138 0.489113 0.021541 0.014693
0 0.445656 0.552517 0.019347 0.013442
0 0.203099 0.549130 0.018938 0.013791
0 0.499851 0.751792 0.026364 0.018511
0 0.347894 0.433209 0.020011 0.014211
0 0.318721 0.379059 0.025324 0.016154
0 0.753235 0.461826 0.020367 0.015450
0 0.292134 0.473853 0.022076 0.015576
0 0.421644 0.749912 0.026227 0.018888
0 0.618590 0.601275 0.020979 0.015316
0 0.401109 0.390436 0.021479 0.014380
0 0.736554 0.547281 0.020271 0.014895
0 0.414727 0.326665 0.021769 0.014109
0 0.459269 0.348747 0.020892 0.015132
0 0.557588 0.623388 0.024351 0.018960
0 0.721617 0.289796 0.019610 0.013093
0 0.508104 0.338491 0.025215 0.017549
0 0.564722 0.452600 0.021883 0.015358
0 0.704513 0.613961 0.019911 0.013105
0 0.662477 0.432309 0.019948 0.014015
0 0.556227 0.277281 0.025796 0.017651
0 0.331672 0.610527 0.019456 0.014521
0 0.216192 0.443808 0.024651 0.015463
0 0.630176 0.517052 0.021815 0.014380
0 0.381189 0.280260 0.019295 0.013523
0 0.630136 0.383490 0.022467 0.016932
0 0.284519 0.704400 0.018644 0.013685
0 0.181660 0.426074 0.019988 0.012833
0 0.205464 0.293301 0.019687 0.014893
0 0.239474 0.400527 0.019920 0.014097
0 0.504792 0.682749 0.020203 0.014080
0 0.745026 0.634725 0.020323 0.014682
0 0.420461 0.597798 0.018822 0.013317
0 0.432315 0.213878 0.018567 0.012614
0 0.542162 0.378944 0.023923 0.021054
0 0.482895 0.581025 0.018719 0.012426
0 0.585932 0.656839 0.018861 0.013797
0 0.502644 0.575666 0.018849 0.013208
0 0.353506 0.278289 0.018669 0.013087
0 0.224332 0.336890 0.018825 0.012928
0 0.753492 0.690529 0.019713 0.013528
0 0.495338 0.233608 0.018021 0.012299
0 0.396915 0.476287 0.020217 0.013188
0 0.609490 0.726637 0.020589 0.014904
0 0.179140 0.471414 0.019930 0.014048
0 0.128561 0.569615 0.016351 0.010862
0 0.260490 0.640715 0.017684 0.011527
0 0.690940 0.345772 0.020412 0.014164
0 0.242626 0.641918 0.018822 0.012131
0 0.300746 0.692517 0.017264 0.010896
0 0.719366 0.322146 0.019533 0.012909
0 0.435476 0.651002 0.017759 0.012071
0 0.816934 0.343500 0.019146 0.014044
0 0.281864 0.284680 0.018459 0.013088
0 0.127634 0.523200 0.015843 0.010916
0 0.322864 0.266375 0.017175 0.011905
0 0.656528 0.577910 0.020711 0.014843
0 0.314859 0.233478 0.019965 0.014275
0 0.574989 0.201386 0.018730 0.014348
0 0.698350 0.512346 0.017826 0.012747
0 0.167768 0.583298 0.018737 0.012224
0 0.318105 0.439694 0.017577 0.012507
0 0.674652 0.298725 0.019978 0.014747
0 0.144850 0.585687 0.014158 0.009289
0 0.665172 0.324479 0.024922 0.018842
0 0.379601 0.363514 0.018998 0.012162
0 0.122836 0.543514 0.016252 0.010707
0 0.700212 0.328843 0.019476 0.012561
0 0.473217 0.257446 0.020879 0.014636
0 0.755177 0.262572 0.018330 0.012962
0 0.448592 0.677635 0.018277 0.011868
0 0.819218 0.577357 0.019976 0.014200
0 0.638692 0.707419 0.018239 0.014404
0 0.236125 0.284475 0.017131 0.012836
0 0.676534 0.729084 0.016278 0.010777
0 0.844787 0.536252 0.015939 0.011147
0 0.288764 0.703643 0.027953 0.020375