1 0.411436 0.705781 0.051057 0.038870
1 0.645427 0.725861 0.046995 0.034447
1 0.130929 0.528143 0.058610 0.047937
0 0.654227 0.460319 0.020582 0.014860
0 0.672117 0.483969 0.018815 0.012262
0 0.598306 0.350332 0.029029 0.017448
0 0.750772 0.458770 0.018057 0.013162
1 0.404575 0.799955 0.104676 0.055298
0 0.636682 0.550029 0.017678 0.012465
0 0.362088 0.583740 0.021122 0.013789
0 0.669896 0.438351 0.018103 0.012490
1 0.359689 0.856107 0.143226 0.058453
0 0.358777 0.338083 0.028793 0.025328
0 0.530275 0.433126 0.022318 0.015855
0 0.723634 0.561569 0.018718 0.012802
0 0.709067 0.506106 0.017870 0.012258
0 0.430610 0.522307 0.018659 0.013400
0 0.732263 0.401946 0.018176 0.013089
0 0.678334 0.522975 0.017429 0.011307
0 0.233676 0.591276 0.018098 0.011997
0 0.373945 0.557657 0.019030 0.012408
0 0.686191 0.586888 0.020255 0.016255
0 0.553416 0.359271 0.023342 0.019265
0 0.599714 0.600929 0.018473 0.012774
0 0.663908 0.358873 0.019795 0.013467
0 0.512594 0.502321 0.020160 0.013359
0 0.620772 0.568011 0.020773 0.014666
0 0.422255 0.470660 0.017628 0.012666
0 0.327379 0.398137 0.027349 0.020390
0 0.739145 0.429921 0.017860 0.012282
0 0.808357 0.494218 0.019647 0.014169
0 0.445631 0.515426 0.020864 0.013618
0 0.627176 0.423518 0.019130 0.013785
0 0.355120 0.627618 0.018623 0.012931
0 0.627828 0.790736 0.019130 0.013692
0 0.575939 0.747496 0.020461 0.016799
0 0.399072 0.643715 0.019652 0.013748
0 0.498060 0.381995 0.030609 0.023910
0 0.425805 0.567647 0.025172 0.014091
0 0.549201 0.541950 0.018184 0.013790
0 0.501506 0.816769 0.019894 0.013209
0 0.752239 0.417185 0.018620 0.012166
0 0.542801 0.505372 0.018703 0.013536
0 0.354658 0.533206 0.019341 0.015143
0 0.661403 0.667003 0.016953 0.013470
0 0.655855 0.572496 0.017411 0.012550
0 0.489315 0.676310 0.017723 0.011603
0 0.508030 0.460584 0.023926 0.018564
0 0.592472 0.468942 0.021233 0.016150
0 0.456293 0.583910 0.019190 0.013489
0 0.113491 0.635334 0.015502 0.011052
0 0.507540 0.626266 0.020179 0.014977
0 0.147687 0.707383 0.017950 0.012385
0 0.231127 0.515419 0.031169 0.022392
0 0.205981 0.386689 0.026715 0.020108
0 0.534039 0.810490 0.019161 0.015400
0 0.603084 0.446810 0.022066 0.015083
0 0.313920 0.621705 0.018217 0.013832
0 0.182298 0.585169 0.022377 0.016011
0 0.300810 0.408417 0.021674 0.015928
0 0.489641 0.637090 0.018309 0.013855
0 0.695833 0.379547 0.017794 0.012170
0 0.309084 0.340155 0.025137 0.024741
0 0.665970 0.597568 0.023035 0.017035
0 0.708093 0.366777 0.018373 0.011787
0 0.452081 0.587485 0.024455 0.016817
0 0.584845 0.521535 0.014903 0.010126
0 0.582391 0.814857 0.019675 0.012722
0 0.512725 0.557719 0.015968 0.011307
0 0.191930 0.488588 0.016296 0.010452
0 0.468871 0.732522 0.025951 0.019564
0 0.437263 0.519313 0.035310 0.018257
0 0.483742 0.791177 0.017128 0.011642
0 0.249546 0.380727 0.025001 0.021515
0 0.402809 0.572524 0.019108 0.012103
0 0.647687 0.783067 0.021433 0.015524
0 0.617875 0.835979 0.021815 0.014616
0 0.144937 0.665776 0.017188 0.012123
0 0.334826 0.633180 0.017066 0.011854
0 0.479458 0.560137 0.016955 0.012144
0 0.405703 0.381108 0.018553 0.013152
0 0.681648 0.671805 0.023416 0.015958
0 0.513717 0.728613 0.017081 0.010630
0 0.743744 0.427183 0.024376 0.018628
0 0.826811 0.510054 0.017866 0.012295
0 0.637765 0.666017 0.016764 0.011119
0 0.699441 0.723994 0.018305 0.014344
0 0.222357 0.722894 0.020542 0.017194
0 0.277211 0.668332 0.017633 0.013220
0 0.543578 0.579624 0.017200 0.011605
0 0.180309 0.513983 0.018918 0.010236
0 0.445348 0.590165 0.023889 0.015659