1 0.230853 0.684813 0.053808 0.037885
1 0.371102 0.899947 0.061726 0.044460
1 0.488550 0.795347 0.051500 0.039385
1 0.230024 0.777580 0.050291 0.037395
1 0.171079 0.514599 0.052048 0.040164
1 0.341989 0.776759 0.049691 0.037887
1 0.149539 0.428585 0.045643 0.037544
0 0.312362 0.406693 0.023913 0.016254
1 0.286958 0.573478 0.058212 0.032297
0 0.351891 0.395273 0.019655 0.015695
0 0.298414 0.374879 0.018308 0.012227
1 0.236141 0.367313 0.044106 0.033211
0 0.176508 0.637839 0.017328 0.011054
0 0.106365 0.609924 0.017797 0.012196
1 0.642739 0.843049 0.051472 0.035028
0 0.639428 0.399534 0.024121 0.019013
0 0.013344 0.556517 0.017006 0.011108
0 0.512349 0.824733 0.018680 0.012422
0 0.363197 0.747568 0.020044 0.013930
0 0.560716 0.605899 0.019944 0.014430
0 0.226956 0.641422 0.019401 0.012893
0 0.506230 0.415791 0.017828 0.010688
0 0.419156 0.829246 0.017628 0.012241
0 0.302727 0.844693 0.018555 0.012519
0 0.335841 0.443345 0.018395 0.012115
0 0.295222 0.660126 0.016479 0.011646
0 0.171393 0.467493 0.018848 0.014502
0 0.329871 0.737001 0.015325 0.009818
0 0.362951 0.661148 0.017313 0.011925
0 0.339022 0.617958 0.016553 0.010935
0 0.207799 0.435106 0.017336 0.012215
0 0.196780 0.694432 0.014922 0.010383
0 0.706911 0.445125 0.023141 0.015839
0 0.405576 0.410848 0.018675 0.014609
0 0.217466 0.731619 0.018671 0.013016
0 0.431003 0.590357 0.017784 0.011181
0 0.546885 0.533233 0.019030 0.012217
0 0.577461 0.563772 0.020448 0.012778
0 0.395432 0.701089 0.018595 0.011458
0 0.630775 0.505575 0.018136 0.011911
0 0.113535 0.678464 0.015609 0.010348
0 0.126783 0.586150 0.022230 0.014664
0 0.728536 0.609244 0.015979 0.010762
0 0.519861 0.346308 0.019597 0.014429
0 0.245557 0.327167 0.019078 0.012215
0 0.603216 0.485690 0.019966 0.015652
0 0.384572 0.823024 0.016760 0.012139
0 0.447644 0.563691 0.019619 0.012937
0 0.326662 0.812057 0.016422 0.010562
0 0.329431 0.554136 0.017195 0.011313
0 0.384000 0.631254 0.015821 0.010251
0 0.536206 0.572483 0.016290 0.010368
0 0.227987 0.547795 0.016894 0.011876
0 0.564539 0.846802 0.023322 0.016135
0 0.505235 0.640331 0.015762 0.010282
0 0.163664 0.659381 0.017089 0.012066
0 0.137614 0.739759 0.013805 0.008826
0 0.164296 0.701235 0.014504 0.009600
0 0.762117 0.524301 0.019442 0.014684
0 0.293583 0.438046 0.017066 0.012343
0 0.541791 0.365524 0.020726 0.013452
0 0.248492 0.825422 0.018980 0.012974
0 0.051280 0.640999 0.013061 0.009746
0 0.396582 0.789590 0.015394 0.010045
0 0.184419 0.744462 0.013638 0.010450
0 0.047373 0.572221 0.022074 0.012848
0 0.381905 0.658607 0.017881 0.011016
0 0.095182 0.565074 0.016554 0.011202
0 0.641778 0.799574 0.018783 0.012683
0 0.039936 0.519933 0.018624 0.013600
0 0.654698 0.701745 0.020597 0.012945
0 0.559385 0.809232 0.020645 0.014179
0 0.020788 0.598474 0.015972 0.011108
0 0.655518 0.750754 0.015735 0.009810
0 0.444027 0.490989 0.015812 0.010202
0 0.112918 0.483801 0.016497 0.011220
0 0.212107 0.411245 0.015789 0.010569
0 0.448168 0.876928 0.027294 0.018660
0 0.477919 0.433736 0.028281 0.018137
0 0.528571 0.593419 0.020062 0.013885
0 0.120342 0.720910 0.021336 0.013903
0 0.507131 0.547785 0.025795 0.013362
0 0.158572 0.777208 0.015081 0.009647
0 0.009618 0.470194 0.019236 0.015090
0 0.334634 0.488346 0.017225 0.012990
0 0.113685 0.794533 0.017493 0.011659
0 0.116481 0.534156 0.013807 0.010124
0 0.240247 0.739280 0.016443 0.014165
0 0.421332 0.680568 0.020335 0.016699
0 0.566432 0.713096 0.016356 0.013918
0 0.079501 0.551706 0.015472 0.009756
0 0.460775 0.501483 0.017702 0.012137
0 0.622274 0.664083 0.015256 0.009378
0 0.475856 0.353088 0.023823 0.015476
0 0.110255 0.390150 0.018487 0.012782
0 0.513458 0.665702 0.012946 0.009428
0 0.461082 0.662300 0.015615 0.012805
0 0.571998 0.348487 0.019379 0.012890
0 0.500791 0.493999 0.016054 0.010817
0 0.357967 0.466005 0.016761 0.013472
0 0.297355 0.452414 0.016239 0.011868
0 0.060499 0.450972 0.014118 0.009662
0 0.354111 0.356505 0.016408 0.012893
0 0.329991 0.574577 0.014566 0.009694
0 0.582479 0.746846 0.016302 0.011148
0 0.747259 0.474672 0.018976 0.015130
0 0.671243 0.528945 0.017120 0.011632
0 0.006648 0.524006 0.013296 0.012226
0 0.386174 0.436910 0.015105 0.010267
0 0.179694 0.548764 0.014641 0.009365
0 0.453400 0.746635 0.025194 0.019665
0 0.374832 0.535977 0.021720 0.014268
0 0.313476 0.695838 0.021754 0.014988
0 0.640590 0.619473 0.021512 0.012458
0 0.074391 0.674257 0.022779 0.014350
0 0.668897 0.557063 0.017475 0.015206
0 0.509503 0.527170 0.015267 0.010057
0 0.420636 0.395952 0.016154 0.010443
0 0.594049 0.373253 0.015711 0.010841
0 0.358459 0.500614 0.017749 0.011733
0 0.440146 0.620329 0.018161 0.011896
0 0.418018 0.515115 0.019787 0.013681
0 0.420569 0.649620 0.017720 0.010167
0 0.611191 0.562625 0.015232 0.009660
0 0.522311 0.867342 0.021124 0.015743
0 0.149768 0.567356 0.017459 0.011393
0 0.205048 0.796384 0.017167 0.011537
0 0.257118 0.866235 0.016474 0.010874
0 0.098023 0.426746 0.015195 0.010789
0 0.357315 0.592945 0.031076 0.021937
0 0.537213 0.393481 0.015096 0.010176
0 0.479316 0.587961 0.015383 0.009796
0 0.078798 0.433176 0.013811 0.010241
0 0.555104 0.397028 0.018203 0.011505
0 0.681045 0.401536 0.024880 0.016619
0 0.496361 0.595826 0.015314 0.009852
0 0.259356 0.409314 0.017723 0.011306
0 0.413272 0.627560 0.025245 0.012498
0 0.416205 0.668554 0.018165 0.012980
0 0.587381 0.651805 0.016983 0.012711
0 0.594180 0.451211 0.026934 0.017835
0 0.253818 0.616678 0.014548 0.009723
0 0.538699 0.500480 0.026213 0.014771
0 0.676423 0.639068 0.019870 0.014690
0 0.330790 0.425692 0.016225 0.010144
0 0.702687 0.550590 0.012934 0.010104
0 0.071955 0.641666 0.014080 0.008392
0 0.104257 0.770748 0.014500 0.010535
1 0.400256 0.492111 0.049737 0.041444
0 0.129644 0.772196 0.014249 0.009805
0 0.499253 0.880138 0.019076 0.011338
0 0.128294 0.558232 0.013609 0.007861
0 0.174716 0.874027 0.023978 0.015339
0 0.457980 0.654062 0.014767 0.010843
0 0.327003 0.679210 0.020335 0.010511
0 0.459385 0.658072 0.016641 0.014432
0 0.553512 0.696335 0.013060 0.009195
0 0.420231 0.673880 0.020108 0.018791
0 0.472138 0.374576 0.020966 0.011402
0 0.063443 0.407412 0.017634 0.012775
0 0.294804 0.309078 0.017303 0.011822
0 0.078485 0.670529 0.021200 0.012494
0 0.600975 0.683041 0.025420 0.013053
0 0.073970 0.483051 0.019405 0.012808
0 0.347728 0.415691 0.014830 0.010334
0 0.064799 0.658766 0.011203 0.008120
0 0.051783 0.635213 0.012189 0.015192
0 0.273051 0.713395 0.013404 0.009247
0 0.610903 0.753419 0.023709 0.012536
0 0.358005 0.551127 0.022516 0.014220
0 0.557812 0.510270 0.015905 0.010325
0 0.052818 0.628676 0.013321 0.009854
0 0.031392 0.669698 0.014223 0.008976
0 0.446899 0.618263 0.017652 0.010855
0 0.472357 0.407658 0.015405 0.011164
0 0.502824 0.688751 0.017496 0.010499
0 0.129969 0.379392 0.023520 0.013161
0 0.062756 0.541661 0.022379 0.009729
0 0.594940 0.807061 0.014264 0.010228
0 0.028547 0.539144 0.017456 0.009359
1 0.450755 0.317712 0.059383 0.041927