1 0.646967 0.714836 0.062791 0.048306
0 0.522596 0.417517 0.028788 0.021464
0 0.727839 0.477543 0.025668 0.018559
0 0.694189 0.429302 0.029096 0.019861
0 0.467455 0.416046 0.027400 0.019381
0 0.594588 0.486065 0.025919 0.019007
1 0.434401 0.601611 0.047198 0.034924
0 0.852470 0.655735 0.025682 0.018417
0 0.526863 0.499119 0.025265 0.018076
0 0.434723 0.368163 0.019586 0.013763
0 0.606061 0.590891 0.021330 0.014540
0 0.311845 0.443629 0.031835 0.023977
0 0.397870 0.806786 0.025806 0.018620
0 0.771849 0.785638 0.027532 0.021494
0 0.334208 0.533085 0.025849 0.017672
0 0.480867 0.726856 0.029190 0.018997
0 0.435526 0.552193 0.022881 0.015658
0 0.411280 0.759424 0.025201 0.017966
0 0.768445 0.614984 0.020820 0.013873
0 0.655913 0.535860 0.033397 0.024167
0 0.424202 0.685921 0.023838 0.018036
0 0.556844 0.760523 0.027381 0.021014
0 0.722817 0.796430 0.026142 0.019956
0 0.788764 0.402245 0.022594 0.015870
0 0.510466 0.475806 0.021468 0.014235
0 0.760530 0.664744 0.024906 0.017059
0 0.234385 0.618669 0.019583 0.013979
0 0.766500 0.583942 0.025642 0.017317
0 0.360017 0.744745 0.027113 0.019893
0 0.664902 0.834885 0.029144 0.020997
0 0.289964 0.721775 0.025132 0.017624
0 0.486204 0.515515 0.019962 0.015783
0 0.272275 0.501807 0.023151 0.017630
0 0.309203 0.592008 0.024884 0.018228
0 0.808007 0.659370 0.020868 0.016204
0 0.677072 0.658850 0.034521 0.022890
0 0.322570 0.569480 0.021422 0.015860
0 0.756883 0.564592 0.019997 0.013825
0 0.590132 0.564485 0.021004 0.015512
0 0.676061 0.621114 0.019243 0.014576
0 0.334206 0.630625 0.021639 0.014179
0 0.375788 0.830804 0.021973 0.014924
0 0.837851 0.727776 0.024654 0.016586
0 0.730051 0.516981 0.020831 0.013579
0 0.908684 0.538052 0.020094 0.014734
0 0.832873 0.746962 0.027505 0.019534
0 0.540776 0.638232 0.019014 0.014652
0 0.622236 0.363129 0.018691 0.014982
0 0.839512 0.549934 0.024769 0.017964
0 0.371339 0.594923 0.036143 0.027269
0 0.295061 0.657471 0.020509 0.014795
0 0.505621 0.747350 0.031939 0.023307
0 0.724165 0.580336 0.017541 0.012288
0 0.677368 0.343445 0.020788 0.014672
0 0.849676 0.503709 0.021620 0.017142
0 0.352429 0.383306 0.018267 0.014733
0 0.681317 0.515818 0.018762 0.012202
0 0.834682 0.527373 0.021972 0.014576
0 0.757878 0.711165 0.026055 0.020310
0 0.518465 0.672626 0.025222 0.019722
0 0.380813 0.654418 0.017998 0.012139
0 0.406340 0.383038 0.018190 0.014356
0 0.520128 0.516214 0.019991 0.012638