0 0.659044 0.405090 0.012509 0.015935
0 0.614526 0.878236 0.010805 0.015586
0 0.316191 0.367737 0.012096 0.018379
0 0.551489 0.954215 0.009474 0.012381
0 0.508885 0.840974 0.010639 0.015066
0 0.390956 0.776388 0.009503 0.015482
0 0.397042 0.572071 0.012633 0.014831
0 0.405023 0.345262 0.010137 0.012973
0 0.376588 0.458123 0.009358 0.013442
0 0.541178 0.516962 0.013112 0.016942
0 0.528493 0.700071 0.013383 0.020063
0 0.418935 0.851412 0.010384 0.014638
0 0.540668 0.841425 0.009199 0.012209
0 0.504307 0.725256 0.011998 0.014944
0 0.658245 0.437869 0.010308 0.014486
0 0.330016 0.653856 0.011903 0.013344
0 0.271173 0.429110 0.009194 0.015345
0 0.583929 0.944310 0.012990 0.019093
0 0.435756 0.345353 0.009930 0.011645
0 0.430202 0.647220 0.012377 0.017008
0 0.562146 0.574955 0.013903 0.016447
0 0.634611 0.550745 0.009967 0.013623
0 0.491899 0.808661 0.010667 0.018425
0 0.683092 0.471125 0.010569 0.013849
0 0.375810 0.828130 0.011020 0.012368
0 0.712257 0.452279 0.013322 0.018661
0 0.345651 0.527170 0.011399 0.013722
0 0.557318 0.897501 0.010971 0.016962
0 0.344800 0.587014 0.010567 0.011389
0 0.599748 0.761724 0.009587 0.012296
0 0.606182 0.612678 0.011223 0.016073
0 0.627427 0.736049 0.010575 0.013368
0 0.360790 0.667115 0.009568 0.011410
0 0.331802 0.352033 0.010120 0.017128
0 0.483050 0.551326 0.015099 0.017526
0 0.317165 0.788002 0.009683 0.013180
0 0.684351 0.712015 0.010528 0.013431
0 0.351765 0.611836 0.011889 0.015348
0 0.509991 0.785565 0.010983 0.013991
0 0.409850 0.435461 0.013916 0.015105
0 0.469707 0.948768 0.012286 0.016340
0 0.275687 0.685596 0.009905 0.016414
0 0.449914 0.558525 0.015363 0.019575
0 0.530446 0.613556 0.013067 0.016771
0 0.391461 0.309384 0.011735 0.014869
0 0.461052 0.406343 0.010443 0.013697
0 0.546442 0.604448 0.011750 0.016410
0 0.586584 0.794091 0.011828 0.011252
0 0.418854 0.754479 0.010366 0.013310
0 0.546639 0.395716 0.009454 0.011903
0 0.684774 0.648328 0.011087 0.016179
0 0.297355 0.755250 0.009916 0.016579
0 0.565804 0.794290 0.008717 0.013127
0 0.433191 0.843710 0.011010 0.017176
0 0.328837 0.683354 0.010077 0.014192
0 0.570815 0.728778 0.010090 0.012667
0 0.416077 0.408588 0.010262 0.011205
0 0.530604 0.903200 0.010097 0.013841
0 0.476122 0.360532 0.010486 0.014337
0 0.480238 0.979404 0.010859 0.013242
0 0.714292 0.809371 0.011143 0.015525
0 0.596368 0.968879 0.010366 0.012037
0 0.648134 0.695738 0.011694 0.014308
0 0.255553 0.519830 0.016682 0.017558
0 0.349906 0.552817 0.011523 0.011971
0 0.634378 0.675016 0.011413 0.015440
0 0.276497 0.871323 0.007279 0.011015
0 0.434673 0.909526 0.010414 0.014930
0 0.639422 0.943266 0.008892 0.011911
0 0.694756 0.803614 0.009823 0.013778
0 0.641943 0.762983 0.010729 0.012548
0 0.501531 0.358467 0.008738 0.011462
0 0.385494 0.726686 0.011287 0.011788
0 0.369868 0.847559 0.010850 0.014207
0 0.480874 0.427777 0.010010 0.014365
0 0.408801 0.555081 0.010920 0.016703
0 0.472620 0.381026 0.010589 0.017403
0 0.571398 0.369758 0.015158 0.018987
0 0.428371 0.376507 0.010873 0.015302
0 0.295189 0.702899 0.009282 0.013745
0 0.522602 0.453307 0.014198 0.018750
0 0.506908 0.380848 0.010129 0.012418
0 0.521836 0.508955 0.012980 0.015255
0 0.607024 0.421794 0.011265 0.012521
0 0.578666 0.652002 0.015101 0.015856
0 0.526540 0.289578 0.012433 0.017921
0 0.625399 0.579200 0.012147 0.013681
0 0.360541 0.407152 0.012670 0.017117
0 0.426418 0.458897 0.012374 0.013320
0 0.600280 0.659596 0.012575 0.014387
0 0.335826 0.461385 0.010638 0.009678
0 0.546211 0.930540 0.010529 0.014543
0 0.457628 0.515959 0.011182 0.015395
0 0.645962 0.611725 0.010290 0.015542
0 0.429568 0.777316 0.011146 0.014944
0 0.274866 0.802888 0.008403 0.010527
0 0.541896 0.880165 0.010689 0.015058
0 0.315535 0.680117 0.010120 0.014345
0 0.315614 0.629409 0.008772 0.011936
0 0.324638 0.890253 0.011348 0.016589
0 0.423904 0.688372 0.011396 0.016901
0 0.539604 0.991819 0.010404 0.008426
0 0.616038 0.821458 0.009566 0.014525
0 0.449033 0.981264 0.012759 0.016462
0 0.421224 0.906326 0.009616 0.014086
0 0.467775 0.621166 0.013208 0.014486
0 0.569215 0.329267 0.014544 0.014876
0 0.317130 0.411820 0.010919 0.016777
0 0.490215 0.461447 0.011352 0.019874
0 0.489100 0.332337 0.007322 0.011805
0 0.604402 0.636417 0.013020 0.019266
0 0.281555 0.501971 0.010207 0.018903
0 0.431852 0.702203 0.012901 0.014022
0 0.733281 0.794965 0.008958 0.010991
0 0.409541 0.671326 0.012542 0.017411
0 0.477963 0.477280 0.009023 0.012517
0 0.409750 0.990793 0.012200 0.009594
0 0.338438 0.702694 0.008359 0.013236
0 0.415945 0.312385 0.009540 0.010862
0 0.310778 0.710486 0.009702 0.012064
0 0.402417 0.705881 0.010902 0.015454
0 0.726847 0.763121 0.012421 0.012857
0 0.585397 0.683729 0.012612 0.015128
0 0.284805 0.719020 0.010376 0.009620
0 0.442203 0.805249 0.010257 0.012967
0 0.282789 0.905722 0.007559 0.011753
0 0.380956 0.481955 0.013105 0.016039
0 0.472418 0.675692 0.009776 0.014432
0 0.369691 0.498425 0.011269 0.016168
0 0.546895 0.313592 0.009244 0.013322
0 0.709999 0.688622 0.009348 0.012006
0 0.723116 0.577003 0.010733 0.013893
0 0.568665 0.704671 0.010674 0.013975
0 0.528867 0.865125 0.008879 0.009976
0 0.460060 0.865133 0.010454 0.013301
0 0.460576 0.811417 0.013302 0.014044
0 0.326128 0.741809 0.008777 0.010319
0 0.366335 0.304018 0.010047 0.014304
0 0.722890 0.619929 0.009721 0.012305
0 0.468147 0.575691 0.012323 0.011994
0 0.601275 0.820466 0.009007 0.012388
0 0.670062 0.683717 0.010496 0.014677
0 0.490622 0.454640 0.009425 0.014388
0 0.265533 0.713102 0.010663 0.011905
0 0.413537 0.659635 0.013220 0.019075
0 0.497659 0.929250 0.009668 0.016269
0 0.475195 0.816602 0.010576 0.013993
0 0.708682 0.551157 0.009278 0.011818
0 0.561215 0.374323 0.013730 0.015497
0 0.615805 0.681847 0.012409 0.018060
0 0.389421 0.605749 0.009301 0.012827
0 0.500669 0.363087 0.014379 0.017661
0 0.265181 0.656282 0.008886 0.011064
0 0.283446 0.496077 0.009148 0.017006
0 0.399745 0.499600 0.009905 0.015956
0 0.444195 0.811116 0.013313 0.021389
0 0.301228 0.604621 0.007593 0.010846
0 0.520096 0.311972 0.009970 0.013741
0 0.612030 0.689065 0.014212 0.022092
0 0.455304 0.811266 0.017180 0.017406
0 0.655781 0.929359 0.011500 0.012929
0 0.425496 0.298301 0.009244 0.017472
0 0.658641 0.952409 0.014262 0.013782
0 0.498722 0.936612 0.010938 0.020429
0 0.641285 0.946582 0.011850 0.014291
0 0.714731 0.776953 0.008932 0.014979
0 0.353408 0.438974 0.011919 0.013962
0 0.470833 0.929333 0.010773 0.013263
1 0.320423 0.923122 0.036972 0.024648
1 0.205546 0.673709 0.037852 0.044601