0 0.572558 0.739401 0.018354 0.011793
0 0.716126 0.415612 0.023570 0.017760
0 0.421876 0.746007 0.019111 0.014558
0 0.633040 0.752001 0.020637 0.014329
0 0.864531 0.380449 0.022925 0.017194
0 0.915037 0.391366 0.025870 0.017665
0 0.912001 0.765711 0.019090 0.012662
0 0.403800 0.673874 0.018051 0.013260
0 0.956686 0.709799 0.018043 0.013190
0 0.605031 0.598832 0.019977 0.014658
0 0.651012 0.589367 0.026721 0.016253
0 0.428227 0.518952 0.022883 0.016974
0 0.466749 0.678968 0.018764 0.013239
0 0.461293 0.750928 0.023296 0.016783
0 0.814593 0.568842 0.018349 0.012222
0 0.320047 0.657724 0.018689 0.012969
0 0.679109 0.780027 0.018313 0.013241
0 0.557333 0.513630 0.024995 0.016955
0 0.407180 0.434986 0.032804 0.022670
0 0.490797 0.577206 0.022056 0.016433
0 0.780493 0.584502 0.018541 0.013329
0 0.970533 0.513276 0.021637 0.016681
0 0.330737 0.482089 0.019650 0.014147
0 0.362121 0.618655 0.017297 0.011610
0 0.479949 0.489037 0.018819 0.013440
0 0.897263 0.604880 0.015869 0.010967
0 0.613304 0.690348 0.021587 0.014562
0 0.715187 0.735106 0.016887 0.012146
0 0.569196 0.587366 0.017625 0.012581
0 0.729917 0.816788 0.018141 0.011762
0 0.424825 0.681948 0.018674 0.012280
0 0.302703 0.507735 0.017653 0.013532
0 0.592316 0.639896 0.017908 0.013402
0 0.445437 0.709433 0.017816 0.011723
0 0.587130 0.432514 0.019519 0.014424
0 0.759371 0.831385 0.017906 0.012284
0 0.605513 0.481154 0.017995 0.013090
0 0.507764 0.530348 0.019135 0.013356
0 0.770162 0.375200 0.023075 0.014372
0 0.552442 0.421132 0.018771 0.013848
0 0.434391 0.775477 0.019429 0.015092
0 0.910971 0.631048 0.023790 0.016141
0 0.827979 0.394440 0.021045 0.013503
0 0.288431 0.561517 0.016415 0.014632
0 0.888297 0.627012 0.017867 0.011971
0 0.756239 0.806017 0.017927 0.012483
0 0.579784 0.674769 0.019146 0.014390
0 0.664332 0.725191 0.023746 0.018090
0 0.493234 0.406941 0.021621 0.015679
0 0.484458 0.620199 0.018288 0.013011
0 0.835287 0.596021 0.015824 0.011453
0 0.739680 0.496452 0.017478 0.013912
0 0.727941 0.444364 0.025835 0.018633
0 0.278577 0.626545 0.017650 0.012853
0 0.276066 0.460942 0.019553 0.013715
0 0.470882 0.632161 0.019920 0.015397
0 0.811544 0.631389 0.016245 0.009910
0 0.563870 0.713117 0.017332 0.012142
0 0.353048 0.682690 0.017281 0.013487
0 0.806209 0.677851 0.019858 0.014101
0 0.944249 0.473209 0.017799 0.013098
0 0.656192 0.471238 0.016975 0.012891
0 0.597092 0.874638 0.023645 0.016221
0 0.711699 0.880045 0.020953 0.013147
0 0.617778 0.441112 0.024247 0.018064
0 0.903406 0.464563 0.016176 0.011444
0 0.806925 0.729805 0.015178 0.010661
0 0.618370 0.318630 0.018005 0.013798
0 0.419956 0.638786 0.021532 0.016454