1 0.603744 0.518309 0.036900 0.050690
1 0.640111 0.461171 0.030466 0.036864
1 0.607783 0.363560 0.040673 0.059735
1 0.404839 0.325613 0.040483 0.045662
1 0.478509 0.269767 0.037036 0.044754
1 0.427044 0.578110 0.034420 0.043386
1 0.457530 0.475051 0.035971 0.040727
1 0.584530 0.331979 0.039777 0.043342
1 0.359201 0.555762 0.045713 0.055939
1 0.329245 0.508532 0.041592 0.047926
0 0.242141 0.488041 0.011273 0.013889
1 0.271078 0.239999 0.034441 0.047891
0 0.396433 0.668408 0.011121 0.013385
0 0.358507 0.708324 0.012383 0.014791
0 0.577565 0.576398 0.010347 0.013120
1 0.629110 0.687849 0.039247 0.045653
1 0.529488 0.189738 0.058309 0.054290
0 0.633649 0.570078 0.009905 0.012226
0 0.361945 0.491444 0.012227 0.013811
0 0.444963 0.713041 0.010021 0.012083
0 0.561608 0.527605 0.013079 0.016368
0 0.240105 0.672863 0.010228 0.011303
0 0.602010 0.590241 0.010359 0.012145
0 0.354862 0.438122 0.013463 0.016388
0 0.484062 0.864811 0.022905 0.029036
0 0.276271 0.692336 0.010698 0.012340
0 0.246789 0.545565 0.010269 0.012376
0 0.385521 0.587000 0.012423 0.014219
0 0.272088 0.520630 0.011015 0.013023
0 0.225812 0.653264 0.011191 0.013497
0 0.547327 0.545834 0.009943 0.013957
0 0.300652 0.663620 0.012723 0.014095
0 0.410314 0.515672 0.011213 0.014422
1 0.458078 0.673117 0.078842 0.054070
0 0.597330 0.553010 0.012169 0.013472
0 0.343168 0.655061 0.010253 0.012084
0 0.209661 0.614197 0.010883 0.012592
0 0.533932 0.563043 0.010254 0.011890
0 0.171644 0.548884 0.012192 0.015602
0 0.156165 0.512505 0.013574 0.018476
0 0.559249 0.557318 0.010514 0.011920
0 0.191177 0.570338 0.011719 0.014580
0 0.490219 0.367400 0.014339 0.018122
0 0.487620 0.470174 0.012319 0.015715
0 0.285538 0.502300 0.011254 0.014464
0 0.540364 0.586477 0.010056 0.010950
0 0.392640 0.553960 0.011934 0.015015
0 0.590987 0.622955 0.009601 0.010470
0 0.428185 0.460368 0.011401 0.015987
0 0.647502 0.545080 0.010203 0.013233
0 0.518674 0.673949 0.010307 0.011534
0 0.320892 0.539120 0.013521 0.012885
0 0.534660 0.431410 0.011923 0.017021
0 0.290369 0.559266 0.010608 0.013969
0 0.255666 0.420868 0.019038 0.024203
0 0.303304 0.620993 0.011171 0.012405
0 0.259593 0.619979 0.010015 0.010634
0 0.513891 0.525162 0.010668 0.013221
1 0.605713 0.200701 0.033944 0.037740
0 0.296416 0.764990 0.012431 0.014904
0 0.615996 0.580225 0.010644 0.013603
0 0.195552 0.518885 0.012540 0.017589
0 0.560634 0.487510 0.011559 0.014637
0 0.347808 0.310616 0.014480 0.017850
0 0.361308 0.333229 0.016767 0.024349
0 0.215954 0.536927 0.010245 0.011883
0 0.363827 0.646327 0.010324 0.012636
0 0.522963 0.644808 0.010036 0.011213
0 0.528607 0.685952 0.009749 0.010488
0 0.208691 0.508689 0.012117 0.014828
0 0.377615 0.627740 0.009556 0.011611
0 0.572400 0.623649 0.009462 0.009849
0 0.388344 0.702856 0.012559 0.014472
0 0.671865 0.533054 0.010255 0.011540
0 0.607048 0.732485 0.015571 0.016657
1 0.680434 0.441161 0.050159 0.047173
0 0.194864 0.662313 0.011382 0.014088
0 0.376818 0.735822 0.010241 0.012556
0 0.497384 0.645868 0.012718 0.015393
0 0.503352 0.686089 0.009536 0.011433
0 0.275763 0.649147 0.009365 0.012444
0 0.416787 0.489448 0.012130 0.014185
0 0.247204 0.508680 0.012674 0.011261
0 0.422034 0.778433 0.011910 0.013522
0 0.275925 0.805932 0.010450 0.011226
0 0.497240 0.498252 0.012716 0.013178
0 0.580361 0.596012 0.010068 0.010489
0 0.303060 0.489074 0.011666 0.017883
0 0.479691 0.710076 0.010125 0.011848
0 0.216731 0.576851 0.011439 0.013542
0 0.226220 0.608754 0.012973 0.015138
0 0.675593 0.619578 0.010577 0.012064
0 0.238389 0.637364 0.009784 0.011826
0 0.266469 0.591809 0.010587 0.011685
0 0.533221 0.526622 0.010699 0.011725
0 0.548518 0.630263 0.010086 0.011317
0 0.579115 0.526818 0.009759 0.011762
0 0.549213 0.795491 0.010246 0.013184
0 0.628877 0.642945 0.010843 0.014193
0 0.659407 0.556602 0.009973 0.011377
0 0.549717 0.822956 0.012067 0.013835
0 0.275520 0.607194 0.012101 0.011258
0 0.201096 0.584290 0.010009 0.011874
0 0.184020 0.629515 0.010446 0.012259
0 0.413118 0.542703 0.010471 0.010534
0 0.452041 0.644131 0.010411 0.011593
1 0.446176 0.672324 0.068806 0.030020
0 0.647485 0.637517 0.009984 0.012289
0 0.426762 0.422635 0.010773 0.012822
1 0.452540 0.611349 0.039405 0.028748