0 0.421598 0.566358 0.017414 0.011361
0 0.272609 0.622012 0.018856 0.013555
0 0.789515 0.676979 0.019873 0.012655
0 0.630187 0.707374 0.018588 0.012842
0 0.388764 0.496177 0.016945 0.012655
0 0.531062 0.642901 0.022094 0.014760
0 0.520760 0.678112 0.017453 0.011356
0 0.618620 0.642991 0.019131 0.012923
0 0.540680 0.884641 0.024657 0.018672
0 0.665815 0.881615 0.021189 0.014871
0 0.444008 0.552724 0.019296 0.013038
0 0.437395 0.414253 0.017229 0.011820
0 0.452851 0.618723 0.017038 0.012140
0 0.665032 0.558937 0.018740 0.012762
0 0.646161 0.910591 0.024936 0.017335
0 0.279991 0.587218 0.019037 0.014118
0 0.217600 0.589394 0.020194 0.014137
0 0.573127 0.917847 0.027024 0.020416
0 0.609759 0.807022 0.018870 0.014009
1 0.483046 0.376783 0.045379 0.033777
0 0.436183 0.447456 0.017247 0.012909
0 0.197282 0.558162 0.019105 0.012931
0 0.671827 0.840097 0.023745 0.016846
0 0.331632 0.653263 0.018432 0.013269
0 0.305424 0.644615 0.017584 0.011589
0 0.754912 0.626609 0.019078 0.012150
0 0.536822 0.383201 0.015971 0.012042
0 0.417054 0.646356 0.016529 0.011903
0 0.300442 0.535788 0.019660 0.014410
0 0.476788 0.637953 0.017316 0.011251
0 0.351817 0.522229 0.018648 0.013138
0 0.359496 0.423080 0.020134 0.014250
0 0.281920 0.687274 0.018806 0.012260
0 0.578096 0.736559 0.019287 0.013219
0 0.594259 0.555958 0.017231 0.011661
0 0.540524 0.669378 0.018094 0.012381
0 0.645385 0.578202 0.017839 0.011277
0 0.596135 0.417559 0.018195 0.011898
0 0.303295 0.698360 0.017753 0.011984
0 0.407131 0.712904 0.018409 0.011613
0 0.380688 0.621842 0.021363 0.014784
0 0.328210 0.728722 0.018602 0.011991
0 0.698235 0.878454 0.018967 0.013566
0 0.526197 0.476427 0.016414 0.011201
0 0.261151 0.725080 0.018231 0.012086
0 0.569643 0.827369 0.019589 0.014258
0 0.743065 0.649084 0.019549 0.012714
0 0.321586 0.840222 0.019495 0.011765
0 0.568247 0.577844 0.017419 0.011906
0 0.416525 0.541070 0.016095 0.011265
0 0.583780 0.604016 0.016570 0.010958
0 0.803028 0.484566 0.019477 0.014867
0 0.304986 0.802629 0.020218 0.013812
0 0.523173 0.412979 0.015907 0.010131
0 0.664823 0.792878 0.021695 0.013609
0 0.308029 0.597928 0.017352 0.011599
0 0.790303 0.633944 0.022834 0.016316
0 0.737752 0.441665 0.026019 0.016597
0 0.383073 0.452065 0.016854 0.011448
0 0.442610 0.681116 0.017422 0.011735
0 0.310850 0.560008 0.019472 0.014223
0 0.350394 0.458662 0.019167 0.013116
0 0.580725 0.446209 0.018748 0.013443
0 0.312467 0.748256 0.019928 0.012808
0 0.277108 0.742297 0.016144 0.011524
0 0.369372 0.688490 0.017066 0.011863
0 0.543561 0.492071 0.017817 0.011150
0 0.438550 0.805292 0.019236 0.013825
0 0.438204 0.761326 0.018529 0.012385
0 0.556305 0.613436 0.018257 0.012723
0 0.802568 0.699625 0.019677 0.014392
0 0.482127 0.747805 0.019846 0.016001
0 0.258692 0.809579 0.018642 0.012996
0 0.447561 0.470427 0.017068 0.011890
0 0.625156 0.419129 0.017996 0.012405
0 0.338838 0.504390 0.016185 0.011029
0 0.238339 0.637850 0.019330 0.014995
0 0.656995 0.612774 0.025836 0.014966
0 0.610265 0.774777 0.019648 0.014372
0 0.303347 0.776558 0.017385 0.011136
0 0.348382 0.860304 0.021894 0.015746
0 0.615164 0.587336 0.017204 0.011893
0 0.387289 0.545203 0.017814 0.012100
0 0.313884 0.670039 0.016278 0.011581
0 0.585103 0.626046 0.018050 0.011882
0 0.524258 0.748686 0.021306 0.014578
0 0.358836 0.542936 0.016512 0.011166
0 0.559955 0.470935 0.017835 0.013352
0 0.174276 0.604602 0.019014 0.013755
0 0.672855 0.491107 0.016836 0.010972
0 0.510247 0.523419 0.018294 0.012818
0 0.359707 0.760058 0.018842 0.012466
0 0.407270 0.686248 0.017610 0.012334
0 0.460310 0.445923 0.016320 0.011267
0 0.358779 0.580432 0.019165 0.012900
0 0.429685 0.488862 0.016837 0.010944
0 0.562431 0.422237 0.014041 0.009455
0 0.405784 0.764616 0.016887 0.009569
0 0.743381 0.500814 0.020701 0.015892
0 0.370790 0.730032 0.017583 0.011592
0 0.753562 0.687706 0.019180 0.013781
0 0.286131 0.664965 0.018213 0.013617
0 0.679305 0.445265 0.019069 0.013134
0 0.181513 0.502433 0.019707 0.013079
0 0.656333 0.418892 0.022698 0.015079
0 0.497458 0.616055 0.016055 0.011164
0 0.553091 0.539322 0.020117 0.014507
0 0.562475 0.378622 0.015618 0.010684
0 0.688751 0.660411 0.017776 0.012953
0 0.706071 0.573236 0.023490 0.013805
0 0.484966 0.490977 0.017498 0.013020
0 0.298781 0.416461 0.017352 0.011858
0 0.638228 0.441508 0.019386 0.014927
0 0.623017 0.463533 0.018400 0.012451
0 0.670380 0.740785 0.017690 0.011940
0 0.679362 0.761876 0.018164 0.012237
0 0.244710 0.559031 0.021689 0.015106
0 0.742142 0.475580 0.017961 0.011629
0 0.556415 0.402370 0.014453 0.008611
0 0.306995 0.862217 0.021168 0.016252
0 0.177209 0.524364 0.018213 0.012229
0 0.161819 0.546112 0.017816 0.011784
0 0.700277 0.504103 0.016798 0.011534
0 0.420335 0.777923 0.018183 0.011509
0 0.536304 0.442724 0.014048 0.009639
0 0.487247 0.471869 0.014989 0.011736
0 0.581049 0.536835 0.017115 0.011779
0 0.604958 0.487440 0.016359 0.011337
0 0.655654 0.776386 0.016467 0.011449
0 0.586058 0.692542 0.022347 0.013207
0 0.325140 0.802012 0.019807 0.013376
0 0.376180 0.783819 0.019925 0.012124
0 0.656442 0.454644 0.017269 0.011044
0 0.399305 0.788301 0.019313 0.012657
0 0.412625 0.745436 0.017013 0.010924
0 0.647637 0.727732 0.017144 0.011409
0 0.278327 0.856577 0.018927 0.015716
0 0.405718 0.932763 0.023522 0.017094
0 0.716411 0.598839 0.020907 0.012408
0 0.582254 0.475715 0.017266 0.012038
0 0.699011 0.617189 0.017768 0.011328
0 0.501865 0.503958 0.016905 0.009657
0 0.621754 0.750578 0.016792 0.012680
0 0.776653 0.425652 0.018894 0.012788
0 0.394861 0.667791 0.019311 0.012702
0 0.556854 0.510512 0.019898 0.011137
0 0.649443 0.743411 0.015928 0.010087
0 0.702775 0.461061 0.024919 0.018352
0 0.493684 0.556333 0.022699 0.012154
0 0.430433 0.700625 0.023849 0.010924
0 0.593525 0.710670 0.016531 0.009813
0 0.473044 0.954948 0.032135 0.022203
0 0.200909 0.472233 0.020379 0.014398
0 0.353442 0.919713 0.017834 0.012020
0 0.631339 0.728853 0.017879 0.010753
0 0.635895 0.382238 0.014748 0.011272
0 0.545811 0.510296 0.017692 0.009741
0 0.502243 0.459986 0.014381 0.010224
0 0.621838 0.919837 0.018201 0.012379
0 0.217306 0.492204 0.019517 0.012419
0 0.333791 0.436184 0.014708 0.012286
0 0.266932 0.567747 0.014692 0.009562
0 0.155101 0.642218 0.016671 0.010847
0 0.384172 0.751145 0.017170 0.011691
0 0.712039 0.472172 0.018749 0.013955
0 0.680684 0.589790 0.015975 0.009640
0 0.535594 0.362258 0.012971 0.010268
0 0.240322 0.458407 0.021663 0.015483
0 0.517781 0.538263 0.021719 0.009879
0 0.721057 0.757268 0.022659 0.013288
0 0.275882 0.839410 0.018389 0.013673
0 0.244495 0.487332 0.015953 0.011750
0 0.604771 0.690810 0.018989 0.011641
0 0.764259 0.834687 0.017469 0.011791
0 0.330091 0.378448 0.029926 0.018411
0 0.622327 0.506897 0.015326 0.011287
0 0.645131 0.633337 0.017009 0.011022
0 0.618810 0.746081 0.018292 0.014406
0 0.281959 0.543026 0.014771 0.008352
0 0.657326 0.935780 0.019580 0.012281
0 0.323355 0.396975 0.022475 0.010488
0 0.439332 0.700424 0.023240 0.014819
0 0.840221 0.501195 0.018085 0.014878
0 0.615883 0.932135 0.020881 0.014235
0 0.612730 0.789317 0.015967 0.008396
0 0.388415 0.785513 0.030329 0.013978
0 0.401691 0.674078 0.020868 0.014375
0 0.619455 0.925826 0.022234 0.019561
1 0.330618 0.377631 0.031692 0.018604