1 0.359268 0.320910 0.041927 0.031103
0 0.630629 0.437000 0.022355 0.015976
0 0.422983 0.733936 0.024749 0.017693
0 0.223037 0.485906 0.018052 0.012879
0 0.670742 0.630867 0.023427 0.015547
0 0.347850 0.535893 0.017506 0.012278
0 0.323532 0.505484 0.018288 0.013475
0 0.397255 0.427816 0.020012 0.013276
0 0.294138 0.431873 0.019813 0.013321
0 0.552076 0.583075 0.017668 0.012509
0 0.259863 0.584518 0.018267 0.012281
0 0.614553 0.552606 0.019244 0.012880
0 0.331970 0.478309 0.020840 0.013676
0 0.458638 0.642121 0.018277 0.012860
0 0.580090 0.734882 0.019988 0.013955
0 0.341434 0.556208 0.016637 0.011361
0 0.594113 0.316374 0.025661 0.019596
0 0.531195 0.572150 0.016668 0.011620
0 0.596140 0.581124 0.018309 0.011949
0 0.574667 0.263814 0.017149 0.012596
0 0.655868 0.607643 0.026043 0.017314
0 0.353047 0.595413 0.016313 0.011870
0 0.705254 0.485131 0.018670 0.014594
0 0.240593 0.607481 0.018108 0.012390
0 0.298638 0.309187 0.017989 0.013493
0 0.482531 0.672929 0.020579 0.014211
0 0.574059 0.422539 0.017646 0.012079
0 0.265163 0.642711 0.017211 0.011169
0 0.528597 0.598673 0.016557 0.010806
0 0.400843 0.522250 0.017379 0.013087
0 0.412114 0.662831 0.019588 0.015561
0 0.370422 0.635592 0.016649 0.011756
0 0.388058 0.381936 0.017124 0.012045
0 0.378385 0.533235 0.017176 0.011069
0 0.454745 0.527876 0.025351 0.020258
0 0.439524 0.275648 0.016582 0.011421
0 0.170161 0.440173 0.016361 0.011133
0 0.560168 0.646170 0.017430 0.012037
0 0.283171 0.353176 0.016222 0.010530
0 0.530693 0.752764 0.027012 0.016994
0 0.580785 0.485397 0.017199 0.011584
0 0.208461 0.524331 0.016449 0.011766
0 0.264626 0.388858 0.021203 0.014962
0 0.421193 0.546644 0.015736 0.011103
0 0.651506 0.330629 0.016696 0.012470
0 0.448595 0.319651 0.020720 0.015140
0 0.497439 0.323096 0.018475 0.014180
0 0.200030 0.569854 0.015284 0.010361
0 0.780276 0.543411 0.017090 0.011325
0 0.378400 0.589068 0.014548 0.009910
0 0.286165 0.717082 0.028003 0.016815
0 0.577878 0.288441 0.017682 0.014660
0 0.211350 0.541365 0.014906 0.010328
0 0.707327 0.358265 0.017524 0.012700
0 0.725367 0.457903 0.019116 0.012956
0 0.332147 0.238923 0.017533 0.012006
0 0.500144 0.440929 0.016736 0.011014
0 0.401747 0.624128 0.017315 0.013930
0 0.445417 0.606945 0.015433 0.010118
0 0.354486 0.394901 0.020551 0.014083
0 0.511739 0.236466 0.015807 0.011709
0 0.786861 0.369866 0.014837 0.011554
0 0.615165 0.371724 0.016609 0.011515
0 0.825302 0.481718 0.017069 0.012006
0 0.663343 0.488350 0.019029 0.011847
0 0.716217 0.337127 0.016718 0.012096
0 0.485426 0.642884 0.017723 0.012270
0 0.319297 0.598955 0.015298 0.011619
0 0.161710 0.533877 0.014724 0.010790
0 0.473236 0.687207 0.017588 0.010950
0 0.723680 0.287089 0.017225 0.012829
0 0.330591 0.362346 0.016042 0.010398
0 0.759512 0.657948 0.018119 0.011018
0 0.186109 0.462860 0.021528 0.012037
0 0.407327 0.293717 0.017449 0.012007
0 0.547534 0.545442 0.018400 0.012471
0 0.143094 0.408153 0.017442 0.012416
0 0.495144 0.428472 0.015889 0.011886
0 0.543646 0.471018 0.016435 0.011276
0 0.355952 0.461778 0.017192 0.012342
0 0.399373 0.339225 0.015882 0.016647
0 0.588150 0.701733 0.018096 0.012278
0 0.140899 0.376474 0.019857 0.013238
0 0.627623 0.489189 0.017633 0.011845
0 0.793279 0.346507 0.015973 0.010390
0 0.760953 0.383816 0.015809 0.010705
0 0.558909 0.514394 0.015903 0.010431
0 0.166295 0.577801 0.020858 0.014375
0 0.556659 0.537574 0.016674 0.011992
0 0.446802 0.378977 0.021237 0.012183
0 0.573370 0.341073 0.017938 0.012662
0 0.527449 0.294991 0.015608 0.011980
0 0.783615 0.497727 0.016589 0.012165
0 0.162329 0.484801 0.016413 0.011585
0 0.221935 0.367283 0.015453 0.011261
0 0.212562 0.340521 0.016244 0.011205
0 0.505575 0.620218 0.017700 0.014138
0 0.820310 0.548328 0.017683 0.011973
0 0.666070 0.392601 0.016500 0.011132
0 0.171480 0.515838 0.021349 0.011628
0 0.684598 0.514416 0.017086 0.011622
0 0.462673 0.607940 0.016558 0.010076
0 0.746274 0.484946 0.015845 0.010733
0 0.325032 0.337253 0.018590 0.015184
0 0.645685 0.389756 0.016334 0.011544
0 0.184606 0.394596 0.017154 0.012233
0 0.453208 0.564975 0.016479 0.014272
0 0.303583 0.353947 0.015840 0.010101
0 0.315183 0.267492 0.017380 0.014308
0 0.188710 0.585191 0.015253 0.010100
0 0.354851 0.435066 0.016167 0.010735
0 0.459552 0.717618 0.024108 0.013985
0 0.599796 0.414191 0.018440 0.012818
0 0.828494 0.401829 0.018593 0.012138
0 0.402606 0.761429 0.021453 0.015140
0 0.543389 0.430061 0.017602 0.010777
0 0.226873 0.586756 0.014150 0.009592
0 0.613959 0.515992 0.016384 0.011768
0 0.157936 0.552743 0.013651 0.008878
0 0.470688 0.357882 0.015821 0.011802
0 0.381098 0.614892 0.016007 0.009395
0 0.687083 0.277037 0.015207 0.011258
1 0.847465 0.629382 0.034890 0.023148