1 0.569991 0.857667 0.035373 0.048744
0 0.648097 0.584377 0.017853 0.021650
0 0.448923 0.725439 0.015523 0.018950
0 0.647770 0.459421 0.017699 0.023118
0 0.585855 0.531213 0.013835 0.017183
0 0.335343 0.518671 0.014345 0.018070
0 0.532683 0.695584 0.014761 0.018156
1 0.685417 0.281863 0.026894 0.033752
1 0.462438 0.291696 0.025994 0.034915
0 0.447229 0.781848 0.016488 0.020831
0 0.625754 0.546619 0.014683 0.020082
0 0.314470 0.619778 0.015142 0.019446
0 0.415232 0.878452 0.019993 0.025240
0 0.379188 0.506891 0.013755 0.016406
0 0.344622 0.622783 0.016636 0.022484
0 0.499031 0.297501 0.014983 0.019233
0 0.353765 0.706857 0.012643 0.016133
0 0.679752 0.682381 0.015991 0.019995
0 0.580485 0.654652 0.012150 0.014032
0 0.538503 0.488602 0.013286 0.015749
0 0.369914 0.628958 0.014119 0.021177
0 0.385392 0.742436 0.016206 0.019103
0 0.566814 0.337693 0.015891 0.021415
0 0.726822 0.602777 0.012211 0.015045
0 0.642267 0.727343 0.014840 0.020884
0 0.441830 0.632977 0.012710 0.016031
0 0.451879 0.815876 0.015383 0.019292
0 0.739214 0.614550 0.011678 0.015251
0 0.602563 0.536326 0.012981 0.016395
0 0.567823 0.629133 0.013122 0.018490
0 0.391989 0.615172 0.014169 0.019211
0 0.400053 0.747578 0.014143 0.018171
0 0.380796 0.410722 0.013925 0.018626
0 0.647750 0.351227 0.012563 0.014521
0 0.546553 0.861512 0.013183 0.018490
0 0.458585 0.412813 0.014353 0.017256
0 0.636471 0.427963 0.013211 0.016906
0 0.653641 0.760606 0.014098 0.017848
0 0.466745 0.853124 0.014750 0.017932
0 0.569442 0.752207 0.012751 0.016873
0 0.461722 0.678717 0.015243 0.020003
0 0.350831 0.487284 0.014301 0.017927
0 0.310942 0.369922 0.013313 0.016629
0 0.672869 0.482301 0.016670 0.021389
0 0.546076 0.749130 0.013358 0.019006
0 0.296877 0.578059 0.012523 0.014381
0 0.509031 0.612769 0.014099 0.017813
0 0.609306 0.798463 0.018394 0.023449
0 0.419936 0.333808 0.013344 0.016621
0 0.403344 0.435056 0.013636 0.016475
0 0.278205 0.761693 0.013928 0.017199
0 0.533772 0.879357 0.018896 0.024448
0 0.397679 0.546993 0.012696 0.016974
0 0.486108 0.649450 0.017772 0.022519
0 0.555580 0.672562 0.012824 0.016149
0 0.520368 0.416284 0.012288 0.016592
0 0.265154 0.509864 0.013849 0.018855
0 0.691778 0.666347 0.012579 0.015402
0 0.582673 0.486568 0.012268 0.015454
0 0.340212 0.593748 0.012172 0.015544