0 0.465278 0.495369 0.019428 0.013485
1 0.818448 0.610923 0.043461 0.029975
0 0.304402 0.502681 0.020084 0.014341
1 0.432501 0.674224 0.044618 0.036888
0 0.674917 0.396867 0.018956 0.013447
0 0.381602 0.424837 0.019485 0.013785
0 0.346677 0.693568 0.016649 0.011278
0 0.198003 0.592797 0.018860 0.013164
1 0.404513 0.525171 0.037453 0.028712
0 0.490198 0.312270 0.017191 0.012119
0 0.527214 0.702079 0.020199 0.014635
0 0.496059 0.676501 0.020438 0.012837
0 0.598058 0.846070 0.020721 0.015012
0 0.627403 0.628900 0.017940 0.011975
0 0.566191 0.690369 0.015845 0.010413
0 0.252597 0.554843 0.015265 0.010639
0 0.676917 0.627362 0.018789 0.012341
0 0.292238 0.443727 0.016839 0.013135
0 0.447521 0.628745 0.016834 0.012168
0 0.371706 0.454613 0.019215 0.012403
0 0.689549 0.681116 0.016169 0.012255
0 0.679596 0.523573 0.018844 0.013572
0 0.703422 0.585350 0.018014 0.012864
0 0.539647 0.655936 0.016421 0.011612
0 0.356209 0.582007 0.017860 0.012243
0 0.703417 0.525666 0.016423 0.011664
0 0.707631 0.690012 0.016979 0.010741
0 0.813822 0.399747 0.018298 0.012777
0 0.844683 0.583543 0.018347 0.012897
1 0.424295 0.356028 0.068440 0.024850
0 0.528844 0.635796 0.016160 0.013318
0 0.525639 0.868595 0.021008 0.014988
0 0.389708 0.565797 0.015360 0.010953
0 0.346027 0.441313 0.018184 0.012243
0 0.734627 0.595105 0.016831 0.012636
0 0.780651 0.540082 0.014185 0.009880
0 0.464758 0.603785 0.014834 0.010426
0 0.810883 0.731512 0.016596 0.011817
0 0.641683 0.509287 0.020505 0.014201
0 0.454794 0.551727 0.016069 0.012573
0 0.780709 0.501060 0.017435 0.013540
0 0.586900 0.720124 0.016111 0.012379
0 0.606207 0.601671 0.016940 0.012321
0 0.342425 0.632072 0.017410 0.014711
0 0.417216 0.565270 0.015558 0.010065
0 0.663584 0.667284 0.016842 0.011717
0 0.207285 0.651409 0.015984 0.011788
0 0.420956 0.740948 0.014780 0.010238
0 0.229335 0.637369 0.018215 0.011849
0 0.594655 0.687735 0.017931 0.013157
0 0.209485 0.684394 0.015300 0.011144
0 0.252620 0.447925 0.014647 0.010745
0 0.630186 0.456861 0.016099 0.011320
0 0.664487 0.704257 0.016084 0.010715
0 0.862471 0.517266 0.015980 0.011372
0 0.513295 0.491771 0.016428 0.011392
0 0.621566 0.865814 0.021636 0.014803
0 0.909493 0.609138 0.015260 0.009090
0 0.456191 0.320026 0.015077 0.012166
0 0.514149 0.428260 0.017637 0.012894
0 0.835757 0.483830 0.016504 0.012936
0 0.225820 0.548976 0.017957 0.013652
0 0.570606 0.581423 0.015806 0.011366
0 0.272725 0.750652 0.015302 0.011740
0 0.385596 0.818622 0.021136 0.013432
0 0.339506 0.596576 0.014816 0.010338
0 0.513766 0.378016 0.021696 0.016661
0 0.302685 0.391323 0.014003 0.010037
0 0.461381 0.707394 0.015827 0.011236
0 0.609561 0.559202 0.018328 0.012626
0 0.845527 0.420370 0.017176 0.011973
0 0.533387 0.648153 0.016523 0.014300
0 0.822714 0.465891 0.014549 0.010717
0 0.285019 0.808423 0.017477 0.011564
0 0.771563 0.566295 0.016924 0.012060
0 0.433429 0.775021 0.014640 0.009694
0 0.543572 0.351089 0.017777 0.010667
0 0.922072 0.587166 0.014686 0.010051
0 0.479071 0.734581 0.016007 0.011987