1 0.342351 0.771031 0.051436 0.035750
0 0.438438 0.814537 0.017807 0.011704
0 0.317448 0.835030 0.020156 0.015521
0 0.849233 0.806493 0.017866 0.012338
0 0.640064 0.716377 0.017384 0.012075
0 0.752816 0.706109 0.015797 0.011756
0 0.289384 0.470310 0.022970 0.016300
1 0.646899 0.542168 0.055169 0.045423
0 0.684289 0.635969 0.016296 0.012021
0 0.288810 0.837919 0.018220 0.012887
0 0.569285 0.844677 0.017329 0.011788
0 0.205223 0.626596 0.015035 0.010251
0 0.787620 0.714139 0.015390 0.010565
0 0.392501 0.741238 0.016118 0.011169
0 0.535684 0.488994 0.018212 0.013536
0 0.674666 0.612667 0.016652 0.012176
0 0.588899 0.478106 0.023639 0.014300
0 0.227493 0.791429 0.014127 0.009929
0 0.436721 0.778272 0.017158 0.012598
0 0.471208 0.682255 0.016463 0.011981
0 0.434632 0.933071 0.019902 0.013989
0 0.489152 0.603214 0.016420 0.012352
0 0.506899 0.914768 0.015948 0.010978
0 0.742051 0.733533 0.017944 0.013305
0 0.802217 0.458527 0.016278 0.012490
1 0.716169 0.425283 0.040784 0.028984
0 0.697229 0.602780 0.016018 0.011469
0 0.686906 0.765640 0.017500 0.013553
0 0.186554 0.584581 0.021431 0.017557
0 0.305027 0.492517 0.021005 0.014755
0 0.667042 0.656738 0.015991 0.011666
0 0.288227 0.776583 0.018283 0.012878
0 0.780786 0.884678 0.016050 0.011422
0 0.555547 0.726036 0.016080 0.011218
0 0.695178 0.785770 0.016195 0.010854
0 0.768437 0.508072 0.013661 0.010885
0 0.679671 0.571888 0.015715 0.010625
0 0.886473 0.632310 0.015148 0.010241
0 0.281581 0.499439 0.021947 0.014060
0 0.267872 0.803533 0.021800 0.012458
0 0.492648 0.938059 0.019158 0.014205
1 0.422929 0.412756 0.039008 0.027155
0 0.373383 0.847237 0.018226 0.013723
0 0.663450 0.939694 0.018442 0.013891
0 0.372050 0.726563 0.015265 0.010195
0 0.191880 0.738161 0.015643 0.010237
0 0.867301 0.620257 0.014828 0.011479
0 0.692388 0.543058 0.016002 0.011986
0 0.333900 0.641204 0.018473 0.013887
0 0.295688 0.597172 0.019386 0.015266
0 0.569644 0.970301 0.023615 0.018347
0 0.538853 0.433297 0.016668 0.011958
0 0.630369 0.421998 0.014035 0.010657
0 0.919325 0.626718 0.015315 0.011351
0 0.758133 0.839994 0.015368 0.010167
0 0.434400 0.863576 0.019744 0.012170
0 0.639845 0.571888 0.016072 0.011403
0 0.249427 0.543120 0.018720 0.012616
0 0.822747 0.561656 0.014664 0.010085
0 0.293283 0.709160 0.017543 0.011542
0 0.560606 0.490149 0.017113 0.010945
0 0.870422 0.740109 0.014794 0.010029
0 0.640690 0.620510 0.014979 0.010672
0 0.422269 0.589511 0.024210 0.016385
0 0.620829 0.392772 0.014803 0.011562
0 0.310582 0.790702 0.013862 0.009727
0 0.182034 0.682659 0.015292 0.010829
0 0.361978 0.810368 0.016104 0.010342
0 0.480957 0.960966 0.019457 0.014064
0 0.877005 0.526998 0.015800 0.011506
0 0.758785 0.825409 0.014150 0.011319
0 0.630138 0.676354 0.017390 0.012021
0 0.292608 0.622570 0.020533 0.013463
0 0.797025 0.609022 0.014062 0.010685
0 0.219994 0.609445 0.026474 0.015784
0 0.749203 0.436076 0.015006 0.011390
0 0.271151 0.581808 0.017372 0.011954
0 0.853173 0.511847 0.013142 0.009841
0 0.828469 0.726271 0.017053 0.013616
0 0.599807 0.714012 0.015838 0.011692
0 0.895286 0.647648 0.015629 0.010484
0 0.717157 0.527797 0.015935 0.012323
0 0.513570 0.572052 0.015572 0.010703