1 0.157104 0.521552 0.053816 0.048879
1 0.307643 0.928998 0.057648 0.053486
1 0.706310 0.548844 0.057702 0.050323
0 0.797702 0.679866 0.020738 0.019810
1 0.490649 0.806734 0.057197 0.053217
0 0.696110 0.721859 0.021271 0.021261
1 0.820637 0.396505 0.053178 0.048916
0 0.539573 0.970800 0.020919 0.021491
0 0.774414 0.652812 0.023224 0.021248
0 0.736182 0.391174 0.024616 0.023564
0 0.444534 0.964858 0.024312 0.025659
0 0.710129 0.761662 0.025129 0.024957
0 0.699508 0.969252 0.021492 0.021345
0 0.371423 0.228567 0.024749 0.025177
0 0.792067 0.447030 0.021653 0.022856
0 0.878969 0.319428 0.024185 0.024976
0 0.463098 0.718551 0.025930 0.024586
0 0.767171 0.252836 0.024069 0.021431
0 0.203657 0.849629 0.022626 0.022014
0 0.574626 0.822258 0.023041 0.022502
0 0.845909 0.738805 0.021787 0.021108
0 0.152091 0.457812 0.020387 0.019390
0 0.637762 0.331329 0.024657 0.022179
0 0.478924 0.456087 0.023378 0.024356
0 0.416802 0.810178 0.021192 0.021598
0 0.223616 0.609900 0.023240 0.021904
0 0.673341 0.808432 0.022532 0.021981
0 0.737925 0.732748 0.022926 0.022163
0 0.445270 0.362167 0.024657 0.025588
0 0.175469 0.356897 0.022566 0.021897
0 0.742475 0.447563 0.020592 0.019974
0 0.685706 0.683099 0.029127 0.027471
0 0.731024 0.603951 0.020514 0.019756
0 0.562194 0.953502 0.022644 0.023849
0 0.422819 0.774582 0.023251 0.024647
0 0.212518 0.773017 0.016041 0.016283
0 0.058958 0.406520 0.021945 0.022381
0 0.588453 0.743741 0.033348 0.036314
0 0.374733 0.803098 0.021776 0.023033
0 0.736778 0.822148 0.021808 0.020176
0 0.872639 0.777445 0.019588 0.018942
0 0.664859 0.228385 0.025356 0.034793
0 0.638912 0.522494 0.023375 0.021673
0 0.446339 0.089501 0.019614 0.021763
0 0.740807 0.302100 0.025189 0.023241
0 0.710418 0.634717 0.020320 0.022224
0 0.547298 0.784121 0.020799 0.021115
0 0.455694 0.923125 0.020761 0.020314
0 0.138207 0.713290 0.021442 0.019564
0 0.635130 0.677453 0.023517 0.022154
1 0.178091 0.205899 0.041241 0.040019
0 0.722453 0.687815 0.018576 0.019647
0 0.452892 0.146102 0.019627 0.019835
0 0.139752 0.794980 0.025527 0.024639
0 0.858403 0.643885 0.018820 0.018863
0 0.308373 0.653893 0.019349 0.018781
0 0.700540 0.271768 0.022741 0.021413
0 0.573770 0.644633 0.024619 0.032619
0 0.408940 0.920834 0.020090 0.020481
0 0.726299 0.905140 0.028030 0.029654
0 0.396149 0.753991 0.020164 0.019761
0 0.587786 0.546046 0.023084 0.022680
0 0.634869 0.171417 0.023853 0.022170
0 0.915048 0.449948 0.021758 0.022720
0 0.700760 0.851061 0.021709 0.021611
0 0.230902 0.680307 0.021296 0.020492
0 0.396167 0.344403 0.021480 0.023720
0 0.537529 0.889638 0.018819 0.020925
0 0.541006 0.363502 0.020244 0.019921
0 0.515546 0.453403 0.025131 0.026227
0 0.600119 0.104043 0.020357 0.022962
0 0.180686 0.407113 0.020483 0.019082
0 0.679737 0.656384 0.021102 0.022599
0 0.414945 0.298904 0.024661 0.027543
0 0.767481 0.449583 0.019916 0.020226
0 0.071379 0.521571 0.020687 0.021073
0 0.885785 0.457662 0.020356 0.021777
0 0.333385 0.751300 0.020217 0.019173
0 0.123438 0.446810 0.022651 0.020509
0 0.754290 0.742538 0.025739 0.023360
0 0.470170 0.588372 0.024363 0.030040
0 0.891930 0.571561 0.023576 0.023612
0 0.210334 0.388775 0.020634 0.027968
0 0.283508 0.778111 0.019466 0.019124
0 0.612904 0.224577 0.021656 0.020462
0 0.745340 0.736575 0.030547 0.028600
0 0.450183 0.786734 0.018660 0.017918