1 0.264517 0.551765 0.069531 0.077129
1 0.540368 0.141220 0.078254 0.077067
0 0.443278 0.472062 0.023866 0.023163
0 0.605197 0.316650 0.024059 0.020270
0 0.689067 0.393370 0.024934 0.024120
0 0.616363 0.607668 0.027575 0.024122
1 0.372741 0.206005 0.062930 0.055485
0 0.529365 0.556327 0.023780 0.021598
0 0.649323 0.780406 0.024914 0.023362
0 0.641557 0.476797 0.024169 0.020118
0 0.730989 0.320848 0.023167 0.022268
0 0.693459 0.646245 0.021471 0.020428
0 0.718713 0.559440 0.023079 0.022265
0 0.247652 0.803745 0.021263 0.018906
0 0.593711 0.556802 0.024821 0.023345
0 0.513842 0.714850 0.027091 0.023097
0 0.554278 0.682988 0.022704 0.021903
0 0.970320 0.591543 0.023124 0.020922
0 0.492602 0.354260 0.022767 0.021063
0 0.299379 0.947156 0.022178 0.021194
0 0.713578 0.279024 0.024162 0.023853
0 0.614814 0.699283 0.026630 0.025288
0 0.185156 0.963141 0.020916 0.019176
0 0.662078 0.283365 0.024505 0.023115
0 0.580469 0.493188 0.027134 0.024609
0 0.274572 0.906902 0.021694 0.018267
0 0.169355 0.459382 0.025737 0.022725
0 0.455236 0.770135 0.022050 0.021765
0 0.882125 0.759533 0.028525 0.023464
0 0.257859 0.972887 0.026974 0.025757
0 0.768397 0.682723 0.024343 0.023136
0 0.384664 0.459492 0.025540 0.025064
0 0.199825 0.388068 0.027769 0.026669
0 0.146330 0.830500 0.024512 0.020158
0 0.932889 0.417378 0.022965 0.019809
0 0.224819 0.436598 0.025354 0.026542
0 0.252001 0.924147 0.020399 0.019957
0 0.932758 0.605274 0.026745 0.021131
0 0.314620 0.685763 0.023348 0.022060
0 0.389459 0.420853 0.024206 0.022608
0 0.875160 0.569488 0.023652 0.020492
0 0.142932 0.944665 0.023211 0.023035
0 0.344629 0.720617 0.023128 0.023493
0 0.878715 0.516268 0.022852 0.021107
0 0.214239 0.554297 0.020007 0.019350
0 0.132596 0.653406 0.024023 0.022206
0 0.802605 0.277793 0.026705 0.022090
0 0.119090 0.900640 0.020182 0.018311
0 0.164972 0.914095 0.020776 0.018879
0 0.286188 0.873722 0.023613 0.022184
0 0.847965 0.679446 0.034602 0.030124
0 0.261474 0.425047 0.027182 0.024601
0 0.308229 0.613716 0.022117 0.019189
0 0.270628 0.839939 0.022459 0.022174
0 0.622995 0.166311 0.023887 0.025551
0 0.402735 0.760757 0.029375 0.026148
0 0.637674 0.200900 0.020421 0.019330
0 0.757458 0.649438 0.024317 0.019774
0 0.490654 0.531419 0.025808 0.026182
0 0.897872 0.462127 0.027221 0.028677
0 0.010105 0.909190 0.020210 0.020457
0 0.538569 0.757681 0.022874 0.020321
0 0.432730 0.657800 0.026415 0.023237
0 0.808016 0.877370 0.023674 0.023477
0 0.261810 0.139610 0.020405 0.018412
0 0.466351 0.232891 0.019558 0.019523
0 0.606124 0.468175 0.020234 0.017464
0 0.887833 0.807357 0.028130 0.024565
0 0.315367 0.652378 0.024705 0.018488
0 0.363080 0.436362 0.022138 0.021486
0 0.273236 0.683800 0.025096 0.023021
0 0.306915 0.292459 0.019142 0.018182
0 0.129296 0.876548 0.018979 0.017912
0 0.487164 0.117117 0.019983 0.018771
0 0.227795 0.609134 0.019941 0.018690
0 0.231867 0.190320 0.025279 0.025578
0 0.088019 0.829716 0.018274 0.017272
0 0.433639 0.380129 0.024215 0.022332
0 0.425857 0.990810 0.022156 0.017982
0 0.836089 0.808906 0.021394 0.019375
0 0.771074 0.931901 0.023864 0.023296
0 0.200311 0.991232 0.019728 0.017053
0 0.748093 0.534421 0.027145 0.022602
0 0.343287 0.861965 0.027751 0.021122
0 0.042206 0.880082 0.025578 0.025509
0 0.840354 0.861835 0.020250 0.019864
0 0.669681 0.110843 0.021549 0.021509
0 0.237030 0.655483 0.028274 0.022965
0 0.904958 0.859202 0.024390 0.022529
0 0.817364 0.401262 0.038490 0.033742
0 0.743866 0.742465 0.025764 0.020297
0 0.814147 0.756327 0.028008 0.024448
0 0.325918 0.460342 0.030909 0.024591
0 0.111490 0.675103 0.026014 0.022137
0 0.605175 0.124058 0.018403 0.017307
0 0.481504 0.879550 0.025801 0.022837
0 0.160475 0.169625 0.027506 0.024354
0 0.546168 0.803277 0.029551 0.024376
0 0.092422 0.749355 0.019081 0.017911
0 0.556745 0.390308 0.025332 0.021666
0 0.735339 0.468168 0.030713 0.031147
0 0.790039 0.195783 0.018581 0.018368
0 0.185528 0.609736 0.027719 0.024026
0 0.466597 0.124493 0.018044 0.018116
0 0.848833 0.449279 0.029422 0.025739
0 0.253714 0.633273 0.020665 0.018738
0 0.508547 0.243827 0.021394 0.020139
0 0.101031 0.602673 0.024719 0.026594
0 0.401157 0.842465 0.026378 0.021143
0 0.225184 0.271709 0.029782 0.026563
0 0.090314 0.865716 0.019989 0.018000
0 0.166673 0.636489 0.026593 0.023553
0 0.490254 0.605621 0.029481 0.031472
0 0.793873 0.918495 0.021850 0.019787
0 0.783036 0.263606 0.019243 0.019738
0 0.252546 0.167395 0.023030 0.018056
0 0.288679 0.451456 0.024929 0.019846
0 0.243133 0.116353 0.023224 0.019981
0 0.553617 0.452883 0.033152 0.022198
0 0.502173 0.158984 0.017837 0.018142
0 0.423475 0.854664 0.021997 0.019683
0 0.114533 0.574600 0.023087 0.020243
0 0.371138 0.060683 0.020542 0.019222
0 0.126734 0.597950 0.019444 0.018277
1 0.962256 0.940209 0.075487 0.102744
0 0.378909 0.326950 0.026062 0.025001
0 0.221580 0.329996 0.025026 0.021587
0 0.271209 0.194847 0.024228 0.017415
0 0.491113 0.211966 0.025610 0.023018
0 0.346153 0.176477 0.020253 0.019467
0 0.633053 0.629035 0.024951 0.019590
0 0.213310 0.707645 0.027312 0.027746
0 0.242137 0.855748 0.020346 0.020711
0 0.955581 0.510550 0.022379 0.022279
0 0.035146 0.954590 0.028648 0.025503
0 0.422999 0.150041 0.028063 0.025223
0 0.638277 0.675226 0.020350 0.019274
0 0.403839 0.946362 0.028115 0.024801
0 0.368324 0.776820 0.023051 0.023496
0 0.462141 0.041252 0.017001 0.015092
0 0.204743 0.633899 0.018319 0.015431
0 0.231815 0.089155 0.016380 0.015443
0 0.417077 0.048046 0.017543 0.016797
0 0.213752 0.508493 0.023237 0.020088
0 0.385814 0.306458 0.026661 0.023011
0 0.074301 0.726970 0.020550 0.019412
0 0.294904 0.190478 0.021995 0.019895
0 0.924294 0.692690 0.025674 0.023444
0 0.677353 0.730531 0.025341 0.022309
0 0.593574 0.284822 0.019782 0.019727
0 0.641132 0.893923 0.021454 0.019748
0 0.518598 0.882531 0.044446 0.037865
0 0.105193 0.952591 0.018668 0.017848
0 0.048519 0.208478 0.028616 0.020923
0 0.349804 0.785783 0.031875 0.020836
0 0.009625 0.543588 0.019249 0.022102
0 0.124116 0.124649 0.021975 0.019455
0 0.660106 0.900801 0.026045 0.024192
0 0.781045 0.600372 0.019233 0.017932
0 0.421059 0.066776 0.019278 0.021082
0 0.552309 0.071882 0.016758 0.016189
0 0.371373 0.994181 0.018300 0.011004
0 0.675442 0.966231 0.027035 0.023460
0 0.073928 0.947107 0.023319 0.020782
0 0.353463 0.485510 0.020878 0.020348
0 0.040266 0.274907 0.024136 0.024069
0 0.517985 0.992860 0.024209 0.013902
0 0.985713 0.535796 0.025073 0.022869
0 0.048087 0.992334 0.021266 0.014632
0 0.091486 0.259640 0.025300 0.022541
0 0.698796 0.225975 0.026175 0.025539
0 0.053232 0.252152 0.022933 0.025928
0 0.817747 0.903537 0.025180 0.018040
0 0.952243 0.550893 0.025396 0.021458
0 0.584231 0.138553 0.015902 0.016362
0 0.794909 0.968185 0.022833 0.021174
0 0.301322 0.535557 0.021734 0.018846
0 0.623216 0.262717 0.023383 0.024854
0 0.451952 0.183371 0.016618 0.016680
0 0.205106 0.820408 0.024576 0.022104
0 0.258176 0.869661 0.018735 0.018275
0 0.191955 0.897963 0.015151 0.013696
0 0.700787 0.586336 0.022077 0.020188
0 0.211573 0.696590 0.032711 0.029249
0 0.044995 0.901376 0.017683 0.020425
0 0.094451 0.969587 0.020777 0.017487
0 0.675042 0.859450 0.018762 0.018322
0 0.073640 0.453220 0.020744 0.019007
0 0.772293 0.570646 0.020016 0.017616
0 0.210747 0.689163 0.019745 0.015898
0 0.889574 0.895361 0.020033 0.021279
0 0.401902 0.177964 0.019936 0.019281
0 0.863478 0.894942 0.036636 0.030378
0 0.672137 0.806031 0.021071 0.020002
0 0.080606 0.384018 0.021377 0.020010
0 0.070114 0.671540 0.020286 0.019819