1 0.365504 0.828032 0.065928 0.053667
1 0.290624 0.542174 0.049936 0.038538
1 0.481771 0.760592 0.055860 0.043318
1 0.304860 0.302628 0.050413 0.038934
0 0.522217 0.519049 0.019507 0.014085
0 0.442498 0.442683 0.020185 0.014708
0 0.416088 0.780520 0.018531 0.012978
0 0.496578 0.482469 0.019276 0.012994
0 0.510529 0.397694 0.021962 0.016246
1 0.232447 0.366574 0.043539 0.026089
0 0.529391 0.353664 0.022573 0.017256
0 0.564852 0.661777 0.018387 0.012979
0 0.668372 0.482990 0.017311 0.012257
0 0.340927 0.595501 0.019194 0.012709
0 0.478874 0.306212 0.026175 0.015074
0 0.593934 0.681583 0.017506 0.011884
0 0.628071 0.459015 0.018816 0.012685
0 0.295445 0.486885 0.021134 0.014959
0 0.477092 0.548207 0.018858 0.013117
0 0.327444 0.473826 0.019159 0.013518
0 0.464316 0.378798 0.018093 0.012224
1 0.761100 0.531443 0.054351 0.034645
0 0.468019 0.466207 0.017713 0.011824
0 0.586917 0.361904 0.020305 0.014190
0 0.356949 0.295400 0.018214 0.013302
0 0.228262 0.502687 0.019890 0.013955
0 0.528086 0.614082 0.023716 0.017422
0 0.153851 0.741141 0.018333 0.011762
0 0.316045 0.620046 0.018430 0.012924
0 0.725716 0.399457 0.020763 0.015095
0 0.246479 0.488496 0.020810 0.015146
0 0.417451 0.544821 0.017160 0.013024
0 0.195528 0.486430 0.020843 0.014522
0 0.519200 0.575584 0.017989 0.012549
0 0.265396 0.603568 0.017970 0.012551
0 0.144949 0.391902 0.020498 0.016127
0 0.684502 0.500221 0.016584 0.011565
0 0.425220 0.717829 0.018112 0.011882
0 0.431719 0.510296 0.021185 0.014380
0 0.092970 0.398144 0.023614 0.016948
0 0.202203 0.784607 0.016253 0.010879
0 0.276756 0.412096 0.020070 0.017648
0 0.203868 0.526603 0.018813 0.012937
0 0.297628 0.820270 0.016744 0.011337
0 0.177394 0.722221 0.017170 0.011275
0 0.415936 0.338688 0.018841 0.013426
0 0.725437 0.621530 0.018159 0.012461
0 0.336693 0.557442 0.015753 0.010135
0 0.440131 0.325047 0.017086 0.012529
0 0.379269 0.674036 0.017915 0.011420
0 0.669871 0.739821 0.015878 0.009343
0 0.169601 0.429648 0.021116 0.014167
0 0.355705 0.716932 0.015999 0.010480
0 0.435457 0.650218 0.017803 0.011689
0 0.581248 0.768365 0.018572 0.011635
0 0.577209 0.698956 0.016596 0.013089
0 0.365008 0.651783 0.016346 0.010029
0 0.526488 0.721336 0.017218 0.011284
0 0.247411 0.536418 0.017160 0.012187
0 0.406030 0.480796 0.018338 0.013829
0 0.563258 0.543984 0.015975 0.010935
0 0.408369 0.700008 0.015606 0.010318
0 0.298551 0.769679 0.018182 0.012613
0 0.391116 0.592012 0.016924 0.011514
0 0.438443 0.695511 0.014566 0.009818
0 0.388866 0.658953 0.017012 0.010586
0 0.353461 0.736765 0.017939 0.011288
0 0.664107 0.703665 0.014659 0.009173
0 0.247013 0.634542 0.017742 0.013804
0 0.406709 0.820252 0.019617 0.014514
0 0.594503 0.389062 0.017062 0.011613
0 0.544163 0.675983 0.015014 0.010018
0 0.401308 0.740332 0.015909 0.010296
0 0.591100 0.719791 0.016397 0.013788
0 0.383181 0.732773 0.016736 0.010975
0 0.602705 0.588233 0.017881 0.012603
0 0.413933 0.432065 0.018194 0.012516
0 0.407189 0.670222 0.018060 0.011380
0 0.462199 0.338877 0.018395 0.012127
0 0.590155 0.478184 0.015398 0.010170
0 0.528480 0.440770 0.017730 0.011848
0 0.346687 0.670828 0.017211 0.011598
0 0.327356 0.427284 0.017957 0.012088
0 0.250746 0.620310 0.016762 0.011204
0 0.110580 0.615807 0.018489 0.013125
0 0.638192 0.718593 0.016763 0.011829
0 0.312069 0.592091 0.019739 0.012603
0 0.661705 0.398549 0.015359 0.009902
0 0.219485 0.742226 0.017105 0.013732
0 0.302647 0.344544 0.016593 0.013390
0 0.609770 0.776143 0.018443 0.010849
0 0.416377 0.305282 0.021138 0.015574
0 0.126925 0.713882 0.018672 0.011049
0 0.061914 0.571518 0.018820 0.012294
0 0.398175 0.363700 0.018690 0.012386
0 0.490287 0.669149 0.017025 0.010910
0 0.263265 0.556809 0.015335 0.009901
0 0.703034 0.408423 0.016412 0.012298
0 0.231811 0.796455 0.017174 0.013681
0 0.434198 0.594744 0.017419 0.013356
0 0.187901 0.768259 0.014244 0.010287
0 0.559361 0.367800 0.017870 0.011948
0 0.242280 0.331399 0.016353 0.012948
0 0.214681 0.603246 0.018276 0.015704
0 0.278787 0.737420 0.017400 0.012713
0 0.189032 0.456141 0.016513 0.010943
0 0.486233 0.525780 0.016888 0.012105
0 0.503405 0.558989 0.015760 0.010827
0 0.389848 0.332880 0.021386 0.018614
0 0.517522 0.683225 0.014388 0.011605
0 0.043325 0.444788 0.023635 0.015986
0 0.454187 0.828385 0.020606 0.014475
0 0.707705 0.516563 0.014461 0.009100
0 0.415344 0.615521 0.017536 0.011546
0 0.265984 0.586385 0.019849 0.012776
0 0.362958 0.584467 0.016564 0.010972
0 0.362188 0.464504 0.017413 0.012629
0 0.626079 0.423248 0.015590 0.010876
0 0.630957 0.610233 0.017448 0.011583
0 0.630990 0.749982 0.015239 0.008957
0 0.436559 0.480007 0.015095 0.009930
0 0.299348 0.719221 0.013150 0.008687
0 0.327078 0.724271 0.013228 0.009230
0 0.541497 0.422475 0.019314 0.012830
0 0.696216 0.657489 0.016854 0.010493
0 0.060466 0.468957 0.024230 0.023172
0 0.726229 0.667274 0.016544 0.011018
0 0.270579 0.493186 0.018084 0.010407
0 0.668817 0.447284 0.015305 0.010456
0 0.316499 0.690603 0.015181 0.009529
0 0.591254 0.336806 0.014502 0.009604
0 0.139398 0.604144 0.019414 0.012952
0 0.667862 0.574027 0.016607 0.013539
0 0.287362 0.703305 0.012869 0.008437
0 0.711048 0.570114 0.014843 0.009397
0 0.646232 0.410749 0.014681 0.010419
0 0.606950 0.409250 0.015302 0.010909
0 0.736146 0.588342 0.014673 0.009494
0 0.702009 0.644425 0.015613 0.011182
0 0.243954 0.666578 0.014916 0.009763
0 0.308596 0.638230 0.015227 0.009794
0 0.396375 0.404723 0.017132 0.011629
0 0.206279 0.359824 0.014140 0.010948
0 0.349795 0.403721 0.015672 0.011010
0 0.317495 0.454971 0.017435 0.011425
0 0.117574 0.744129 0.016402 0.011759
0 0.634053 0.497296 0.017175 0.011825
0 0.469041 0.422858 0.015473 0.011290
0 0.681132 0.384887 0.019390 0.014316
0 0.087420 0.457253 0.017972 0.013293
0 0.565178 0.733666 0.016278 0.012790
0 0.667810 0.547005 0.017088 0.012451
0 0.574317 0.467916 0.015839 0.010552
0 0.673667 0.656241 0.016254 0.010122
0 0.443859 0.621301 0.017283 0.010371
0 0.284792 0.591835 0.016295 0.009490
0 0.321829 0.353597 0.014483 0.009759
0 0.461762 0.583699 0.015608 0.011067
0 0.698161 0.540474 0.023049 0.015445
0 0.640684 0.386069 0.017383 0.012889
0 0.550002 0.753705 0.022969 0.011139
0 0.221749 0.770876 0.013418 0.009579
0 0.262735 0.761082 0.017188 0.010411
0 0.543112 0.479632 0.015318 0.009452
0 0.318186 0.755355 0.016659 0.010764
0 0.696961 0.711154 0.015541 0.009525
0 0.313371 0.834526 0.015916 0.011055
0 0.628593 0.538578 0.013572 0.009263
0 0.651522 0.351751 0.028234 0.021185
0 0.566089 0.450880 0.015570 0.011497
0 0.296823 0.359548 0.014847 0.010047
0 0.396095 0.737941 0.022902 0.011745
0 0.578018 0.810165 0.022105 0.012696
0 0.314738 0.787230 0.017612 0.012472
0 0.144353 0.546553 0.015783 0.010301
0 0.123885 0.515646 0.014903 0.010518
0 0.266529 0.597111 0.023008 0.023639
0 0.324439 0.713764 0.013017 0.010339
0 0.304106 0.666346 0.013866 0.009433