1 0.207809 0.713461 0.030563 0.043471
1 0.522945 0.681857 0.035826 0.053669
1 0.322294 0.385344 0.039862 0.054855
1 0.240808 0.553141 0.040681 0.054256
1 0.526735 0.548605 0.035657 0.047134
1 0.194955 0.655903 0.040025 0.045915
1 0.715942 0.669845 0.034087 0.046597
1 0.348544 0.671830 0.034787 0.041873
1 0.448601 0.675650 0.036631 0.047832
1 0.501913 0.833942 0.040097 0.048899
1 0.396523 0.902098 0.038541 0.055797
1 0.288361 0.691743 0.033275 0.041581
0 0.260935 0.625471 0.010612 0.013743
1 0.341969 0.540014 0.031695 0.040152
0 0.634754 0.392870 0.010233 0.012921
0 0.463664 0.404820 0.012128 0.014031
0 0.612910 0.420206 0.011354 0.014198
0 0.351809 0.610057 0.010975 0.014073
0 0.277820 0.422208 0.011388 0.013980
0 0.654049 0.412499 0.009682 0.012648
1 0.616623 0.322703 0.033576 0.041492
0 0.225771 0.409379 0.011938 0.015866
0 0.461029 0.324766 0.013806 0.015858
0 0.585692 0.427266 0.011512 0.013521
0 0.308372 0.584868 0.011693 0.013415
0 0.323068 0.847394 0.013063 0.015705
1 0.571195 0.472263 0.031249 0.040567
0 0.402991 0.852561 0.011817 0.013840
0 0.553418 0.397692 0.011976 0.016306
0 0.442016 0.468986 0.011217 0.013251
0 0.619613 0.673188 0.011019 0.013105
0 0.272496 0.646443 0.011274 0.012959
0 0.253739 0.379271 0.012285 0.015859
0 0.634579 0.444700 0.010750 0.012262
0 0.483327 0.701413 0.011048 0.013269
1 0.681394 0.344535 0.033089 0.042027
0 0.187741 0.457161 0.012072 0.015239
0 0.482061 0.380746 0.013229 0.015210
0 0.585765 0.372831 0.012365 0.014649
0 0.528666 0.354394 0.011863 0.014143
1 0.398086 0.673658 0.039435 0.051656
0 0.567978 0.782157 0.011253 0.013438
0 0.487657 0.660582 0.010235 0.013390
0 0.490290 0.405493 0.011762 0.013459
0 0.494540 0.279524 0.013811 0.017453
0 0.598054 0.692890 0.011479 0.013761
0 0.556261 0.649246 0.010894 0.012523
0 0.293820 0.383358 0.012706 0.015028
0 0.241608 0.459231 0.011500 0.014651
0 0.190227 0.408358 0.016091 0.019833
0 0.323230 0.640133 0.010767 0.013535
0 0.653758 0.651270 0.010179 0.012353
0 0.260021 0.590078 0.011286 0.013304
1 0.438707 0.218528 0.035461 0.049128
0 0.423727 0.506382 0.013228 0.016162
0 0.492440 0.317192 0.012445 0.014890
0 0.523449 0.444456 0.011382 0.014387
0 0.457296 0.875518 0.012783 0.015739
0 0.519968 0.235640 0.012512 0.013546
0 0.436440 0.444059 0.011173 0.014261
0 0.398634 0.781583 0.013932 0.016042
0 0.641825 0.690475 0.010775 0.012397
0 0.369612 0.646091 0.010511 0.013521
0 0.624819 0.748532 0.010340 0.013245
0 0.274164 0.488346 0.014323 0.018557
1 0.629538 0.815662 0.046082 0.063004
0 0.541277 0.595174 0.012596 0.018291
0 0.534695 0.462036 0.011571 0.013883
0 0.639999 0.611928 0.009346 0.011010
0 0.308540 0.319713 0.010865 0.013420
0 0.365152 0.736241 0.010824 0.012063
0 0.495377 0.716880 0.010924 0.012804
0 0.262304 0.455065 0.012663 0.014315
0 0.422315 0.309778 0.012634 0.015483
0 0.613278 0.643580 0.010534 0.013628
0 0.237834 0.686302 0.010014 0.012826
0 0.230853 0.491326 0.013477 0.015060
0 0.556994 0.702818 0.011580 0.012632
0 0.664390 0.537883 0.009874 0.011794
0 0.247629 0.761730 0.012705 0.016084
1 0.386250 0.478523 0.027660 0.032207
0 0.612938 0.622787 0.009184 0.012545
0 0.658170 0.298421 0.011457 0.014214
0 0.417245 0.643176 0.010669 0.012493
0 0.547045 0.270091 0.011736 0.013968
0 0.290758 0.574393 0.011132 0.013329
0 0.385431 0.639936 0.010318 0.014259
0 0.447769 0.424461 0.013161 0.016245
0 0.482081 0.193701 0.012202 0.015247
0 0.427710 0.902309 0.012757 0.015444
0 0.293237 0.236451 0.013643 0.020912
0 0.673753 0.381321 0.010908 0.013710
1 0.653169 0.496255 0.060032 0.052355
0 0.598076 0.580449 0.011620 0.014870
0 0.209583 0.451902 0.011830 0.013774
0 0.539077 0.715660 0.010978 0.013200
0 0.432146 0.392419 0.011633 0.013561
0 0.495345 0.517329 0.014207 0.016006
1 0.568420 0.220773 0.034051 0.043900
0 0.353732 0.895500 0.012699 0.015075
0 0.530217 0.864378 0.012818 0.015990
0 0.704360 0.397975 0.012091 0.014143
0 0.478504 0.510829 0.010972 0.013894
0 0.258067 0.477323 0.011824 0.013505
1 0.379440 0.432533 0.043405 0.036473
0 0.226191 0.526771 0.011169 0.014222
0 0.623489 0.267119 0.011980 0.013354
0 0.652121 0.598349 0.011271 0.012526
0 0.605301 0.749598 0.012203 0.013672
0 0.202172 0.472462 0.010780 0.012223
0 0.329631 0.325111 0.011162 0.013557
0 0.434489 0.755524 0.011190 0.013798
0 0.644716 0.280985 0.011796 0.014815
0 0.484754 0.596966 0.014290 0.016756
0 0.423118 0.726710 0.012503 0.013845
0 0.382234 0.746257 0.010572 0.012834
1 0.393809 0.370769 0.032711 0.039286
0 0.599954 0.826125 0.009186 0.011343
0 0.456694 0.523415 0.010705 0.012686
0 0.591326 0.547199 0.012129 0.013882
0 0.380398 0.724395 0.009942 0.011881
0 0.369868 0.603312 0.011853 0.012922
0 0.557535 0.607221 0.010736 0.012789
0 0.327415 0.788504 0.013485 0.015579
0 0.463066 0.912447 0.013687 0.018071
1 0.397981 0.420172 0.044711 0.046577
0 0.371254 0.907093 0.012203 0.014805
0 0.577138 0.699850 0.011624 0.015998
0 0.547077 0.681101 0.010237 0.011299
0 0.600277 0.384634 0.010123 0.011856
0 0.241210 0.787751 0.010392 0.012266
0 0.454827 0.599797 0.012219 0.012920
0 0.536995 0.217391 0.011901 0.014696
0 0.339838 0.350485 0.010370 0.012915
0 0.200647 0.564264 0.011624 0.014754
0 0.241456 0.337072 0.012533 0.015406
1 0.367653 0.288367 0.061481 0.055317
1 0.419885 0.360642 0.032668 0.037431
0 0.467553 0.717807 0.011522 0.012654
0 0.672123 0.729292 0.010733 0.012328
0 0.515126 0.765720 0.010589 0.013121
0 0.357403 0.445629 0.011270 0.013814
0 0.711720 0.442882 0.012377 0.016174
1 0.398257 0.212442 0.028451 0.031169
0 0.615849 0.466302 0.015530 0.016489
0 0.678261 0.583713 0.010444 0.012244
0 0.701695 0.629832 0.010050 0.012986
0 0.483299 0.802770 0.010140 0.012319
0 0.582273 0.847236 0.012522 0.012742
0 0.293259 0.525575 0.011648 0.014491
0 0.449907 0.897779 0.012028 0.016172
0 0.604099 0.289582 0.010885 0.012881
0 0.584139 0.782940 0.010262 0.010972
0 0.691414 0.671708 0.008458 0.011044
0 0.375910 0.699419 0.009621 0.011418
0 0.426660 0.273744 0.011786 0.014951
0 0.629798 0.723431 0.013728 0.015134
0 0.343558 0.705777 0.010301 0.011983
1 0.406070 0.366297 0.043499 0.041837
0 0.687848 0.404824 0.013258 0.014983
0 0.694700 0.436842 0.009728 0.012516
0 0.304925 0.350085 0.010859 0.013228
0 0.668971 0.604548 0.009451 0.011253
0 0.403792 0.806277 0.010440 0.011462
0 0.450847 0.247939 0.012419 0.015215
0 0.477609 0.614604 0.010889 0.011795
0 0.554003 0.583156 0.012039 0.015516
0 0.304350 0.622632 0.014632 0.016478
0 0.566986 0.310361 0.012480 0.017046
0 0.358991 0.466988 0.013002 0.013423
0 0.636478 0.560256 0.010741 0.012946
0 0.471389 0.641877 0.009347 0.010075
0 0.292914 0.732289 0.012339 0.014850
0 0.369039 0.594240 0.013913 0.024383
0 0.577196 0.524021 0.011001 0.013499
0 0.660893 0.462838 0.010719 0.012275
0 0.595674 0.511141 0.010297 0.011925
0 0.576010 0.693863 0.011292 0.017411
0 0.233747 0.719545 0.009465 0.010921
0 0.455268 0.368639 0.011146 0.015099
0 0.346673 0.866079 0.012045 0.016875
1 0.621990 0.830415 0.030501 0.038859
0 0.315168 0.877926 0.012025 0.013480
0 0.414440 0.478798 0.012655 0.014214
0 0.520713 0.721254 0.009523 0.009871
0 0.175965 0.527230 0.012945 0.015577
0 0.503783 0.178102 0.010307 0.013090
1 0.507316 0.927748 0.050164 0.042196
0 0.368600 0.586709 0.011693 0.020156
0 0.435577 0.640118 0.009626 0.011267
0 0.442038 0.565577 0.011639 0.013908
0 0.225548 0.578731 0.010038 0.012976
0 0.489280 0.556877 0.011308 0.017829
1 0.386923 0.437796 0.038648 0.071787
0 0.215587 0.573307 0.012854 0.014255
0 0.406201 0.530632 0.012505 0.013743
0 0.521589 0.394445 0.010083 0.011813
0 0.362257 0.843353 0.010867 0.013114
1 0.383884 0.324360 0.045406 0.024937
0 0.386837 0.529869 0.011395 0.014831
0 0.254972 0.824477 0.013318 0.013237
0 0.298974 0.663476 0.010238 0.011531
0 0.288494 0.621149 0.010528 0.011488
0 0.535379 0.774413 0.012194 0.014094
0 0.521424 0.878706 0.014926 0.015718
0 0.599377 0.300518 0.016489 0.019757
0 0.629682 0.582683 0.011067 0.011536
0 0.284746 0.596471 0.009412 0.012735
1 0.636325 0.800494 0.032921 0.045891
0 0.472137 0.430785 0.010731 0.011909
0 0.537520 0.188777 0.010449 0.013732
0 0.270643 0.589504 0.012024 0.011610
0 0.453816 0.552315 0.011962 0.014911
0 0.222168 0.575083 0.017217 0.011935
1 0.359770 0.286562 0.039086 0.034532
1 0.380044 0.270669 0.049940 0.055440
0 0.567091 0.324951 0.014252 0.018655
0 0.485511 0.706212 0.016320 0.020987
0 0.502224 0.679573 0.012630 0.013263
0 0.368278 0.563018 0.008696 0.010655
0 0.578783 0.664850 0.010031 0.013330
0 0.545682 0.370394 0.010317 0.010883
1 0.667430 0.806005 0.030094 0.034224
1 0.342151 0.180071 0.032749 0.027143