1 0.211249 0.601698 0.048540 0.036900
0 0.738032 0.558665 0.020060 0.014225
0 0.740002 0.521393 0.018760 0.013571
1 0.221833 0.535024 0.052356 0.035796
0 0.554278 0.655930 0.019306 0.012902
0 0.876821 0.538542 0.025397 0.018049
0 0.504492 0.658145 0.019476 0.014069
0 0.702292 0.541500 0.018922 0.013131
0 0.378815 0.521040 0.018358 0.012386
0 0.734233 0.491141 0.018962 0.013310
0 0.385718 0.799657 0.017079 0.011512
0 0.681377 0.768802 0.023936 0.017693
0 0.504952 0.884062 0.021381 0.015269
0 0.469410 0.876453 0.018910 0.012596
0 0.513014 0.588213 0.017981 0.012089
0 0.803514 0.555113 0.020627 0.014826
0 0.661748 0.522677 0.018570 0.012843
0 0.857286 0.569214 0.020164 0.014918
0 0.496798 0.547936 0.018477 0.013052
0 0.525938 0.721705 0.019946 0.014398
0 0.480737 0.568390 0.017735 0.011701
0 0.393549 0.567154 0.017957 0.011723
0 0.628788 0.758975 0.025988 0.017691
0 0.468991 0.709981 0.018341 0.013040
0 0.363343 0.821184 0.016832 0.011052
0 0.554241 0.692247 0.019418 0.014026
0 0.528240 0.611658 0.018971 0.014374
0 0.411625 0.446480 0.017344 0.011576
0 0.603990 0.784528 0.020435 0.015203
0 0.535756 0.541383 0.018458 0.012457
0 0.447160 0.600359 0.018131 0.012822
0 0.330233 0.829724 0.017103 0.011662
0 0.247187 0.708299 0.016271 0.010745
0 0.330174 0.719629 0.016426 0.011017
0 0.746409 0.616938 0.021855 0.015623
0 0.328855 0.893609 0.017849 0.011588
0 0.463324 0.945517 0.021106 0.014336
0 0.501131 0.933979 0.020150 0.014947
0 0.656308 0.415348 0.015833 0.010504
0 0.630967 0.566582 0.017521 0.011630
0 0.657538 0.569275 0.023294 0.015657
0 0.312525 0.795792 0.016022 0.010498
0 0.455314 0.900402 0.019187 0.013838
0 0.884672 0.603051 0.019525 0.013753
0 0.397898 0.914466 0.019802 0.013382
0 0.631129 0.665277 0.022947 0.015905
0 0.452073 0.489766 0.017843 0.012264
0 0.286202 0.630058 0.014205 0.009722
0 0.474776 0.521248 0.017906 0.012013
0 0.414273 0.865234 0.017350 0.011836
0 0.458092 0.538198 0.017242 0.011540
0 0.543208 0.512306 0.016189 0.010592
0 0.614031 0.547967 0.016274 0.011115
0 0.367587 0.609941 0.014344 0.011409
0 0.251090 0.639978 0.015747 0.010485
0 0.325647 0.558480 0.021884 0.015276
0 0.679133 0.479344 0.017200 0.011239
0 0.293122 0.606110 0.017840 0.011998
0 0.301126 0.773848 0.015642 0.011353
0 0.326109 0.645491 0.016561 0.011279
0 0.897066 0.738160 0.019430 0.012840
0 0.280839 0.521715 0.017792 0.011941
0 0.386949 0.686046 0.016217 0.011251
0 0.615646 0.431995 0.017594 0.011722
0 0.279527 0.744832 0.016877 0.011423
0 0.282466 0.820167 0.016795 0.012128
0 0.608870 0.500273 0.018352 0.013126
0 0.266046 0.724028 0.016277 0.010944
0 0.469731 0.736187 0.020552 0.014645
0 0.267126 0.609308 0.016572 0.012115
0 0.673176 0.586349 0.019253 0.013088
0 0.851874 0.807679 0.020628 0.015312
0 0.426558 0.739275 0.018529 0.012169
0 0.433552 0.519203 0.018245 0.012001
0 0.326071 0.694224 0.014912 0.009354
0 0.512317 0.959116 0.024715 0.017243
0 0.719079 0.413929 0.021535 0.013692
0 0.399144 0.725421 0.015480 0.010338
0 0.350660 0.693964 0.017040 0.011594
0 0.528624 0.472059 0.018037 0.012436
0 0.355516 0.495886 0.015975 0.010830
0 0.547216 0.477585 0.015746 0.011326
0 0.306872 0.706125 0.017269 0.012013
0 0.455382 0.426807 0.024116 0.015926
0 0.261344 0.672216 0.014628 0.009942
0 0.373168 0.860403 0.026802 0.015685
0 0.568296 0.416514 0.015672 0.010473
0 0.422324 0.495695 0.015742 0.011928
0 0.530090 0.419620 0.020426 0.013588
0 0.426532 0.815572 0.021181 0.012525
0 0.295186 0.849547 0.015654 0.010360
0 0.756628 0.636404 0.020334 0.014032
0 0.290064 0.649481 0.014467 0.009520
0 0.933887 0.701727 0.017581 0.012316
0 0.513971 0.498289 0.015492 0.010661
0 0.388194 0.646329 0.018957 0.012731
0 0.427753 0.685531 0.016134 0.011396
0 0.266360 0.588726 0.014123 0.009647
0 0.684402 0.420406 0.018573 0.018090
0 0.694700 0.499572 0.019648 0.011439
0 0.466024 0.673600 0.022721 0.013654
0 0.591113 0.600057 0.017191 0.013211
0 0.345339 0.483989 0.017175 0.012541
0 0.439512 0.705952 0.018127 0.012634
0 0.497837 0.492396 0.016294 0.010377
0 0.584580 0.408325 0.016655 0.013077
0 0.450566 0.510148 0.016032 0.011085
0 0.285249 0.701930 0.016809 0.011748
0 0.494150 0.611610 0.017588 0.015306
0 0.585198 0.385057 0.013088 0.010241
0 0.294951 0.873465 0.016035 0.010185
0 0.515715 0.439729 0.018319 0.010856
0 0.435548 0.465651 0.017877 0.014074
0 0.690050 0.455503 0.017290 0.014349
0 0.307952 0.675134 0.017669 0.012956
0 0.568870 0.490738 0.014558 0.010277
0 0.444817 0.557720 0.017812 0.009636
0 0.244361 0.558626 0.014512 0.009343
0 0.407709 0.675045 0.016411 0.012968
0 0.590001 0.533284 0.017149 0.011520
0 0.672956 0.498861 0.017424 0.009736
0 0.265931 0.743989 0.015952 0.009825
0 0.355595 0.647436 0.016430 0.011090
0 0.219155 0.736726 0.014572 0.010122
0 0.270822 0.776577 0.017473 0.013057
0 0.315309 0.515979 0.016701 0.012040
0 0.367584 0.668592 0.017044 0.013384
0 0.264229 0.534636 0.014226 0.009941
0 0.433907 0.843364 0.020287 0.011321
0 0.432744 0.557210 0.020869 0.010718
0 0.223859 0.758832 0.015555 0.010477
0 0.535403 0.492913 0.015458 0.009594
0 0.222287 0.689755 0.012996 0.008986
0 0.641683 0.385133 0.015656 0.010809
0 0.491734 0.445234 0.015667 0.013525
0 0.516510 0.380814 0.016152 0.010988
0 0.397931 0.833560 0.014408 0.009375
0 0.560147 0.741252 0.017961 0.012683
0 0.588805 0.585155 0.017291 0.011734
0 0.479983 0.646036 0.015829 0.010692
0 0.793960 0.433678 0.016532 0.012329
0 0.243561 0.773198 0.015695 0.009866
0 0.928228 0.618184 0.018177 0.013099
0 0.776103 0.761717 0.027234 0.020540
0 0.556662 0.569223 0.015244 0.010431
0 0.470490 0.465375 0.016679 0.010716
0 0.490572 0.465344 0.019563 0.017753
0 0.572592 0.585327 0.018628 0.013219
0 0.585612 0.514732 0.019684 0.014279
0 0.178608 0.673427 0.015798 0.011314
0 0.502773 0.475070 0.015158 0.010432
0 0.543975 0.403414 0.013648 0.010563
0 0.567664 0.571366 0.019777 0.010912
0 0.205559 0.700597 0.014516 0.009992
0 0.965378 0.690625 0.017100 0.010022
0 0.201239 0.721831 0.015304 0.011846
0 0.657927 0.441933 0.013992 0.009273
0 0.491783 0.432560 0.015556 0.013919
0 0.623681 0.518981 0.016788 0.011779
0 0.349699 0.487900 0.017103 0.018241
0 0.229484 0.775226 0.014427 0.008856
0 0.580217 0.410895 0.022656 0.019193