1 0.289463 0.577436 0.050997 0.038214
1 0.061536 0.593525 0.054157 0.039639
1 0.118219 0.604395 0.049146 0.039065
1 0.277943 0.681182 0.057355 0.036282
1 0.668900 0.497732 0.051770 0.035378
0 0.400232 0.605612 0.019147 0.013313
0 0.121897 0.553152 0.018448 0.011607
0 0.322696 0.797506 0.013732 0.009290
0 0.232292 0.592302 0.016632 0.011347
0 0.320899 0.424681 0.023041 0.016858
0 0.338457 0.465263 0.016868 0.010431
0 0.578409 0.530905 0.015333 0.010485
0 0.528988 0.676656 0.015231 0.010025
0 0.180319 0.633310 0.015270 0.010353
0 0.156697 0.781848 0.018216 0.011791
0 0.526789 0.389013 0.024183 0.019069
0 0.355742 0.701163 0.014023 0.009396
0 0.198158 0.795712 0.015982 0.010625
0 0.582513 0.395899 0.016568 0.012001
0 0.540767 0.847902 0.019346 0.012766
0 0.206820 0.447607 0.017362 0.012003
0 0.424511 0.668830 0.018189 0.012679
0 0.379141 0.886199 0.025875 0.017653
0 0.523479 0.569877 0.018567 0.013468
0 0.545223 0.447480 0.019669 0.014036
0 0.042610 0.452881 0.022805 0.015964
0 0.521105 0.341199 0.021882 0.015480
0 0.237062 0.849026 0.017170 0.011801
0 0.432693 0.359282 0.019052 0.013902
0 0.076074 0.473319 0.017242 0.011380
0 0.365875 0.389445 0.022723 0.016176
0 0.322068 0.728209 0.015461 0.010779
0 0.214935 0.521948 0.019543 0.014031
0 0.281027 0.469411 0.020139 0.014662
0 0.437821 0.560186 0.019954 0.012661
0 0.195613 0.531129 0.016870 0.011222
0 0.329790 0.547207 0.016738 0.011239
0 0.595593 0.634259 0.014963 0.010711
0 0.618755 0.702999 0.016022 0.010189
0 0.309345 0.362828 0.020478 0.014454
0 0.371479 0.767882 0.017448 0.011542
0 0.140160 0.424597 0.017976 0.013327
0 0.106371 0.759616 0.019624 0.013271
0 0.466131 0.766669 0.013677 0.009914
0 0.153788 0.475487 0.017504 0.014940
0 0.201639 0.838250 0.016741 0.011190
0 0.443614 0.596039 0.017174 0.011631
0 0.419171 0.411831 0.015971 0.011477
0 0.577833 0.434087 0.018248 0.012881
0 0.625252 0.646603 0.014810 0.009701
0 0.294249 0.861511 0.017377 0.011746
0 0.322213 0.581565 0.015340 0.010030
0 0.213058 0.410584 0.016632 0.011122
0 0.355406 0.658311 0.014722 0.010939
0 0.299653 0.828634 0.016613 0.013218
0 0.131519 0.392549 0.018445 0.012492
0 0.416744 0.706149 0.022865 0.014682
0 0.486784 0.867607 0.018255 0.014243
0 0.593557 0.822501 0.016390 0.010614
0 0.345544 0.820788 0.015892 0.009727
0 0.248731 0.384198 0.017805 0.012559
0 0.427025 0.834323 0.015709 0.010459
0 0.569064 0.763706 0.015188 0.010499
0 0.564688 0.565709 0.018408 0.011962
0 0.451894 0.833503 0.016472 0.011111
0 0.496333 0.484854 0.016851 0.012091
0 0.504592 0.558507 0.016036 0.009736
0 0.583672 0.590208 0.013964 0.010016
0 0.213526 0.727925 0.014447 0.010260
0 0.190211 0.771848 0.015888 0.010495
0 0.151824 0.522148 0.020738 0.014401
0 0.222440 0.567240 0.014267 0.010041
0 0.329397 0.346673 0.014153 0.010044
0 0.465445 0.698980 0.014956 0.011674
0 0.273164 0.740968 0.020574 0.013720
0 0.530135 0.499949 0.019890 0.012522
0 0.292314 0.777943 0.017352 0.012639
0 0.519080 0.625084 0.017035 0.013279
0 0.345309 0.327951 0.014752 0.010895
0 0.106081 0.391304 0.018314 0.012471
0 0.634870 0.559160 0.015578 0.010575
0 0.445743 0.430199 0.015569 0.010431
0 0.244835 0.872496 0.018160 0.012533
0 0.171766 0.839330 0.015546 0.010044
0 0.508406 0.801894 0.016753 0.010705
0 0.260122 0.327406 0.017426 0.012320
0 0.502986 0.445205 0.015421 0.010657
0 0.184812 0.605558 0.013572 0.009418
0 0.485071 0.464381 0.020866 0.015709
0 0.449029 0.716717 0.015790 0.010155
0 0.477356 0.671266 0.018647 0.017053
0 0.667027 0.722376 0.013712 0.010519
0 0.369626 0.341414 0.014137 0.010308
0 0.577906 0.471659 0.018171 0.012638
0 0.350464 0.723005 0.012986 0.008749
0 0.270387 0.762060 0.015610 0.010138
0 0.463447 0.571537 0.015302 0.011027
0 0.089583 0.438037 0.020071 0.017556
0 0.410777 0.860317 0.016801 0.013661
0 0.487215 0.338344 0.016099 0.010530
0 0.304643 0.716288 0.013521 0.008889
0 0.213565 0.499551 0.017218 0.010520
0 0.102387 0.456903 0.018250 0.012915
0 0.534474 0.475240 0.015856 0.010416
0 0.241502 0.559310 0.017053 0.010774
0 0.524508 0.740972 0.014296 0.009912
0 0.542702 0.820723 0.015634 0.010948
0 0.254317 0.610222 0.014741 0.010033
0 0.157397 0.577290 0.014132 0.009056
0 0.645815 0.399306 0.018170 0.012207
0 0.646911 0.662506 0.012860 0.009266
0 0.217265 0.329890 0.017666 0.012162
0 0.236780 0.467480 0.020612 0.011600
0 0.480393 0.428979 0.017242 0.010641
0 0.273738 0.388581 0.016813 0.011190
0 0.413613 0.386594 0.016778 0.010453
0 0.040001 0.726108 0.019101 0.012534
0 0.399039 0.340267 0.014883 0.010320
0 0.221552 0.541428 0.014587 0.009208
0 0.338262 0.398697 0.015709 0.010897
0 0.684881 0.604687 0.012924 0.008785
0 0.388467 0.307056 0.014893 0.010366
0 0.252432 0.654226 0.017106 0.010374
0 0.621683 0.611253 0.013139 0.009433
0 0.271253 0.412933 0.020245 0.015220
0 0.505919 0.751052 0.018184 0.009391
0 0.479679 0.604400 0.017016 0.011173
0 0.391149 0.488476 0.017238 0.011895
0 0.546976 0.763281 0.015363 0.009590
0 0.444837 0.344853 0.016026 0.010157
0 0.602350 0.540294 0.014297 0.009510
0 0.011803 0.702653 0.018269 0.011497
0 0.601839 0.792075 0.013004 0.008878
0 0.374675 0.717207 0.014109 0.009318
0 0.605882 0.725564 0.018685 0.012482
0 0.215297 0.387693 0.021646 0.012979
0 0.437222 0.728540 0.013392 0.008446
0 0.155835 0.558231 0.020695 0.014933
0 0.391166 0.648644 0.018862 0.011722
0 0.301145 0.892166 0.024631 0.016974
0 0.411895 0.682338 0.014463 0.009739
0 0.362603 0.822398 0.017528 0.010793
0 0.591926 0.453846 0.015560 0.010142
0 0.251822 0.634450 0.016996 0.015069
0 0.397825 0.876032 0.018314 0.014283
0 0.156875 0.440605 0.017327 0.010679
0 0.368862 0.589287 0.016919 0.011434
0 0.011225 0.487240 0.016883 0.011241
0 0.077593 0.391379 0.017577 0.011725
0 0.183301 0.493315 0.018511 0.012530
1 0.580676 0.681996 0.049157 0.032556
0 0.188137 0.820687 0.021212 0.013876
0 0.396389 0.658410 0.020342 0.013470
0 0.366382 0.739523 0.015455 0.011001
0 0.210729 0.641941 0.018671 0.011822
0 0.301058 0.840605 0.014472 0.010499
0 0.692837 0.575230 0.023736 0.012845
0 0.199723 0.482803 0.019092 0.012310
0 0.603369 0.527814 0.015851 0.010810
0 0.055958 0.405875 0.017886 0.013404
0 0.350855 0.534966 0.016181 0.010788
0 0.459855 0.649487 0.014663 0.012454
0 0.441462 0.381553 0.016464 0.011344
0 0.470376 0.377575 0.015229 0.010518
0 0.455371 0.812528 0.014641 0.010084
0 0.388730 0.821540 0.014412 0.009112
0 0.495627 0.607985 0.017057 0.011848
0 0.494357 0.543819 0.014591 0.010422
0 0.508412 0.366048 0.015324 0.008912
0 0.688897 0.559126 0.012062 0.008794
0 0.629392 0.385435 0.016815 0.012615
0 0.616536 0.402192 0.016047 0.011203
0 0.171622 0.372804 0.015456 0.010845
0 0.148715 0.595926 0.014322 0.009609
0 0.403380 0.372815 0.016175 0.010924
0 0.346057 0.682895 0.014618 0.010460
0 0.588873 0.362673 0.024077 0.013836
0 0.629159 0.417721 0.020634 0.011589
0 0.388246 0.551479 0.013490 0.008800
0 0.673594 0.746984 0.013512 0.009282
0 0.196910 0.652951 0.015667 0.011090
0 0.110194 0.816198 0.016181 0.010633
0 0.521810 0.603111 0.014972 0.009857
0 0.494468 0.588166 0.014874 0.009339
0 0.195482 0.585446 0.013291 0.010073
0 0.560345 0.483440 0.015548 0.010744
0 0.557102 0.712547 0.021315 0.015541
0 0.377630 0.573073 0.012828 0.009449
0 0.502662 0.391574 0.018090 0.011904
0 0.386501 0.882547 0.039245 0.020678
0 0.603000 0.534829 0.015032 0.017318
0 0.716756 0.615017 0.013385 0.010852
0 0.249100 0.639588 0.018218 0.015048
0 0.479187 0.789838 0.022332 0.015395
0 0.437471 0.807231 0.015528 0.011517
0 0.341505 0.386560 0.013912 0.010216
0 0.293317 0.332834 0.013260 0.011822
0 0.521231 0.528391 0.014231 0.009061
0 0.210806 0.712112 0.013932 0.009350
0 0.302331 0.556494 0.017179 0.009923
1 0.007443 0.572959 0.014886 0.018705
0 0.709311 0.595261 0.011358 0.007488
0 0.439063 0.797543 0.013859 0.011571