0 0.758455 0.696660 0.018236 0.014471
0 0.513258 0.629516 0.021271 0.015536
0 0.738169 0.610565 0.018336 0.014824
0 0.458753 0.641212 0.020492 0.014852
0 0.342492 0.603509 0.018739 0.013166
0 0.462638 0.569008 0.015571 0.011071
0 0.705404 0.666836 0.014713 0.011306
0 0.277536 0.774267 0.019899 0.014893
0 0.606026 0.697980 0.017689 0.013938
0 0.723241 0.521559 0.016922 0.013969
0 0.827133 0.732213 0.018148 0.011871
0 0.811415 0.764357 0.019038 0.011877
0 0.338892 0.807511 0.018869 0.016116
0 0.285711 0.546992 0.014779 0.011519
0 0.446665 0.690544 0.021882 0.015281
0 0.570860 0.667984 0.015935 0.012509
0 0.362727 0.991277 0.018391 0.012422
0 0.808010 0.531371 0.014552 0.012776
0 0.585107 0.716839 0.017969 0.012409
0 0.580880 0.779912 0.015450 0.011649
0 0.606085 0.478921 0.017424 0.012889
0 0.577217 0.521785 0.015075 0.012059
0 0.611085 0.549757 0.019228 0.012996
0 0.445622 0.485786 0.012474 0.009821
0 0.490743 0.850821 0.019932 0.017232
0 0.519970 0.714519 0.019695 0.014611
0 0.248405 0.582863 0.013714 0.011035
0 0.478347 0.592230 0.019720 0.014255
0 0.431745 0.524565 0.020170 0.014861
0 0.506806 0.809283 0.020324 0.016734
0 0.452808 0.511109 0.016289 0.010784
0 0.785329 0.516185 0.010755 0.008768
0 0.730225 0.656040 0.013340 0.011026
0 0.582938 0.823329 0.016607 0.013818
0 0.684999 0.571778 0.017988 0.015064
0 0.485839 0.493305 0.014291 0.011366
0 0.439669 0.627773 0.014290 0.011038
0 0.555037 0.737089 0.015691 0.012204
0 0.393618 0.761637 0.018608 0.015466
0 0.319502 0.470794 0.012444 0.012474
0 0.508358 0.773302 0.018704 0.014793
0 0.395708 0.703319 0.014387 0.010760
0 0.790667 0.636804 0.015169 0.011163
0 0.650463 0.654784 0.016189 0.010011
0 0.530237 0.571363 0.015180 0.011234
0 0.373300 0.586060 0.013539 0.010095
0 0.177101 0.588716 0.015896 0.014455
1 0.518779 0.514085 0.025039 0.028169
1 0.725352 0.864437 0.034429 0.019953