1 0.406724 0.887853 0.069308 0.059374
1 0.125289 0.221937 0.088589 0.071550
0 0.595132 0.711514 0.023772 0.020590
0 0.627363 0.660357 0.023581 0.020735
0 0.404717 0.561871 0.025587 0.022327
0 0.595268 0.790220 0.023613 0.020654
0 0.579033 0.833369 0.023394 0.020392
0 0.805900 0.118233 0.023180 0.019171
0 0.233520 0.521708 0.024678 0.020467
0 0.218279 0.649765 0.022821 0.018828
0 0.863704 0.633943 0.025225 0.021481
0 0.502281 0.562084 0.024418 0.021732
0 0.337275 0.096782 0.021145 0.017747
0 0.605402 0.928823 0.022561 0.019505
0 0.208394 0.567347 0.025659 0.020134
0 0.434063 0.713868 0.023811 0.020576
0 0.693811 0.910171 0.024239 0.020548
0 0.810767 0.680917 0.026001 0.020370
0 0.833518 0.035309 0.025796 0.021379
0 0.719217 0.217188 0.023647 0.019541
0 0.754394 0.558694 0.026821 0.021616
0 0.914495 0.698642 0.025019 0.021194
0 0.667162 0.955853 0.022151 0.018413
0 0.759504 0.092204 0.025034 0.019262
0 0.555506 0.793088 0.022121 0.018930
0 0.576452 0.174881 0.027616 0.020097
0 0.370499 0.480741 0.023594 0.019411
0 0.291974 0.024389 0.020865 0.017357
0 0.975525 0.561696 0.026093 0.021746
0 0.985531 0.694374 0.022648 0.019421
0 0.362444 0.755980 0.024663 0.021788
0 0.471204 0.572210 0.024095 0.020301
0 0.395652 0.656323 0.025804 0.021049
0 0.558769 0.870234 0.023398 0.019111
0 0.820053 0.635649 0.023447 0.019356
0 0.830855 0.775743 0.024867 0.019214
0 0.647035 0.904829 0.019158 0.015689
0 0.527179 0.660207 0.021890 0.018168
0 0.400716 0.708411 0.021433 0.019426
0 0.560803 0.641315 0.035295 0.021481
0 0.926776 0.297245 0.027998 0.021438
0 0.577948 0.737386 0.023315 0.019188
0 0.920185 0.477430 0.024627 0.020906
0 0.969264 0.383241 0.022733 0.019816
0 0.905026 0.554280 0.026310 0.021449
0 0.867293 0.801457 0.023648 0.018890
0 0.229722 0.753774 0.022813 0.018173
0 0.907305 0.144529 0.023018 0.019169
0 0.816395 0.936263 0.021825 0.018180
0 0.314578 0.214506 0.025243 0.023416
0 0.325484 0.567368 0.029080 0.021817
0 0.511063 0.129835 0.025400 0.020203
0 0.641232 0.991085 0.023152 0.017829
0 0.263717 0.478884 0.023429 0.018352
0 0.499556 0.833863 0.030769 0.021485
0 0.341878 0.540036 0.022798 0.017949
0 0.405351 0.102086 0.022458 0.018888
0 0.285993 0.650455 0.024825 0.024711
0 0.989340 0.425184 0.021320 0.021017
0 0.021868 0.463672 0.030037 0.027370
0 0.872951 0.729716 0.026167 0.020985
0 0.319715 0.489107 0.028527 0.022394
0 0.149207 0.117754 0.019208 0.016190
0 0.673479 0.663779 0.022568 0.017419
0 0.468528 0.756142 0.022295 0.018826
0 0.835553 0.135221 0.022132 0.018437
0 0.310009 0.536804 0.022425 0.019049
0 0.315759 0.402690 0.025541 0.020593
0 0.276567 0.448850 0.022017 0.018102
0 0.612544 0.896807 0.021400 0.016910
0 0.321680 0.300981 0.025040 0.018941
0 0.262510 0.122638 0.021667 0.018809
0 0.208197 0.598672 0.022216 0.018648
0 0.461588 0.470022 0.023981 0.020609
0 0.540231 0.241536 0.023488 0.018694
0 0.765598 0.392942 0.021841 0.017865
0 0.667664 0.801743 0.020224 0.017304
0 0.495542 0.261287 0.022619 0.019080
0 0.283829 0.151924 0.025432 0.023278
0 0.761217 0.461429 0.029574 0.026428
0 0.915873 0.940320 0.023603 0.018727
0 0.379506 0.069354 0.020844 0.016821
0 0.682786 0.825552 0.022260 0.018279
0 0.415269 0.127846 0.024343 0.019642
0 0.583700 0.231968 0.033093 0.020214
0 0.532819 0.871694 0.019520 0.016525
0 0.331099 0.009964 0.023170 0.019928
0 0.836651 0.292189 0.020535 0.016334
0 0.559617 0.974911 0.027953 0.019880
0 0.248458 0.060587 0.021634 0.017895
0 0.243871 0.229635 0.023458 0.019370
0 0.307035 0.114454 0.021473 0.017378
0 0.988439 0.611255 0.022529 0.020979
0 0.547162 0.711812 0.027360 0.025765
0 0.512475 0.207655 0.025991 0.022056
0 0.857503 0.678699 0.031311 0.023129
0 0.233242 0.147661 0.022726 0.019603
0 0.470504 0.931479 0.023420 0.021192
0 0.833403 0.736910 0.034445 0.023310
0 0.654946 0.173556 0.025543 0.023487
0 0.973180 0.150660 0.023223 0.018410
0 0.483426 0.696654 0.021555 0.017973
0 0.380169 0.243895 0.024385 0.020631
0 0.881484 0.235129 0.021202 0.018605
0 0.642764 0.074058 0.025638 0.018531
0 0.942770 0.125606 0.027278 0.019898
0 0.792932 0.157565 0.019132 0.017933
0 0.209817 0.200702 0.023465 0.018091
0 0.933200 0.361707 0.024577 0.020389
0 0.284158 0.722474 0.023995 0.021227
0 0.964702 0.525916 0.023511 0.019524
0 0.504814 0.913031 0.022943 0.017856
0 0.807336 0.449788 0.023152 0.019042
0 0.801606 0.350399 0.023561 0.020119
0 0.865573 0.312236 0.022133 0.018401
0 0.670936 0.849020 0.034145 0.020170
0 0.357467 0.883543 0.019890 0.016102
0 0.903933 0.358516 0.024883 0.019856
0 0.150382 0.046648 0.017522 0.017409
0 0.422345 0.777715 0.027872 0.020338
0 0.774376 0.190580 0.022217 0.018102
0 0.751103 0.423551 0.027021 0.021172
0 0.159683 0.178165 0.021285 0.015704
0 0.850155 0.958870 0.022379 0.018211
0 0.512542 0.303855 0.027985 0.022523
0 0.207995 0.704621 0.018406 0.014437
0 0.845979 0.213339 0.025789 0.021343
0 0.470701 0.044304 0.023428 0.020722
0 0.183906 0.173237 0.019524 0.016428
0 0.140370 0.074424 0.018007 0.014973
0 0.941314 0.817817 0.022327 0.018887
0 0.480462 0.337225 0.025657 0.020610
0 0.245615 0.417518 0.038674 0.022786
0 0.081970 0.146273 0.018029 0.014650
0 0.347417 0.656486 0.024219 0.020145
0 0.861424 0.362633 0.023344 0.019834
0 0.575813 0.274421 0.021650 0.017681
0 0.626625 0.330397 0.023939 0.019665
0 0.235071 0.378060 0.023945 0.019376
0 0.270885 0.243746 0.019441 0.015434
0 0.312222 0.705592 0.018545 0.014244
0 0.461437 0.962754 0.019612 0.015838
0 0.800157 0.205690 0.026192 0.018853
0 0.421725 0.945635 0.021571 0.017566
0 0.849106 0.470020 0.029091 0.022882
0 0.602005 0.285332 0.023748 0.020444
0 0.191399 0.298399 0.022854 0.019081
0 0.319802 0.176493 0.023577 0.018292
0 0.045241 0.385019 0.023413 0.019998
0 0.284225 0.605540 0.023946 0.020101
0 0.320174 0.742049 0.024932 0.019598
0 0.962648 0.727911 0.027939 0.030250
0 0.506011 0.993896 0.020014 0.012208
0 0.486219 0.668945 0.027746 0.020403
0 0.393118 0.411687 0.022678 0.019112
0 0.492108 0.005635 0.024079 0.011270
0 0.550080 0.338292 0.026813 0.021088
0 0.477090 0.639232 0.023389 0.019250
0 0.701549 0.102020 0.021451 0.018297
0 0.689688 0.480330 0.022865 0.019054
0 0.186544 0.007394 0.018836 0.012884
0 0.745847 0.988199 0.028965 0.019015
0 0.789283 0.316051 0.022312 0.018743
0 0.863350 0.400210 0.023358 0.018072
0 0.284440 0.271863 0.029071 0.018885
0 0.308623 0.871287 0.017197 0.014674
0 0.811063 0.560072 0.019868 0.017325
0 0.233682 0.009088 0.019851 0.014731
0 0.335895 0.789026 0.019943 0.019301
1 0.800147 0.838044 0.061235 0.043507
0 0.475763 0.608077 0.035718 0.019011
0 0.875322 0.910107 0.023235 0.022616
0 0.685150 0.382660 0.019506 0.015714
0 0.733096 0.093522 0.020133 0.014182
0 0.524368 0.366379 0.026015 0.020724
0 0.581204 0.092373 0.018885 0.015391
0 0.878043 0.579750 0.027691 0.019478
0 0.830038 0.580707 0.027045 0.018792
0 0.381953 0.202731 0.025855 0.018041
0 0.914531 0.322905 0.021577 0.017554
0 0.844809 0.933519 0.020923 0.017855
0 0.794688 0.512946 0.021886 0.017051
0 0.753611 0.990979 0.029978 0.018041
1 0.646332 0.477332 0.058273 0.042462
0 0.329927 0.275196 0.027484 0.018741
0 0.532416 0.949721 0.023489 0.020096
1 0.879608 0.851633 0.071982 0.049519
0 0.935426 0.530630 0.031652 0.023371
0 0.865238 0.530429 0.025139 0.019379
0 0.839331 0.804428 0.018576 0.013850
0 0.825240 0.407245 0.030841 0.021610
0 0.479815 0.175684 0.024903 0.022482
0 0.992085 0.860118 0.015830 0.017397
0 0.939526 0.887809 0.021274 0.020318
0 0.335069 0.732169 0.019882 0.016803
0 0.821487 0.991925 0.020638 0.014322
0 0.427459 0.664245 0.021074 0.017715
0 0.795250 0.407320 0.020741 0.016419
0 0.202358 0.222928 0.021333 0.016746
0 0.884818 0.422521 0.024248 0.020151
0 0.322134 0.821893 0.016846 0.013911
0 0.360645 0.205403 0.030371 0.015807
0 0.489002 0.606025 0.035564 0.020412
0 0.776741 0.335459 0.020407 0.017581
0 0.604623 0.400002 0.023081 0.019183
0 0.298380 0.098110 0.017569 0.015290
0 0.972679 0.078090 0.021664 0.018621
0 0.683353 0.640308 0.021244 0.017231
0 0.917637 0.416286 0.030076 0.026067
0 0.822636 0.331701 0.019044 0.020885
0 0.208336 0.050786 0.025002 0.027023
0 0.934467 0.226344 0.029016 0.025115
0 0.350189 0.241024 0.021551 0.017460
0 0.667737 0.155086 0.020271 0.016349
0 0.832647 0.539926 0.024901 0.019987
0 0.284982 0.851848 0.018757 0.014190
0 0.222060 0.160788 0.025479 0.019165
0 0.672525 0.915232 0.022447 0.014664
0 0.882819 0.448097 0.027084 0.019872
0 0.812199 0.497814 0.022337 0.016976
0 0.272393 0.273514 0.031143 0.017209
0 0.247899 0.326636 0.022896 0.020779
0 0.826753 0.199615 0.022079 0.019686
0 0.514455 0.280412 0.019877 0.015633
0 0.820627 0.005363 0.020816 0.009648
0 0.430000 0.773903 0.025479 0.019618
0 0.234161 0.294627 0.025309 0.021408
0 0.964702 0.736747 0.024520 0.020462
0 0.240421 0.262080 0.018500 0.014781
0 0.099668 0.178263 0.020021 0.015957
0 0.125555 0.108753 0.017139 0.021082
0 0.039672 0.304464 0.019607 0.016096
0 0.096507 0.045365 0.021446 0.018185
0 0.624944 0.231868 0.019080 0.016224
0 0.493281 0.294586 0.027262 0.019118
0 0.297900 0.310241 0.021229 0.016700
0 0.174961 0.270846 0.023576 0.018365