1 0.360713 0.710063 0.048518 0.037389
1 0.505479 0.590024 0.053601 0.042069
1 0.171814 0.475426 0.055363 0.040030
0 0.231273 0.535226 0.021417 0.014295
0 0.392998 0.353020 0.020828 0.013680
0 0.348970 0.585935 0.019620 0.013528
0 0.198147 0.628618 0.017143 0.012017
1 0.264530 0.842453 0.053274 0.032903
0 0.179009 0.777364 0.016741 0.011729
1 0.461355 0.698102 0.052485 0.035879
0 0.288604 0.590546 0.016712 0.010850
0 0.356708 0.536206 0.017447 0.011319
1 0.340958 0.462212 0.035531 0.026062
0 0.262174 0.522225 0.019165 0.013072
0 0.406407 0.727959 0.017782 0.011878
0 0.311812 0.795019 0.016955 0.011999
0 0.429740 0.575691 0.017489 0.011286
0 0.365048 0.562653 0.017947 0.011350
0 0.588758 0.794345 0.016663 0.011931
0 0.343901 0.664085 0.016137 0.010897
0 0.147265 0.647530 0.017212 0.011739
0 0.163664 0.699416 0.017272 0.012307
0 0.205186 0.606070 0.018630 0.012781
0 0.146663 0.685611 0.017301 0.012985
0 0.530855 0.797908 0.017999 0.013115
1 0.514352 0.703285 0.056973 0.035067
0 0.456720 0.671464 0.014427 0.009843
0 0.443709 0.609958 0.020047 0.014674
0 0.628675 0.751434 0.017756 0.011555
0 0.422709 0.536995 0.017129 0.011056
0 0.390409 0.564218 0.018135 0.011935
0 0.496636 0.820575 0.016736 0.011915
0 0.530386 0.623107 0.019125 0.013550
0 0.392221 0.542518 0.018110 0.012603
0 0.389501 0.372848 0.017781 0.012260
0 0.121650 0.685504 0.015673 0.012267
0 0.311991 0.456658 0.015961 0.010673
0 0.369184 0.512657 0.017206 0.012022
0 0.604880 0.683366 0.019233 0.013626
0 0.112290 0.750355 0.015273 0.010072
0 0.110066 0.513807 0.016903 0.011966
0 0.585746 0.724434 0.016135 0.011475
0 0.172136 0.511895 0.020849 0.012242
0 0.317778 0.596960 0.017430 0.010634
0 0.139942 0.558960 0.017484 0.011508
0 0.246433 0.578418 0.015186 0.010090
0 0.535220 0.738792 0.017255 0.012790
0 0.283145 0.463915 0.017049 0.010930
0 0.538564 0.820525 0.017086 0.011353
0 0.077383 0.596118 0.015597 0.010254
0 0.339791 0.526633 0.015657 0.010367
0 0.336983 0.549571 0.016667 0.010381
0 0.196484 0.388678 0.017443 0.011597
0 0.098890 0.497207 0.014681 0.010358
0 0.108232 0.620916 0.017248 0.012026
0 0.504838 0.842086 0.018680 0.011625
0 0.479358 0.861288 0.018439 0.012800
0 0.306038 0.596442 0.018252 0.011414
0 0.163465 0.668470 0.014739 0.009836
0 0.299433 0.435760 0.018249 0.013162
0 0.166110 0.577403 0.015981 0.009511
0 0.180852 0.366247 0.019384 0.012100
0 0.104847 0.450807 0.015119 0.009991
0 0.108241 0.538435 0.017741 0.010739
0 0.418540 0.775670 0.022427 0.011525
0 0.113273 0.577352 0.014610 0.009717
0 0.273771 0.754592 0.016185 0.010057
0 0.252398 0.540835 0.020038 0.010111
0 0.323648 0.825555 0.016937 0.010745
0 0.409852 0.808784 0.016655 0.010361
0 0.310092 0.380978 0.015522 0.011255
0 0.104220 0.777963 0.015452 0.010613
0 0.163186 0.614160 0.017008 0.012300
0 0.299624 0.860616 0.016179 0.012365
0 0.298632 0.665189 0.016253 0.011412
0 0.231805 0.473845 0.018491 0.012688
0 0.088972 0.691180 0.016441 0.010530
0 0.303936 0.499916 0.014584 0.009678
0 0.246592 0.603683 0.013680 0.010455
0 0.107814 0.728018 0.015243 0.010492
0 0.241775 0.502780 0.015340 0.008755
0 0.441921 0.734754 0.015838 0.011585
0 0.286373 0.524606 0.018310 0.014799
0 0.221259 0.671682 0.015522 0.010585
0 0.045958 0.605937 0.015345 0.010256
0 0.545221 0.689446 0.018156 0.012046
0 0.048485 0.494444 0.017419 0.012489
0 0.453166 0.548358 0.017860 0.012682
0 0.320517 0.634830 0.015019 0.010700
0 0.293114 0.593343 0.026925 0.015257
0 0.550714 0.809266 0.017621 0.010617
1 0.578258 0.857606 0.040639 0.030005
0 0.531223 0.757630 0.015623 0.010672
0 0.276580 0.737202 0.015730 0.011986
0 0.119246 0.534281 0.017402 0.010660
0 0.646003 0.769341 0.016450 0.012026