0 0.469803 0.540618 0.020211 0.014960
0 0.298144 0.655692 0.023503 0.016512
0 0.371614 0.491681 0.019706 0.014462
0 0.323672 0.522020 0.018512 0.016220
0 0.548572 0.532836 0.022606 0.015936
0 0.294444 0.844949 0.016943 0.011783
0 0.339937 0.744321 0.018630 0.014236
0 0.765745 0.631141 0.018585 0.013448
0 0.486866 0.661393 0.017849 0.014331
0 0.645135 0.832031 0.021203 0.014510
0 0.461845 0.474181 0.020203 0.015115
0 0.712867 0.827838 0.018344 0.014587
0 0.854110 0.692475 0.017513 0.011307
0 0.512688 0.927179 0.019214 0.013426
0 0.764913 0.608314 0.021199 0.011353
0 0.543955 0.932739 0.018814 0.012148
0 0.486159 0.819886 0.017237 0.012242
0 0.187515 0.556951 0.014651 0.012842
0 0.552078 0.769149 0.019608 0.016937
0 0.629233 0.467839 0.024781 0.018320
0 0.680350 0.680899 0.016739 0.012727
0 0.349342 0.848950 0.017042 0.010817
0 0.800306 0.552435 0.021847 0.016221
0 0.560439 0.424916 0.022212 0.016098
0 0.638902 0.625569 0.016780 0.011386
0 0.585035 0.857658 0.022575 0.015111
0 0.739783 0.513496 0.019862 0.014643
0 0.743187 0.868301 0.021454 0.014965
0 0.677100 0.658927 0.022796 0.012166
0 0.380370 0.529515 0.020620 0.015909
0 0.655672 0.610469 0.020006 0.016111
0 0.586991 0.429704 0.020217 0.016393
0 0.366051 0.878484 0.016337 0.010651
0 0.536028 0.678927 0.023154 0.019024
0 0.267071 0.715212 0.015890 0.014053
0 0.391257 0.590227 0.020338 0.017910
0 0.150304 0.579423 0.015861 0.014175
0 0.537205 0.729047 0.018708 0.014108
0 0.898564 0.539255 0.021854 0.012420
0 0.326140 0.434893 0.019585 0.015495
0 0.682277 0.566382 0.016190 0.012472
0 0.760799 0.687972 0.024467 0.017855
0 0.892275 0.603033 0.020024 0.012363
0 0.614490 0.445466 0.015637 0.013024
0 0.754633 0.661240 0.019086 0.012684
0 0.291090 0.880182 0.017247 0.009270
0 0.348023 0.520720 0.026458 0.016764
0 0.400921 0.892860 0.021930 0.011338
0 0.537345 0.723821 0.021538 0.016280
0 0.874731 0.701255 0.013892 0.008648
0 0.393127 0.860400 0.017996 0.009237
0 0.254538 0.698058 0.020301 0.015301
0 0.724596 0.501701 0.019700 0.012957