0 0.491040 0.383962 0.024234 0.018878
0 0.677128 0.683564 0.019940 0.014271
0 0.508205 0.773206 0.020441 0.015382
0 0.438815 0.526559 0.022113 0.013864
0 0.570086 0.546263 0.024003 0.017119
0 0.621540 0.699880 0.017581 0.011977
0 0.895884 0.573015 0.018133 0.012384
0 0.360855 0.699305 0.016427 0.011013
0 0.579193 0.297202 0.022093 0.015016
0 0.438368 0.725064 0.018954 0.013504
0 0.624909 0.285776 0.025587 0.018501
0 0.794301 0.471571 0.026899 0.017721
0 0.358510 0.541544 0.018136 0.012398
0 0.544815 0.759658 0.023916 0.016552
0 0.888795 0.513097 0.017941 0.012292
0 0.539798 0.573585 0.022592 0.015898
0 0.561950 0.611442 0.018771 0.013483
0 0.492841 0.700256 0.019523 0.013617
0 0.676068 0.462786 0.016418 0.011712
0 0.436250 0.607701 0.018759 0.013545
0 0.616895 0.643047 0.019643 0.013958
0 0.831594 0.747566 0.015953 0.011336
0 0.538760 0.788710 0.022088 0.017323
0 0.357345 0.750078 0.016702 0.011284
0 0.765820 0.457452 0.016100 0.011235
0 0.462563 0.645338 0.017781 0.012273
0 0.462889 0.721452 0.018661 0.012968
0 0.414076 0.562390 0.019013 0.014040
0 0.664570 0.489356 0.018366 0.011535
0 0.753376 0.355496 0.024774 0.015134
0 0.353739 0.664674 0.015757 0.011029
0 0.504485 0.580072 0.017630 0.012342
0 0.401920 0.449830 0.017351 0.012883
0 0.743552 0.794657 0.023547 0.015144
0 0.501528 0.330434 0.019438 0.014589
0 0.681820 0.644434 0.020101 0.015706
0 0.436144 0.444424 0.025439 0.015224
0 0.381464 0.516504 0.016525 0.010661
0 0.226725 0.602405 0.017133 0.012975
0 0.462379 0.662467 0.019254 0.014700
0 0.726749 0.633782 0.016404 0.011017
0 0.797265 0.690338 0.016747 0.011269
0 0.795288 0.710807 0.018812 0.013528
0 0.299239 0.744894 0.016172 0.011631
0 0.559829 0.323786 0.019468 0.013222
0 0.254869 0.685307 0.017241 0.013673
0 0.702274 0.500121 0.016509 0.011757
0 0.578577 0.646023 0.019552 0.013065
0 0.832082 0.688981 0.016086 0.010709
0 0.340569 0.589310 0.022912 0.013013
0 0.164839 0.557969 0.016699 0.011572
0 0.719860 0.513392 0.014572 0.011226
0 0.253837 0.556834 0.016152 0.012060
0 0.682449 0.783567 0.017251 0.011970
0 0.349321 0.526775 0.017974 0.011905
0 0.271228 0.561475 0.019234 0.012945
0 0.524112 0.402461 0.027577 0.017615
0 0.811624 0.670978 0.017708 0.011666
0 0.620387 0.480653 0.017975 0.012865
0 0.414409 0.598406 0.016020 0.011202
0 0.660107 0.566057 0.023985 0.024564
0 0.487028 0.451491 0.017787 0.012558
0 0.818498 0.705297 0.018414 0.012647
0 0.568344 0.437806 0.017684 0.013251
0 0.341255 0.346567 0.019390 0.014978
0 0.610153 0.674303 0.015571 0.012601
0 0.462266 0.654089 0.022773 0.024126
0 0.494845 0.734891 0.019423 0.011682
0 0.791836 0.590901 0.015469 0.010514
0 0.731782 0.683804 0.017647 0.013595
0 0.527853 0.310144 0.018319 0.014968
0 0.790154 0.748173 0.016651 0.011241
0 0.454385 0.480749 0.016777 0.012575
0 0.409122 0.502212 0.018212 0.012941
0 0.621904 0.415671 0.017882 0.012823
1 0.415660 0.270776 0.040608 0.011552