1 0.277506 0.345678 0.032154 0.043333
0 0.379194 0.601979 0.011949 0.013936
1 0.071309 0.627208 0.031044 0.035264
0 0.304602 0.676428 0.011854 0.014805
0 0.346179 0.595474 0.013176 0.016130
0 0.396615 0.643401 0.011508 0.013456
0 0.199088 0.235839 0.014683 0.018271
1 0.354824 0.928985 0.033672 0.040426
1 0.336125 0.518813 0.027113 0.034375
0 0.292401 0.409585 0.011681 0.016234
0 0.484566 0.313690 0.013508 0.016846
0 0.235424 0.651084 0.013400 0.015823
0 0.216568 0.718642 0.010487 0.012421
0 0.313990 0.828291 0.011465 0.014971
0 0.332518 0.684661 0.012232 0.013714
0 0.060493 0.431462 0.015531 0.020220
0 0.484327 0.385939 0.012428 0.014623
0 0.078291 0.411338 0.012785 0.016468
0 0.415333 0.452891 0.011590 0.013690
0 0.491557 0.361347 0.011387 0.014979
0 0.507016 0.315261 0.013692 0.016456
0 0.330870 0.646107 0.012561 0.015558
0 0.294117 0.220881 0.013850 0.016789
0 0.325523 0.356879 0.013055 0.016294
0 0.396814 0.355812 0.012513 0.015435
0 0.079638 0.507130 0.012218 0.015149
0 0.247452 0.734472 0.012136 0.014551
0 0.419363 0.627147 0.011724 0.012965
0 0.207035 0.584419 0.012781 0.015105
0 0.357229 0.251780 0.012859 0.016130
0 0.240996 0.803717 0.010640 0.012198
1 0.453717 0.579452 0.027786 0.031003
0 0.199529 0.417477 0.012507 0.014965
0 0.295492 0.474433 0.013313 0.017328
0 0.490411 0.450784 0.011586 0.013804
0 0.521077 0.666247 0.011476 0.013794
0 0.145468 0.770427 0.012839 0.015596
0 0.501166 0.606462 0.011930 0.015540
0 0.459815 0.639951 0.010483 0.012944
0 0.348032 0.339093 0.013197 0.015903
0 0.188829 0.711010 0.011372 0.013105
0 0.105445 0.517505 0.014111 0.018924
0 0.357875 0.468245 0.011534 0.013798
0 0.390062 0.672836 0.012533 0.014804
0 0.441757 0.854580 0.013249 0.015003
0 0.259278 0.922885 0.013464 0.016254
0 0.343600 0.796029 0.011809 0.013493
0 0.584501 0.385871 0.016674 0.021138
0 0.190182 0.786085 0.011301 0.013482
0 0.545680 0.560834 0.012464 0.014838
0 0.410840 0.673615 0.011632 0.014823
0 0.406617 0.735137 0.011679 0.014097
0 0.520522 0.741191 0.011236 0.013808
0 0.529506 0.644222 0.010505 0.013219
0 0.364886 0.314964 0.011422 0.014028
0 0.476765 0.871034 0.012704 0.016003
0 0.379985 0.462984 0.012129 0.013690
0 0.417239 0.710201 0.010232 0.012525
0 0.326691 0.382784 0.012581 0.015620
0 0.573689 0.563679 0.011495 0.014709
0 0.215205 0.660348 0.011390 0.013741
0 0.108899 0.317190 0.016530 0.018495
0 0.309210 0.319768 0.014989 0.020290
0 0.164398 0.661609 0.011503 0.014462
0 0.288797 0.859393 0.012362 0.015896
0 0.057724 0.489427 0.013233 0.016109
0 0.119010 0.583987 0.013399 0.014482
0 0.074009 0.459779 0.013913 0.014873
0 0.095665 0.351185 0.013687 0.015969
0 0.266306 0.887743 0.013571 0.016899
0 0.276261 0.546323 0.012833 0.015472
0 0.442400 0.660665 0.011668 0.013537
0 0.515071 0.436198 0.011362 0.013818
0 0.127866 0.285630 0.014170 0.015752
0 0.159596 0.728738 0.010440 0.011949
0 0.246837 0.696988 0.011782 0.014239
0 0.497453 0.555015 0.011759 0.015451
0 0.128522 0.662112 0.011075 0.014158
0 0.259114 0.768631 0.010277 0.012391
0 0.350519 0.206233 0.011616 0.013849
0 0.435484 0.303019 0.011688 0.013896
0 0.327783 0.773600 0.009788 0.013256
0 0.606362 0.537864 0.012844 0.016355
0 0.516926 0.485324 0.011171 0.013334
0 0.263404 0.432636 0.011417 0.014572
0 0.396764 0.595609 0.009539 0.011750
0 0.406245 0.537461 0.011857 0.014772
0 0.431895 0.684138 0.011298 0.013699
0 0.486614 0.503820 0.010843 0.012889
0 0.550167 0.522438 0.012366 0.015820
0 0.109433 0.752791 0.011511 0.013110
0 0.187679 0.620610 0.010992 0.012144
0 0.337281 0.313690 0.011059 0.013923
0 0.183581 0.652139 0.011412 0.013440
0 0.240623 0.909071 0.013142 0.015622
0 0.441040 0.468415 0.010403 0.012293
0 0.548906 0.393773 0.013166 0.016791
0 0.377045 0.865958 0.013475 0.016277
0 0.388064 0.542973 0.010005 0.012909
0 0.380708 0.567061 0.009954 0.012145
0 0.248892 0.840710 0.013651 0.014986
0 0.360003 0.725465 0.011285 0.013390
0 0.429079 0.362933 0.010153 0.012538
0 0.397920 0.219989 0.014768 0.015768
0 0.428023 0.383766 0.011950 0.013979
0 0.246885 0.411015 0.012093 0.015182
0 0.463452 0.684216 0.011626 0.013837
0 0.140260 0.685969 0.012794 0.013804
0 0.149620 0.405729 0.014116 0.016107
0 0.341305 0.731708 0.009839 0.011537
0 0.293412 0.796342 0.011431 0.013889
0 0.375008 0.257754 0.014299 0.016551
0 0.156232 0.626495 0.011834 0.016015
0 0.222846 0.391569 0.012318 0.016054
0 0.135176 0.462818 0.010855 0.012270
0 0.391708 0.320502 0.013997 0.016304
0 0.234056 0.743279 0.009565 0.012271
0 0.271316 0.793399 0.011277 0.011974
0 0.246709 0.565382 0.012300 0.013741
0 0.189015 0.399316 0.011252 0.014236
0 0.176061 0.330880 0.010464 0.013613
0 0.535010 0.350481 0.012299 0.015237
0 0.447696 0.777337 0.010914 0.013988
0 0.199850 0.495193 0.013136 0.015440
0 0.473054 0.536492 0.010321 0.012444
0 0.226698 0.461571 0.011127 0.013276
0 0.483467 0.412601 0.011194 0.013095
0 0.504076 0.863205 0.012285 0.014930
0 0.390128 0.803308 0.011177 0.013874
0 0.508390 0.685823 0.010540 0.012748
0 0.175208 0.304329 0.010860 0.013496
0 0.221072 0.344588 0.011933 0.014131
0 0.589183 0.516928 0.010458 0.013807
0 0.267079 0.521133 0.011040 0.013981
0 0.253551 0.815320 0.011065 0.013308
0 0.165240 0.789466 0.010309 0.011444
0 0.319259 0.750886 0.010567 0.011758
0 0.229028 0.584777 0.011596 0.015486
0 0.565154 0.711400 0.010395 0.011981
0 0.431440 0.773480 0.009589 0.012459
0 0.093834 0.395605 0.011492 0.013917
0 0.428007 0.578261 0.010884 0.011515
0 0.227282 0.905904 0.011244 0.013507
0 0.399035 0.380971 0.011449 0.011808
0 0.553324 0.411489 0.010905 0.013549
0 0.358780 0.677731 0.010697 0.011760
0 0.194260 0.751565 0.011259 0.013816
0 0.119149 0.460135 0.013253 0.013611
0 0.360694 0.431091 0.011633 0.012217
0 0.146313 0.484646 0.012395 0.015373
0 0.527258 0.420825 0.010102 0.011866
0 0.477839 0.232336 0.016102 0.018903
0 0.170497 0.487615 0.009960 0.012029
0 0.343412 0.369802 0.012482 0.013978
0 0.434774 0.598748 0.009964 0.009670
0 0.345104 0.814915 0.010055 0.011548
0 0.391823 0.435518 0.010104 0.011232
0 0.235449 0.532648 0.013796 0.017403
0 0.601163 0.449614 0.013082 0.017609
0 0.291226 0.431594 0.010665 0.012972
0 0.108447 0.716317 0.010708 0.011386
0 0.367848 0.702599 0.009927 0.011510
0 0.286784 0.712874 0.013804 0.015070
0 0.544295 0.653129 0.010465 0.012205
0 0.205518 0.634004 0.010881 0.012798
0 0.416470 0.411803 0.009076 0.011346
0 0.389264 0.720155 0.012689 0.015221
0 0.217594 0.441701 0.011538 0.013717
0 0.359641 0.549278 0.010690 0.011847
0 0.432344 0.438916 0.014036 0.015705
0 0.127223 0.779141 0.010625 0.012123
0 0.390743 0.254074 0.011418 0.014010
0 0.409702 0.848675 0.011458 0.012427
0 0.393750 0.508461 0.011894 0.019400
0 0.170467 0.447529 0.010830 0.015039
0 0.254481 0.445964 0.011267 0.013180
0 0.472178 0.621215 0.011039 0.015112
0 0.390872 0.296756 0.010306 0.012804
0 0.427653 0.523436 0.013980 0.015053
0 0.368512 0.374507 0.016136 0.014647
0 0.354230 0.413538 0.009579 0.012223
0 0.178460 0.244175 0.012336 0.016626
0 0.485545 0.715192 0.011445 0.014268
0 0.095485 0.482976 0.011143 0.013132
0 0.280593 0.907775 0.014345 0.016689
0 0.287617 0.763480 0.011007 0.012819
0 0.509247 0.455488 0.009488 0.011627
0 0.297695 0.713005 0.012026 0.012750
0 0.392567 0.766526 0.009885 0.011657
0 0.096708 0.714590 0.010337 0.010402
0 0.272517 0.754487 0.009812 0.011319
0 0.556608 0.743447 0.010046 0.011886
0 0.093962 0.445466 0.010947 0.011856
0 0.414431 0.652933 0.012162 0.013983
0 0.454717 0.895697 0.012219 0.015276
0 0.530874 0.605577 0.010159 0.011843
0 0.178082 0.745623 0.010209 0.012296
0 0.467908 0.517267 0.010215 0.013092
0 0.233505 0.410121 0.012808 0.017682
0 0.441230 0.917437 0.012881 0.014809
0 0.272658 0.826496 0.011577 0.013592
0 0.418655 0.328616 0.013577 0.014566
0 0.216744 0.782335 0.009878 0.013268
0 0.180940 0.598071 0.011683 0.015148
0 0.221367 0.498617 0.010514 0.013337
0 0.233814 0.762077 0.009903 0.011264
0 0.093580 0.669995 0.011608 0.012521
0 0.125630 0.385550 0.012621 0.016083
0 0.429958 0.254675 0.012561 0.014356
0 0.171958 0.712650 0.009187 0.011117
0 0.501920 0.823895 0.010198 0.012269
0 0.175607 0.514206 0.013698 0.012602
0 0.558402 0.446088 0.010291 0.012068
0 0.587864 0.475452 0.010897 0.017981
0 0.458703 0.496154 0.009199 0.011404
0 0.103542 0.634375 0.009729 0.014818
0 0.138180 0.322181 0.018262 0.015683
0 0.117645 0.682917 0.011221 0.013839
0 0.516057 0.844289 0.011253 0.016736
0 0.210049 0.353136 0.011528 0.014543
0 0.383796 0.487834 0.011546 0.016406
0 0.298548 0.929890 0.013009 0.016408
0 0.180500 0.268730 0.011076 0.014032
0 0.173719 0.610184 0.010394 0.011950
0 0.568054 0.472987 0.009936 0.012101
0 0.108915 0.384974 0.010450 0.013367
0 0.327266 0.792829 0.009410 0.012355
0 0.137829 0.433872 0.010890 0.011961
0 0.334908 0.621510 0.011106 0.012160
0 0.471461 0.479111 0.010172 0.013053
0 0.365930 0.283398 0.010235 0.012174
0 0.456333 0.448726 0.012855 0.013581
0 0.489648 0.764097 0.010836 0.014079
0 0.419143 0.210916 0.013678 0.021710
0 0.416737 0.267101 0.010945 0.016766
0 0.323206 0.863418 0.010946 0.014563
0 0.499980 0.753563 0.011271 0.012678
0 0.358178 0.178358 0.021690 0.020954
0 0.521832 0.787567 0.009378 0.011175
0 0.291649 0.823621 0.009379 0.014476
0 0.600809 0.429719 0.012368 0.015905
0 0.126004 0.355662 0.010195 0.014251
0 0.500661 0.341089 0.010363 0.011874
0 0.596125 0.667402 0.010544 0.013725
0 0.514700 0.400133 0.009998 0.014431
0 0.538068 0.783569 0.010148 0.012676
0 0.383157 0.390778 0.009512 0.012739
0 0.527016 0.826307 0.010076 0.012612
0 0.365162 0.755126 0.014372 0.015789
0 0.534248 0.449028 0.014243 0.012827
0 0.435857 0.813751 0.010227 0.010950
0 0.488513 0.738500 0.009418 0.011058
0 0.548460 0.692771 0.009981 0.012253
0 0.104065 0.779970 0.009788 0.011100
0 0.547061 0.321096 0.013219 0.016565
0 0.239471 0.456505 0.011534 0.013549
0 0.177013 0.733056 0.010340 0.013838
0 0.326663 0.872456 0.012401 0.014477
0 0.572379 0.687927 0.010435 0.011338
0 0.465099 0.410293 0.017911 0.018170
0 0.527333 0.578017 0.009769 0.014121
0 0.378248 0.418144 0.015259 0.014116
0 0.500283 0.662505 0.010519 0.012968
0 0.233207 0.511574 0.010509 0.011738
0 0.153942 0.350165 0.009955 0.012668
0 0.084280 0.741057 0.011606 0.014111
0 0.453651 0.545623 0.011382 0.010671
0 0.170314 0.408783 0.012314 0.012090
0 0.248644 0.784508 0.008584 0.011931
1 0.357809 0.178552 0.020867 0.021405
0 0.201611 0.372571 0.011259 0.011782
0 0.387472 0.820618 0.011774 0.011278
0 0.532017 0.707626 0.011445 0.010627
0 0.262961 0.541374 0.014875 0.015023
0 0.183467 0.488588 0.010898 0.011336
0 0.415518 0.562388 0.012588 0.017370
0 0.586633 0.683059 0.010503 0.013225
0 0.119414 0.419270 0.011573 0.013118
0 0.219340 0.766966 0.009748 0.014062
0 0.082188 0.678783 0.010882 0.014029
0 0.534533 0.329102 0.011073 0.015306
0 0.407101 0.542714 0.011050 0.015287
0 0.392452 0.862803 0.010527 0.014121
0 0.086841 0.674520 0.014577 0.014135
0 0.113629 0.425177 0.011080 0.013655
0 0.536391 0.291992 0.012473 0.017699
0 0.073667 0.700820 0.010153 0.014530
0 0.238663 0.361619 0.012787 0.013968
0 0.522386 0.772623 0.014727 0.014331
0 0.361768 0.879519 0.012810 0.015605
0 0.434573 0.226207 0.012721 0.014809
0 0.560834 0.362933 0.010698 0.013964
0 0.422726 0.557160 0.012554 0.010814