0 0.579990 0.813937 0.025259 0.017833
0 0.581858 0.617063 0.030314 0.022862
0 0.562553 0.855374 0.024444 0.016649
0 0.603283 0.746664 0.025427 0.018451
0 0.404156 0.866792 0.025438 0.019323
0 0.366588 0.688539 0.026804 0.019705
0 0.270801 0.923112 0.031981 0.021776
0 0.541190 0.802055 0.025518 0.018307
0 0.645004 0.665831 0.020741 0.015092
0 0.489903 0.632045 0.031102 0.023561
0 0.364642 0.722561 0.026242 0.018529
0 0.453200 0.849550 0.021848 0.015670
0 0.718695 0.872924 0.027498 0.020460
0 0.546639 0.945749 0.029434 0.024571
0 0.372557 0.539321 0.026281 0.019550
0 0.730432 0.820200 0.023284 0.018764
0 0.221014 0.662705 0.030529 0.022890
0 0.241666 0.508697 0.026772 0.019183
0 0.251445 0.714705 0.031427 0.017781
0 0.338698 0.476365 0.026546 0.018585
0 0.345756 0.577989 0.021323 0.014777
0 0.630408 0.886913 0.032072 0.021110
0 0.706121 0.759423 0.033210 0.022542
0 0.343060 0.643700 0.021361 0.015546
0 0.651370 0.782651 0.020910 0.015305
0 0.527187 0.537879 0.028960 0.021606
0 0.232614 0.689361 0.019003 0.012188
0 0.740684 0.636459 0.020685 0.015800
0 0.663620 0.684484 0.018897 0.012705
0 0.186065 0.831371 0.029294 0.021927
0 0.623527 0.727239 0.023418 0.017196
0 0.176941 0.680787 0.017375 0.011827
0 0.747702 0.837401 0.022748 0.016034
0 0.350423 0.825874 0.034341 0.025310
0 0.451406 0.536515 0.025841 0.018793
0 0.738516 0.530390 0.030827 0.025547
0 0.617886 0.641279 0.017636 0.012212
0 0.675627 0.989400 0.020746 0.014724
0 0.678455 0.718533 0.026738 0.019135
0 0.422887 0.635303 0.020140 0.015374
0 0.593959 0.909502 0.022513 0.015974
0 0.467444 0.558849 0.036313 0.023204
0 0.183248 0.889452 0.024888 0.017662
0 0.378546 0.994410 0.025317 0.010873
0 0.636662 0.979155 0.019482 0.013051
0 0.574077 0.764576 0.017911 0.011353
0 0.645005 0.995830 0.021852 0.008339
0 0.612937 0.679755 0.020194 0.013225