1 0.728893 0.424746 0.059548 0.046538
1 0.273078 0.588099 0.053838 0.038389
1 0.863504 0.372791 0.055538 0.042023
0 0.739140 0.354796 0.023865 0.016335
0 0.519047 0.692178 0.020434 0.014132
0 0.511457 0.553643 0.021919 0.015030
0 0.423138 0.721265 0.021778 0.016302
0 0.422873 0.228419 0.021645 0.015097
0 0.422310 0.189591 0.024463 0.017084
1 0.641725 0.229892 0.046841 0.033412
0 0.455528 0.397269 0.020113 0.014126
0 0.546232 0.259498 0.028468 0.021439
0 0.380418 0.215575 0.019285 0.013495
0 0.476230 0.408020 0.020433 0.014574
0 0.619366 0.454098 0.019101 0.013765
0 0.585587 0.553831 0.019901 0.012558
0 0.505576 0.426831 0.021014 0.013743
0 0.486238 0.474738 0.018006 0.013098
0 0.590863 0.571464 0.020388 0.014695
0 0.496400 0.711035 0.023163 0.015464
0 0.543641 0.612260 0.020462 0.015701
0 0.640559 0.577699 0.019298 0.013253
0 0.467118 0.243255 0.030198 0.021952
0 0.289508 0.410311 0.029786 0.021967
0 0.594500 0.502137 0.019447 0.013780
0 0.483175 0.690255 0.020405 0.013447
1 0.361205 0.271695 0.047201 0.041687
0 0.615264 0.529316 0.018687 0.012502
0 0.369519 0.464842 0.019924 0.014150
0 0.334765 0.465217 0.019123 0.013054
0 0.639646 0.314594 0.022461 0.015384
0 0.427113 0.655919 0.018154 0.012643
0 0.321049 0.546078 0.018068 0.013073
0 0.747951 0.462699 0.021692 0.014853
0 0.294975 0.297250 0.021564 0.015411
0 0.432406 0.602916 0.016028 0.010632
0 0.171755 0.438306 0.019845 0.014436
0 0.258710 0.521535 0.019044 0.014066
0 0.482904 0.646716 0.018837 0.013456
0 0.356428 0.152811 0.019619 0.014856
0 0.552335 0.356238 0.026458 0.016383
0 0.706112 0.378372 0.020128 0.013771
0 0.379090 0.371286 0.030246 0.020431
0 0.710753 0.471500 0.020220 0.014310
0 0.502604 0.373654 0.018641 0.013835
0 0.454987 0.376996 0.020665 0.014548
0 0.155542 0.268633 0.020885 0.016497
0 0.341981 0.422080 0.019395 0.014863
0 0.488425 0.441307 0.020045 0.013083
0 0.231104 0.337602 0.019662 0.013353
0 0.677240 0.589171 0.021254 0.014506
0 0.373834 0.522201 0.016686 0.011727
0 0.589028 0.732462 0.024599 0.017824
0 0.534747 0.325457 0.018246 0.013078
0 0.448264 0.674632 0.017749 0.012991
0 0.299426 0.358061 0.018689 0.013107
0 0.214099 0.595254 0.016986 0.012091
0 0.238688 0.490551 0.017273 0.010892
0 0.392166 0.675704 0.019919 0.013760
0 0.480216 0.290396 0.019117 0.012899
0 0.475889 0.614900 0.018144 0.012854
0 0.557440 0.507010 0.019582 0.014275
0 0.631965 0.700458 0.021670 0.014908
0 0.499766 0.617231 0.022462 0.014906
0 0.555334 0.409679 0.020647 0.016138
0 0.521152 0.265274 0.023193 0.015952
0 0.389327 0.624548 0.023481 0.015431
0 0.257340 0.633725 0.017382 0.011913
0 0.435928 0.626733 0.015136 0.011455
0 0.180917 0.338056 0.020029 0.014079
0 0.389996 0.606553 0.016325 0.010646
0 0.531865 0.586074 0.017058 0.011974
0 0.712797 0.524141 0.020231 0.014837
0 0.216929 0.514950 0.020567 0.013428
0 0.442646 0.493772 0.016972 0.012443
0 0.466848 0.496659 0.024456 0.016322
0 0.203133 0.375992 0.027068 0.018234
0 0.112955 0.359005 0.020622 0.014341
0 0.273257 0.559983 0.016492 0.012215
0 0.419580 0.583878 0.015874 0.012002
0 0.243997 0.325700 0.018337 0.014042
0 0.786848 0.486930 0.019586 0.015244
0 0.343875 0.528812 0.021544 0.015892
0 0.403480 0.365762 0.019315 0.012554
0 0.250990 0.352454 0.018123 0.011372
0 0.252548 0.479076 0.016806 0.010530
0 0.197515 0.398977 0.028435 0.020874
0 0.260380 0.204025 0.024515 0.015439
0 0.135048 0.356170 0.021121 0.014448
0 0.280147 0.447431 0.017289 0.010799
0 0.309130 0.558919 0.015893 0.009480
0 0.406388 0.534980 0.017711 0.012502