1 0.242141 0.609912 0.056044 0.049234
1 0.400971 0.609021 0.056264 0.039076
1 0.156755 0.407131 0.060110 0.044306
0 0.419168 0.402756 0.019157 0.013295
0 0.515188 0.397497 0.019097 0.014776
0 0.437520 0.716699 0.018445 0.012383
0 0.456349 0.431785 0.020187 0.013989
0 0.122032 0.679015 0.018346 0.011475
0 0.372580 0.529113 0.019685 0.013767
0 0.487642 0.720926 0.019289 0.013455
0 0.486838 0.642811 0.018682 0.012738
0 0.198351 0.736189 0.020133 0.014599
0 0.680502 0.621310 0.018649 0.012510
1 0.716148 0.471538 0.044958 0.035575
0 0.598531 0.641350 0.019139 0.012646
0 0.359859 0.734568 0.020039 0.014330
0 0.679954 0.660304 0.020885 0.014574
1 0.102424 0.773758 0.056773 0.044951
0 0.630365 0.370302 0.021104 0.014090
0 0.559468 0.769485 0.020555 0.014391
0 0.488121 0.690706 0.027784 0.017962
0 0.368480 0.498742 0.018926 0.013816
0 0.577033 0.620966 0.018496 0.013104
0 0.610393 0.713107 0.020800 0.013988
0 0.427278 0.362771 0.018153 0.011983
0 0.651260 0.467244 0.017810 0.011937
0 0.136753 0.540281 0.018804 0.011767
0 0.369704 0.673075 0.019595 0.015464
0 0.325238 0.376839 0.022707 0.017463
0 0.438463 0.819764 0.022685 0.016081
0 0.449302 0.763843 0.022012 0.014422
0 0.142743 0.569576 0.019583 0.012875
0 0.337912 0.825774 0.026084 0.019173
0 0.468701 0.339622 0.017696 0.012668
1 0.251513 0.337750 0.101058 0.053727
0 0.635274 0.823016 0.020223 0.014438
0 0.312868 0.457096 0.019757 0.013844
0 0.598763 0.613774 0.018760 0.012541
0 0.090090 0.701287 0.018447 0.012220
0 0.578937 0.344121 0.019301 0.012913
0 0.297640 0.684807 0.019350 0.012921
0 0.575343 0.781288 0.020329 0.015036
0 0.493137 0.454714 0.021292 0.015758
0 0.045859 0.544914 0.019845 0.014068
0 0.011643 0.613586 0.020158 0.013627
0 0.446856 0.781020 0.019918 0.014180
0 0.767303 0.607680 0.018885 0.014789
0 0.443375 0.468566 0.019541 0.016529
0 0.349774 0.336953 0.018044 0.014270
0 0.107337 0.494949 0.021820 0.016345
0 0.452269 0.554880 0.020699 0.015469
0 0.568469 0.406368 0.019074 0.013864
0 0.143346 0.598051 0.021198 0.014896
0 0.360808 0.424652 0.024005 0.017495
0 0.179990 0.580418 0.018129 0.012274
0 0.658455 0.486339 0.018923 0.013098
0 0.637420 0.507799 0.020351 0.014553
0 0.646603 0.582784 0.017223 0.011713
0 0.131032 0.695565 0.018248 0.012566
0 0.489761 0.358414 0.018769 0.013417
0 0.620569 0.781271 0.017585 0.011890
0 0.624000 0.654820 0.019289 0.013855
0 0.526262 0.348610 0.017737 0.012696
0 0.387298 0.753786 0.018062 0.011197
0 0.030025 0.598120 0.018823 0.014280
0 0.391429 0.648292 0.016550 0.011413
0 0.620532 0.452984 0.016105 0.010480
0 0.139390 0.448066 0.019951 0.013461
0 0.684390 0.733845 0.018918 0.013521
0 0.570131 0.464825 0.016174 0.010717
0 0.514892 0.786250 0.025176 0.017845
0 0.100907 0.449433 0.019081 0.014493
0 0.553530 0.350116 0.017760 0.011999
0 0.078358 0.399572 0.020648 0.015585
0 0.561965 0.381851 0.027347 0.013907
0 0.016885 0.473894 0.019395 0.013664
0 0.568408 0.559172 0.019894 0.016062
0 0.202437 0.408395 0.021402 0.014364
0 0.607991 0.526861 0.018801 0.011934
0 0.531813 0.461503 0.018587 0.013331
0 0.249757 0.724402 0.023124 0.015700
0 0.727864 0.639820 0.020462 0.012528
0 0.453217 0.729317 0.017222 0.011173
0 0.148171 0.472210 0.021061 0.015085
0 0.311877 0.348317 0.020239 0.013225
0 0.689676 0.594871 0.015254 0.010430
0 0.396897 0.739718 0.018567 0.014030
0 0.745677 0.639765 0.018562 0.011719
0 0.478862 0.366012 0.019124 0.012020
0 0.487353 0.597660 0.021984 0.016716
0 0.346266 0.445138 0.018769 0.012484
0 0.202853 0.542082 0.015960 0.010439
0 0.617061 0.558037 0.017829 0.014216
0 0.343173 0.674318 0.019137 0.016487
0 0.403568 0.437482 0.016984 0.013483
0 0.739815 0.627850 0.017709 0.012457
0 0.682531 0.432251 0.021096 0.018301
0 0.318732 0.435869 0.020038 0.013714
0 0.488400 0.362527 0.023935 0.014977
0 0.596511 0.547457 0.018623 0.012450
0 0.612356 0.798575 0.017523 0.010769
0 0.422503 0.513890 0.016311 0.009863
0 0.446129 0.664891 0.017022 0.011677
0 0.755464 0.564023 0.019109 0.013157
1 0.526215 0.511236 0.027273 0.026462
0 0.291099 0.661399 0.019873 0.012259
0 0.022710 0.578501 0.019798 0.011175
0 0.298855 0.582477 0.014254 0.009724
0 0.405794 0.324377 0.037207 0.019782
0 0.511940 0.433280 0.015843 0.011217
0 0.499171 0.825550 0.021995 0.014900
0 0.146174 0.824368 0.027966 0.019408
0 0.148284 0.362196 0.017962 0.014247
0 0.615035 0.477144 0.019212 0.012261
0 0.690476 0.737028 0.029268 0.018270
0 0.735414 0.640062 0.031975 0.016257
0 0.699812 0.741558 0.021125 0.012535
0 0.742975 0.633323 0.023009 0.020897
0 0.440223 0.452968 0.018114 0.011907
0 0.587816 0.617560 0.037518 0.017353
0 0.298058 0.647020 0.013042 0.009275
0 0.123494 0.625648 0.021491 0.014967
0 0.106912 0.745677 0.019791 0.013259
0 0.247331 0.790091 0.018846 0.011703