1 0.170413 0.594058 0.051392 0.052935
1 0.834967 0.752428 0.051924 0.050872
1 0.897606 0.962430 0.055793 0.053421
0 0.457748 0.981495 0.019868 0.019877
0 0.385318 0.655946 0.017525 0.018038
0 0.922097 0.739157 0.020013 0.018207
0 0.625260 0.431042 0.020930 0.018249
0 0.754837 0.452572 0.018278 0.018094
0 0.977878 0.692807 0.020586 0.018187
0 0.976479 0.517420 0.019759 0.018622
0 0.917511 0.616868 0.015742 0.015138
0 0.763520 0.983185 0.021398 0.017948
0 0.856821 0.622895 0.018765 0.018620
0 0.513610 0.587686 0.019490 0.017149
0 0.737330 0.736126 0.019238 0.018089
0 0.357348 0.969037 0.015805 0.014993
0 0.340029 0.830240 0.014422 0.013778
0 0.678715 0.381334 0.016579 0.016283
0 0.833854 0.890443 0.018335 0.017277
0 0.911246 0.867338 0.017311 0.016548
0 0.580368 0.509409 0.017590 0.018349
0 0.510578 0.536361 0.019152 0.018944
0 0.989281 0.628410 0.015228 0.014954
0 0.439310 0.826915 0.016519 0.015704
0 0.751388 0.914477 0.016421 0.015999
0 0.577245 0.864967 0.021455 0.021070
0 0.833483 0.508223 0.015184 0.013798
0 0.517903 0.986470 0.017791 0.018325
0 0.335811 0.940114 0.016749 0.015332
0 0.572255 0.953510 0.019949 0.017718
0 0.484267 0.563318 0.018253 0.016426
0 0.713561 0.919610 0.016019 0.015345
0 0.745552 0.865252 0.016502 0.015171
1 0.819324 0.331520 0.059542 0.052843
0 0.564580 0.653192 0.021090 0.018755
0 0.589880 0.905584 0.020255 0.016541
0 0.957653 0.645087 0.019151 0.017014
0 0.664274 0.350537 0.018675 0.019193
0 0.431191 0.562417 0.018640 0.019433
0 0.593108 0.317698 0.015988 0.015971
0 0.754917 0.592419 0.025469 0.017648
0 0.698987 0.467778 0.015853 0.014929
0 0.659952 0.881882 0.018823 0.017961
0 0.251801 0.655727 0.015236 0.015049
0 0.797023 0.637604 0.018835 0.016411
0 0.697859 0.829516 0.019522 0.018254
0 0.809485 0.529515 0.018639 0.018124
0 0.724162 0.896334 0.018983 0.016859
0 0.310578 0.865269 0.013615 0.012025
0 0.657664 0.644214 0.019135 0.018667
0 0.558639 0.984707 0.018963 0.020257
0 0.978878 0.784056 0.014992 0.015640
0 0.830205 0.849840 0.015637 0.015174
0 0.342061 0.878749 0.012780 0.011645
0 0.672113 0.662467 0.017651 0.017601
0 0.958204 0.931236 0.016305 0.014675
0 0.688473 0.411648 0.019576 0.021182
1 0.179923 0.829480 0.047238 0.044592
0 0.642747 0.538518 0.017469 0.017452
0 0.624892 0.581222 0.017391 0.017475
0 0.694670 0.491768 0.018352 0.018701
0 0.938449 0.459242 0.019057 0.018165
0 0.792950 0.944341 0.020634 0.018248
0 0.739896 0.778185 0.016342 0.015090
0 0.795132 0.416223 0.014551 0.013743
0 0.700471 0.595190 0.017361 0.018149
0 0.306450 0.954087 0.014881 0.014304
0 0.859755 0.563559 0.017660 0.014282
0 0.638906 0.823717 0.018196 0.018308
0 0.514463 0.379127 0.015555 0.016450
0 0.665461 0.503722 0.015432 0.014281
0 0.455791 0.476836 0.019297 0.020044
0 0.324249 0.669329 0.015640 0.016153
0 0.496730 0.815457 0.014859 0.013150
0 0.336205 0.968785 0.015254 0.013410
0 0.888356 0.695849 0.015048 0.013928
0 0.390163 0.577570 0.016915 0.015144
0 0.896983 0.826814 0.017981 0.016581
0 0.328680 0.624674 0.017736 0.017120
0 0.222762 0.665534 0.015436 0.014380
0 0.827123 0.599898 0.014502 0.013192
0 0.976284 0.914025 0.015016 0.014771
0 0.295566 0.460348 0.015764 0.016298
0 0.307954 0.688234 0.018065 0.016671
0 0.420776 0.833736 0.015147 0.014311
0 0.694174 0.777957 0.017752 0.016822
0 0.877198 0.848797 0.015863 0.014704
0 0.499440 0.484981 0.017111 0.015335
0 0.394054 0.908779 0.015409 0.015100
0 0.653145 0.388929 0.019787 0.017927
0 0.938701 0.897259 0.020055 0.019994
0 0.156276 0.690734 0.014166 0.013267
1 0.215313 0.777621 0.069469 0.092644
0 0.460215 0.650747 0.016615 0.014935
0 0.841736 0.467723 0.015787 0.015219
0 0.776492 0.678533 0.015252 0.015490
0 0.545412 0.501942 0.015262 0.013119
0 0.850079 0.871981 0.014298 0.013996
0 0.654957 0.587929 0.015448 0.014609
0 0.628721 0.979751 0.020561 0.017896
0 0.992613 0.898133 0.014774 0.014687
0 0.178568 0.664028 0.015327 0.015757
0 0.750356 0.814018 0.020900 0.017974
0 0.716656 0.777665 0.014971 0.014169
0 0.631379 0.485281 0.025960 0.021074
0 0.569481 0.471997 0.020042 0.018416
0 0.536770 0.644663 0.016606 0.015649
0 0.799388 0.917105 0.017021 0.014799
0 0.990416 0.962112 0.017508 0.019203
0 0.298220 0.893640 0.013813 0.012458
0 0.664439 0.765046 0.015074 0.013352
0 0.399317 0.816806 0.020196 0.018180
0 0.521451 0.615501 0.016304 0.013026
0 0.830134 0.576522 0.016769 0.015302
0 0.816146 0.701773 0.015504 0.014834
0 0.699538 0.634800 0.021947 0.019816
0 0.416032 0.777748 0.017528 0.014849
0 0.518059 0.779157 0.013974 0.013898
0 0.301402 0.814379 0.020909 0.014241
0 0.573303 0.930541 0.015963 0.015132
0 0.480276 0.743881 0.017160 0.016307
0 0.735919 0.990419 0.018431 0.017076
0 0.870267 0.704319 0.013896 0.012500
0 0.555117 0.892027 0.013432 0.012381
0 0.962677 0.409393 0.014665 0.015118
0 0.707711 0.325688 0.016089 0.015540
0 0.581421 0.563701 0.020532 0.016933
0 0.560920 0.833655 0.016452 0.015233
0 0.763817 0.640189 0.015260 0.014833
0 0.353402 0.661305 0.015463 0.016095
0 0.562482 0.293329 0.022371 0.018112
0 0.870808 0.826625 0.016553 0.014661
0 0.506829 0.917520 0.015101 0.015137
0 0.484679 0.643259 0.019443 0.016961
0 0.703364 0.808824 0.015862 0.015564
0 0.906548 0.551493 0.013896 0.012603
0 0.627624 0.866697 0.014488 0.013129
0 0.337657 0.582613 0.014387 0.013643
0 0.600034 0.806174 0.019187 0.017180
0 0.286238 0.852135 0.015247 0.014154
0 0.860228 0.528819 0.019124 0.020032
1 0.825547 0.396176 0.038303 0.032913
0 0.738360 0.536871 0.020944 0.018286
0 0.928788 0.709579 0.017600 0.016615
0 0.591671 0.585867 0.017212 0.014674
0 0.543610 0.811736 0.015911 0.014137
0 0.927240 0.561585 0.014797 0.015361
0 0.672687 0.563633 0.017292 0.014621
0 0.678444 0.955193 0.015373 0.016812
0 0.638518 0.940009 0.015996 0.014171
0 0.789473 0.614181 0.014954 0.013637
0 0.604624 0.649002 0.016381 0.015727
0 0.317018 0.972067 0.013580 0.012310
0 0.613894 0.541880 0.014484 0.013519
0 0.353237 0.611461 0.016024 0.014107
0 0.527044 0.485673 0.014374 0.014801
0 0.929341 0.439044 0.015193 0.014119
1 0.407950 0.327693 0.042286 0.041891
0 0.650258 0.958301 0.016576 0.016620
0 0.263418 0.503816 0.014540 0.013728
0 0.884288 0.551935 0.014905 0.012467
0 0.304278 0.491129 0.015708 0.013841
0 0.576987 0.343348 0.018492 0.021981
0 0.672521 0.747649 0.015017 0.013344
0 0.249459 0.712724 0.015009 0.014504
0 0.695965 0.992770 0.016223 0.012770
0 0.445026 0.911698 0.015527 0.013456
0 0.797026 0.693013 0.015898 0.016146
0 0.482074 0.917236 0.015342 0.014439
0 0.610351 0.618192 0.017568 0.019045
0 0.986561 0.588457 0.016929 0.021625
0 0.409379 0.623529 0.015962 0.016316
0 0.547902 0.412855 0.020538 0.019115
0 0.962105 0.385983 0.016520 0.015925
0 0.729484 0.836652 0.019616 0.018190
0 0.766691 0.385654 0.018446 0.020506
0 0.384201 0.773861 0.016790 0.015229
0 0.615834 0.521329 0.016041 0.014459
0 0.956705 0.675976 0.016764 0.014066
0 0.689582 0.683231 0.015187 0.016259
0 0.885631 0.729679 0.014656 0.013170
0 0.343022 0.759079 0.024778 0.019080
0 0.282413 0.490783 0.020398 0.018485
0 0.992009 0.813705 0.015472 0.017756
0 0.584035 0.451792 0.016249 0.014744
0 0.866175 0.957850 0.015942 0.015063
0 0.218033 0.899103 0.014565 0.014818
0 0.243870 0.874802 0.013927 0.012328
0 0.457979 0.520107 0.021372 0.016227
0 0.447001 0.749746 0.016670 0.015815
0 0.304322 0.753076 0.015243 0.014410
0 0.626597 0.749172 0.016397 0.016513
0 0.696056 0.522890 0.021685 0.019825
0 0.604503 0.982984 0.014526 0.014641
0 0.813671 0.825195 0.018408 0.017384
0 0.911764 0.519605 0.014305 0.013131
0 0.777286 0.744357 0.018553 0.015905
0 0.357214 0.566068 0.018312 0.018665
0 0.811678 0.619394 0.014163 0.012980
0 0.387401 0.796721 0.014799 0.012933
0 0.431656 0.901917 0.015909 0.015106
0 0.541421 0.732806 0.014775 0.013896
0 0.389496 0.746396 0.014793 0.014845
0 0.208551 0.991186 0.013814 0.012078
0 0.969668 0.966293 0.014375 0.012444
0 0.555242 0.528245 0.020747 0.024539
0 0.778008 0.967215 0.017548 0.015596
0 0.623147 0.654546 0.015001 0.014829
0 0.817266 0.810306 0.018850 0.018942
0 0.865411 0.498842 0.014623 0.013269
0 0.479480 0.285097 0.019133 0.019734
0 0.601641 0.671678 0.016315 0.015403
0 0.909497 0.586604 0.018435 0.013295
0 0.515939 0.649789 0.017591 0.013912
0 0.855799 0.600979 0.014849 0.013855
0 0.568057 0.751418 0.015645 0.013860
0 0.815552 0.818010 0.022996 0.028782
0 0.565349 0.736158 0.015634 0.018186
0 0.898871 0.901725 0.022721 0.022802
0 0.461274 0.453876 0.016080 0.016548
0 0.784114 0.917952 0.022020 0.014775
0 0.908627 0.488197 0.017530 0.018027
0 0.550954 0.775561 0.015051 0.013872
0 0.358234 0.595902 0.017803 0.015824
0 0.234617 0.474716 0.018676 0.019024
0 0.526879 0.465513 0.015080 0.015242
0 0.960324 0.987401 0.023482 0.017970
0 0.600343 0.754776 0.015212 0.015809
0 0.435345 0.420412 0.019320 0.017845
0 0.940114 0.518222 0.014910 0.020863
0 0.514386 0.704991 0.014385 0.014181
0 0.748426 0.516473 0.015235 0.013796
0 0.507633 0.856387 0.015509 0.013874
0 0.201030 0.854361 0.013914 0.011403
0 0.439460 0.611522 0.022825 0.017950
0 0.859203 0.929947 0.014873 0.015902
0 0.128456 0.683960 0.016653 0.017349
0 0.907748 0.697216 0.016597 0.014475
0 0.680919 0.707974 0.017326 0.014377
0 0.260223 0.926636 0.014281 0.018876
0 0.191350 0.893565 0.011716 0.010681
0 0.798039 0.448285 0.022694 0.015555
0 0.502037 0.608685 0.014072 0.012402
0 0.983727 0.408228 0.014367 0.015379
0 0.451520 0.618109 0.017740 0.014906
0 0.424737 0.742667 0.016543 0.015227
0 0.273904 0.628354 0.021465 0.019362
0 0.546360 0.353501 0.022766 0.021884
0 0.531541 0.269073 0.013920 0.013150
0 0.795681 0.546248 0.018631 0.020699
0 0.549681 0.706550 0.017469 0.017011
0 0.950052 0.950417 0.017580 0.013492
0 0.355815 0.605319 0.022225 0.026062
0 0.617760 0.276275 0.012792 0.012589
0 0.420834 0.604638 0.018107 0.017737
0 0.156135 0.862644 0.014219 0.017396
0 0.503055 0.457080 0.016243 0.014097
0 0.430170 0.830848 0.034457 0.020020
0 0.483405 0.370814 0.016038 0.014835
0 0.548021 0.840584 0.015864 0.013076
0 0.430123 0.608252 0.024248 0.019177
0 0.721021 0.541980 0.016763 0.012934
0 0.449791 0.353785 0.016943 0.015062
0 0.705030 0.778321 0.033740 0.017515
0 0.494439 0.636874 0.016069 0.014994
0 0.806640 0.449495 0.020518 0.014375
0 0.981875 0.424014 0.016428 0.014972
0 0.477597 0.890250 0.016845 0.018323
0 0.258688 0.878005 0.012721 0.011345
0 0.440032 0.908599 0.021800 0.020253
0 0.292725 0.492252 0.032879 0.018384
0 0.828287 0.433497 0.017955 0.014530
0 0.358394 0.712703 0.021088 0.019552
0 0.628547 0.294570 0.014926 0.014569
0 0.680543 0.596765 0.016357 0.017230
0 0.471718 0.782033 0.013919 0.013493
0 0.198593 0.912781 0.015161 0.011383
0 0.503453 0.725388 0.015301 0.013926
0 0.198370 0.956999 0.013946 0.013601
0 0.186891 0.916915 0.014680 0.011756
0 0.409864 0.890934 0.016259 0.015380
0 0.262085 0.920706 0.015823 0.015724
0 0.982555 0.416530 0.018774 0.027172
0 0.291196 0.814544 0.016259 0.013167
0 0.372334 0.552536 0.017374 0.014446
0 0.151931 0.718026 0.011335 0.010445
0 0.251867 0.440005 0.019222 0.019037
0 0.552592 0.534715 0.018379 0.016507
0 0.357568 0.854605 0.014119 0.014539
0 0.175096 0.704972 0.016662 0.017935
0 0.857972 0.534415 0.016676 0.017026
0 0.705603 0.705813 0.013891 0.013810
0 0.973712 0.662462 0.014644 0.014040
0 0.490500 0.859685 0.016370 0.014055