1 0.340211 0.529939 0.036479 0.048837
1 0.642876 0.521663 0.038620 0.045349
1 0.427757 0.849353 0.036304 0.052145
1 0.269411 0.421303 0.046274 0.060689
1 0.306688 0.802229 0.060445 0.076593
1 0.341213 0.142670 0.042914 0.049152
0 0.353550 0.475419 0.014149 0.017704
0 0.440595 0.534365 0.013668 0.016251
0 0.642747 0.358432 0.012745 0.016533
1 0.528221 0.411731 0.032152 0.043322
0 0.371525 0.571589 0.013909 0.017634
1 0.401216 0.667647 0.033511 0.040963
0 0.453848 0.340200 0.013511 0.019237
0 0.553864 0.276149 0.015218 0.021554
0 0.573772 0.777700 0.011793 0.014229
0 0.532597 0.596578 0.014548 0.018593
0 0.317515 0.410235 0.012824 0.017712
0 0.547076 0.507240 0.021578 0.026610
0 0.615715 0.679272 0.013167 0.017088
0 0.217710 0.664128 0.017390 0.020449
0 0.240570 0.439938 0.011876 0.016983