1 0.019712 0.527116 0.039424 0.050200
1 0.790031 0.833454 0.048718 0.046765
0 0.347445 0.653752 0.014106 0.011968
1 0.975174 0.422475 0.042209 0.037152
0 0.340794 0.483918 0.019247 0.017013
0 0.538411 0.449318 0.017720 0.014417
0 0.420116 0.491185 0.019190 0.017512
0 0.185474 0.491494 0.014738 0.013393
0 0.562370 0.700186 0.019461 0.016257
0 0.211215 0.300850 0.016125 0.014044
0 0.138052 0.555431 0.014391 0.012049
0 0.487128 0.292210 0.014542 0.013007
0 0.575830 0.521480 0.016705 0.014383
0 0.443317 0.742537 0.014026 0.011350
0 0.129919 0.321344 0.016673 0.014540
0 0.218517 0.487889 0.016529 0.014792
0 0.120412 0.293949 0.015785 0.014428
0 0.573533 0.832667 0.015525 0.013970
0 0.304217 0.605770 0.015305 0.013564
0 0.524748 0.477806 0.016102 0.013230
0 0.863062 0.503758 0.018692 0.014919
0 0.164424 0.593946 0.013840 0.012061
0 0.397778 0.646841 0.015451 0.013902
0 0.629746 0.687646 0.014728 0.013105
0 0.513410 0.105688 0.015987 0.014661
0 0.417503 0.765862 0.014939 0.012843
0 0.543388 0.677546 0.015254 0.012129
0 0.102567 0.450605 0.016953 0.015522
0 0.513176 0.498577 0.016473 0.015006
0 0.125293 0.584264 0.013204 0.011749
1 0.672692 0.352881 0.045904 0.041623
0 0.442191 0.699113 0.015284 0.013293
0 0.117902 0.372075 0.017050 0.015755
0 0.129277 0.500839 0.015654 0.014391
0 0.652377 0.642405 0.014623 0.013005
0 0.330732 0.821393 0.013260 0.012272
0 0.854727 0.360776 0.017061 0.015164
0 0.753044 0.573170 0.017860 0.018498
0 0.446628 0.788721 0.013862 0.012103
0 0.611464 0.530895 0.015382 0.013559
0 0.275423 0.319241 0.015766 0.014705
0 0.232553 0.781718 0.012876 0.011197
0 0.692955 0.280133 0.015951 0.014143
1 0.590643 0.637494 0.053971 0.048353
0 0.350195 0.286712 0.014689 0.013255
0 0.338228 0.361389 0.018593 0.015259
0 0.166414 0.367812 0.015965 0.015695
0 0.233100 0.830087 0.015298 0.013956
1 0.264256 0.535369 0.060265 0.049573
0 0.694998 0.526817 0.015684 0.013486
0 0.201642 0.256885 0.017219 0.016118
0 0.508732 0.240817 0.014992 0.012595
0 0.670340 0.785360 0.013666 0.012630
0 0.688567 0.488615 0.016037 0.014909
0 0.252480 0.851802 0.015136 0.013431
0 0.202273 0.857406 0.014252 0.012919
0 0.415115 0.737760 0.014829 0.013070
0 0.404072 0.845866 0.013893 0.011663
0 0.488241 0.744741 0.014600 0.013027
0 0.490076 0.266055 0.014685 0.013273
0 0.606476 0.499522 0.014670 0.013268
0 0.157735 0.791737 0.014287 0.011699
0 0.053974 0.390733 0.015848 0.014328
0 0.405061 0.369108 0.014877 0.012391
0 0.326958 0.747326 0.014123 0.012766
0 0.489165 0.654664 0.015405 0.013496
0 0.058187 0.367882 0.015203 0.014764
0 0.594742 0.802210 0.013989 0.011930
1 0.522768 0.583645 0.085914 0.082699
1 0.562410 0.258526 0.046939 0.045364
0 0.764960 0.650984 0.015206 0.015584
0 0.109033 0.527331 0.014073 0.012918
0 0.373222 0.637777 0.014709 0.012580
0 0.442205 0.299252 0.018217 0.015245
0 0.444497 0.068821 0.015814 0.013559
0 0.744275 0.333778 0.015787 0.014200
0 0.632289 0.795463 0.015105 0.013283
0 0.197557 0.720788 0.013898 0.012518
0 0.118489 0.652510 0.014059 0.012325
0 0.296750 0.881873 0.013855 0.013100
0 0.585206 0.175702 0.016062 0.013493
0 0.631128 0.825040 0.016094 0.013958
0 0.161661 0.540043 0.016765 0.016835
0 0.193513 0.790825 0.014012 0.012334
0 0.522938 0.274090 0.014912 0.013267
0 0.194111 0.227681 0.021827 0.018545
0 0.495243 0.717340 0.017263 0.014930
0 0.345328 0.615948 0.015387 0.013061
0 0.548509 0.416802 0.019186 0.019124
0 0.398450 0.668232 0.015936 0.013449
0 0.778903 0.342320 0.014965 0.012756
0 0.455746 0.096254 0.016084 0.014078
0 0.404105 0.398547 0.014770 0.013126
0 0.687159 0.400409 0.014719 0.013404
0 0.261838 0.896452 0.014194 0.012373
0 0.901110 0.461918 0.014480 0.011867
1 0.428530 0.429831 0.041847 0.037482
0 0.617231 0.605382 0.014392 0.011495
0 0.431705 0.607302 0.021664 0.017044
0 0.737982 0.405083 0.014151 0.012515
0 0.641823 0.205348 0.014673 0.011976
0 0.728000 0.563318 0.015150 0.014188
0 0.618997 0.724366 0.014434 0.013216
0 0.504920 0.645222 0.015667 0.014894
0 0.241200 0.437460 0.017737 0.015546
0 0.244933 0.258696 0.017831 0.019160
0 0.073788 0.434005 0.017823 0.018124
0 0.338315 0.765215 0.013563 0.011152
0 0.897931 0.575719 0.014203 0.011877
0 0.887498 0.496810 0.014834 0.013338
0 0.540092 0.654375 0.014143 0.012042
0 0.055853 0.585450 0.015119 0.013681
0 0.660093 0.416273 0.017622 0.014708
0 0.554705 0.062983 0.016849 0.015400
0 0.614261 0.196692 0.015388 0.017004
0 0.296575 0.579643 0.014747 0.012582
0 0.812294 0.756981 0.015034 0.012858
0 0.937756 0.347583 0.013960 0.013096
0 0.052253 0.459654 0.015888 0.015400
0 0.731927 0.525108 0.020333 0.016101
0 0.362445 0.499423 0.016519 0.014815
0 0.108785 0.409416 0.015662 0.016211
0 0.284441 0.743231 0.014437 0.012562
0 0.394300 0.806962 0.013829 0.012256
1 0.663105 0.122825 0.048057 0.039091
0 0.760062 0.369622 0.013415 0.011605
0 0.478804 0.520813 0.020270 0.015673
0 0.195975 0.544615 0.015979 0.014164
0 0.441990 0.354490 0.015384 0.015771
0 0.721296 0.355222 0.020473 0.014282
0 0.459378 0.178113 0.015240 0.013202
0 0.828591 0.628333 0.014595 0.013590
0 0.168687 0.748893 0.013477 0.011894
0 0.325278 0.795764 0.013368 0.011014
0 0.491122 0.690126 0.015059 0.011728
0 0.468202 0.539051 0.016664 0.014159
0 0.965647 0.527429 0.014229 0.012807
0 0.619025 0.268988 0.014868 0.013285
0 0.203810 0.182844 0.014269 0.014532
0 0.364976 0.313369 0.016237 0.016945
0 0.119728 0.248132 0.018165 0.018730
0 0.284830 0.692665 0.016416 0.013365
0 0.209672 0.824377 0.014524 0.011966
0 0.803113 0.531173 0.016004 0.014039
0 0.317752 0.876623 0.014040 0.011482
0 0.371964 0.802769 0.012620 0.010163
0 0.828625 0.264663 0.013703 0.012451
0 0.277948 0.593904 0.013574 0.011843
0 0.563091 0.145712 0.016846 0.013949
0 0.395207 0.708726 0.014483 0.012548
1 0.308984 0.195075 0.040432 0.040752
0 0.296611 0.297660 0.014112 0.012163
0 0.645297 0.377971 0.018169 0.014332
0 0.572835 0.409138 0.015845 0.016255
0 0.791163 0.624618 0.014077 0.013122
0 0.430675 0.122500 0.022398 0.021146
0 0.399335 0.439874 0.016103 0.014275
0 0.374342 0.682209 0.016143 0.014582
0 0.262540 0.278091 0.016575 0.013706
0 0.808369 0.301183 0.014252 0.012132
0 0.580240 0.113131 0.016354 0.013966
0 0.427900 0.383114 0.016190 0.012650
0 0.311820 0.852277 0.013201 0.011403
0 0.368963 0.833547 0.014336 0.013517
0 0.455524 0.597428 0.019002 0.015842
0 0.020454 0.454330 0.014369 0.013775
0 0.716070 0.187607 0.014571 0.013270
0 0.054074 0.522486 0.013848 0.011968
0 0.740532 0.660273 0.014099 0.013346
0 0.610115 0.663893 0.013974 0.010994
0 0.219891 0.214906 0.015640 0.014831
0 0.522983 0.192221 0.014097 0.011867
0 0.169424 0.276044 0.017476 0.015563
0 0.544112 0.498532 0.014769 0.012441
0 0.928616 0.500348 0.017373 0.014313
0 0.367697 0.401853 0.014931 0.012258
0 0.668591 0.482726 0.015485 0.013721
0 0.515316 0.133484 0.021816 0.016860
0 0.930529 0.452426 0.017634 0.012310
0 0.717161 0.875878 0.015522 0.012967
0 0.675574 0.309232 0.014162 0.012753
0 0.151882 0.441662 0.022150 0.018429
0 0.387499 0.722778 0.015144 0.012881
0 0.222408 0.614950 0.014889 0.013112
0 0.505298 0.437172 0.013908 0.012198
0 0.337948 0.925743 0.015992 0.014796
0 0.290901 0.350895 0.015004 0.013611
0 0.912908 0.244984 0.017422 0.015453
0 0.181381 0.766204 0.012043 0.010261
0 0.328689 0.383533 0.016528 0.013845
0 0.689358 0.194286 0.015345 0.014290
0 0.199794 0.513937 0.013338 0.011520
0 0.254970 0.759035 0.013711 0.012421
1 0.769734 0.267851 0.044215 0.037559
0 0.657782 0.571187 0.019449 0.015275
0 0.732674 0.299635 0.018791 0.014016
0 0.480259 0.412354 0.024763 0.015588
0 0.499275 0.184503 0.019690 0.021188
0 0.079505 0.512463 0.018408 0.013330
0 0.102144 0.689583 0.014707 0.012021
0 0.918600 0.278368 0.016421 0.014690
0 0.566546 0.205849 0.023147 0.016620
0 0.755915 0.163606 0.015192 0.014438
0 0.544469 0.298032 0.017897 0.015999
0 0.927140 0.596823 0.014285 0.012805
0 0.413818 0.322552 0.013927 0.012418
0 0.093424 0.561979 0.013874 0.012643
0 0.604897 0.221049 0.014660 0.013842
1 0.481747 0.882261 0.088481 0.051737
0 0.312707 0.655906 0.015538 0.013367
0 0.297634 0.900330 0.014093 0.012409
0 0.399937 0.751244 0.013605 0.010667
0 0.717114 0.459167 0.014581 0.015429
0 0.362382 0.372124 0.014464 0.013763
0 0.236954 0.670557 0.013901 0.012853
0 0.362258 0.784371 0.014346 0.013161
0 0.747315 0.784421 0.013667 0.011956
0 0.675421 0.646476 0.014602 0.015392
0 0.840301 0.666750 0.014447 0.014519
0 0.653747 0.320026 0.013504 0.012329
0 0.501616 0.912160 0.017617 0.014561
0 0.540589 0.128866 0.015607 0.012769
0 0.390230 0.338559 0.014939 0.012746
0 0.597963 0.846851 0.016666 0.015825
0 0.603993 0.580895 0.020304 0.016671
0 0.537465 0.706263 0.014407 0.010784
0 0.513167 0.058776 0.015654 0.013804
0 0.946493 0.313970 0.016056 0.014387
0 0.544867 0.725180 0.013772 0.012241
0 0.271206 0.168572 0.020773 0.019752
0 0.924578 0.524538 0.014365 0.012559
0 0.751988 0.696912 0.015290 0.013377
0 0.777747 0.309530 0.019625 0.015985
0 0.848440 0.458719 0.021014 0.015305
0 0.363961 0.697060 0.013975 0.013630
0 0.285993 0.401392 0.016664 0.016308
0 0.735126 0.216725 0.020465 0.014489
0 0.266931 0.477046 0.018612 0.018391
0 0.510322 0.380412 0.019578 0.016270
0 0.632163 0.475399 0.015302 0.016217
0 0.181446 0.826170 0.013995 0.015562
0 0.659886 0.686253 0.014143 0.012486
0 0.485454 0.611077 0.014767 0.013056
0 0.295886 0.778644 0.013122 0.010989
0 0.764544 0.201185 0.015522 0.012325
0 0.231190 0.363634 0.016282 0.017939
0 0.365553 0.338159 0.014833 0.011786
0 0.570732 0.467073 0.021380 0.020109
0 0.900431 0.651452 0.014870 0.014108
0 0.168528 0.638514 0.014784 0.012778
0 0.203404 0.741867 0.012715 0.010617
0 0.571431 0.596081 0.014950 0.013782
0 0.383696 0.773759 0.013166 0.011740
0 0.623906 0.432730 0.015531 0.012765
0 0.308550 0.931720 0.015209 0.013298
0 0.456678 0.143221 0.016872 0.015560
0 0.584448 0.066585 0.017275 0.013709
0 0.453909 0.243395 0.013344 0.015596
0 0.301682 0.806617 0.014306 0.014581
0 0.062735 0.618602 0.017689 0.016459
0 0.598958 0.337548 0.015021 0.012734
0 0.170685 0.344623 0.014260 0.013041
0 0.573946 0.366299 0.015121 0.012504
0 0.723877 0.435415 0.014503 0.012414
0 0.705928 0.218042 0.018384 0.014418
0 0.313036 0.318235 0.016937 0.014244
0 0.089198 0.342342 0.019938 0.020630
0 0.142586 0.622788 0.017116 0.013200
0 0.458614 0.713479 0.016098 0.010877
0 0.112236 0.550402 0.013346 0.010312
0 0.442448 0.456450 0.017454 0.015773
0 0.417787 0.461152 0.015151 0.012927
0 0.384469 0.852250 0.012045 0.010193
0 0.088554 0.360496 0.018647 0.014087
0 0.403249 0.777640 0.013373 0.010421
0 0.208039 0.650582 0.015207 0.011145
0 0.857690 0.581402 0.017965 0.015421
0 0.636299 0.169132 0.015850 0.015700
0 0.451780 0.260987 0.014412 0.012098
0 0.799810 0.668652 0.015002 0.013863
0 0.649903 0.250403 0.018341 0.014042
0 0.555008 0.382428 0.014232 0.012375
0 0.761788 0.401209 0.016781 0.015594
0 0.566011 0.556241 0.013814 0.013908
0 0.429496 0.884462 0.012913 0.011643
0 0.223797 0.686790 0.019100 0.014439
0 0.781586 0.516379 0.016939 0.016141
0 0.197031 0.755454 0.012273 0.010681
0 0.242823 0.749476 0.013029 0.011669
0 0.681524 0.667360 0.015930 0.014189
0 0.510979 0.959047 0.026081 0.023128
0 0.627004 0.398537 0.017688 0.013163
0 0.071446 0.480906 0.012082 0.010137
0 0.827425 0.583434 0.015838 0.015447
0 0.194386 0.808813 0.013402 0.011307
1 0.684918 0.080579 0.038857 0.034221
0 0.344492 0.799342 0.012292 0.010066
0 0.477235 0.103070 0.014574 0.013537
0 0.788486 0.377662 0.014332 0.016169
0 0.246601 0.195880 0.013947 0.013544
0 0.499596 0.318413 0.013379 0.012505
0 0.521865 0.781748 0.017357 0.013608
0 0.708208 0.809552 0.014795 0.016888
0 0.657114 0.591645 0.018376 0.014112
0 0.316127 0.285771 0.013765 0.012784
0 0.672997 0.151401 0.013024 0.010233
0 0.659051 0.171186 0.014414 0.012764
0 0.886150 0.612894 0.013524 0.011821
0 0.575958 0.295061 0.016933 0.014169
0 0.391286 0.299255 0.015817 0.015874
0 0.692659 0.698721 0.014729 0.012398
0 0.402689 0.598857 0.016083 0.016345
1 0.824865 0.162723 0.046918 0.037213
0 0.223333 0.640165 0.013762 0.011084
0 0.599675 0.738251 0.016390 0.015678
0 0.478177 0.121379 0.014035 0.011560
0 0.467071 0.322533 0.019370 0.014796
0 0.601020 0.358866 0.013967 0.011807
0 0.452974 0.621558 0.015276 0.012638
0 0.716581 0.417364 0.012959 0.010729
0 0.701539 0.152386 0.013232 0.015011
0 0.746436 0.475745 0.014653 0.017589
0 0.263027 0.408190 0.016599 0.013999
0 0.159942 0.688613 0.012945 0.010360
0 0.667257 0.382663 0.014543 0.011824
0 0.654589 0.743213 0.016757 0.012950
0 0.441052 0.858263 0.016848 0.012935
0 0.589578 0.881071 0.022071 0.018832
1 0.529004 0.823046 0.044047 0.037459
0 0.488403 0.791323 0.013529 0.010916
0 0.501779 0.337552 0.017254 0.016615
0 0.252723 0.427007 0.016766 0.012877
0 0.353610 0.422198 0.015545 0.014523
0 0.829832 0.547736 0.013654 0.012949
0 0.910900 0.340564 0.014202 0.012831
0 0.451686 0.223490 0.014863 0.013449
0 0.462682 0.392635 0.015364 0.015236
0 0.878464 0.458766 0.015238 0.011658
0 0.783119 0.769592 0.014204 0.011328
0 0.890276 0.432929 0.014764 0.013186
0 0.883772 0.325239 0.014322 0.011833
0 0.472115 0.215907 0.015172 0.012241
0 0.953338 0.492995 0.015641 0.012315
0 0.322741 0.169720 0.015015 0.013553
0 0.529584 0.368759 0.014587 0.014552
0 0.885598 0.520109 0.014021 0.011268
0 0.185483 0.614552 0.012926 0.009927
0 0.599206 0.828364 0.013380 0.012738
0 0.311831 0.236980 0.022508 0.017835
0 0.838674 0.220720 0.018323 0.016433
0 0.826396 0.399178 0.013882 0.013317
0 0.885027 0.267510 0.014659 0.017769
0 0.642494 0.245474 0.021529 0.017192
0 0.964668 0.347416 0.018465 0.018950
0 0.783998 0.787483 0.015419 0.014732
0 0.662395 0.722612 0.013547 0.011527
0 0.468262 0.712646 0.016672 0.010790
0 0.520702 0.747180 0.019801 0.017463
0 0.187032 0.682939 0.014087 0.012921
0 0.188448 0.667898 0.014746 0.014148
0 0.771846 0.604481 0.017957 0.014394
0 0.603425 0.565370 0.015482 0.015572
0 0.775810 0.590736 0.017048 0.017050
0 0.700973 0.676758 0.018767 0.017423
0 0.465287 0.385149 0.015972 0.020899
0 0.305452 0.753855 0.015634 0.012040
0 0.572767 0.336450 0.013932 0.020439
0 0.871783 0.401841 0.014621 0.012492
0 0.704509 0.503424 0.013954 0.010762
0 0.594444 0.310880 0.014721 0.017915
0 0.850848 0.200669 0.019584 0.015357
0 0.088592 0.356868 0.024439 0.024096
0 0.827152 0.648172 0.013922 0.013098
0 0.797455 0.547380 0.015187 0.013350
0 0.124496 0.437140 0.014812 0.015429
0 0.862630 0.295772 0.012226 0.010964
0 0.772868 0.425928 0.014520 0.011972
0 0.468006 0.828516 0.013533 0.012335
0 0.682833 0.259630 0.013960 0.013235
0 0.184477 0.566320 0.014561 0.012497
0 0.868073 0.197235 0.016631 0.014198
0 0.325948 0.306850 0.017291 0.014196
0 0.811364 0.237771 0.016858 0.015658
0 0.337420 0.856506 0.013871 0.012076
0 0.394922 0.285193 0.015193 0.018730
0 0.256127 0.387318 0.019354 0.017937
0 0.332101 0.563999 0.018273 0.017229
0 0.695219 0.441557 0.019507 0.017604
0 0.233520 0.584181 0.013066 0.011468
0 0.322450 0.577496 0.014554 0.014627
0 0.499030 0.649592 0.023566 0.019238
0 0.422523 0.933378 0.022519 0.019044
0 0.640130 0.763563 0.015163 0.010450
0 0.650421 0.699791 0.014003 0.012571
0 0.535506 0.525074 0.014014 0.011753
0 0.781471 0.469134 0.017868 0.018141
0 0.232205 0.893607 0.013858 0.012212
0 0.826331 0.530529 0.013757 0.011972
0 0.559930 0.203703 0.022300 0.016030
0 0.954616 0.620910 0.014286 0.012524
0 0.666181 0.444215 0.016967 0.012411
0 0.495154 0.028152 0.016547 0.015288
0 0.393624 0.292198 0.019319 0.024381
0 0.285872 0.275523 0.014599 0.013857
0 0.616742 0.374416 0.014396 0.016251
0 0.920183 0.373303 0.014280 0.014547
0 0.983333 0.465766 0.016320 0.013634
0 0.406274 0.879587 0.012730 0.012707
0 0.017838 0.472058 0.015048 0.013370
0 0.963381 0.551696 0.012303 0.010498
0 0.617665 0.397055 0.019352 0.013966
0 0.293699 0.336080 0.013107 0.013718
0 0.280332 0.912342 0.016687 0.013210
0 0.405639 0.938510 0.016299 0.014882
0 0.731063 0.680739 0.015861 0.013140
0 0.278423 0.623780 0.020105 0.014635
0 0.256693 0.221137 0.021185 0.024295
0 0.501608 0.223576 0.013857 0.011803
0 0.903321 0.617282 0.013302 0.010137
0 0.745053 0.185258 0.013905 0.014010
0 0.366057 0.265258 0.014861 0.015086
0 0.613467 0.091174 0.017999 0.014998
0 0.573357 0.159585 0.017797 0.018028
0 0.905150 0.402237 0.013248 0.010708
0 0.280681 0.411834 0.018490 0.015779
0 0.160076 0.266931 0.019668 0.016321
0 0.664448 0.709095 0.015521 0.014487
0 0.300966 0.240241 0.019636 0.014801
0 0.178693 0.839213 0.014517 0.012122
0 0.741883 0.111951 0.015656 0.014753
0 0.245828 0.565117 0.016320 0.012327
1 0.389174 0.255510 0.051223 0.039508
0 0.713430 0.481888 0.012422 0.009929
0 0.648734 0.464630 0.014283 0.010580
0 0.036463 0.495669 0.012634 0.011066
0 0.797558 0.334381 0.014939 0.010853
0 0.345861 0.785005 0.010994 0.010076
1 0.499960 0.846501 0.057940 0.056851
0 0.659917 0.579992 0.022440 0.027652
0 0.636227 0.242511 0.015061 0.012792
0 0.362611 0.594658 0.019291 0.024909
1 0.499094 0.855920 0.096855 0.080836
0 0.847807 0.427365 0.017604 0.014785
0 0.515074 0.755819 0.019665 0.015675
0 0.560096 0.346529 0.014675 0.012920
0 0.788617 0.416418 0.016304 0.016423
0 0.466968 0.379451 0.014324 0.014610
0 0.480009 0.347614 0.015188 0.011405
0 0.253844 0.227960 0.017012 0.016311
0 0.458799 0.770996 0.011551 0.010180
1 0.516298 0.836895 0.060173 0.045805
0 0.818626 0.324868 0.017867 0.015934
0 0.344639 0.793910 0.012433 0.015475
0 0.622191 0.945091 0.024363 0.021723
0 0.710759 0.718648 0.015768 0.014188
0 0.494359 0.552763 0.016132 0.011943
0 0.388311 0.320207 0.013296 0.013274
0 0.790645 0.795032 0.015537 0.013776