0 0.222117 0.830506 0.023996 0.023898
0 0.731646 0.858328 0.019579 0.020861
0 0.298829 0.917576 0.023007 0.021666
0 0.572202 0.778914 0.020975 0.020552
0 0.455377 0.746810 0.021689 0.021489
1 0.374890 0.509410 0.062014 0.058575
0 0.147848 0.871375 0.020875 0.019377
0 0.450187 0.850644 0.021021 0.020722
0 0.781862 0.495265 0.019154 0.019177
0 0.130934 0.799056 0.020013 0.020094
1 0.304537 0.309471 0.048936 0.043259
0 0.314162 0.702633 0.025298 0.022714
0 0.715581 0.964587 0.019222 0.017855
0 0.358467 0.954386 0.023706 0.023142
0 0.681758 0.842323 0.027261 0.022223
0 0.462501 0.934443 0.022081 0.022873
1 0.472336 0.283049 0.050037 0.045308
0 0.639300 0.779085 0.021530 0.020503
0 0.686633 0.966877 0.021151 0.019479
0 0.844439 0.411054 0.018047 0.017640
0 0.710314 0.899577 0.017489 0.018150
0 0.819768 0.696720 0.021755 0.022260
1 0.039514 0.446730 0.055238 0.046204
0 0.315754 0.405371 0.018974 0.017763
0 0.406778 0.947966 0.025330 0.023312
0 0.511624 0.404588 0.020307 0.017948
0 0.818532 0.775705 0.019492 0.017568
0 0.495460 0.850161 0.021697 0.022308
0 0.494377 0.916087 0.022293 0.022501
0 0.700024 0.921843 0.018904 0.017778
0 0.459392 0.662505 0.029410 0.025181
0 0.447496 0.989369 0.020044 0.019634
0 0.443180 0.448411 0.019579 0.020052
0 0.480600 0.347180 0.017283 0.017942
0 0.105746 0.531510 0.019772 0.018726
0 0.808118 0.390601 0.019291 0.018079
0 0.207089 0.510807 0.024930 0.023699
0 0.512687 0.720253 0.024592 0.022414
0 0.571991 0.856336 0.021642 0.021411
0 0.678914 0.463847 0.022399 0.022227
0 0.810093 0.664665 0.020503 0.019655
0 0.703664 0.270834 0.016212 0.018101
0 0.606739 0.705030 0.016581 0.015738
0 0.853546 0.686530 0.015792 0.014472
0 0.594799 0.954734 0.022591 0.019870
1 0.118940 0.948047 0.040656 0.041405
0 0.552665 0.935204 0.021836 0.022042
0 0.481506 0.688018 0.019178 0.018915
0 0.260125 0.385963 0.020344 0.020449
0 0.618669 0.786108 0.021745 0.020268
0 0.278354 0.937235 0.022305 0.021570
0 0.545616 0.714085 0.020647 0.020092
0 0.537945 0.856401 0.021103 0.022776
0 0.821258 0.639887 0.016631 0.015364
0 0.697607 0.554060 0.018207 0.018013
0 0.441885 0.786344 0.024707 0.029479
0 0.119828 0.902325 0.019004 0.017671
0 0.427083 0.373245 0.022934 0.025491
0 0.327922 0.642135 0.019099 0.019889
0 0.473085 0.712872 0.019096 0.018894
0 0.623590 0.933147 0.021342 0.021269
0 0.166556 0.826317 0.020645 0.019836
0 0.630481 0.428754 0.020063 0.018578
0 0.505293 0.650919 0.016122 0.014791
0 0.576605 0.978128 0.021173 0.019827
0 0.500756 0.470026 0.017853 0.018300
0 0.765046 0.861311 0.018087 0.016862
0 0.577260 0.899186 0.018322 0.017151
0 0.430119 0.891133 0.026995 0.023320
0 0.598468 0.900732 0.019552 0.018804
0 0.820982 0.472411 0.016019 0.014672
0 0.704288 0.994525 0.018031 0.010950
0 0.071239 0.831568 0.020292 0.020433
0 0.867507 0.649103 0.018358 0.017412
0 0.141928 0.905684 0.016753 0.014813
0 0.519728 0.786677 0.024466 0.025364
0 0.492813 0.813889 0.019840 0.019417
0 0.835163 0.445096 0.015223 0.014992
0 0.642103 0.993989 0.019318 0.012021
0 0.883887 0.702345 0.021098 0.020151
0 0.890718 0.613706 0.015576 0.014575
0 0.678637 0.902919 0.020054 0.025532
0 0.382155 0.425011 0.023437 0.019981
0 0.198602 0.774345 0.022597 0.021111
0 0.765859 0.400189 0.017667 0.017607
0 0.528949 0.762119 0.019274 0.019158
0 0.240594 0.494255 0.018299 0.018749
0 0.844007 0.651359 0.015643 0.014742
0 0.107926 0.604551 0.017902 0.017849
0 0.412327 0.984469 0.019870 0.020066
0 0.464316 0.426652 0.019603 0.020244
0 0.866641 0.425075 0.016865 0.015871
0 0.869488 0.556184 0.014989 0.014621
0 0.604161 0.277014 0.021034 0.019341
0 0.861715 0.593833 0.015009 0.015842
0 0.024186 0.795209 0.020390 0.021019
0 0.506750 0.570741 0.020076 0.019783
1 0.200589 0.681141 0.045879 0.043407
0 0.449039 0.564597 0.019042 0.019716
0 0.454107 0.378062 0.017067 0.018076
0 0.507316 0.759671 0.019488 0.018179
0 0.723755 0.375951 0.017927 0.017528
0 0.441387 0.804081 0.024526 0.029794
0 0.829299 0.592436 0.016375 0.016135
0 0.415866 0.910218 0.023592 0.022600
0 0.297878 0.750446 0.020657 0.020417
0 0.062451 0.485827 0.016738 0.015431
0 0.522930 0.926054 0.019433 0.018510
0 0.704869 0.408841 0.021825 0.023826
0 0.491402 0.419145 0.016007 0.016385
0 0.112058 0.498349 0.017888 0.017721
0 0.070381 0.654741 0.018935 0.017297
0 0.516980 0.211727 0.014340 0.014045
0 0.868294 0.837774 0.016444 0.014772
0 0.216057 0.331230 0.016662 0.017353
0 0.541828 0.526002 0.020578 0.023367
0 0.651979 0.519418 0.015463 0.015022
0 0.902194 0.507474 0.017858 0.017800
0 0.351263 0.369341 0.016510 0.015903
0 0.622817 0.535843 0.017435 0.017656
0 0.219697 0.916918 0.022723 0.022998
0 0.477740 0.447360 0.019792 0.019846
0 0.613955 0.596452 0.019112 0.019745
0 0.841366 0.484038 0.016846 0.015285
0 0.184776 0.839447 0.018861 0.020497
0 0.507268 0.334147 0.015419 0.017383
0 0.897683 0.836154 0.017519 0.015608
0 0.068106 0.786089 0.018691 0.018008
0 0.146567 0.461100 0.022803 0.022069
0 0.189617 0.878211 0.019479 0.020573
0 0.114331 0.990002 0.019704 0.015409
0 0.845930 0.605683 0.016402 0.014847
0 0.558132 0.408174 0.017262 0.018317
0 0.682771 0.509029 0.022436 0.019159
0 0.875420 0.490113 0.019857 0.020278
0 0.420016 0.569474 0.018804 0.018975
0 0.343811 0.449892 0.016904 0.016734
0 0.150604 0.549828 0.020794 0.019933
0 0.733061 0.458407 0.018763 0.020886
0 0.893213 0.571865 0.015734 0.014314
0 0.643788 0.258128 0.015570 0.014808
0 0.832104 0.583498 0.021409 0.025477
0 0.834806 0.576726 0.018450 0.016446
0 0.250538 0.558367 0.019079 0.017735
0 0.225763 0.473644 0.017960 0.016588
0 0.765543 0.973189 0.016885 0.017193
0 0.102437 0.624342 0.017995 0.013990
0 0.077609 0.916296 0.026189 0.023387
0 0.590598 0.929077 0.016003 0.014922
0 0.183170 0.448852 0.019351 0.017689
0 0.862704 0.874232 0.020180 0.018296
0 0.633705 0.568744 0.020534 0.023012
0 0.212693 0.370933 0.018544 0.018206
0 0.624514 0.817267 0.025362 0.020450
0 0.517354 0.761197 0.029108 0.017395
0 0.845521 0.738166 0.015721 0.015131
0 0.776111 0.991124 0.018835 0.017752
0 0.632942 0.888603 0.016778 0.016125
0 0.710817 0.508526 0.015455 0.015588
0 0.609904 0.308877 0.026719 0.031145
0 0.557836 0.657979 0.016181 0.015900
0 0.556664 0.266199 0.015009 0.015289
0 0.315956 0.601433 0.021123 0.020957