0 0.518366 0.518696 0.026386 0.018400
0 0.430291 0.520382 0.025796 0.020009
0 0.653832 0.921139 0.024580 0.018583
0 0.634189 0.621920 0.027616 0.019248
1 0.307086 0.607626 0.057953 0.037724
0 0.404947 0.769255 0.028024 0.020928
0 0.612528 0.581686 0.021128 0.014865
0 0.463979 0.443154 0.023110 0.016270
0 0.636769 0.772399 0.027147 0.020029
0 0.562978 0.850230 0.024235 0.017216
0 0.805364 0.567943 0.019616 0.014212
0 0.673158 0.685161 0.024318 0.017890
0 0.432593 0.926859 0.024473 0.017802
0 0.386652 0.877974 0.027335 0.020267
0 0.733246 0.821556 0.029165 0.021196
0 0.737651 0.663374 0.025034 0.018275
0 0.592346 0.953417 0.027222 0.019561
0 0.200764 0.657110 0.025628 0.018190
0 0.389618 0.508408 0.021809 0.016365
0 0.663097 0.454810 0.026136 0.017298
0 0.660316 0.504438 0.030699 0.024057
0 0.506589 0.476353 0.021652 0.014756
0 0.708070 0.702654 0.028599 0.022658
0 0.610457 0.914176 0.022376 0.016064
0 0.415618 0.605731 0.030582 0.020520
0 0.625844 0.836923 0.025217 0.018804
0 0.538191 0.702950 0.028473 0.020064
0 0.245712 0.517033 0.021478 0.014835
0 0.320416 0.839833 0.025953 0.019857
0 0.640191 0.708381 0.021257 0.016264
0 0.327659 0.672740 0.030570 0.021333
0 0.502067 0.611843 0.021714 0.016678
0 0.560773 0.895251 0.020566 0.014801
0 0.406716 0.820368 0.019975 0.014061
0 0.543105 0.809794 0.023404 0.017277
0 0.229824 0.666081 0.022437 0.015238
0 0.504466 0.571492 0.019121 0.014162
0 0.757401 0.538715 0.021324 0.015632
0 0.512737 0.698976 0.025099 0.016139
0 0.533184 0.471607 0.018939 0.013241
0 0.781722 0.614833 0.021080 0.014146
0 0.781258 0.502402 0.021753 0.017101
0 0.459283 0.767829 0.020245 0.013679
0 0.340777 0.847765 0.020621 0.015445
0 0.158682 0.727990 0.026667 0.017888
0 0.484219 0.991570 0.021209 0.013157
0 0.209298 0.852615 0.020316 0.014044
0 0.313814 0.912529 0.021191 0.014179
0 0.567842 0.626297 0.020103 0.014361
0 0.622400 0.987019 0.019865 0.014132
0 0.470000 0.872529 0.021221 0.014134
0 0.286618 0.985067 0.020620 0.013242