0 0.706513 0.412565 0.023520 0.018926
0 0.561329 0.739413 0.019287 0.012630
0 0.546976 0.510483 0.022647 0.016136
0 0.622288 0.751182 0.020802 0.015404
0 0.856842 0.376328 0.024082 0.018168
0 0.409430 0.745566 0.020042 0.014431
0 0.390924 0.672108 0.018168 0.013479
0 0.639503 0.586758 0.027752 0.017895
0 0.962759 0.510702 0.024765 0.018299
0 0.907235 0.388159 0.027602 0.018696
0 0.771195 0.582259 0.018618 0.013432
0 0.949054 0.709556 0.018647 0.013858
0 0.904278 0.764774 0.018500 0.012633
0 0.448547 0.750696 0.021994 0.015433
0 0.668749 0.779731 0.017958 0.013650
0 0.306802 0.656595 0.018970 0.013300
0 0.396018 0.431363 0.031528 0.021954
0 0.415992 0.517316 0.024271 0.017347
0 0.804529 0.566009 0.018226 0.011748
0 0.469650 0.486862 0.019050 0.014389
0 0.593259 0.596581 0.021508 0.015909
0 0.888581 0.602905 0.017045 0.011269
0 0.582067 0.638025 0.019553 0.013613
0 0.542753 0.418086 0.019785 0.013695
0 0.705714 0.733765 0.017351 0.012466
0 0.459761 0.631533 0.020425 0.014415
0 0.594518 0.478945 0.018101 0.012065
0 0.422737 0.772426 0.023892 0.019489
0 0.316731 0.478145 0.019183 0.013068
0 0.349753 0.616106 0.016274 0.011163
0 0.761805 0.372286 0.023660 0.014849
0 0.288838 0.504486 0.017121 0.012556
0 0.454362 0.676875 0.018074 0.013880
0 0.655812 0.722611 0.025279 0.017352
0 0.576562 0.429385 0.020632 0.013650
0 0.603430 0.689211 0.020562 0.014911
0 0.413604 0.680930 0.018223 0.012089
0 0.605068 0.437276 0.024135 0.016724
0 0.479393 0.575702 0.022314 0.014952
0 0.819700 0.392124 0.021270 0.013637
0 0.800629 0.629808 0.016808 0.010733
0 0.796509 0.609004 0.017885 0.012281
0 0.557420 0.584462 0.018062 0.014693
0 0.720524 0.816004 0.017777 0.011428
0 0.432466 0.708646 0.017139 0.012510
0 0.901903 0.629534 0.025146 0.015558
0 0.497610 0.527132 0.019259 0.013706
0 0.609224 0.314439 0.017154 0.013748
0 0.506160 0.476928 0.016982 0.011769
0 0.881816 0.626505 0.021374 0.012251
0 0.893992 0.461514 0.016209 0.011847
0 0.471313 0.558712 0.014479 0.011272
0 0.804105 0.340539 0.015668 0.010467
0 0.339140 0.682410 0.017308 0.013833
0 0.746356 0.806327 0.018569 0.012715
0 0.572178 0.713190 0.018114 0.011913
0 0.264380 0.624412 0.018092 0.012679
0 0.371742 0.584438 0.016966 0.012150
0 0.488856 0.340232 0.024961 0.017063
0 0.649778 0.729308 0.019630 0.017446
0 0.326118 0.689598 0.016205 0.011594
0 0.483582 0.403119 0.025280 0.017628
0 0.729034 0.495085 0.017015 0.012998
0 0.726305 0.839863 0.020109 0.015288
0 0.585195 0.876095 0.026750 0.018934
0 0.275240 0.557832 0.016731 0.014647
0 0.717882 0.440903 0.026404 0.019174