0 0.592866 0.478169 0.017343 0.011021
0 0.206516 0.859032 0.018875 0.015743
0 0.627283 0.824685 0.017476 0.011988
0 0.127686 0.611361 0.015167 0.012581
0 0.560845 0.745430 0.013101 0.011551
0 0.039645 0.706300 0.015575 0.012024
0 0.283666 0.806709 0.015905 0.012007
0 0.141277 0.683931 0.015272 0.014252
0 0.468288 0.758773 0.017150 0.013930
0 0.287758 0.659240 0.015729 0.012799
0 0.593767 0.557747 0.022501 0.015112
0 0.640269 0.493986 0.015143 0.010574
0 0.167702 0.690056 0.016895 0.015498
0 0.075965 0.607660 0.013437 0.012028
0 0.696953 0.583530 0.012896 0.008997
0 0.239300 0.610385 0.017181 0.011585
0 0.194323 0.620227 0.015858 0.011291
0 0.667137 0.792465 0.015221 0.011686
0 0.636295 0.799325 0.014501 0.013010
0 0.085349 0.662830 0.017326 0.013040
0 0.262732 0.590029 0.015393 0.012785
0 0.629288 0.851210 0.021200 0.012482
0 0.564141 0.467621 0.014140 0.010504
0 0.488246 0.824964 0.015980 0.012885
0 0.522783 0.496428 0.015116 0.011187
0 0.050043 0.740513 0.015102 0.011523
0 0.097762 0.712983 0.014762 0.011878
0 0.563566 0.831207 0.015082 0.011973
0 0.423180 0.576417 0.020083 0.015972
0 0.477019 0.440738 0.011734 0.010746
0 0.216684 0.550417 0.013635 0.012321
0 0.215574 0.694956 0.015254 0.011655
0 0.329809 0.851334 0.020243 0.014679
0 0.509812 0.614906 0.015168 0.011566
0 0.504863 0.871063 0.019780 0.013916
0 0.457303 0.489622 0.013581 0.012125
0 0.554361 0.504166 0.016517 0.013751
0 0.463437 0.717829 0.014063 0.011442
0 0.638191 0.667762 0.013429 0.010910
0 0.301610 0.427791 0.008831 0.008301
0 0.492969 0.740755 0.014539 0.011243
0 0.470991 0.616137 0.012567 0.011233
0 0.419765 0.848151 0.017362 0.014902
0 0.061017 0.697999 0.014701 0.013979
0 0.395914 0.709475 0.015251 0.012704
0 0.151654 0.865365 0.012706 0.009489
0 0.182097 0.700330 0.013612 0.013972
0 0.102803 0.576264 0.017271 0.014534
0 0.353471 0.717871 0.016468 0.015366
0 0.480450 0.660153 0.013343 0.010760
0 0.546383 0.643850 0.014722 0.011187
0 0.102811 0.594317 0.011991 0.011074
0 0.420374 0.634531 0.013849 0.010473
0 0.653403 0.771440 0.012406 0.008900
0 0.327304 0.737902 0.014898 0.014719
0 0.192476 0.563381 0.013386 0.010135
0 0.474661 0.560542 0.016462 0.012293
0 0.480473 0.778339 0.013751 0.011339
0 0.421200 0.519863 0.014243 0.013578
0 0.611791 0.509649 0.015402 0.010406
0 0.364379 0.550567 0.013386 0.011973
0 0.345016 0.812119 0.016478 0.012331
0 0.645207 0.587819 0.015285 0.011523
0 0.620075 0.777917 0.012584 0.009693
0 0.522313 0.838668 0.016167 0.012581
1 0.143975 0.907277 0.048513 0.035211
1 0.232394 0.652582 0.062598 0.046948
1 0.146322 0.543427 0.056338 0.039906
1 0.262128 0.518779 0.046948 0.023474
1 0.264476 0.400822 0.045383 0.022300
1 0.266041 0.474765 0.045383 0.029343
1 0.356808 0.431338 0.042254 0.059859
1 0.410798 0.387911 0.037559 0.034038
1 0.552426 0.609742 0.051643 0.036385
1 0.599374 0.654930 0.051643 0.030516
1 0.422535 0.669014 0.042254 0.039906
1 0.348983 0.667840 0.079812 0.044601
1 0.464789 0.933099 0.051643 0.037559
1 0.618153 0.874413 0.057903 0.042254
1 0.659624 0.884390 0.034429 0.038732
1 0.572770 0.922535 0.129890 0.061033