1 0.404304 0.270044 0.037486 0.052308
1 0.393658 0.587742 0.036399 0.050283
0 0.567160 0.556994 0.014518 0.018858
1 0.536274 0.882045 0.043569 0.057345
0 0.488316 0.907524 0.013696 0.016820
0 0.522842 0.369567 0.014263 0.017744
1 0.351202 0.356502 0.031634 0.034675
0 0.558601 0.395575 0.015467 0.019784
1 0.449125 0.967858 0.048356 0.064284
0 0.505866 0.456286 0.014532 0.018748
1 0.753167 0.573452 0.039155 0.046097
0 0.725006 0.396079 0.015790 0.022889
0 0.548133 0.508854 0.014580 0.016461
0 0.431279 0.658625 0.013772 0.016741
0 0.679896 0.508801 0.013290 0.015564
0 0.572314 0.335730 0.016908 0.021855
0 0.249553 0.398378 0.017565 0.023132
0 0.525952 0.486764 0.012802 0.015168
0 0.413086 0.691505 0.013259 0.016478
0 0.348903 0.535700 0.014965 0.018000
0 0.648408 0.476750 0.014748 0.017838
0 0.287769 0.389818 0.015868 0.020653
0 0.311275 0.825739 0.013589 0.015633
0 0.397223 0.514527 0.016131 0.020035
0 0.532415 0.597355 0.013753 0.016562
0 0.447011 0.485869 0.013076 0.015468
0 0.597875 0.591277 0.012745 0.015425
0 0.421397 0.496235 0.013991 0.016850
0 0.443548 0.261685 0.013883 0.017467
0 0.479535 0.505516 0.013691 0.017350
0 0.467909 0.654730 0.013313 0.015453
0 0.487733 0.591907 0.011945 0.016095
0 0.522545 0.645520 0.012648 0.015326
0 0.324550 0.513908 0.014426 0.018817
0 0.427864 0.607223 0.012304 0.013516
0 0.486055 0.441646 0.014229 0.016671
0 0.565027 0.634269 0.013401 0.016353
0 0.536650 0.272505 0.019166 0.019059
0 0.692561 0.532930 0.013071 0.015411
0 0.374720 0.605226 0.011051 0.013540
0 0.503855 0.794420 0.011687 0.013314
0 0.622596 0.777195 0.013250 0.015902
0 0.616610 0.345010 0.015059 0.018709
0 0.409121 0.653560 0.014943 0.016952
0 0.487543 0.273920 0.015341 0.019062
0 0.723784 0.697556 0.013314 0.017556
0 0.441283 0.846881 0.012471 0.014699
0 0.211627 0.461238 0.015998 0.019624
0 0.358136 0.309616 0.013126 0.015604
0 0.494328 0.823363 0.013454 0.015417
0 0.572568 0.686856 0.017258 0.022461
0 0.384141 0.415486 0.014693 0.022632
0 0.466983 0.745147 0.013282 0.014594
0 0.522057 0.316620 0.013618 0.015813
0 0.540319 0.567510 0.012636 0.015735
0 0.449376 0.733961 0.011266 0.013090
0 0.525322 0.428881 0.012213 0.015558
0 0.273681 0.813374 0.013555 0.016012
0 0.501730 0.733103 0.012916 0.015513
0 0.226873 0.625638 0.012939 0.015594
0 0.498225 0.545418 0.014128 0.017208
0 0.328009 0.908581 0.012074 0.013652
0 0.505140 0.298487 0.013206 0.016828
0 0.678804 0.635017 0.012280 0.014779
0 0.609253 0.799593 0.013215 0.017121
0 0.584273 0.769142 0.011383 0.014433
0 0.501005 0.658450 0.014092 0.017976
0 0.673249 0.394787 0.013623 0.017296
0 0.486862 0.317131 0.014019 0.017512
0 0.341620 0.852750 0.013146 0.017851
0 0.619629 0.502508 0.011920 0.014007
0 0.501863 0.506029 0.011889 0.013140
0 0.572601 0.452437 0.013178 0.016134
0 0.481586 0.798838 0.011564 0.014170
0 0.679555 0.595584 0.012450 0.016594
0 0.600778 0.750869 0.012657 0.017334
0 0.442510 0.821120 0.011822 0.013768
0 0.376913 0.646182 0.014176 0.016874
0 0.583208 0.504875 0.012181 0.014272
0 0.632403 0.410285 0.011715 0.014204
0 0.361813 0.516404 0.014350 0.019548
0 0.481463 0.759614 0.013093 0.014825
0 0.376070 0.668329 0.012825 0.016154
0 0.596211 0.353411 0.012820 0.015077
0 0.305252 0.440271 0.017184 0.019986
0 0.473529 0.350733 0.013813 0.016275
0 0.571207 0.830054 0.013422 0.015727
0 0.385425 0.846328 0.013075 0.017326
0 0.459816 0.764146 0.013353 0.014805
0 0.476595 0.853495 0.011843 0.013592
0 0.292256 0.849948 0.013371 0.015230
0 0.399869 0.891164 0.014690 0.017414
0 0.463297 0.842935 0.012102 0.013795
0 0.580599 0.427769 0.014731 0.016502
0 0.413601 0.473652 0.013114 0.015255
0 0.350843 0.924252 0.012125 0.016118
0 0.551882 0.612205 0.011449 0.013962
0 0.330181 0.566958 0.013621 0.016169
0 0.472221 0.404422 0.012620 0.015668
0 0.339406 0.666456 0.013253 0.020878
0 0.620782 0.829456 0.012516 0.017468
0 0.361728 0.709100 0.013110 0.017947
0 0.544055 0.759560 0.012611 0.013892
0 0.488334 0.682668 0.013579 0.016682
0 0.612916 0.894324 0.014487 0.017101
0 0.711337 0.555555 0.010704 0.012511
0 0.564350 0.777869 0.010849 0.014969
0 0.283670 0.668333 0.014426 0.017020
0 0.620431 0.311270 0.012476 0.014856
0 0.623019 0.382722 0.012590 0.015770
0 0.241408 0.677096 0.013787 0.017111
0 0.317779 0.886921 0.011293 0.013431
0 0.365073 0.689655 0.012381 0.015914
0 0.363944 0.578752 0.012644 0.014194
0 0.684300 0.744338 0.011701 0.014188
0 0.245182 0.476219 0.014595 0.017696
0 0.524769 0.702221 0.016028 0.015198
0 0.467006 0.311201 0.014485 0.022589
0 0.599238 0.846900 0.013146 0.014741
0 0.421241 0.436311 0.012302 0.014573
0 0.516915 0.971714 0.014401 0.017420
0 0.703685 0.586033 0.016114 0.019968
0 0.667503 0.331742 0.020200 0.025549
0 0.629349 0.652489 0.013941 0.016724
0 0.680314 0.859143 0.011402 0.013556
0 0.676267 0.809698 0.010760 0.013780
0 0.262460 0.683887 0.013473 0.017540
0 0.437978 0.404781 0.011426 0.014020
0 0.394465 0.632414 0.010976 0.012205
0 0.705237 0.730277 0.012107 0.013997
0 0.646927 0.428326 0.011860 0.014101
0 0.421011 0.829289 0.010322 0.012340
0 0.401598 0.822023 0.010412 0.010690
0 0.447851 0.216528 0.011888 0.016063
0 0.635079 0.905744 0.013364 0.014259
0 0.655558 0.530085 0.012864 0.014436
0 0.623662 0.542335 0.010984 0.013775
0 0.732594 0.653535 0.011223 0.013432
0 0.314016 0.273465 0.012293 0.015185
0 0.607355 0.487561 0.011925 0.013009
0 0.419848 0.813979 0.009522 0.012650
0 0.374233 0.876946 0.014106 0.014268
0 0.658089 0.828531 0.012100 0.013246
0 0.413654 0.784932 0.011126 0.012477
0 0.484406 0.780284 0.011631 0.012016
0 0.359864 0.752098 0.011398 0.012900
0 0.702590 0.745374 0.012920 0.014177
0 0.272929 0.553412 0.011477 0.013787
0 0.379496 0.523163 0.013548 0.013475
0 0.320422 0.474898 0.012224 0.013382
0 0.273865 0.344582 0.015176 0.016681
0 0.391447 0.802711 0.009656 0.010930
0 0.546052 0.799189 0.009991 0.012199
0 0.297908 0.749976 0.013721 0.019421
0 0.225973 0.490477 0.016784 0.028998
0 0.647372 0.348644 0.012638 0.016682
0 0.706948 0.406388 0.012914 0.013461
0 0.434958 0.759012 0.011702 0.013337
0 0.397402 0.346566 0.010943 0.013592
0 0.287616 0.594726 0.011313 0.015426
0 0.448236 0.644424 0.012514 0.014248
0 0.571774 0.474955 0.010957 0.014049
0 0.403196 0.325010 0.010962 0.016473
0 0.222958 0.388374 0.013708 0.018456
0 0.371171 0.281349 0.011326 0.013091
0 0.406872 0.714618 0.011180 0.012655
0 0.658822 0.377636 0.013178 0.016714
0 0.314619 0.370602 0.013421 0.015744
0 0.332806 0.258744 0.014992 0.017129
0 0.427428 0.871354 0.011256 0.017432
0 0.521457 0.993097 0.015082 0.011173
0 0.399467 0.958248 0.012580 0.014679
0 0.596388 0.554821 0.011345 0.012810
0 0.339390 0.652126 0.011295 0.018758
0 0.669230 0.360038 0.018029 0.017685
0 0.449390 0.628219 0.011563 0.012218
0 0.266743 0.729454 0.011458 0.015804
0 0.372681 0.276850 0.011974 0.016860
0 0.506849 0.695314 0.012666 0.011548
0 0.417052 0.337836 0.011150 0.013551
0 0.679648 0.461264 0.010856 0.012185
1 0.479812 0.957055 0.021342 0.025426
0 0.225774 0.499574 0.014619 0.019642
0 0.471584 0.848952 0.018792 0.015722
0 0.289580 0.853936 0.018918 0.016084