1 0.401788 0.693767 0.051035 0.036951
0 0.406310 0.503947 0.019371 0.013407
0 0.447714 0.527434 0.023107 0.016438
1 0.719094 0.264449 0.056844 0.039612
0 0.454763 0.489805 0.018578 0.011569
0 0.464376 0.443302 0.020909 0.013990
1 0.871920 0.519518 0.058120 0.054293
0 0.655401 0.499131 0.025367 0.019198
0 0.405983 0.566497 0.023767 0.016757
0 0.757194 0.476644 0.022054 0.015912
0 0.772035 0.596407 0.020823 0.016108
1 0.335510 0.417109 0.062925 0.040448
1 0.308173 0.388075 0.061608 0.040706
0 0.508507 0.631159 0.019076 0.013090
0 0.548171 0.565263 0.020618 0.013557
0 0.614609 0.721041 0.023822 0.017587
0 0.475568 0.503884 0.019659 0.013039
0 0.509523 0.603463 0.019366 0.012774
0 0.414817 0.487006 0.019531 0.014399
0 0.406810 0.743446 0.022590 0.016054
0 0.701689 0.554954 0.019346 0.012357
0 0.655643 0.546658 0.018857 0.014137
1 0.345773 0.422590 0.036932 0.025594
0 0.512130 0.709624 0.027125 0.020178
1 0.867281 0.531447 0.042959 0.037171
0 0.755228 0.502500 0.019870 0.012931
0 0.575164 0.543375 0.019073 0.012256
0 0.674842 0.562674 0.018855 0.013223
0 0.409158 0.502700 0.030163 0.023722
0 0.735066 0.514273 0.020779 0.012740
1 0.330621 0.404144 0.083984 0.060168
0 0.609395 0.282546 0.025312 0.023815
0 0.501187 0.467415 0.025619 0.016278
0 0.442852 0.611745 0.025719 0.017908
0 0.528410 0.647227 0.024214 0.017465
0 0.269870 0.483044 0.018402 0.013696
0 0.591070 0.371137 0.020338 0.013016
0 0.758649 0.402167 0.017593 0.012085
0 0.330117 0.644378 0.022999 0.017304
0 0.654450 0.733840 0.019250 0.013554
0 0.515034 0.345181 0.023071 0.018176
0 0.469657 0.411968 0.020444 0.014632