1 0.409396 0.562172 0.041199 0.052434
1 0.409207 0.674893 0.040586 0.055357
1 0.309759 0.828951 0.049999 0.085114
0 0.526815 0.515013 0.014969 0.019234
0 0.638962 0.525591 0.015025 0.017645
0 0.611508 0.417021 0.013208 0.015616
0 0.589521 0.742051 0.015777 0.018267
0 0.492841 0.583670 0.013496 0.015593
0 0.553140 0.544026 0.014558 0.018150
0 0.396002 0.389766 0.016823 0.019813
0 0.623841 0.838452 0.015381 0.018548
0 0.583933 0.282753 0.016026 0.020304
0 0.385850 0.472575 0.013290 0.015850
0 0.558884 0.496555 0.015480 0.019760
0 0.458820 0.645756 0.015076 0.019607
0 0.430404 0.718140 0.013856 0.016709
0 0.470538 0.502430 0.018281 0.022652
0 0.284043 0.457652 0.013965 0.016811
0 0.689948 0.393946 0.015494 0.020921
0 0.401337 0.482795 0.013271 0.016538
0 0.515304 0.482635 0.014305 0.018612
0 0.335081 0.419125 0.019313 0.021314
0 0.605158 0.557451 0.016426 0.021948
0 0.672884 0.829769 0.015372 0.019572
0 0.488612 0.624903 0.012585 0.016029
0 0.654990 0.796624 0.018202 0.019942
0 0.587190 0.447741 0.016152 0.021573
0 0.558805 0.807709 0.015961 0.021162
0 0.458013 0.462204 0.012706 0.015357
0 0.359706 0.582573 0.012957 0.016283
0 0.254761 0.705744 0.013083 0.015130
0 0.515617 0.235612 0.014196 0.017632
0 0.596626 0.800815 0.016626 0.018922
0 0.397813 0.946434 0.018059 0.022267
0 0.315650 0.428426 0.013695 0.017754
0 0.581538 0.830908 0.016482 0.021285
0 0.517463 0.290267 0.014573 0.019642
0 0.493803 0.803609 0.013955 0.016858
0 0.640510 0.424510 0.012285 0.014811
0 0.309572 0.490366 0.014125 0.017201
0 0.517885 0.944460 0.016569 0.022129
0 0.557208 0.737587 0.014178 0.018189
0 0.495076 0.345666 0.018979 0.021050
0 0.371291 0.336657 0.014835 0.018333
0 0.419903 0.640555 0.013508 0.016532
0 0.610034 0.657145 0.015004 0.017330
0 0.500388 0.766133 0.012912 0.016111
0 0.468984 0.229784 0.015203 0.018649
0 0.543624 0.932428 0.014568 0.017861
0 0.685107 0.525740 0.013194 0.015446
0 0.757620 0.492489 0.017683 0.019767
0 0.377575 0.610089 0.012316 0.014997
0 0.554675 0.312237 0.018008 0.020425
0 0.523623 0.617715 0.016662 0.019806
0 0.682272 0.600960 0.014995 0.018484
0 0.273509 0.556229 0.013585 0.016193
0 0.521439 0.434828 0.013223 0.015868
0 0.328314 0.484633 0.014039 0.016267
0 0.245188 0.613151 0.016397 0.019457
0 0.404523 0.795425 0.013418 0.018058
0 0.312110 0.626850 0.013670 0.017306
0 0.594959 0.694800 0.013750 0.017623
0 0.508814 0.441039 0.012457 0.014909
0 0.595064 0.254195 0.014627 0.016662
0 0.525011 0.894184 0.014062 0.019115
0 0.495726 0.307337 0.014388 0.015358
0 0.296446 0.329251 0.023125 0.029278
0 0.399248 0.295979 0.014439 0.018666
0 0.525446 0.989400 0.019776 0.020378
0 0.652790 0.471617 0.013396 0.017026
0 0.571840 0.396853 0.013839 0.016420
0 0.551463 0.701807 0.013103 0.014826
0 0.442028 0.559579 0.012341 0.016001
0 0.726453 0.550483 0.018458 0.023213
0 0.266227 0.403007 0.015124 0.019449
0 0.253385 0.443646 0.018128 0.023121
0 0.650305 0.359098 0.016016 0.023348
0 0.692458 0.350139 0.024564 0.026126
0 0.703437 0.765816 0.018867 0.022045
0 0.643935 0.452349 0.012699 0.014210
0 0.416004 0.259708 0.024464 0.027450
0 0.356200 0.421212 0.013573 0.016129
0 0.478776 0.777128 0.012125 0.015585
0 0.471028 0.335454 0.014637 0.017026
0 0.664140 0.399621 0.012443 0.016100
0 0.539757 0.403737 0.012616 0.015549
0 0.634576 0.358288 0.014382 0.017244
0 0.465598 0.418832 0.017925 0.019202
0 0.697879 0.588455 0.012358 0.014418
0 0.547392 0.657872 0.011400 0.014421
0 0.605494 0.941290 0.015348 0.022430
0 0.544517 0.885352 0.016662 0.020336
0 0.516702 0.369423 0.013405 0.015335
0 0.483610 0.419237 0.012983 0.014911
0 0.719170 0.484391 0.015254 0.016274
0 0.714579 0.736949 0.013796 0.015734
0 0.279484 0.397226 0.013223 0.016509
0 0.334235 0.633568 0.020260 0.020313
0 0.459087 0.535035 0.012208 0.012748
0 0.636851 0.488822 0.016777 0.017111
0 0.419537 0.764330 0.012410 0.014830
0 0.388245 0.805231 0.015476 0.018475
0 0.450643 0.778602 0.014256 0.017692
0 0.366318 0.267080 0.012882 0.017287
0 0.438451 0.592400 0.013186 0.014998
0 0.545149 0.876467 0.022573 0.037936
0 0.651432 0.910517 0.012744 0.016577
0 0.730721 0.471296 0.012217 0.015399
1 0.447749 0.811423 0.026694 0.042931
0 0.245125 0.520460 0.014505 0.016559
0 0.416909 0.294178 0.014805 0.015642
0 0.544956 0.609693 0.014409 0.015949
0 0.403440 0.815346 0.013216 0.016005
0 0.547446 0.865830 0.016789 0.021196
0 0.606981 0.319058 0.015396 0.018567
0 0.579379 0.666440 0.012955 0.015476
0 0.453137 0.851508 0.013599 0.017157
0 0.562252 0.347951 0.011898 0.013851
0 0.576697 0.350263 0.012180 0.014670
0 0.267020 0.735411 0.011241 0.013599
0 0.709003 0.477386 0.016440 0.017223
0 0.552608 0.371565 0.012119 0.013472
0 0.246380 0.645933 0.011804 0.014088
0 0.654514 0.695214 0.013146 0.017319
0 0.651964 0.476130 0.019961 0.024347
0 0.611283 0.301121 0.013591 0.018225
0 0.499581 0.533453 0.011278 0.013670
0 0.520863 0.562136 0.011607 0.013341
0 0.311742 0.588919 0.010945 0.013224
0 0.417172 0.878287 0.012919 0.017960
0 0.228722 0.410667 0.013482 0.018559
0 0.333526 0.793047 0.012281 0.015326
0 0.365202 0.959610 0.013234 0.018313
0 0.579308 0.703708 0.012986 0.014172
0 0.226882 0.554255 0.011429 0.013708