1 0.364920 0.902070 0.032554 0.044890
1 0.419824 0.816694 0.034685 0.048188
1 0.593201 0.551697 0.067068 0.075366
0 0.476613 0.790157 0.011383 0.014834
1 0.476296 0.653208 0.034608 0.040796
1 0.431417 0.333591 0.033520 0.056647
1 0.233407 0.452533 0.033148 0.046155
1 0.538289 0.750581 0.034616 0.042644
0 0.665688 0.634944 0.011967 0.014053
0 0.663072 0.672311 0.010411 0.013408
0 0.444612 0.676908 0.011976 0.012271
0 0.648767 0.407791 0.013143 0.015972
0 0.655550 0.473712 0.011972 0.014638
0 0.433981 0.560044 0.011359 0.013812
0 0.604372 0.420914 0.010906 0.012535
0 0.545431 0.819864 0.010694 0.013193
0 0.595039 0.940908 0.011696 0.013067
0 0.490885 0.814830 0.011444 0.013741
0 0.551279 0.421261 0.013667 0.016441
0 0.531730 0.577455 0.012115 0.015057
0 0.625273 0.592070 0.011592 0.014250
0 0.577266 0.746094 0.010618 0.012910
1 0.252656 0.861235 0.038617 0.048770
0 0.527086 0.644414 0.012409 0.016510
0 0.691726 0.533462 0.012555 0.014843
0 0.489978 0.324438 0.012321 0.015009
0 0.408631 0.532987 0.012835 0.015902
0 0.501677 0.880741 0.009830 0.012157
0 0.557399 0.590211 0.013277 0.015738
0 0.381872 0.771394 0.011348 0.013354
0 0.335085 0.461608 0.013173 0.016326
0 0.685899 0.392094 0.018226 0.022117
0 0.706275 0.491168 0.014856 0.017850
0 0.502595 0.963571 0.012854 0.017318
0 0.497919 0.414685 0.012145 0.013774
0 0.321443 0.515489 0.011432 0.013966
0 0.395901 0.625097 0.011806 0.014425
0 0.713008 0.406558 0.013717 0.017110
0 0.408562 0.374097 0.011697 0.014152
0 0.386157 0.380972 0.013874 0.017649
0 0.469963 0.851978 0.011154 0.012643
0 0.564200 0.800171 0.010526 0.012721
0 0.707293 0.736229 0.011219 0.014069
0 0.273471 0.396698 0.014312 0.018644
0 0.647075 0.578323 0.012060 0.015620
0 0.616169 0.921379 0.013570 0.015071
0 0.389198 0.858224 0.011848 0.015062
0 0.479855 0.392287 0.012795 0.015984
0 0.604042 0.753571 0.009550 0.011502
0 0.630497 0.628085 0.012860 0.015892
0 0.368876 0.853873 0.010503 0.012465
0 0.403093 0.978029 0.011348 0.013824
0 0.715595 0.583116 0.011355 0.014253
0 0.583706 0.681372 0.011057 0.011515
0 0.669544 0.491367 0.011731 0.014595
0 0.594978 0.598054 0.011965 0.013913
0 0.591886 0.461844 0.013076 0.017663
0 0.547726 0.462025 0.011395 0.013671
1 0.465394 0.717143 0.032991 0.040807
0 0.635507 0.716661 0.011124 0.013771
0 0.435107 0.878886 0.010330 0.011851
0 0.491309 0.603488 0.010549 0.012671
0 0.645938 0.754581 0.010250 0.012232
0 0.594333 0.781385 0.011430 0.012912
0 0.370859 0.423546 0.014457 0.017080
0 0.468962 0.750370 0.011969 0.013599
0 0.507245 0.447319 0.012210 0.014017
0 0.479686 0.910807 0.011664 0.012884
0 0.520279 0.415564 0.012138 0.014982
0 0.729417 0.510299 0.013115 0.022827
0 0.358521 0.748020 0.012024 0.014374
0 0.602959 0.359547 0.012553 0.015126
0 0.516308 0.304198 0.012183 0.015278
0 0.284117 0.460995 0.010883 0.014236
0 0.477344 0.364586 0.012974 0.018665
0 0.729008 0.552049 0.011782 0.013212
0 0.311879 0.350143 0.014386 0.015550
0 0.393972 0.646650 0.010961 0.013227
0 0.306728 0.459733 0.011637 0.014242
0 0.725234 0.447592 0.014636 0.020893
0 0.574195 0.722176 0.010522 0.012517
0 0.655112 0.530317 0.010859 0.014052
0 0.640526 0.684661 0.010461 0.012647
0 0.438231 0.622206 0.012650 0.016327
0 0.463023 0.423322 0.012471 0.016609
0 0.611278 0.718971 0.014780 0.013965
0 0.334327 0.411232 0.014431 0.019650
0 0.328258 0.800503 0.009989 0.012999
0 0.515363 0.784566 0.013656 0.013817
0 0.541092 0.650917 0.012388 0.014823
0 0.599059 0.906496 0.010412 0.011153
0 0.412321 0.695813 0.011364 0.016112
0 0.589678 0.821987 0.009782 0.012312
0 0.306873 0.558563 0.011709 0.014399
0 0.405226 0.847111 0.010392 0.013115
0 0.309443 0.707503 0.011110 0.014125
0 0.453995 0.803051 0.009950 0.011110
0 0.594358 0.624937 0.010528 0.012735
0 0.622842 0.752591 0.009900 0.011003
0 0.708174 0.769199 0.009759 0.012075
0 0.298389 0.632353 0.010610 0.013989
0 0.415709 0.459203 0.011463 0.014317
0 0.535085 0.840741 0.012200 0.011882
0 0.634641 0.379978 0.013383 0.016918
0 0.403660 0.583908 0.011052 0.013850
0 0.617237 0.801812 0.009440 0.011322
0 0.338191 0.901667 0.013416 0.016536
0 0.420532 0.945539 0.014499 0.017809
0 0.482378 0.464234 0.012700 0.016491
0 0.355547 0.596786 0.012276 0.014148
0 0.279734 0.704189 0.010603 0.012616
0 0.384760 0.932447 0.012588 0.016378
0 0.420974 0.516372 0.011873 0.015927
0 0.491594 0.550343 0.013790 0.015927
0 0.606408 0.874187 0.010743 0.012883
0 0.632801 0.773926 0.008731 0.009408
0 0.701996 0.458697 0.016336 0.018502
0 0.529625 0.681124 0.012250 0.011769
0 0.449534 0.540921 0.011387 0.013878
0 0.565895 0.760793 0.010138 0.012446
0 0.286659 0.604080 0.014413 0.014614
0 0.575250 0.913011 0.012085 0.015528
0 0.663436 0.726452 0.010246 0.012281
0 0.526277 0.436371 0.014812 0.013849
0 0.696314 0.609536 0.011123 0.011938
0 0.422195 0.651598 0.011884 0.015748
0 0.529113 0.551622 0.011534 0.012429
0 0.572271 0.683821 0.010179 0.011092
0 0.271566 0.480995 0.011709 0.015351
0 0.657044 0.790009 0.012262 0.012800
0 0.517563 0.989865 0.011656 0.014598
0 0.641896 0.820776 0.009288 0.010681
0 0.522449 0.531696 0.011922 0.014370
0 0.676363 0.809827 0.009430 0.012061
0 0.610591 0.630478 0.012196 0.015342
0 0.387543 0.462293 0.012413 0.014999
0 0.565600 0.337240 0.011424 0.013694
0 0.633146 0.490109 0.012546 0.015879
0 0.696740 0.697313 0.010769 0.012613
0 0.690469 0.719897 0.010423 0.011179
0 0.311081 0.427749 0.012085 0.014107
0 0.602145 0.400719 0.011591 0.015517
0 0.446613 0.767513 0.010661 0.011935
0 0.640477 0.454393 0.011359 0.014332
0 0.317919 0.537976 0.011293 0.011618
0 0.441386 0.851202 0.016062 0.017374
0 0.598011 0.320221 0.015058 0.019101
0 0.433749 0.416237 0.014697 0.015127
0 0.505444 0.579668 0.013569 0.014686
0 0.678919 0.421812 0.011687 0.013938
0 0.210216 0.507879 0.013479 0.016238
0 0.240941 0.603628 0.011743 0.013926
0 0.386423 0.351900 0.013789 0.017049
0 0.513154 0.588568 0.013559 0.013495
0 0.298448 0.476475 0.012569 0.019175
0 0.461615 0.607616 0.013018 0.013145
0 0.481014 0.524942 0.012716 0.014163
0 0.683869 0.767475 0.009716 0.011771
0 0.273846 0.570518 0.013273 0.014307
0 0.288518 0.672653 0.012533 0.012842
0 0.491893 0.699408 0.014924 0.016600
0 0.414344 0.731933 0.013507 0.017936
0 0.650788 0.714472 0.011160 0.012833
0 0.549337 0.546595 0.012326 0.012887
0 0.583471 0.400180 0.011812 0.015544
0 0.427040 0.900378 0.015136 0.014541
0 0.734254 0.676717 0.010291 0.011904
0 0.657968 0.877479 0.010264 0.011431
0 0.736815 0.642980 0.011670 0.015209
0 0.680772 0.830528 0.010653 0.012104
0 0.546999 0.499299 0.017264 0.017451
0 0.323934 0.785081 0.010359 0.013663
0 0.502819 0.367340 0.012534 0.018573
0 0.285967 0.536067 0.011736 0.013115
0 0.353015 0.388666 0.013253 0.018488
0 0.646036 0.852331 0.009610 0.010348
0 0.516322 0.480053 0.010931 0.013115
0 0.610016 0.853713 0.009472 0.010094
0 0.436490 0.499068 0.011731 0.012436
0 0.352443 0.525530 0.012330 0.015470
0 0.360978 0.659090 0.013518 0.014685
0 0.461125 0.905993 0.010616 0.011923
0 0.556606 0.704507 0.012452 0.013866
0 0.535109 0.872790 0.009991 0.011637
0 0.298288 0.405484 0.015416 0.017539
0 0.208104 0.582519 0.017726 0.022626
0 0.456091 0.364659 0.016479 0.018517
0 0.369220 0.508892 0.011680 0.013315
0 0.287560 0.730683 0.010655 0.012306
0 0.452878 0.451633 0.012034 0.014568
0 0.631355 0.879318 0.011489 0.014063
0 0.636636 0.924028 0.009972 0.011886
0 0.647312 0.341054 0.012106 0.016611
0 0.513065 0.692674 0.014423 0.014973
0 0.253951 0.715771 0.011173 0.013678
0 0.572791 0.413353 0.011489 0.014574
0 0.490020 0.749658 0.010044 0.011407
0 0.399438 0.443356 0.013172 0.017688
0 0.682864 0.440672 0.014859 0.017973
0 0.352565 0.701628 0.009174 0.011274
0 0.292358 0.495607 0.010819 0.011985
0 0.384538 0.994249 0.012482 0.011304
0 0.411651 0.568229 0.012913 0.016931
0 0.443776 0.472672 0.014493 0.014900
0 0.606835 0.685177 0.012549 0.013342
0 0.693706 0.562539 0.010070 0.012100
0 0.434950 0.736033 0.010653 0.011044
0 0.272939 0.670492 0.010374 0.011273
0 0.743566 0.548461 0.014110 0.015198
0 0.694738 0.664080 0.014355 0.016390
0 0.375195 0.958645 0.011047 0.013777
0 0.347290 0.939392 0.013598 0.014203
0 0.264984 0.444773 0.010998 0.012164
0 0.512226 0.930286 0.011551 0.010235
0 0.456233 0.585003 0.012216 0.018087
0 0.213130 0.617753 0.011662 0.014911
0 0.437991 0.419954 0.013168 0.015956
0 0.563749 0.874270 0.010843 0.011646
0 0.684982 0.601452 0.011679 0.012315
0 0.553167 0.626288 0.012324 0.015103
0 0.322520 0.630161 0.009723 0.012078
0 0.583943 0.493658 0.011766 0.016274
0 0.246047 0.646431 0.009066 0.012319
0 0.235359 0.581588 0.010759 0.013809
0 0.716766 0.794448 0.009852 0.011119
0 0.613334 0.497637 0.010643 0.013528
0 0.715780 0.691051 0.009453 0.011546
0 0.470727 0.561815 0.010578 0.014224
0 0.376178 0.686499 0.013633 0.013259
0 0.345683 0.640459 0.012215 0.012655
0 0.519726 0.934291 0.012741 0.010231
0 0.478860 0.886361 0.010066 0.012747
0 0.459684 0.299881 0.011007 0.019192
0 0.573584 0.895686 0.009583 0.010648
0 0.484264 0.586965 0.012824 0.013818
0 0.246928 0.476268 0.010934 0.012825
0 0.526606 0.684927 0.015387 0.013189
0 0.338636 0.555688 0.016098 0.016993
0 0.527073 0.841585 0.013676 0.011877
0 0.465773 0.928301 0.010529 0.011233
0 0.250378 0.520076 0.012121 0.015935
0 0.410064 0.483238 0.010758 0.012712
0 0.410190 0.763001 0.010224 0.012734
0 0.504679 0.667833 0.013446 0.017624
0 0.271262 0.794388 0.009163 0.010261
0 0.370133 0.621365 0.012674 0.013875
0 0.528421 0.352549 0.012132 0.016151
0 0.519217 0.879069 0.011461 0.011751
0 0.325241 0.598400 0.010993 0.015512
0 0.424520 0.647866 0.011000 0.013448
0 0.571300 0.599697 0.011534 0.014183
0 0.301889 0.794669 0.013077 0.019886
0 0.534387 0.781759 0.010047 0.010568
0 0.316361 0.906576 0.012278 0.011364
0 0.392540 0.797639 0.013372 0.016114
0 0.499086 0.496556 0.012791 0.016581
0 0.557389 0.550358 0.012675 0.012061
0 0.314764 0.656135 0.012127 0.011437
0 0.527302 0.333198 0.012454 0.018540
0 0.424973 0.779606 0.013634 0.012619
0 0.359052 0.566118 0.010935 0.012959
0 0.481926 0.415852 0.010681 0.013201
1 0.561316 0.938920 0.037949 0.042338