1 0.243267 0.431526 0.051239 0.052424
0 0.647575 0.686918 0.020675 0.019935
1 0.907801 0.577702 0.054205 0.049215
0 0.532923 0.798393 0.019762 0.019849
0 0.615516 0.907649 0.017480 0.018131
1 0.968557 0.780495 0.054787 0.044246
0 0.759403 0.235577 0.019733 0.020500
0 0.693950 0.258024 0.021278 0.020261
0 0.991749 0.441358 0.015494 0.016101
0 0.827783 0.277515 0.018942 0.018925
0 0.821436 0.732909 0.018202 0.016766
0 0.647917 0.340441 0.016251 0.014932
0 0.455558 0.489140 0.017933 0.019041
0 0.832679 0.800561 0.020101 0.014737
0 0.846451 0.952977 0.015072 0.013740
0 0.711525 0.368504 0.016880 0.015243
0 0.415764 0.760106 0.017952 0.018515
1 0.894138 0.151097 0.058411 0.049742
0 0.654912 0.971436 0.014996 0.014653
0 0.690797 0.939482 0.015073 0.013828
0 0.783358 0.739223 0.016415 0.014955
0 0.726641 0.473146 0.019522 0.017908
0 0.416973 0.656638 0.014612 0.014301
0 0.577002 0.368844 0.019613 0.019089
0 0.813852 0.687240 0.016606 0.015639
0 0.580404 0.420143 0.018177 0.016561
0 0.660449 0.138805 0.016244 0.014658
0 0.632812 0.484101 0.019729 0.019043
0 0.900111 0.671762 0.015522 0.015673
0 0.930860 0.447092 0.019556 0.019544
0 0.749086 0.205019 0.016224 0.014863
0 0.708160 0.647226 0.018128 0.018566
0 0.785874 0.940942 0.013884 0.012287
0 0.789837 0.840688 0.015073 0.013176
0 0.708693 0.757957 0.015331 0.013912
0 0.820125 0.637240 0.019822 0.017949
0 0.826658 0.419244 0.024341 0.016672
0 0.980750 0.688528 0.017529 0.017466
0 0.883221 0.354083 0.018862 0.018131
0 0.771269 0.961439 0.014137 0.013283
0 0.389664 0.690527 0.014306 0.013489
0 0.728103 0.702945 0.018370 0.016940
0 0.765031 0.318737 0.018161 0.018301
0 0.590795 0.804027 0.016983 0.016672
0 0.498205 0.397404 0.020548 0.019936
0 0.807639 0.562299 0.020647 0.019289
0 0.521306 0.310029 0.019389 0.019869
0 0.793231 0.717224 0.018486 0.016430
0 0.809322 0.603034 0.019185 0.017552
0 0.512203 0.653233 0.016185 0.015347
0 0.436319 0.787970 0.015577 0.014041
0 0.734280 0.172429 0.020094 0.018183
0 0.380809 0.874169 0.016367 0.014997
0 0.906962 0.332891 0.015260 0.014664
0 0.902898 0.711001 0.016690 0.015141
0 0.804470 0.806683 0.015763 0.015607
0 0.947366 0.670108 0.015670 0.014261
0 0.652913 0.896925 0.016190 0.015936
0 0.636680 0.301586 0.019249 0.017362
0 0.911545 0.907323 0.016585 0.015197
0 0.868411 0.736010 0.016553 0.015108
0 0.775631 0.917415 0.014866 0.013423
0 0.633167 0.818425 0.025793 0.020041
0 0.351217 0.833976 0.014782 0.015198
0 0.693475 0.411727 0.017039 0.016877
0 0.648498 0.394616 0.019430 0.016133
1 0.261601 0.659020 0.046523 0.044428
0 0.396829 0.503080 0.018390 0.019357
0 0.724272 0.416927 0.015604 0.014259
1 0.900356 0.216584 0.038593 0.036454
0 0.325625 0.490666 0.016125 0.015552
0 0.589397 0.447786 0.016144 0.014796
0 0.770360 0.423205 0.017547 0.017635
0 0.669109 0.631714 0.018760 0.016998
0 0.726423 0.953966 0.013673 0.013635
0 0.735685 0.331462 0.015800 0.013797
0 0.644049 0.771866 0.019886 0.018797
0 0.616775 0.237494 0.018188 0.018533
0 0.767285 0.653299 0.020640 0.017701
0 0.920135 0.693730 0.014746 0.013877
0 0.604702 0.475482 0.015592 0.014792
0 0.722729 0.213467 0.018970 0.018126
1 0.296737 0.608456 0.058576 0.078417
0 0.473461 0.643464 0.019506 0.018480
0 0.325907 0.545522 0.014872 0.015044
0 0.551149 0.397181 0.017678 0.016060
0 0.398827 0.460551 0.017311 0.017407
0 0.698542 0.796115 0.016406 0.015002
0 0.757604 0.832678 0.014671 0.014456
0 0.458367 0.412967 0.017399 0.017012
0 0.568798 0.641877 0.015122 0.014107
0 0.365716 0.678947 0.015510 0.014789
0 0.659159 0.417225 0.015452 0.013877
0 0.470343 0.730436 0.015306 0.014455
0 0.660154 0.725341 0.018932 0.016264
0 0.992693 0.562924 0.014613 0.016426
0 0.612135 0.333033 0.014822 0.014184
0 0.880623 0.929114 0.013759 0.013088
0 0.903039 0.401550 0.016807 0.015650
0 0.967782 0.648877 0.015378 0.014343
0 0.579777 0.205584 0.015141 0.016949
0 0.755414 0.941156 0.018542 0.014289
0 0.798679 0.659413 0.019880 0.018411
0 0.565574 0.316519 0.015480 0.014327
0 0.377041 0.642913 0.020159 0.014868
0 0.808622 0.363818 0.019912 0.019094
0 0.811745 0.985734 0.013904 0.014542
0 0.971080 0.854624 0.013463 0.011775
0 0.450225 0.917684 0.020210 0.019101
0 0.593679 0.317595 0.015033 0.014780
0 0.381022 0.522002 0.018810 0.016779
0 0.582998 0.535838 0.015865 0.014855
0 0.778008 0.145067 0.015603 0.016336
1 0.469844 0.156483 0.042997 0.045074
0 0.297805 0.500667 0.016476 0.015187
0 0.971303 0.819515 0.013384 0.011394
0 0.868518 0.520266 0.018509 0.020444
0 0.499916 0.251930 0.019211 0.016929
0 0.593479 0.930762 0.016384 0.015699
0 0.614430 0.938448 0.016495 0.015072
0 0.898909 0.425463 0.015360 0.013933
0 0.587943 0.606385 0.014681 0.014727
0 0.847219 0.505996 0.017049 0.015175
0 0.868276 0.238321 0.014175 0.013547
0 0.769761 0.294525 0.015319 0.014138
0 0.867998 0.463222 0.018334 0.016330
0 0.644003 0.749248 0.016767 0.015891
0 0.762612 0.603812 0.016779 0.015862
0 0.619961 0.602407 0.014558 0.013497
0 0.583012 0.481222 0.016289 0.013641
0 0.933547 0.388694 0.017589 0.013029
0 0.572809 0.989708 0.022702 0.018926
0 0.769394 0.462950 0.020226 0.020098
0 0.598185 0.961287 0.019439 0.016478
0 0.784891 0.603082 0.015938 0.014387
0 0.772141 0.633706 0.016919 0.016010
0 0.253944 0.498946 0.015531 0.014863
0 0.682294 0.372957 0.015509 0.013893
0 0.626425 0.712769 0.014126 0.012365
0 0.740085 0.492518 0.019106 0.016422
0 0.981994 0.375844 0.015287 0.013551
0 0.528937 0.483204 0.016513 0.014218
0 0.424502 0.496042 0.016237 0.016044
0 0.651762 0.280455 0.015700 0.014497
0 0.444456 0.946664 0.020849 0.021276
0 0.847288 0.783888 0.018795 0.016794
0 0.555256 0.947643 0.024253 0.024583
0 0.681002 0.987636 0.014783 0.015064
0 0.696906 0.569070 0.020162 0.021764
0 0.696561 0.688583 0.015886 0.013752
0 0.663567 0.865643 0.017817 0.016584
0 0.418552 0.589389 0.025727 0.017438
0 0.987237 0.342158 0.015084 0.013704
0 0.733389 0.592398 0.015414 0.013882
0 0.379839 0.584230 0.015736 0.015041
0 0.749529 0.912916 0.017576 0.016167
0 0.670243 0.500620 0.016227 0.013618
0 0.958828 0.376219 0.015360 0.013054
0 0.360492 0.296393 0.015899 0.014756
0 0.555297 0.473532 0.021683 0.017614
0 0.882574 0.445375 0.015395 0.013948
0 0.883229 0.648300 0.017275 0.015945
0 0.838275 0.206181 0.017155 0.018666
0 0.672153 0.479081 0.016275 0.015864
0 0.719702 0.776563 0.016059 0.016995
0 0.804816 0.853479 0.012953 0.011063
0 0.702011 0.315587 0.028983 0.019324
0 0.726710 0.853885 0.014317 0.013134
0 0.808234 0.882036 0.012732 0.011106
0 0.941885 0.648325 0.016935 0.015282
0 0.747861 0.772332 0.014473 0.013911
0 0.386762 0.774394 0.015322 0.014194
0 0.670224 0.906668 0.016440 0.014821
0 0.525592 0.992225 0.019786 0.015549
0 0.932834 0.356017 0.020049 0.022845
0 0.851845 0.737366 0.015599 0.013476
0 0.406952 0.418804 0.015281 0.013392
0 0.847038 0.570146 0.020663 0.017400
0 0.981830 0.522411 0.019027 0.017292
0 0.967908 0.488622 0.019990 0.019235
0 0.670379 0.583512 0.015855 0.017027
0 0.555465 0.736759 0.016676 0.014620
0 0.834818 0.467311 0.016200 0.016026
0 0.348816 0.326922 0.019169 0.018603
0 0.610505 0.562259 0.015282 0.013440
0 0.686162 0.821562 0.014466 0.013951
0 0.906609 0.963187 0.012598 0.011159
0 0.359674 0.887431 0.015361 0.016118
0 0.821870 0.342605 0.017585 0.016084
0 0.415746 0.788275 0.015132 0.012557
0 0.568989 0.287774 0.017343 0.014048
0 0.916134 0.291320 0.015702 0.015105
0 0.628749 0.659243 0.018466 0.016648
0 0.420187 0.703326 0.013285 0.012459
0 0.874004 0.272445 0.021779 0.015869
0 0.690494 0.485656 0.016211 0.016785
0 0.956948 0.554544 0.015205 0.014403
0 0.619844 0.364571 0.020261 0.023022
0 0.862443 0.762766 0.018056 0.016163
0 0.573335 0.555378 0.016882 0.013490
0 0.887620 0.631802 0.016083 0.015102
0 0.626905 0.114488 0.021543 0.016802
0 0.629664 0.981298 0.015429 0.013299
0 0.495279 0.659102 0.014311 0.013253
0 0.614780 0.638066 0.015039 0.013608
0 0.644415 0.164823 0.015244 0.016538
0 0.684184 0.350957 0.016168 0.015166
0 0.746904 0.535301 0.017260 0.014538
0 0.612686 0.995022 0.015048 0.009956
0 0.550024 0.574187 0.017524 0.015776
0 0.397338 0.835672 0.015026 0.014306
0 0.860893 0.440505 0.015342 0.013796
0 0.512480 0.181807 0.017545 0.016175
0 0.919053 0.850914 0.016929 0.016264
0 0.477414 0.456776 0.015674 0.015205
0 0.542355 0.108115 0.018169 0.019443
0 0.911656 0.994544 0.014497 0.009656
0 0.519417 0.732936 0.016687 0.014681
0 0.382482 0.849714 0.014389 0.013256
0 0.233742 0.526236 0.014538 0.012670
0 0.741723 0.574994 0.014500 0.014155
0 0.960309 0.521010 0.015394 0.014064
0 0.579624 0.736806 0.015140 0.015447
0 0.740861 0.991338 0.020785 0.017324
0 0.525498 0.353973 0.021714 0.016230
0 0.635729 0.577738 0.015087 0.016964
0 0.994082 0.836662 0.011836 0.014047
0 0.876544 0.842835 0.014170 0.012757
0 0.618728 0.536650 0.017691 0.015205
0 0.982162 0.219137 0.016873 0.015786
0 0.900360 0.256283 0.017480 0.016376
0 0.678156 0.448140 0.015901 0.017212
0 0.764624 0.889320 0.017406 0.013134
0 0.436138 0.546888 0.023997 0.019540
0 0.455029 0.991563 0.017210 0.016011
0 0.488512 0.607288 0.017791 0.014757
0 0.769533 0.644764 0.022883 0.031510
0 0.623417 0.356188 0.019382 0.020775
0 0.560095 0.470086 0.018797 0.015635
0 0.624796 0.662934 0.018833 0.016405
0 0.341873 0.749511 0.014947 0.016662
0 0.968709 0.722416 0.024188 0.020816
0 0.676228 0.838945 0.019458 0.015732
0 0.675429 0.798124 0.013353 0.012838
0 0.506352 0.444266 0.022522 0.017136
0 0.300548 0.722012 0.014888 0.016800
0 0.759228 0.511688 0.017346 0.017252
0 0.516095 0.580913 0.019797 0.017076
0 0.377311 0.719209 0.013148 0.016010
0 0.874104 0.913311 0.013592 0.011954
0 0.370279 0.327244 0.015367 0.013575
0 0.748023 0.777735 0.018135 0.024927
0 0.426505 0.431885 0.018968 0.019105
0 0.593238 0.295818 0.014424 0.014475
0 0.844591 0.980966 0.022639 0.014577
0 0.706083 0.971127 0.014928 0.013568
0 0.547999 0.197867 0.015179 0.014387
0 0.747367 0.789501 0.015692 0.018159
0 0.735351 0.558338 0.013995 0.012840
0 0.743023 0.391757 0.015077 0.014750
0 0.595307 0.089533 0.013319 0.013087
0 0.458993 0.604308 0.017223 0.014169
0 0.942469 0.528836 0.014677 0.012174
0 0.946195 0.200274 0.015594 0.018487
0 0.509350 0.480124 0.017144 0.013450
0 0.704245 0.501929 0.015563 0.011314
0 0.984475 0.310097 0.016859 0.016810
0 0.772857 0.818616 0.015877 0.015130
0 0.397596 0.791572 0.013643 0.010862
0 0.940540 0.322843 0.015367 0.013755
0 0.568671 0.440304 0.014751 0.011695
0 0.325389 0.700190 0.015028 0.012699
0 0.709685 0.963355 0.015681 0.016772
0 0.765983 0.350689 0.023783 0.019637
0 0.886635 0.903778 0.013256 0.012596
0 0.543833 0.609865 0.015454 0.013631
0 0.345794 0.465248 0.020082 0.018510
0 0.551100 0.522450 0.021034 0.022375
0 0.638379 0.994454 0.015642 0.009962
0 0.927046 0.551930 0.015819 0.015458
0 0.251500 0.539604 0.017560 0.018717
0 0.811546 0.538482 0.017419 0.018763
0 0.769834 0.814002 0.017362 0.018085
0 0.507075 0.185046 0.021122 0.017765
0 0.886747 0.527847 0.015514 0.015299
0 0.754900 0.134689 0.015499 0.014910
0 0.929532 0.425917 0.015568 0.014482
0 0.424455 0.400568 0.017191 0.016671
0 0.752732 0.430946 0.017108 0.014633
0 0.667470 0.237783 0.013969 0.013046
0 0.928233 0.750029 0.013144 0.015283
0 0.525743 0.285434 0.015162 0.015673
0 0.463606 0.575998 0.016533 0.014979
0 0.643738 0.175114 0.016891 0.022784
0 0.471410 0.218119 0.017448 0.018604
0 0.696913 0.113913 0.016723 0.014948
0 0.720137 0.196116 0.014432 0.016537
0 0.337864 0.702924 0.016612 0.013202
0 0.206013 0.519775 0.019055 0.017768
0 0.868263 0.372109 0.017972 0.019927
0 0.552205 0.136077 0.015968 0.015896
0 0.675746 0.285533 0.014082 0.012404
0 0.550874 0.712450 0.017426 0.017738
0 0.661260 0.635483 0.022733 0.016829
0 0.687391 0.312173 0.020026 0.017542
0 0.300632 0.312246 0.016877 0.016843
0 0.381740 0.305662 0.015099 0.014394
0 0.606467 0.181431 0.025946 0.021665
0 0.790285 0.895490 0.013123 0.011259
0 0.635023 0.570531 0.016219 0.019867
0 0.506805 0.723156 0.017347 0.015510
0 0.684442 0.096130 0.011711 0.010757
0 0.275249 0.720406 0.012736 0.012363
0 0.402517 0.287988 0.017762 0.018430
0 0.652466 0.545592 0.016784 0.016979
0 0.319276 0.290199 0.017565 0.019777
0 0.239886 0.693778 0.017295 0.016667
0 0.330447 0.340303 0.014847 0.013909
0 0.376213 0.729337 0.014616 0.021008
0 0.755906 0.401054 0.014075 0.012577
0 0.685209 0.848626 0.016956 0.014142
0 0.868015 0.995869 0.013582 0.008262
0 0.559806 0.676993 0.018781 0.025317
0 0.556395 0.349769 0.014365 0.013122
0 0.511275 0.727310 0.020845 0.019121
0 0.844649 0.852621 0.013188 0.012192