0 0.308426 0.521515 0.029309 0.018081
0 0.047562 0.517066 0.029123 0.014900
0 0.109530 0.481221 0.023464 0.015110
0 0.622992 0.383301 0.019789 0.016805
0 0.428660 0.419540 0.017499 0.012436
0 0.261149 0.286764 0.027013 0.019918
0 0.521987 0.485306 0.020098 0.017454
0 0.658089 0.456855 0.018138 0.012039
0 0.303711 0.333548 0.020490 0.016516
0 0.310469 0.767278 0.019484 0.015531
0 0.178076 0.283145 0.018079 0.015258
0 0.502552 0.410012 0.018690 0.014027
0 0.678883 0.532538 0.022801 0.012831
0 0.593455 0.258795 0.025891 0.018765
0 0.249382 0.391220 0.021836 0.015964
0 0.271704 0.769160 0.016519 0.010908
0 0.474379 0.506685 0.016571 0.012104
0 0.563655 0.697252 0.022479 0.016562
0 0.075917 0.341562 0.018919 0.013220
0 0.556461 0.334214 0.020221 0.016394
0 0.494745 0.551705 0.020468 0.013709
0 0.260341 0.588491 0.020596 0.015281
0 0.437056 0.314685 0.018712 0.013987
0 0.379248 0.615796 0.014769 0.009537
0 0.537971 0.646013 0.014837 0.010861
0 0.518193 0.576901 0.014114 0.010207
0 0.286016 0.391069 0.019927 0.014573
0 0.210136 0.654208 0.014852 0.012391
0 0.455286 0.297881 0.014824 0.013093
0 0.511089 0.235555 0.024163 0.014982
0 0.165779 0.721006 0.013275 0.009676
0 0.359501 0.232861 0.017109 0.012364
0 0.285544 0.541721 0.015957 0.011158
0 0.713881 0.499104 0.019315 0.013065
0 0.524662 0.309144 0.022215 0.019749
0 0.605581 0.442036 0.014313 0.010582
0 0.305950 0.671179 0.017080 0.014913
0 0.438148 0.519529 0.018897 0.014172
0 0.561307 0.557845 0.016453 0.011400
0 0.655063 0.307214 0.016907 0.013511
0 0.291717 0.783295 0.018209 0.011853
0 0.261058 0.637274 0.018209 0.013863
0 0.429643 0.682738 0.015267 0.009893
0 0.088379 0.546763 0.019171 0.013655
0 0.649797 0.634723 0.017116 0.011496
0 0.312767 0.793785 0.017607 0.012791
0 0.505216 0.257232 0.014030 0.011642
0 0.492163 0.719208 0.014770 0.011082
0 0.412614 0.521281 0.018101 0.012768
0 0.533541 0.251757 0.016604 0.012359
0 0.564732 0.722179 0.018484 0.014142
0 0.446939 0.698481 0.020737 0.013422
0 0.563881 0.536855 0.015305 0.008266
0 0.395256 0.597506 0.017385 0.014292
0 0.459537 0.345258 0.021178 0.014960
0 0.080235 0.570132 0.018160 0.011262
0 0.706225 0.416803 0.016210 0.011501
0 0.187511 0.558557 0.014074 0.011625
0 0.526220 0.714487 0.016161 0.010004
0 0.545202 0.270692 0.017951 0.013007
0 0.078855 0.374242 0.024536 0.020691
0 0.193724 0.516969 0.023481 0.015786
0 0.027851 0.486008 0.020198 0.014159
0 0.563284 0.515225 0.019959 0.012198
0 0.652956 0.484201 0.013216 0.009437
0 0.697833 0.634996 0.017216 0.011007
0 0.336028 0.720014 0.017054 0.012496
0 0.452477 0.363949 0.016226 0.012334
0 0.405573 0.559468 0.012841 0.009571
0 0.252387 0.440411 0.014792 0.013830
0 0.756919 0.507414 0.016558 0.009042
0 0.589383 0.639633 0.017578 0.011401
0 0.144867 0.533002 0.015020 0.011518
0 0.607774 0.616732 0.018534 0.012416
0 0.436916 0.341497 0.017493 0.012150
0 0.252689 0.342071 0.015061 0.010824
0 0.080486 0.493568 0.017507 0.009041
0 0.300934 0.624530 0.020553 0.016142
0 0.712194 0.346759 0.015590 0.010881
0 0.230907 0.327365 0.015233 0.011587
0 0.280109 0.583723 0.018237 0.014802
0 0.320964 0.831296 0.018272 0.012697
0 0.289790 0.257427 0.011116 0.009227
0 0.754129 0.522551 0.015971 0.010111
0 0.399648 0.700992 0.016995 0.013445
0 0.599427 0.750556 0.015407 0.012514
0 0.070603 0.590084 0.023600 0.016818
0 0.737391 0.402294 0.016486 0.011690
0 0.121849 0.395666 0.012312 0.009663
0 0.056427 0.368717 0.018943 0.021629
0 0.326837 0.745627 0.020233 0.012851
0 0.358990 0.215721 0.015495 0.009249
0 0.071395 0.440428 0.017496 0.011563
0 0.386412 0.239117 0.012907 0.010888
0 0.430816 0.615813 0.014681 0.011518
0 0.737435 0.517526 0.011761 0.011483
0 0.011047 0.495123 0.018266 0.013612
0 0.212452 0.471800 0.016008 0.011088
0 0.433168 0.643352 0.018341 0.014540
0 0.457373 0.659776 0.014873 0.009862
0 0.321756 0.729745 0.013645 0.012468
0 0.206152 0.704313 0.015827 0.009884
0 0.455482 0.644255 0.019530 0.014189
0 0.013473 0.587284 0.019012 0.012948
0 0.763398 0.589936 0.015202 0.006945
0 0.699809 0.584421 0.015693 0.012453
0 0.229877 0.480376 0.012316 0.015593
0 0.184151 0.460502 0.016420 0.011987
0 0.193923 0.337577 0.013452 0.010588
0 0.201670 0.744976 0.012484 0.008957
0 0.466899 0.730246 0.017208 0.012773
0 0.455227 0.608383 0.016988 0.010443
0 0.154594 0.314671 0.015995 0.011022
0 0.401659 0.612798 0.014989 0.014059
0 0.370863 0.739291 0.015298 0.012135
0 0.602081 0.618738 0.019898 0.015201
0 0.636028 0.284816 0.012813 0.012488
0 0.449943 0.819068 0.019551 0.016781
0 0.593752 0.528275 0.022810 0.015433
0 0.262911 0.459507 0.042254 0.017606
0 0.890454 0.719484 0.001565 0.000000