1 0.697312 0.767889 0.060251 0.048422
0 0.266850 0.718270 0.024718 0.017613
0 0.601987 0.647379 0.019694 0.015105
0 0.312429 0.699578 0.021441 0.014124
0 0.367909 0.621360 0.031879 0.019761
0 0.713985 0.466317 0.018423 0.012827
0 0.303334 0.749158 0.020779 0.015078
0 0.704742 0.507834 0.018890 0.014606
0 0.650228 0.872484 0.027104 0.019930
1 0.732841 0.660713 0.070197 0.047787
0 0.566999 0.753628 0.026546 0.017611
0 0.604285 0.552310 0.021795 0.016439
0 0.533082 0.532372 0.025674 0.021751
0 0.725051 0.838157 0.021321 0.014729
0 0.237703 0.606919 0.018622 0.013263
0 0.491111 0.547113 0.026134 0.017917
0 0.474480 0.954749 0.028077 0.021295
0 0.603338 0.828829 0.023230 0.016335
0 0.689841 0.874411 0.024579 0.018156
0 0.394913 0.784851 0.033114 0.020215
0 0.149198 0.708764 0.024239 0.016678
0 0.294971 0.543211 0.020254 0.014798
0 0.734721 0.802818 0.031356 0.016742
0 0.213155 0.623007 0.018674 0.012168
0 0.469958 0.524310 0.019099 0.015015
0 0.187628 0.683773 0.017409 0.013227
0 0.379892 0.695409 0.018836 0.014011
0 0.212698 0.717715 0.018695 0.012320
0 0.705546 0.971472 0.017885 0.012985
0 0.228102 0.740937 0.019042 0.012269
1 0.632422 0.749192 0.031701 0.026594
0 0.712198 0.626850 0.017222 0.011200
0 0.206352 0.766516 0.017552 0.012606
0 0.298761 0.691720 0.019227 0.011148
0 0.343411 0.597060 0.018872 0.013527
0 0.201182 0.722581 0.027544 0.015864
0 0.211559 0.720996 0.028815 0.016687
0 0.843792 0.564297 0.020163 0.014598
0 0.881728 0.654710 0.019195 0.014625