1 0.633891 0.396441 0.041189 0.045653
1 0.452656 0.382189 0.031807 0.044471
1 0.432643 0.755284 0.039642 0.059522
1 0.218191 0.431435 0.051553 0.078912
1 0.478928 0.624666 0.036733 0.046149
1 0.318928 0.230497 0.039411 0.046815
1 0.201562 0.303333 0.044974 0.050957
0 0.446078 0.671237 0.013482 0.016214
0 0.511301 0.420871 0.015376 0.019627
0 0.470241 0.434443 0.015990 0.019387
0 0.548643 0.307111 0.016360 0.020323
0 0.509664 0.466432 0.013647 0.016956
0 0.367243 0.277642 0.015814 0.021015
0 0.510420 0.617637 0.013024 0.016520
0 0.574989 0.367576 0.014309 0.017514
0 0.388566 0.359968 0.013648 0.017914
0 0.153290 0.486354 0.010642 0.012823
0 0.482050 0.480901 0.011388 0.013960
0 0.528890 0.442427 0.013441 0.015513
0 0.406856 0.374892 0.012640 0.016605
0 0.251286 0.476585 0.017826 0.019366
0 0.360270 0.521174 0.013508 0.016789
0 0.585723 0.560762 0.011825 0.014905
0 0.380224 0.405607 0.012922 0.015631
0 0.534008 0.392939 0.016087 0.020302
0 0.172831 0.520172 0.009808 0.011666
1 0.642856 0.689221 0.035554 0.050800
0 0.353434 0.788557 0.013791 0.016886
0 0.157775 0.389664 0.011931 0.015512
0 0.562584 0.508825 0.012391 0.015512
0 0.430132 0.512640 0.014119 0.020222
0 0.262566 0.517577 0.016242 0.017966
0 0.268214 0.462775 0.014034 0.015856
0 0.211358 0.377941 0.011230 0.014444
0 0.636912 0.623257 0.012373 0.015323
0 0.592548 0.708549 0.012185 0.015318
0 0.598124 0.683089 0.015146 0.019640
0 0.608625 0.649029 0.015910 0.017812
0 0.258887 0.276843 0.013576 0.019605
0 0.114485 0.545179 0.015179 0.019077
0 0.484854 0.363477 0.013208 0.017437
0 0.322572 0.454722 0.015442 0.019567
0 0.198141 0.557059 0.010985 0.015280