0 0.880101 0.520892 0.026906 0.019489
0 0.715524 0.539424 0.027292 0.019081
0 0.498795 0.270021 0.021928 0.017297
0 0.689836 0.442112 0.020367 0.014811
0 0.250267 0.331360 0.020338 0.014726
0 0.580336 0.472172 0.020446 0.014566
0 0.750437 0.507077 0.021531 0.015950
0 0.570495 0.293377 0.020065 0.014762
0 0.801383 0.339936 0.024435 0.018249
0 0.586084 0.506527 0.020533 0.015048
1 0.523489 0.534143 0.041774 0.030983
0 0.614031 0.427528 0.020986 0.013984
0 0.468410 0.492126 0.017934 0.013098
0 0.270544 0.295192 0.020021 0.016304
0 0.648093 0.453530 0.020093 0.014933
0 0.598488 0.628169 0.027055 0.020039
0 0.331579 0.392665 0.020131 0.013793
0 0.404825 0.194646 0.021525 0.016400
0 0.506486 0.501767 0.019409 0.013254
0 0.645039 0.151415 0.021180 0.015487
0 0.583877 0.364826 0.023859 0.015204
0 0.446056 0.576102 0.020494 0.014652
0 0.559222 0.256913 0.024206 0.017379
0 0.871523 0.321769 0.020144 0.015607
0 0.453680 0.426249 0.020858 0.015556
0 0.898369 0.333128 0.021923 0.016305
0 0.440380 0.171677 0.021681 0.015149
0 0.697471 0.332148 0.027716 0.022309
0 0.304249 0.378809 0.022001 0.015015
0 0.663123 0.361284 0.020830 0.015477
0 0.287677 0.380854 0.019609 0.013466
0 0.888662 0.357875 0.021616 0.015891
0 0.247813 0.471294 0.023258 0.015339
1 0.566007 0.621986 0.034911 0.027782
0 0.342493 0.411545 0.018806 0.012861
0 0.546191 0.225776 0.023173 0.016162
0 0.304323 0.276923 0.027512 0.020211
0 0.804710 0.400012 0.022743 0.017373
0 0.727679 0.491290 0.022453 0.014524
0 0.380106 0.653921 0.022382 0.014078
0 0.551205 0.421549 0.024448 0.018465
0 0.565894 0.574765 0.020384 0.014201
0 0.389433 0.304965 0.020841 0.017186
0 0.579839 0.246816 0.022719 0.016797
0 0.594358 0.545548 0.020371 0.014304
0 0.527385 0.240345 0.020104 0.014091
0 0.675229 0.396401 0.020461 0.015517
0 0.419904 0.557875 0.019974 0.015192
1 0.424760 0.715433 0.037574 0.022142
1 0.878330 0.227456 0.034890 0.028180