1 0.251884 0.752653 0.048195 0.045860
1 0.597064 0.194671 0.093713 0.076026
0 0.883636 0.617241 0.019595 0.017114
0 0.837255 0.240201 0.025695 0.025105
0 0.177638 0.667192 0.026110 0.023001
0 0.432540 0.585047 0.022992 0.022146
1 0.297779 0.215643 0.056876 0.050219
0 0.471511 0.348126 0.020376 0.019208
0 0.528543 0.531189 0.024739 0.020780
0 0.579434 0.667332 0.025458 0.024395
0 0.602735 0.313312 0.021649 0.019860
0 0.290455 0.495831 0.020874 0.019593
0 0.698957 0.822416 0.020917 0.019825
0 0.521629 0.586546 0.021919 0.020434
1 0.518902 0.211096 0.055556 0.048976
1 0.412988 0.758614 0.057433 0.053568
0 0.403541 0.853366 0.027468 0.023706
0 0.462268 0.522681 0.020839 0.020063
0 0.539994 0.281058 0.019099 0.017494
0 0.713338 0.650283 0.023078 0.019418
0 0.631211 0.919150 0.024918 0.023028
0 0.525129 0.415993 0.020274 0.018009
0 0.742965 0.368540 0.026937 0.025366
0 0.758099 0.709206 0.020875 0.019713
0 0.985687 0.588780 0.020770 0.017933
0 0.715701 0.449001 0.025913 0.021585
0 0.472465 0.251906 0.024322 0.016872
0 0.979221 0.458451 0.021171 0.020363
0 0.639874 0.506648 0.019904 0.018216
0 0.543550 0.353805 0.023930 0.020350
1 0.241620 0.182982 0.050162 0.043094
0 0.162839 0.340901 0.019116 0.017944
0 0.422376 0.407655 0.019509 0.018375
0 0.715973 0.887346 0.024483 0.022289
0 0.358722 0.358964 0.019633 0.018454
0 0.660873 0.072374 0.024403 0.024482
0 0.894936 0.643167 0.017460 0.015256
0 0.731223 0.490050 0.027800 0.021671
0 0.438282 0.915362 0.025164 0.022437
0 0.570426 0.759402 0.027801 0.026596
0 0.831108 0.642647 0.020254 0.017980
0 0.408704 0.688831 0.029566 0.027103
0 0.867853 0.311005 0.020066 0.018974
0 0.317557 0.340790 0.017926 0.016120
0 0.679945 0.791712 0.021675 0.019892
0 0.194288 0.311986 0.018245 0.016617
0 0.613137 0.484710 0.019329 0.018693
0 0.937240 0.766618 0.017039 0.015492
0 0.587625 0.601754 0.022234 0.023805
0 0.944089 0.214450 0.026194 0.019733
0 0.159663 0.460588 0.023974 0.021709
0 0.650904 0.473858 0.025654 0.022686
0 0.183526 0.727867 0.024038 0.020836
0 0.512636 0.277532 0.018216 0.015625
0 0.209433 0.257751 0.016797 0.016275
0 0.876366 0.832758 0.021114 0.021933
0 0.190126 0.511781 0.020428 0.019089
0 0.167056 0.551052 0.022970 0.020468
0 0.670305 0.862046 0.021352 0.019975
0 0.507343 0.067340 0.016328 0.015256
0 0.563190 0.877448 0.024624 0.022659
0 0.448939 0.549256 0.019777 0.017461
0 0.921006 0.486640 0.019851 0.018307
0 0.376150 0.394552 0.021840 0.020536
0 0.532381 0.473779 0.017754 0.015999
0 0.385519 0.788203 0.024100 0.022346
0 0.896631 0.823855 0.019825 0.018562
0 0.870342 0.444674 0.033464 0.028166
0 0.426918 0.492658 0.025530 0.017543
0 0.407856 0.360787 0.024126 0.026257
0 0.588553 0.018269 0.017803 0.015483
0 0.816166 0.624079 0.017692 0.017069
0 0.560159 0.465419 0.020545 0.018873
0 0.142839 0.290921 0.018517 0.016761
0 0.775634 0.146187 0.017743 0.017034
0 0.111982 0.519224 0.018713 0.017826
0 0.642955 0.141464 0.016774 0.013923
0 0.360416 0.222148 0.015997 0.014177
0 0.365656 0.327626 0.017423 0.015296
0 0.185972 0.174282 0.019200 0.021201
0 0.748554 0.815557 0.020514 0.019740
0 0.522545 0.165218 0.020805 0.017795
0 0.524141 0.845884 0.021754 0.019951
0 0.650182 0.713368 0.016871 0.014212
0 0.324750 0.289469 0.017864 0.014790
0 0.765904 0.654994 0.016346 0.014445
0 0.935720 0.678704 0.026580 0.027412
0 0.329503 0.262074 0.017523 0.016278
0 0.549152 0.175179 0.014607 0.013423
0 0.360125 0.470843 0.022765 0.020299
1 0.858581 0.175356 0.037532 0.031475
0 0.838010 0.714039 0.024053 0.020549
0 0.760175 0.752884 0.017947 0.016619
0 0.237241 0.299383 0.021933 0.021156
0 0.823345 0.410210 0.019324 0.018391
0 0.983594 0.477682 0.020796 0.017975
0 0.784432 0.389356 0.026041 0.027222
0 0.938751 0.665464 0.025215 0.032487
0 0.994221 0.704108 0.011558 0.014522
0 0.496564 0.107130 0.016788 0.014468
0 0.430055 0.185774 0.017846 0.016175
0 0.527335 0.245310 0.016544 0.013255
0 0.252724 0.265217 0.016758 0.015764
0 0.377391 0.149008 0.022965 0.019887
0 0.745659 0.217157 0.022793 0.021095
0 0.458344 0.480368 0.019676 0.020306
0 0.822528 0.305640 0.025445 0.023695
0 0.294890 0.270473 0.015506 0.014275
0 0.139798 0.217090 0.019965 0.017861
0 0.661107 0.988180 0.025059 0.022537
0 0.946181 0.785209 0.015947 0.013629
0 0.836581 0.434396 0.016246 0.013355
0 0.250724 0.468456 0.021658 0.021237
0 0.070062 0.526461 0.019978 0.017961
0 0.838949 0.879532 0.016677 0.015070
0 0.926016 0.793163 0.017344 0.013493
0 0.767379 0.777535 0.020528 0.018596
0 0.587721 0.242273 0.017593 0.014247
0 0.260396 0.281467 0.017993 0.015929
0 0.777224 0.824690 0.016184 0.016123
0 0.462069 0.651616 0.025396 0.023233
0 0.908539 0.460942 0.029808 0.024885
0 0.704365 0.960257 0.024702 0.023466
0 0.543744 0.804518 0.016959 0.015405
0 0.598217 0.941630 0.024807 0.022745
0 0.359895 0.070642 0.018345 0.018090
0 0.877245 0.859799 0.016275 0.014713