1 0.694250 0.704357 0.040895 0.049392
1 0.380984 0.606216 0.040520 0.048419
0 0.478558 0.624665 0.016471 0.020190
0 0.447245 0.713378 0.017928 0.022057
0 0.589836 0.904252 0.017614 0.022009
0 0.479633 0.327219 0.018538 0.023519
0 0.537803 0.584922 0.015010 0.018326
1 0.408273 0.212217 0.029614 0.036874
1 0.474916 0.959748 0.034562 0.045772
0 0.551543 0.868887 0.015167 0.019679
0 0.455324 0.602359 0.015514 0.019189
0 0.641458 0.600535 0.013323 0.017188
0 0.367884 0.345777 0.018266 0.026639
0 0.529164 0.829323 0.014480 0.019232
0 0.584671 0.549444 0.014608 0.019267
0 0.346432 0.723107 0.013371 0.015798
0 0.365907 0.418924 0.013701 0.018064
0 0.409964 0.835630 0.014872 0.019424
0 0.266056 0.442324 0.013199 0.018019
0 0.390238 0.434490 0.013253 0.018410
0 0.383830 0.461099 0.011858 0.015180
0 0.521970 0.787938 0.022470 0.024590
0 0.313299 0.488625 0.013497 0.016487
0 0.467853 0.652225 0.014762 0.017685
0 0.398992 0.730936 0.014368 0.017830
0 0.478742 0.906117 0.014939 0.019128
0 0.358322 0.696112 0.013040 0.018300
0 0.561974 0.609283 0.015975 0.017732
0 0.604639 0.389644 0.013568 0.017226
0 0.359462 0.771024 0.012762 0.017079
0 0.333943 0.656208 0.013528 0.016087
0 0.494895 0.578893 0.014054 0.018416
0 0.415475 0.695327 0.013378 0.018674
0 0.229887 0.433279 0.015608 0.019105
0 0.409061 0.644495 0.016157 0.018527
0 0.682784 0.458887 0.014817 0.017773
0 0.507843 0.607366 0.014306 0.018576
0 0.253832 0.620511 0.017903 0.024143
0 0.444760 0.346240 0.015075 0.018978
0 0.597260 0.593616 0.011603 0.015112
0 0.702807 0.394249 0.015192 0.020359
0 0.521132 0.886399 0.018723 0.023741
0 0.718881 0.593299 0.013086 0.018160
0 0.428387 0.654634 0.011967 0.014715
0 0.256188 0.539476 0.015132 0.020815
0 0.625362 0.502341 0.014725 0.018074
0 0.703179 0.524941 0.014423 0.016761
0 0.398506 0.383132 0.015804 0.023613
0 0.590001 0.365531 0.019125 0.024373
0 0.648979 0.625865 0.012431 0.014957
0 0.644871 0.887515 0.015741 0.016483
0 0.661314 0.763431 0.013323 0.018655