1 0.379972 0.917288 0.088462 0.086446
1 0.017462 0.160631 0.034924 0.046223
1 0.089837 0.492436 0.070265 0.073697
0 0.310278 0.703153 0.026653 0.020694
0 0.201048 0.347497 0.022849 0.021365
0 0.361562 0.348926 0.022301 0.021095
0 0.678117 0.383755 0.024295 0.022518
0 0.552829 0.372879 0.021041 0.019116
0 0.353094 0.105351 0.021800 0.018847
0 0.375030 0.508076 0.025273 0.021984
0 0.310999 0.377030 0.021658 0.018936
0 0.390007 0.464979 0.023108 0.019351
0 0.508919 0.497692 0.020854 0.020491
0 0.254221 0.154231 0.024126 0.020671
0 0.356833 0.180367 0.024201 0.021350
0 0.402350 0.379468 0.025834 0.021639
0 0.321541 0.078651 0.024359 0.020933
0 0.664925 0.217535 0.020700 0.017217
0 0.146502 0.363001 0.023133 0.022842
0 0.457751 0.299144 0.022257 0.018906
0 0.166217 0.595029 0.025373 0.022652
0 0.229756 0.858789 0.022620 0.019469
0 0.360465 0.266829 0.023416 0.019865
0 0.282598 0.103331 0.024500 0.021070
0 0.309567 0.593609 0.024538 0.023821
0 0.160572 0.522378 0.021509 0.019766
0 0.181314 0.231106 0.022256 0.019527
0 0.445244 0.450987 0.024018 0.020775
0 0.561222 0.198733 0.021767 0.019370
0 0.242089 0.589665 0.025685 0.021593
0 0.479629 0.376185 0.020594 0.019119
0 0.203630 0.702161 0.020422 0.017745
0 0.441410 0.562078 0.027628 0.022043
0 0.240973 0.719578 0.023450 0.021205
1 0.826012 0.475472 0.081279 0.070029
0 0.275041 0.770445 0.020205 0.018970
0 0.353984 0.577419 0.022351 0.018626
1 0.115004 0.037863 0.075753 0.075726
0 0.558589 0.766327 0.022694 0.021841
0 0.267502 0.797043 0.023349 0.019616
0 0.556006 0.097919 0.019739 0.018468
0 0.131758 0.330404 0.023213 0.019038
0 0.321789 0.304973 0.027862 0.022061
0 0.470700 0.266137 0.026092 0.019070
0 0.268385 0.738545 0.024162 0.018548
0 0.512743 0.727378 0.026394 0.027102
0 0.529319 0.352500 0.022718 0.017744
0 0.549707 0.148210 0.025122 0.022836
0 0.668970 0.811749 0.021550 0.019915
0 0.459589 0.133086 0.032724 0.029395
0 0.294707 0.831156 0.030410 0.024354
0 0.689832 0.771052 0.018979 0.017981
0 0.269084 0.375527 0.025207 0.026248
0 0.288271 0.621654 0.021809 0.020420
0 0.677685 0.882849 0.021252 0.019489
0 0.414365 0.529768 0.022526 0.019740
0 0.096993 0.389068 0.026552 0.023685
0 0.612957 0.335924 0.027307 0.024278
0 0.315876 0.789542 0.020404 0.018768
0 0.703581 0.416090 0.024538 0.021057
0 0.580736 0.240179 0.023009 0.019855
0 0.505723 0.158802 0.025260 0.023053
0 0.451237 0.843444 0.028006 0.022141
0 0.221533 0.046439 0.019995 0.019416
0 0.188714 0.828876 0.024070 0.020946
0 0.720963 0.722369 0.025682 0.020607
0 0.121826 0.588615 0.027311 0.021132
0 0.023171 0.667106 0.026006 0.023469
0 0.200069 0.576247 0.022069 0.020911
0 0.257320 0.873859 0.022302 0.021388
0 0.096522 0.143618 0.022463 0.019522
0 0.428400 0.219372 0.025822 0.027889
0 0.387345 0.042691 0.035631 0.022154
0 0.767725 0.653098 0.022446 0.021328
0 0.442300 0.787450 0.020605 0.017583
0 0.281177 0.282027 0.027690 0.024983
0 0.426477 0.650692 0.021648 0.020594
0 0.143945 0.842600 0.021373 0.018969
0 0.642030 0.243296 0.022852 0.018490
0 0.131015 0.773667 0.023983 0.019576
0 0.183921 0.865305 0.028427 0.021374
0 0.438311 0.763867 0.021044 0.018771
0 0.480022 0.754448 0.022315 0.019219
0 0.251279 0.232378 0.024323 0.022088
0 0.052028 0.609427 0.028484 0.023124
0 0.147207 0.276688 0.023415 0.021509
0 0.280405 0.951766 0.027492 0.026965
0 0.089578 0.556571 0.020536 0.017336
0 0.509019 0.860569 0.020745 0.019701
0 0.192637 0.024713 0.023749 0.022065
0 0.283041 0.498470 0.022705 0.020558
0 0.023457 0.390616 0.028108 0.026318
0 0.328737 0.274200 0.019126 0.016421
0 0.050351 0.519001 0.021707 0.019839
0 0.056146 0.576750 0.026662 0.021533
0 0.133343 0.398534 0.021171 0.019046
0 0.732296 0.696764 0.020172 0.018516
0 0.537678 0.934164 0.028388 0.022103
0 0.029814 0.638437 0.022952 0.022273
0 0.018050 0.093110 0.025516 0.026888
0 0.398570 0.796289 0.017802 0.015479
0 0.625763 0.412098 0.029724 0.021511
0 0.140908 0.818319 0.018867 0.017920
0 0.185085 0.549996 0.020873 0.017607
0 0.345592 0.659100 0.021876 0.018588
0 0.733710 0.235037 0.019446 0.018267
0 0.673747 0.562752 0.022705 0.020240
0 0.772661 0.220014 0.027241 0.024663
0 0.675388 0.506348 0.022442 0.020121
0 0.456663 0.637420 0.032751 0.031636
0 0.369302 0.657770 0.020313 0.018591
0 0.692823 0.478545 0.016789 0.014649
0 0.425195 0.387661 0.021982 0.018443
0 0.686184 0.720045 0.020779 0.018471
0 0.740400 0.448708 0.021317 0.019337
0 0.128205 0.903111 0.023129 0.026625
0 0.721578 0.828741 0.019494 0.017825
0 0.126886 0.641465 0.029897 0.025962
0 0.040752 0.055863 0.020540 0.018172
0 0.304071 0.432620 0.029396 0.027272
0 0.561989 0.428373 0.021141 0.019028
0 0.116789 0.355115 0.021385 0.018619
0 0.767968 0.743203 0.021426 0.021589
0 0.633953 0.193376 0.023091 0.020962
0 0.081591 0.586615 0.018482 0.016500
0 0.555395 0.844919 0.024637 0.023839
0 0.054092 0.038787 0.018587 0.016491
0 0.663759 0.440922 0.016728 0.015017
0 0.610567 0.266636 0.022107 0.018876
0 0.531913 0.798171 0.026821 0.025706
0 0.006579 0.418877 0.013158 0.022226
0 0.102071 0.927226 0.040425 0.027342
0 0.137524 0.134291 0.021833 0.019514
0 0.070372 0.865801 0.031056 0.032112
0 0.642129 0.872592 0.021394 0.020417
0 0.583064 0.948177 0.028587 0.022503
0 0.614791 0.154752 0.023958 0.027506
0 0.228833 0.134173 0.021724 0.016874
0 0.060219 0.401244 0.022644 0.021428
0 0.226376 0.747236 0.029991 0.020910
0 0.089144 0.068662 0.022536 0.017436
0 0.397343 0.739992 0.026442 0.019771
0 0.552121 0.831407 0.022886 0.026627
0 0.525285 0.304523 0.018580 0.017806
0 0.506747 0.447472 0.022952 0.019512
0 0.043811 0.735060 0.020763 0.018292
0 0.496727 0.905946 0.026689 0.021206
0 0.420852 0.804148 0.017272 0.013925
0 0.618168 0.900379 0.022728 0.020027
0 0.573400 0.586529 0.027443 0.022876
0 0.284755 0.044029 0.030660 0.025262
0 0.277161 0.640154 0.027006 0.019481
0 0.080954 0.802177 0.017686 0.015486
0 0.453851 0.423661 0.023903 0.017006
0 0.461311 0.355253 0.017575 0.015792
0 0.456542 0.327658 0.019858 0.019627
0 0.101482 0.828385 0.019227 0.016824
0 0.108344 0.115742 0.023131 0.022422
0 0.026310 0.481424 0.023469 0.020289
0 0.129638 0.952633 0.026352 0.025458
0 0.042688 0.910316 0.029239 0.022590
0 0.069389 0.245391 0.027926 0.034138
0 0.685194 0.542244 0.018876 0.014669
0 0.426722 0.820962 0.022098 0.019456
0 0.156763 0.904023 0.025678 0.026736
0 0.505288 0.282660 0.019548 0.017699
0 0.537968 0.508653 0.020275 0.019170
0 0.017013 0.726348 0.019351 0.019111
0 0.653002 0.168722 0.028559 0.020228
0 0.513313 0.323038 0.020035 0.018112
0 0.784728 0.588528 0.021710 0.021517
0 0.617505 0.630490 0.026260 0.019696
0 0.123710 0.563802 0.018508 0.014078
0 0.079876 0.874289 0.030182 0.031065
0 0.375852 0.040283 0.038419 0.022744
0 0.241318 0.747662 0.024481 0.020313
0 0.208509 0.553197 0.015371 0.013224
0 0.116277 0.463669 0.018951 0.017687
0 0.630353 0.839347 0.022638 0.021592
0 0.710040 0.579445 0.020497 0.017011