0 0.361462 0.861069 0.029256 0.018325
0 0.306222 0.815519 0.016722 0.011012
0 0.304550 0.373918 0.016759 0.012409
0 0.413346 0.840028 0.019215 0.012042
0 0.480765 0.537003 0.021378 0.014800
0 0.505068 0.387716 0.024860 0.019155
0 0.453044 0.564794 0.019028 0.012348
0 0.103140 0.471589 0.018912 0.013675
0 0.551158 0.345362 0.031006 0.019733
0 0.439512 0.351332 0.019868 0.012087
0 0.177849 0.633087 0.017100 0.011447
0 0.412318 0.370303 0.019311 0.014985
0 0.210931 0.387385 0.019906 0.013247
0 0.462656 0.839948 0.020520 0.013914
0 0.403326 0.427661 0.022576 0.016657
0 0.209418 0.508942 0.019043 0.013741
0 0.382313 0.453377 0.020607 0.013844
0 0.231961 0.320930 0.028621 0.019212
0 0.094419 0.555852 0.017061 0.011666
0 0.325995 0.437541 0.022049 0.014594
0 0.410582 0.710366 0.015857 0.009968
0 0.546684 0.573783 0.016707 0.012029
0 0.341755 0.412608 0.019034 0.012814
0 0.428811 0.638981 0.018942 0.013561
0 0.538301 0.848132 0.019095 0.014605
0 0.423148 0.819683 0.016149 0.011452
0 0.259573 0.643263 0.019915 0.014764
0 0.297534 0.603587 0.024566 0.014942
0 0.160570 0.566592 0.017995 0.012142
0 0.177216 0.471259 0.017566 0.012531
0 0.513150 0.312425 0.018632 0.013053
0 0.279936 0.499112 0.019302 0.013813
0 0.488607 0.787818 0.018104 0.011836
0 0.699732 0.421993 0.024526 0.018017
0 0.570945 0.792476 0.018715 0.011707
0 0.166031 0.593924 0.017306 0.011493
0 0.366964 0.640920 0.018835 0.013550
0 0.548016 0.505851 0.020071 0.014297
0 0.241932 0.409493 0.018541 0.012764
0 0.548585 0.396216 0.020961 0.014313
0 0.032767 0.515218 0.020675 0.014024
0 0.274720 0.328043 0.021055 0.016626
0 0.448436 0.374109 0.018776 0.012699
0 0.448594 0.695527 0.019057 0.014195
0 0.204134 0.419935 0.023671 0.018582
0 0.363865 0.287879 0.019043 0.014082
0 0.461385 0.808289 0.016008 0.010246
0 0.373622 0.315021 0.017800 0.013567
0 0.453701 0.653839 0.015284 0.009634
0 0.086672 0.620819 0.017623 0.012259
0 0.705995 0.678935 0.018397 0.013973
0 0.189944 0.669861 0.016590 0.012085
0 0.481885 0.300951 0.018961 0.013856
0 0.122784 0.690029 0.016857 0.010667
0 0.473434 0.598736 0.018049 0.009828
0 0.744569 0.465678 0.021370 0.014284
0 0.325347 0.842939 0.019535 0.012984
0 0.618338 0.393059 0.021287 0.014060
0 0.441742 0.856981 0.025864 0.017024
0 0.578626 0.590623 0.017985 0.011751
0 0.260316 0.680120 0.016646 0.011467
0 0.372951 0.489049 0.016043 0.009777
0 0.270358 0.404165 0.017028 0.011344
0 0.256655 0.508977 0.018930 0.013551
0 0.456895 0.626168 0.018192 0.013000
0 0.453038 0.734708 0.021393 0.014003
0 0.064608 0.408506 0.018512 0.013229
0 0.160579 0.353670 0.025963 0.017500
0 0.556562 0.695515 0.014457 0.009700
0 0.443024 0.528159 0.016286 0.010816
0 0.529657 0.681935 0.014519 0.009640
0 0.567703 0.667424 0.018195 0.012220
0 0.441425 0.597582 0.016465 0.011770
0 0.353696 0.352154 0.016411 0.010828
0 0.584643 0.518819 0.015316 0.010761
0 0.578669 0.828749 0.020655 0.013758
0 0.191736 0.487692 0.017887 0.012922
0 0.186008 0.840837 0.017686 0.011882
0 0.202218 0.815480 0.016775 0.012227
0 0.351484 0.830699 0.015837 0.010144
0 0.177261 0.508385 0.015807 0.011653
0 0.193661 0.731615 0.019097 0.013749
0 0.377106 0.334697 0.016468 0.011649
0 0.508030 0.624765 0.017772 0.011358
0 0.335784 0.573628 0.020369 0.013926
0 0.272088 0.812474 0.016608 0.011332
0 0.232569 0.784672 0.019973 0.014095
0 0.528137 0.407562 0.018263 0.012393
0 0.645807 0.702703 0.013997 0.009520
0 0.648983 0.583774 0.019673 0.014423
0 0.520931 0.667444 0.013965 0.009538
0 0.412734 0.759843 0.017272 0.011398
0 0.478247 0.751166 0.017832 0.011935
0 0.273666 0.425064 0.019201 0.012474
0 0.337413 0.387587 0.017549 0.011841
0 0.348616 0.528182 0.015299 0.010005
0 0.494252 0.710498 0.014289 0.010503
0 0.195345 0.611225 0.026114 0.014125
0 0.320309 0.396476 0.016295 0.010823
1 0.510755 0.509539 0.025275 0.020234
0 0.508583 0.763651 0.018619 0.011646
0 0.703982 0.627459 0.014811 0.010435
0 0.668712 0.537183 0.016607 0.011837
0 0.668573 0.679159 0.017609 0.013390
0 0.439281 0.330646 0.015356 0.012133
0 0.321587 0.725635 0.015946 0.010523
0 0.201914 0.443401 0.017120 0.011080
0 0.557267 0.774807 0.015281 0.010108
0 0.481799 0.403295 0.017314 0.010351
0 0.217520 0.533303 0.017334 0.011304
0 0.571296 0.719336 0.017160 0.011284
0 0.007656 0.498293 0.015311 0.011684
0 0.106232 0.588925 0.014269 0.009199
0 0.413805 0.484141 0.014997 0.009555
0 0.475095 0.669008 0.019775 0.013134
0 0.658150 0.784847 0.016696 0.011361
0 0.487147 0.825468 0.015205 0.011655
0 0.070750 0.708550 0.017393 0.011241
0 0.418560 0.279950 0.015397 0.010877
0 0.449857 0.478401 0.018341 0.010340
0 0.115278 0.796958 0.020518 0.015518
0 0.599878 0.759581 0.019043 0.013493
0 0.609223 0.642212 0.017801 0.011121
0 0.629818 0.540094 0.025950 0.017987
0 0.099236 0.721449 0.017708 0.012855
0 0.643405 0.421750 0.022361 0.014343
0 0.273338 0.848589 0.018420 0.013255
0 0.711609 0.575225 0.008058 0.010399
0 0.342933 0.634212 0.014547 0.009973
0 0.590172 0.683511 0.016629 0.010712
0 0.162127 0.391027 0.020640 0.012861
0 0.227185 0.853489 0.020592 0.014686
0 0.469091 0.420281 0.015307 0.010571
0 0.317466 0.702774 0.023635 0.013273
0 0.194309 0.589435 0.017731 0.011885
0 0.316143 0.549244 0.020878 0.012163
0 0.641834 0.462170 0.018149 0.013189
0 0.551419 0.318066 0.019926 0.013141
0 0.051181 0.453052 0.018194 0.017867
0 0.130121 0.393943 0.023820 0.011655
0 0.230253 0.553717 0.018109 0.011928
0 0.048560 0.631558 0.016927 0.011861
0 0.453214 0.670360 0.015051 0.009934
0 0.157814 0.733857 0.017168 0.010884
0 0.539845 0.716208 0.014644 0.012574
0 0.438310 0.546806 0.013501 0.009795
0 0.106125 0.417531 0.015681 0.010619
0 0.321446 0.527883 0.014464 0.009771
0 0.557099 0.634827 0.012928 0.008772
0 0.159067 0.748925 0.022297 0.014003
0 0.323801 0.495835 0.022963 0.013800
0 0.430534 0.489626 0.016548 0.009875
0 0.377981 0.428280 0.016732 0.009693
0 0.503930 0.853879 0.019931 0.015125
0 0.644653 0.555645 0.016232 0.010299
0 0.171903 0.491100 0.017201 0.010788
0 0.117215 0.727513 0.018835 0.012587
0 0.612612 0.799323 0.016026 0.011870
0 0.587053 0.645057 0.014337 0.012382
0 0.604788 0.719356 0.016917 0.012262
0 0.447606 0.458579 0.028026 0.019763
0 0.021481 0.423712 0.021383 0.015721
0 0.126277 0.553355 0.016488 0.010183
0 0.488646 0.482885 0.017155 0.010569
0 0.371949 0.686212 0.014180 0.009756
0 0.559110 0.753820 0.013728 0.009640
0 0.096845 0.747905 0.022062 0.012981
0 0.330437 0.790311 0.020777 0.015285
0 0.459236 0.452072 0.021906 0.014450
0 0.348508 0.728098 0.022379 0.010648
0 0.464759 0.759494 0.015052 0.009570
0 0.275675 0.571738 0.013545 0.009655
0 0.338773 0.676794 0.013889 0.008572
0 0.383761 0.886925 0.029596 0.021257
0 0.091628 0.366964 0.018474 0.012953
0 0.686143 0.484095 0.015528 0.011559
0 0.061166 0.654657 0.030579 0.016493
0 0.276374 0.699113 0.015281 0.009471
0 0.329776 0.781341 0.021826 0.018023
0 0.375451 0.753248 0.024885 0.018494
0 0.619605 0.715169 0.017389 0.012066
0 0.445057 0.715307 0.013158 0.009921
0 0.438699 0.465152 0.019152 0.011928
0 0.122941 0.428186 0.018451 0.012191
0 0.353043 0.457186 0.023349 0.013854
0 0.253564 0.539965 0.014957 0.009710
0 0.708146 0.399071 0.017714 0.015466
0 0.739709 0.546654 0.021054 0.012635
0 0.497505 0.477343 0.020166 0.014644
0 0.735405 0.624055 0.018226 0.015225
0 0.111197 0.710455 0.014920 0.011055
0 0.158260 0.742139 0.022404 0.022410
0 0.228930 0.816761 0.014878 0.009126
0 0.632228 0.749046 0.014224 0.008752
0 0.151963 0.541315 0.017798 0.011169
0 0.413202 0.615810 0.014625 0.009853
0 0.145768 0.805196 0.017887 0.013452
0 0.762935 0.639562 0.021630 0.012909
0 0.178083 0.489658 0.026008 0.011438
1 0.788465 0.565939 0.022651 0.030888