1 0.370190 0.387873 0.052477 0.039358
0 0.210944 0.566027 0.014844 0.010263
0 0.154456 0.397059 0.016898 0.013501
0 0.289277 0.348235 0.017241 0.012496
0 0.450467 0.396219 0.014923 0.011027
0 0.451548 0.605750 0.013980 0.010021
0 0.504430 0.596126 0.014052 0.010109
1 0.443878 0.505853 0.064018 0.042185
0 0.293936 0.545928 0.015192 0.010288
0 0.564195 0.287492 0.016371 0.010704
0 0.288900 0.310070 0.018019 0.013802
0 0.499066 0.615316 0.016682 0.011013
0 0.344149 0.577953 0.015241 0.010223
0 0.423409 0.595920 0.014030 0.009979
0 0.306261 0.561812 0.015935 0.010845
0 0.361297 0.755297 0.016737 0.011002
0 0.631737 0.336209 0.017603 0.011916
0 0.438504 0.683376 0.016182 0.010098
0 0.476503 0.584188 0.015136 0.010233
0 0.360234 0.527980 0.013228 0.009546
0 0.385114 0.545186 0.013428 0.009443
0 0.577619 0.540906 0.016241 0.011629
0 0.689469 0.277418 0.017069 0.011698
0 0.567987 0.256447 0.017416 0.011684
0 0.229832 0.520027 0.015012 0.010210
0 0.506111 0.753220 0.018128 0.013162
0 0.353700 0.299131 0.016445 0.011761
0 0.629183 0.386537 0.015801 0.011328
0 0.505854 0.416128 0.014429 0.009378
0 0.328695 0.498555 0.014277 0.009872
0 0.476271 0.398546 0.015874 0.010571
0 0.656536 0.729316 0.017937 0.012126
0 0.632939 0.434724 0.019283 0.013739
0 0.544671 0.258227 0.017366 0.013900
0 0.268802 0.471042 0.013842 0.010242
0 0.227685 0.459571 0.016889 0.011750
0 0.634805 0.315333 0.017871 0.011982
0 0.660976 0.387001 0.015559 0.010494
0 0.318701 0.516559 0.013420 0.009506
0 0.770253 0.513515 0.016376 0.010929
0 0.532310 0.465188 0.017241 0.010917
0 0.363051 0.422288 0.014150 0.009633
0 0.686461 0.462362 0.019603 0.015170
0 0.227667 0.583184 0.014892 0.009724
0 0.354313 0.326093 0.014703 0.009516
0 0.750761 0.332973 0.017868 0.013692
0 0.740722 0.354336 0.016108 0.011034
0 0.355702 0.653415 0.014549 0.008466
0 0.233946 0.610266 0.013573 0.009285
0 0.430048 0.555931 0.013038 0.009011
0 0.266504 0.449023 0.015336 0.011533
0 0.435368 0.340855 0.017113 0.011667
0 0.538996 0.389512 0.019628 0.013916
0 0.804043 0.475675 0.015348 0.010700
0 0.373612 0.465555 0.014484 0.010046
0 0.795143 0.490803 0.013687 0.009979
0 0.451012 0.572721 0.017929 0.011550
0 0.569857 0.722944 0.017484 0.011806
0 0.744832 0.477358 0.016935 0.011249
0 0.261340 0.500442 0.014115 0.009236
0 0.407202 0.618347 0.016933 0.012569
0 0.375572 0.509241 0.014963 0.010125
0 0.339988 0.742819 0.015744 0.010674
0 0.297949 0.619399 0.014393 0.010265
0 0.325473 0.565860 0.014611 0.009845
0 0.606529 0.323302 0.016132 0.010615
0 0.421642 0.406546 0.016042 0.011679
0 0.341219 0.696577 0.017245 0.012836
0 0.379162 0.665780 0.015079 0.010162
0 0.346201 0.611968 0.014002 0.009692
0 0.326415 0.300984 0.016149 0.010674
0 0.271240 0.421428 0.013528 0.010253
0 0.263774 0.640406 0.013779 0.009041
0 0.521033 0.720114 0.017633 0.011303
0 0.340644 0.447761 0.017393 0.011489
0 0.720551 0.663630 0.014714 0.009074
0 0.305906 0.368023 0.014901 0.013026
0 0.521957 0.336979 0.016362 0.011201
0 0.520050 0.437191 0.015996 0.011341
0 0.464233 0.326718 0.013786 0.009643
0 0.194579 0.394825 0.014991 0.010558
0 0.510191 0.383727 0.014790 0.009643
0 0.721111 0.285655 0.023053 0.014682
0 0.436178 0.439673 0.014605 0.010653
0 0.788423 0.447026 0.015718 0.011088
1 0.491221 0.230937 0.030641 0.022031
0 0.822155 0.501578 0.014891 0.009956
0 0.712489 0.419255 0.016873 0.012323
0 0.530479 0.685979 0.015074 0.009423
0 0.300460 0.658559 0.014345 0.009876
0 0.249732 0.300614 0.018069 0.012779
0 0.663497 0.258980 0.018925 0.013539
0 0.360083 0.558555 0.015781 0.010352
0 0.480390 0.464612 0.014643 0.009751
0 0.612828 0.290377 0.015607 0.010630
0 0.319656 0.620512 0.015031 0.009589
0 0.213942 0.543196 0.013862 0.008880
0 0.693744 0.295416 0.016965 0.011732
0 0.473472 0.249279 0.014932 0.010541
0 0.378647 0.634329 0.017351 0.011327
0 0.203037 0.428871 0.014580 0.010088
0 0.586395 0.700368 0.017463 0.011806
0 0.296608 0.428974 0.013167 0.009109
0 0.488328 0.669509 0.013590 0.009580
0 0.389875 0.496779 0.013998 0.009853
0 0.462302 0.367072 0.013508 0.009246
0 0.374279 0.232599 0.016772 0.011921
0 0.388913 0.691685 0.014103 0.009491
0 0.180814 0.368068 0.018457 0.012263
0 0.246496 0.670479 0.015598 0.011002
0 0.506106 0.310002 0.015639 0.010074
0 0.571771 0.326631 0.018127 0.013122
0 0.591238 0.659018 0.014118 0.009207
0 0.532151 0.313188 0.016359 0.012415
0 0.488445 0.360841 0.015505 0.013558
0 0.639105 0.277213 0.015957 0.010224
0 0.309061 0.409114 0.015809 0.010136
0 0.553934 0.708118 0.015497 0.010498
0 0.297860 0.740448 0.015199 0.010203
0 0.613579 0.610871 0.013104 0.008865
0 0.729451 0.402925 0.015070 0.009891
0 0.581700 0.680876 0.016083 0.011429
0 0.188747 0.551107 0.015224 0.010555
0 0.522233 0.355365 0.013699 0.009297
0 0.721547 0.465854 0.014856 0.009559
0 0.754914 0.409964 0.015297 0.010597
0 0.663015 0.425975 0.019790 0.012149
0 0.358270 0.487939 0.015268 0.010624
0 0.725038 0.633916 0.016801 0.010897
0 0.451986 0.466334 0.014845 0.009962
0 0.679110 0.547967 0.015049 0.010586
0 0.722191 0.537313 0.015907 0.012533
0 0.605186 0.553240 0.014713 0.009927
0 0.399129 0.514837 0.013358 0.008073
0 0.194035 0.524265 0.013731 0.008629
0 0.504125 0.664830 0.016523 0.012017
0 0.421157 0.365053 0.015741 0.009793
0 0.229846 0.688161 0.014809 0.009112
0 0.551290 0.585791 0.014497 0.010058
0 0.542175 0.755044 0.017653 0.011767
0 0.522603 0.412002 0.014454 0.009148
0 0.695161 0.590402 0.014836 0.010942
0 0.507381 0.261565 0.013645 0.009004
0 0.491281 0.485345 0.015527 0.010891
0 0.553304 0.681797 0.014408 0.009746
0 0.601747 0.630872 0.016550 0.010885
0 0.356385 0.596222 0.013612 0.008504
0 0.648200 0.632158 0.012920 0.008338
0 0.586204 0.618830 0.016226 0.010142
0 0.228095 0.632013 0.014007 0.008296
0 0.792626 0.531557 0.014363 0.010671
0 0.299296 0.458907 0.015292 0.011551
0 0.399005 0.334644 0.013703 0.010197
0 0.615081 0.676532 0.015589 0.009321
0 0.411923 0.261423 0.015139 0.009518
0 0.335594 0.402974 0.013145 0.009338
0 0.471943 0.540969 0.014452 0.009493
0 0.370942 0.727450 0.015438 0.010720
0 0.311095 0.685474 0.012936 0.007745
0 0.730599 0.678825 0.013857 0.009242
0 0.545704 0.551307 0.014312 0.010151
0 0.385667 0.358287 0.014764 0.009907
0 0.417024 0.777896 0.019063 0.012425
0 0.748877 0.616831 0.013732 0.009493
0 0.155280 0.453869 0.012711 0.009096
0 0.321541 0.664234 0.013662 0.008852
0 0.722194 0.589089 0.016232 0.012312
0 0.502790 0.467837 0.014696 0.010285
0 0.604719 0.590812 0.016498 0.009580
0 0.755077 0.309563 0.016767 0.011167
0 0.511558 0.551718 0.014198 0.008933
0 0.591214 0.286979 0.018065 0.010661
0 0.398935 0.285716 0.017418 0.013881
0 0.760506 0.642944 0.014909 0.009855
0 0.308148 0.336249 0.014819 0.011029
0 0.308441 0.720697 0.014987 0.009075
0 0.487154 0.520258 0.016288 0.010175
0 0.486571 0.697300 0.013682 0.009529
0 0.393741 0.764243 0.020355 0.010697
0 0.183598 0.607325 0.016332 0.009461
0 0.119494 0.404343 0.018269 0.012007
0 0.360894 0.445270 0.013126 0.008529
0 0.441716 0.307507 0.015408 0.009798
0 0.257284 0.618039 0.013070 0.009216
0 0.748473 0.539839 0.014475 0.009053
0 0.351243 0.268640 0.020080 0.010124
0 0.328591 0.589271 0.013842 0.009123
0 0.801753 0.560331 0.012761 0.008289
0 0.754769 0.661757 0.013541 0.009013
0 0.694449 0.556369 0.015052 0.009015
0 0.195379 0.442471 0.013438 0.008604
0 0.371520 0.345702 0.013880 0.009042
0 0.388328 0.604313 0.014163 0.008785
0 0.354066 0.720710 0.013416 0.008853
0 0.439353 0.358275 0.014552 0.009175
0 0.688343 0.326914 0.019721 0.014755
0 0.435339 0.738966 0.021165 0.011944
0 0.734966 0.561636 0.013952 0.009161
0 0.512351 0.288738 0.014309 0.009157
0 0.370886 0.607788 0.012447 0.008137
0 0.394383 0.738523 0.022805 0.010053
0 0.422225 0.238570 0.013242 0.008989
0 0.583168 0.348875 0.019753 0.011903
0 0.465859 0.734414 0.016303 0.011238
0 0.281443 0.693211 0.016024 0.010959
0 0.169462 0.474562 0.014418 0.009015
0 0.528340 0.765633 0.019111 0.011403
0 0.471825 0.427227 0.014854 0.011213
0 0.752499 0.577429 0.014091 0.008475
0 0.797859 0.510544 0.014359 0.009379
0 0.638100 0.611614 0.014242 0.010559
0 0.730966 0.316838 0.016522 0.010836
0 0.706595 0.384219 0.014483 0.010419
0 0.744088 0.443847 0.015054 0.010838
0 0.467241 0.282533 0.013060 0.009784
0 0.362462 0.683903 0.012637 0.007875
0 0.792545 0.338885 0.017399 0.012844
0 0.272562 0.728211 0.014267 0.009005
0 0.240375 0.531943 0.013864 0.008848
0 0.387656 0.246685 0.014851 0.011896
0 0.436219 0.268835 0.013382 0.009297
0 0.561535 0.346389 0.013845 0.008960
0 0.717462 0.365005 0.016140 0.011337
0 0.342483 0.556533 0.015775 0.009312
0 0.499473 0.335451 0.015825 0.009117
0 0.345665 0.425989 0.012110 0.008057
0 0.171764 0.504844 0.017584 0.010421
0 0.453702 0.422439 0.014216 0.008796
0 0.413476 0.317173 0.012881 0.009998
0 0.653966 0.648111 0.014223 0.009916
0 0.466223 0.694534 0.016287 0.011251
0 0.622329 0.762646 0.019654 0.013717
0 0.771453 0.350581 0.016810 0.012494
0 0.550293 0.566181 0.014212 0.009028
0 0.466244 0.264681 0.012963 0.009362
0 0.147718 0.486847 0.011934 0.011293
0 0.503311 0.449659 0.014965 0.013582
0 0.528024 0.552852 0.015271 0.009465
0 0.188128 0.481668 0.013844 0.010382
0 0.215227 0.496257 0.014221 0.008959
0 0.405051 0.365901 0.017394 0.009445
0 0.220285 0.672018 0.012935 0.009310
0 0.688802 0.432216 0.015166 0.009266
0 0.305723 0.660238 0.021742 0.009190
0 0.153058 0.473183 0.011568 0.008507
0 0.391304 0.262005 0.014217 0.009539
0 0.211489 0.446123 0.012196 0.008595
0 0.577896 0.597176 0.013015 0.008735
0 0.327591 0.379698 0.018336 0.009147
0 0.662895 0.270595 0.016041 0.010466
0 0.703696 0.452535 0.015101 0.008915
0 0.216429 0.295606 0.016979 0.013138
0 0.648948 0.667296 0.013215 0.008704
0 0.634660 0.656897 0.014683 0.010507
0 0.196055 0.606768 0.013686 0.007602
0 0.369488 0.286141 0.016746 0.012555
0 0.715288 0.693656 0.014067 0.009444
0 0.135419 0.425321 0.018652 0.012596
0 0.428157 0.702028 0.014381 0.009363
0 0.326617 0.457623 0.014228 0.009618
0 0.146880 0.491530 0.011877 0.010297
0 0.718728 0.331524 0.017949 0.012626
0 0.597614 0.577559 0.017880 0.009431
0 0.448207 0.481557 0.013321 0.009774
0 0.580367 0.563376 0.016629 0.010002
0 0.337727 0.483235 0.013404 0.008712
0 0.313879 0.390282 0.012838 0.008216
0 0.486617 0.315110 0.015451 0.013837
0 0.685450 0.609015 0.015690 0.010808
0 0.345730 0.269694 0.015422 0.009286
0 0.488559 0.296528 0.015524 0.009291
0 0.479311 0.434664 0.015241 0.009750
0 0.404454 0.435623 0.014097 0.009827
0 0.426647 0.299224 0.022371 0.011104
0 0.421511 0.327881 0.015487 0.012149
0 0.356443 0.599069 0.018625 0.013316
0 0.679234 0.446440 0.012279 0.010406
0 0.590300 0.353613 0.022374 0.012927
0 0.164964 0.509211 0.011750 0.007954
0 0.715347 0.359188 0.014199 0.013884
0 0.678610 0.385389 0.017819 0.008656
0 0.502243 0.721408 0.015455 0.009631
0 0.680434 0.674006 0.015626 0.010597
0 0.734715 0.421107 0.014271 0.009198
0 0.406046 0.459283 0.013421 0.008693
0 0.176425 0.431481 0.012854 0.008942
0 0.571564 0.628906 0.012691 0.008070