1 0.443393 0.647753 0.047072 0.032907
0 0.641255 0.533187 0.021534 0.015254
0 0.205447 0.530804 0.018262 0.012153
0 0.287254 0.415426 0.021965 0.015536
0 0.620851 0.503567 0.018277 0.012660
0 0.107908 0.490446 0.021806 0.015127
0 0.383863 0.605642 0.017096 0.011399
0 0.213484 0.609462 0.016818 0.011376
0 0.057341 0.522069 0.020793 0.014711
0 0.617316 0.551753 0.023098 0.012538
0 0.345548 0.637137 0.016635 0.011236
0 0.294064 0.461391 0.027099 0.016799
0 0.164131 0.542576 0.021329 0.014576
0 0.463712 0.688636 0.020942 0.014216
0 0.428864 0.718779 0.017874 0.012437
0 0.526689 0.755446 0.017859 0.012000
0 0.155230 0.424803 0.018568 0.012851
1 0.540092 0.281572 0.046347 0.031430
0 0.122492 0.635237 0.018289 0.012950
0 0.205576 0.377333 0.022137 0.016145
0 0.088552 0.432635 0.017331 0.011140
0 0.218729 0.421652 0.022477 0.014678
0 0.546858 0.753519 0.018058 0.011297
0 0.234822 0.401113 0.022578 0.015657
0 0.116576 0.457569 0.019512 0.013684
0 0.232545 0.628677 0.014950 0.010091
0 0.206797 0.587750 0.020266 0.013909
0 0.154701 0.621068 0.014442 0.010070
0 0.727776 0.597338 0.017787 0.012449
0 0.503151 0.689987 0.018478 0.012134
0 0.611603 0.484629 0.016845 0.012321
0 0.491069 0.585376 0.016598 0.011604
0 0.512871 0.778212 0.023122 0.014616
0 0.060176 0.435174 0.016163 0.012119
0 0.132358 0.595938 0.022936 0.015132
0 0.267432 0.768321 0.021832 0.013936
1 0.344383 0.528104 0.040557 0.032009
0 0.245227 0.645349 0.015385 0.010082
0 0.454609 0.623728 0.013941 0.009848
0 0.021593 0.572043 0.018163 0.009685
0 0.168081 0.410046 0.015131 0.010853
0 0.171254 0.588319 0.014535 0.010201
0 0.677233 0.644288 0.014349 0.010089
0 0.497384 0.723373 0.019952 0.015498
0 0.302029 0.701719 0.014955 0.009758
0 0.007958 0.449562 0.015916 0.012243
0 0.710488 0.536518 0.023594 0.015765
0 0.350641 0.433325 0.026338 0.026648
0 0.228779 0.447764 0.022057 0.013709
0 0.311849 0.691574 0.015808 0.010666
0 0.299864 0.658272 0.015242 0.010781
0 0.168725 0.742918 0.015104 0.009691
0 0.634798 0.425358 0.014386 0.011489
0 0.686389 0.525848 0.016036 0.012580
0 0.517357 0.548761 0.016074 0.012451
0 0.587796 0.411591 0.016974 0.012601
0 0.080040 0.368806 0.017997 0.012369
0 0.256273 0.598253 0.017471 0.011300
0 0.244848 0.767627 0.016389 0.011525
0 0.278463 0.797641 0.019413 0.011886
0 0.720120 0.461399 0.015912 0.011540