1 0.664699 0.591971 0.033604 0.036781
1 0.683979 0.698280 0.137674 0.166518
1 0.368763 0.709240 0.042046 0.052368
0 0.654772 0.527910 0.010924 0.014111
0 0.686539 0.457006 0.010737 0.013761
0 0.572319 0.471048 0.011980 0.014051
0 0.533309 0.599122 0.011158 0.013304
0 0.399995 0.610598 0.011594 0.014641
0 0.368194 0.621610 0.012706 0.016255
0 0.559667 0.631360 0.010956 0.013834
0 0.691274 0.603237 0.010624 0.013309
0 0.667161 0.510386 0.011774 0.013679
0 0.532281 0.523128 0.011546 0.014347
0 0.580060 0.564726 0.011330 0.013410
0 0.679221 0.402296 0.010523 0.012895
0 0.688823 0.509654 0.010222 0.014144
0 0.573591 0.284452 0.012464 0.014291
0 0.495325 0.612840 0.013044 0.018141
0 0.439712 0.536303 0.011832 0.014130
0 0.640265 0.500588 0.010945 0.013672
0 0.397106 0.630363 0.012011 0.014850
0 0.716602 0.552940 0.009340 0.010846
0 0.659475 0.464412 0.011150 0.014116
0 0.624551 0.509555 0.011319 0.013883
0 0.395299 0.576131 0.013811 0.015719
0 0.557420 0.601223 0.012425 0.013874
0 0.652341 0.394227 0.011090 0.013578
0 0.440494 0.769704 0.015297 0.018390
0 0.565304 0.420226 0.013572 0.015592
0 0.611310 0.334833 0.013298 0.016756
0 0.580003 0.409220 0.012355 0.017488
0 0.640324 0.463588 0.012339 0.016031
0 0.451930 0.650645 0.011644 0.015417
0 0.696398 0.479031 0.011482 0.012871
0 0.344775 0.570123 0.014995 0.019274
0 0.364070 0.554121 0.012001 0.013886
0 0.479247 0.471092 0.011729 0.013384
0 0.416768 0.593764 0.011777 0.016359
0 0.538761 0.716310 0.011405 0.014485
0 0.593386 0.609678 0.011452 0.016909
0 0.328156 0.529327 0.011157 0.014234
0 0.466219 0.693547 0.013251 0.016206
0 0.556689 0.782335 0.014283 0.020258
0 0.513446 0.528450 0.014096 0.017824
0 0.602610 0.534980 0.010789 0.012748
0 0.437410 0.507034 0.011271 0.013121
0 0.582209 0.524462 0.011752 0.014935
0 0.457144 0.580880 0.011324 0.013738
0 0.431065 0.649744 0.011519 0.012896
0 0.483256 0.537703 0.012146 0.013768
0 0.564546 0.555966 0.009946 0.011782
0 0.622566 0.370225 0.011510 0.013632
0 0.333870 0.504881 0.012665 0.014730
0 0.482133 0.564146 0.011739 0.013566
0 0.622292 0.583308 0.010180 0.013390
0 0.378700 0.646200 0.012939 0.014612
0 0.669209 0.561681 0.011296 0.011203
0 0.642030 0.317504 0.011842 0.015470
0 0.609066 0.655147 0.010855 0.012922
0 0.603152 0.478140 0.010757 0.013042
0 0.618566 0.697995 0.012648 0.014879
0 0.450792 0.514948 0.012118 0.015139
0 0.508661 0.353679 0.013771 0.019371
0 0.559093 0.665290 0.010162 0.012374
0 0.491950 0.311678 0.012107 0.015731
0 0.490663 0.702288 0.012347 0.014526
0 0.550411 0.362966 0.014276 0.016404
0 0.536820 0.679619 0.010014 0.012689
0 0.352994 0.612030 0.011224 0.015161
0 0.470192 0.612940 0.012258 0.014489
0 0.585567 0.680332 0.012555 0.013687
0 0.427085 0.630552 0.010894 0.012907
0 0.401378 0.502614 0.013120 0.019839
0 0.639397 0.347950 0.010167 0.012320
0 0.700037 0.534397 0.011923 0.012250
0 0.416464 0.571220 0.011401 0.015781
0 0.712821 0.634518 0.010480 0.011665
0 0.596535 0.581065 0.009240 0.011838
0 0.746351 0.373219 0.012022 0.014751
0 0.328561 0.547199 0.011989 0.014427
0 0.364055 0.503849 0.011576 0.013253
0 0.576665 0.326352 0.015019 0.016954
0 0.437132 0.562813 0.013980 0.016259
0 0.524970 0.325402 0.013041 0.014279
0 0.554171 0.450159 0.011870 0.014665
0 0.587961 0.650906 0.012758 0.012715
0 0.536261 0.654874 0.011177 0.011331
0 0.644848 0.428034 0.010847 0.011852
0 0.623548 0.431973 0.013201 0.013288
0 0.696258 0.423343 0.010321 0.013107
0 0.460468 0.392253 0.012639 0.015320
0 0.689946 0.568793 0.010606 0.012609
0 0.415790 0.489847 0.012041 0.014254
0 0.517831 0.634692 0.010891 0.014083
0 0.597684 0.453158 0.013892 0.014213
0 0.479126 0.506928 0.012206 0.017942
0 0.497314 0.518088 0.010788 0.011327
0 0.560732 0.686925 0.010255 0.011472
0 0.538620 0.547042 0.012987 0.015944
0 0.635031 0.561987 0.010219 0.014964
0 0.622688 0.628191 0.009871 0.011532
0 0.752739 0.536271 0.010390 0.011786
0 0.343696 0.419404 0.013205 0.015754
0 0.584572 0.755381 0.011992 0.016961
0 0.510843 0.740231 0.013801 0.015970
0 0.606539 0.495189 0.009774 0.010630
0 0.487184 0.452089 0.014297 0.014813
0 0.548687 0.642288 0.009371 0.011878
0 0.713710 0.586559 0.010474 0.011290
0 0.459472 0.464959 0.011517 0.012889
0 0.596165 0.491174 0.012167 0.012056
0 0.633391 0.743540 0.015709 0.017292
0 0.378529 0.493782 0.010585 0.013262
0 0.384660 0.664542 0.011644 0.012963
0 0.606248 0.628238 0.009966 0.010785
0 0.525937 0.566713 0.011078 0.012375
0 0.644577 0.779731 0.012022 0.013400
0 0.531822 0.495124 0.010993 0.013126
0 0.676030 0.308178 0.011816 0.016115
0 0.366759 0.742949 0.013304 0.017323
0 0.478179 0.404695 0.011604 0.015127
0 0.424621 0.704854 0.013435 0.014674
0 0.468289 0.719966 0.012423 0.014193
0 0.625368 0.533488 0.015162 0.011658
0 0.397997 0.526084 0.012583 0.016523
0 0.463071 0.434866 0.013563 0.017096
0 0.411414 0.764904 0.014731 0.018235
0 0.514799 0.487318 0.011716 0.014441
0 0.503137 0.675592 0.011257 0.012632
0 0.602495 0.558947 0.015072 0.012874
0 0.483573 0.845783 0.015497 0.021309
0 0.684629 0.363126 0.013335 0.015379
0 0.444138 0.621218 0.010950 0.017290
0 0.534575 0.327950 0.014042 0.015337
0 0.602207 0.220250 0.011965 0.016314
0 0.520153 0.467218 0.012626 0.016592
0 0.441841 0.467149 0.011816 0.017720
0 0.362309 0.677679 0.011246 0.013820
0 0.511131 0.441640 0.011733 0.016042
0 0.373981 0.464617 0.012569 0.013539
0 0.463949 0.543122 0.012052 0.015817
0 0.355087 0.631470 0.011700 0.014018
0 0.508009 0.575116 0.012651 0.013457
0 0.719367 0.509948 0.013042 0.018586
0 0.404879 0.448212 0.011266 0.012536
0 0.441875 0.608252 0.012118 0.015308
0 0.410432 0.683012 0.013258 0.013685
0 0.395681 0.530248 0.012133 0.013768
0 0.527486 0.372843 0.013455 0.016531
0 0.603292 0.374212 0.011016 0.017422
0 0.538752 0.444478 0.011753 0.013842
0 0.499669 0.823254 0.014163 0.017435
0 0.460056 0.740523 0.011855 0.014960
0 0.485390 0.425148 0.011975 0.015003
0 0.632784 0.394364 0.013218 0.012809
0 0.366060 0.414440 0.015548 0.019206
0 0.428788 0.443523 0.014281 0.016877
0 0.621847 0.396149 0.011805 0.012010
0 0.387177 0.461780 0.011629 0.014967
0 0.669698 0.435704 0.014939 0.014246
0 0.387716 0.394247 0.011371 0.015156
0 0.658756 0.786847 0.009951 0.012174
0 0.327981 0.534634 0.014176 0.021394
0 0.442280 0.479684 0.011402 0.016179
0 0.545184 0.410130 0.013935 0.015094
0 0.509156 0.601739 0.013652 0.016486
0 0.691269 0.332263 0.011995 0.011877
0 0.565138 0.593210 0.010916 0.012745
0 0.655370 0.332512 0.010085 0.013569
0 0.528489 0.410109 0.013090 0.014392
0 0.618610 0.772228 0.011615 0.013504
0 0.565320 0.378049 0.013561 0.017572
0 0.581832 0.353769 0.013705 0.012222
0 0.361773 0.445811 0.011468 0.013017
0 0.412080 0.649719 0.011408 0.011663
0 0.516128 0.414740 0.011050 0.013365
0 0.589504 0.311890 0.010332 0.011573
0 0.387546 0.756946 0.016824 0.014225
0 0.503771 0.497996 0.011872 0.014346
0 0.600841 0.408959 0.013653 0.014146
0 0.393059 0.423605 0.013335 0.019101
0 0.347057 0.474954 0.017909 0.017716
0 0.727466 0.362703 0.013457 0.017268
0 0.608826 0.497923 0.010915 0.010842
0 0.584153 0.768112 0.012506 0.017148
0 0.519951 0.696060 0.013822 0.013973
0 0.566974 0.500204 0.013247 0.013020
0 0.317654 0.609104 0.014730 0.018260
0 0.484991 0.371914 0.012963 0.015318
0 0.613930 0.233689 0.010108 0.013195
0 0.420262 0.315231 0.012863 0.015271
0 0.466225 0.779284 0.014135 0.016254
0 0.551856 0.337292 0.011643 0.013004
0 0.443468 0.614879 0.012706 0.020977