0 0.610360 0.683771 0.017854 0.011978
0 0.602823 0.417049 0.018180 0.011948
0 0.614652 0.390700 0.016687 0.011887
0 0.612364 0.483176 0.017894 0.012218
0 0.643692 0.350820 0.018489 0.012352
0 0.654237 0.535565 0.017323 0.013172
0 0.554215 0.739837 0.014896 0.009511
0 0.699448 0.618886 0.014588 0.010491
0 0.285021 0.552784 0.014711 0.009842
0 0.313801 0.355972 0.017114 0.011667
0 0.631633 0.580331 0.017064 0.010980
0 0.443847 0.553647 0.016872 0.011217
0 0.618802 0.537975 0.016830 0.011405
0 0.351104 0.790681 0.014389 0.009716
0 0.464022 0.791211 0.014196 0.009684
0 0.679208 0.323724 0.018087 0.013058
0 0.313185 0.389546 0.017051 0.011242
0 0.511228 0.348701 0.016679 0.011651
0 0.529411 0.716286 0.015751 0.011272
0 0.539829 0.777909 0.016213 0.009829
0 0.660995 0.806188 0.017366 0.011667
0 0.489423 0.458778 0.014796 0.010853
0 0.273946 0.518624 0.014665 0.010106
0 0.166356 0.457334 0.020174 0.014373
0 0.789833 0.727358 0.016600 0.010546
0 0.647563 0.313093 0.017850 0.012944
0 0.300131 0.740578 0.013946 0.009634
0 0.715256 0.740720 0.016059 0.010603
0 0.386492 0.782836 0.014064 0.009920
0 0.273166 0.438821 0.017322 0.011254
0 0.569486 0.722618 0.014331 0.010709
0 0.685216 0.658486 0.016701 0.011040
0 0.472367 0.670829 0.017212 0.011663
0 0.367604 0.555217 0.016341 0.010888
0 0.660884 0.772978 0.016485 0.010883
0 0.206759 0.415979 0.020293 0.014605
0 0.739379 0.425268 0.016631 0.010991
0 0.558702 0.695079 0.018244 0.011443
0 0.385116 0.582842 0.017389 0.011639
0 0.712067 0.483186 0.015015 0.009439
0 0.178310 0.497591 0.017987 0.012749
0 0.289160 0.621454 0.012936 0.008521
0 0.451337 0.659179 0.016977 0.010696
0 0.701022 0.393278 0.015343 0.010835
0 0.794268 0.475826 0.015654 0.010474
0 0.428519 0.805383 0.017561 0.012166
0 0.706155 0.643300 0.013341 0.009126
0 0.697120 0.754589 0.015588 0.010592
0 0.271816 0.475352 0.016516 0.010723
0 0.707941 0.523348 0.015745 0.010447
0 0.678270 0.634544 0.016808 0.011587
0 0.618791 0.713828 0.014699 0.009937
0 0.393749 0.323108 0.017057 0.011978
0 0.513031 0.697869 0.014832 0.010561
0 0.774958 0.578730 0.013747 0.009691
0 0.417614 0.382844 0.017501 0.011169
0 0.481330 0.697931 0.015538 0.011181
0 0.405717 0.420565 0.015487 0.009611
0 0.442543 0.771135 0.013404 0.009523
0 0.748656 0.759033 0.015737 0.011189
0 0.583230 0.375302 0.015779 0.010830
0 0.172680 0.533055 0.015099 0.010827
0 0.658606 0.406249 0.015157 0.010801
0 0.688791 0.450736 0.015407 0.010690
0 0.436267 0.294182 0.016086 0.011021
0 0.737489 0.662890 0.014920 0.009988
0 0.594415 0.460039 0.015946 0.010578
0 0.464637 0.307440 0.017434 0.013428
0 0.736585 0.470906 0.016843 0.012226
0 0.457067 0.355856 0.017615 0.011319
0 0.283737 0.582017 0.014275 0.009578
0 0.638561 0.726954 0.014174 0.009103
0 0.589547 0.763257 0.014396 0.009836
0 0.586511 0.740484 0.015596 0.009512
0 0.310966 0.512333 0.014411 0.009840
0 0.833162 0.403686 0.019306 0.014987
0 0.504650 0.329339 0.016445 0.010215
0 0.707039 0.461832 0.015167 0.009895
0 0.633292 0.628064 0.017098 0.010926
0 0.796114 0.437355 0.016108 0.010580
0 0.569106 0.771604 0.016974 0.010839
0 0.311223 0.778387 0.015912 0.010820
0 0.837009 0.494544 0.013935 0.010292
0 0.756179 0.676929 0.013149 0.008131
0 0.780160 0.515498 0.013919 0.009432
0 0.348061 0.549180 0.015501 0.009727
0 0.772735 0.367898 0.017392 0.012033
0 0.337667 0.604250 0.014474 0.008566
0 0.759958 0.552404 0.014974 0.010097
0 0.682997 0.524905 0.015800 0.011151
0 0.499823 0.746604 0.014496 0.009579
0 0.490351 0.519808 0.018158 0.012826
0 0.631808 0.795173 0.015914 0.010953
0 0.769292 0.496074 0.013327 0.009371
0 0.391030 0.600141 0.015559 0.010212
0 0.412367 0.828701 0.016043 0.011556
0 0.344751 0.395242 0.015536 0.009849
0 0.474190 0.535656 0.017475 0.011409
0 0.596455 0.821791 0.023192 0.013935
0 0.333968 0.477813 0.014906 0.009366
0 0.378245 0.496173 0.013532 0.009136
0 0.343783 0.690580 0.013192 0.008507
0 0.736022 0.612373 0.012419 0.008643
0 0.473856 0.729893 0.013219 0.009197
0 0.287723 0.671036 0.013216 0.009050
0 0.396167 0.302746 0.016569 0.011228
0 0.620279 0.815138 0.017536 0.010806
0 0.399664 0.444286 0.016901 0.010629
0 0.523175 0.458869 0.017585 0.013221
0 0.670673 0.547620 0.014983 0.009976
0 0.562163 0.815221 0.014994 0.010505
0 0.194509 0.511729 0.015254 0.010068
0 0.280412 0.701092 0.012783 0.008260
0 0.678874 0.569432 0.013867 0.008890
0 0.369881 0.754608 0.014267 0.008974
0 0.549311 0.384863 0.017242 0.012056
0 0.458166 0.743192 0.013310 0.009384
0 0.435235 0.323957 0.014432 0.010360
0 0.681914 0.782838 0.014643 0.009874
0 0.362088 0.343555 0.019727 0.014271
0 0.557375 0.294449 0.017644 0.012808
0 0.662369 0.366125 0.020939 0.011701
0 0.630514 0.778055 0.016502 0.011136
0 0.828044 0.599177 0.012313 0.008586
0 0.552224 0.431713 0.016621 0.011273
0 0.489355 0.786843 0.014671 0.009266
0 0.780409 0.536772 0.014328 0.009523
0 0.436230 0.827617 0.019202 0.014716
0 0.802801 0.365045 0.016029 0.010931
0 0.453532 0.516948 0.016185 0.010629
0 0.744316 0.572210 0.013084 0.009377
0 0.716502 0.678313 0.013442 0.008395
0 0.828829 0.455505 0.013508 0.009426
0 0.344262 0.710922 0.014073 0.009629
0 0.566994 0.467992 0.018402 0.011092
0 0.708033 0.352324 0.017863 0.013237
0 0.496115 0.400603 0.015352 0.011778
0 0.301347 0.593706 0.014385 0.009445
0 0.879410 0.580837 0.013967 0.009958
0 0.540881 0.414707 0.016780 0.011885
0 0.652494 0.600732 0.015059 0.011074
0 0.524330 0.379023 0.018623 0.013921
0 0.552956 0.833526 0.019664 0.016196
0 0.338517 0.359545 0.016655 0.009910
0 0.420981 0.495853 0.015152 0.012483
0 0.464758 0.503966 0.018120 0.011132
0 0.383505 0.407796 0.018151 0.012302
0 0.348632 0.438986 0.016073 0.010861
0 0.431261 0.528296 0.018484 0.011006
0 0.171924 0.583145 0.013615 0.009103
0 0.777246 0.601470 0.013943 0.010290
0 0.236218 0.619976 0.012861 0.008148
0 0.750047 0.402020 0.015798 0.010499
0 0.815416 0.383215 0.016206 0.011560
0 0.601775 0.787408 0.015226 0.009482
0 0.245692 0.659635 0.013288 0.008645
0 0.453064 0.331774 0.015973 0.010713
0 0.370690 0.827641 0.016658 0.011306
0 0.811896 0.621150 0.012878 0.008126
0 0.795203 0.572410 0.011974 0.008181
0 0.525943 0.798443 0.017488 0.011038
0 0.712981 0.503101 0.014097 0.009092
0 0.366320 0.458968 0.014612 0.011435
0 0.287482 0.494436 0.013272 0.008944
0 0.751250 0.447991 0.016819 0.011058
0 0.483454 0.334871 0.014388 0.010749
0 0.380635 0.533722 0.014290 0.009664
0 0.819512 0.564006 0.012505 0.008846
0 0.884073 0.484729 0.017326 0.012967
0 0.506324 0.427250 0.015841 0.009892
0 0.633422 0.834652 0.016990 0.011015
0 0.761272 0.525583 0.011665 0.008443
0 0.345129 0.659726 0.013082 0.008332
0 0.242456 0.719375 0.012646 0.008783
0 0.328566 0.434199 0.014251 0.010075
0 0.736818 0.640432 0.013197 0.008398
0 0.458824 0.690161 0.014868 0.009225
0 0.413666 0.522162 0.015291 0.009255
0 0.504403 0.820970 0.016164 0.011093
0 0.314742 0.690569 0.012804 0.007895
0 0.327362 0.569951 0.014942 0.009232
0 0.300559 0.572354 0.013844 0.009267
0 0.670573 0.616289 0.013350 0.008440
0 0.769698 0.437432 0.016137 0.010077
0 0.413674 0.675978 0.013369 0.008970
0 0.230018 0.697703 0.012481 0.008613
0 0.404380 0.724269 0.015611 0.009807
0 0.553035 0.468081 0.019437 0.010684
0 0.430034 0.658602 0.014035 0.008574
0 0.644484 0.292330 0.017773 0.011495
0 0.659746 0.752734 0.014330 0.008459
0 0.353575 0.729391 0.012151 0.008213
0 0.771795 0.752512 0.015037 0.010635
0 0.698784 0.547435 0.013675 0.008543
0 0.704614 0.701599 0.015457 0.010776
0 0.256493 0.634701 0.013206 0.009215
0 0.155749 0.473841 0.016455 0.011002
0 0.448560 0.708221 0.017180 0.011152
0 0.390389 0.657434 0.013890 0.008006
0 0.213749 0.663878 0.013252 0.009589
0 0.307150 0.541822 0.016783 0.009405
0 0.810673 0.675890 0.016596 0.010861
0 0.418357 0.354207 0.017774 0.011422
0 0.446364 0.470881 0.014112 0.012178
0 0.301662 0.334423 0.016449 0.012296
0 0.717105 0.599089 0.014316 0.009462
0 0.504631 0.469972 0.014761 0.009676
0 0.849061 0.582215 0.017124 0.009422
0 0.205140 0.437459 0.014689 0.009996
0 0.245926 0.694485 0.013650 0.008241
0 0.354415 0.378827 0.014957 0.009036
0 0.255422 0.616649 0.012533 0.008429
0 0.727486 0.509550 0.015304 0.009121
0 0.392038 0.692883 0.012486 0.007698
0 0.596638 0.802685 0.015306 0.010790
0 0.856063 0.483384 0.015100 0.011293
0 0.333214 0.645921 0.015360 0.008725
0 0.466103 0.371884 0.015991 0.010349
0 0.538152 0.538727 0.017146 0.012160
0 0.689820 0.688110 0.015781 0.010510
0 0.844036 0.553987 0.013831 0.008191
0 0.652901 0.585101 0.017093 0.010311
0 0.317805 0.316266 0.021754 0.014230
0 0.683795 0.302733 0.015963 0.010751
0 0.717626 0.381180 0.015046 0.009921
0 0.315827 0.759032 0.014160 0.008774
0 0.378140 0.471066 0.015310 0.008889
0 0.506913 0.713381 0.013465 0.009472
0 0.203885 0.574749 0.013794 0.011707
0 0.823872 0.644733 0.016383 0.009628
0 0.412642 0.651819 0.015744 0.012099
0 0.305099 0.629155 0.012463 0.008048
0 0.669022 0.589468 0.013445 0.008737
0 0.768162 0.780906 0.015880 0.009765
0 0.396869 0.462339 0.016027 0.010588
0 0.643328 0.742887 0.016213 0.009492
0 0.337769 0.771368 0.015304 0.012468
0 0.751269 0.587764 0.011574 0.008164
0 0.390068 0.359667 0.016499 0.012162
0 0.602898 0.846145 0.016587 0.010552
0 0.253435 0.460031 0.013279 0.010418
0 0.698409 0.567926 0.013904 0.008380
0 0.458274 0.758090 0.013170 0.011087
0 0.847848 0.415216 0.018020 0.011546
0 0.369187 0.390481 0.016639 0.011592
0 0.321330 0.447077 0.013369 0.008659
0 0.804092 0.397355 0.014619 0.009657
0 0.341490 0.327471 0.015633 0.009790
0 0.805609 0.492408 0.012919 0.008254
0 0.750822 0.625465 0.012104 0.009238
0 0.745128 0.390815 0.019660 0.012467
0 0.599920 0.744734 0.014183 0.009386
0 0.785586 0.422572 0.017475 0.010082
0 0.213290 0.647065 0.014796 0.008442
0 0.272647 0.655195 0.012003 0.008599
0 0.396720 0.756834 0.013443 0.010912
0 0.302052 0.702305 0.013022 0.007726
0 0.712486 0.328184 0.015376 0.010525
0 0.487588 0.814903 0.014993 0.009820
0 0.340822 0.748957 0.014584 0.008715
0 0.326798 0.729779 0.012786 0.009901
0 0.786396 0.645768 0.013096 0.008350
0 0.172917 0.424410 0.019049 0.013826
0 0.353013 0.503336 0.014661 0.010765
0 0.872112 0.549053 0.012910 0.008559
0 0.237819 0.735538 0.014612 0.009777
0 0.531428 0.751496 0.013009 0.008379
0 0.492748 0.533123 0.016856 0.010511
0 0.365977 0.410215 0.014775 0.011426
0 0.203732 0.631582 0.013043 0.008413
0 0.324134 0.660778 0.012742 0.008441
0 0.831818 0.537782 0.016792 0.009389
0 0.144776 0.546111 0.013817 0.008494
0 0.724313 0.553607 0.015539 0.010244
0 0.224950 0.518721 0.014993 0.012049
0 0.417549 0.460386 0.014460 0.009489
0 0.670156 0.386534 0.016424 0.009897
0 0.496047 0.414738 0.015158 0.010650
0 0.334278 0.675537 0.012443 0.007705
0 0.646984 0.620692 0.018020 0.008357
0 0.379059 0.433215 0.017280 0.011700
0 0.365369 0.628269 0.016231 0.009262
0 0.525065 0.441031 0.015444 0.010829
0 0.229026 0.481417 0.013632 0.010618
0 0.753308 0.645701 0.012507 0.008682
0 0.736043 0.338947 0.020349 0.017336
0 0.316033 0.542237 0.018632 0.008012
0 0.875534 0.461630 0.019815 0.015804
0 0.173607 0.632136 0.013643 0.009086
0 0.209782 0.598175 0.015756 0.008661
0 0.232791 0.677305 0.013248 0.006914
0 0.666233 0.383900 0.018892 0.011094
0 0.642655 0.623846 0.017984 0.011161
0 0.182811 0.654775 0.012598 0.008320
0 0.898752 0.528520 0.013840 0.009365
0 0.808458 0.645855 0.015038 0.008333
0 0.346034 0.495694 0.016005 0.011330
0 0.354103 0.586890 0.015246 0.009866
0 0.158458 0.599293 0.014692 0.008945
0 0.363459 0.671508 0.014845 0.009818
0 0.202731 0.486068 0.019602 0.010465
0 0.298388 0.719894 0.018391 0.008559
0 0.254544 0.468090 0.013103 0.012353
0 0.405897 0.341588 0.016254 0.011023
0 0.780031 0.617815 0.013359 0.008616
0 0.368795 0.703529 0.016573 0.009141
0 0.740052 0.696161 0.014119 0.009436
0 0.705610 0.366309 0.020327 0.010880
0 0.571039 0.846215 0.019126 0.013294
0 0.309150 0.646039 0.012569 0.008682
0 0.350660 0.499181 0.015317 0.012910
0 0.371108 0.624084 0.017225 0.009437
0 0.204551 0.707642 0.012243 0.008878
0 0.515698 0.794713 0.022202 0.010401
0 0.415720 0.627959 0.013057 0.008224
0 0.192461 0.618822 0.013409 0.010428
0 0.334651 0.589049 0.018011 0.010628
0 0.526017 0.397649 0.014595 0.009980
0 0.389289 0.523951 0.013911 0.007644
0 0.439814 0.685628 0.015161 0.012898
0 0.248756 0.761069 0.013076 0.009545
0 0.204482 0.686893 0.011263 0.010412
0 0.228063 0.503310 0.014430 0.011178
0 0.446385 0.477980 0.014154 0.009631
0 0.714405 0.667943 0.013739 0.016666
0 0.636457 0.500413 0.012650 0.009217
0 0.797418 0.569945 0.019921 0.008205
0 0.288473 0.509107 0.014858 0.008716
0 0.460202 0.286888 0.014310 0.008848
0 0.796259 0.423042 0.017491 0.007953
0 0.398506 0.770036 0.012330 0.009216
0 0.375152 0.635864 0.015731 0.008950
0 0.784713 0.636128 0.011673 0.009060
0 0.367954 0.647182 0.012385 0.008760
0 0.850137 0.458857 0.016116 0.010508
0 0.705511 0.581834 0.012792 0.008712
0 0.870763 0.466648 0.023908 0.013141