0 0.596008 0.512838 0.026775 0.019077
0 0.298176 0.624769 0.025174 0.017707
0 0.615104 0.572893 0.024264 0.018060
0 0.549655 0.605020 0.026840 0.019271
0 0.274046 0.881917 0.029048 0.021463
0 0.523230 0.755507 0.027779 0.019934
0 0.116540 0.579565 0.027207 0.019814
0 0.282144 0.791909 0.026929 0.019086
0 0.363067 0.460045 0.029089 0.022109
0 0.456135 0.816475 0.027642 0.019369
0 0.657828 0.551628 0.024781 0.018684
0 0.014258 0.632295 0.024806 0.018113
0 0.261392 0.671873 0.027760 0.019099
0 0.190441 0.903132 0.027057 0.018956
0 0.384294 0.586251 0.029493 0.021812
0 0.352468 0.426067 0.020568 0.013980
0 0.582577 0.568774 0.024709 0.018838
0 0.461096 0.919882 0.027925 0.019638
0 0.130154 0.841134 0.026018 0.017821
0 0.267225 0.533707 0.029750 0.021868
0 0.209873 0.485488 0.031904 0.022458
0 0.036851 0.560635 0.027124 0.020293
0 0.197173 0.751696 0.027461 0.019993
0 0.269325 0.402697 0.020865 0.015316
0 0.432957 0.438590 0.020763 0.014826
0 0.539584 0.784089 0.028719 0.020930
0 0.165039 0.758445 0.028058 0.017922
0 0.167457 0.548676 0.030352 0.022542
0 0.424989 0.964055 0.032461 0.026062
0 0.048380 0.657472 0.026351 0.018017
0 0.643604 0.856162 0.031710 0.022740
0 0.620973 0.721791 0.034056 0.024000
0 0.382405 0.441123 0.020314 0.014747
0 0.669086 0.668349 0.023143 0.015886
0 0.478327 0.944344 0.028782 0.020744
1 0.709831 0.661393 0.044624 0.035395
0 0.418730 0.508722 0.034034 0.026532
0 0.610809 0.749894 0.028295 0.018496
0 0.485180 0.374844 0.022758 0.015806
0 0.741820 0.588239 0.020758 0.015091
0 0.753541 0.646838 0.021989 0.016595
0 0.292136 0.655253 0.025882 0.017940
0 0.128357 0.439818 0.024441 0.016481
0 0.361078 0.369253 0.021883 0.013156
0 0.225631 0.514262 0.022870 0.015063
0 0.088974 0.663097 0.018252 0.012498
0 0.330796 0.685878 0.027647 0.020384
0 0.191401 0.682828 0.023625 0.019259
0 0.574538 0.961731 0.044715 0.032181
0 0.584499 0.427333 0.020385 0.014556
0 0.368353 0.614833 0.022305 0.014641
1 0.576539 0.961035 0.050284 0.033344
0 0.155691 0.670770 0.039539 0.025346
1 0.794068 0.555889 0.038431 0.035276
0 0.251498 0.509326 0.022193 0.015213
0 0.134329 0.777883 0.019201 0.012202
0 0.588517 0.701964 0.019418 0.013367
1 0.154725 0.671213 0.043652 0.027596