1 0.157368 0.583723 0.050879 0.052776
1 0.881676 0.967169 0.057767 0.053081
0 0.372942 0.649811 0.018414 0.018766
0 0.680517 0.410387 0.020148 0.021179
1 0.822622 0.754354 0.052100 0.051362
0 0.439946 0.976901 0.019822 0.018355
0 0.552481 0.649386 0.020109 0.018769
0 0.571172 0.507534 0.018082 0.017084
0 0.746143 0.452839 0.018400 0.017510
0 0.910392 0.741864 0.018587 0.017336
1 0.812896 0.333853 0.056130 0.047553
0 0.736256 0.914540 0.018433 0.017826
0 0.845786 0.623888 0.019591 0.018627
0 0.966377 0.696063 0.020080 0.018818
0 0.617002 0.430483 0.021229 0.019175
0 0.624162 0.821767 0.017518 0.018253
0 0.684395 0.490842 0.018730 0.018422
1 0.163962 0.820920 0.048744 0.043684
0 0.499235 0.533162 0.020130 0.019330
0 0.561594 0.861470 0.020934 0.020126
0 0.723809 0.735425 0.018473 0.017048
0 0.502155 0.583531 0.018213 0.016936
0 0.239763 0.646672 0.015587 0.015680
0 0.698292 0.918681 0.016653 0.014853
0 0.423803 0.822104 0.016098 0.016185
0 0.897372 0.870618 0.019428 0.017430
0 0.560738 0.468562 0.020546 0.017070
0 0.446148 0.472632 0.019990 0.020595
0 0.142132 0.680994 0.014252 0.013581
0 0.729632 0.865322 0.016879 0.015366
0 0.930282 0.461755 0.019153 0.017951
0 0.671087 0.380157 0.015936 0.014900
0 0.646135 0.641831 0.019333 0.017908
0 0.784565 0.637634 0.018614 0.015918
0 0.746305 0.984244 0.021624 0.017807
0 0.823373 0.510649 0.014843 0.014777
0 0.319181 0.933588 0.018071 0.017921
0 0.907369 0.620474 0.015954 0.015351
0 0.311752 0.661712 0.017234 0.018328
0 0.631939 0.537737 0.017323 0.016881
0 0.499999 0.983016 0.018557 0.019132
0 0.586403 0.314580 0.016151 0.015056
0 0.683089 0.828861 0.020275 0.018835
0 0.325869 0.823962 0.014934 0.014984
0 0.610986 0.977217 0.018677 0.015974
0 0.947530 0.647365 0.020536 0.016613
1 0.201646 0.769794 0.075573 0.094903
0 0.688978 0.594144 0.017434 0.018213
0 0.210111 0.657485 0.015848 0.015559
0 0.832495 0.469152 0.015435 0.014969
0 0.743659 0.592063 0.025891 0.017565
0 0.236301 0.705198 0.014953 0.014033
0 0.785488 0.692528 0.016187 0.014948
0 0.656881 0.348580 0.017908 0.017719
0 0.815903 0.852124 0.015740 0.015519
0 0.967600 0.520474 0.018408 0.017650
0 0.339495 0.963921 0.015269 0.014617
0 0.557032 0.927192 0.018066 0.017321
0 0.818826 0.892209 0.017840 0.017124
0 0.645161 0.388164 0.019089 0.017679
0 0.883841 0.829411 0.017622 0.017102
0 0.709128 0.896016 0.019705 0.016985
0 0.622108 0.937420 0.015942 0.014549
0 0.482011 0.812302 0.015243 0.013730
0 0.961234 0.917330 0.016431 0.015645
0 0.447702 0.645687 0.016173 0.014395
0 0.295186 0.859004 0.014142 0.013341
0 0.784423 0.918015 0.016822 0.015096
0 0.535381 0.499497 0.015502 0.014634
0 0.650740 0.764087 0.015529 0.013561
0 0.506598 0.375643 0.015605 0.017439
0 0.777646 0.945045 0.019395 0.018183
0 0.489874 0.480811 0.015616 0.014692
0 0.612585 0.578279 0.016210 0.015135
0 0.974557 0.965103 0.019467 0.020149
0 0.586032 0.803679 0.016628 0.015232
0 0.798955 0.530820 0.016231 0.016256
0 0.340653 0.654670 0.015277 0.015628
0 0.862780 0.851776 0.016215 0.015256
0 0.643342 0.881023 0.018780 0.018421
0 0.979420 0.631888 0.015878 0.015230
0 0.725728 0.777601 0.015953 0.015055
0 0.688494 0.467082 0.014789 0.014363
0 0.786032 0.416503 0.014302 0.012807
0 0.503804 0.775744 0.015038 0.013523
0 0.656325 0.502848 0.015121 0.014695
0 0.643598 0.586103 0.015795 0.015096
0 0.536429 0.771978 0.014897 0.013476
0 0.924973 0.900011 0.019967 0.020248
0 0.876362 0.697491 0.014916 0.013530
0 0.420091 0.558151 0.018194 0.019040
0 0.659479 0.661395 0.016327 0.014672
0 0.294566 0.681166 0.017690 0.016534
0 0.377134 0.902847 0.014540 0.013454
0 0.272632 0.482349 0.020250 0.018899
0 0.500688 0.700961 0.015409 0.013778
0 0.289244 0.947933 0.014448 0.013893
1 0.817101 0.396739 0.038224 0.033472
0 0.735829 0.813321 0.020291 0.018649
0 0.702594 0.776955 0.014945 0.014456
0 0.529407 0.808987 0.016105 0.014216
0 0.574429 0.902276 0.018902 0.016102
0 0.848460 0.565303 0.017697 0.012184
0 0.164580 0.653683 0.014428 0.014385
0 0.555462 0.951243 0.019305 0.017775
0 0.815647 0.600369 0.014401 0.012849
0 0.727045 0.536917 0.018308 0.017412
0 0.764039 0.678032 0.015037 0.014594
0 0.523595 0.640351 0.015543 0.014833
0 0.956252 0.411609 0.015244 0.013573
0 0.819008 0.577666 0.016095 0.015673
1 0.401850 0.323199 0.045060 0.042746
0 0.956595 0.388181 0.016229 0.015651
0 0.688659 0.808049 0.016270 0.016294
0 0.873116 0.731768 0.014892 0.014233
0 0.589186 0.667367 0.015147 0.014009
0 0.978920 0.901055 0.016362 0.014983
0 0.405019 0.829747 0.013672 0.012317
0 0.798996 0.826817 0.017918 0.017693
0 0.700563 0.324551 0.016325 0.016116
0 0.803587 0.702747 0.015080 0.013919
0 0.326092 0.872782 0.013449 0.013250
0 0.570273 0.562037 0.019446 0.017709
0 0.849630 0.531661 0.019435 0.020066
0 0.718925 0.990509 0.017201 0.016793
0 0.966107 0.788339 0.015910 0.015300
0 0.286627 0.807535 0.017607 0.013919
0 0.509632 0.611031 0.016170 0.014249
0 0.738594 0.515733 0.016421 0.013569
0 0.344915 0.558070 0.016228 0.016767
0 0.318668 0.963941 0.015003 0.013085
0 0.472795 0.279838 0.018931 0.019145
0 0.539670 0.888801 0.013349 0.012470
0 0.316406 0.618150 0.016487 0.016155
0 0.942313 0.934436 0.016089 0.015412
0 0.680209 0.776402 0.015453 0.015472
0 0.873489 0.554096 0.014466 0.012583
0 0.659386 0.746608 0.014581 0.012908
0 0.554405 0.749034 0.015262 0.013243
0 0.858232 0.706235 0.014284 0.012942
0 0.758509 0.383375 0.015640 0.016974
0 0.270727 0.845622 0.015504 0.013658
0 0.472729 0.559357 0.016109 0.014794
0 0.294885 0.483911 0.015498 0.013955
0 0.981051 0.818412 0.021896 0.020165
0 0.611973 0.864814 0.015010 0.013127
0 0.540179 0.408269 0.019378 0.017771
0 0.384168 0.811781 0.020161 0.018429
0 0.432747 0.745373 0.017312 0.017164
0 0.397061 0.616472 0.015487 0.014362
0 0.761520 0.967230 0.019415 0.018068
0 0.623338 0.670842 0.014726 0.013755
0 0.517882 0.483250 0.015054 0.012887
0 0.528171 0.729362 0.014384 0.012375
0 0.765413 0.745127 0.018498 0.016230
0 0.556278 0.290048 0.020865 0.018062
0 0.502734 0.645144 0.016000 0.014645
0 0.921642 0.441029 0.014549 0.013898
0 0.591397 0.646124 0.015689 0.015955
0 0.540077 0.982777 0.019068 0.021313
0 0.836035 0.875089 0.015199 0.013153
0 0.401539 0.772192 0.015954 0.014782
0 0.260820 0.621098 0.019973 0.019479
0 0.619438 0.483384 0.027970 0.018805
0 0.661954 0.953669 0.015114 0.016415
0 0.945706 0.679993 0.019248 0.015285
0 0.778214 0.613795 0.014463 0.014430
0 0.884742 0.904954 0.023017 0.022958
0 0.253358 0.496505 0.015092 0.013928
0 0.378434 0.571870 0.015211 0.015315
0 0.490099 0.721342 0.014761 0.013589
0 0.978312 0.585870 0.020215 0.025895
0 0.977994 0.409488 0.014406 0.013829
0 0.687349 0.633799 0.020055 0.018733
0 0.800204 0.619872 0.013935 0.013276
0 0.751519 0.639629 0.015696 0.015166
0 0.855673 0.500809 0.013923 0.012981
0 0.443380 0.348264 0.016206 0.014783
0 0.546582 0.520812 0.017569 0.015434
0 0.285789 0.453346 0.014666 0.014112
0 0.282111 0.887562 0.013054 0.013125
0 0.373388 0.791731 0.015323 0.012379
0 0.993139 0.525547 0.013722 0.015057
0 0.803831 0.809053 0.018122 0.017778
0 0.493481 0.452401 0.015563 0.013659
0 0.570094 0.810776 0.014784 0.013765
0 0.329643 0.752701 0.025554 0.017885
0 0.533442 0.837931 0.016728 0.014320
0 0.902709 0.522445 0.013801 0.012009
0 0.478813 0.633085 0.021680 0.017800
0 0.427930 0.906948 0.015973 0.014440
0 0.930904 0.521633 0.015129 0.019763
0 0.298854 0.966400 0.013050 0.011452
0 0.664567 0.706293 0.018680 0.014000
0 0.676046 0.314995 0.015868 0.013893
0 0.917114 0.712431 0.017083 0.016376
0 0.424249 0.603899 0.021232 0.017227
0 0.227802 0.867557 0.013162 0.011702
0 0.326296 0.575555 0.014339 0.011586
0 0.427926 0.640750 0.015134 0.014043
0 0.766498 0.917702 0.015742 0.013259
0 0.492362 0.852746 0.015288 0.014064
0 0.606579 0.520096 0.016743 0.014314
0 0.289739 0.746592 0.014403 0.014440
0 0.844001 0.932565 0.016021 0.017229
0 0.714899 0.835397 0.019886 0.018732
0 0.427448 0.415732 0.018380 0.016353
0 0.224746 0.467758 0.016107 0.015691
0 0.570193 0.338885 0.015450 0.016721
0 0.575136 0.449639 0.015257 0.015891
0 0.242969 0.870918 0.013798 0.012333
0 0.844736 0.602134 0.014968 0.014463
0 0.482917 0.400142 0.022613 0.016925
0 0.587068 0.752674 0.015007 0.017816
0 0.465962 0.912400 0.015594 0.014127
0 0.632505 0.958075 0.014692 0.016852
0 0.896709 0.553833 0.014592 0.012045
0 0.580245 0.583266 0.015335 0.013030
0 0.241686 0.923419 0.013181 0.014777
0 0.537254 0.702962 0.017436 0.015044
0 0.690969 0.298060 0.015520 0.014664
0 0.444256 0.515809 0.019571 0.016022
0 0.652743 0.728423 0.014085 0.011993
0 0.687080 0.523040 0.021305 0.019469
0 0.489493 0.602831 0.014495 0.012893
0 0.472119 0.637704 0.020349 0.016181
0 0.346695 0.707146 0.023958 0.019936
0 0.340683 0.603705 0.014339 0.011895
0 0.742813 0.675025 0.013944 0.013027
0 0.546072 0.830514 0.016203 0.013301
0 0.610560 0.650848 0.015223 0.015439
0 0.676682 0.681587 0.015049 0.015282
0 0.935203 0.954213 0.017628 0.015675
0 0.614436 0.737195 0.019503 0.020964
0 0.858139 0.829211 0.016344 0.014514
0 0.479694 0.308267 0.015894 0.016523
0 0.660003 0.972812 0.016075 0.016115
0 0.489958 0.912308 0.014604 0.015471
0 0.843235 0.728424 0.014680 0.013480
0 0.200231 0.893333 0.014400 0.014358
0 0.791361 0.744857 0.014386 0.013106
0 0.185042 0.846773 0.013386 0.012062
0 0.597882 0.614831 0.016724 0.018074
0 0.161730 0.692944 0.017377 0.018316
0 0.898114 0.488518 0.018801 0.015211
0 0.525294 0.264483 0.014484 0.012588
0 0.466611 0.740912 0.016400 0.013610
0 0.962793 0.666209 0.014530 0.013365
0 0.370958 0.768239 0.015385 0.013810
0 0.678951 0.992626 0.017203 0.014016
0 0.627904 0.974220 0.018057 0.014925
0 0.328948 0.447064 0.018358 0.018438
0 0.571384 0.713764 0.018178 0.018290
0 0.114685 0.673305 0.019689 0.017954
0 0.818440 0.434154 0.017176 0.013808
0 0.533971 0.351313 0.028439 0.019417
0 0.898575 0.401037 0.017141 0.015025
0 0.551407 0.731239 0.014161 0.015624
0 0.792999 0.448926 0.024334 0.013899
0 0.937335 0.989136 0.018983 0.015203
0 0.479460 0.513112 0.015128 0.012999
0 0.603126 0.540227 0.014328 0.012385
0 0.320026 0.685477 0.015254 0.013942
0 0.517964 0.462910 0.014821 0.015990
0 0.863420 0.382205 0.014627 0.016140
0 0.190184 0.984734 0.014149 0.014017
0 0.391752 0.887375 0.016621 0.013509
0 0.245877 0.446340 0.018106 0.016529
0 0.884360 0.665518 0.020331 0.019751
0 0.591194 0.408714 0.014616 0.014676
0 0.278551 0.902733 0.013548 0.012521
0 0.276581 0.808537 0.016671 0.012832
0 0.475324 0.365811 0.015047 0.012746
0 0.532085 0.414093 0.018126 0.015391
0 0.451901 0.449446 0.015553 0.015893
0 0.913749 0.581676 0.016728 0.015326
0 0.916898 0.565622 0.014875 0.015765
0 0.780925 0.541149 0.014213 0.014013
0 0.410634 0.736497 0.015026 0.014598
0 0.569442 0.349281 0.015925 0.020140
0 0.663715 0.269892 0.013777 0.014171
0 0.416560 0.897248 0.016436 0.015344
0 0.587137 0.979905 0.013980 0.012521
0 0.210158 0.445242 0.019916 0.019807
0 0.972530 0.428456 0.014122 0.011928
0 0.874684 0.422153 0.016033 0.014916
0 0.709273 0.542139 0.016476 0.011986
0 0.661254 0.561114 0.014323 0.013782
0 0.642698 0.370527 0.013436 0.015805
0 0.622867 0.292266 0.017116 0.013954
0 0.691425 0.698975 0.015774 0.017299
0 0.877820 0.582599 0.020479 0.019522
0 0.416297 0.376883 0.014365 0.013658
0 0.952977 0.969429 0.014395 0.012162
0 0.987577 0.992316 0.014257 0.011736
0 0.423348 0.903680 0.021728 0.021183
0 0.279081 0.932899 0.012759 0.012073
0 0.671775 0.599732 0.015905 0.015352
0 0.541439 0.349282 0.020567 0.017344
0 0.346968 0.589415 0.015956 0.015668
0 0.860881 0.353024 0.014155 0.013490
0 0.631282 0.966444 0.020997 0.028089
0 0.173165 0.885382 0.010755 0.009595
1 0.210768 0.761201 0.065580 0.051568
0 0.611986 0.273313 0.012408 0.011768
0 0.203004 0.884591 0.013553 0.018260
0 0.236151 0.868872 0.021595 0.013708
0 0.179877 0.949523 0.014054 0.014887
0 0.994823 0.434238 0.010354 0.023100
0 0.181537 0.905367 0.014506 0.011603
0 0.631571 0.261310 0.014193 0.015864
0 0.601030 0.250270 0.013118 0.013481
0 0.139505 0.856854 0.016503 0.016612
0 0.896349 0.701570 0.015837 0.012397
0 0.689706 0.541558 0.017580 0.011893
0 0.204136 0.879340 0.012897 0.011256
0 0.343967 0.596965 0.019754 0.021008
0 0.352013 0.840922 0.015685 0.013018