0 0.570231 0.309716 0.013524 0.015931
1 0.304408 0.514338 0.037021 0.045800
0 0.514856 0.489731 0.012050 0.015465
0 0.517495 0.721513 0.012706 0.017136
0 0.559649 0.858721 0.012642 0.014683
0 0.541650 0.676627 0.011914 0.014505
0 0.424438 0.373713 0.012170 0.014577
0 0.500360 0.777462 0.010205 0.013352
0 0.492423 0.576121 0.012651 0.016160
0 0.494985 0.814209 0.011981 0.015196
0 0.464893 0.390991 0.013928 0.016866
0 0.660952 0.239062 0.014483 0.018272
0 0.351465 0.293419 0.013948 0.016686
0 0.572082 0.522317 0.011982 0.014524
0 0.629002 0.265514 0.014044 0.017195
0 0.546534 0.830740 0.011375 0.013514
0 0.454589 0.880099 0.011724 0.015591
0 0.615048 0.819917 0.011048 0.012324
0 0.367646 0.555356 0.010648 0.014772
0 0.341162 0.545384 0.009679 0.012400
0 0.605897 0.540480 0.011648 0.013918
0 0.534779 0.458501 0.011608 0.013754
0 0.468718 0.729297 0.011495 0.014991
0 0.743836 0.362607 0.015308 0.020453
0 0.291244 0.711152 0.010087 0.011416
0 0.588447 0.726527 0.012025 0.015094
0 0.557766 0.611589 0.012409 0.015115
0 0.554772 0.534821 0.012865 0.015638
0 0.538298 0.905046 0.013469 0.018021
0 0.691588 0.652956 0.009985 0.011248
0 0.561543 0.397261 0.012075 0.015081
0 0.715260 0.660033 0.011109 0.014012
0 0.479353 0.461332 0.010595 0.013954
0 0.601263 0.794452 0.010244 0.014008
0 0.426871 0.809939 0.010798 0.013266
0 0.446637 0.305985 0.014921 0.016896
0 0.346427 0.578292 0.010364 0.013492
0 0.557691 0.432860 0.011128 0.012745
0 0.589941 0.205474 0.013391 0.017450
0 0.623073 0.344661 0.011791 0.014249
0 0.634523 0.525673 0.011225 0.014266
0 0.478110 0.869910 0.011919 0.013904
0 0.517766 0.373330 0.011611 0.015199
0 0.359064 0.678972 0.010783 0.014269
0 0.569768 0.830338 0.012261 0.014707
0 0.500315 0.459237 0.010824 0.014930
0 0.476991 0.302682 0.012053 0.014054
0 0.421609 0.776725 0.009909 0.010896
0 0.314729 0.685820 0.010002 0.011425
0 0.654509 0.641780 0.011038 0.013246
0 0.577844 0.788066 0.012466 0.012703
0 0.566467 0.463507 0.011637 0.015522
0 0.565788 0.553682 0.010620 0.012634
0 0.423270 0.411727 0.010300 0.013291
0 0.307342 0.781244 0.011272 0.011934
0 0.337344 0.703438 0.009804 0.011538
0 0.606249 0.370644 0.012011 0.013447
0 0.657272 0.306336 0.012056 0.014868
0 0.426013 0.676387 0.011029 0.012827
0 0.391751 0.888145 0.012735 0.015342
0 0.681406 0.313701 0.013211 0.016024
0 0.469676 0.516464 0.011876 0.014235
0 0.538909 0.356252 0.012920 0.016221
0 0.629275 0.215057 0.015704 0.018601
0 0.620346 0.796069 0.010911 0.013386
0 0.357301 0.611001 0.010713 0.011933
0 0.254671 0.449908 0.011053 0.013178
0 0.669388 0.527390 0.012656 0.014487
0 0.558737 0.781280 0.012101 0.013055
0 0.442774 0.353808 0.011528 0.013670
0 0.557255 0.261367 0.012213 0.014970
0 0.639183 0.711242 0.010861 0.013996
0 0.566562 0.653531 0.010725 0.011824
0 0.288030 0.240285 0.012925 0.016039
0 0.414999 0.342027 0.011234 0.014430
0 0.603128 0.701645 0.010620 0.011899
0 0.620407 0.863263 0.011310 0.013332
0 0.299899 0.308197 0.015844 0.018896
0 0.493989 0.888216 0.014897 0.017647
0 0.553524 0.484911 0.010783 0.012512
0 0.318530 0.314058 0.013285 0.016482
0 0.378060 0.209040 0.014225 0.017188
0 0.624022 0.591612 0.012981 0.015356
0 0.358606 0.778894 0.009893 0.011502
0 0.429860 0.894023 0.011784 0.015329
0 0.427913 0.552945 0.010710 0.012936
0 0.540372 0.301240 0.012969 0.016114
0 0.371570 0.830029 0.010892 0.012053
0 0.565873 0.191164 0.012853 0.015047
0 0.520225 0.213916 0.012734 0.014390
0 0.710650 0.396859 0.012298 0.015202
0 0.445962 0.702614 0.010391 0.011688
0 0.508880 0.856577 0.015434 0.015939
0 0.606534 0.412429 0.012388 0.017323
0 0.511167 0.804279 0.012953 0.014297
0 0.495313 0.364684 0.013152 0.016394
0 0.244887 0.425196 0.011062 0.013617
0 0.440047 0.611858 0.012257 0.015225
0 0.645655 0.767889 0.010937 0.012615
0 0.383636 0.308467 0.012983 0.015605
0 0.589290 0.487554 0.010700 0.011951
0 0.515707 0.188303 0.010960 0.013577
0 0.636029 0.629780 0.010669 0.014151
0 0.191231 0.427802 0.017513 0.022709
0 0.258767 0.567467 0.011224 0.013247
0 0.291910 0.424182 0.010105 0.012929
0 0.488970 0.340646 0.013471 0.015664
0 0.220023 0.360813 0.013895 0.016984
0 0.701311 0.330670 0.011881 0.015516
0 0.521411 0.766372 0.010771 0.011952
0 0.411378 0.184903 0.011133 0.014022
0 0.692536 0.610473 0.011515 0.012794
0 0.681108 0.417210 0.012661 0.015252
0 0.440128 0.458356 0.013036 0.017367
1 0.269572 0.519471 0.032248 0.032917
0 0.270354 0.251921 0.015720 0.018337
0 0.719879 0.469517 0.010812 0.012868
0 0.500596 0.275152 0.010749 0.013086
0 0.358027 0.327452 0.011974 0.014046
0 0.331512 0.838105 0.011330 0.013307
0 0.403939 0.566035 0.012570 0.013990
0 0.344883 0.631552 0.010875 0.013373
0 0.303960 0.578422 0.009869 0.012840
0 0.546227 0.754874 0.012143 0.012254
0 0.391984 0.670200 0.008882 0.010792
0 0.632514 0.464603 0.012009 0.014498
0 0.216230 0.401732 0.011038 0.012531
0 0.603457 0.678995 0.009611 0.012839
0 0.742402 0.455009 0.011681 0.014063
0 0.482720 0.430289 0.010784 0.013558
0 0.540833 0.736002 0.011055 0.013788
0 0.289839 0.393748 0.011067 0.013967
0 0.308419 0.723565 0.009245 0.011270
0 0.329957 0.435792 0.011222 0.012685
0 0.402281 0.648813 0.011816 0.015322
0 0.221533 0.440707 0.011635 0.013881
0 0.539156 0.237448 0.012273 0.015571
0 0.508437 0.924592 0.014294 0.016835
0 0.469758 0.152322 0.010489 0.012751
0 0.552990 0.338576 0.011788 0.013238
0 0.298893 0.281113 0.010385 0.014033
0 0.336134 0.510983 0.011207 0.013613
0 0.322151 0.859051 0.009689 0.012590
0 0.646862 0.367839 0.013602 0.014293
0 0.425757 0.603067 0.011241 0.014620
0 0.272368 0.684598 0.010217 0.011841
0 0.667433 0.703071 0.012154 0.013524
0 0.270335 0.586772 0.010169 0.013352
0 0.266143 0.395408 0.011051 0.015968
0 0.325171 0.364299 0.011734 0.014944
0 0.720667 0.313818 0.014230 0.018320
0 0.445219 0.655421 0.011049 0.012976
0 0.573207 0.690656 0.014077 0.014931
0 0.481737 0.919685 0.014647 0.018439
0 0.321647 0.464590 0.011290 0.013696
0 0.636021 0.842763 0.015523 0.015741
0 0.488835 0.480641 0.012090 0.015367
0 0.192265 0.388609 0.014088 0.017801
0 0.565027 0.755198 0.011622 0.014897
0 0.505440 0.142967 0.012062 0.013841
0 0.451646 0.676244 0.010180 0.011858
0 0.452988 0.422624 0.010874 0.013218
0 0.303225 0.361636 0.012389 0.014150
0 0.625491 0.889656 0.012887 0.016161
0 0.580526 0.612658 0.009933 0.011369
0 0.690788 0.351809 0.013537 0.013967
1 0.482441 0.197833 0.027725 0.037591
0 0.653358 0.419116 0.011116 0.013291
0 0.235770 0.387146 0.011881 0.014801
0 0.414543 0.442383 0.012022 0.014487
0 0.417393 0.715536 0.010571 0.011513
0 0.278364 0.794500 0.011990 0.014840
0 0.366358 0.893864 0.014217 0.016198
0 0.399784 0.788467 0.011596 0.013837
0 0.523786 0.398344 0.012525 0.013715
0 0.661049 0.831305 0.011751 0.014116
0 0.682316 0.445088 0.011127 0.012814
0 0.742079 0.630075 0.010204 0.012811
0 0.583075 0.388302 0.014726 0.014224
0 0.290095 0.604036 0.009661 0.011508
0 0.704271 0.697573 0.010305 0.012655
0 0.464033 0.246722 0.013666 0.017103
0 0.337959 0.872084 0.011862 0.014072
0 0.360733 0.645318 0.009322 0.011869
0 0.517686 0.899303 0.012786 0.019288
0 0.447396 0.177428 0.013738 0.018635
0 0.641401 0.486461 0.009921 0.010164
0 0.375272 0.409201 0.011504 0.017623
0 0.276267 0.547746 0.011247 0.013423
0 0.404567 0.734786 0.009844 0.013105
0 0.433192 0.719299 0.009965 0.010997
0 0.432436 0.639596 0.012249 0.014066
0 0.367914 0.713203 0.010570 0.011745
0 0.764425 0.457972 0.016267 0.019343
0 0.468176 0.687299 0.010970 0.012781
0 0.353153 0.406443 0.010070 0.012589
0 0.634594 0.579946 0.010635 0.012221
0 0.481491 0.694412 0.012560 0.014379
0 0.652929 0.535054 0.010883 0.014076
0 0.721512 0.590530 0.011799 0.013416
0 0.323506 0.594758 0.011364 0.014084
0 0.709727 0.572525 0.011265 0.015127
0 0.390954 0.375111 0.014309 0.015568
0 0.438296 0.744549 0.011870 0.013398
0 0.291374 0.649083 0.009897 0.012848
0 0.226778 0.677391 0.011159 0.013597
0 0.208315 0.379592 0.013163 0.017112
0 0.328409 0.758857 0.009838 0.012224
0 0.614971 0.438455 0.010309 0.012116
0 0.337969 0.313461 0.012652 0.014765
0 0.400934 0.525784 0.011562 0.013711
0 0.660673 0.474713 0.011913 0.012963
0 0.679770 0.729471 0.012022 0.013971
0 0.505943 0.323637 0.013044 0.017879
0 0.340802 0.351283 0.011223 0.013275
0 0.437151 0.579538 0.010687 0.014708
0 0.448944 0.779722 0.010908 0.012547
0 0.637386 0.407161 0.011019 0.014094
0 0.315337 0.392119 0.011401 0.014784
0 0.440798 0.913446 0.013093 0.017588
0 0.377240 0.341561 0.013548 0.018395
0 0.367235 0.497724 0.010687 0.012295
0 0.747514 0.482848 0.013817 0.018028
0 0.303500 0.448044 0.011072 0.013118
0 0.592637 0.244266 0.015644 0.017470
0 0.700219 0.738790 0.010716 0.013272
0 0.283851 0.838016 0.011144 0.013311
0 0.602509 0.872041 0.014782 0.017021
0 0.661056 0.790666 0.013532 0.013096
0 0.308124 0.605569 0.009208 0.010967
0 0.359700 0.809706 0.010958 0.011381
0 0.697586 0.414407 0.010794 0.017304
0 0.229604 0.574637 0.013557 0.014873
0 0.442944 0.812082 0.012241 0.016049
0 0.368231 0.863863 0.012378 0.014524
0 0.591581 0.869306 0.013288 0.015321
0 0.376746 0.636843 0.009888 0.011346
0 0.601864 0.497476 0.010446 0.012973
0 0.512553 0.253351 0.014864 0.018157
0 0.382975 0.445051 0.012806 0.013300
0 0.698317 0.762401 0.009840 0.011333
0 0.285731 0.628267 0.013026 0.012594
0 0.553875 0.711592 0.009880 0.011639
0 0.750687 0.596732 0.012290 0.015713
1 0.351630 0.166991 0.029341 0.030203
0 0.593119 0.578802 0.011231 0.014665
0 0.528385 0.311272 0.010824 0.013270
0 0.532832 0.711901 0.010931 0.013023
0 0.301024 0.630621 0.010777 0.011921
0 0.360809 0.365451 0.011319 0.015341
0 0.236690 0.609720 0.012651 0.015034
0 0.546043 0.163591 0.010644 0.015504
0 0.546549 0.185311 0.009971 0.011591
0 0.582925 0.562514 0.010135 0.011788
0 0.396315 0.513943 0.011044 0.014826
0 0.279461 0.450032 0.010522 0.013151
0 0.244327 0.308442 0.017626 0.017961
0 0.632364 0.240854 0.011790 0.012747
0 0.257530 0.620657 0.011300 0.012525
0 0.633181 0.369548 0.012471 0.013381
0 0.634782 0.422018 0.010184 0.012724
0 0.233912 0.613995 0.012868 0.014355
0 0.325469 0.404364 0.010233 0.011993
0 0.522395 0.928849 0.014139 0.013803
0 0.615554 0.509093 0.012703 0.016798
0 0.528787 0.283585 0.012400 0.017658
0 0.352447 0.831403 0.009491 0.012476
0 0.360580 0.731753 0.009135 0.011468
0 0.313924 0.751766 0.012157 0.013242
0 0.446832 0.782851 0.012341 0.012673
0 0.303095 0.857510 0.010888 0.012574
0 0.348937 0.803173 0.010266 0.012583
0 0.677780 0.467684 0.012599 0.012504
0 0.273722 0.362407 0.011852 0.014759
0 0.553911 0.698706 0.011050 0.015290
0 0.462005 0.549211 0.012205 0.013563
0 0.381648 0.718838 0.010000 0.010896
0 0.651947 0.703178 0.012703 0.012967
0 0.423343 0.628749 0.009037 0.011468
0 0.415928 0.482476 0.009914 0.011447
0 0.320804 0.581203 0.009939 0.012491
0 0.277099 0.467143 0.010357 0.012731
0 0.652804 0.452060 0.011386 0.014144
0 0.689257 0.785977 0.010671 0.014092
0 0.351326 0.464799 0.010379 0.013191
0 0.271580 0.314992 0.011235 0.015514
0 0.391151 0.861948 0.012915 0.012639
0 0.328488 0.336626 0.011037 0.011225
0 0.575966 0.413055 0.009329 0.011639
0 0.299630 0.671840 0.009067 0.011807
0 0.396190 0.700363 0.009449 0.011568
0 0.388663 0.589911 0.012239 0.011757
0 0.399475 0.691662 0.011466 0.013271
0 0.361556 0.534899 0.008843 0.011103
0 0.438215 0.510023 0.015889 0.014737
0 0.396255 0.813513 0.011115 0.012826
0 0.588731 0.456068 0.016077 0.015248
0 0.398521 0.544498 0.008634 0.011563
0 0.403292 0.489057 0.010282 0.012891
0 0.668598 0.547356 0.011773 0.012335
0 0.338718 0.200145 0.017331 0.021258
0 0.580428 0.655507 0.010480 0.009994
0 0.718377 0.678332 0.010303 0.010967
0 0.687187 0.776117 0.010245 0.014031
0 0.528159 0.426499 0.011759 0.015740
0 0.310496 0.206446 0.014833 0.017756
0 0.383394 0.618009 0.009203 0.010774
0 0.241144 0.743644 0.011016 0.013726
0 0.395149 0.818489 0.011334 0.017734
0 0.340415 0.726440 0.011354 0.016298
0 0.599890 0.645433 0.011975 0.016616
0 0.383781 0.778629 0.008856 0.010227
0 0.395948 0.147113 0.011562 0.014418
0 0.295850 0.467562 0.013262 0.013395
0 0.259318 0.608472 0.011823 0.017034
0 0.724371 0.561661 0.012043 0.013227
0 0.619084 0.633014 0.012797 0.011468
0 0.394251 0.828827 0.011248 0.012637
0 0.435156 0.420624 0.010701 0.015057
0 0.586507 0.564163 0.011210 0.013395
0 0.448504 0.551287 0.009949 0.011953
0 0.364658 0.747620 0.008324 0.010873
0 0.310159 0.419827 0.009665 0.012016
0 0.732158 0.327963 0.012369 0.015876
0 0.449285 0.806173 0.012038 0.014028
0 0.466008 0.580470 0.009846 0.011376
0 0.671755 0.627364 0.009368 0.012889
0 0.542992 0.401842 0.010181 0.014954
0 0.713285 0.281134 0.014531 0.019599
0 0.688203 0.703331 0.011012 0.012678
0 0.203119 0.654073 0.011191 0.013210
0 0.497341 0.416058 0.010482 0.013637
0 0.451530 0.531076 0.012597 0.014417
0 0.210713 0.439071 0.011763 0.012200
0 0.747748 0.554917 0.011269 0.013998
0 0.588813 0.597299 0.012518 0.012762
0 0.292001 0.677149 0.011106 0.010714
0 0.697651 0.420682 0.011213 0.012956
0 0.521604 0.437420 0.015104 0.013141
0 0.489918 0.223818 0.012681 0.011820
0 0.343516 0.491793 0.010692 0.013824
0 0.375177 0.464265 0.012861 0.013096
0 0.398957 0.518003 0.010578 0.019879
0 0.735115 0.561822 0.013668 0.013695
0 0.362298 0.377750 0.012367 0.018060
0 0.367591 0.579521 0.010180 0.012435
0 0.319635 0.819007 0.012941 0.011558
0 0.510476 0.428918 0.013363 0.015143
0 0.306711 0.816574 0.014630 0.012331
0 0.701989 0.723821 0.010253 0.020669
0 0.600690 0.514832 0.010536 0.013235
0 0.264658 0.334465 0.013362 0.012199
0 0.664830 0.440006 0.011084 0.012403
0 0.465852 0.206726 0.010640 0.012510
0 0.598964 0.631521 0.010382 0.012370
0 0.641192 0.287182 0.010564 0.011266
0 0.264536 0.408780 0.009765 0.013975
0 0.660440 0.771730 0.011312 0.015406
0 0.719984 0.748791 0.012796 0.012574
0 0.460570 0.251221 0.013591 0.016940
0 0.675929 0.633842 0.008607 0.013224
0 0.290573 0.368400 0.011565 0.014798
0 0.311529 0.724584 0.020587 0.010456
0 0.383239 0.768189 0.009372 0.016121
0 0.385599 0.742538 0.010870 0.010027
0 0.771111 0.568109 0.012431 0.017009
0 0.302073 0.844573 0.010187 0.017116
0 0.375979 0.313919 0.014017 0.014733
0 0.256638 0.306620 0.011520 0.015367
0 0.649446 0.828834 0.010375 0.012859
0 0.525118 0.433553 0.012552 0.021011
0 0.634647 0.461283 0.020217 0.015455
0 0.331725 0.880786 0.011588 0.013372
0 0.277742 0.458543 0.009653 0.016751