1 0.329287 0.622521 0.055101 0.050658
1 0.525185 0.534219 0.060411 0.043306
1 0.937510 0.517179 0.051929 0.038981
1 0.358329 0.736217 0.054746 0.040088
1 0.813722 0.669000 0.055843 0.039946
1 0.831823 0.558642 0.057537 0.040567
0 0.688360 0.415875 0.019819 0.013155
1 0.499787 0.690778 0.047663 0.035047
1 0.406185 0.271099 0.052069 0.037047
0 0.451213 0.293617 0.019292 0.013033
1 0.870539 0.531805 0.048309 0.037348
0 0.604207 0.348221 0.018492 0.013752
1 0.294279 0.382084 0.047272 0.035742
1 0.275135 0.441184 0.047158 0.031430
0 0.525030 0.335258 0.024469 0.018772
0 0.645679 0.454692 0.018040 0.011875
0 0.716199 0.581835 0.015602 0.011462
1 0.546391 0.245561 0.085366 0.039965
0 0.553959 0.417032 0.017994 0.012965
0 0.354491 0.530424 0.016992 0.011727
1 0.819088 0.499578 0.061719 0.055581
0 0.629503 0.270507 0.019670 0.013546
1 0.253747 0.344735 0.050784 0.035868
0 0.532974 0.590210 0.017771 0.011867
1 0.738159 0.623799 0.049409 0.035761
0 0.572212 0.713832 0.018010 0.012446
0 0.912784 0.405126 0.017495 0.011690
1 0.450451 0.425032 0.058547 0.046952
0 0.565368 0.371720 0.019032 0.014251
0 0.862363 0.340005 0.020926 0.013497
1 0.319688 0.256762 0.057022 0.036697
0 0.661584 0.324077 0.019274 0.012940
0 0.812860 0.313832 0.020169 0.013311
0 0.633864 0.407122 0.023197 0.015039
1 0.768098 0.604406 0.050437 0.038650
1 0.751416 0.495298 0.048744 0.030056
0 0.518048 0.477788 0.017171 0.011572
0 0.205126 0.408030 0.017441 0.012413
0 0.637708 0.582188 0.016194 0.010814
0 0.879616 0.432090 0.016243 0.011283
0 0.414985 0.470293 0.016868 0.011629
0 0.397255 0.488044 0.017105 0.012345
0 0.923159 0.379456 0.016113 0.011697
0 0.476364 0.493064 0.017844 0.011707
0 0.490169 0.282811 0.018405 0.012534
0 0.564133 0.572844 0.019047 0.012350
0 0.589192 0.633550 0.019084 0.013976
0 0.398501 0.353960 0.018810 0.013293
0 0.648611 0.558905 0.017445 0.013315
0 0.720814 0.336676 0.019218 0.014201
0 0.380870 0.427287 0.016834 0.010982
0 0.221943 0.552275 0.013883 0.009551
0 0.252298 0.464328 0.014997 0.010342
0 0.369402 0.495981 0.016875 0.011400
0 0.786469 0.371047 0.018041 0.015627
0 0.714426 0.275250 0.020457 0.016950
0 0.623025 0.440823 0.017742 0.012543
0 0.739431 0.524945 0.016763 0.011188
0 0.681339 0.478682 0.015225 0.010490
0 0.486190 0.356095 0.026396 0.017292
0 0.698309 0.371870 0.018837 0.012547
0 0.489786 0.751710 0.019090 0.012406
0 0.372036 0.677064 0.018925 0.013830
0 0.730658 0.372123 0.019263 0.013459
0 0.366552 0.341213 0.015822 0.010383
0 0.667280 0.304013 0.019285 0.012852
0 0.448958 0.489680 0.017825 0.011193
0 0.319378 0.523362 0.018888 0.011721
0 0.199147 0.378715 0.018515 0.012787
0 0.663586 0.488636 0.015623 0.010207
0 0.359437 0.428582 0.015846 0.010668
0 0.668822 0.515226 0.015719 0.010620
0 0.636063 0.371891 0.019048 0.013741
0 0.739429 0.700593 0.017594 0.011196
0 0.353529 0.399861 0.016231 0.010924
0 0.763966 0.396656 0.018626 0.012796
0 0.376896 0.560424 0.025968 0.016921
0 0.278352 0.546472 0.016405 0.011299
0 0.579641 0.576953 0.017810 0.010685
0 0.487292 0.613781 0.015434 0.010250
0 0.386152 0.629489 0.014515 0.009616
0 0.639956 0.722632 0.026197 0.019276
0 0.543593 0.765469 0.021816 0.014891
0 0.530561 0.507280 0.016631 0.010642
0 0.691814 0.505758 0.019951 0.011194
0 0.699341 0.744512 0.019196 0.013214
0 0.437750 0.572779 0.015445 0.011512
0 0.622100 0.548911 0.017792 0.010008
0 0.388013 0.591480 0.018176 0.012247
0 0.505704 0.772054 0.026012 0.016775
0 0.425759 0.627412 0.015015 0.010276
0 0.547927 0.689246 0.015840 0.010861
0 0.665240 0.537167 0.016861 0.012141
0 0.855507 0.363348 0.015934 0.010847
0 0.466891 0.731872 0.019927 0.014523
0 0.737775 0.469891 0.016727 0.010920
0 0.679161 0.391811 0.017461 0.011624
0 0.655216 0.363874 0.018833 0.013302
0 0.311670 0.408480 0.017088 0.010727
0 0.772182 0.463302 0.016874 0.012262
0 0.889199 0.327055 0.018106 0.013803
0 0.609592 0.480892 0.024656 0.013899
0 0.488962 0.594704 0.014187 0.010774
0 0.380057 0.387470 0.015779 0.011567
0 0.258406 0.400846 0.014408 0.009101
0 0.735404 0.361365 0.017895 0.013263
0 0.469070 0.564807 0.015095 0.010423
0 0.942504 0.370879 0.018193 0.012771
0 0.806706 0.338734 0.016206 0.011213
0 0.696210 0.289856 0.020686 0.013353
0 0.488985 0.646331 0.014591 0.010625
0 0.285761 0.303244 0.016672 0.011913
0 0.368501 0.626777 0.013299 0.009078
0 0.693789 0.693691 0.014385 0.010668
0 0.514341 0.644168 0.017826 0.012273
1 0.832265 0.473678 0.045829 0.029938
0 0.680492 0.735857 0.017049 0.012652
0 0.817369 0.293645 0.019191 0.013147
0 0.853368 0.383255 0.014973 0.010612
0 0.466312 0.629967 0.013637 0.009388
0 0.717388 0.493936 0.015896 0.010266
0 0.347975 0.308235 0.016901 0.012833
0 0.336981 0.651943 0.015766 0.009841
0 0.583155 0.264936 0.015225 0.010767
1 0.445970 0.405952 0.049585 0.037903
0 0.210543 0.509539 0.021126 0.014316
0 0.478009 0.529623 0.014726 0.009706
0 0.788869 0.717668 0.016301 0.010783
0 0.925734 0.341221 0.020277 0.014184
0 0.912074 0.472332 0.015110 0.010823
0 0.895384 0.339697 0.020191 0.012623
0 0.605268 0.716044 0.020701 0.011956
0 0.472636 0.444903 0.022149 0.011904
0 0.842900 0.625999 0.016479 0.011161
0 0.618582 0.697553 0.018387 0.012770
0 0.557893 0.548637 0.014036 0.009347
0 0.446035 0.515086 0.015340 0.010367
0 0.243732 0.544042 0.014353 0.010522
1 0.830128 0.479072 0.056796 0.056524
0 0.488472 0.218015 0.025835 0.014300
0 0.356218 0.475799 0.015479 0.010856
0 0.473063 0.356134 0.018963 0.013293
0 0.641711 0.369427 0.033381 0.018377
0 0.457313 0.695982 0.017267 0.011084
1 0.754568 0.615423 0.071368 0.045433
0 0.241561 0.424081 0.015261 0.009144
0 0.778268 0.692676 0.014578 0.012362
0 0.810240 0.288013 0.020157 0.014605
0 0.889064 0.482902 0.014655 0.009366
0 0.708229 0.678037 0.015298 0.010854
0 0.611722 0.615631 0.018918 0.013470