1 0.054810 0.612850 0.057358 0.042386
1 0.304624 0.690612 0.047289 0.032618
0 0.565167 0.406226 0.022255 0.015209
0 0.378110 0.745256 0.025007 0.016794
0 0.513611 0.403312 0.023771 0.016483
0 0.440076 0.583312 0.017492 0.012116
0 0.130693 0.503747 0.018422 0.013159
1 0.773836 0.744692 0.047851 0.035173
0 0.632791 0.665342 0.018736 0.012580
0 0.340963 0.812079 0.024277 0.019739
0 0.381179 0.429767 0.020529 0.013904
0 0.369958 0.386572 0.023050 0.016411
0 0.432259 0.773502 0.019342 0.014216
0 0.497667 0.813831 0.019951 0.013913
0 0.448129 0.827057 0.019645 0.012950
0 0.332165 0.434442 0.018372 0.013545
0 0.331677 0.494305 0.018443 0.012344
0 0.302422 0.403121 0.017561 0.011454
0 0.685306 0.466533 0.022104 0.015405
0 0.301897 0.439626 0.018620 0.012828
0 0.564118 0.509013 0.017940 0.012362
0 0.547797 0.475042 0.021260 0.014321
0 0.345958 0.464688 0.019830 0.013542
0 0.284058 0.504345 0.019023 0.013486
0 0.787814 0.491900 0.024638 0.017547
0 0.262418 0.595657 0.020304 0.014035
0 0.580735 0.457566 0.018437 0.012752
0 0.341457 0.526739 0.018763 0.013019
0 0.352094 0.690308 0.018051 0.012027
0 0.580495 0.663691 0.020323 0.014741
0 0.436288 0.853684 0.025444 0.016927
0 0.177596 0.477159 0.019611 0.013559
0 0.659121 0.713504 0.020891 0.014925
0 0.449258 0.669398 0.018354 0.012186
0 0.301577 0.365798 0.018761 0.013246
0 0.227623 0.466692 0.015693 0.010601
0 0.331870 0.763018 0.020113 0.013380
0 0.579812 0.633198 0.017449 0.011050
0 0.459384 0.337880 0.018637 0.012667
0 0.370234 0.649907 0.017916 0.012352
0 0.381422 0.799460 0.019192 0.014894
0 0.574686 0.548055 0.022087 0.013985
0 0.615429 0.770749 0.023427 0.015880
0 0.694357 0.731382 0.017228 0.011632
0 0.293062 0.467843 0.016878 0.011309
0 0.518786 0.452706 0.018864 0.013135
0 0.656732 0.520171 0.017187 0.012081
0 0.555715 0.563070 0.020977 0.015073
0 0.162500 0.495966 0.018051 0.012196
0 0.541881 0.646395 0.025063 0.017552
0 0.729348 0.417025 0.022750 0.015641
0 0.362474 0.320260 0.016041 0.010674
0 0.302855 0.524145 0.017079 0.012035
0 0.182272 0.444088 0.020129 0.012917
0 0.194173 0.558789 0.020541 0.014274
0 0.647280 0.783412 0.019349 0.014131
0 0.673460 0.555049 0.019859 0.014646
0 0.497266 0.668219 0.018613 0.013892
0 0.589839 0.525473 0.020055 0.012593
0 0.489801 0.609769 0.025425 0.015606
0 0.604164 0.615863 0.020168 0.014257
0 0.664570 0.641580 0.017164 0.011917
0 0.331014 0.357101 0.017723 0.012049
0 0.713109 0.446274 0.018202 0.012942
0 0.420434 0.712331 0.016151 0.011557
0 0.407078 0.832562 0.019433 0.013791
0 0.218386 0.560111 0.020319 0.014856
0 0.481576 0.657703 0.020622 0.012678
0 0.605386 0.853315 0.021096 0.014910
0 0.245484 0.525577 0.016911 0.010517
0 0.264304 0.469819 0.017051 0.011146
0 0.311556 0.348003 0.019061 0.014228
0 0.129738 0.745271 0.018753 0.013318
0 0.581939 0.845233 0.018261 0.012630
0 0.308592 0.571102 0.017451 0.011347
0 0.399745 0.604982 0.021779 0.014667
0 0.278534 0.577398 0.016924 0.009737
0 0.247885 0.499849 0.017401 0.013653
0 0.361709 0.476829 0.017608 0.011817
0 0.388586 0.717777 0.015424 0.010525
0 0.613148 0.809853 0.020387 0.016157
0 0.354010 0.858901 0.020975 0.016203
0 0.484998 0.293260 0.017558 0.012952
0 0.482027 0.632316 0.019795 0.014017
0 0.017843 0.556620 0.019298 0.013310
0 0.305199 0.638321 0.017450 0.012399
0 0.447023 0.725327 0.016536 0.010725
0 0.612413 0.417676 0.024989 0.017525
0 0.309362 0.586387 0.019834 0.011750
0 0.525455 0.829796 0.019546 0.013776
0 0.112203 0.575608 0.016132 0.012509
0 0.435577 0.603247 0.016643 0.010395
0 0.353068 0.542726 0.016055 0.010502
0 0.140347 0.412387 0.021651 0.015023
0 0.565252 0.526995 0.016387 0.011005
0 0.573639 0.473698 0.019596 0.011538
0 0.643848 0.482675 0.017445 0.012445
0 0.216131 0.418607 0.019109 0.013290
0 0.393124 0.566976 0.033268 0.016486
0 0.411819 0.315509 0.019071 0.013318
0 0.098445 0.454610 0.016458 0.011150
0 0.472433 0.736229 0.018182 0.012625
0 0.762308 0.445488 0.020525 0.014378
0 0.429432 0.276839 0.015740 0.010176
0 0.456784 0.306660 0.016274 0.012070
0 0.781388 0.550647 0.023356 0.016107
0 0.214929 0.374703 0.021764 0.013068
0 0.652541 0.494159 0.018079 0.012481
0 0.187600 0.336416 0.022793 0.014822
0 0.566268 0.814954 0.018782 0.012987
0 0.424543 0.350671 0.019582 0.016018
0 0.570047 0.322791 0.031237 0.017337
0 0.464856 0.716170 0.023775 0.014626
0 0.170058 0.540856 0.016074 0.010140
0 0.367043 0.596214 0.016751 0.012284
0 0.322350 0.715971 0.017655 0.011423
0 0.137745 0.711752 0.021088 0.013913
0 0.704132 0.686090 0.017446 0.012594
0 0.041870 0.499643 0.017424 0.013684
0 0.092832 0.506386 0.014438 0.011496
0 0.749008 0.696364 0.017785 0.013023
0 0.417920 0.366922 0.025082 0.014947
0 0.103790 0.528799 0.020337 0.011977
0 0.111471 0.541728 0.016371 0.010087
0 0.168609 0.525099 0.016399 0.011646
0 0.150076 0.743166 0.016327 0.010406
0 0.363761 0.296325 0.013855 0.009528
0 0.542123 0.666355 0.016512 0.009342
0 0.524644 0.655591 0.017630 0.010513
0 0.598415 0.364924 0.023096 0.013377
0 0.205069 0.371962 0.019578 0.012957
0 0.760551 0.522536 0.015687 0.010214
0 0.291093 0.484990 0.015637 0.011713
0 0.163778 0.575120 0.018060 0.013182
0 0.630474 0.755607 0.016671 0.010412
0 0.202829 0.495960 0.013129 0.008630
0 0.422913 0.355123 0.027637 0.021989
0 0.262749 0.523866 0.017715 0.009274
0 0.031837 0.642602 0.015432 0.009739
0 0.306850 0.306746 0.016771 0.014269
0 0.526776 0.374550 0.017240 0.012174
0 0.090296 0.600717 0.015198 0.010445
0 0.309884 0.351478 0.026487 0.023053
0 0.118286 0.466304 0.014033 0.010085
0 0.163696 0.441597 0.015992 0.011209
0 0.317640 0.385100 0.015944 0.010232
0 0.577936 0.461794 0.026612 0.022092
0 0.758975 0.427705 0.019655 0.013851
0 0.767036 0.652984 0.022452 0.013217
0 0.574356 0.526525 0.030630 0.011497
0 0.040409 0.488765 0.017637 0.014258
0 0.040506 0.496049 0.023125 0.024149
0 0.289013 0.492780 0.017478 0.021353
0 0.648325 0.488905 0.020858 0.019581