1 0.805364 0.361476 0.052695 0.036992
1 0.139576 0.329733 0.055036 0.038239
0 0.522325 0.480449 0.017495 0.012014
1 0.734073 0.160718 0.061707 0.051701
1 0.396406 0.536748 0.047505 0.029313
0 0.553989 0.439873 0.019755 0.015088
0 0.477268 0.471978 0.017741 0.012490
1 0.404495 0.290330 0.043803 0.031959
0 0.382981 0.509361 0.015808 0.011380
1 0.607467 0.618498 0.063669 0.043537
0 0.376004 0.474681 0.017049 0.011282
0 0.305274 0.480325 0.018088 0.013535
0 0.456348 0.478679 0.016405 0.011350
0 0.661782 0.552556 0.015632 0.010149
0 0.698033 0.537324 0.018774 0.013433
0 0.354352 0.582112 0.017772 0.014647
0 0.626872 0.554640 0.016803 0.010883
0 0.429369 0.458262 0.016091 0.011560
0 0.243934 0.520914 0.015773 0.011254
0 0.203330 0.515440 0.015530 0.009522
0 0.735919 0.549860 0.017281 0.012344
0 0.351632 0.426232 0.017988 0.013303
0 0.773026 0.527221 0.015903 0.012355
0 0.720878 0.527444 0.015359 0.009449
0 0.411265 0.345682 0.017515 0.013559
1 0.509898 0.629095 0.051111 0.035640
0 0.595733 0.415469 0.019345 0.012805
0 0.779594 0.480990 0.015310 0.010165
0 0.189041 0.445425 0.014926 0.011096
0 0.294427 0.595818 0.015191 0.010534
0 0.302378 0.559226 0.017965 0.012619
0 0.241630 0.575081 0.015380 0.010475
0 0.569039 0.480471 0.016872 0.011736
0 0.738869 0.363884 0.023558 0.017583
0 0.478969 0.514807 0.014756 0.010714
0 0.673577 0.517433 0.017909 0.010710
0 0.455217 0.298677 0.021431 0.016046
0 0.238115 0.496273 0.015084 0.011416
0 0.696830 0.471718 0.017588 0.011914
0 0.343022 0.496998 0.018684 0.012963
0 0.724804 0.425269 0.016698 0.011639
0 0.771029 0.376959 0.018102 0.013311
0 0.460464 0.451477 0.016625 0.010134
0 0.581892 0.466201 0.018194 0.011732
0 0.450802 0.430061 0.015766 0.010450
0 0.427027 0.520541 0.015178 0.009706
0 0.642299 0.572686 0.016502 0.010866
0 0.424943 0.378720 0.017081 0.011317
0 0.179811 0.508469 0.015409 0.010083
0 0.264185 0.593314 0.013784 0.009215
0 0.517100 0.554779 0.017419 0.011631
0 0.432408 0.634532 0.020855 0.016886
0 0.360981 0.460179 0.019626 0.013546
0 0.711879 0.565126 0.014384 0.009399
0 0.586710 0.434832 0.017522 0.011739
0 0.402812 0.597718 0.015029 0.011103
0 0.555503 0.114819 0.027690 0.022878
0 0.155264 0.474914 0.015239 0.010286
0 0.724915 0.511563 0.014181 0.010070
0 0.445822 0.532894 0.014432 0.010225
0 0.757315 0.499563 0.015522 0.009179
0 0.418409 0.424207 0.016466 0.012017
0 0.482275 0.427144 0.021688 0.012739
0 0.674263 0.484008 0.016300 0.010714
0 0.455382 0.378161 0.016025 0.010363
0 0.505493 0.573717 0.017836 0.011027
0 0.136736 0.447402 0.014771 0.009639
0 0.739801 0.520888 0.013508 0.008032
0 0.591212 0.524080 0.017004 0.011639
0 0.544288 0.397475 0.023456 0.016247
0 0.471654 0.566185 0.015143 0.009511
0 0.727619 0.456425 0.014499 0.009717
0 0.497084 0.508667 0.015496 0.010128
0 0.736323 0.476432 0.014482 0.009384
0 0.760266 0.342039 0.022465 0.015991
0 0.441100 0.274771 0.025925 0.018332
0 0.802099 0.449642 0.014311 0.009035
0 0.553169 0.555901 0.018308 0.011503
0 0.325060 0.469338 0.014437 0.008758
0 0.413034 0.616740 0.017722 0.010978
1 0.244259 0.436543 0.045542 0.031714
0 0.251868 0.550691 0.019507 0.009914
0 0.220339 0.515918 0.014986 0.008965
0 0.807950 0.472530 0.015961 0.009797
0 0.389162 0.397697 0.015580 0.010320
0 0.606093 0.558968 0.015637 0.011380
0 0.300592 0.533457 0.019383 0.011389
1 0.089517 0.332740 0.049433 0.033326
0 0.280904 0.465281 0.015428 0.010370
0 0.278110 0.475621 0.013606 0.008749
0 0.611741 0.571315 0.015464 0.010204
0 0.207383 0.475917 0.014943 0.009627
0 0.517637 0.501146 0.014667 0.009850
0 0.424808 0.582614 0.017521 0.009875
0 0.456035 0.589862 0.015957 0.010087
0 0.549374 0.504125 0.016928 0.009851
0 0.567326 0.515543 0.014950 0.008724
0 0.408310 0.456739 0.017025 0.011955
0 0.466646 0.611157 0.017454 0.013713
0 0.811761 0.496669 0.012250 0.007805
0 0.527654 0.603294 0.016687 0.011051
0 0.381452 0.574018 0.017184 0.010761
0 0.472662 0.530511 0.015510 0.011450
0 0.691249 0.499771 0.017282 0.009718
0 0.221188 0.540624 0.014091 0.008724
0 0.467943 0.401436 0.017482 0.012647
0 0.280729 0.422519 0.016212 0.011640
0 0.309320 0.534778 0.020045 0.010203
0 0.722644 0.395945 0.020105 0.014035
0 0.708172 0.496168 0.016432 0.010390
0 0.287603 0.547147 0.016826 0.009776
0 0.573220 0.477503 0.019321 0.015216
0 0.199138 0.427397 0.014099 0.011405
0 0.341447 0.405636 0.015040 0.010747
0 0.374161 0.618130 0.017905 0.012419
0 0.229482 0.246832 0.026364 0.021020
0 0.455852 0.572639 0.015080 0.010755
0 0.417796 0.563042 0.015973 0.011654