1 0.262484 0.519726 0.120892 0.069102
0 0.419404 0.918410 0.037243 0.021697
0 0.266469 0.796583 0.033574 0.019586
0 0.728964 0.280199 0.036075 0.020843
1 0.721477 0.590892 0.110421 0.055734
0 0.908633 0.398527 0.037453 0.021978
0 0.444566 0.618174 0.036675 0.021113
0 0.644608 0.426333 0.037259 0.022767
0 0.525578 0.692452 0.038025 0.020662
0 0.926094 0.336522 0.034910 0.021391
0 0.583129 0.313382 0.036347 0.021312
0 0.660951 0.261837 0.036449 0.021761
0 0.750122 0.128121 0.034538 0.019758
0 0.937837 0.907081 0.033117 0.020548
0 0.916630 0.781391 0.036097 0.019956
0 0.170203 0.741598 0.035477 0.019183
0 0.408149 0.847858 0.037718 0.023278
0 0.232661 0.671219 0.033822 0.020808
0 0.095165 0.764835 0.032877 0.018700
0 0.336052 0.730508 0.034825 0.019362
0 0.199745 0.712019 0.032979 0.018434
0 0.150643 0.786928 0.033450 0.020585
0 0.450008 0.654805 0.037854 0.020266
0 0.834004 0.695668 0.041020 0.024276
0 0.906345 0.304211 0.036622 0.020349
0 0.888376 0.493802 0.035632 0.021717
0 0.798259 0.396121 0.031871 0.018898
0 0.966698 0.619218 0.033535 0.019729
0 0.816000 0.656672 0.033939 0.019785
0 0.354385 0.956862 0.032585 0.019626
0 0.941661 0.735911 0.033022 0.020492
0 0.791140 0.424353 0.034828 0.019729
0 0.197839 0.914050 0.033293 0.019526
0 0.908241 0.584457 0.033085 0.020539
0 0.851841 0.568983 0.040079 0.019947
0 0.751579 0.084249 0.034515 0.020343
0 0.553237 0.530026 0.043181 0.022614
0 0.943184 0.552814 0.033340 0.019699
0 0.945675 0.654673 0.034863 0.018613
0 0.045269 0.954703 0.032129 0.018157
0 0.832792 0.475882 0.036469 0.023786
0 0.127327 0.683827 0.032811 0.018720
0 0.760748 0.745911 0.033447 0.021780
0 0.147807 0.483388 0.033509 0.020482
0 0.105263 0.380332 0.052446 0.031587
0 0.182355 0.805498 0.030828 0.017547
0 0.377374 0.631925 0.032276 0.019109
0 0.186429 0.954473 0.036339 0.018003
0 0.730149 0.981155 0.030273 0.018330
0 0.630904 0.684495 0.031942 0.020149
0 0.314310 0.836175 0.035421 0.023386
0 0.475888 0.758559 0.032698 0.018955
0 0.509913 0.840139 0.037706 0.020887
0 0.483332 0.795514 0.031794 0.018518
0 0.794292 0.508199 0.033815 0.022096
0 0.360644 0.836908 0.031630 0.019468
0 0.518463 0.812065 0.038148 0.020539
0 0.546946 0.656914 0.046901 0.021729
0 0.156174 0.427883 0.035693 0.020615
0 0.136380 0.838256 0.031782 0.018718
0 0.875537 0.957533 0.031196 0.018601
0 0.047380 0.727573 0.042933 0.026181
0 0.737743 0.501016 0.033272 0.020444
0 0.016626 0.439396 0.033252 0.019542
0 0.684510 0.898945 0.028660 0.016248
1 0.224884 0.613401 0.130111 0.061907
0 0.048273 0.892812 0.032473 0.018020
0 0.119864 0.863051 0.031157 0.017501
0 0.970209 0.930725 0.032875 0.018026
0 0.717613 0.247280 0.033101 0.019637
0 0.096100 0.885768 0.031910 0.017734
0 0.746763 0.845618 0.034359 0.020404
0 0.883377 0.627701 0.037691 0.018652
0 0.449733 0.521088 0.034438 0.020286
0 0.110806 0.799223 0.031573 0.018461
0 0.667200 0.922628 0.028668 0.015626
0 0.976620 0.268333 0.033483 0.019608
0 0.823632 0.786923 0.033331 0.019692
0 0.183739 0.989007 0.034226 0.019469
0 0.423090 0.548854 0.039977 0.021951
0 0.064794 0.690860 0.028379 0.016375
0 0.903799 0.248495 0.033334 0.021232
0 0.805303 0.581224 0.027023 0.015652
0 0.703674 0.534649 0.033903 0.018894
0 0.116621 0.596164 0.034599 0.020961
1 0.680646 0.789711 0.154535 0.066682
0 0.851145 0.386593 0.037028 0.018113
0 0.902875 0.104039 0.032783 0.018106
0 0.092127 0.489625 0.034122 0.019892
0 0.684022 0.502599 0.038715 0.024175
0 0.908283 0.947212 0.026263 0.015379
1 0.393899 0.159371 0.096928 0.048279
0 0.897201 0.444008 0.038102 0.023164
0 0.618977 0.560997 0.036965 0.020455
0 0.069284 0.852114 0.041651 0.024758
0 0.384007 0.932084 0.034375 0.018962
0 0.744835 0.630908 0.031197 0.017889
0 0.687139 0.675205 0.029992 0.016871
0 0.013714 0.755774 0.027428 0.014856
0 0.327559 0.702700 0.027911 0.016328
0 0.643272 0.976031 0.036575 0.018522
1 0.237560 0.580811 0.150676 0.088524
0 0.638154 0.031624 0.035564 0.018502
0 0.480849 0.500119 0.032383 0.018222
0 0.597096 0.883514 0.030470 0.017975
0 0.596297 0.975162 0.032678 0.019803
1 0.240655 0.570003 0.098510 0.050708
0 0.578633 0.557533 0.033670 0.019095
0 0.717166 0.716182 0.031615 0.018898
0 0.492567 0.042654 0.026633 0.015200
0 0.769245 0.028924 0.028169 0.015724
0 0.851953 0.363588 0.039212 0.024840
0 0.616542 0.648338 0.033787 0.019218
0 0.816602 0.109083 0.031192 0.018996
0 0.080694 0.963295 0.029367 0.017210
0 0.377115 0.681993 0.035748 0.022265
0 0.979429 0.699522 0.035117 0.022482
0 0.655506 0.949536 0.027796 0.015091
0 0.510925 0.441518 0.032808 0.018851
0 0.790214 0.788017 0.030458 0.017976
0 0.081127 0.430029 0.034044 0.024018
0 0.854284 0.987323 0.031194 0.019182
0 0.842054 0.076898 0.040424 0.019878
0 0.978216 0.973331 0.033801 0.019977
0 0.235831 0.870261 0.024694 0.014630
0 0.832633 0.531655 0.026421 0.014516
0 0.916096 0.613463 0.028818 0.014666
0 0.813360 0.208727 0.037148 0.019839
0 0.991487 0.390235 0.017026 0.018479
1 0.312437 0.368588 0.122567 0.057912
0 0.612666 0.541010 0.042907 0.027220
0 0.087078 0.520292 0.034409 0.019422
0 0.403447 0.712827 0.029955 0.016675
0 0.014924 0.518823 0.029847 0.024953
0 0.454930 0.819853 0.034480 0.020379
0 0.990945 0.991947 0.018110 0.013716
0 0.574105 0.912040 0.028117 0.016547
0 0.802614 0.957850 0.046027 0.019159
0 0.971847 0.483011 0.040899 0.021668
0 0.721947 0.948004 0.031971 0.017631
0 0.071300 0.788194 0.024444 0.013259
0 0.681948 0.656930 0.043876 0.020885
0 0.547241 0.049986 0.041320 0.019312
0 0.637478 0.067378 0.027758 0.016516
0 0.575719 0.234372 0.043665 0.024540
0 0.561050 0.089017 0.038899 0.021507
0 0.596732 0.130772 0.027818 0.014987
0 0.924578 0.469917 0.027649 0.020678
0 0.656908 0.115161 0.058326 0.027154
0 0.907255 0.071524 0.041966 0.022870
0 0.011757 0.624207 0.023514 0.021364
0 0.491287 0.073782 0.036480 0.018263
0 0.669123 0.739982 0.031674 0.017524
0 0.669598 0.653839 0.040964 0.021283
0 0.952360 0.209074 0.037538 0.021188