1 0.491186 0.594333 0.053131 0.044864
1 0.694913 0.623945 0.037154 0.031838
1 0.331063 0.364024 0.039791 0.036896
1 0.758217 0.640910 0.033818 0.033312
1 0.237461 0.346233 0.044520 0.030603
0 0.631518 0.579737 0.016457 0.011225
0 0.400771 0.644440 0.015039 0.010956
0 0.220967 0.631658 0.013383 0.009532
0 0.398651 0.443683 0.018075 0.013009
0 0.462417 0.364612 0.016599 0.010347
0 0.475372 0.708763 0.015375 0.009562
0 0.068012 0.402917 0.018566 0.012507
0 0.330417 0.595329 0.015264 0.009962
1 0.439664 0.544184 0.048956 0.029455
0 0.577279 0.449886 0.016136 0.011380
0 0.472464 0.432828 0.015871 0.011275
1 0.030527 0.668006 0.053329 0.041903
1 0.369130 0.549788 0.042371 0.032781
0 0.144313 0.766276 0.014793 0.010389
0 0.317715 0.533888 0.014929 0.010662
0 0.628182 0.704243 0.015278 0.010394
0 0.455393 0.727440 0.013709 0.009602
0 0.582274 0.416023 0.017420 0.012425
0 0.547962 0.578664 0.016222 0.011142
0 0.457397 0.662032 0.015116 0.010353
0 0.395416 0.600049 0.014990 0.010050
0 0.266590 0.765717 0.013250 0.009444
0 0.501559 0.332061 0.015274 0.011377
0 0.277072 0.463290 0.017342 0.011099
0 0.553593 0.432685 0.015636 0.010474
0 0.518606 0.677184 0.017815 0.012692
0 0.680906 0.453393 0.020287 0.015394
0 0.563176 0.504999 0.019124 0.012826
0 0.497052 0.737583 0.013348 0.009268
0 0.572865 0.659234 0.016149 0.010927
0 0.132469 0.553627 0.013515 0.009718
0 0.517888 0.435856 0.019347 0.013467
0 0.630731 0.661026 0.013355 0.009642
0 0.103906 0.490247 0.013677 0.009219
0 0.160252 0.572646 0.014822 0.010551
0 0.315991 0.611705 0.015701 0.011253
0 0.257198 0.486173 0.020116 0.013863
0 0.048099 0.534763 0.013874 0.010044
0 0.504183 0.709543 0.014411 0.009330
0 0.124331 0.362790 0.018775 0.013352
1 0.224403 0.449919 0.038558 0.025816
0 0.585972 0.780120 0.015191 0.009981
0 0.579645 0.717659 0.015941 0.010439
0 0.362972 0.709731 0.015975 0.011597
0 0.115499 0.633795 0.013317 0.009212
0 0.279666 0.720291 0.014151 0.009637
0 0.221842 0.551719 0.017950 0.011341
0 0.287908 0.811194 0.016934 0.014057
0 0.651903 0.668886 0.014127 0.009558
0 0.448438 0.765686 0.014547 0.009283
0 0.601917 0.518050 0.019027 0.011525
0 0.373067 0.383987 0.015263 0.009290
0 0.019787 0.610451 0.015186 0.010366
0 0.589084 0.367296 0.018071 0.012042
0 0.339431 0.739364 0.012512 0.008227
0 0.611616 0.421002 0.015023 0.010425
0 0.435884 0.406545 0.018609 0.013877
0 0.143214 0.578976 0.013896 0.009528
0 0.249969 0.659638 0.014624 0.010424
0 0.545086 0.785880 0.014884 0.009417
0 0.593123 0.564324 0.015728 0.009281
0 0.327126 0.574148 0.013934 0.009286
0 0.663146 0.387113 0.018098 0.013277
0 0.588858 0.464681 0.015129 0.009752
0 0.392554 0.370342 0.014608 0.009911
0 0.044607 0.432609 0.019182 0.013529
0 0.038494 0.554939 0.014321 0.009653
0 0.053770 0.609472 0.014734 0.010254
0 0.135742 0.697671 0.012880 0.009714
0 0.322438 0.770287 0.013978 0.009982
0 0.638325 0.422077 0.014713 0.009922
0 0.198133 0.720812 0.013338 0.009131
0 0.417616 0.560685 0.014818 0.009624
0 0.251979 0.578357 0.014114 0.009454
0 0.195113 0.404064 0.019331 0.012197
0 0.581298 0.535967 0.015622 0.012338
0 0.400016 0.620580 0.018160 0.012477
0 0.471589 0.807669 0.014328 0.009443
0 0.303999 0.425141 0.016274 0.012640
0 0.295569 0.751769 0.014829 0.009226
0 0.389266 0.680742 0.013714 0.009459
0 0.378898 0.767172 0.013903 0.010489
0 0.331747 0.322467 0.017596 0.012847
0 0.247439 0.823089 0.016457 0.010939
0 0.647048 0.365291 0.017497 0.012993
0 0.411597 0.305167 0.014769 0.009928
0 0.139732 0.378675 0.015648 0.010305
0 0.395649 0.424135 0.016162 0.012183
0 0.227674 0.720457 0.012524 0.008626
0 0.647521 0.615718 0.012983 0.008279
0 0.141354 0.438580 0.015257 0.010891
0 0.148415 0.726661 0.013814 0.008784
0 0.204811 0.743502 0.016763 0.011107
0 0.326499 0.485459 0.015733 0.010568
0 0.395461 0.821664 0.018482 0.011482
0 0.297861 0.550596 0.013643 0.010777
0 0.451806 0.285141 0.013735 0.010236
0 0.495464 0.822327 0.017579 0.012448
0 0.564160 0.406018 0.013635 0.009135
0 0.582321 0.394967 0.016677 0.010325
0 0.076645 0.466038 0.012801 0.009550
0 0.608231 0.599559 0.016912 0.009700
0 0.317121 0.433405 0.017903 0.012353
0 0.649431 0.740555 0.013181 0.008863
0 0.293227 0.361382 0.013736 0.009133
0 0.677292 0.539922 0.017662 0.011240
0 0.377504 0.332284 0.014278 0.009777
0 0.543484 0.627042 0.012808 0.008440
0 0.521882 0.661396 0.014452 0.009717
0 0.260568 0.633939 0.018230 0.010609
0 0.166582 0.474667 0.014141 0.010771
0 0.320838 0.714534 0.012620 0.009421
0 0.402727 0.322925 0.012059 0.008949
1 0.333685 0.281493 0.081008 0.033683
0 0.105074 0.522470 0.024739 0.016908
0 0.641695 0.644493 0.014602 0.008894
0 0.618611 0.392206 0.015225 0.009743
0 0.512519 0.294844 0.021017 0.012792
0 0.182738 0.557582 0.016276 0.010340
0 0.110526 0.734081 0.014303 0.010231
0 0.611326 0.436692 0.014411 0.008765
0 0.648917 0.481925 0.021895 0.013452
0 0.158644 0.621218 0.016398 0.009360
0 0.222159 0.770910 0.012764 0.010508
0 0.288878 0.566706 0.016623 0.010215
0 0.539493 0.702384 0.012411 0.008160
0 0.440623 0.603517 0.013370 0.008582
0 0.272230 0.564203 0.017325 0.010184
0 0.006106 0.574902 0.012212 0.010662
0 0.462103 0.741065 0.013485 0.008057
0 0.356475 0.438256 0.018975 0.013373
0 0.488287 0.781940 0.013679 0.009023
0 0.372703 0.409178 0.015902 0.009947
0 0.495430 0.386135 0.022199 0.012829
0 0.063608 0.562753 0.015720 0.009064
0 0.147415 0.335506 0.017646 0.013082
0 0.346507 0.573793 0.013601 0.009506
0 0.135730 0.609225 0.012642 0.008536
0 0.453246 0.390426 0.015419 0.011552
0 0.198257 0.546204 0.014708 0.009718
0 0.182989 0.507537 0.016239 0.013981
0 0.683903 0.513095 0.013410 0.008600
0 0.550180 0.526138 0.014996 0.010193
0 0.384334 0.521442 0.013371 0.010539
0 0.289586 0.331003 0.013633 0.009546
0 0.496268 0.799882 0.016586 0.008625
0 0.562971 0.686444 0.013176 0.007761
0 0.522069 0.376837 0.021674 0.015300
1 0.529115 0.828810 0.042229 0.036010
0 0.718998 0.486593 0.015845 0.012557
0 0.257053 0.736712 0.014111 0.008823
0 0.263076 0.434172 0.013962 0.009793
0 0.366394 0.730305 0.014260 0.010087
0 0.427100 0.383342 0.015112 0.012584
0 0.254916 0.546810 0.016010 0.013137
0 0.249884 0.416891 0.013083 0.009420
0 0.220807 0.687502 0.014888 0.010228
0 0.528835 0.599790 0.013279 0.009034
0 0.043061 0.633036 0.017328 0.010729
0 0.308906 0.322732 0.014801 0.009533
0 0.450002 0.479106 0.013185 0.009295
0 0.201625 0.784284 0.013915 0.010239
0 0.185360 0.621786 0.012981 0.009354
0 0.083252 0.603088 0.021056 0.012820
0 0.583834 0.610195 0.013192 0.011164
0 0.403633 0.289819 0.019043 0.011914
0 0.614599 0.491669 0.020631 0.012077
0 0.669932 0.653022 0.013339 0.009923
0 0.349709 0.484298 0.016300 0.011295
0 0.347398 0.525556 0.012460 0.010088
0 0.581337 0.735333 0.014980 0.008818
0 0.700768 0.422957 0.035019 0.019003
0 0.196213 0.678882 0.015746 0.010576
0 0.559678 0.618754 0.013614 0.008793
0 0.229262 0.666168 0.012435 0.007948
0 0.250162 0.800413 0.015617 0.010836
0 0.309947 0.729145 0.013204 0.009208
0 0.472913 0.770285 0.015594 0.012078
0 0.460477 0.829056 0.015314 0.009819
0 0.412793 0.353498 0.021716 0.017024
0 0.200911 0.809293 0.015744 0.010698
0 0.170718 0.342521 0.014476 0.009738
0 0.111300 0.590907 0.013534 0.007611
0 0.746854 0.489488 0.017402 0.012479
0 0.163335 0.445748 0.012942 0.009467
0 0.574071 0.343525 0.024254 0.014009
0 0.529722 0.767159 0.016030 0.009434
0 0.538035 0.751907 0.014506 0.009877
0 0.539579 0.681786 0.014177 0.012172
0 0.438405 0.452514 0.013728 0.008711
0 0.171180 0.408853 0.016946 0.013072
0 0.296142 0.400356 0.014363 0.010477
0 0.252193 0.708941 0.012054 0.007806
0 0.138087 0.500144 0.014652 0.010130
0 0.648926 0.449468 0.014297 0.008564
0 0.543217 0.725837 0.019019 0.010119
0 0.089438 0.391659 0.017139 0.011881
0 0.656194 0.514779 0.013830 0.009515
0 0.747762 0.508108 0.015721 0.011543
0 0.186595 0.646156 0.012012 0.009061
0 0.526833 0.333129 0.013825 0.009339
0 0.372286 0.827520 0.015712 0.009307
0 0.192204 0.371870 0.021478 0.016582
0 0.133188 0.738592 0.013017 0.010318
0 0.427378 0.583536 0.018350 0.009091
0 0.606112 0.374010 0.017275 0.012079
0 0.728358 0.642100 0.013174 0.008289
0 0.624803 0.547749 0.013231 0.008602
0 0.401591 0.578334 0.012127 0.008134
0 0.287689 0.735211 0.015347 0.008772
0 0.431745 0.671521 0.012684 0.008132
0 0.100258 0.656262 0.011758 0.008531
0 0.052460 0.482961 0.012914 0.009995
0 0.356009 0.416690 0.014122 0.012032
0 0.722472 0.500546 0.015551 0.010240
0 0.442226 0.588377 0.015150 0.013018
0 0.519323 0.658957 0.016791 0.008735
0 0.254800 0.692535 0.011265 0.009082
0 0.393673 0.409630 0.014567 0.008781
0 0.637952 0.601254 0.015268 0.010161
0 0.514972 0.776025 0.014978 0.009773
0 0.484821 0.489243 0.014892 0.011030
0 0.386292 0.784473 0.013165 0.008514
0 0.276792 0.303787 0.014366 0.009520
0 0.310379 0.633046 0.011637 0.007991
0 0.505933 0.654435 0.012516 0.008658
0 0.497811 0.312349 0.013324 0.010026
0 0.344587 0.621335 0.013509 0.009543
0 0.108735 0.464326 0.015559 0.011577
0 0.570693 0.378915 0.014934 0.009442
0 0.156599 0.388110 0.011938 0.008675
0 0.658257 0.540615 0.014784 0.009298
0 0.239040 0.607631 0.012582 0.010038
0 0.137348 0.789955 0.015943 0.012558
0 0.229613 0.489457 0.016263 0.009320
0 0.581703 0.588461 0.016066 0.008517
0 0.308540 0.428801 0.025079 0.015015
1 0.015918 0.657184 0.031836 0.037885
0 0.692526 0.672915 0.012618 0.008165
0 0.329212 0.702301 0.012044 0.008261
0 0.363904 0.849861 0.019454 0.014188
0 0.546422 0.769762 0.012968 0.009091
0 0.233287 0.314278 0.014494 0.012684
0 0.523538 0.679856 0.025703 0.014222
0 0.412088 0.774787 0.020307 0.012620
0 0.681892 0.722708 0.014073 0.008320
0 0.667384 0.416563 0.014272 0.008554
0 0.079657 0.635331 0.016443 0.012299
0 0.102242 0.764055 0.013028 0.008970
0 0.104058 0.750157 0.013183 0.011819
0 0.331989 0.390264 0.014523 0.009125
0 0.261956 0.323014 0.013111 0.009632
0 0.597300 0.765510 0.016458 0.010292
0 0.148071 0.414728 0.012631 0.008191
0 0.433846 0.365177 0.014990 0.013377
0 0.530780 0.762969 0.018001 0.010530
0 0.356135 0.669372 0.013273 0.011950
0 0.582341 0.313770 0.015889 0.011360