1 0.697485 0.641778 0.055173 0.041788
1 0.374816 0.854127 0.055278 0.043469
0 0.624260 0.960700 0.024468 0.018324
0 0.588970 0.581042 0.021967 0.014655
0 0.501587 0.709244 0.019513 0.014474
0 0.535036 0.908759 0.023752 0.017485
0 0.371613 0.509273 0.026003 0.017215
0 0.687041 0.827214 0.019335 0.013156
1 0.257594 0.705869 0.045713 0.040125
1 0.671552 0.729620 0.044102 0.038311
0 0.405004 0.471252 0.017730 0.013579
0 0.500865 0.961355 0.023158 0.017151
0 0.628067 0.510150 0.023806 0.017581
0 0.583786 0.739282 0.018831 0.012533
0 0.458670 0.629271 0.019219 0.014030
1 0.669393 0.684664 0.045758 0.028667
0 0.215065 0.880547 0.020071 0.014075
0 0.723276 0.850482 0.019045 0.012816
0 0.538759 0.684906 0.017592 0.013153
0 0.556359 0.698979 0.019116 0.014090
0 0.440830 0.695409 0.018749 0.013103
0 0.255950 0.531050 0.018069 0.012990
0 0.566742 0.833001 0.019547 0.014699
0 0.315119 0.494842 0.019199 0.014577
0 0.437954 0.612009 0.019076 0.013600
0 0.468893 0.725248 0.020563 0.015218
0 0.554907 0.749890 0.019134 0.013760
0 0.440470 0.809093 0.021055 0.015515
0 0.200426 0.821410 0.020174 0.014891
1 0.196141 0.717722 0.060414 0.039450
0 0.473941 0.462856 0.017343 0.011689
0 0.235292 0.902500 0.020272 0.013474
0 0.386087 0.680393 0.017424 0.011948
0 0.504799 0.494791 0.016915 0.012728
0 0.327682 0.543121 0.019239 0.014322
0 0.660520 0.578531 0.017232 0.011690
0 0.678189 0.607852 0.016131 0.011101
0 0.642438 0.803338 0.019654 0.014217
0 0.624359 0.684739 0.018393 0.013786
0 0.376639 0.955531 0.024496 0.018589
0 0.703074 0.767847 0.018133 0.012276
0 0.497921 0.742815 0.019128 0.012563
0 0.512998 0.986674 0.022241 0.015099
0 0.629033 0.640542 0.016224 0.010403
0 0.290359 0.762430 0.018767 0.013631
0 0.230787 0.789422 0.017704 0.012232
0 0.743306 0.815247 0.017786 0.011404
0 0.251254 0.922275 0.020379 0.014730
0 0.534719 0.611212 0.024569 0.017301
1 0.242547 0.617020 0.064386 0.044980
0 0.733847 0.878163 0.020592 0.012879
0 0.482174 0.588694 0.019128 0.017661
0 0.349149 0.981503 0.021696 0.015238
0 0.355212 0.587957 0.020605 0.013889
0 0.646324 0.598299 0.016877 0.012605
0 0.546487 0.472198 0.016376 0.011339
0 0.624798 0.738364 0.017643 0.012584
0 0.178359 0.909412 0.021499 0.015997
0 0.745256 0.587956 0.025889 0.016760
1 0.526123 0.450531 0.038476 0.024903
0 0.539094 0.556420 0.017886 0.012627
1 0.161257 0.686724 0.054385 0.035165
0 0.355098 0.543298 0.027231 0.020071
0 0.599186 0.676502 0.017013 0.010361
1 0.659786 0.659779 0.047454 0.029287
0 0.627446 0.592317 0.017979 0.012247
0 0.487011 0.846527 0.019013 0.014495
0 0.499017 0.863202 0.022556 0.015189
0 0.391357 0.632127 0.018643 0.012717
0 0.716968 0.735112 0.018207 0.012790
0 0.526150 0.566368 0.017713 0.012273
0 0.257209 0.821484 0.020480 0.014796
0 0.204832 0.550685 0.016901 0.013836
0 0.742817 0.650717 0.015642 0.011315
1 0.219458 0.635745 0.049420 0.037179
1 0.231296 0.751041 0.036507 0.027006
0 0.383146 0.614870 0.019698 0.013215
0 0.136483 0.799523 0.016202 0.011797
1 0.173545 0.747320 0.056549 0.033217
0 0.422451 0.442810 0.017166 0.012360
0 0.159206 0.612420 0.016127 0.010892
0 0.296415 0.685509 0.023153 0.013058
0 0.402223 0.540683 0.016469 0.011658
0 0.385786 0.599080 0.020891 0.015475
0 0.236424 0.811193 0.017604 0.012363
0 0.692109 0.547494 0.023431 0.018424
1 0.189303 0.764111 0.072845 0.052322
0 0.184277 0.646564 0.014779 0.010745
1 0.194975 0.731264 0.093414 0.079779
0 0.731958 0.563454 0.024419 0.012480
0 0.331304 0.543941 0.037963 0.018758
0 0.096807 0.623901 0.018363 0.013630
0 0.360232 0.879165 0.019711 0.011897
1 0.192705 0.773768 0.056951 0.029210
0 0.210560 0.603981 0.015461 0.011245
0 0.324377 0.942996 0.019003 0.013179
1 0.215688 0.759681 0.061624 0.039336
0 0.111546 0.774836 0.016721 0.011666
1 0.677276 0.664859 0.064844 0.053340
0 0.392725 0.773132 0.026731 0.018326
0 0.405880 0.708609 0.018798 0.013477
0 0.176683 0.802498 0.016986 0.011377
0 0.785753 0.873851 0.015405 0.011233
0 0.293104 0.600222 0.018339 0.013182
0 0.382727 0.557066 0.016541 0.010674
0 0.823754 0.679661 0.017714 0.012630
0 0.078236 0.714660 0.018724 0.013576
0 0.528988 0.561805 0.019903 0.016030
0 0.691632 0.978217 0.024954 0.014341
0 0.543650 0.620466 0.020482 0.011683
0 0.490918 0.852198 0.030403 0.027571
0 0.329051 0.658767 0.023968 0.014480
0 0.585440 0.485408 0.024985 0.014492
0 0.335572 0.854528 0.018002 0.012479
0 0.334188 0.522299 0.015180 0.010598
0 0.361513 0.805027 0.017659 0.011157
1 0.203057 0.676315 0.041184 0.019305