1 0.491791 0.345504 0.046131 0.036207
1 0.394370 0.725268 0.047285 0.035416
0 0.231619 0.482823 0.022973 0.016760
0 0.598331 0.601238 0.020577 0.013630
0 0.044487 0.563261 0.024246 0.016010
1 0.289289 0.600703 0.047713 0.034733
0 0.331864 0.680649 0.017682 0.011337
0 0.291796 0.714552 0.016434 0.011268
0 0.025210 0.504032 0.019335 0.013050
0 0.441338 0.412122 0.017126 0.011494
0 0.147749 0.444785 0.021963 0.015333
0 0.093670 0.494971 0.018172 0.013258
0 0.053601 0.528461 0.020795 0.014275
0 0.416898 0.767715 0.024782 0.017406
0 0.572964 0.620836 0.021842 0.013002
0 0.576953 0.571558 0.018535 0.013294
0 0.160633 0.489540 0.024896 0.015892
0 0.661219 0.409841 0.018489 0.012776
1 0.613246 0.335477 0.034796 0.027608
0 0.100799 0.617495 0.021478 0.014123
0 0.146743 0.664563 0.020102 0.013394
0 0.144498 0.604661 0.018526 0.012104
0 0.026494 0.399703 0.022497 0.015958
0 0.405423 0.699867 0.016194 0.011270
0 0.107158 0.478934 0.016408 0.010656
0 0.058312 0.716433 0.020156 0.011623
0 0.679342 0.421323 0.017116 0.013552
0 0.176471 0.469417 0.024751 0.015801
0 0.451833 0.387347 0.015622 0.011816
0 0.240978 0.530557 0.028774 0.016304
0 0.153379 0.687191 0.015537 0.009774
0 0.379764 0.801238 0.022545 0.015277
0 0.444817 0.658159 0.015894 0.011746
0 0.642676 0.384100 0.017916 0.012371
0 0.641747 0.593654 0.017190 0.011986
0 0.169431 0.517264 0.023303 0.013926
0 0.247013 0.420295 0.018287 0.012882
0 0.458465 0.769213 0.023825 0.016482
0 0.367971 0.427595 0.016667 0.011661
0 0.121421 0.367851 0.020562 0.013771
0 0.067094 0.673661 0.022836 0.015360
0 0.614437 0.545564 0.018781 0.013183
0 0.632002 0.520419 0.016291 0.012082
0 0.018406 0.438404 0.019114 0.012782
0 0.007115 0.553113 0.014230 0.012252
0 0.166344 0.552707 0.017980 0.010759
0 0.655078 0.563685 0.021769 0.013358
0 0.173250 0.707979 0.014387 0.010726
0 0.616779 0.369497 0.015489 0.011447
0 0.568394 0.550139 0.017204 0.011335
0 0.470992 0.618075 0.015951 0.011466