1 0.520284 0.525059 0.055049 0.041707
1 0.487942 0.608675 0.052816 0.043285
0 0.695282 0.528615 0.021097 0.014681
0 0.704557 0.720715 0.022660 0.016932
0 0.771803 0.317681 0.019676 0.014157
0 0.622378 0.499168 0.025837 0.018417
0 0.476085 0.397636 0.027416 0.019057
0 0.304762 0.508395 0.021740 0.015992
0 0.845328 0.483303 0.018744 0.012782
0 0.850851 0.372588 0.023959 0.017518
0 0.561083 0.394224 0.024141 0.016729
0 0.626335 0.568588 0.018891 0.013602
0 0.846515 0.576093 0.020601 0.013816
0 0.772567 0.784298 0.025402 0.017115
0 0.721027 0.559487 0.019745 0.015222
0 0.757431 0.357592 0.022211 0.016724
0 0.849754 0.778890 0.029576 0.016764
0 0.560629 0.602104 0.020936 0.014800
0 0.662138 0.706595 0.019688 0.014297
0 0.798183 0.498894 0.021860 0.015823
0 0.744745 0.525631 0.022484 0.016463
0 0.576027 0.706980 0.019023 0.014102
0 0.710884 0.392618 0.030949 0.017070
0 0.716379 0.804704 0.022295 0.015445
0 0.555446 0.731624 0.019946 0.013710
0 0.547777 0.348358 0.019896 0.015998
0 0.786869 0.813335 0.027671 0.020791
0 0.895969 0.446488 0.017831 0.012672
0 0.606189 0.597432 0.018141 0.013795
0 0.663816 0.784640 0.022385 0.015765
0 0.639505 0.758799 0.025462 0.018799
0 0.878252 0.521326 0.017438 0.012034
0 0.788859 0.586839 0.021639 0.016637
0 0.421379 0.440750 0.018975 0.013756
1 0.313100 0.684272 0.060112 0.054314
0 0.691675 0.767582 0.022086 0.017681
0 0.379853 0.539277 0.019598 0.012926
0 0.883882 0.539927 0.019597 0.014776
0 0.880152 0.647395 0.020922 0.015756
0 0.689853 0.499258 0.019859 0.013870
0 0.511132 0.584360 0.019513 0.014084
0 0.407875 0.551575 0.028674 0.016553
0 0.366988 0.392284 0.021349 0.017246
0 0.956781 0.626597 0.019949 0.014407
0 0.654883 0.603603 0.024664 0.018889
0 0.910476 0.590872 0.018005 0.011997
0 0.802850 0.386523 0.021935 0.015420
0 0.644234 0.438290 0.027528 0.017556
0 0.722989 0.363453 0.018038 0.013018
0 0.710307 0.299829 0.019571 0.013237
0 0.694010 0.467316 0.017255 0.011763
0 0.761352 0.665625 0.020155 0.014737
0 0.537359 0.464987 0.016906 0.012305
0 0.238777 0.575017 0.023575 0.017258
0 0.466095 0.548297 0.018169 0.013388
0 0.286845 0.576541 0.018093 0.012690
0 0.395521 0.366889 0.023784 0.015570
0 0.564501 0.534488 0.018874 0.013699
0 0.971070 0.572027 0.018514 0.013335
0 0.520754 0.451753 0.017454 0.011354
0 0.883677 0.498003 0.016272 0.011874
0 0.922870 0.488068 0.017123 0.012635
0 0.355711 0.477247 0.018617 0.011904
0 0.248797 0.519496 0.028153 0.020732
0 0.502511 0.405393 0.017636 0.012253
0 0.678748 0.376823 0.021073 0.014241
0 0.442003 0.693360 0.018925 0.014095
0 0.665227 0.677095 0.019285 0.011603
0 0.566664 0.808503 0.020226 0.015100
0 0.446558 0.398683 0.018752 0.012793
0 0.543253 0.707556 0.017590 0.013208
0 0.667974 0.443263 0.020149 0.012889
0 0.874754 0.761986 0.018895 0.012976
0 0.655553 0.873054 0.027836 0.021865
0 0.960932 0.491442 0.020909 0.012919
0 0.400437 0.410866 0.018278 0.013605
0 0.918525 0.450054 0.019935 0.017866
0 0.541080 0.842642 0.022082 0.016935
0 0.445789 0.441880 0.018534 0.012831
0 0.458097 0.325599 0.026944 0.023872
0 0.901631 0.802465 0.017636 0.012139
0 0.882800 0.395423 0.019393 0.013572
0 0.501442 0.646467 0.017535 0.012718
0 0.728261 0.866012 0.025147 0.017482
0 0.990444 0.565719 0.017056 0.010787
0 0.956778 0.558956 0.015585 0.011867
0 0.578648 0.843406 0.021976 0.014113
0 0.905986 0.645360 0.017093 0.012422
0 0.471734 0.675479 0.017345 0.013189
0 0.386532 0.799181 0.021967 0.015546
1 0.306896 0.697862 0.050607 0.033788
0 0.634631 0.309633 0.023045 0.016758
0 0.687393 0.606545 0.018108 0.012954
0 0.727960 0.683773 0.021495 0.016990
0 0.796148 0.454991 0.017600 0.011234
0 0.595594 0.808187 0.030038 0.020849
0 0.295726 0.532018 0.016986 0.011539
0 0.334308 0.443820 0.018158 0.013128
0 0.749505 0.449853 0.018722 0.013360
0 0.605356 0.797053 0.028598 0.019449
0 0.263410 0.636298 0.020707 0.015896
1 0.319969 0.667777 0.046819 0.037846
0 0.714375 0.466041 0.017103 0.010575
0 0.452594 0.521556 0.016481 0.013445
0 0.354663 0.665600 0.017671 0.011651
0 0.619866 0.328844 0.017807 0.011492
0 0.594278 0.519629 0.017005 0.010322
0 0.418806 0.693842 0.021144 0.014850
0 0.596770 0.326160 0.016930 0.011553
0 0.948448 0.677819 0.019395 0.012351
0 0.656284 0.440159 0.043376 0.018232
0 0.728562 0.416737 0.017268 0.011202
0 0.488062 0.751342 0.020743 0.014245
0 0.507329 0.696772 0.022599 0.015269
1 0.492467 0.717739 0.040107 0.029007
0 0.620747 0.464631 0.016140 0.012449
0 0.300324 0.460321 0.017260 0.012807
0 0.872936 0.356587 0.017670 0.011098
0 0.625598 0.302453 0.029514 0.020897
0 0.549061 0.554681 0.018660 0.011905
0 0.650819 0.534154 0.016067 0.012378
0 0.409058 0.365996 0.023902 0.015227
0 0.870422 0.410267 0.017364 0.011934
0 0.904412 0.496489 0.017371 0.010742
0 0.898007 0.446451 0.028987 0.018044