0 0.839506 0.548829 0.027543 0.020810
0 0.406362 0.420076 0.027023 0.018340
0 0.522061 0.518882 0.021700 0.016007
0 0.688787 0.633491 0.019066 0.013704
0 0.288921 0.634927 0.019332 0.013679
0 0.638641 0.452631 0.020245 0.014042
0 0.315565 0.617746 0.018295 0.012617
0 0.611705 0.650344 0.026259 0.017123
0 0.798375 0.517255 0.022164 0.014727
0 0.655987 0.407341 0.021778 0.015695
0 0.594458 0.745485 0.020347 0.014154
0 0.406965 0.800616 0.021469 0.014673
0 0.334214 0.484156 0.017973 0.013239
0 0.358778 0.508397 0.019588 0.014087
0 0.406291 0.676755 0.018191 0.012367
0 0.271229 0.607181 0.017522 0.011208
0 0.236385 0.587877 0.019085 0.013344
0 0.470876 0.507876 0.019004 0.014535
0 0.592429 0.709526 0.021224 0.015210
0 0.336037 0.580572 0.016968 0.011710
0 0.606384 0.438184 0.021539 0.015532
0 0.569852 0.589859 0.020009 0.015061
0 0.673539 0.788363 0.021192 0.015234
0 0.514458 0.438223 0.023167 0.017659
0 0.623981 0.869912 0.024855 0.017093
0 0.330012 0.634475 0.016908 0.011139
0 0.609543 0.363259 0.023131 0.016917
0 0.894214 0.682536 0.020089 0.014383
0 0.623665 0.932832 0.027744 0.019350
0 0.334871 0.831558 0.018812 0.012857
0 0.300004 0.448745 0.019797 0.016196
0 0.603587 0.497460 0.019701 0.014931
0 0.226396 0.621845 0.016840 0.010746
0 0.395921 0.659379 0.019335 0.014330
0 0.429478 0.612477 0.018873 0.013031
0 0.346795 0.646280 0.017107 0.011431
0 0.313034 0.560935 0.017011 0.011204
0 0.841857 0.618670 0.027711 0.016913
0 0.610964 0.513537 0.021578 0.014733
0 0.329037 0.803774 0.018423 0.012205
0 0.626955 0.790289 0.018800 0.011937
0 0.379515 0.601193 0.017485 0.011131
0 0.363348 0.569842 0.016847 0.012011
0 0.404804 0.834668 0.017147 0.012690
0 0.311167 0.591156 0.014382 0.009815
0 0.404023 0.615321 0.016123 0.011008
0 0.351966 0.766583 0.016511 0.011726
0 0.662813 0.714704 0.020565 0.012727
0 0.644265 0.762279 0.029035 0.018183
0 0.266135 0.483992 0.029209 0.016242
0 0.424896 0.381342 0.021773 0.014183
0 0.885805 0.708141 0.018475 0.013949
0 0.646613 0.587274 0.019903 0.017431
0 0.634365 0.534751 0.018462 0.012797
0 0.407969 0.576362 0.016907 0.013538
0 0.309465 0.532056 0.017322 0.011776
0 0.611695 0.472262 0.020024 0.011456
0 0.438735 0.670874 0.018330 0.011855
0 0.285143 0.531391 0.016979 0.011694
0 0.614581 0.820420 0.018552 0.012836
0 0.672040 0.676856 0.016942 0.012606
0 0.197351 0.608843 0.016768 0.011428
0 0.669130 0.584811 0.019278 0.013471
0 0.837043 0.823644 0.017519 0.011598
0 0.540062 0.859324 0.031756 0.023813
0 0.254369 0.690204 0.014744 0.009676
0 0.434282 0.661836 0.020034 0.013944
0 0.406350 0.738103 0.016158 0.013829
0 0.494593 0.796859 0.017823 0.012811
0 0.407801 0.538275 0.017200 0.011841
0 0.636807 0.897873 0.022028 0.016447
0 0.633100 0.763861 0.023899 0.014507
0 0.453027 0.397063 0.018640 0.014123
0 0.287907 0.738040 0.020310 0.011250
0 0.426100 0.731698 0.018079 0.014086
0 0.671439 0.853027 0.019674 0.012384
0 0.288374 0.567089 0.017675 0.011699
0 0.606009 0.503359 0.028768 0.029966
0 0.779904 0.746280 0.018848 0.013004
0 0.509919 0.395565 0.017931 0.013114
0 0.386736 0.527531 0.016060 0.011199
0 0.325118 0.508307 0.015889 0.011996
0 0.405816 0.467028 0.020959 0.013862
0 0.187213 0.633546 0.016471 0.010126
0 0.557452 0.842798 0.024911 0.015780
0 0.680585 0.813320 0.022669 0.012313
0 0.558511 0.650609 0.016917 0.011347
0 0.252611 0.658182 0.017005 0.011388
0 0.613309 0.545518 0.017267 0.011728
0 0.263291 0.574376 0.014422 0.009775
0 0.403370 0.503561 0.017431 0.012702
0 0.285173 0.711005 0.019975 0.015572
0 0.213322 0.539218 0.018436 0.013673
0 0.492993 0.475814 0.018783 0.013940
0 0.407099 0.570820 0.016765 0.014990
0 0.387391 0.863118 0.016072 0.011646
0 0.662899 0.691025 0.016817 0.011498