0 0.576768 0.812458 0.024566 0.018359
0 0.601298 0.745722 0.026011 0.018308
0 0.559210 0.853949 0.026491 0.018207
0 0.364646 0.686877 0.026614 0.019498
0 0.715617 0.872213 0.028502 0.018981
0 0.580079 0.616473 0.031606 0.022458
0 0.628744 0.886374 0.033196 0.022030
0 0.402790 0.865257 0.026518 0.018697
0 0.487472 0.631098 0.030516 0.022424
0 0.371259 0.538297 0.027308 0.020136
0 0.363275 0.721323 0.025536 0.018496
0 0.544146 0.943944 0.030278 0.025714
0 0.239144 0.506775 0.025140 0.018397
0 0.450686 0.847641 0.022570 0.016733
0 0.218443 0.660242 0.032710 0.023920
0 0.268557 0.921657 0.030641 0.022228
0 0.448763 0.535073 0.027581 0.018277
0 0.538842 0.801377 0.021952 0.016203
0 0.704387 0.758560 0.031113 0.022281
0 0.248008 0.713223 0.029990 0.017576
0 0.525231 0.536701 0.029849 0.022370
0 0.337768 0.474708 0.025370 0.018221
0 0.643289 0.663943 0.020637 0.014784
0 0.727722 0.820133 0.024722 0.017399
0 0.648213 0.780909 0.020602 0.014226
0 0.661887 0.683337 0.018792 0.013322
0 0.344153 0.576687 0.021677 0.014988
0 0.183444 0.829391 0.030295 0.021258
0 0.737789 0.529416 0.030657 0.025304
0 0.739431 0.635089 0.019775 0.015217
0 0.622550 0.726072 0.023945 0.018253
0 0.231106 0.687800 0.019186 0.012605
0 0.340804 0.642193 0.020164 0.014912
0 0.745960 0.836005 0.023187 0.016069
0 0.349011 0.825560 0.033928 0.025179
0 0.465182 0.558544 0.033757 0.021589
0 0.176432 0.679412 0.017265 0.011782
0 0.676806 0.716384 0.025933 0.018358
0 0.419878 0.633740 0.019945 0.014995
0 0.615740 0.641095 0.018476 0.012186
0 0.646308 0.545830 0.018790 0.013458
0 0.610183 0.678813 0.018937 0.012601
0 0.590647 0.907988 0.020351 0.014960
0 0.643252 0.994977 0.031239 0.009109