0 0.246417 0.683839 0.025212 0.018584
0 0.910726 0.733174 0.032188 0.023815
0 0.478434 0.666465 0.024182 0.017444
0 0.792872 0.496548 0.026434 0.022386
0 0.551394 0.517078 0.019704 0.015104
0 0.446120 0.404859 0.013006 0.011266
0 0.676927 0.853128 0.017113 0.012842
0 0.730804 0.729855 0.019810 0.014388
0 0.401301 0.606860 0.017822 0.016205
0 0.726902 0.678906 0.021226 0.016500
0 0.759125 0.777051 0.018182 0.012453
0 0.565927 0.534336 0.019665 0.015547
0 0.844988 0.820985 0.013222 0.009372
0 0.645991 0.883777 0.024894 0.017196
0 0.625178 0.851573 0.024741 0.020233
0 0.862732 0.587031 0.015861 0.016595
0 0.537167 0.700732 0.016024 0.012563
0 0.545859 0.445800 0.013966 0.010401
0 0.510742 0.699675 0.015795 0.011639
0 0.285753 0.566112 0.011085 0.008576
0 0.838548 0.843869 0.013530 0.012505