1 0.553432 0.570085 0.050629 0.036747
1 0.046405 0.495980 0.053962 0.036688
1 0.338348 0.337268 0.048982 0.033204
1 0.620784 0.613805 0.047583 0.035266
1 0.104818 0.542331 0.072698 0.072793
1 0.060740 0.416484 0.044129 0.029986
0 0.413999 0.436805 0.018675 0.012783
1 0.535116 0.673076 0.047278 0.040467
0 0.255575 0.285811 0.018909 0.013868
0 0.300941 0.410688 0.016055 0.012651
0 0.480868 0.261619 0.020722 0.013516
0 0.337524 0.233437 0.015430 0.011377
0 0.146751 0.293298 0.018198 0.011676
0 0.220659 0.338582 0.016571 0.010972
0 0.071210 0.342604 0.015155 0.010789
1 0.603476 0.516315 0.048285 0.029277
0 0.554206 0.639839 0.014187 0.009180
0 0.104097 0.313321 0.016591 0.011051
0 0.205877 0.514353 0.015649 0.010178
0 0.185561 0.584650 0.016308 0.010137
0 0.401523 0.308871 0.020424 0.013641
1 0.218257 0.743014 0.044661 0.037316
0 0.131400 0.633975 0.015448 0.010540
0 0.342989 0.449246 0.014874 0.009942
0 0.222323 0.608399 0.013482 0.008876
0 0.509234 0.530634 0.014541 0.010549
0 0.362475 0.584039 0.016603 0.011256
0 0.219114 0.308159 0.014811 0.010680
0 0.184763 0.619899 0.015679 0.010805
0 0.130154 0.615258 0.015350 0.009691
0 0.371614 0.369438 0.018218 0.012668
0 0.400270 0.565561 0.017014 0.011300
0 0.257118 0.315194 0.016217 0.010327
0 0.296652 0.360570 0.015658 0.010807
0 0.427538 0.479064 0.015391 0.010574
0 0.311663 0.436111 0.015159 0.010065
0 0.469243 0.681410 0.016557 0.011738
0 0.466904 0.458297 0.019167 0.015106
0 0.373678 0.509620 0.020042 0.014052
0 0.477707 0.399522 0.016548 0.011141
0 0.268281 0.440865 0.014038 0.009532
0 0.155511 0.679079 0.016371 0.010747
0 0.170829 0.435533 0.017870 0.011404
0 0.295550 0.212310 0.015405 0.011057
0 0.122633 0.427757 0.016807 0.010763
0 0.304198 0.702435 0.020277 0.012729
0 0.124778 0.328843 0.016715 0.010826
0 0.329018 0.665081 0.014709 0.009634
0 0.488200 0.586168 0.013637 0.010821
0 0.324294 0.380458 0.014696 0.010173
0 0.021937 0.457531 0.015021 0.008835
0 0.354692 0.667644 0.015954 0.010296
0 0.559758 0.525414 0.016390 0.011178
0 0.540301 0.708529 0.015681 0.011539
0 0.421194 0.499063 0.015915 0.010237
0 0.412677 0.460635 0.015019 0.010234
0 0.075697 0.604418 0.013113 0.009513
0 0.538316 0.482917 0.015371 0.010285
0 0.506057 0.644145 0.013735 0.009714
0 0.237687 0.544200 0.014616 0.010889
0 0.245522 0.389518 0.015511 0.011023
0 0.040726 0.387603 0.018750 0.011820
0 0.122149 0.264166 0.016505 0.010498
0 0.280945 0.717694 0.020257 0.014415
0 0.525439 0.384129 0.022007 0.015141
0 0.269360 0.382271 0.018497 0.014342
0 0.362761 0.728568 0.015258 0.010660
0 0.336668 0.747509 0.019497 0.012556
0 0.270058 0.424927 0.014633 0.010258
0 0.269990 0.563667 0.014485 0.010356
0 0.165227 0.368400 0.025945 0.014923
0 0.645961 0.418181 0.015696 0.010946
0 0.224377 0.515383 0.015299 0.010502
0 0.359671 0.543167 0.018928 0.012674
0 0.381414 0.691264 0.014381 0.009590
0 0.165094 0.651779 0.014038 0.008618
0 0.587812 0.412376 0.014329 0.009785
0 0.162994 0.598530 0.015666 0.010955
0 0.214013 0.586949 0.013745 0.010106
0 0.467094 0.659019 0.013207 0.009399
1 0.186765 0.728692 0.050468 0.031381
0 0.101321 0.484489 0.012969 0.010010
0 0.553995 0.471879 0.017330 0.012603
0 0.562702 0.306777 0.019993 0.012523
0 0.462932 0.227168 0.016768 0.011140
0 0.296945 0.535683 0.014831 0.009994
0 0.028841 0.362289 0.014485 0.009283
0 0.394252 0.542802 0.013805 0.009340
0 0.312148 0.723767 0.015854 0.009778
0 0.257360 0.630809 0.023665 0.015720
0 0.609964 0.333369 0.018262 0.011521
0 0.512480 0.428198 0.014262 0.010104
0 0.359817 0.756750 0.018130 0.012218
0 0.099100 0.286323 0.016978 0.012152
0 0.398468 0.242999 0.014542 0.010592
0 0.562398 0.371194 0.014974 0.010048
0 0.339874 0.367475 0.013977 0.009441
0 0.576640 0.261494 0.017000 0.012167
0 0.008968 0.575049 0.014810 0.009443
0 0.167426 0.346345 0.017000 0.011781
0 0.368863 0.480094 0.024322 0.016047
0 0.054301 0.549267 0.014739 0.009841
0 0.454060 0.696384 0.014273 0.009016
0 0.191733 0.273743 0.020843 0.017636
0 0.478612 0.548769 0.015377 0.009979
0 0.114080 0.588435 0.014666 0.009230
0 0.146156 0.589075 0.013515 0.009658
0 0.445882 0.405057 0.015542 0.010578
0 0.246713 0.462930 0.013387 0.010015
0 0.244217 0.560656 0.015667 0.010969
0 0.136366 0.392732 0.020464 0.014329
0 0.631351 0.359230 0.017165 0.012076
0 0.561465 0.427052 0.014377 0.010104
0 0.613562 0.412720 0.015628 0.009930
0 0.269759 0.459621 0.014497 0.010174
0 0.423313 0.546770 0.015336 0.009498
0 0.427368 0.678484 0.014132 0.009446
0 0.381266 0.443149 0.017996 0.009270
0 0.490275 0.311842 0.021394 0.016130
0 0.222674 0.421034 0.013677 0.009183
0 0.237761 0.675799 0.014197 0.010039
0 0.676184 0.356373 0.018249 0.013170
0 0.270321 0.689328 0.013405 0.008231
1 0.517233 0.754520 0.042086 0.023830
0 0.096250 0.608632 0.013641 0.008957
0 0.159534 0.411160 0.015246 0.010150
0 0.418192 0.585562 0.017224 0.013349
0 0.212158 0.236416 0.015728 0.010972
0 0.425096 0.709233 0.015179 0.009625
0 0.629397 0.572224 0.013928 0.009103
0 0.475417 0.706944 0.018062 0.012190
0 0.421742 0.640162 0.021162 0.013952
0 0.245896 0.351452 0.016105 0.011361
0 0.331001 0.570429 0.015409 0.009606
0 0.233952 0.431641 0.019012 0.010664
0 0.522413 0.322366 0.020484 0.013473
0 0.632395 0.344383 0.017387 0.013570
0 0.425122 0.350706 0.023925 0.013775
1 0.386936 0.336366 0.044902 0.029284
0 0.270472 0.482531 0.016484 0.011263
0 0.447645 0.626404 0.017151 0.010133
0 0.055962 0.312661 0.016711 0.011321
0 0.520041 0.547763 0.014592 0.009978
0 0.379503 0.656162 0.014303 0.008924
0 0.375556 0.395661 0.020247 0.012191
0 0.299072 0.267429 0.022121 0.020890
0 0.528997 0.533432 0.014209 0.008896
0 0.143419 0.568794 0.017473 0.015013
0 0.237590 0.229114 0.014739 0.009387
0 0.523939 0.259514 0.019333 0.012970
0 0.486652 0.744244 0.016690 0.010380
0 0.371089 0.601331 0.013144 0.009039
0 0.497695 0.290116 0.015058 0.009991
0 0.342214 0.770761 0.017693 0.011902
0 0.282983 0.582528 0.015300 0.011266
0 0.401717 0.277270 0.015552 0.010664
0 0.446794 0.426143 0.024140 0.009018
0 0.005867 0.396102 0.011734 0.011598
0 0.279550 0.308399 0.015895 0.010624
0 0.596307 0.363911 0.016594 0.010481
0 0.312928 0.478769 0.013538 0.008986
0 0.208317 0.648942 0.017170 0.009732
0 0.472720 0.431327 0.013539 0.008947
0 0.261255 0.225799 0.014564 0.011651
0 0.345700 0.566795 0.015181 0.010030
0 0.510177 0.358113 0.022196 0.015624
0 0.328640 0.498702 0.014161 0.009214
0 0.212068 0.497012 0.014398 0.010169
0 0.567079 0.386240 0.015771 0.009296
0 0.532473 0.253461 0.019580 0.013819
0 0.204930 0.446412 0.014937 0.008804
0 0.319874 0.398646 0.013188 0.009128
0 0.673707 0.457725 0.014215 0.012195
0 0.190667 0.286957 0.021368 0.016470
0 0.511376 0.462160 0.017088 0.009096
0 0.248695 0.738880 0.015694 0.012697
0 0.069460 0.285210 0.018384 0.013808
0 0.490083 0.487410 0.015112 0.014166
0 0.262075 0.659760 0.014310 0.008615
0 0.288840 0.739023 0.015174 0.008934
0 0.346691 0.416123 0.015626 0.009303
0 0.121595 0.668213 0.016007 0.010291
0 0.039955 0.294395 0.023960 0.024669
0 0.143799 0.425329 0.019958 0.013939
0 0.589901 0.329368 0.016650 0.012453
0 0.254038 0.479652 0.018618 0.009997
0 0.021683 0.596351 0.014321 0.007078
0 0.121063 0.496382 0.013355 0.009600
0 0.229073 0.477803 0.014383 0.009345
0 0.354825 0.399674 0.019135 0.012133
0 0.315332 0.634497 0.014968 0.009840
0 0.402180 0.201764 0.016825 0.012316
0 0.259290 0.771900 0.016759 0.010543
0 0.422038 0.243375 0.014714 0.009975
0 0.588311 0.391128 0.014361 0.009674
0 0.145277 0.704447 0.018071 0.008614
0 0.483087 0.238174 0.015912 0.010946
0 0.560437 0.448607 0.025280 0.011123
0 0.011144 0.436556 0.014762 0.009419
0 0.576146 0.351672 0.015146 0.015038
0 0.071981 0.299104 0.018972 0.011303
0 0.333659 0.665938 0.029544 0.009079
0 0.662289 0.400961 0.014537 0.009865
0 0.065117 0.464299 0.016830 0.012556
0 0.023645 0.611360 0.013826 0.010917
0 0.179464 0.551907 0.013143 0.007733
0 0.189629 0.232932 0.014035 0.009525
0 0.102051 0.412543 0.019477 0.010459
0 0.702199 0.449325 0.014965 0.010870
0 0.570424 0.590033 0.016014 0.009786
0 0.401879 0.380689 0.017231 0.011913
0 0.685273 0.494359 0.015576 0.010673