1 0.735070 0.672833 0.078841 0.059736
0 0.639762 0.554323 0.025164 0.016537
1 0.575586 0.932398 0.056452 0.036480
1 0.559023 0.820591 0.061653 0.043007
1 0.203164 0.642760 0.080513 0.053822
0 0.838538 0.547775 0.020306 0.015765
0 0.667522 0.644850 0.024888 0.017810
0 0.415060 0.492861 0.024498 0.018031
0 0.646121 0.589922 0.019051 0.013700
0 0.492761 0.670681 0.028485 0.021349
0 0.517014 0.584752 0.019685 0.015184
0 0.313735 0.459109 0.026398 0.019361
0 0.789728 0.532178 0.019004 0.013413
0 0.139971 0.593168 0.017220 0.012360
0 0.616125 0.614482 0.019666 0.013400
0 0.766230 0.518285 0.025137 0.017626
0 0.463141 0.784138 0.022965 0.015830
0 0.361896 0.517300 0.018924 0.013110
0 0.181552 0.490999 0.019667 0.012490
0 0.285562 0.506633 0.017517 0.012614
0 0.296212 0.770676 0.020312 0.014687
0 0.626400 0.682752 0.020320 0.015436
0 0.256828 0.445371 0.017978 0.013037
0 0.624058 0.703953 0.018937 0.013531
0 0.256789 0.587866 0.021867 0.014319
0 0.430788 0.848105 0.027447 0.018314
0 0.278395 0.609230 0.017816 0.012486
0 0.315011 0.403488 0.018664 0.012808
0 0.434877 0.362815 0.020551 0.014365
0 0.255046 0.714057 0.015931 0.010812
0 0.538929 0.588883 0.019965 0.014284
0 0.436012 0.390721 0.015065 0.011182
0 0.291558 0.417656 0.018901 0.012850
0 0.321576 0.573785 0.020678 0.014595
0 0.548084 0.490260 0.028861 0.021621
0 0.841867 0.583043 0.018727 0.012942
0 0.315959 0.703617 0.016982 0.010805
0 0.571565 0.644832 0.017225 0.013128
0 0.514991 0.910305 0.027321 0.017659
0 0.320687 0.436090 0.019519 0.013730
0 0.462064 0.487435 0.021718 0.012520
0 0.519770 0.510025 0.015073 0.012361
0 0.374029 0.650780 0.015338 0.011921