1 0.319652 0.850950 0.056943 0.042956
1 0.436762 0.926519 0.054333 0.038736
1 0.680839 0.550567 0.053402 0.038852
1 0.270049 0.509430 0.058808 0.037622
1 0.369243 0.604861 0.055285 0.039454
1 0.736689 0.590431 0.046501 0.032213
0 0.287556 0.641019 0.017340 0.012513
0 0.388921 0.542025 0.016937 0.011750
0 0.211059 0.658665 0.017496 0.012092
1 0.380066 0.471430 0.053777 0.033551
0 0.249042 0.671021 0.018382 0.012477
1 0.378755 0.428787 0.049133 0.033134
0 0.360296 0.646925 0.019035 0.013240
0 0.703949 0.676203 0.015838 0.011213
0 0.373143 0.804184 0.019080 0.012875
0 0.668940 0.435099 0.018641 0.014233
1 0.557558 0.612403 0.042536 0.032455
0 0.164716 0.511517 0.017882 0.012907
0 0.263379 0.571460 0.017285 0.012029
0 0.610907 0.695220 0.018432 0.012554
0 0.213417 0.571591 0.017979 0.012174
0 0.193489 0.668136 0.017483 0.011821
0 0.195007 0.750739 0.018716 0.012817
0 0.206631 0.700773 0.018980 0.012834
0 0.641255 0.758647 0.017962 0.012729
0 0.439012 0.750502 0.019199 0.012655
0 0.563405 0.544359 0.017033 0.011428
0 0.222872 0.501196 0.016936 0.010884
0 0.547143 0.577597 0.015083 0.010850
0 0.493021 0.660596 0.020098 0.014875
0 0.203384 0.526585 0.016619 0.011882
0 0.125368 0.625724 0.019374 0.012193
0 0.489541 0.791619 0.021766 0.013788
0 0.104969 0.644053 0.024024 0.017612
0 0.351960 0.709777 0.020121 0.015500
0 0.235736 0.538215 0.017866 0.013511
0 0.369719 0.564005 0.015162 0.010051
1 0.040372 0.580623 0.042829 0.033695
0 0.636891 0.675608 0.016765 0.011263
0 0.485344 0.495946 0.017939 0.012271
1 0.699228 0.840417 0.037903 0.029481
0 0.664161 0.800525 0.018023 0.012493
0 0.123923 0.568567 0.018615 0.013463
0 0.133021 0.676546 0.017633 0.011830
0 0.133492 0.478495 0.019019 0.013153
1 0.465792 0.443733 0.049075 0.029549
0 0.321709 0.812925 0.016306 0.011050
0 0.312049 0.645200 0.017873 0.013024
0 0.067329 0.617038 0.016669 0.012174
1 0.495289 0.948464 0.054082 0.044085
0 0.595008 0.583557 0.015771 0.010645
1 0.483335 0.611789 0.091488 0.043754
0 0.165697 0.552972 0.017201 0.011008
0 0.602840 0.448999 0.017536 0.012412
0 0.592717 0.555700 0.014731 0.010009
0 0.536266 0.466262 0.020823 0.016117
0 0.601486 0.655582 0.014609 0.010485
0 0.771037 0.702913 0.014192 0.009567
0 0.339289 0.507153 0.016332 0.011327
0 0.471992 0.681506 0.019387 0.013639
0 0.319943 0.521103 0.015791 0.010580
0 0.575946 0.784037 0.018952 0.013822
0 0.522078 0.489785 0.016510 0.010391
0 0.660617 0.737130 0.017157 0.010972
0 0.365193 0.500745 0.016237 0.010709
0 0.567349 0.432979 0.018369 0.015731
0 0.151084 0.769991 0.018298 0.013589
1 0.649006 0.869409 0.074473 0.051179
0 0.629304 0.710055 0.016957 0.012698
0 0.718697 0.758631 0.015399 0.011579
0 0.327895 0.653159 0.020013 0.012280
1 0.460507 0.390905 0.041285 0.029234
0 0.415872 0.553487 0.017118 0.011168
0 0.173186 0.528111 0.015188 0.009700
0 0.109700 0.732771 0.019310 0.015420
1 0.780298 0.799725 0.047673 0.035090
0 0.327873 0.576569 0.014675 0.009884
0 0.229418 0.623820 0.016296 0.012066
0 0.543347 0.519390 0.024651 0.015374
0 0.236897 0.839708 0.017916 0.012371
0 0.637318 0.571618 0.014373 0.010182
1 0.363992 0.359879 0.036149 0.020503
0 0.603502 0.637845 0.014891 0.011020
0 0.675626 0.765365 0.017306 0.011742
0 0.536154 0.650910 0.014683 0.010225
1 0.678228 0.883054 0.050783 0.036725
0 0.635621 0.552507 0.016054 0.010382
0 0.498524 0.902460 0.023019 0.014651
1 0.461303 0.364545 0.039626 0.026242
0 0.675279 0.578376 0.014772 0.009725
0 0.413266 0.624412 0.016579 0.010770
0 0.714447 0.488651 0.021672 0.014871
0 0.237000 0.788832 0.018918 0.011506
0 0.634339 0.431670 0.018338 0.012830
0 0.772787 0.514243 0.015596 0.011155
0 0.295069 0.601252 0.016204 0.010205
0 0.544003 0.940271 0.017876 0.011669
1 0.715386 0.839517 0.073658 0.040170
0 0.343719 0.398609 0.015897 0.010865
0 0.123064 0.512694 0.016875 0.011648
0 0.605811 0.777928 0.015844 0.011244
0 0.609515 0.598377 0.017272 0.012268
0 0.639117 0.589950 0.014243 0.009434
0 0.463364 0.724525 0.017756 0.011848
1 0.754090 0.814367 0.055436 0.033085
0 0.776918 0.686900 0.013999 0.009708
0 0.204922 0.773347 0.015926 0.010962
0 0.491572 0.517193 0.015843 0.011435
0 0.803719 0.696418 0.013446 0.010240
0 0.359432 0.840586 0.013924 0.010171
0 0.667908 0.618588 0.017937 0.012945
0 0.490145 0.469535 0.014470 0.009852
0 0.422735 0.519427 0.015234 0.012037
0 0.593668 0.500270 0.020793 0.014205
0 0.592705 0.615290 0.014351 0.008997
0 0.450668 0.514459 0.015658 0.011116
0 0.253476 0.792078 0.016517 0.010467
0 0.700954 0.597643 0.014693 0.010388
0 0.751324 0.637545 0.015240 0.009898
0 0.500113 0.751228 0.017749 0.010573
0 0.240488 0.490547 0.014561 0.009484
0 0.076033 0.721145 0.016997 0.012253
0 0.428195 0.481515 0.014818 0.010505
0 0.720665 0.701309 0.013537 0.008828
0 0.258126 0.448580 0.015977 0.013240
0 0.180276 0.771424 0.015478 0.010086
0 0.584165 0.921643 0.020245 0.013434
0 0.801838 0.641303 0.013454 0.009011
1 0.740793 0.827417 0.072349 0.048801
0 0.313116 0.553529 0.015802 0.010830
0 0.142339 0.843981 0.015843 0.010841
0 0.475394 0.838377 0.017265 0.012618
0 0.254681 0.923486 0.017549 0.011927
0 0.781071 0.748551 0.013396 0.010038
0 0.319286 0.649155 0.025727 0.016112
0 0.239740 0.558507 0.016136 0.009647
0 0.773715 0.596531 0.014423 0.009189
0 0.218285 0.736688 0.014788 0.010508
0 0.670878 0.664957 0.016478 0.010678
0 0.284701 0.539889 0.015533 0.009336
0 0.463910 0.702719 0.013983 0.009524
0 0.588183 0.479846 0.014212 0.009687
0 0.261703 0.615815 0.014943 0.009816
0 0.673070 0.616427 0.018903 0.013473
0 0.523577 0.404768 0.014206 0.010234
1 0.636661 0.865227 0.050010 0.034266
1 0.461204 0.975613 0.041739 0.018547