1 0.477049 0.680283 0.051630 0.040992
1 0.419956 0.541395 0.044883 0.032207
0 0.444538 0.717335 0.017809 0.011095
0 0.573044 0.833421 0.020209 0.014398
0 0.427076 0.432666 0.025290 0.019009
0 0.565733 0.606190 0.019062 0.012338
0 0.554954 0.764661 0.016585 0.010808
0 0.415476 0.847575 0.026343 0.017763
0 0.558977 0.557997 0.019118 0.013284
0 0.602907 0.616197 0.018437 0.011847
0 0.531575 0.634187 0.018123 0.012515
0 0.311380 0.717018 0.018128 0.012162
0 0.606216 0.775942 0.018786 0.012237
0 0.349323 0.788655 0.020412 0.012817
0 0.531236 0.576766 0.018696 0.012287
0 0.560161 0.577847 0.017299 0.011663
0 0.583546 0.728069 0.016750 0.010867
0 0.403398 0.665003 0.018833 0.012375
0 0.428532 0.573603 0.018783 0.012823
0 0.502863 0.531572 0.020484 0.015125
0 0.796280 0.543757 0.020705 0.014336
0 0.729191 0.708456 0.017847 0.012177
0 0.315648 0.753387 0.018355 0.011965
0 0.533870 0.506797 0.021573 0.015418
0 0.554459 0.790534 0.019215 0.013696
0 0.497425 0.572230 0.019851 0.014645
0 0.333160 0.558222 0.026595 0.019671
0 0.472787 0.567211 0.019225 0.013720
0 0.392784 0.451218 0.018873 0.013233
0 0.623189 0.522729 0.019055 0.014756
0 0.172756 0.609410 0.020153 0.013461
0 0.353313 0.490282 0.021687 0.015759
0 0.180647 0.490258 0.019600 0.013479
0 0.394139 0.616991 0.017836 0.012013
0 0.465075 0.865689 0.020909 0.013658
0 0.584518 0.701439 0.018350 0.011901
0 0.475699 0.297524 0.026179 0.018942
0 0.621920 0.476191 0.024659 0.017770
0 0.647364 0.478327 0.018239 0.012439
0 0.650422 0.703668 0.019152 0.012494
0 0.602436 0.691756 0.018723 0.013193
0 0.363958 0.764515 0.022893 0.016374
0 0.681182 0.555649 0.018615 0.012404
0 0.494826 0.855881 0.021268 0.014088
0 0.644140 0.664785 0.022766 0.014664
0 0.697749 0.686298 0.019081 0.013908
0 0.404924 0.713127 0.016488 0.011301
0 0.406025 0.642923 0.017426 0.011834
0 0.505280 0.784720 0.016674 0.010737
0 0.502018 0.726659 0.014425 0.010330
0 0.613258 0.719843 0.017936 0.010475
0 0.591483 0.370539 0.045301 0.023213
0 0.481056 0.728716 0.020597 0.014580
0 0.645424 0.567555 0.016728 0.011196
0 0.659427 0.616979 0.017331 0.011305
0 0.495837 0.770534 0.017214 0.011910
0 0.688363 0.721487 0.018033 0.012911
0 0.621905 0.543496 0.018153 0.014586
0 0.761415 0.748236 0.018559 0.013232
0 0.149456 0.587135 0.020997 0.015689
0 0.749378 0.584337 0.030224 0.021608
0 0.626028 0.596791 0.017724 0.012746
0 0.233399 0.572048 0.020529 0.015174
0 0.680671 0.588287 0.018549 0.012163
0 0.286534 0.595132 0.021984 0.015061
0 0.372123 0.527628 0.016410 0.011409
0 0.266293 0.835174 0.019245 0.011823
0 0.527199 0.699629 0.014386 0.008885
0 0.579034 0.753322 0.018919 0.012671
0 0.204890 0.554352 0.020334 0.014226
0 0.336031 0.688283 0.017176 0.012877
0 0.429784 0.645478 0.016006 0.012039
0 0.519569 0.438915 0.018985 0.014527
0 0.657827 0.677095 0.014268 0.009893
0 0.636294 0.683539 0.013359 0.008785
0 0.346996 0.517007 0.018541 0.012470
0 0.292630 0.406172 0.034016 0.023244
0 0.542392 0.653523 0.014712 0.009909
0 0.547670 0.685717 0.014686 0.010523
0 0.271391 0.790085 0.018111 0.012463
0 0.350092 0.705331 0.016868 0.014946
0 0.560495 0.667024 0.015863 0.010861
0 0.350773 0.656864 0.016931 0.011687
0 0.646686 0.369369 0.018015 0.012811
0 0.841851 0.485608 0.018813 0.014295
0 0.274826 0.812131 0.024529 0.015470
0 0.562239 0.295639 0.022459 0.014969
0 0.388191 0.629994 0.019771 0.013417
0 0.514084 0.855248 0.020249 0.011821
0 0.344425 0.727598 0.015673 0.011434
0 0.482237 0.894451 0.025555 0.017338
0 0.368153 0.583001 0.018253 0.013248
0 0.636186 0.626931 0.017233 0.012333
0 0.441911 0.794184 0.019932 0.015974
0 0.492323 0.801658 0.018437 0.012561
0 0.829701 0.509631 0.015324 0.011226
0 0.585518 0.565083 0.016422 0.011595
0 0.373590 0.559367 0.016909 0.011608
0 0.489124 0.632537 0.013212 0.009496
0 0.255671 0.665851 0.015809 0.010885
1 0.779958 0.706865 0.030432 0.019264
0 0.677872 0.667417 0.015910 0.010312
0 0.591614 0.697506 0.030830 0.020102