0 0.679008 0.636967 0.022403 0.022844
0 0.592575 0.894608 0.021574 0.021666
0 0.384653 0.750674 0.021803 0.021569
0 0.054278 0.426395 0.023866 0.024278
0 0.766608 0.779047 0.021019 0.019386
0 0.659456 0.672686 0.020637 0.020319
1 0.438182 0.366124 0.053850 0.053255
0 0.355163 0.731455 0.022313 0.021251
0 0.146954 0.717429 0.024355 0.022665
0 0.730276 0.730064 0.020037 0.019726
0 0.617924 0.813520 0.019782 0.019193
0 0.406251 0.990426 0.020902 0.019148
0 0.482015 0.473669 0.020937 0.019671
0 0.678706 0.803002 0.018856 0.018300
0 0.176455 0.945967 0.018919 0.018834
0 0.271253 0.701273 0.021335 0.020424
0 0.186869 0.465214 0.022271 0.023028
0 0.304011 0.358811 0.021018 0.021120
0 0.712804 0.921583 0.020294 0.018837
0 0.529615 0.949869 0.021444 0.021823
0 0.630468 0.652027 0.018524 0.018507
0 0.157882 0.885652 0.022822 0.024811
0 0.687192 0.534595 0.020234 0.019899
0 0.604963 0.555086 0.022985 0.022307
0 0.366555 0.850898 0.024720 0.032607
0 0.517659 0.719274 0.027655 0.026495
0 0.316256 0.324619 0.024729 0.022476
0 0.816025 0.663813 0.020932 0.020868
0 0.764283 0.627389 0.022195 0.019957
1 0.401662 0.502149 0.050947 0.048653
0 0.586794 0.818925 0.022665 0.022385
0 0.120120 0.363353 0.025901 0.026856
0 0.385394 0.430295 0.025232 0.024373
0 0.493781 0.148728 0.025360 0.023431
0 0.232965 0.942920 0.020810 0.021224
0 0.085166 0.585039 0.023765 0.022926
0 0.391578 0.093958 0.023836 0.026759
0 0.490471 0.436195 0.020999 0.020193
0 0.595777 0.472643 0.027623 0.028750
0 0.484462 0.915895 0.015798 0.013819
0 0.845307 0.399754 0.017091 0.017282
0 0.738127 0.348403 0.019329 0.018828
0 0.527025 0.568802 0.019598 0.018917
0 0.441780 0.769895 0.021723 0.020917
0 0.133572 0.946641 0.022799 0.020040
0 0.007460 0.538587 0.014920 0.017759
0 0.600991 0.378241 0.027283 0.025601
0 0.216758 0.276637 0.027359 0.026248
0 0.071450 0.864666 0.020358 0.020104
0 0.240397 0.487981 0.021833 0.021158
0 0.807033 0.351304 0.030824 0.033704
0 0.427278 0.289323 0.020331 0.019086
0 0.419102 0.443438 0.019173 0.022533
0 0.230497 0.454903 0.024636 0.020626
0 0.404612 0.648699 0.028265 0.022966
0 0.021972 0.775151 0.022481 0.020928
0 0.650352 0.872020 0.021647 0.021368
0 0.521646 0.358835 0.021607 0.022562
0 0.580458 0.297213 0.022136 0.021488
0 0.485473 0.288844 0.021700 0.021755
0 0.605964 0.688880 0.020108 0.020402
0 0.489626 0.828879 0.024679 0.025182
0 0.724429 0.807319 0.018868 0.019203
0 0.227375 0.319987 0.020078 0.019708
0 0.629358 0.986011 0.022531 0.021830
0 0.056995 0.628061 0.024437 0.032865
0 0.839498 0.437268 0.015556 0.015687
0 0.475475 0.988923 0.019715 0.019215
0 0.344913 0.454710 0.018338 0.018038
0 0.432218 0.100814 0.020979 0.019520
0 0.432001 0.719617 0.019480 0.018657
0 0.015968 0.745495 0.017980 0.019419
0 0.193446 0.401543 0.023869 0.027074
0 0.254299 0.352296 0.021869 0.020301
0 0.708012 0.575175 0.021228 0.019541
0 0.326606 0.755433 0.018716 0.020215
0 0.122070 0.816305 0.018531 0.017712
0 0.710466 0.717706 0.017984 0.017160
0 0.421020 0.639280 0.020999 0.020621
0 0.055555 0.475174 0.024609 0.028055
0 0.644178 0.543135 0.032294 0.028045
0 0.426902 0.582829 0.028228 0.025023
0 0.472428 0.838006 0.023272 0.021639
0 0.538505 0.375935 0.020961 0.019994
0 0.455835 0.240355 0.020404 0.024195
0 0.670646 0.592292 0.038498 0.029334
0 0.329803 0.290938 0.020778 0.019635
0 0.571212 0.842001 0.019965 0.018324
0 0.240049 0.699432 0.016662 0.017788