1 0.331113 0.509454 0.041712 0.029352
0 0.448218 0.680076 0.019674 0.013787
0 0.410635 0.462627 0.021144 0.014699
0 0.241864 0.527398 0.026777 0.018561
0 0.290043 0.641415 0.023819 0.016768
0 0.288152 0.693981 0.025773 0.018680
1 0.589224 0.824765 0.041365 0.032580
0 0.126897 0.802101 0.022493 0.015741
0 0.557819 0.577512 0.019287 0.013204
0 0.590977 0.658766 0.021379 0.015269
0 0.159534 0.618049 0.024662 0.018743
0 0.651709 0.715561 0.021811 0.014416
0 0.282383 0.569943 0.018385 0.013197
0 0.390781 0.507414 0.022441 0.016037
0 0.084306 0.568260 0.018225 0.012615
0 0.052830 0.608588 0.018858 0.014158
0 0.610751 0.495512 0.018998 0.013774
0 0.430388 0.533322 0.023080 0.015568
0 0.359952 0.845800 0.025539 0.019039
0 0.345188 0.623093 0.027236 0.018276
0 0.438667 0.764243 0.020113 0.013613
0 0.429901 0.701931 0.021267 0.013135
0 0.196521 0.826186 0.022554 0.016635
0 0.362946 0.454469 0.021776 0.013772
0 0.591464 0.551620 0.018303 0.012910
0 0.401755 0.972629 0.024763 0.017402
0 0.661330 0.683690 0.019420 0.013646
0 0.406030 0.654639 0.018427 0.012378
0 0.248671 0.485570 0.018700 0.013907
0 0.127154 0.945691 0.019647 0.014685
0 0.364856 0.708387 0.022048 0.015165
0 0.577867 0.510890 0.017692 0.012317
0 0.072948 0.540128 0.023823 0.019203
0 0.446190 0.808066 0.019869 0.013742
0 0.536435 0.634644 0.017446 0.013078
0 0.291470 0.486969 0.020961 0.014145
0 0.558983 0.621340 0.019818 0.014674
0 0.343307 0.952401 0.027742 0.018637
0 0.686074 0.737383 0.020610 0.014444
1 0.146608 0.686751 0.029808 0.025733
0 0.304285 0.994618 0.019173 0.009960
0 0.611101 0.599600 0.016596 0.014886
0 0.299499 0.591672 0.020237 0.015395
0 0.504912 0.493484 0.019028 0.013526
0 0.570327 0.531936 0.017041 0.012670
0 0.530238 0.493007 0.019060 0.013754
0 0.143785 0.483310 0.017326 0.012869
0 0.527744 0.827495 0.033507 0.022637
0 0.188341 0.597739 0.019582 0.014188
1 0.697974 0.610641 0.031039 0.028449
0 0.167271 0.980894 0.025570 0.021873
0 0.623435 0.859914 0.024834 0.018324
0 0.371474 0.802275 0.020136 0.015671
0 0.698240 0.779092 0.023793 0.016290
0 0.246108 0.977124 0.019244 0.014852
0 0.403271 0.723668 0.021459 0.013981
0 0.474616 0.485823 0.021318 0.014802
0 0.199374 0.924895 0.019498 0.012785
0 0.019360 0.664852 0.026953 0.027263
0 0.268999 0.631166 0.018016 0.012696