1 0.558988 0.382578 0.044258 0.032229
0 0.773679 0.748494 0.024256 0.018971
0 0.373672 0.656612 0.023649 0.016237
1 0.807567 0.362968 0.033516 0.026497
0 0.558775 0.770103 0.019701 0.013812
0 0.811944 0.766853 0.017860 0.012126
0 0.348273 0.681281 0.018531 0.012347
0 0.315460 0.592528 0.017305 0.012296
0 0.575452 0.407855 0.018592 0.012654
1 0.694503 0.409423 0.039196 0.023281
0 0.336118 0.665120 0.019446 0.013500
0 0.729712 0.546637 0.018751 0.012656
0 0.441906 0.726528 0.020010 0.015401
0 0.347391 0.540570 0.015647 0.010894
0 0.500745 0.363352 0.016962 0.011750
0 0.649298 0.731140 0.018207 0.013148
0 0.654771 0.685741 0.017509 0.012092
0 0.522033 0.389980 0.016338 0.010710
0 0.677281 0.517087 0.019845 0.013513
0 0.752935 0.663802 0.018228 0.012605
0 0.598099 0.430223 0.020616 0.013481
0 0.770682 0.800865 0.017854 0.013316
0 0.302380 0.618050 0.016464 0.011184
0 0.551929 0.592051 0.015546 0.011140
0 0.485085 0.570260 0.019139 0.014890
0 0.576569 0.340617 0.014967 0.010335
0 0.745497 0.634649 0.017716 0.011798
0 0.285455 0.620757 0.015689 0.011621
0 0.817572 0.568390 0.027681 0.012904
0 0.535898 0.759654 0.018795 0.014344
0 0.563954 0.355802 0.015410 0.010696
0 0.246332 0.535268 0.015124 0.011509
0 0.426183 0.610792 0.027008 0.017924
0 0.290916 0.453285 0.016116 0.011352
0 0.871437 0.683966 0.016655 0.011466
0 0.717827 0.428215 0.021104 0.011992
0 0.354645 0.595126 0.019927 0.014964
0 0.892164 0.646666 0.014983 0.010534
0 0.778269 0.509223 0.018826 0.013119
0 0.476960 0.330291 0.029118 0.026104
0 0.618054 0.383255 0.016744 0.013231
0 0.538607 0.449063 0.024740 0.019683
0 0.706733 0.369725 0.015870 0.011600
0 0.838924 0.644830 0.023239 0.016442
0 0.818952 0.524871 0.020018 0.015052
0 0.636334 0.664945 0.016969 0.010980
0 0.846347 0.496837 0.017689 0.012099
1 0.278983 0.494533 0.058790 0.044659
0 0.310242 0.720597 0.014774 0.010800
0 0.392890 0.567382 0.016474 0.011520
0 0.527903 0.847290 0.024277 0.015796
0 0.771994 0.622016 0.016336 0.012677
0 0.288354 0.663354 0.018073 0.013098
0 0.400224 0.343404 0.018317 0.013697
0 0.478334 0.660217 0.016535 0.012020
0 0.229519 0.621396 0.016595 0.011240
0 0.780020 0.453257 0.015108 0.010772
0 0.482616 0.511849 0.019555 0.014886
0 0.895189 0.504171 0.016413 0.011060
0 0.395327 0.771620 0.014331 0.010216
0 0.247197 0.546279 0.014682 0.009653
0 0.755158 0.423011 0.018757 0.014006
0 0.552252 0.629170 0.016963 0.011912
0 0.504483 0.522820 0.016726 0.011905
0 0.545896 0.514511 0.024303 0.011927
0 0.566117 0.478194 0.016327 0.010435
0 0.729487 0.381216 0.016684 0.012558
0 0.919831 0.578306 0.015772 0.011725
0 0.419919 0.540351 0.015071 0.010971
0 0.480243 0.457492 0.015838 0.012710
0 0.501336 0.446448 0.017439 0.013666
0 0.517495 0.472341 0.017729 0.014011
0 0.196221 0.576254 0.014416 0.009723
0 0.456154 0.808163 0.016990 0.013650
0 0.810111 0.645817 0.014733 0.012819
0 0.328491 0.458924 0.018335 0.013621
0 0.756152 0.601127 0.015966 0.012803
0 0.340823 0.736557 0.018186 0.012986