1 0.982435 0.499624 0.034531 0.034090
1 0.253932 0.535223 0.049750 0.030989
0 0.501456 0.768266 0.016765 0.012191
0 0.784263 0.571677 0.015336 0.011163
1 0.547337 0.614666 0.042971 0.042107
0 0.785395 0.282181 0.018148 0.012440
0 0.613264 0.616224 0.016083 0.011231
0 0.462414 0.428522 0.017700 0.011751
0 0.755140 0.349884 0.017968 0.012258
0 0.695565 0.455353 0.017510 0.012389
0 0.689838 0.337139 0.017160 0.011674
0 0.916092 0.553384 0.016417 0.011129
0 0.579289 0.691075 0.014343 0.009707
0 0.926520 0.490465 0.015635 0.009832
0 0.737344 0.570597 0.017684 0.011610
0 0.644403 0.499664 0.016832 0.011284
0 0.893477 0.335630 0.018339 0.012923
0 0.723002 0.475655 0.016792 0.011521
0 0.800586 0.341985 0.019228 0.014848
0 0.414441 0.645180 0.015668 0.010544
1 0.393368 0.340022 0.051897 0.037657
0 0.719799 0.421386 0.014422 0.010751
0 0.476523 0.483124 0.018015 0.011187
0 0.713125 0.344313 0.017597 0.011771
0 0.666224 0.451819 0.017441 0.012361
0 0.656228 0.613908 0.013795 0.008799
0 0.834056 0.541503 0.015189 0.010563
0 0.531767 0.773154 0.017370 0.013298
0 0.739197 0.682228 0.014325 0.009921
0 0.675580 0.290484 0.016841 0.012065
0 0.621660 0.664942 0.014916 0.009722
0 0.669717 0.600055 0.015190 0.010429
0 0.609604 0.744882 0.016981 0.011732
0 0.850139 0.708119 0.014312 0.011089
0 0.781485 0.449209 0.019203 0.013474
0 0.417102 0.665572 0.013420 0.008661
0 0.661664 0.423150 0.021275 0.013870
0 0.828552 0.386919 0.017263 0.011743
0 0.755394 0.663841 0.013733 0.009084
1 0.602577 0.577271 0.047146 0.031599
0 0.887788 0.501102 0.014410 0.009448
0 0.713295 0.586946 0.015974 0.010919
0 0.754800 0.640500 0.014652 0.009072
0 0.925167 0.381193 0.017577 0.012163
0 0.671121 0.652521 0.014929 0.009484
0 0.606256 0.477170 0.015938 0.012599
0 0.644384 0.532504 0.017969 0.011471
0 0.770625 0.406417 0.014624 0.009738
0 0.623471 0.691657 0.015085 0.009620
0 0.518286 0.707230 0.013990 0.009898
0 0.712279 0.691102 0.016496 0.010502
1 0.399594 0.747723 0.040748 0.027805
0 0.545778 0.732344 0.013452 0.008889
0 0.453177 0.590828 0.015490 0.010641
0 0.745413 0.438865 0.014605 0.009949
0 0.528793 0.534674 0.016987 0.012236
0 0.405601 0.395847 0.015264 0.010517
0 0.775185 0.239932 0.019762 0.013931
0 0.901230 0.442413 0.015606 0.010455
0 0.405046 0.622132 0.017162 0.010788
0 0.510207 0.471170 0.016310 0.011523
0 0.435096 0.709290 0.014455 0.010401
0 0.921104 0.600674 0.015309 0.010670
0 0.604359 0.679007 0.012922 0.008342
0 0.679963 0.573345 0.014248 0.011557
0 0.701153 0.500439 0.020334 0.014112
0 0.844629 0.672871 0.015801 0.010594
0 0.735424 0.594474 0.015962 0.011164
0 0.844819 0.500416 0.016902 0.011431
0 0.586026 0.715329 0.013491 0.008842
0 0.880895 0.476503 0.015181 0.009965
0 0.574501 0.727844 0.013583 0.008965
0 0.476509 0.571572 0.016584 0.012702
0 0.413909 0.370193 0.015083 0.010389
0 0.914394 0.510635 0.013372 0.010142
0 0.803460 0.388437 0.017066 0.011677
0 0.926980 0.314352 0.017531 0.012652
0 0.366265 0.398430 0.017082 0.012065
0 0.819977 0.657024 0.013971 0.009156
0 0.456501 0.546101 0.017178 0.013215
0 0.709665 0.213137 0.019715 0.014834
0 0.615972 0.437893 0.017403 0.011000
0 0.632061 0.560688 0.015047 0.010297
0 0.335264 0.443355 0.014256 0.009532
0 0.672241 0.313087 0.014904 0.010042
0 0.991689 0.533490 0.014461 0.010548
0 0.666241 0.758372 0.017516 0.011223
0 0.851942 0.561702 0.014400 0.010600
0 0.679905 0.477508 0.014666 0.008894
0 0.676491 0.782629 0.017813 0.012262
0 0.605208 0.513583 0.015495 0.010466
0 0.561719 0.272075 0.018971 0.014381
0 0.836200 0.431828 0.018305 0.016791
0 0.540259 0.216382 0.017645 0.012191
0 0.684750 0.689041 0.013658 0.008537
0 0.562695 0.788490 0.017755 0.013038
0 0.289556 0.480692 0.018048 0.014109
0 0.634370 0.649045 0.014951 0.009977
0 0.759945 0.377389 0.015710 0.010305
0 0.704805 0.315295 0.016129 0.009501
0 0.376540 0.719144 0.017589 0.012625
0 0.469104 0.762093 0.014718 0.009884
0 0.694009 0.632780 0.014224 0.008858
0 0.462628 0.669264 0.015983 0.011658
0 0.493976 0.682463 0.015644 0.010903
0 0.560169 0.242983 0.014461 0.010860
0 0.539107 0.751827 0.015532 0.009265
0 0.802790 0.640520 0.014745 0.009456
0 0.363114 0.512969 0.014598 0.008957
0 0.621446 0.724213 0.013203 0.009103
0 0.579582 0.608828 0.012652 0.009002
0 0.712523 0.660389 0.017470 0.011702
0 0.821706 0.703981 0.015110 0.009489
0 0.941007 0.343423 0.020914 0.013416
0 0.805770 0.486141 0.016480 0.010634
0 0.763556 0.625730 0.014365 0.009287
0 0.955419 0.440448 0.013886 0.009206
0 0.987032 0.563794 0.013634 0.009053
0 0.373432 0.691354 0.016923 0.012199
0 0.353103 0.413366 0.014617 0.009893
0 0.581046 0.284885 0.016728 0.011783
0 0.752081 0.543793 0.017259 0.011522
0 0.372200 0.307257 0.018986 0.011305
0 0.807132 0.467270 0.015365 0.010126
0 0.587298 0.532809 0.014021 0.009419
0 0.851349 0.461999 0.015107 0.011180
0 0.610363 0.707899 0.015133 0.009193
0 0.408892 0.466080 0.016039 0.011806
0 0.660851 0.581327 0.013227 0.009151
0 0.900891 0.671687 0.014544 0.010320
0 0.898558 0.531204 0.012928 0.009009
0 0.776487 0.651015 0.014487 0.009354
0 0.682876 0.377691 0.016770 0.010431
0 0.330767 0.552078 0.013799 0.008729
0 0.623749 0.756410 0.015508 0.009977
0 0.294969 0.333539 0.018283 0.013918
0 0.970997 0.547584 0.014356 0.010997
0 0.561783 0.770677 0.017414 0.011004
0 0.311599 0.363134 0.017884 0.012492
0 0.858474 0.353019 0.019126 0.011936
0 0.553101 0.673497 0.014823 0.010396
0 0.339698 0.465805 0.015930 0.009852
0 0.584807 0.768317 0.016616 0.011547
0 0.780427 0.368620 0.017185 0.011133
0 0.791072 0.734064 0.015389 0.009699
0 0.316621 0.454571 0.013955 0.010013
0 0.596874 0.231212 0.014185 0.010821
0 0.345122 0.387879 0.013434 0.009549
0 0.728307 0.528299 0.015839 0.012240
0 0.441445 0.763794 0.015022 0.009635
0 0.483345 0.734543 0.015498 0.012291
0 0.928415 0.535369 0.015833 0.011420
0 0.875793 0.406635 0.016004 0.012028
0 0.806161 0.508840 0.014756 0.009444
0 0.402453 0.521582 0.018189 0.012723
0 0.924802 0.287898 0.017306 0.012758
0 0.822284 0.722127 0.014226 0.008725
0 0.555746 0.530132 0.014564 0.009452
0 0.880206 0.351734 0.015832 0.010187
0 0.826312 0.751844 0.014491 0.010031
0 0.633244 0.324836 0.018257 0.015786
0 0.831900 0.366309 0.019781 0.012121
0 0.619089 0.541037 0.015098 0.009836
0 0.511250 0.260578 0.014541 0.011221
0 0.977561 0.395632 0.015020 0.009974
0 0.825114 0.256016 0.018823 0.013118
0 0.439689 0.483277 0.015749 0.010372
0 0.707073 0.713890 0.017416 0.009901
0 0.277049 0.365645 0.018169 0.011814
0 0.571137 0.496224 0.014782 0.008457
0 0.696881 0.659395 0.014198 0.008914
0 0.645654 0.696692 0.013681 0.008619
0 0.586959 0.495778 0.017135 0.008694
0 0.512969 0.648053 0.012295 0.008398
0 0.555927 0.306649 0.020971 0.013421
0 0.963519 0.574624 0.013833 0.009608
0 0.435700 0.683706 0.014002 0.007561
0 0.797831 0.707890 0.013078 0.009254
0 0.699319 0.232717 0.016223 0.010612
0 0.878912 0.442038 0.013962 0.009973
0 0.729147 0.504713 0.015001 0.009033
0 0.668958 0.262715 0.020410 0.012676
0 0.323036 0.488969 0.013369 0.008737
0 0.523899 0.666450 0.013365 0.008600
0 0.740790 0.785468 0.018564 0.012736
0 0.574516 0.639336 0.012849 0.007811
0 0.876778 0.619825 0.013415 0.009018
0 0.495183 0.629387 0.016651 0.011143
0 0.704767 0.523971 0.014105 0.009066
0 0.535373 0.513715 0.016370 0.011160
0 0.465333 0.504058 0.016534 0.010484
0 0.434944 0.393863 0.014376 0.011690
0 0.736264 0.316538 0.018031 0.013165
0 0.709075 0.548479 0.017210 0.010128
0 0.686483 0.725451 0.023327 0.018900
0 0.755042 0.257767 0.014115 0.010272
0 0.763572 0.522818 0.015031 0.008934
0 0.746381 0.489955 0.017485 0.009758
0 0.441207 0.497085 0.017939 0.011752
0 0.960618 0.511185 0.012530 0.008115
0 0.427445 0.262701 0.036557 0.022167
0 0.493772 0.612368 0.018863 0.012072
0 0.484314 0.719513 0.012961 0.008809
0 0.802882 0.235797 0.016629 0.011299
0 0.572249 0.476758 0.019013 0.009429
0 0.434313 0.735670 0.015024 0.011701
0 0.820770 0.528953 0.015278 0.009577
0 0.613021 0.498969 0.015164 0.008966
0 0.859877 0.692111 0.014735 0.008214
0 0.723960 0.771427 0.029753 0.024503
0 0.749412 0.326613 0.016976 0.009538
0 0.273820 0.510472 0.020488 0.010340
0 0.429728 0.695669 0.012164 0.009183
0 0.897884 0.691006 0.017051 0.007851
0 0.632656 0.584917 0.013989 0.009085
0 0.513623 0.583980 0.012222 0.008548
0 0.913351 0.427169 0.013516 0.009298
0 0.547599 0.457530 0.021464 0.015818
0 0.725773 0.600992 0.020122 0.009416
0 0.746733 0.521705 0.014924 0.008589
0 0.543121 0.652399 0.012642 0.009243
0 0.805439 0.315382 0.014224 0.009814
0 0.563181 0.659249 0.014122 0.006998
0 0.809790 0.533012 0.015780 0.008862
0 0.954121 0.426960 0.014913 0.011275
0 0.792923 0.416560 0.015775 0.008270
0 0.664464 0.508695 0.014882 0.007668
0 0.414535 0.685201 0.013241 0.008423
0 0.686768 0.537901 0.013496 0.009561
0 0.939312 0.627206 0.015754 0.009454
0 0.747713 0.708138 0.014964 0.009356
0 0.953863 0.436726 0.013601 0.014649
0 0.557751 0.586753 0.015878 0.010951
0 0.763020 0.452212 0.013524 0.007696
0 0.432747 0.688525 0.013386 0.011635
0 0.674339 0.634478 0.016070 0.008966
0 0.321736 0.516939 0.020737 0.011109