0 0.404602 0.573030 0.019234 0.014632
1 0.643280 0.500132 0.035994 0.028424
0 0.462730 0.584184 0.020448 0.014736
0 0.916644 0.602880 0.018698 0.013480
0 0.540906 0.825482 0.020240 0.014738
0 0.451981 0.784119 0.019963 0.014246
0 0.836963 0.658456 0.020550 0.014191
0 0.456005 0.507058 0.018300 0.012425
0 0.639852 0.713076 0.018746 0.012723
1 0.716644 0.927810 0.049639 0.034537
0 0.906288 0.578858 0.015030 0.010748
0 0.811982 0.519863 0.017830 0.011595
0 0.956155 0.543603 0.017201 0.011604
0 0.747745 0.797294 0.018723 0.014142
0 0.403054 0.623664 0.022548 0.016686
0 0.355294 0.553576 0.016183 0.010435
0 0.721200 0.747339 0.015097 0.011704
1 0.698067 0.562458 0.031861 0.024841
0 0.394442 0.487851 0.018607 0.013029
0 0.473209 0.678334 0.017422 0.013372
0 0.581926 0.695973 0.020045 0.015302
0 0.404519 0.451262 0.018246 0.011637
0 0.376628 0.672905 0.017545 0.012223
0 0.871845 0.583170 0.017298 0.011889
0 0.648813 0.670712 0.022160 0.017753
0 0.344768 0.530607 0.018699 0.013879
0 0.618116 0.660600 0.016374 0.012350
0 0.734553 0.679236 0.014479 0.010421
0 0.509946 0.863282 0.022925 0.015119
0 0.773104 0.575991 0.017923 0.011957
0 0.309979 0.561047 0.020223 0.014036
0 0.940443 0.528755 0.014656 0.010093
0 0.979264 0.615310 0.018756 0.012572
0 0.565437 0.860531 0.017282 0.013431
0 0.513514 0.837902 0.021668 0.013996
0 0.462166 0.623052 0.016018 0.011545
0 0.372018 0.731927 0.014987 0.011712
0 0.967808 0.684202 0.016358 0.011610
0 0.722373 0.436104 0.021772 0.014756
0 0.366307 0.771033 0.025726 0.018062
0 0.476093 0.606809 0.018070 0.012543
0 0.745194 0.727147 0.019367 0.014468
0 0.771631 0.769613 0.016826 0.011790
0 0.930987 0.620977 0.016520 0.010404
0 0.792617 0.816836 0.020560 0.013051
0 0.755018 0.820982 0.015293 0.010895
0 0.616013 0.511804 0.020550 0.013487
0 0.889170 0.650364 0.024471 0.018576
0 0.950155 0.709852 0.022427 0.012873
0 0.600268 0.571105 0.025418 0.017626
0 0.695775 0.407083 0.016736 0.011717
0 0.427147 0.512964 0.027222 0.018191
0 0.416288 0.522960 0.029236 0.017795
0 0.986841 0.567644 0.015450 0.011058
0 0.433782 0.521127 0.026504 0.017306
0 0.541155 0.362155 0.014712 0.011226
0 0.421166 0.682492 0.014831 0.011650
0 0.289302 0.717038 0.014068 0.009569
0 0.313751 0.481255 0.020450 0.015626
0 0.384015 0.450885 0.015836 0.010345