1 0.820896 0.674048 0.049830 0.037662
0 0.555018 0.483715 0.025154 0.018932
1 0.733761 0.559164 0.048801 0.034434
1 0.177986 0.564633 0.042109 0.034512
0 0.603586 0.570758 0.023869 0.018235
0 0.624406 0.465969 0.025086 0.018324
0 0.728052 0.516387 0.021817 0.015285
1 0.763181 0.700875 0.052360 0.037780
0 0.572783 0.417991 0.021728 0.015948
0 0.419875 0.488763 0.022383 0.016666
0 0.355715 0.491087 0.021440 0.016415
0 0.823086 0.520149 0.021875 0.015999
0 0.516016 0.700082 0.027417 0.019405
0 0.721041 0.606227 0.022183 0.016135
0 0.482384 0.754915 0.028249 0.020803
0 0.693474 0.489902 0.027202 0.017675
0 0.453227 0.642837 0.022227 0.015694
0 0.546359 0.716315 0.027015 0.018966
1 0.197533 0.609752 0.061855 0.045463
0 0.810823 0.778736 0.029967 0.020729
0 0.328628 0.651928 0.028549 0.020140
0 0.806720 0.449149 0.022817 0.017494
0 0.777147 0.753579 0.026203 0.018353
0 0.511174 0.542291 0.020334 0.013802
0 0.490145 0.455568 0.040021 0.019996
0 0.755137 0.625908 0.019456 0.014962
0 0.673414 0.562543 0.018430 0.013876
0 0.456731 0.741464 0.019132 0.013990
0 0.879425 0.527568 0.021210 0.015662
0 0.491923 0.603523 0.021489 0.014963
0 0.366443 0.375794 0.032629 0.024845
0 0.632652 0.420016 0.019826 0.014744
0 0.754403 0.527564 0.018401 0.012695
0 0.934956 0.564724 0.020388 0.014109
0 0.260898 0.652545 0.025593 0.021094
0 0.546155 0.554340 0.023154 0.014760
0 0.327977 0.372282 0.019450 0.013981
0 0.560814 0.539775 0.020491 0.016634
0 0.322652 0.602468 0.019397 0.014875
0 0.613210 0.307240 0.021981 0.015220
0 0.766075 0.408265 0.018995 0.013047
0 0.837594 0.724800 0.017958 0.013573
0 0.642930 0.696965 0.021629 0.014983
0 0.578873 0.804508 0.026034 0.019240
0 0.648458 0.817649 0.026206 0.020526
0 0.439287 0.591589 0.019085 0.013087