1 0.118869 0.733334 0.047755 0.041422
1 0.102039 0.770538 0.044124 0.031764
1 0.184680 0.451137 0.038440 0.034126
0 0.535056 0.780728 0.018959 0.012253
0 0.553398 0.871917 0.020157 0.015196
0 0.205162 0.578153 0.018934 0.013211
0 0.133791 0.848985 0.018688 0.014043
0 0.428858 0.897469 0.025432 0.018216
1 0.658810 0.611594 0.039964 0.029564
0 0.098746 0.544283 0.018756 0.013247
0 0.260975 0.728677 0.018303 0.012426
0 0.332521 0.499124 0.017979 0.013228
0 0.235863 0.775630 0.017831 0.013233
0 0.139379 0.592079 0.020663 0.013754
0 0.315462 0.891789 0.020446 0.014136
0 0.299354 0.783925 0.018789 0.013016
0 0.275399 0.460545 0.020343 0.015535
0 0.420481 0.434916 0.019017 0.015476
0 0.617521 0.634369 0.020963 0.015521
0 0.645287 0.486535 0.022515 0.015514
0 0.523346 0.643745 0.023398 0.016536
0 0.554778 0.909740 0.018721 0.013927
0 0.137038 0.615763 0.017612 0.011912
0 0.346686 0.939939 0.024271 0.019564
0 0.457543 0.446679 0.018906 0.014174
0 0.373410 0.842491 0.021176 0.016508
0 0.174399 0.873953 0.021153 0.017905
0 0.293001 0.672150 0.017393 0.012385
0 0.444727 0.934081 0.027974 0.019686
0 0.346470 0.599010 0.016989 0.011584
0 0.364726 0.566821 0.018241 0.012228
0 0.288297 0.658664 0.017969 0.012388
0 0.406370 0.688331 0.019877 0.013408
0 0.481234 0.671014 0.023503 0.017054
0 0.701935 0.616561 0.015211 0.011280
0 0.157669 0.540381 0.016117 0.010624
0 0.527273 0.496944 0.021104 0.014375
0 0.264994 0.534986 0.018752 0.015246
0 0.112739 0.659877 0.016779 0.011753
0 0.553272 0.518236 0.022182 0.018238
0 0.176234 0.755362 0.017148 0.011405
0 0.101351 0.611621 0.021438 0.015380
0 0.308301 0.744063 0.016316 0.011605
0 0.324088 0.936925 0.024589 0.018429
0 0.510306 0.905881 0.019220 0.014172
0 0.663675 0.516864 0.017220 0.012078
0 0.372928 0.733456 0.016415 0.011981
0 0.678317 0.566598 0.014617 0.010099
0 0.336291 0.443382 0.017993 0.014639
0 0.336198 0.582330 0.015475 0.010682
0 0.127782 0.441330 0.014938 0.010847
0 0.564527 0.669483 0.023432 0.018040
0 0.367206 0.620451 0.018190 0.013856
0 0.578470 0.843145 0.018389 0.015179
0 0.273219 0.625648 0.017868 0.013394
0 0.521361 0.857695 0.020929 0.014289
0 0.309807 0.383494 0.016186 0.011530
0 0.672763 0.711331 0.020390 0.013673
0 0.614816 0.862148 0.015781 0.011862
0 0.363877 0.517211 0.022726 0.014749
0 0.181858 0.555678 0.019523 0.013970
0 0.445440 0.789809 0.018118 0.012993
0 0.429763 0.718616 0.024815 0.012916
0 0.377301 0.849723 0.025842 0.021434
0 0.250213 0.896805 0.016948 0.013976
0 0.315028 0.533084 0.019128 0.014593
0 0.299437 0.621945 0.018269 0.014310
0 0.076184 0.735526 0.017559 0.010343
0 0.198601 0.553246 0.018853 0.012665
0 0.094472 0.634747 0.016114 0.010472
0 0.289790 0.666496 0.021231 0.022480