1 0.306159 0.593008 0.054911 0.037008
1 0.357948 0.374736 0.043795 0.034858
0 0.646537 0.504468 0.024510 0.017321
1 0.412823 0.700259 0.057013 0.041194
0 0.689044 0.478615 0.021193 0.014685
1 0.597083 0.264231 0.051627 0.035914
1 0.413837 0.475779 0.056954 0.033090
0 0.168963 0.458267 0.019138 0.013855
0 0.448872 0.433944 0.019543 0.014374
1 0.157483 0.569502 0.055102 0.038228
0 0.249053 0.637690 0.018469 0.012396
0 0.544604 0.570986 0.017885 0.012355
0 0.403519 0.311960 0.018583 0.013480
0 0.556439 0.396485 0.018278 0.013546
0 0.352592 0.261860 0.021129 0.015703
0 0.148016 0.404153 0.017521 0.011748
0 0.208184 0.428310 0.017119 0.011552
1 0.335549 0.699149 0.055912 0.043442
0 0.435992 0.314176 0.018597 0.013341
0 0.303431 0.376216 0.017108 0.012204
0 0.353411 0.522185 0.015736 0.012367
0 0.576221 0.395876 0.018427 0.012959
0 0.448099 0.531691 0.015200 0.010688
0 0.439059 0.495380 0.015918 0.010099
0 0.339595 0.550849 0.017207 0.012792
0 0.673168 0.605001 0.017950 0.013461
0 0.639757 0.589923 0.015619 0.011509
0 0.176053 0.592064 0.016763 0.012475
0 0.330777 0.375174 0.016854 0.012726
0 0.507726 0.210298 0.019321 0.016795
0 0.406815 0.396832 0.023295 0.017688
0 0.107513 0.422491 0.021607 0.016049
0 0.491606 0.651479 0.021654 0.015657
0 0.319466 0.514141 0.015358 0.011720
0 0.735194 0.298127 0.016724 0.013298
1 0.787237 0.405324 0.043444 0.058030
0 0.493305 0.328857 0.016657 0.012541
0 0.587449 0.492208 0.016206 0.011876
0 0.317513 0.474442 0.017474 0.012910
0 0.270406 0.645221 0.015137 0.009977
0 0.260833 0.678597 0.017857 0.011732
0 0.565891 0.626604 0.019732 0.011683
0 0.353105 0.218102 0.020272 0.017194
0 0.472697 0.724156 0.021222 0.013041
0 0.290730 0.272661 0.018673 0.016192
0 0.377698 0.529177 0.015525 0.010533
0 0.122263 0.353191 0.015001 0.010905
0 0.049412 0.481085 0.014008 0.009166
0 0.621783 0.622549 0.017693 0.014155
0 0.478851 0.595084 0.014564 0.011294