1 0.441375 0.595025 0.053868 0.034427
1 0.234413 0.394860 0.058551 0.040194
1 0.298411 0.588069 0.049427 0.042788
0 0.422624 0.518982 0.019464 0.013693
0 0.514130 0.705760 0.018247 0.012252
0 0.706230 0.621982 0.018022 0.012883
0 0.489078 0.364945 0.017237 0.011465
0 0.569526 0.401603 0.018128 0.012100
0 0.146665 0.665862 0.018579 0.012240
0 0.681338 0.381221 0.019748 0.013947
0 0.477706 0.402930 0.018673 0.012336
0 0.510191 0.432312 0.018825 0.013540
0 0.627991 0.609358 0.018605 0.013012
0 0.244552 0.703744 0.018923 0.013440
0 0.205446 0.518290 0.017780 0.011532
0 0.630745 0.705297 0.019078 0.013128
1 0.150022 0.735962 0.052587 0.040562
0 0.606155 0.615489 0.017565 0.012603
0 0.394388 0.710568 0.018758 0.012692
0 0.519520 0.631423 0.019126 0.012141
0 0.702063 0.659651 0.020008 0.014578
1 0.755410 0.483065 0.045786 0.035047
1 0.325913 0.334336 0.099815 0.053876
0 0.529600 0.345920 0.018210 0.012223
0 0.392660 0.374054 0.021540 0.015268
0 0.119310 0.516587 0.019049 0.013163
0 0.626388 0.636460 0.018499 0.011935
0 0.407246 0.653633 0.019662 0.014735
0 0.576566 0.754711 0.019158 0.013136
0 0.341327 0.660931 0.018987 0.012298
0 0.421236 0.489912 0.017759 0.012304
0 0.079094 0.579844 0.019597 0.014003
0 0.634581 0.352764 0.018221 0.013080
0 0.364601 0.796829 0.024223 0.017073
0 0.177771 0.646197 0.018701 0.012709
0 0.207947 0.545853 0.019212 0.012664
0 0.181581 0.474761 0.019459 0.014273
0 0.179275 0.432094 0.018378 0.012339
0 0.293719 0.696340 0.022286 0.015552
0 0.470917 0.760274 0.020190 0.013426
0 0.591510 0.768135 0.018981 0.014098
0 0.419669 0.337480 0.016214 0.012379
0 0.459996 0.796330 0.022250 0.015987
0 0.516186 0.676664 0.023487 0.015052
0 0.421611 0.424375 0.021432 0.016043
0 0.467430 0.698313 0.016548 0.012078
0 0.494509 0.547168 0.020499 0.015349
0 0.493924 0.465049 0.018315 0.014966
0 0.691635 0.474631 0.017674 0.012012
0 0.614485 0.468287 0.015829 0.010769
0 0.373980 0.449725 0.019212 0.013243
0 0.206540 0.572479 0.021068 0.014016
0 0.241007 0.558091 0.018859 0.012926
0 0.644830 0.812095 0.019329 0.013234
0 0.473764 0.743941 0.020822 0.013576
0 0.099943 0.565743 0.017143 0.012285
0 0.542715 0.454835 0.019538 0.014344
0 0.379946 0.430740 0.019579 0.013018
0 0.699640 0.727650 0.018704 0.011571
0 0.675345 0.512137 0.021122 0.014117
0 0.427565 0.717844 0.017279 0.012461
0 0.619497 0.413066 0.018030 0.013427
0 0.648885 0.650504 0.018757 0.013302
0 0.186104 0.662489 0.016819 0.012305
0 0.216701 0.432195 0.019060 0.012821
0 0.696537 0.491691 0.016164 0.011252
0 0.275231 0.398975 0.019644 0.012920
0 0.264692 0.522896 0.015690 0.011101
0 0.481245 0.711092 0.017156 0.011024
0 0.383795 0.653033 0.018945 0.012900
0 0.522900 0.588063 0.021206 0.016276
0 0.471906 0.507681 0.016026 0.010956
0 0.790801 0.613996 0.019154 0.013241
0 0.633124 0.771073 0.018232 0.012880
0 0.459759 0.436539 0.017501 0.013984
0 0.446854 0.383156 0.014370 0.010806
0 0.404613 0.439474 0.017493 0.011489
0 0.603840 0.556866 0.018204 0.014920
0 0.619425 0.389366 0.021783 0.012401
0 0.749124 0.641973 0.018634 0.011558
0 0.584668 0.355532 0.016359 0.011704
0 0.549371 0.363539 0.017195 0.013971
0 0.663314 0.458453 0.015132 0.010083
0 0.383601 0.346838 0.018004 0.012581
0 0.337532 0.638768 0.017504 0.011230
0 0.539591 0.370819 0.017815 0.011677
0 0.533827 0.769677 0.026440 0.017296
0 0.577964 0.462942 0.016638 0.011464
0 0.185307 0.596767 0.019038 0.014092
0 0.766957 0.643017 0.017907 0.011897
0 0.207531 0.437809 0.021083 0.013492
0 0.479006 0.649526 0.017926 0.011917
0 0.611202 0.357748 0.016694 0.011329
0 0.677622 0.583378 0.015884 0.010439
0 0.393296 0.595411 0.018588 0.011649
0 0.567228 0.509542 0.023477 0.022123
0 0.725236 0.439865 0.018606 0.017372
0 0.608633 0.388816 0.022350 0.011750
0 0.219717 0.454594 0.018714 0.013328
1 0.343020 0.599059 0.045296 0.034432
0 0.763562 0.629909 0.015313 0.011371
0 0.473166 0.757504 0.028536 0.023552
0 0.595187 0.458945 0.015384 0.009869
0 0.631499 0.547304 0.018498 0.012475
0 0.456722 0.349233 0.012942 0.009552
0 0.436810 0.730794 0.016153 0.009336
0 0.321575 0.396299 0.015241 0.011487
0 0.561984 0.434734 0.014005 0.010008
0 0.783229 0.571671 0.017828 0.013431
0 0.645302 0.529786 0.019183 0.011427
0 0.470700 0.328508 0.031978 0.021158
0 0.043660 0.625213 0.016880 0.011477
0 0.284034 0.756443 0.018435 0.011224
0 0.516471 0.805428 0.021751 0.013513
0 0.191579 0.613703 0.014042 0.009007
0 0.417556 0.730604 0.016640 0.010176
0 0.186172 0.784214 0.024806 0.018055
0 0.272591 0.672475 0.019331 0.015216
0 0.655840 0.481853 0.017693 0.011873
0 0.351075 0.565658 0.014783 0.008686
0 0.716885 0.597058 0.013440 0.010296
0 0.340224 0.377387 0.014494 0.010045
0 0.222500 0.583675 0.014982 0.009297
0 0.762072 0.633480 0.020003 0.014310
0 0.431289 0.631163 0.013842 0.010779
0 0.406826 0.558140 0.014692 0.009221