1 0.376636 0.388096 0.052651 0.038808
0 0.455779 0.395880 0.015170 0.010157
0 0.505387 0.614183 0.016432 0.010943
0 0.510163 0.595554 0.015905 0.010819
0 0.335590 0.496846 0.013647 0.011002
0 0.237405 0.516337 0.013499 0.009360
0 0.220114 0.564262 0.014140 0.009401
0 0.296512 0.348389 0.017186 0.012184
0 0.638840 0.335049 0.016495 0.011515
0 0.430010 0.595814 0.014949 0.009993
0 0.445435 0.681762 0.014883 0.010816
0 0.163001 0.396548 0.019065 0.014346
0 0.367282 0.527186 0.013529 0.009260
1 0.447919 0.503588 0.063120 0.044558
0 0.639147 0.433629 0.018299 0.013154
0 0.512194 0.751408 0.018829 0.012957
0 0.537274 0.683607 0.013720 0.009859
0 0.482382 0.397671 0.013913 0.010953
0 0.360196 0.326229 0.015662 0.010069
0 0.361124 0.298633 0.017766 0.012428
0 0.312588 0.366559 0.016692 0.012235
0 0.666582 0.386085 0.015143 0.011287
0 0.258159 0.300296 0.019485 0.013674
0 0.570351 0.287521 0.016379 0.011605
0 0.297172 0.309964 0.018889 0.015290
0 0.301840 0.544756 0.014183 0.010349
0 0.635689 0.385157 0.014829 0.011341
0 0.482121 0.582105 0.013716 0.009234
0 0.306263 0.616133 0.014139 0.009737
0 0.455617 0.570716 0.016676 0.010508
0 0.574945 0.256034 0.017638 0.012177
0 0.391396 0.544357 0.014413 0.009738
0 0.235415 0.581086 0.013156 0.009156
0 0.538232 0.463871 0.016760 0.011492
0 0.353377 0.609636 0.013528 0.009259
0 0.584177 0.540522 0.015776 0.010752
0 0.546151 0.390769 0.021264 0.013739
0 0.511486 0.416757 0.014862 0.010103
0 0.278410 0.421375 0.014162 0.010678
0 0.456896 0.604199 0.013734 0.009607
0 0.382222 0.507964 0.014813 0.010507
0 0.559956 0.706310 0.015242 0.010483
0 0.327841 0.618746 0.014467 0.010355
0 0.348581 0.739987 0.015739 0.010398
0 0.325347 0.516343 0.014236 0.009440
0 0.527750 0.717866 0.016641 0.011367
0 0.273220 0.448214 0.016939 0.010965
0 0.620353 0.609104 0.013588 0.008901
0 0.810386 0.474428 0.014890 0.009652
0 0.776154 0.512269 0.015797 0.010401
0 0.692932 0.462003 0.020016 0.014963
0 0.757981 0.332980 0.018751 0.013084
0 0.597477 0.657694 0.013624 0.009360
0 0.640652 0.315168 0.016801 0.011678
0 0.515853 0.383804 0.015314 0.009940
0 0.313568 0.560688 0.015578 0.009958
0 0.611417 0.589930 0.016390 0.010674
0 0.235738 0.459023 0.017210 0.012646
0 0.662776 0.728054 0.018159 0.012415
0 0.646081 0.276921 0.015514 0.010746
0 0.370167 0.422224 0.015052 0.009268
0 0.347654 0.446091 0.017400 0.011551
0 0.746891 0.353783 0.015808 0.010394
0 0.271980 0.637552 0.012928 0.008538
0 0.221793 0.541107 0.014989 0.009394
0 0.486953 0.463684 0.014822 0.010227
0 0.369447 0.752579 0.015576 0.010611
0 0.380725 0.465454 0.015234 0.010036
0 0.414556 0.616400 0.016524 0.012671
0 0.470792 0.326105 0.014410 0.010009
0 0.268213 0.498941 0.012928 0.009535
0 0.612319 0.552753 0.015062 0.010488
0 0.348832 0.694011 0.016448 0.011400
0 0.242349 0.608824 0.014585 0.009862
0 0.212641 0.427972 0.015075 0.010469
0 0.612389 0.323640 0.015252 0.010621
0 0.351619 0.576937 0.015686 0.010806
0 0.529038 0.336487 0.015837 0.011695
0 0.726627 0.465993 0.015648 0.010511
0 0.592620 0.617300 0.015686 0.010068
0 0.304355 0.428053 0.013225 0.008756
0 0.576631 0.721116 0.017425 0.010859
0 0.129283 0.403277 0.016978 0.010732
0 0.698733 0.294968 0.016822 0.011952
0 0.406511 0.333573 0.014177 0.011280
0 0.397309 0.496312 0.014539 0.010194
0 0.333746 0.300930 0.016742 0.010904
0 0.696272 0.276699 0.017938 0.011287
0 0.380719 0.232780 0.016687 0.011732
0 0.444141 0.439623 0.015977 0.010321
0 0.479707 0.244286 0.011757 0.017220
0 0.428723 0.406717 0.017924 0.011896
0 0.551175 0.256765 0.016525 0.013705
0 0.592810 0.698999 0.017577 0.011931
0 0.726276 0.662563 0.014668 0.009506
0 0.446667 0.359158 0.015915 0.010991
0 0.828692 0.500554 0.014353 0.009840
0 0.364028 0.486567 0.015067 0.011128
0 0.254985 0.666699 0.015241 0.010227
0 0.424133 0.774601 0.019292 0.013010
0 0.555971 0.584757 0.014745 0.009755
0 0.721836 0.691120 0.014414 0.009338
0 0.513858 0.260895 0.013441 0.008519
0 0.510526 0.662340 0.016117 0.011783
0 0.538552 0.312918 0.015951 0.012639
0 0.444003 0.339639 0.017545 0.010883
0 0.758157 0.576785 0.014588 0.008926
0 0.276447 0.470531 0.014500 0.009648
0 0.619304 0.290396 0.015249 0.010391
0 0.188756 0.367321 0.019205 0.013463
0 0.525498 0.436708 0.015979 0.010872
0 0.718447 0.418708 0.016477 0.012725
0 0.794205 0.446988 0.016388 0.010695
0 0.397004 0.691456 0.015570 0.010285
0 0.512730 0.310421 0.015323 0.009920
0 0.468911 0.366614 0.013930 0.008692
0 0.377693 0.345118 0.014876 0.009480
0 0.529104 0.354936 0.013742 0.009073
0 0.559039 0.679069 0.013644 0.009454
0 0.305824 0.737439 0.015038 0.009999
0 0.727727 0.536746 0.015548 0.011463
0 0.587597 0.679471 0.015996 0.009453
0 0.238347 0.685511 0.016082 0.010591
0 0.726692 0.286271 0.021958 0.014624
0 0.315215 0.408954 0.016679 0.010896
0 0.385984 0.662991 0.014723 0.010091
0 0.493918 0.360855 0.015179 0.013974
0 0.197790 0.550041 0.015568 0.010414
0 0.750777 0.476368 0.016077 0.011828
0 0.412033 0.365453 0.016383 0.009857
0 0.404876 0.286214 0.017445 0.013159
0 0.202393 0.393528 0.014295 0.010043
0 0.493688 0.666771 0.013666 0.009309
0 0.436755 0.553085 0.013458 0.008330
0 0.494029 0.695841 0.013000 0.009213
0 0.553002 0.549913 0.014615 0.010136
0 0.493871 0.519488 0.015598 0.010270
0 0.736069 0.678361 0.014464 0.009276
1 0.497838 0.227568 0.050450 0.018378
0 0.517679 0.549930 0.013874 0.008407
0 0.491255 0.311220 0.016330 0.010643
0 0.378929 0.725094 0.015277 0.010052
0 0.363789 0.651861 0.014352 0.008514
0 0.457247 0.465885 0.015270 0.010161
0 0.364286 0.595685 0.012707 0.008325
0 0.764838 0.309128 0.017449 0.011674
0 0.684667 0.672207 0.014314 0.010327
0 0.621143 0.675091 0.015301 0.010240
0 0.384556 0.631396 0.016188 0.010645
0 0.406151 0.515312 0.016012 0.009025
0 0.798917 0.529832 0.014620 0.010600
0 0.308662 0.656560 0.014767 0.009759
0 0.499081 0.482448 0.016360 0.011619
0 0.713607 0.384573 0.014761 0.010406
0 0.478763 0.539859 0.014681 0.009948
0 0.755920 0.616158 0.013439 0.008407
0 0.732577 0.631539 0.017198 0.011227
0 0.315907 0.716853 0.013569 0.009790
0 0.366168 0.557478 0.015119 0.011321
0 0.332553 0.563927 0.015976 0.009812
0 0.587362 0.347287 0.017314 0.012680
0 0.587275 0.560990 0.015714 0.010320
0 0.315656 0.336051 0.013908 0.011024
0 0.391676 0.357264 0.014261 0.009991
0 0.472864 0.282323 0.012993 0.009587
0 0.639644 0.655546 0.014318 0.009813
0 0.578399 0.627667 0.012738 0.008541
0 0.608597 0.628653 0.016619 0.010300
0 0.668791 0.259695 0.019103 0.016264
0 0.330706 0.661415 0.013249 0.008261
0 0.403994 0.760096 0.019153 0.012059
0 0.630250 0.637451 0.013009 0.008015
0 0.753368 0.537975 0.013607 0.010122
0 0.802560 0.489521 0.013248 0.008480
0 0.740566 0.559955 0.013616 0.008654
0 0.220936 0.446646 0.012730 0.008824
0 0.697543 0.430197 0.015204 0.009654
0 0.645094 0.611850 0.014120 0.010253
0 0.807404 0.560123 0.013299 0.008731
0 0.504980 0.336341 0.016589 0.010558
0 0.547823 0.753646 0.017777 0.012755
0 0.654401 0.665547 0.013489 0.008752
0 0.571024 0.570048 0.017071 0.013454
0 0.459924 0.294658 0.014011 0.009668
0 0.692238 0.329178 0.019529 0.013847
0 0.393770 0.246359 0.013999 0.010710
0 0.441625 0.736369 0.020311 0.012060
0 0.668670 0.424867 0.017317 0.014035
0 0.761882 0.660881 0.013300 0.008833
0 0.202114 0.523711 0.013391 0.008731
0 0.727730 0.587893 0.015932 0.011760
0 0.687697 0.546660 0.014351 0.010314
0 0.628538 0.759642 0.018885 0.012657
0 0.163417 0.453386 0.013635 0.009800
0 0.565989 0.346885 0.014749 0.010793
0 0.797152 0.357722 0.017235 0.011706
0 0.286144 0.693172 0.015759 0.010748
0 0.236147 0.628790 0.013162 0.008179
0 0.520513 0.287569 0.013072 0.008873
0 0.377906 0.605703 0.014703 0.009453
0 0.307650 0.457635 0.015027 0.011363
0 0.322233 0.389215 0.013567 0.008863
0 0.472217 0.731094 0.014927 0.010063
0 0.442633 0.267071 0.014140 0.008927
0 0.363136 0.716160 0.014042 0.008975
0 0.528866 0.411968 0.013124 0.008686
0 0.736036 0.402662 0.014494 0.010409
0 0.366595 0.444939 0.013736 0.009060
0 0.343486 0.402838 0.013249 0.008530
0 0.161944 0.472044 0.012649 0.008170
0 0.430880 0.298520 0.019677 0.012944
0 0.249365 0.529689 0.013660 0.008917
0 0.686743 0.384154 0.014710 0.009105
0 0.603141 0.575922 0.014407 0.010296
0 0.401080 0.735431 0.022338 0.010219
0 0.203509 0.440928 0.013252 0.008174
0 0.766943 0.640376 0.015460 0.010062
0 0.578585 0.327111 0.016812 0.013392
0 0.724268 0.363841 0.014153 0.010685
0 0.428525 0.327954 0.015987 0.009941
0 0.555566 0.566342 0.013394 0.008778
0 0.429153 0.364531 0.015304 0.009323
0 0.761624 0.409266 0.014784 0.009745
0 0.597218 0.286886 0.018120 0.010323
0 0.600791 0.354961 0.017019 0.010379
0 0.700549 0.589472 0.015167 0.011100
0 0.658638 0.648385 0.013405 0.012295
0 0.508332 0.467101 0.014991 0.009307
0 0.472626 0.264737 0.012779 0.009242
0 0.340528 0.376012 0.015688 0.009093
0 0.193892 0.604663 0.017768 0.010653
0 0.434733 0.700793 0.013787 0.008719
0 0.412943 0.459655 0.014832 0.008476
0 0.144159 0.424399 0.019007 0.013461
0 0.778485 0.349235 0.016952 0.011328
0 0.197807 0.481270 0.014037 0.009134
0 0.382182 0.710237 0.015407 0.012140
0 0.472202 0.691750 0.016361 0.011877
0 0.481743 0.431177 0.015564 0.010653
0 0.428815 0.238547 0.012780 0.009415
0 0.652473 0.252976 0.017122 0.011562
0 0.376197 0.285514 0.016258 0.012746
0 0.579574 0.590258 0.013869 0.009008
0 0.399902 0.396270 0.013595 0.008761
0 0.724344 0.331237 0.016664 0.011894
0 0.802826 0.510973 0.015268 0.009479
0 0.749274 0.444120 0.014340 0.010737
0 0.801567 0.338231 0.018053 0.013007
0 0.545000 0.729799 0.016096 0.009588
0 0.369681 0.682196 0.012488 0.007782
0 0.458121 0.718676 0.014910 0.010490
0 0.265025 0.616309 0.013339 0.009370
0 0.359640 0.269019 0.022943 0.010617
0 0.224599 0.295126 0.016476 0.012508
0 0.736988 0.315575 0.016029 0.010816
0 0.454056 0.478918 0.013598 0.008483
0 0.347601 0.554754 0.012500 0.008770
0 0.770102 0.555459 0.014713 0.009065
0 0.156257 0.487816 0.011731 0.009933
0 0.721971 0.558123 0.014143 0.007817
0 0.279311 0.728380 0.013709 0.009163
0 0.336017 0.587559 0.013954 0.009352
0 0.133323 0.504665 0.012945 0.008159
0 0.654779 0.630696 0.013965 0.008290
0 0.698204 0.554539 0.017985 0.009946
0 0.698994 0.659407 0.014134 0.009333
0 0.179229 0.503312 0.015670 0.010325
0 0.511524 0.446656 0.017584 0.011709
0 0.686310 0.446655 0.012524 0.008956
0 0.397579 0.262124 0.013752 0.009391
0 0.292424 0.718141 0.012342 0.009285
0 0.508250 0.719603 0.016597 0.009930
0 0.227572 0.670752 0.013318 0.009087
0 0.332187 0.456567 0.017875 0.008442
0 0.137495 0.528003 0.012413 0.007882
0 0.821485 0.543657 0.017051 0.010355
0 0.417036 0.262040 0.015995 0.010047
0 0.403264 0.217605 0.016839 0.011330
0 0.448990 0.308326 0.014660 0.009184
0 0.178449 0.547167 0.011612 0.007519
0 0.669372 0.271186 0.016406 0.010880
0 0.694102 0.550651 0.019243 0.012159
0 0.516584 0.414516 0.022543 0.009801
0 0.785269 0.611585 0.015378 0.011362
0 0.410509 0.434798 0.014270 0.008794
0 0.450189 0.534058 0.018722 0.012495
0 0.177931 0.472165 0.013608 0.007268
0 0.459975 0.422503 0.019162 0.008527
0 0.163665 0.597201 0.014653 0.009640
0 0.222592 0.495281 0.013234 0.008375
0 0.476894 0.426339 0.018941 0.009405
0 0.770760 0.446460 0.013068 0.007879
0 0.352919 0.424496 0.013569 0.009219
0 0.690108 0.605218 0.013903 0.009982
0 0.690036 0.628433 0.013627 0.008671
0 0.436588 0.470711 0.017311 0.009102
0 0.573262 0.332163 0.017817 0.012230
0 0.722808 0.358025 0.013065 0.011348
0 0.534697 0.762999 0.018118 0.010406
0 0.140957 0.561054 0.014331 0.013380
0 0.836644 0.448119 0.012549 0.009283
0 0.381849 0.602498 0.020501 0.011212
0 0.496894 0.295697 0.020784 0.008106
0 0.837045 0.433378 0.017967 0.011804
0 0.811144 0.384622 0.017504 0.011845
0 0.191833 0.503597 0.018558 0.009706
0 0.386790 0.595761 0.016042 0.011205
0 0.379323 0.511006 0.015832 0.016008
0 0.276393 0.665063 0.016829 0.008148
0 0.421516 0.315301 0.013586 0.009442
0 0.546984 0.550867 0.022303 0.009993