0 0.805492 0.698475 0.016727 0.013283
0 0.605517 0.484522 0.015460 0.011564
0 0.690813 0.658928 0.016890 0.013358
0 0.158163 0.544113 0.018711 0.016939
0 0.477443 0.636055 0.015773 0.010479
0 0.700510 0.879043 0.019142 0.014512
0 0.179011 0.501188 0.019855 0.015307
0 0.638695 0.436917 0.023868 0.022172
0 0.295805 0.414198 0.014393 0.011597
0 0.610584 0.774891 0.017844 0.014465
0 0.538815 0.380199 0.014032 0.012152
0 0.666921 0.792096 0.019498 0.014560
0 0.348305 0.858239 0.020064 0.014586
0 0.275508 0.857588 0.019913 0.017145
0 0.306579 0.863712 0.021296 0.016417
0 0.793407 0.678095 0.017896 0.013565
0 0.621535 0.641899 0.017497 0.012259
0 0.529761 0.642803 0.019346 0.014750
0 0.436528 0.445087 0.015897 0.012206
0 0.667694 0.557704 0.018061 0.012333
0 0.256073 0.807761 0.015693 0.013215
0 0.350237 0.520152 0.017078 0.011828
0 0.710488 0.570314 0.023153 0.011648
0 0.595093 0.553864 0.014407 0.010544
0 0.442020 0.552508 0.014811 0.010318
0 0.745253 0.648106 0.018598 0.014188
0 0.525107 0.747547 0.016317 0.012173
0 0.631110 0.706448 0.016714 0.012346
0 0.556249 0.611567 0.014828 0.011384
0 0.756386 0.686020 0.017692 0.013653
0 0.299279 0.532975 0.017274 0.013417
0 0.521100 0.678256 0.015990 0.011091
0 0.326538 0.727956 0.012655 0.009699
0 0.417854 0.645801 0.015031 0.010795
0 0.258758 0.725812 0.013241 0.009701
0 0.666631 0.881209 0.019184 0.012958
0 0.581665 0.533888 0.015503 0.010100
0 0.429227 0.486734 0.012368 0.010549
0 0.381819 0.448790 0.014117 0.009859
0 0.453889 0.617079 0.011526 0.008505
0 0.379090 0.620432 0.019001 0.012117
0 0.579001 0.735856 0.016921 0.012795
0 0.796127 0.632970 0.022782 0.014473
0 0.585649 0.603132 0.015731 0.011126
0 0.536607 0.357478 0.011063 0.008926
0 0.406180 0.685498 0.016122 0.011571
0 0.437921 0.412558 0.013751 0.010670
0 0.526678 0.474947 0.013856 0.009570
0 0.338415 0.503170 0.012247 0.011544
0 0.277209 0.586715 0.015896 0.013342
0 0.404282 0.764484 0.013710 0.011079
0 0.272095 0.620113 0.012762 0.010339
0 0.173913 0.522561 0.019167 0.013317
0 0.422026 0.565136 0.014658 0.010149
0 0.569437 0.577266 0.016710 0.012091
0 0.562121 0.419369 0.013825 0.009035
0 0.673726 0.840523 0.020665 0.014946
0 0.388351 0.494222 0.012017 0.011031
0 0.497452 0.615909 0.012766 0.008577
0 0.541566 0.667714 0.014560 0.010590
0 0.656461 0.775954 0.013160 0.010296
0 0.804995 0.482047 0.015966 0.012336
0 0.556396 0.537930 0.017003 0.012602
0 0.645735 0.910955 0.022840 0.016468
0 0.703262 0.500884 0.015017 0.012188
0 0.285196 0.664868 0.015872 0.013368
0 0.756684 0.627450 0.014830 0.009184
0 0.201039 0.469679 0.016499 0.012819
0 0.405752 0.932370 0.018718 0.013242
0 0.329472 0.652159 0.014331 0.012658
0 0.359142 0.759188 0.012730 0.009328
0 0.460814 0.442394 0.014532 0.012058
0 0.646567 0.577726 0.015020 0.012036
0 0.357269 0.540734 0.014139 0.010172
0 0.280495 0.686829 0.015643 0.010147
0 0.212720 0.488549 0.013561 0.012620
0 0.536989 0.440035 0.012051 0.010388
0 0.585781 0.623580 0.014649 0.010658
0 0.766320 0.834707 0.016471 0.010163
0 0.421343 0.777181 0.014040 0.010723
0 0.358157 0.420994 0.014540 0.011684
0 0.843392 0.499028 0.017292 0.014767
0 0.334191 0.433682 0.011303 0.009044
0 0.319513 0.840513 0.016161 0.013343
0 0.524763 0.410508 0.012462 0.009650
0 0.509999 0.521472 0.015860 0.011956
0 0.617621 0.584037 0.016853 0.011674
0 0.309170 0.557611 0.017175 0.014058
0 0.405394 0.713442 0.016856 0.012137
0 0.659968 0.453312 0.018716 0.014160
0 0.311903 0.667303 0.016199 0.012155
0 0.308104 0.595130 0.014532 0.009283
0 0.583171 0.444283 0.018160 0.013924
0 0.370025 0.728566 0.012679 0.011312
0 0.357400 0.578655 0.015396 0.010400
0 0.584170 0.691897 0.018237 0.013863
0 0.657347 0.415569 0.021288 0.012414
0 0.368626 0.688342 0.013972 0.010538
0 0.559301 0.467348 0.014063 0.011683
0 0.301146 0.803337 0.016252 0.011650
0 0.213554 0.588589 0.018164 0.014275
0 0.480749 0.747485 0.018226 0.014861
0 0.487916 0.468189 0.012480 0.009874
0 0.272930 0.839748 0.014437 0.010966
0 0.625551 0.461490 0.015530 0.013403
0 0.540923 0.884282 0.018540 0.013973
0 0.398359 0.788807 0.015505 0.012023
0 0.236424 0.636289 0.014399 0.014160
0 0.671750 0.739698 0.014867 0.009476
0 0.349511 0.455311 0.017096 0.010535
0 0.703330 0.455711 0.024293 0.020231
0 0.352777 0.919158 0.012667 0.009236
0 0.469128 0.952141 0.026142 0.019306
0 0.413050 0.743968 0.014563 0.010784
0 0.415782 0.540268 0.014220 0.011586
0 0.303923 0.643422 0.011530 0.009881
0 0.679348 0.762034 0.015962 0.011262
0 0.595957 0.414805 0.012822 0.009577
0 0.501530 0.501629 0.012867 0.007427
0 0.555056 0.400573 0.011665 0.008667
0 0.610902 0.806682 0.015264 0.012178
0 0.442022 0.679020 0.013266 0.008604
0 0.302557 0.696275 0.012822 0.009103
0 0.484546 0.489904 0.014455 0.013120
0 0.380467 0.753147 0.014657 0.012735
0 0.420736 0.470427 0.013032 0.007730
0 0.275309 0.741061 0.012567 0.009849
0 0.544582 0.490517 0.014402 0.010190
0 0.746838 0.498175 0.017988 0.014150
0 0.410394 0.380962 0.018517 0.015722
0 0.720454 0.596352 0.021135 0.012376
0 0.574847 0.918101 0.021635 0.017018
0 0.387465 0.542654 0.013887 0.012047
0 0.503284 0.456432 0.010301 0.008337
0 0.563155 0.375992 0.013699 0.011407
0 0.662083 0.610819 0.023212 0.013506
0 0.264156 0.566021 0.012878 0.009422
0 0.152114 0.639668 0.014419 0.010937
0 0.279244 0.539527 0.010948 0.008070
0 0.441749 0.699066 0.015854 0.012648
0 0.616685 0.931440 0.017630 0.013888
0 0.651586 0.742673 0.015808 0.009743
0 0.445680 0.466963 0.012977 0.009414
0 0.425133 0.700378 0.016097 0.012028
0 0.194312 0.557329 0.014006 0.011922
0 0.525640 0.535518 0.015741 0.010657
0 0.560735 0.508183 0.013615 0.010367
0 0.436676 0.760287 0.013391 0.009688
0 0.621320 0.742842 0.013066 0.010919
0 0.330872 0.447729 0.011041 0.009373
0 0.299292 0.775928 0.012770 0.008616
0 0.682009 0.443987 0.018759 0.018322
0 0.596929 0.710740 0.011363 0.008053
0 0.740145 0.439736 0.025044 0.013908
0 0.374836 0.783650 0.014542 0.010331
0 0.640469 0.933344 0.021088 0.013382
0 0.603483 0.689905 0.017322 0.011210
0 0.626487 0.416026 0.015993 0.008632
0 0.233072 0.458793 0.015720 0.014588
0 0.129410 0.622791 0.018020 0.014081
0 0.570724 0.827723 0.013972 0.010329
0 0.662752 0.936442 0.019305 0.014120
0 0.544173 0.508646 0.013906 0.007999
0 0.493117 0.553233 0.020174 0.009431
0 0.745555 0.473432 0.014254 0.012494
0 0.578634 0.441268 0.015991 0.011842
0 0.621395 0.752064 0.013198 0.011261
0 0.397034 0.662770 0.015566 0.012826
0 0.113033 0.643751 0.014587 0.013045
0 0.622062 0.921526 0.018299 0.014549
0 0.323957 0.802447 0.013417 0.011074
0 0.243537 0.452561 0.014751 0.012616
0 0.674700 0.490032 0.013362 0.008617
0 0.624616 0.503295 0.015692 0.011179
0 0.245405 0.562536 0.016076 0.013621
0 0.437654 0.804763 0.014241 0.011371
0 0.394003 0.739812 0.014664 0.012171
0 0.316171 0.393350 0.014966 0.013367
0 0.515452 0.540194 0.013198 0.010857
0 0.583797 0.471194 0.016520 0.013025
0 0.562381 0.628089 0.013209 0.009560
0 0.780616 0.422523 0.015899 0.011177
0 0.244361 0.484912 0.010961 0.008351
0 0.614677 0.791232 0.012423 0.010189
0 0.331674 0.443802 0.012249 0.013069
0 0.334567 0.391111 0.013678 0.010161
0 0.697709 0.609226 0.016823 0.013512
0 0.750111 0.413317 0.017652 0.012896
1 0.487480 0.376761 0.037559 0.044601