1 0.199858 0.902001 0.034131 0.038033
0 0.423282 0.570681 0.018687 0.022633
0 0.451328 0.541876 0.014506 0.018461
0 0.474099 0.544822 0.014890 0.019559
0 0.375251 0.877384 0.015197 0.020148
0 0.548340 0.672682 0.017330 0.020684
0 0.218160 0.802637 0.015766 0.018919
0 0.370477 0.799801 0.014288 0.017158
0 0.542044 0.889090 0.015094 0.018350
0 0.299213 0.508305 0.019348 0.027449
0 0.324346 0.531135 0.015271 0.019754
0 0.628580 0.847954 0.020707 0.028460
0 0.410690 0.834006 0.018312 0.023500
0 0.407773 0.488746 0.014743 0.018494
0 0.405552 0.419907 0.021815 0.029155
0 0.211974 0.574370 0.017727 0.023755
0 0.371578 0.396276 0.021089 0.025203
0 0.363575 0.547944 0.019505 0.023707
0 0.397128 0.716321 0.016701 0.018862
0 0.563623 0.586454 0.014532 0.017726
0 0.390016 0.744335 0.013684 0.017237
0 0.353124 0.735348 0.014226 0.018425
0 0.305142 0.702956 0.013857 0.016716
0 0.507867 0.429050 0.018265 0.024917
0 0.390994 0.573704 0.015024 0.019746
0 0.392195 0.973989 0.014056 0.017388
0 0.282661 0.829880 0.015079 0.018263
0 0.358811 0.779195 0.015097 0.018408
0 0.422975 0.363581 0.013496 0.016168
0 0.610002 0.739734 0.020064 0.027310
0 0.363808 0.630375 0.015162 0.022692
0 0.646096 0.622123 0.016240 0.020089
0 0.486814 0.473588 0.017284 0.023496
0 0.182960 0.819338 0.013270 0.015143
0 0.635990 0.678538 0.014591 0.019189
0 0.457292 0.674079 0.015698 0.021828
0 0.540593 0.515775 0.017698 0.026522
0 0.537240 0.919038 0.021857 0.026929
0 0.326618 0.592248 0.014750 0.018220
0 0.597892 0.760085 0.016196 0.022311
0 0.285025 0.388278 0.013673 0.016054
0 0.532028 0.596585 0.017962 0.024761
1 0.309954 0.982054 0.051915 0.035892
0 0.345227 0.752911 0.012203 0.013897
0 0.386575 0.676595 0.015545 0.018333
0 0.499276 0.587992 0.017201 0.021972
0 0.463770 0.450193 0.013734 0.014946
0 0.600044 0.920330 0.018634 0.021449
0 0.626495 0.486973 0.013402 0.017426
0 0.370754 0.694848 0.014437 0.019780
0 0.472342 0.992836 0.018508 0.013786
0 0.372368 0.986497 0.016453 0.017809
0 0.562531 0.828460 0.021372 0.022258
0 0.334220 0.830899 0.014079 0.019162
0 0.353600 0.958397 0.013130 0.018064
0 0.651245 0.811112 0.015271 0.021329
0 0.318319 0.404774 0.018270 0.022945
0 0.502961 0.697367 0.015682 0.022544
0 0.520080 0.552313 0.014643 0.019869
0 0.326388 0.895102 0.012699 0.016717
0 0.376234 0.933327 0.012427 0.016346
0 0.316191 0.725802 0.012232 0.016226
0 0.525383 0.662339 0.015641 0.018872
0 0.612114 0.866688 0.018103 0.023822
0 0.244954 0.449499 0.018064 0.023083
0 0.262213 0.776405 0.013378 0.017027
0 0.554598 0.829095 0.015542 0.018591
0 0.557289 0.852929 0.017830 0.022098
0 0.520470 0.811283 0.014921 0.018286
0 0.575905 0.932605 0.017474 0.022935
0 0.539992 0.570725 0.013281 0.017154
0 0.403718 0.630545 0.016714 0.021073
0 0.629781 0.450865 0.013408 0.018925
0 0.356936 0.860878 0.012587 0.014484
0 0.207533 0.668524 0.013669 0.017245
0 0.599693 0.644723 0.013353 0.018175