0 0.648860 0.402438 0.028664 0.020762
0 0.622133 0.270039 0.032904 0.023813
0 0.621028 0.445057 0.025324 0.018874
0 0.678300 0.226938 0.026206 0.019233
0 0.369454 0.417884 0.031866 0.025110
0 0.556658 0.423937 0.025996 0.019539
0 0.764922 0.288786 0.031678 0.025306
0 0.589325 0.431706 0.024886 0.016893
0 0.886722 0.455859 0.031164 0.023022
0 0.520931 0.623234 0.030456 0.023774
0 0.771733 0.492384 0.029571 0.024306
0 0.755654 0.443647 0.029519 0.020379
0 0.606783 0.364963 0.029441 0.021314
0 0.694583 0.516758 0.028050 0.022121
0 0.548048 0.517532 0.028202 0.020353
0 0.875066 0.364399 0.027069 0.020441
0 0.490325 0.429487 0.026526 0.019602
0 0.708214 0.572529 0.032845 0.025244
0 0.683356 0.441032 0.023297 0.015062
0 0.499258 0.372598 0.027398 0.021575
0 0.543152 0.385994 0.036880 0.019271
0 0.842735 0.303152 0.033006 0.023983
0 0.538144 0.578321 0.028632 0.020132
0 0.532339 0.501840 0.027637 0.017344
0 0.581018 0.370220 0.023412 0.016096
0 0.639862 0.476211 0.032321 0.020031
0 0.591167 0.367806 0.048163 0.021530
0 0.351322 0.645667 0.039985 0.028937
0 0.863366 0.434011 0.033671 0.023025
0 0.379154 0.583910 0.018162 0.012252
0 0.535895 0.504797 0.040546 0.029869
0 0.723009 0.417603 0.018732 0.014354
0 0.513050 0.586534 0.027267 0.018334