1 0.554889 0.340743 0.047992 0.043600
1 0.741253 0.545712 0.045630 0.043718
0 0.367344 0.345720 0.018745 0.019364
0 0.416302 0.794922 0.020310 0.020082
0 0.799111 0.785928 0.021579 0.021017
0 0.535218 0.657126 0.021002 0.020642
0 0.448133 0.490133 0.019867 0.018436
0 0.257307 0.196210 0.020383 0.019737
0 0.568523 0.511830 0.019540 0.018923
0 0.348042 0.667305 0.021769 0.019535
0 0.434810 0.522974 0.020127 0.020174
0 0.717101 0.470425 0.019303 0.019838
0 0.198741 0.359916 0.017451 0.017305
0 0.518539 0.270032 0.020759 0.020600
0 0.816938 0.320363 0.018600 0.019249
0 0.470741 0.799885 0.020887 0.021001
0 0.587046 0.718659 0.023381 0.022864
0 0.707305 0.804212 0.021259 0.020751
0 0.526516 0.462244 0.020024 0.019499
0 0.444421 0.369623 0.023525 0.021878
0 0.198896 0.664409 0.019337 0.018787
0 0.423998 0.968834 0.026329 0.023747
0 0.324318 0.199577 0.020309 0.020539
0 0.285998 0.117728 0.022794 0.021702
0 0.199327 0.591651 0.020004 0.017986
0 0.637848 0.534279 0.019126 0.020048
0 0.833423 0.215835 0.018024 0.017221
0 0.688570 0.334873 0.024969 0.022216
0 0.749572 0.186646 0.021265 0.021620
0 0.351927 0.179465 0.023216 0.021790
0 0.406095 0.244902 0.021554 0.021658
0 0.697081 0.104322 0.016319 0.015109
0 0.345881 0.114059 0.018943 0.018387
0 0.353377 0.474279 0.017617 0.017355
0 0.450381 0.048818 0.019682 0.019783
0 0.604075 0.376525 0.022202 0.021375
0 0.326860 0.453473 0.017766 0.017190
0 0.420582 0.114778 0.018631 0.018632
0 0.396124 0.194161 0.019607 0.020012
0 0.223239 0.399069 0.018673 0.018420
0 0.330690 0.387908 0.017655 0.016938
0 0.533497 0.864576 0.020940 0.020709
0 0.147591 0.263288 0.017713 0.017735
0 0.660636 0.670068 0.026046 0.023922
0 0.479618 0.543466 0.018880 0.017605
0 0.160110 0.818453 0.018418 0.017520
0 0.497023 0.884199 0.021633 0.020693
0 0.784860 0.504782 0.020516 0.018977
0 0.543306 0.508133 0.016810 0.015586
0 0.174928 0.384859 0.018921 0.018075
0 0.624829 0.573536 0.021016 0.020420
0 0.617311 0.227077 0.018681 0.017785
0 0.186814 0.848357 0.021463 0.019982
0 0.779214 0.287451 0.022226 0.023108
0 0.184258 0.311813 0.019811 0.020090
0 0.558454 0.408968 0.025496 0.025267
0 0.278571 0.400365 0.014147 0.013143
0 0.252498 0.814402 0.018427 0.018122
0 0.094940 0.304599 0.019936 0.017628
0 0.222746 0.881854 0.023675 0.020939
0 0.882499 0.586460 0.023456 0.023015
0 0.150351 0.368490 0.017368 0.018289
0 0.514911 0.156370 0.029512 0.024780
0 0.260172 0.259060 0.022064 0.021089
0 0.582214 0.836320 0.020555 0.019845
0 0.282574 0.818718 0.023433 0.018826
0 0.383038 0.369539 0.018770 0.017221
0 0.582553 0.548509 0.027954 0.020470
0 0.143434 0.209765 0.016366 0.015717
0 0.412605 0.394104 0.023950 0.025789
0 0.320117 0.409439 0.022322 0.020829
0 0.205860 0.280552 0.022458 0.022713
0 0.516794 0.559478 0.021398 0.020545
0 0.828263 0.624859 0.018058 0.018774
0 0.093748 0.220297 0.015442 0.015589
0 0.928858 0.531306 0.019138 0.018455
0 0.858776 0.261842 0.019824 0.020126
0 0.659473 0.857910 0.022461 0.021022
0 0.760113 0.782614 0.018495 0.017839
0 0.387423 0.529945 0.019867 0.019788
0 0.270558 0.081890 0.017761 0.018281
0 0.117190 0.277430 0.018795 0.018342
0 0.515356 0.884945 0.022758 0.020831
0 0.135811 0.675855 0.020043 0.020671
0 0.637809 0.351687 0.019165 0.019518
0 0.607546 0.335650 0.017967 0.017198
0 0.265768 0.796143 0.017779 0.017392
0 0.318302 0.799915 0.021942 0.023243
0 0.365583 0.155438 0.026116 0.020950
0 0.586568 0.419755 0.020697 0.024446
0 0.722115 0.746754 0.022554 0.020878
0 0.055247 0.605049 0.017337 0.016148
0 0.664641 0.894005 0.019264 0.019101
0 0.373894 0.956819 0.021781 0.020791
0 0.522834 0.715201 0.019772 0.020536
0 0.445207 0.332189 0.023096 0.021125
0 0.767225 0.415620 0.022494 0.021330
0 0.569917 0.569157 0.018801 0.019941
0 0.624125 0.933505 0.023468 0.023147
0 0.232366 0.630099 0.018193 0.018194
0 0.807831 0.714369 0.017594 0.014957
0 0.588867 0.798039 0.026776 0.029311
0 0.676524 0.528491 0.028633 0.024399
0 0.173699 0.803967 0.016323 0.014655
0 0.794445 0.700187 0.038962 0.039272