1 0.528358 0.888588 0.054429 0.061148
1 0.484295 0.613461 0.051093 0.045803
1 0.420822 0.834482 0.048187 0.045715
0 0.727044 0.784640 0.018195 0.018960
0 0.798245 0.742142 0.020122 0.022489
0 0.939066 0.951403 0.018653 0.017824
0 0.789607 0.866086 0.020303 0.017161
0 0.817162 0.531195 0.022336 0.021281
0 0.904200 0.359142 0.020129 0.019676
1 0.364786 0.666985 0.043923 0.043094
0 0.604267 0.221498 0.027230 0.027463
0 0.900656 0.853441 0.017835 0.018252
0 0.924399 0.399609 0.018956 0.017609
0 0.687206 0.398233 0.018694 0.018233
0 0.453667 0.214716 0.021931 0.021465
0 0.800792 0.217145 0.020135 0.021497
0 0.702230 0.930793 0.017852 0.016727
0 0.720761 0.876675 0.018620 0.017626
0 0.622729 0.758448 0.020899 0.017732
0 0.783244 0.839569 0.019089 0.018166
0 0.571685 0.207896 0.021483 0.023080
0 0.828067 0.897372 0.015470 0.015743
0 0.866175 0.524470 0.017234 0.017224
0 0.735503 0.222689 0.018898 0.018296
0 0.776645 0.774693 0.017683 0.018592
0 0.776023 0.518660 0.016011 0.015033
0 0.562207 0.401577 0.023138 0.019961
0 0.824210 0.589640 0.028368 0.018904
0 0.838374 0.840149 0.016734 0.015489
1 0.278557 0.780663 0.075936 0.072087
0 0.516387 0.277646 0.022433 0.022606
0 0.970674 0.374107 0.020364 0.018646
0 0.682787 0.239187 0.020791 0.020004
0 0.886753 0.900590 0.017826 0.017895
0 0.433670 0.235407 0.019493 0.019533
0 0.639113 0.460091 0.018360 0.017449
0 0.553401 0.261492 0.020332 0.020395
0 0.835692 0.929202 0.016022 0.014221
0 0.863906 0.717787 0.015780 0.015129
0 0.690388 0.512168 0.019113 0.019061
0 0.779031 0.259618 0.024235 0.021978
0 0.861580 0.357856 0.017419 0.016983
0 0.718559 0.836638 0.017391 0.017511
1 0.668031 0.607211 0.054924 0.044822
0 0.723117 0.732684 0.016029 0.015078
0 0.558852 0.942406 0.018561 0.017033
0 0.565096 0.915825 0.015300 0.014486
0 0.893457 0.422351 0.017472 0.018590
0 0.966656 0.310734 0.017929 0.017322
0 0.773847 0.597065 0.016363 0.015377
0 0.453610 0.792063 0.014161 0.013441
0 0.721241 0.341141 0.021616 0.020424
0 0.697030 0.987267 0.019309 0.018953
0 0.665569 0.886413 0.019299 0.018857
0 0.653564 0.931191 0.019790 0.017566
0 0.594702 0.359032 0.018627 0.019698
0 0.575063 0.732123 0.015279 0.014410
0 0.910324 0.447867 0.016533 0.015386
0 0.429736 0.750310 0.015431 0.014259
0 0.837040 0.785553 0.018349 0.019840
0 0.815268 0.399171 0.020688 0.020808
0 0.675824 0.777383 0.016140 0.015157
0 0.639379 0.389505 0.023826 0.017633
0 0.270759 0.415400 0.018112 0.017756
0 0.954324 0.899645 0.016302 0.015080
0 0.859377 0.226322 0.016516 0.014512
0 0.377674 0.591421 0.015330 0.015286
0 0.928537 0.903301 0.019296 0.018714
0 0.718566 0.951578 0.015522 0.014663
0 0.601585 0.297169 0.019458 0.019059
1 0.238200 0.753646 0.040325 0.036470
0 0.265508 0.468219 0.017251 0.017570
0 0.753391 0.349421 0.020136 0.020755
0 0.893059 0.773437 0.024681 0.017059
0 0.463509 0.293555 0.019386 0.019224
0 0.356568 0.568413 0.016125 0.014384
0 0.410723 0.643825 0.018731 0.018289
0 0.848248 0.868739 0.020728 0.016422
0 0.905486 0.247431 0.022945 0.018931
0 0.429450 0.950731 0.015997 0.015095
0 0.945775 0.488804 0.017944 0.016981
0 0.648324 0.262554 0.018380 0.018018
0 0.296240 0.452524 0.016216 0.014712
0 0.376685 0.388684 0.019240 0.017979
0 0.889267 0.723647 0.014882 0.014518
0 0.463166 0.919380 0.014201 0.014073
0 0.452533 0.432933 0.017705 0.017597
0 0.559425 0.701441 0.016077 0.014116
1 0.230873 0.808203 0.045506 0.042824
0 0.245631 0.593160 0.015645 0.014139
0 0.865831 0.411964 0.016178 0.016035
0 0.780855 0.952141 0.020750 0.020589
0 0.667799 0.273816 0.020101 0.019474
0 0.545147 0.434113 0.024324 0.023122
0 0.865699 0.644679 0.016394 0.015642
0 0.986931 0.329544 0.017633 0.016691
0 0.829667 0.751701 0.016100 0.014128
0 0.957094 0.750488 0.015601 0.014479
0 0.405675 0.421990 0.018640 0.018174
0 0.981276 0.775828 0.016818 0.015466
0 0.913064 0.208372 0.015923 0.016794
0 0.550805 0.290896 0.021020 0.017509
0 0.853278 0.619920 0.014926 0.014386
0 0.371940 0.740930 0.015006 0.013342
0 0.671134 0.818053 0.015381 0.013518
0 0.447080 0.985529 0.017277 0.016861
0 0.603918 0.414781 0.017307 0.015867
0 0.992014 0.305370 0.015972 0.015898
0 0.644086 0.900707 0.016327 0.014565
0 0.987325 0.933646 0.018667 0.018311
0 0.664648 0.412911 0.016840 0.014488
0 0.749292 0.400253 0.017555 0.016421
0 0.570560 0.820678 0.015871 0.014419
0 0.372882 0.903762 0.015061 0.012729
0 0.704245 0.463856 0.020915 0.023367
0 0.984541 0.468213 0.014893 0.013701
0 0.497321 0.537726 0.016963 0.015580
0 0.628627 0.315395 0.020033 0.021240
0 0.745284 0.896538 0.022950 0.022362
0 0.581431 0.621561 0.018402 0.018695
0 0.882265 0.286578 0.017176 0.017025
0 0.883025 0.481469 0.019868 0.016039
0 0.867112 0.790248 0.016285 0.015633
0 0.935793 0.304354 0.018839 0.020404
0 0.828415 0.489260 0.015374 0.013261
0 0.785068 0.651426 0.016591 0.014992
0 0.780214 0.986817 0.018609 0.018987
0 0.817601 0.722206 0.016820 0.014997
0 0.821683 0.347962 0.015361 0.014871
0 0.811447 0.562598 0.016232 0.014400
0 0.677682 0.357163 0.016957 0.016438
0 0.882213 0.232250 0.014562 0.013114
0 0.758653 0.625464 0.021433 0.018213
0 0.989497 0.608673 0.015516 0.015760
0 0.924136 0.981801 0.019448 0.025667
0 0.642021 0.838778 0.016429 0.014344
0 0.934823 0.737634 0.017658 0.017434
0 0.624129 0.845262 0.016054 0.015340
0 0.422057 0.377591 0.019178 0.023233
0 0.494406 0.468809 0.019509 0.019390
0 0.519023 0.712190 0.015603 0.015743
0 0.502700 0.326882 0.019683 0.017277
0 0.598817 0.896202 0.020389 0.020206
0 0.930052 0.708137 0.018533 0.016107
0 0.246707 0.657635 0.014805 0.013450
0 0.409642 0.886026 0.014982 0.015878
0 0.969610 0.565021 0.019867 0.017353
0 0.717454 0.504029 0.018993 0.021997
0 0.492516 0.691335 0.022599 0.016614
0 0.980918 0.883150 0.016789 0.014329
0 0.856709 0.584863 0.016045 0.014634
0 0.971432 0.266107 0.016524 0.016333
0 0.316827 0.517494 0.017358 0.016192
0 0.927117 0.771098 0.016245 0.014666
0 0.395133 0.758454 0.014670 0.014492
0 0.300404 0.623256 0.014868 0.015065
0 0.853832 0.809423 0.017068 0.015064
0 0.794200 0.482151 0.015198 0.014119
0 0.324979 0.576510 0.014175 0.013756
0 0.393640 0.348489 0.017387 0.017001
0 0.441807 0.334352 0.020703 0.019006
0 0.925049 0.372640 0.015265 0.013804
0 0.272374 0.350732 0.021029 0.018073
0 0.371026 0.427879 0.019283 0.021189
0 0.746070 0.310304 0.019717 0.019123
0 0.868677 0.864247 0.017281 0.014846
0 0.911984 0.735571 0.015190 0.014399
0 0.950106 0.865620 0.015166 0.013846
0 0.647870 0.817299 0.017864 0.015948
0 0.981315 0.739330 0.014917 0.014090
0 0.357119 0.725365 0.014511 0.012185
0 0.370637 0.859044 0.014415 0.014283
0 0.465020 0.659924 0.015875 0.017230
0 0.624080 0.525128 0.017290 0.018680
0 0.232694 0.558631 0.018931 0.018630
0 0.688869 0.753165 0.015492 0.014721
0 0.672328 0.860366 0.020811 0.015666
0 0.980842 0.232550 0.015521 0.014743
0 0.320395 0.399191 0.020588 0.018088
0 0.627048 0.967187 0.020466 0.022312
0 0.993223 0.494863 0.013553 0.014110
0 0.436453 0.687519 0.016888 0.016107
0 0.414289 0.318922 0.015537 0.018053
0 0.374574 0.702501 0.015575 0.013204
0 0.834144 0.729273 0.015891 0.014868
0 0.284515 0.561253 0.019096 0.020955
0 0.835018 0.453577 0.016676 0.016703
0 0.220720 0.502458 0.018982 0.017500
0 0.551910 0.796129 0.019201 0.016078
0 0.386489 0.779562 0.014021 0.014138
0 0.957423 0.602704 0.020088 0.018329
0 0.292361 0.655975 0.016034 0.013876
0 0.994650 0.885604 0.010700 0.013835
0 0.704973 0.968345 0.014529 0.013045
0 0.979469 0.676224 0.019570 0.018003
0 0.499346 0.692967 0.021630 0.015086
0 0.637387 0.779439 0.019006 0.015357
0 0.927280 0.462385 0.016248 0.020382
0 0.773538 0.377709 0.020979 0.019197
0 0.832519 0.175126 0.015041 0.014341
0 0.392336 0.473424 0.016387 0.016874
0 0.553582 0.328663 0.017446 0.016230
0 0.358177 0.508931 0.017570 0.016633
0 0.416996 0.986079 0.013617 0.012659
0 0.558792 0.513326 0.018924 0.021738
0 0.763448 0.702634 0.021550 0.024744
0 0.396035 0.925025 0.019930 0.017504
0 0.447467 0.728179 0.015779 0.015061
0 0.861773 0.187417 0.016029 0.016362
0 0.966712 0.281103 0.015474 0.014506
0 0.907486 0.927129 0.018574 0.017481
0 0.726930 0.631131 0.018967 0.017952
0 0.340549 0.840062 0.011575 0.010965
0 0.657526 0.446767 0.015927 0.015948
0 0.931186 0.534349 0.019421 0.020962
0 0.413163 0.477769 0.016959 0.015736
0 0.472063 0.874381 0.014153 0.012692
0 0.438253 0.293270 0.019090 0.020682
0 0.336028 0.757518 0.013278 0.013010
0 0.511434 0.412732 0.016958 0.016432
0 0.750352 0.572853 0.018976 0.018584
0 0.831758 0.993778 0.019065 0.012309
0 0.889358 0.693472 0.013364 0.012977
0 0.748144 0.437133 0.015235 0.015291
0 0.698053 0.680189 0.019633 0.018046
0 0.898487 0.591023 0.015139 0.013945
0 0.321130 0.478512 0.017907 0.018930
0 0.624550 0.983271 0.019839 0.025841
0 0.675105 0.725467 0.019423 0.020229
0 0.527147 0.492012 0.021855 0.018866
0 0.471196 0.773685 0.016466 0.015713
0 0.720521 0.403615 0.014681 0.013968
0 0.580417 0.699371 0.014755 0.015766
1 0.205690 0.737647 0.042680 0.039431
0 0.970383 0.987210 0.020676 0.019815
0 0.312855 0.364150 0.026462 0.029052
0 0.276620 0.717837 0.013839 0.012650
0 0.636803 0.717061 0.016461 0.013592
0 0.490105 0.843939 0.013895 0.016929
0 0.955635 0.452686 0.014529 0.012166
0 0.542441 0.547878 0.023330 0.021810
0 0.796065 0.508473 0.014766 0.012604
0 0.504495 0.722009 0.015151 0.014116
0 0.942674 0.580932 0.016534 0.015195
0 0.443724 0.564815 0.017714 0.018121
0 0.404893 0.260057 0.019354 0.018534
0 0.241990 0.707603 0.012577 0.012046
0 0.489003 0.434212 0.016284 0.014549
0 0.455260 0.961564 0.018378 0.017273
0 0.740011 0.371360 0.014859 0.013039
0 0.487578 0.820097 0.013868 0.014518
0 0.721939 0.425967 0.020902 0.015539
0 0.678688 0.437589 0.016401 0.015054
0 0.960129 0.699523 0.013688 0.013845
0 0.770277 0.462210 0.018894 0.020281
0 0.501247 0.642037 0.015552 0.014873
0 0.994187 0.714285 0.011626 0.012373
0 0.348053 0.701309 0.015017 0.013156
0 0.623290 0.499869 0.017544 0.021604
0 0.781255 0.436913 0.015948 0.017760
0 0.460786 0.547933 0.016541 0.014504
0 0.585167 0.463427 0.019230 0.025632
0 0.384160 0.633147 0.016007 0.013588
0 0.809982 0.373075 0.015828 0.013192
0 0.647011 0.701955 0.018259 0.020117
0 0.964787 0.482545 0.018300 0.016218
0 0.565905 0.346583 0.016613 0.015588
0 0.990487 0.884215 0.015243 0.014369
0 0.397110 0.798966 0.012516 0.011506
0 0.214342 0.470067 0.020968 0.018679
0 0.962774 0.412600 0.015230 0.018132
0 0.369434 0.287180 0.018491 0.018498
0 0.531712 0.763944 0.013891 0.012683
0 0.372079 0.834468 0.012355 0.010233
0 0.847223 0.471394 0.016078 0.013680
0 0.783300 0.295387 0.015506 0.013120
1 0.260245 0.766164 0.062627 0.052932
0 0.517680 0.486769 0.021701 0.018278
0 0.584707 0.527868 0.015722 0.015344
0 0.468247 0.372408 0.020659 0.018698
0 0.730131 0.426364 0.022065 0.015262
0 0.746508 0.922287 0.015214 0.012912
0 0.931824 0.587383 0.016195 0.016163
0 0.657906 0.268193 0.030963 0.020893
0 0.911798 0.537245 0.015961 0.016520