0 0.565227 0.237516 0.011309 0.017526
0 0.382717 0.873259 0.011081 0.016220
0 0.577218 0.827612 0.010318 0.012946
0 0.630024 0.803498 0.009556 0.014586
0 0.605245 0.238306 0.013349 0.014838
0 0.509173 0.215068 0.012813 0.016179
0 0.313738 0.622621 0.009814 0.012650
0 0.559436 0.181099 0.012505 0.016678
0 0.231984 0.439847 0.009792 0.015812
0 0.540504 0.828095 0.009771 0.015063
0 0.559870 0.310480 0.011456 0.013076
0 0.438714 0.243196 0.012139 0.016102
0 0.658193 0.270777 0.013247 0.014688
0 0.447428 0.572160 0.009981 0.013344
0 0.421822 0.555964 0.009871 0.012195
0 0.392747 0.225195 0.010967 0.012455
0 0.594025 0.806206 0.010400 0.014255
0 0.328307 0.194981 0.012179 0.015635
0 0.697660 0.493290 0.009042 0.011833
0 0.420199 0.270361 0.010589 0.013240
0 0.633077 0.281300 0.012492 0.019308
0 0.666472 0.360689 0.010108 0.015123
0 0.421845 0.471511 0.009233 0.012150
0 0.584067 0.328993 0.010131 0.012753
0 0.714289 0.496751 0.010243 0.012989
0 0.654082 0.619907 0.008723 0.012963
0 0.231107 0.306279 0.016138 0.021276
0 0.516226 0.162190 0.012006 0.012908
0 0.698267 0.574033 0.010506 0.012722
0 0.586159 0.506243 0.010603 0.014089
0 0.538592 0.144239 0.011988 0.016801
0 0.618466 0.441085 0.013256 0.014975
0 0.483657 0.870697 0.010492 0.015044
0 0.590086 0.382290 0.008514 0.012162
0 0.510858 0.524020 0.009737 0.013197
0 0.358063 0.225111 0.009615 0.011782
0 0.467117 0.281663 0.007525 0.008193
0 0.434090 0.374857 0.010464 0.012256
0 0.525359 0.327382 0.008912 0.009975
0 0.215422 0.583972 0.008591 0.012054
0 0.538530 0.783859 0.009089 0.011740
0 0.202855 0.406862 0.013755 0.019603
0 0.278615 0.294768 0.010392 0.012659
0 0.341264 0.313838 0.012037 0.015279
0 0.351277 0.426708 0.009088 0.012724
0 0.381638 0.205856 0.013565 0.012888
0 0.593534 0.255705 0.013769 0.015259
0 0.528955 0.704872 0.007899 0.011136
0 0.371164 0.330889 0.010761 0.014019
0 0.310364 0.421594 0.010052 0.012667
0 0.384161 0.747379 0.006930 0.009534
0 0.580830 0.187341 0.013201 0.015639
0 0.381974 0.354658 0.010757 0.016552
0 0.466912 0.533409 0.009769 0.013687
0 0.230843 0.411653 0.008586 0.013070
0 0.451175 0.407701 0.009617 0.013359
0 0.496970 0.188107 0.008717 0.011100
0 0.299744 0.281391 0.009210 0.012935
0 0.482306 0.200892 0.009152 0.013751
0 0.459723 0.665642 0.009243 0.011009
0 0.664514 0.475872 0.008210 0.013006
0 0.407485 0.757020 0.007265 0.012194
0 0.520386 0.287486 0.009278 0.012523
0 0.440422 0.652181 0.008081 0.012439
0 0.386021 0.394784 0.011167 0.014045
0 0.498849 0.863320 0.010983 0.016570
0 0.581491 0.618614 0.011724 0.013048
0 0.373094 0.178754 0.012602 0.017096
0 0.371356 0.267786 0.008215 0.010493
0 0.392848 0.780285 0.007410 0.011046
0 0.193013 0.492051 0.011002 0.014539
0 0.325609 0.606930 0.011228 0.012931
0 0.364944 0.607975 0.008721 0.014701
0 0.597546 0.526317 0.010865 0.012100
0 0.648069 0.233421 0.011759 0.017242
0 0.493958 0.796107 0.006883 0.008669
0 0.477665 0.706434 0.007362 0.011105
0 0.597392 0.455991 0.010062 0.012791
0 0.428407 0.726448 0.008011 0.007648
0 0.397196 0.580533 0.010200 0.011931
0 0.646692 0.569776 0.009569 0.012973
0 0.445488 0.337099 0.010996 0.014116
0 0.671095 0.720760 0.008335 0.014740
0 0.444149 0.455112 0.010402 0.011296
0 0.609992 0.799063 0.012882 0.018086
0 0.503446 0.319341 0.008744 0.009781
0 0.541288 0.374372 0.011096 0.014587
0 0.440563 0.274280 0.011815 0.015808
0 0.608353 0.779921 0.009375 0.012195
0 0.391153 0.725676 0.006800 0.011792
0 0.381663 0.465337 0.010250 0.011347
0 0.722334 0.377845 0.015105 0.015783
0 0.602912 0.335536 0.008377 0.012631
0 0.375245 0.377086 0.009241 0.010558
0 0.451955 0.625217 0.009629 0.013130
0 0.570809 0.460132 0.010533 0.010510
0 0.695673 0.362205 0.008172 0.011500
0 0.396829 0.170364 0.007582 0.013339
0 0.580844 0.475194 0.009620 0.011385
0 0.423351 0.148014 0.007509 0.012043
0 0.591377 0.353148 0.011245 0.011606
0 0.257657 0.247543 0.010231 0.018138
0 0.398576 0.284293 0.011540 0.017742
0 0.555946 0.279885 0.009736 0.011958
0 0.537280 0.286560 0.012044 0.016263
0 0.692267 0.623941 0.011304 0.012464
0 0.632061 0.605148 0.009276 0.013432
0 0.620853 0.409529 0.008317 0.009470
0 0.601915 0.694947 0.008444 0.011529
0 0.370197 0.535091 0.008422 0.011998
0 0.335230 0.801066 0.007733 0.010120
0 0.454147 0.704245 0.007915 0.012400
0 0.369303 0.693623 0.008230 0.012683
0 0.676236 0.388667 0.008427 0.010520
0 0.485489 0.379873 0.011239 0.015909
0 0.454858 0.187524 0.006496 0.011353
0 0.357379 0.485493 0.011190 0.013234
0 0.440192 0.427693 0.008996 0.011904
0 0.372552 0.436715 0.009819 0.011939
0 0.713984 0.401029 0.011501 0.014405
0 0.402113 0.509543 0.011870 0.011687
0 0.585284 0.421078 0.008163 0.010482
0 0.330644 0.245947 0.015307 0.019287
0 0.491084 0.727575 0.007014 0.008713
0 0.414870 0.403190 0.009164 0.010488
0 0.449611 0.869725 0.010531 0.012497
0 0.535568 0.610804 0.010465 0.013968
0 0.384579 0.827860 0.009534 0.011445
0 0.502036 0.831817 0.007150 0.009582
0 0.561103 0.721730 0.007750 0.011633
0 0.580845 0.677463 0.007939 0.010908
0 0.625101 0.383696 0.010776 0.013970
0 0.478898 0.173318 0.007754 0.009685
0 0.481936 0.573392 0.007732 0.010168
0 0.499867 0.462587 0.009568 0.011265
0 0.457248 0.850440 0.008879 0.011199
0 0.660224 0.388422 0.013089 0.014207
0 0.427950 0.351458 0.010118 0.016294
0 0.641171 0.419433 0.013796 0.013902
0 0.703759 0.334729 0.013924 0.015617
0 0.561474 0.746606 0.009962 0.012519
0 0.495768 0.518842 0.008514 0.011613
0 0.492451 0.559454 0.008427 0.009930
0 0.351941 0.252289 0.009103 0.013856
0 0.385177 0.662307 0.006668 0.010083
0 0.469076 0.437586 0.010116 0.013867
0 0.572654 0.545843 0.010679 0.012345
0 0.407195 0.685771 0.008492 0.010471
0 0.544422 0.221316 0.011689 0.014025
0 0.519634 0.866012 0.010713 0.017968
0 0.178394 0.464466 0.009707 0.012428
0 0.277168 0.741482 0.007439 0.008637
0 0.561676 0.409680 0.011029 0.010961
0 0.335337 0.443380 0.009440 0.010781
0 0.540730 0.696679 0.007026 0.012126
0 0.421373 0.812825 0.009860 0.011196
0 0.565368 0.678366 0.006936 0.008054
0 0.655816 0.514622 0.011408 0.011371
0 0.541411 0.742294 0.007344 0.010882
0 0.395310 0.602797 0.008942 0.010885
0 0.428636 0.890621 0.012575 0.017250
0 0.645463 0.779369 0.010391 0.011895
0 0.678385 0.385336 0.008481 0.010015
0 0.364470 0.635147 0.011992 0.014892
0 0.463147 0.721897 0.007388 0.011270
0 0.611749 0.754296 0.008986 0.009804
0 0.692375 0.320949 0.009889 0.014415
0 0.428599 0.779965 0.008392 0.009964
0 0.520976 0.355821 0.008579 0.012159
0 0.516833 0.469598 0.008870 0.010078
0 0.349327 0.192907 0.010266 0.014306
0 0.359224 0.350983 0.007844 0.013806
0 0.518528 0.439973 0.014701 0.014834
0 0.214827 0.468043 0.008371 0.013217
0 0.558050 0.627493 0.010425 0.012698
0 0.683992 0.580460 0.007317 0.012778
0 0.625359 0.200354 0.010680 0.015207
0 0.476358 0.742151 0.007979 0.009029
0 0.615077 0.292351 0.009542 0.010710
0 0.438676 0.861624 0.011582 0.016142
0 0.404084 0.796083 0.006842 0.010425
0 0.345049 0.197476 0.009497 0.013461
0 0.519648 0.784222 0.009121 0.013786
0 0.462517 0.809028 0.007845 0.009131
0 0.725280 0.531173 0.009249 0.011136
0 0.452538 0.729455 0.009330 0.011756
0 0.558638 0.824673 0.012578 0.016592
0 0.431595 0.512112 0.008441 0.010159
0 0.656929 0.413831 0.010180 0.013695
0 0.596237 0.209520 0.009740 0.013303
0 0.666405 0.754488 0.007706 0.010444
0 0.403773 0.486817 0.010393 0.014365
0 0.531147 0.666217 0.009958 0.011224
0 0.227589 0.520654 0.008800 0.011215
0 0.548287 0.477211 0.012280 0.009383
0 0.384615 0.297210 0.008585 0.013695
0 0.517923 0.378010 0.010468 0.015085
0 0.478488 0.134186 0.013547 0.014039
0 0.467459 0.787444 0.009253 0.012644
0 0.463237 0.443735 0.012848 0.015341
0 0.697314 0.526924 0.009313 0.010892
0 0.529189 0.557603 0.009227 0.010709
0 0.417297 0.663480 0.008800 0.009414
0 0.532689 0.487468 0.017023 0.012992
0 0.611210 0.609939 0.010645 0.011106
0 0.518413 0.397813 0.010248 0.011981
0 0.346234 0.672481 0.007700 0.011586
0 0.373299 0.414722 0.008038 0.011654
0 0.663302 0.516749 0.009643 0.010647
0 0.358560 0.559202 0.009055 0.012777
0 0.372466 0.835104 0.007461 0.009440
0 0.383797 0.536192 0.009606 0.011780
0 0.646251 0.368633 0.007329 0.010207
0 0.737193 0.510193 0.006563 0.009290
0 0.253780 0.270828 0.008622 0.014190
0 0.314418 0.741174 0.005837 0.010887
0 0.613483 0.536728 0.010328 0.016996
0 0.560731 0.563293 0.010345 0.011959
0 0.464930 0.508487 0.011392 0.014253
0 0.485445 0.846400 0.010683 0.012944
0 0.451555 0.550022 0.008392 0.014582
0 0.348424 0.467083 0.009238 0.011328
0 0.428280 0.444688 0.009360 0.011539
0 0.463840 0.829452 0.005680 0.010315
0 0.340653 0.567966 0.008908 0.013634
0 0.469763 0.893630 0.010104 0.012801
0 0.339814 0.626819 0.007237 0.008806
0 0.540639 0.423248 0.013483 0.015838
0 0.442119 0.132835 0.013554 0.014287
0 0.594725 0.593615 0.012600 0.011247
0 0.329142 0.411551 0.009432 0.010995
0 0.582735 0.746311 0.008885 0.010688
0 0.470166 0.399628 0.010203 0.014715
0 0.670678 0.607330 0.009851 0.012819
0 0.367496 0.585915 0.009599 0.010411
0 0.492923 0.428869 0.007585 0.008305
0 0.477876 0.483901 0.007123 0.010039
0 0.402778 0.560196 0.007238 0.009611
0 0.382146 0.631781 0.009546 0.012448
0 0.509298 0.620533 0.007892 0.011393
0 0.406140 0.528230 0.008834 0.009332
0 0.573279 0.462563 0.011169 0.016430
0 0.429102 0.687440 0.007900 0.012493
0 0.581205 0.240979 0.012478 0.013931
0 0.540832 0.566756 0.008746 0.008552
0 0.452535 0.545464 0.008733 0.012568
0 0.467145 0.615950 0.011022 0.011591
0 0.319582 0.647369 0.008602 0.012404
0 0.413424 0.842941 0.011986 0.012486
0 0.502962 0.406443 0.010290 0.013464
0 0.399051 0.575720 0.009412 0.014578
0 0.534588 0.451838 0.008931 0.010314
0 0.384946 0.542983 0.008766 0.014563
0 0.520062 0.790335 0.010970 0.017615
0 0.571942 0.430831 0.007794 0.012255
0 0.320644 0.529631 0.008100 0.014288
0 0.324363 0.573012 0.012043 0.009215
0 0.397562 0.856729 0.013371 0.014429
0 0.688626 0.620011 0.011031 0.015850
0 0.486677 0.569428 0.011500 0.014890
0 0.592864 0.776434 0.008734 0.009770
0 0.560929 0.212626 0.011878 0.014372
0 0.503884 0.155534 0.009104 0.016752
0 0.497311 0.421807 0.008493 0.014746
0 0.610689 0.721442 0.007473 0.010377
0 0.309528 0.819917 0.008500 0.012035
0 0.390023 0.730325 0.007985 0.014978
0 0.522504 0.797846 0.007714 0.011693
0 0.250967 0.718279 0.005276 0.010221
0 0.570400 0.651245 0.007991 0.009933
0 0.709876 0.597061 0.008901 0.008797
0 0.292805 0.786532 0.008687 0.015585
0 0.582985 0.270785 0.010769 0.012147
0 0.597339 0.181646 0.012943 0.019522
0 0.319049 0.248415 0.015668 0.016791
0 0.213163 0.541184 0.007956 0.011898
0 0.465016 0.239194 0.011967 0.011079
0 0.624027 0.643091 0.010906 0.008800
0 0.243489 0.286522 0.013885 0.014824
0 0.276158 0.320058 0.011420 0.015396
0 0.453862 0.227701 0.011235 0.021535
0 0.666270 0.545569 0.008638 0.009264
0 0.547155 0.394244 0.009955 0.012825
0 0.594238 0.728643 0.008160 0.010759
0 0.214245 0.549666 0.008017 0.013695
0 0.356539 0.563927 0.009052 0.011181
0 0.287043 0.788158 0.010842 0.010734
0 0.382699 0.588865 0.009109 0.011434
0 0.475779 0.606387 0.010101 0.016786
0 0.372069 0.440277 0.014414 0.014433
0 0.476436 0.505632 0.009503 0.011891
0 0.464391 0.136496 0.010303 0.009831
0 0.596353 0.856642 0.009545 0.011026
0 0.565502 0.263950 0.009978 0.016906
0 0.453447 0.411231 0.012142 0.014555
0 0.521165 0.861254 0.010724 0.016048
0 0.301299 0.689265 0.009400 0.014217
0 0.520622 0.350632 0.007672 0.017240
0 0.482038 0.641185 0.007864 0.013368
0 0.539922 0.645905 0.006554 0.010644
0 0.701267 0.495334 0.016805 0.011934
0 0.430220 0.866002 0.012956 0.021410
0 0.377863 0.562431 0.008698 0.011971
0 0.480948 0.299279 0.008173 0.011768
0 0.386951 0.490055 0.014098 0.015216
0 0.486960 0.538189 0.010826 0.008979
0 0.623386 0.411793 0.013077 0.012702
0 0.567247 0.679940 0.011186 0.010917
0 0.181805 0.520521 0.010092 0.015344
0 0.471371 0.317712 0.008856 0.011906
0 0.543546 0.736902 0.008529 0.016976
0 0.513640 0.664679 0.012749 0.012978
0 0.310209 0.710053 0.008637 0.013354
0 0.625818 0.254201 0.006950 0.014208
0 0.732147 0.561459 0.007413 0.010502
0 0.741876 0.559297 0.006486 0.011119
0 0.752996 0.547251 0.006486 0.012973
0 0.336947 0.699216 0.006486 0.014208
0 0.325596 0.679757 0.011583 0.008648
0 0.509065 0.590802 0.006023 0.013590
0 0.513466 0.566401 0.005560 0.011737
0 0.563501 0.605553 0.005634 0.009859
0 0.602762 0.644755 0.005986 0.011268
0 0.624241 0.547807 0.005282 0.011737
0 0.549945 0.590060 0.007394 0.012676
0 0.362269 0.735131 0.006690 0.015493
0 0.400121 0.412038 0.004930 0.006103
0 0.413677 0.358751 0.005282 0.008451
0 0.461565 0.377061 0.005986 0.006573
0 0.534452 0.391050 0.006690 0.009390
0 0.349769 0.395511 0.007042 0.009859
0 0.337797 0.379548 0.004930 0.010798
0 0.346424 0.269219 0.006690 0.007042
0 0.398008 0.358421 0.005634 0.011737
0 0.368431 0.286121 0.008451 0.007042
0 0.381283 0.320628 0.006690 0.011268
0 0.499769 0.635835 0.006338 0.008451
0 0.299417 0.645459 0.009859 0.013615
0 0.403994 0.664708 0.006338 0.011737
1 0.277729 0.504108 0.043134 0.048122
1 0.478873 0.759390 0.022887 0.028169
1 0.664613 0.687793 0.031690 0.037559