1 0.343997 0.595496 0.039509 0.046060
1 0.249878 0.795888 0.039489 0.055246
1 0.295556 0.729877 0.040482 0.049311
0 0.266687 0.557637 0.011109 0.013645
0 0.517298 0.274461 0.014329 0.017121
0 0.542290 0.630478 0.012927 0.015241
1 0.605682 0.257432 0.039575 0.048246
0 0.335362 0.289968 0.014859 0.017723
0 0.290400 0.439072 0.014870 0.017619
0 0.367117 0.293754 0.013076 0.016694
0 0.438799 0.708123 0.010308 0.013051
0 0.589868 0.756885 0.014010 0.016543
0 0.498445 0.356442 0.014697 0.017703
0 0.500843 0.189847 0.014639 0.018351
1 0.659892 0.234984 0.058545 0.065754
0 0.626130 0.612657 0.010181 0.013957
0 0.616600 0.774937 0.012634 0.014688
0 0.621649 0.569923 0.012249 0.014157
0 0.628879 0.803644 0.014774 0.014623
0 0.632249 0.726574 0.012384 0.014964
1 0.299073 0.202657 0.041388 0.056352
0 0.606789 0.641501 0.012836 0.014829
0 0.332603 0.175756 0.013952 0.017733
0 0.321946 0.391265 0.015396 0.017037
0 0.539433 0.660598 0.011924 0.014506
0 0.339229 0.239085 0.015033 0.017775
0 0.496403 0.322716 0.016527 0.018614
0 0.467790 0.473073 0.012386 0.015273
0 0.191685 0.392960 0.016091 0.019356
0 0.578444 0.196795 0.012218 0.015637
0 0.578663 0.420043 0.013469 0.016760
0 0.592072 0.515180 0.014028 0.016624
0 0.273262 0.496842 0.014429 0.018939
0 0.594141 0.375280 0.015137 0.019610
0 0.297898 0.317250 0.015907 0.021779
0 0.381326 0.269662 0.013762 0.016548
0 0.348786 0.374117 0.016921 0.024579
0 0.431249 0.193366 0.015265 0.020518
0 0.386498 0.392398 0.015003 0.016401
0 0.569568 0.592133 0.014225 0.018883
0 0.271229 0.391074 0.014677 0.020182
0 0.227365 0.321465 0.014436 0.017405
0 0.445945 0.776777 0.010435 0.012630
0 0.420990 0.369730 0.014117 0.015221
0 0.561616 0.796050 0.012239 0.014973
0 0.505949 0.718292 0.011315 0.013528
0 0.389327 0.721415 0.013681 0.015362
0 0.315821 0.338278 0.013309 0.014068
0 0.244634 0.228765 0.015961 0.021234
0 0.550137 0.750556 0.012268 0.013677
0 0.463940 0.813018 0.013577 0.017987
0 0.394324 0.431316 0.013374 0.016175
0 0.369837 0.453667 0.014307 0.015384
0 0.470190 0.226378 0.013488 0.015644
0 0.268962 0.260921 0.013466 0.016438
0 0.417229 0.721684 0.010076 0.013529
0 0.667011 0.492035 0.012276 0.015537
0 0.579629 0.361657 0.012576 0.015906
0 0.385165 0.483093 0.011647 0.012925
0 0.465038 0.584742 0.012330 0.014944
0 0.246802 0.296052 0.016068 0.019888
0 0.246623 0.371837 0.013501 0.014486
0 0.578676 0.479315 0.012271 0.015095
0 0.427292 0.300835 0.015486 0.018647
0 0.417073 0.789135 0.012302 0.013874
0 0.501011 0.760085 0.011224 0.013815
0 0.411706 0.425754 0.013596 0.016675
0 0.713593 0.597743 0.012782 0.016073
0 0.374117 0.829099 0.014625 0.018266
0 0.490204 0.395522 0.016175 0.018672
0 0.454009 0.623607 0.010983 0.013280
0 0.511549 0.653895 0.011610 0.013523
0 0.519482 0.767403 0.011973 0.014386
0 0.351833 0.136239 0.014356 0.018096
0 0.596844 0.147259 0.013614 0.017657
0 0.383808 0.527463 0.011063 0.013280
0 0.420845 0.641385 0.012000 0.015364
0 0.192940 0.334533 0.015905 0.021062
0 0.233959 0.352765 0.015429 0.018108
0 0.733140 0.408988 0.016740 0.020335
0 0.491692 0.784672 0.011186 0.012513
0 0.567299 0.837530 0.013841 0.017795
0 0.662391 0.520544 0.011776 0.014836
0 0.255534 0.700894 0.013182 0.015007
0 0.217332 0.622148 0.010662 0.013139
0 0.390067 0.641217 0.010561 0.013152
0 0.685362 0.321690 0.015976 0.017100
0 0.472021 0.394270 0.017148 0.019320
0 0.680067 0.402991 0.011966 0.014483
0 0.479389 0.273082 0.013646 0.017800
0 0.438919 0.455572 0.012850 0.015304
0 0.527465 0.320464 0.014340 0.016505
0 0.469870 0.853860 0.020756 0.021976
0 0.201996 0.513002 0.011183 0.014376
0 0.233658 0.676681 0.012438 0.013323
0 0.553765 0.392247 0.018568 0.025850
0 0.667633 0.317836 0.014889 0.019753
0 0.511257 0.214882 0.016440 0.017504
0 0.252321 0.442997 0.012626 0.014639
0 0.516675 0.606424 0.013183 0.013086
0 0.645119 0.544947 0.011303 0.013134
0 0.524129 0.572769 0.014806 0.018179
0 0.693624 0.435676 0.011903 0.015087
0 0.449060 0.384983 0.013321 0.014697
0 0.389668 0.874204 0.014619 0.017497
0 0.412286 0.861449 0.012918 0.015819
0 0.572344 0.170257 0.013214 0.014272
0 0.539091 0.534324 0.012099 0.013711
0 0.274928 0.294715 0.012534 0.014909
0 0.562461 0.493870 0.012594 0.014489
0 0.403537 0.545326 0.010257 0.013920
0 0.315225 0.518298 0.010430 0.013102
0 0.522902 0.839859 0.011769 0.014915
0 0.693185 0.563057 0.012765 0.016982
0 0.618063 0.831612 0.013085 0.020513
0 0.608435 0.408095 0.014863 0.015871
0 0.489002 0.580794 0.011652 0.015381
0 0.530884 0.456809 0.011648 0.014197
0 0.552224 0.859941 0.012384 0.014482
0 0.678180 0.639791 0.012943 0.016442
0 0.395387 0.220092 0.018608 0.025593
0 0.404562 0.155340 0.014778 0.018198
0 0.636935 0.190289 0.013453 0.017363
0 0.624599 0.671786 0.012241 0.014124
0 0.223499 0.589477 0.014246 0.014565
0 0.739633 0.375572 0.015985 0.019471
0 0.608355 0.198821 0.011614 0.013914
0 0.304343 0.262216 0.012127 0.014129
0 0.709981 0.284860 0.013456 0.017839
0 0.332955 0.819041 0.012475 0.015270
0 0.588149 0.620289 0.010656 0.011723
0 0.411391 0.564848 0.010803 0.012656
0 0.422376 0.913527 0.019567 0.023405
0 0.314970 0.657302 0.013767 0.017688
0 0.708684 0.340838 0.014832 0.019433
0 0.240456 0.561976 0.013925 0.016709
0 0.520251 0.501798 0.014704 0.017483
0 0.237738 0.429180 0.010578 0.013556
0 0.154921 0.404811 0.017862 0.023943
0 0.567900 0.744409 0.010425 0.011390
0 0.428378 0.752796 0.010323 0.011452
0 0.429901 0.834818 0.012574 0.017449
0 0.577013 0.711163 0.010718 0.013646
0 0.255440 0.478218 0.012108 0.013690
0 0.329631 0.625234 0.011827 0.015203
0 0.646224 0.478098 0.011863 0.013472
0 0.580512 0.673557 0.010749 0.012616
0 0.738401 0.441903 0.013722 0.015813
0 0.494112 0.697061 0.011294 0.012861
0 0.484701 0.735633 0.010231 0.012641
0 0.299441 0.803950 0.016804 0.017707
1 0.455649 0.131228 0.018897 0.027156
0 0.353295 0.717244 0.016058 0.018331
0 0.516407 0.467545 0.013713 0.018423
0 0.574116 0.446595 0.011210 0.013463
0 0.468259 0.529167 0.012440 0.015750
0 0.425154 0.536212 0.011722 0.012693
0 0.351181 0.655819 0.012504 0.015751
0 0.290677 0.535044 0.010416 0.011795
0 0.544935 0.830542 0.015833 0.016719
0 0.492583 0.263130 0.012468 0.015704
0 0.679164 0.708728 0.011820 0.014641
0 0.307050 0.620996 0.010107 0.011982
0 0.298901 0.384163 0.012314 0.014526
0 0.256648 0.592060 0.013490 0.012040
0 0.597321 0.307497 0.014299 0.018876
0 0.360008 0.789945 0.014320 0.015106
0 0.604426 0.860271 0.013165 0.017058
0 0.377221 0.674411 0.015368 0.015348
0 0.341206 0.495698 0.010795 0.013925
0 0.458665 0.503401 0.011176 0.013410
0 0.450264 0.572846 0.011948 0.016217
0 0.619941 0.176556 0.012596 0.016518
0 0.725589 0.557151 0.012555 0.017279
0 0.524837 0.103966 0.014582 0.017811
0 0.590900 0.824062 0.017367 0.019640
0 0.492220 0.481205 0.013104 0.014989
0 0.444438 0.638014 0.011199 0.013285
0 0.416847 0.134565 0.012134 0.014868
0 0.413776 0.495513 0.019312 0.018299
0 0.295669 0.238470 0.012890 0.014024
0 0.541767 0.429371 0.011203 0.014537
0 0.421655 0.403344 0.012152 0.013131
0 0.425321 0.448286 0.012240 0.014254
0 0.401123 0.703349 0.009581 0.011025
0 0.357023 0.537870 0.012493 0.016893
0 0.490190 0.528824 0.015500 0.017787
0 0.408074 0.753020 0.012974 0.014058
0 0.379765 0.580070 0.009311 0.010173
0 0.693748 0.738040 0.015744 0.016368
0 0.637485 0.652667 0.010274 0.012571
0 0.433529 0.533484 0.013168 0.013134
0 0.638386 0.511484 0.011085 0.014221
0 0.492802 0.625357 0.011136 0.012698
0 0.395060 0.669229 0.010092 0.011179
0 0.175959 0.368997 0.013120 0.015805
0 0.488225 0.845250 0.012469 0.015621
0 0.394443 0.787313 0.013543 0.019469
0 0.706278 0.347636 0.015034 0.021888
0 0.684034 0.585867 0.014033 0.014762
0 0.474160 0.414647 0.014224 0.015243
0 0.238378 0.625205 0.010204 0.013474
0 0.353650 0.552806 0.012133 0.013252
0 0.233928 0.705764 0.010045 0.012524
0 0.393535 0.343193 0.012437 0.015265
0 0.536629 0.562018 0.014167 0.016708
0 0.355527 0.545856 0.013743 0.021340
0 0.309721 0.452714 0.011414 0.012745
0 0.250363 0.537050 0.009171 0.010935
0 0.190463 0.613875 0.009713 0.013086
0 0.451194 0.587409 0.009915 0.013665
0 0.510157 0.369385 0.011286 0.012708
0 0.303355 0.507458 0.010812 0.011557
0 0.608879 0.738632 0.011990 0.012789
0 0.704672 0.688150 0.010325 0.011127
0 0.178152 0.308611 0.014224 0.018491
0 0.234829 0.634090 0.011026 0.014202
0 0.565799 0.263721 0.011328 0.013625
0 0.695319 0.538032 0.013280 0.014055
0 0.664665 0.728899 0.012998 0.012994
0 0.469730 0.545477 0.011682 0.011410
0 0.479681 0.699094 0.011938 0.011942
0 0.707288 0.662215 0.011610 0.014756
0 0.336367 0.410404 0.013554 0.016709
0 0.611377 0.471987 0.011093 0.013326
0 0.444644 0.837048 0.011977 0.014388
0 0.411855 0.301153 0.013621 0.013748
0 0.473351 0.759489 0.009375 0.012612
0 0.574304 0.128650 0.013663 0.017115
0 0.415597 0.618671 0.011439 0.013822
0 0.684638 0.455927 0.009578 0.012448
0 0.714428 0.465845 0.010880 0.015459
0 0.541507 0.596643 0.010628 0.010722
0 0.226856 0.479313 0.013621 0.018367
0 0.419421 0.171198 0.012141 0.014487
0 0.262707 0.319551 0.011872 0.012646
0 0.230422 0.525742 0.011501 0.017080
0 0.347182 0.636530 0.013720 0.018567
0 0.183761 0.595180 0.009527 0.013044
0 0.643806 0.452845 0.009977 0.012435
0 0.659907 0.726476 0.018934 0.013376
0 0.323151 0.575318 0.011008 0.012352
0 0.460735 0.770732 0.009745 0.011640
0 0.297715 0.845967 0.011168 0.012362
0 0.484775 0.546734 0.011877 0.010824
0 0.245778 0.658640 0.008767 0.010843
0 0.709251 0.497737 0.009088 0.010111
0 0.346637 0.796762 0.010354 0.011583
0 0.440830 0.854127 0.011681 0.011348
0 0.420627 0.496882 0.013115 0.012704