1 0.657155 0.521692 0.071682 0.063623
0 0.405171 0.509456 0.018896 0.012966
0 0.544363 0.466940 0.017515 0.012082
0 0.488215 0.489908 0.018905 0.012376
0 0.239763 0.444337 0.018724 0.013312
0 0.196753 0.553836 0.017810 0.012564
0 0.187070 0.753325 0.018019 0.011799
0 0.568650 0.482968 0.017088 0.011349
0 0.579922 0.704269 0.016386 0.011460
0 0.197721 0.708445 0.018532 0.012992
0 0.235838 0.492956 0.020253 0.015138
0 0.302365 0.498125 0.018322 0.013020
0 0.263289 0.727586 0.018871 0.012680
0 0.277008 0.809558 0.017887 0.012406
0 0.330281 0.582667 0.017343 0.011472
0 0.239450 0.565028 0.016913 0.010626
0 0.256781 0.417064 0.017575 0.013009
0 0.609916 0.568602 0.017531 0.011878
0 0.179006 0.570493 0.016396 0.012182
0 0.382588 0.407856 0.021142 0.015913
0 0.130492 0.616090 0.017999 0.011934
0 0.185090 0.786875 0.016575 0.011764
0 0.152991 0.545471 0.018510 0.012618
0 0.333007 0.773763 0.016139 0.011836
0 0.459706 0.412576 0.018922 0.012825
0 0.541234 0.504200 0.017180 0.011156
0 0.622683 0.463101 0.016280 0.010433
0 0.135411 0.516889 0.018532 0.012067
0 0.545477 0.561032 0.016778 0.011781
0 0.529553 0.425598 0.018534 0.012778
0 0.269257 0.764003 0.017730 0.011087
0 0.441946 0.447039 0.017848 0.013085
0 0.609220 0.747825 0.017774 0.012411
0 0.313667 0.623462 0.017658 0.013304
0 0.643621 0.695473 0.016225 0.011292
0 0.122518 0.682870 0.016829 0.012071
0 0.447066 0.575231 0.017085 0.011018
0 0.528785 0.679784 0.018005 0.011500
0 0.430977 0.414301 0.017097 0.011048
0 0.472019 0.562157 0.016914 0.010945
0 0.339829 0.808004 0.017432 0.012594
0 0.171657 0.600273 0.018986 0.012892
0 0.400239 0.564634 0.017105 0.010688
0 0.104675 0.595464 0.016268 0.011587
0 0.230515 0.770828 0.019031 0.013485
0 0.340875 0.458706 0.019044 0.013789
0 0.286124 0.663356 0.018168 0.013251
0 0.580793 0.428111 0.017124 0.012736
0 0.309877 0.826245 0.017044 0.011217
0 0.415832 0.760703 0.017292 0.012304
0 0.370577 0.822118 0.019711 0.013400
0 0.440666 0.539025 0.017305 0.012363
0 0.594860 0.589539 0.016830 0.010831
0 0.546487 0.393147 0.018965 0.013639
0 0.672594 0.418949 0.016309 0.010844
0 0.351493 0.639260 0.017937 0.012080
0 0.263763 0.673175 0.016245 0.010741
0 0.576895 0.593809 0.017326 0.012072
0 0.145107 0.783731 0.015487 0.010406
0 0.336669 0.618049 0.015986 0.011001
0 0.382592 0.593980 0.019275 0.013273
1 0.080211 0.621822 0.058744 0.035446
0 0.396620 0.737240 0.018828 0.014072
0 0.580853 0.390173 0.020396 0.012787
0 0.310457 0.407732 0.021162 0.014792
0 0.338184 0.601479 0.017087 0.012621
0 0.605679 0.538849 0.015554 0.009709
0 0.521160 0.558117 0.017104 0.011393
0 0.437887 0.471510 0.017015 0.012032
0 0.595655 0.497364 0.016958 0.012121
0 0.307478 0.540233 0.020881 0.015104
0 0.421018 0.546211 0.017991 0.013315
0 0.585119 0.441451 0.015323 0.010804
0 0.272683 0.449968 0.017570 0.012788
0 0.338775 0.790984 0.015437 0.009557
0 0.330031 0.659224 0.015726 0.010122
0 0.332257 0.548748 0.018658 0.012577
0 0.621118 0.719160 0.017829 0.011752
0 0.144477 0.599907 0.017308 0.012368
0 0.502956 0.540752 0.015464 0.009881
0 0.482374 0.704427 0.023377 0.017793
0 0.262278 0.643433 0.018009 0.014234
0 0.660743 0.444141 0.016436 0.009636
0 0.544465 0.535282 0.017056 0.013336
0 0.556069 0.726856 0.017159 0.010659
0 0.316305 0.638928 0.015459 0.009602
0 0.393050 0.634456 0.019427 0.014334
1 0.325433 0.858370 0.070219 0.031273
0 0.747805 0.460114 0.015838 0.011212
0 0.277946 0.690439 0.016043 0.010522
0 0.694191 0.633375 0.016173 0.010343
0 0.667581 0.622804 0.018769 0.012986
0 0.377817 0.368880 0.018131 0.012659
0 0.291001 0.466195 0.019030 0.013992
0 0.516570 0.527061 0.015794 0.010382
0 0.296587 0.698387 0.018175 0.012166
0 0.589332 0.602938 0.015948 0.009012
0 0.375626 0.783199 0.016953 0.011375
0 0.657949 0.588852 0.016273 0.010724
0 0.372244 0.553257 0.018314 0.013222
0 0.607806 0.663264 0.015515 0.010634
0 0.749558 0.445363 0.015650 0.011542
0 0.678290 0.482301 0.015143 0.010279
0 0.714530 0.648731 0.014906 0.010641
0 0.487041 0.607141 0.022042 0.017028
0 0.466544 0.636427 0.013738 0.010131
0 0.464532 0.663797 0.018385 0.015622
0 0.697882 0.429207 0.014564 0.010263
0 0.496934 0.425483 0.019562 0.013217
0 0.365873 0.571581 0.021201 0.013202
0 0.388408 0.462557 0.019211 0.013813
1 0.533099 0.339742 0.031635 0.027019
0 0.377179 0.601615 0.019162 0.013548
0 0.771604 0.498560 0.021195 0.014181
0 0.367100 0.656188 0.018179 0.012607
0 0.460968 0.508726 0.017759 0.012473
0 0.373720 0.605679 0.015228 0.010620
0 0.172247 0.501999 0.020439 0.014355
0 0.572359 0.528435 0.018400 0.012221
0 0.236766 0.603802 0.014763 0.009721
0 0.625954 0.675747 0.013152 0.008767
0 0.145157 0.745646 0.014122 0.008978
0 0.644979 0.778379 0.014312 0.009137
0 0.344531 0.827849 0.018075 0.017253
0 0.557396 0.791035 0.015758 0.009730
0 0.496954 0.829563 0.016593 0.011233
0 0.237708 0.545326 0.014119 0.010280
0 0.336889 0.411068 0.016893 0.014321
0 0.156218 0.798226 0.014827 0.009233
0 0.676837 0.703537 0.015963 0.010326
0 0.567603 0.773572 0.015177 0.011072
0 0.257138 0.838689 0.015703 0.009896
0 0.562574 0.719562 0.016406 0.012370
0 0.603153 0.436045 0.014444 0.008956
0 0.738596 0.484451 0.014685 0.010383
0 0.588425 0.629134 0.013492 0.008400
0 0.484883 0.389123 0.016504 0.012552
0 0.510707 0.670385 0.016339 0.011072
0 0.446606 0.388791 0.012756 0.008522
0 0.211048 0.813438 0.014920 0.009056
0 0.742832 0.529865 0.015124 0.010500
0 0.540977 0.659691 0.018633 0.013365
0 0.393590 0.808640 0.019457 0.012678
0 0.339040 0.608457 0.020448 0.020723