1 0.821807 0.594130 0.063191 0.045602
0 0.382989 0.304775 0.028750 0.017675
0 0.348498 0.527795 0.024599 0.017000
0 0.447132 0.427043 0.025931 0.019474
0 0.567983 0.368629 0.019665 0.013523
0 0.578157 0.611900 0.027209 0.019811
0 0.732554 0.332988 0.023052 0.017534
0 0.547353 0.802458 0.018771 0.012484
0 0.448012 0.340492 0.018236 0.012809
0 0.633349 0.377162 0.023692 0.018731
0 0.395442 0.362212 0.024849 0.017196
0 0.459036 0.509639 0.023705 0.018415
0 0.359656 0.344119 0.020105 0.015004
0 0.492577 0.594136 0.023828 0.016955
0 0.132562 0.457989 0.022372 0.015515
0 0.812918 0.382254 0.021396 0.016244
0 0.790618 0.450029 0.021151 0.015416
0 0.428473 0.723379 0.018114 0.012034
0 0.853550 0.443458 0.021705 0.017279
0 0.712148 0.349746 0.020780 0.013441
0 0.686830 0.708728 0.018386 0.013685
0 0.511851 0.887366 0.028203 0.020692
0 0.547171 0.467660 0.021779 0.015770
0 0.490515 0.492955 0.020620 0.014825
0 0.147648 0.545775 0.018349 0.012669
0 0.318852 0.356612 0.017358 0.012110
0 0.498926 0.273499 0.019075 0.014368
0 0.504509 0.778539 0.017360 0.011797
0 0.571637 0.271226 0.017698 0.012320
0 0.722693 0.727015 0.021107 0.014125
0 0.498689 0.520148 0.020904 0.014489
0 0.418272 0.310820 0.020286 0.014681
0 0.611146 0.285411 0.020453 0.015062
0 0.865150 0.482186 0.019588 0.014106
0 0.660426 0.304261 0.021223 0.013533
0 0.176303 0.578991 0.017933 0.012103
0 0.306409 0.622164 0.025052 0.017596
0 0.543056 0.558417 0.024730 0.018373
0 0.399215 0.735037 0.021070 0.014522
0 0.373716 0.437530 0.030409 0.021204
0 0.525601 0.708178 0.018921 0.013572
0 0.382126 0.654018 0.021380 0.014946
0 0.347570 0.771653 0.019553 0.014066
0 0.686526 0.745394 0.018291 0.014698
0 0.736421 0.570878 0.027282 0.019305
0 0.721889 0.529457 0.024467 0.016972
0 0.600888 0.683791 0.017944 0.011969
0 0.436375 0.685806 0.017625 0.012260
0 0.585191 0.700536 0.020114 0.015710
0 0.676539 0.487563 0.020854 0.015246
0 0.651305 0.557183 0.018515 0.013587
0 0.694514 0.524729 0.023251 0.016875
0 0.630847 0.861834 0.024065 0.016751
0 0.587128 0.456847 0.028418 0.019387
0 0.576379 0.783636 0.019456 0.012929
0 0.575946 0.855474 0.029178 0.017196
0 0.713378 0.786426 0.019757 0.012889
0 0.231145 0.388881 0.020845 0.013841
0 0.556133 0.839833 0.018022 0.010985
0 0.272807 0.710881 0.016288 0.011449
0 0.821050 0.642001 0.019602 0.013555
0 0.213235 0.672022 0.019315 0.012695
0 0.421076 0.666742 0.018598 0.012643
0 0.283206 0.543828 0.027495 0.018237
0 0.527103 0.311601 0.017876 0.014264
0 0.640386 0.616529 0.021963 0.018906
0 0.443492 0.655763 0.023733 0.018704
0 0.348962 0.637626 0.019456 0.012456
0 0.633153 0.407821 0.020595 0.014042
0 0.331689 0.708403 0.020622 0.013971
0 0.505657 0.613363 0.020030 0.013150
0 0.238875 0.646694 0.023016 0.015051
0 0.445782 0.804310 0.022558 0.014762
0 0.177991 0.673544 0.015829 0.011019
0 0.472551 0.862771 0.020186 0.014692
0 0.690675 0.622927 0.022288 0.015506
0 0.192711 0.504039 0.021038 0.015110
0 0.474260 0.294895 0.017113 0.013954
0 0.172235 0.448028 0.019714 0.015250
0 0.553692 0.867757 0.018157 0.013882
0 0.261440 0.741106 0.015903 0.010536
0 0.812754 0.465317 0.018259 0.012304
0 0.624469 0.796938 0.026486 0.020338
0 0.446947 0.740998 0.017281 0.011363
0 0.597273 0.492488 0.022314 0.012874
0 0.428193 0.528679 0.019221 0.012258
0 0.586314 0.414877 0.019211 0.014522
0 0.218309 0.733636 0.018721 0.016025
0 0.770376 0.552249 0.017497 0.012324
0 0.255768 0.689033 0.020146 0.014767
0 0.236131 0.356173 0.019220 0.012760
0 0.731051 0.778133 0.019548 0.012602
0 0.690214 0.815944 0.019433 0.013774
0 0.568322 0.712886 0.019165 0.012021
0 0.425286 0.621063 0.020103 0.016426
0 0.763958 0.590484 0.022025 0.014498
0 0.821526 0.683880 0.018633 0.014256
0 0.281726 0.501869 0.019512 0.014582
0 0.398651 0.400986 0.023586 0.015129
0 0.819474 0.440423 0.018423 0.013010
0 0.291460 0.641645 0.015922 0.009828
0 0.204191 0.619526 0.015290 0.010525
0 0.277158 0.623016 0.015093 0.010271
0 0.734237 0.391663 0.018865 0.013751
0 0.254117 0.768305 0.022738 0.019580
0 0.208580 0.412229 0.014779 0.010195
0 0.143641 0.583756 0.015570 0.011094
0 0.377212 0.465607 0.019435 0.012566
0 0.200662 0.716228 0.016847 0.011106
0 0.512852 0.362533 0.018226 0.013862
0 0.727068 0.450945 0.019124 0.014569
0 0.787792 0.679600 0.017750 0.013866
0 0.534103 0.283203 0.015943 0.012481
0 0.499833 0.834556 0.016681 0.013289
0 0.476557 0.360268 0.016799 0.012919
0 0.565183 0.814908 0.015967 0.009801
0 0.372536 0.608905 0.014664 0.010250
0 0.509152 0.811453 0.033839 0.019651
0 0.561183 0.669198 0.015136 0.010285
0 0.296080 0.787555 0.015593 0.009656
0 0.703222 0.759205 0.015819 0.011301
0 0.752400 0.637971 0.017635 0.012787
0 0.223711 0.372821 0.019297 0.012277
0 0.694800 0.315093 0.023766 0.018854
0 0.406512 0.274964 0.017314 0.011496
0 0.290766 0.540967 0.023789 0.016705
0 0.344322 0.459083 0.017961 0.012704
0 0.907835 0.537748 0.017519 0.013615
0 0.462881 0.540737 0.018078 0.010831
0 0.492534 0.741731 0.014183 0.009350
0 0.662108 0.413051 0.020702 0.015110
0 0.868246 0.567945 0.029988 0.023309
0 0.579373 0.895221 0.022941 0.014343
0 0.344617 0.736822 0.014961 0.009919
0 0.225373 0.559049 0.016712 0.013866
0 0.239515 0.415221 0.016412 0.010644
0 0.724189 0.781841 0.037244 0.018387
0 0.760291 0.673948 0.014319 0.009587
0 0.687835 0.610388 0.021449 0.017747
0 0.413039 0.553092 0.017033 0.011449
0 0.632041 0.646867 0.016249 0.011065
0 0.173541 0.472495 0.014926 0.010299
0 0.104245 0.558981 0.017121 0.012516
0 0.198451 0.767902 0.018321 0.012294
0 0.589527 0.723297 0.015208 0.010075
0 0.772381 0.534046 0.015330 0.010684
0 0.528595 0.821049 0.017591 0.011112
0 0.398613 0.384972 0.018236 0.016604
0 0.555165 0.527158 0.015407 0.009982