1 0.369775 0.786382 0.041740 0.054671
1 0.292844 0.694662 0.046147 0.061300
1 0.170306 0.647427 0.051187 0.064761
1 0.648540 0.512904 0.039302 0.048778
1 0.449847 0.611155 0.040200 0.053661
1 0.273474 0.849928 0.035754 0.052177
1 0.660603 0.666834 0.037329 0.048513
1 0.675317 0.571379 0.044943 0.067896
1 0.266092 0.397897 0.037571 0.048416
1 0.243183 0.753236 0.033286 0.040205
1 0.188864 0.910690 0.037948 0.049754
1 0.512940 0.434875 0.033098 0.044485
0 0.198000 0.721887 0.012844 0.015118
0 0.516089 0.802528 0.011219 0.013294
0 0.465661 0.430351 0.014207 0.018936
0 0.325114 0.868904 0.012292 0.014734
0 0.439076 0.688724 0.012738 0.015097
0 0.408497 0.709991 0.012660 0.015626
0 0.227231 0.447902 0.012623 0.015927
0 0.379368 0.823608 0.012634 0.013952
0 0.210606 0.776166 0.011816 0.014544
0 0.387633 0.692761 0.011532 0.014819
0 0.435679 0.560056 0.013356 0.015177
0 0.303832 0.818991 0.010912 0.012469
0 0.364539 0.509304 0.014642 0.018252
0 0.304223 0.384814 0.014633 0.017490
0 0.485240 0.686419 0.016221 0.020641
0 0.378349 0.430070 0.016477 0.021676
1 0.513187 0.651916 0.030833 0.040391
0 0.436743 0.719092 0.012553 0.015006
0 0.458020 0.687165 0.012939 0.014425
0 0.292735 0.461323 0.013290 0.016370
0 0.514038 0.470923 0.012187 0.015001
1 0.410786 0.275664 0.035275 0.044212
1 0.608789 0.843149 0.037816 0.052258
0 0.288072 0.894856 0.011301 0.014478
0 0.410892 0.515423 0.013560 0.016020
0 0.456650 0.956131 0.012745 0.014787
0 0.388142 0.547140 0.012884 0.015332
0 0.238670 0.516777 0.013979 0.017395
0 0.347140 0.430423 0.012831 0.015508
0 0.249936 0.462357 0.013392 0.017781
0 0.559253 0.538623 0.012722 0.015378
0 0.552297 0.849565 0.011381 0.013778
1 0.328889 0.642664 0.038181 0.047424
0 0.340559 0.468283 0.015336 0.016555
0 0.533486 0.846762 0.011517 0.014196
0 0.504545 0.622390 0.011498 0.014290
0 0.271350 0.780201 0.011870 0.014324
0 0.279737 0.286685 0.013148 0.016470
1 0.272750 0.605099 0.043877 0.050432
0 0.585627 0.616731 0.012642 0.014543
0 0.422352 0.359520 0.012844 0.015639
0 0.373771 0.601105 0.012283 0.014360
0 0.382592 0.473640 0.013047 0.015319
0 0.388808 0.385072 0.012718 0.015505
0 0.283313 0.359017 0.012292 0.014841
0 0.445798 0.514340 0.015049 0.018567
0 0.532265 0.538306 0.012810 0.014724
0 0.316448 0.485654 0.013574 0.017972
0 0.373397 0.744787 0.012139 0.014835
0 0.544483 0.566222 0.013046 0.014176
0 0.367298 0.668061 0.013735 0.016488
1 0.612025 0.359488 0.057890 0.070355
1 0.697226 0.683144 0.023217 0.053270
0 0.636472 0.703920 0.011573 0.013502
0 0.238375 0.919024 0.011082 0.012930
0 0.608805 0.455026 0.011825 0.014542
0 0.343490 0.551278 0.015564 0.019684
0 0.480201 0.762841 0.012218 0.014163
0 0.487073 0.789840 0.009690 0.012246
0 0.570885 0.590217 0.011280 0.013303
0 0.370875 0.575628 0.012573 0.014818
0 0.280925 0.813096 0.011113 0.012706
0 0.572507 0.342104 0.011673 0.014365
0 0.454993 0.888854 0.011694 0.014401
0 0.359073 0.859841 0.011668 0.013657
0 0.316989 0.971385 0.011365 0.013266
1 0.624571 0.778835 0.049487 0.047663
0 0.508902 0.534416 0.014962 0.017534
0 0.269548 0.953098 0.013144 0.015126
0 0.414474 0.415485 0.013958 0.019267
0 0.460374 0.304377 0.011703 0.014025
0 0.419035 0.788198 0.013697 0.017774
0 0.359445 0.399635 0.011790 0.014831
0 0.332183 0.744030 0.011679 0.013805
0 0.343970 0.354766 0.011729 0.013843
0 0.393086 0.516476 0.013761 0.015500
0 0.477874 0.621767 0.011568 0.012903
0 0.489358 0.984117 0.012913 0.015385
0 0.486901 0.599463 0.012063 0.016016
0 0.242760 0.662097 0.011526 0.013779
0 0.291533 0.971865 0.010313 0.013403
0 0.495300 0.939071 0.011995 0.015892
0 0.349178 0.322938 0.011951 0.014873
0 0.567464 0.814311 0.011893 0.016910
0 0.549507 0.626985 0.014627 0.018467
0 0.367100 0.325479 0.012327 0.015071
0 0.600164 0.412524 0.010552 0.014290
0 0.416612 0.956081 0.013855 0.016863
0 0.251553 0.780220 0.012033 0.013110
1 0.500859 0.268720 0.029639 0.033901
0 0.432916 0.906590 0.011082 0.013652
0 0.403963 0.676756 0.010996 0.012716
0 0.266463 0.730831 0.011466 0.014350
0 0.565226 0.317562 0.012460 0.015627
0 0.452482 0.922240 0.010283 0.011656
0 0.114556 0.601121 0.012480 0.016768
0 0.328443 0.315076 0.011941 0.016227
0 0.246107 0.881298 0.010517 0.012919
0 0.505340 0.617894 0.012427 0.010363
0 0.496352 0.916090 0.010671 0.013325
0 0.342539 0.713641 0.011569 0.015139
0 0.365994 0.467144 0.013751 0.015974
0 0.419873 0.770242 0.011225 0.013820
0 0.581651 0.372375 0.011147 0.013227
0 0.568934 0.500866 0.010823 0.013783
0 0.633818 0.576205 0.009967 0.012582
0 0.557588 0.567175 0.014810 0.013886
0 0.620717 0.665904 0.011089 0.012528
0 0.372250 0.859594 0.010978 0.012152
0 0.510285 0.854956 0.014745 0.022333
0 0.434537 0.815302 0.012872 0.016172
0 0.579721 0.787313 0.009595 0.011055
0 0.466452 0.937165 0.011749 0.012391
0 0.340472 0.953179 0.012959 0.015039
1 0.614842 0.819002 0.035849 0.048620
0 0.614184 0.561436 0.010057 0.012812
0 0.391215 0.976003 0.015541 0.016188
0 0.490766 0.421253 0.011026 0.013305
1 0.630539 0.779734 0.028489 0.036672
0 0.590989 0.561385 0.010350 0.013306
0 0.224641 0.796340 0.011140 0.012849
0 0.208892 0.397243 0.012030 0.013786
0 0.171826 0.695432 0.011087 0.012971
0 0.428527 0.322014 0.012130 0.015091
0 0.205031 0.851303 0.013752 0.016074
0 0.559222 0.389773 0.010664 0.013268
0 0.528703 0.918227 0.012493 0.015375
1 0.611847 0.820871 0.042558 0.100915
0 0.353757 0.911638 0.010409 0.013005
0 0.509965 0.878199 0.011797 0.012512
0 0.462364 0.255902 0.013545 0.015309
0 0.347028 0.742311 0.012406 0.011313
0 0.301971 0.992041 0.011471 0.012131
0 0.247944 0.839849 0.010064 0.012603
0 0.519651 0.988783 0.011513 0.013187
0 0.147647 0.557693 0.011678 0.014260
0 0.434088 0.877105 0.009794 0.011638
0 0.297409 0.641533 0.010450 0.013132
0 0.352551 0.762654 0.013334 0.014208
1 0.350570 0.245320 0.027287 0.025988
0 0.123188 0.665531 0.011976 0.014004
0 0.174875 0.413090 0.011935 0.015293
0 0.552542 0.686692 0.011108 0.013669
0 0.604091 0.512348 0.011100 0.013841
0 0.392607 0.498835 0.012300 0.015361
0 0.599490 0.591103 0.014333 0.014576
1 0.616475 0.794443 0.064964 0.089472
1 0.604241 0.770591 0.053300 0.058166
0 0.346044 0.300904 0.011171 0.015253
0 0.239630 0.338103 0.011334 0.014307
0 0.396312 0.773122 0.011698 0.013343
0 0.154834 0.691436 0.011520 0.014321
0 0.419879 0.334107 0.011080 0.014681
0 0.195019 0.527438 0.011812 0.013323
0 0.543347 0.745710 0.013229 0.012350
0 0.503025 0.975750 0.011849 0.013579
0 0.614944 0.614918 0.010389 0.013676
0 0.385261 0.948565 0.015037 0.012979
0 0.402233 0.856926 0.011399 0.012190
0 0.193999 0.352691 0.014376 0.016633
0 0.534883 0.413935 0.011495 0.012617
0 0.543220 0.873065 0.011333 0.013254
0 0.603104 0.384869 0.012188 0.013870
0 0.583189 0.427816 0.010898 0.012718
0 0.424029 0.381112 0.011169 0.012690
0 0.363362 0.897847 0.011271 0.014820
0 0.655873 0.548846 0.007870 0.010700
0 0.446773 0.779407 0.011106 0.014297
0 0.530487 0.333868 0.012323 0.017026
0 0.361251 0.994639 0.013210 0.010722
0 0.290777 0.992251 0.012810 0.011841
0 0.477218 0.706853 0.011415 0.010954
0 0.485151 0.561008 0.010911 0.012239
0 0.185306 0.754660 0.010670 0.011550
0 0.414857 0.994513 0.012700 0.009791
0 0.364698 0.969310 0.012272 0.013524
0 0.392340 0.509878 0.016662 0.023037
0 0.113256 0.557791 0.017220 0.016535