0 0.320147 0.565529 0.027739 0.018637
1 0.256247 0.755819 0.042789 0.033031
0 0.509492 0.657670 0.028875 0.021941
0 0.299151 0.797139 0.030711 0.021655
1 0.449595 0.499838 0.049077 0.035169
0 0.358173 0.899349 0.040513 0.029389
0 0.287820 0.490430 0.019949 0.014419
0 0.285929 0.650532 0.020835 0.016904
0 0.290611 0.669297 0.021633 0.015776
0 0.422085 0.919634 0.035807 0.027322
0 0.315049 0.659950 0.021208 0.015860
1 0.603279 0.400687 0.037576 0.020816
1 0.196806 0.840105 0.049091 0.036405
0 0.992917 0.892867 0.014165 0.014562
0 0.518789 0.731921 0.021232 0.015078
0 0.360398 0.469796 0.020260 0.014706
0 0.504420 0.758623 0.020983 0.015907
0 0.580272 0.727969 0.020174 0.013111
0 0.345043 0.654200 0.023336 0.015677
0 0.537857 0.691378 0.020567 0.014325
0 0.287819 0.718513 0.018067 0.013059
0 0.313073 0.520543 0.030286 0.022387
0 0.631993 0.488677 0.022039 0.018153
0 0.678786 0.503693 0.021019 0.014173