0 0.366299 0.466625 0.027715 0.020488
0 0.597316 0.519280 0.025556 0.018620
0 0.301499 0.630211 0.026265 0.017475
0 0.263745 0.677614 0.027958 0.019125
0 0.553165 0.610192 0.026056 0.019853
0 0.525925 0.760287 0.027655 0.020049
0 0.615650 0.579349 0.022945 0.016098
0 0.659269 0.558337 0.025299 0.019334
0 0.457822 0.820905 0.026948 0.020070
0 0.387327 0.592003 0.028843 0.019497
0 0.194604 0.906482 0.025456 0.018110
0 0.278623 0.884314 0.029363 0.020926
0 0.122720 0.584849 0.025931 0.019720
0 0.213299 0.492252 0.032133 0.021059
0 0.355606 0.433159 0.020166 0.015352
0 0.287053 0.795880 0.026441 0.019830
0 0.462791 0.923372 0.026172 0.018915
0 0.436587 0.445792 0.020333 0.015512
0 0.171877 0.554875 0.028303 0.019669
0 0.019766 0.637815 0.023990 0.017361
0 0.271841 0.539223 0.029442 0.021156
0 0.486988 0.382286 0.021900 0.016061
0 0.385502 0.446872 0.020762 0.014923
0 0.542013 0.789227 0.028721 0.018917
0 0.134911 0.845816 0.023460 0.017327
0 0.202539 0.756947 0.025712 0.018859
0 0.055272 0.660741 0.025803 0.019396
0 0.273941 0.410573 0.020395 0.014510
0 0.622384 0.727261 0.030152 0.023613
0 0.427502 0.967616 0.034536 0.026879
0 0.479905 0.947592 0.028488 0.019453
0 0.644602 0.860490 0.031312 0.022669
0 0.612388 0.756639 0.027084 0.019238
0 0.294671 0.660337 0.022103 0.015445
0 0.171089 0.761898 0.029650 0.019243
0 0.093523 0.667482 0.018135 0.012427
0 0.584820 0.576158 0.022533 0.016682
1 0.712055 0.667080 0.041319 0.034219
0 0.229403 0.521842 0.022102 0.015321
0 0.743985 0.595126 0.020455 0.014791
0 0.043411 0.566450 0.025896 0.019556
0 0.671324 0.673770 0.023168 0.016224
0 0.586810 0.434470 0.020345 0.015265
0 0.424697 0.512577 0.030568 0.021421
0 0.363694 0.376118 0.018839 0.012678
0 0.371620 0.619281 0.020301 0.014330
0 0.196429 0.687595 0.024575 0.018996
0 0.160768 0.676271 0.036881 0.025196
0 0.255120 0.516068 0.022232 0.015221
0 0.138881 0.781166 0.017869 0.012842
0 0.754186 0.653567 0.021871 0.015151
0 0.419376 0.518543 0.029973 0.021692
0 0.333316 0.691702 0.026055 0.019233
0 0.139051 0.657135 0.018829 0.013260
0 0.133346 0.447294 0.025297 0.017517
1 0.574105 0.965024 0.048045 0.034134
0 0.055625 0.721075 0.017022 0.012433
1 0.792676 0.563138 0.036253 0.033030
0 0.589575 0.707374 0.018647 0.013337