1 0.131892 0.429870 0.059215 0.042988
1 0.387312 0.319737 0.060127 0.041250
0 0.396786 0.742631 0.018067 0.012328
0 0.430226 0.656370 0.019139 0.013283
0 0.406381 0.832880 0.019385 0.014333
1 0.416801 0.539294 0.058811 0.035246
0 0.334468 0.855797 0.021486 0.014447
0 0.565183 0.731832 0.020842 0.013814
0 0.298144 0.816991 0.019795 0.013516
0 0.379161 0.387607 0.020659 0.014139
0 0.648184 0.674022 0.025362 0.018905
0 0.398403 0.408257 0.019125 0.014046
0 0.546273 0.703243 0.018469 0.012473
0 0.327575 0.759090 0.017629 0.012672
0 0.554269 0.582358 0.021086 0.015328
0 0.598720 0.513471 0.020073 0.013248
0 0.317797 0.801695 0.017930 0.013452
0 0.371367 0.836780 0.019741 0.014069
0 0.568684 0.460475 0.020856 0.015422
1 0.318244 0.642596 0.100727 0.049142
0 0.084976 0.643231 0.017695 0.012077
0 0.137106 0.639236 0.019536 0.013164
0 0.298349 0.580609 0.017245 0.010984
0 0.451054 0.515128 0.018277 0.011369
0 0.379433 0.450732 0.020361 0.013558
0 0.553853 0.784746 0.023677 0.016788
0 0.419379 0.855697 0.020849 0.015130
0 0.293904 0.788191 0.017474 0.011630
0 0.620040 0.565542 0.019659 0.013777
0 0.330738 0.740090 0.017437 0.012031
0 0.673152 0.450341 0.024644 0.018033
0 0.339535 0.532051 0.016627 0.011107
0 0.191176 0.539136 0.018456 0.013125
0 0.546878 0.817426 0.022604 0.016116
0 0.440119 0.345046 0.015550 0.010467
0 0.340737 0.564074 0.018733 0.012845
0 0.496874 0.685400 0.017120 0.011968
0 0.081998 0.595008 0.018228 0.013158
0 0.162113 0.482960 0.017942 0.012480
0 0.509639 0.589404 0.024667 0.018811
0 0.161262 0.727649 0.017334 0.012782
0 0.421531 0.587839 0.018423 0.012482
0 0.107153 0.545836 0.019038 0.013873
0 0.368554 0.423578 0.020850 0.015824
0 0.494702 0.375300 0.023375 0.018018
0 0.368008 0.587283 0.016412 0.012125
0 0.102988 0.662909 0.018621 0.012909
0 0.341887 0.457468 0.020032 0.015028
0 0.463616 0.571918 0.019964 0.014015
0 0.448991 0.385415 0.024457 0.018963
0 0.402778 0.645886 0.018239 0.012039
0 0.146000 0.498047 0.019076 0.013221
0 0.537757 0.335447 0.018769 0.014188
0 0.160086 0.576246 0.017314 0.010748
0 0.086850 0.464688 0.019081 0.014454
0 0.462442 0.331608 0.015464 0.010124
0 0.565993 0.803966 0.018798 0.013265
0 0.606770 0.404182 0.024581 0.017051
0 0.315920 0.778012 0.018023 0.012149
0 0.377339 0.757787 0.018704 0.012038
0 0.712914 0.621763 0.021208 0.015018
0 0.410619 0.878390 0.026002 0.017217
0 0.523017 0.640980 0.016850 0.010723
0 0.444009 0.435961 0.026405 0.018358
0 0.361825 0.755281 0.017909 0.011625
0 0.583330 0.322745 0.019046 0.015558
0 0.739140 0.476135 0.021279 0.014633
0 0.681282 0.748006 0.024626 0.017310
0 0.438421 0.297655 0.016143 0.011699
0 0.226510 0.604587 0.017958 0.013653
0 0.291639 0.487941 0.017966 0.013573
0 0.521823 0.735475 0.020262 0.014993
0 0.737974 0.510934 0.016416 0.011672
0 0.144131 0.758993 0.026405 0.016467
0 0.319887 0.562156 0.017641 0.011820
0 0.138562 0.702199 0.015086 0.009666
0 0.536102 0.667166 0.018011 0.011990
0 0.489494 0.294509 0.015213 0.010868
0 0.651396 0.840308 0.019845 0.011633
0 0.216422 0.484531 0.028151 0.021138
0 0.330008 0.496036 0.016764 0.011011
0 0.741054 0.401690 0.028942 0.021956
0 0.538795 0.547526 0.016782 0.013228
0 0.610222 0.604340 0.016130 0.010268
0 0.370510 0.755824 0.027089 0.014226
0 0.504387 0.355955 0.017717 0.012771
0 0.527200 0.707647 0.017760 0.011329
0 0.728599 0.564865 0.020023 0.013064
0 0.528073 0.402193 0.018197 0.013152
0 0.318047 0.583603 0.016125 0.010036
0 0.673321 0.513617 0.018949 0.012061
0 0.763161 0.558535 0.017402 0.012344
0 0.571251 0.847010 0.021128 0.015495
0 0.339322 0.606414 0.028329 0.016277
0 0.339645 0.472714 0.017706 0.010938
0 0.210525 0.666848 0.020460 0.015544
0 0.404814 0.355686 0.015104 0.010792
0 0.817195 0.592975 0.019673 0.013284
0 0.733714 0.394134 0.027611 0.020155
0 0.146687 0.461289 0.016599 0.011386
0 0.544296 0.705791 0.029846 0.015112
0 0.338332 0.314509 0.016003 0.010685
0 0.620055 0.491313 0.018649 0.015015
0 0.335080 0.709023 0.015671 0.011822
0 0.556191 0.393074 0.019386 0.013573
0 0.288137 0.560456 0.015492 0.011891
0 0.234777 0.503238 0.021856 0.012322
0 0.589542 0.632618 0.026043 0.018425
0 0.451026 0.744272 0.023981 0.017831
0 0.510340 0.339471 0.014692 0.010170
0 0.186830 0.690266 0.014638 0.010485
0 0.768268 0.600232 0.021077 0.014457
0 0.190570 0.496833 0.017819 0.011759