1 0.527068 0.519440 0.054920 0.040012
1 0.495917 0.600606 0.051442 0.044143
0 0.713242 0.713673 0.025217 0.017384
0 0.701796 0.521668 0.022022 0.016275
0 0.763681 0.349651 0.021387 0.015932
0 0.750937 0.517988 0.022569 0.016138
0 0.568338 0.595483 0.020773 0.015768
0 0.856927 0.363995 0.024022 0.017971
0 0.805702 0.491004 0.024443 0.017005
0 0.628913 0.492883 0.025224 0.017090
0 0.554232 0.342056 0.019719 0.015038
0 0.858565 0.770275 0.033515 0.021509
0 0.780276 0.776208 0.027290 0.017356
0 0.728755 0.552966 0.020510 0.014011
0 0.853249 0.567574 0.020405 0.014727
0 0.566471 0.388210 0.023909 0.016814
0 0.483185 0.392306 0.028359 0.018231
0 0.716607 0.385250 0.029570 0.016690
0 0.852370 0.475963 0.018269 0.013033
0 0.777484 0.310670 0.020985 0.015137
0 0.634285 0.561679 0.018844 0.013952
1 0.322491 0.679919 0.058020 0.055134
0 0.312744 0.503042 0.021897 0.014529
0 0.673366 0.774920 0.024475 0.018853
0 0.647599 0.751232 0.025762 0.018463
0 0.728249 0.356513 0.019529 0.012274
0 0.725961 0.796530 0.026628 0.019523
0 0.700032 0.757923 0.023723 0.018159
0 0.796168 0.579588 0.024679 0.017576
0 0.670291 0.698579 0.020469 0.015620
0 0.796111 0.803152 0.029154 0.024007
0 0.614363 0.590991 0.018690 0.013046
0 0.650322 0.431093 0.028623 0.017591
0 0.697320 0.492524 0.019921 0.013411
0 0.374359 0.386866 0.023701 0.018468
0 0.388905 0.532737 0.018710 0.013384
0 0.715908 0.293267 0.020755 0.013527
0 0.700941 0.459512 0.017264 0.012801
0 0.662974 0.596910 0.024495 0.018821
0 0.427929 0.435190 0.019332 0.014150
0 0.888150 0.639789 0.021803 0.015859
0 0.584909 0.699204 0.018219 0.013681
0 0.572172 0.526827 0.018267 0.013453
0 0.463578 0.320178 0.029917 0.023209
0 0.519029 0.578039 0.018847 0.013154
0 0.890219 0.531762 0.020122 0.015127
0 0.295527 0.571191 0.017908 0.012453
0 0.685793 0.369698 0.018641 0.013742
0 0.979806 0.563254 0.020526 0.013508
0 0.454939 0.393228 0.018632 0.013203
0 0.473565 0.541780 0.017925 0.011287
0 0.416600 0.545351 0.029986 0.016132
0 0.406924 0.362167 0.030162 0.017050
0 0.257012 0.514236 0.025677 0.019594
0 0.769312 0.657706 0.020013 0.014660
0 0.406370 0.405006 0.018204 0.012368
0 0.885552 0.513623 0.020006 0.012126
0 0.363630 0.471356 0.017821 0.012580
0 0.452607 0.437128 0.018513 0.013937
0 0.967473 0.482970 0.019119 0.013147
0 0.247964 0.569385 0.023922 0.015738
0 0.802519 0.446634 0.018293 0.013059
0 0.810064 0.379704 0.021278 0.014357
0 0.509664 0.639502 0.018950 0.012794
0 0.902100 0.438032 0.018110 0.012132
0 0.889861 0.489659 0.016213 0.010244
0 0.543323 0.457853 0.017120 0.011924
0 0.672921 0.668970 0.017413 0.011822
0 0.930266 0.479127 0.016609 0.011453
0 0.587730 0.833899 0.021197 0.016127
0 0.757031 0.442429 0.018943 0.012910
0 0.656997 0.527130 0.016386 0.011131
0 0.694458 0.598839 0.019612 0.013840
0 0.551434 0.833112 0.025079 0.019453
0 0.609634 0.792996 0.036243 0.029483
0 0.925209 0.443465 0.020586 0.020263
0 0.640843 0.303462 0.028827 0.020866
0 0.603207 0.320630 0.017429 0.012291
0 0.341261 0.438337 0.018502 0.013002
0 0.564516 0.724579 0.021797 0.014183
0 0.735758 0.675061 0.023140 0.015977
0 0.720808 0.459217 0.017680 0.011875
0 0.574861 0.800190 0.021256 0.015988
0 0.674535 0.435423 0.019070 0.013091
0 0.553198 0.699416 0.018016 0.013032
0 0.508503 0.399500 0.017934 0.012980
0 0.675748 0.555121 0.016477 0.010681
0 0.363610 0.658380 0.016462 0.011809
0 0.883339 0.752498 0.024167 0.018902
1 0.314197 0.692173 0.045709 0.031421
0 0.480469 0.667770 0.017324 0.011512
0 0.735715 0.409086 0.017498 0.012692
0 0.956078 0.669579 0.020233 0.015044
0 0.917329 0.583118 0.018223 0.013102
0 0.963662 0.550331 0.017017 0.011208
0 0.912005 0.486907 0.015869 0.012417
0 0.602599 0.514851 0.017089 0.010490
0 0.862633 0.538314 0.025293 0.015608
0 0.964439 0.616956 0.027221 0.020070
1 0.331196 0.660660 0.045122 0.032676
0 0.557152 0.549376 0.018264 0.012984
0 0.396162 0.791713 0.022702 0.013948
0 0.428032 0.685906 0.020083 0.015142
0 0.272294 0.629973 0.023135 0.014791
0 0.304072 0.527019 0.015714 0.010493
0 0.605710 0.446647 0.016623 0.012199
0 0.460044 0.514447 0.015213 0.010894
0 0.631985 0.295734 0.029338 0.023495
0 0.875837 0.402875 0.018661 0.013452
0 0.545861 0.867684 0.028872 0.019263