0 0.408789 0.191022 0.027936 0.019852
0 0.670548 0.418466 0.027053 0.019847
0 0.315206 0.175243 0.022481 0.016471
0 0.130583 0.208949 0.024644 0.017606
0 0.327539 0.315175 0.026627 0.019058
0 0.491644 0.235646 0.025642 0.018644
0 0.237484 0.167536 0.022382 0.015898
0 0.715860 0.384272 0.025308 0.017828
0 0.308546 0.336944 0.020041 0.013493
0 0.306908 0.232293 0.019899 0.014123
0 0.350152 0.678821 0.029554 0.019837
0 0.489012 0.374537 0.027298 0.021479
0 0.546125 0.444775 0.022606 0.015810
0 0.387011 0.466144 0.018174 0.012375
0 0.287818 0.147152 0.023623 0.017081
0 0.113146 0.541757 0.016005 0.011001
0 0.177368 0.471173 0.021144 0.014049
1 0.704867 0.338549 0.071435 0.045521
0 0.177097 0.152452 0.020410 0.015598
0 0.364099 0.584446 0.020107 0.014574
0 0.053613 0.242014 0.027143 0.018701
1 0.544053 0.499423 0.056092 0.038733
0 0.189156 0.510099 0.017721 0.013688
0 0.255531 0.645811 0.016878 0.012778
0 0.156593 0.552978 0.018737 0.013526
0 0.284213 0.626101 0.023065 0.015800
0 0.413761 0.333551 0.019023 0.013247
0 0.103245 0.423269 0.020111 0.014514
0 0.302815 0.551090 0.019028 0.015539
0 0.643833 0.288427 0.020433 0.013713
0 0.385980 0.384753 0.019632 0.014664
0 0.369837 0.312068 0.024598 0.017921
0 0.266274 0.328798 0.021591 0.012505
0 0.462989 0.296195 0.030052 0.027286
0 0.505651 0.580982 0.022978 0.015501
0 0.271841 0.225342 0.017550 0.012527
0 0.372992 0.263852 0.019092 0.013338
0 0.677342 0.514302 0.024334 0.017490
0 0.055130 0.293724 0.019307 0.013647
1 0.305349 0.438424 0.038761 0.030869
0 0.034459 0.309835 0.020161 0.014040
0 0.289755 0.570552 0.018503 0.012576
0 0.468285 0.594177 0.025700 0.018468