1 0.468724 0.676658 0.052213 0.043121
1 0.407051 0.532464 0.050215 0.034213
0 0.413590 0.417665 0.026550 0.019432
0 0.404543 0.850309 0.027546 0.017726
0 0.567354 0.834557 0.020684 0.015325
0 0.598665 0.610136 0.018823 0.013564
0 0.433898 0.715429 0.017045 0.011394
0 0.294042 0.714994 0.018973 0.012922
0 0.416649 0.565498 0.018976 0.012730
0 0.455896 0.866625 0.019909 0.014618
0 0.496156 0.521266 0.024241 0.018240
0 0.560367 0.600059 0.019345 0.012295
0 0.298928 0.752803 0.018671 0.012339
0 0.525180 0.569613 0.020136 0.014212
0 0.333620 0.789348 0.020853 0.013084
0 0.547880 0.764383 0.016561 0.011008
0 0.799642 0.533963 0.022337 0.016932
0 0.524340 0.629070 0.018378 0.012048
0 0.579750 0.726172 0.017092 0.010783
0 0.680798 0.546729 0.019864 0.014746
0 0.528321 0.496389 0.027671 0.018005
0 0.621527 0.463745 0.027160 0.020008
0 0.486826 0.857706 0.020478 0.014993
0 0.389961 0.661043 0.018149 0.012472
0 0.602285 0.776055 0.018550 0.013148
0 0.730442 0.705579 0.017997 0.011958
0 0.580185 0.698341 0.018727 0.013263
0 0.380424 0.611741 0.019762 0.014527
0 0.548321 0.790407 0.019801 0.013776
0 0.355293 0.572847 0.019736 0.013298
0 0.372085 0.685208 0.016227 0.011652
0 0.336991 0.478697 0.025158 0.017797
0 0.554041 0.550120 0.018803 0.013372
0 0.644635 0.560679 0.017183 0.012237
0 0.554568 0.571887 0.018251 0.012193
0 0.640752 0.660106 0.022337 0.014510
0 0.464202 0.275603 0.024389 0.017194
0 0.377974 0.437991 0.021717 0.015408
0 0.315568 0.549587 0.028626 0.020700
0 0.496109 0.784930 0.017579 0.011632
0 0.463497 0.558962 0.020809 0.015795
0 0.391637 0.711084 0.016856 0.011643
0 0.358163 0.517305 0.017930 0.012953
0 0.471836 0.727713 0.020625 0.013726
0 0.488989 0.565390 0.020080 0.013849
0 0.349345 0.764094 0.021749 0.015061
0 0.621324 0.514187 0.021758 0.015981
0 0.155613 0.477221 0.020335 0.014728
0 0.590908 0.351760 0.043884 0.025856
0 0.392267 0.637719 0.018179 0.012442
0 0.752857 0.576319 0.030795 0.022850
0 0.634318 0.681214 0.014960 0.010440
0 0.697565 0.683552 0.020222 0.014128
0 0.609148 0.716913 0.016615 0.010698
0 0.647271 0.701901 0.020476 0.013222
0 0.520307 0.696632 0.014094 0.010146
0 0.681151 0.581364 0.019744 0.013752
0 0.359319 0.654089 0.015824 0.010679
0 0.493094 0.724897 0.015607 0.010370
0 0.597190 0.689738 0.018122 0.012667
0 0.488827 0.769779 0.017371 0.011567
0 0.272241 0.389488 0.040030 0.028391
0 0.617775 0.533607 0.020454 0.015472
0 0.657153 0.612089 0.017903 0.011186
0 0.623495 0.590125 0.018749 0.012702
0 0.124735 0.578526 0.023594 0.016892
0 0.762534 0.746909 0.019587 0.014304
0 0.247887 0.835883 0.019911 0.013294
0 0.210791 0.563448 0.023556 0.016912
0 0.360758 0.550341 0.016847 0.013350
0 0.634046 0.620268 0.019000 0.012562
0 0.416799 0.640407 0.018579 0.012358
0 0.687044 0.719795 0.018533 0.013273
0 0.657001 0.671642 0.014968 0.009844
0 0.319737 0.683671 0.017581 0.013105
0 0.258452 0.813232 0.021394 0.014593
0 0.846540 0.474800 0.020339 0.015860
0 0.334973 0.699071 0.017546 0.012734
0 0.180422 0.545200 0.024514 0.016880
0 0.226526 0.780766 0.015374 0.010418
0 0.572513 0.752176 0.018570 0.013059
0 0.553350 0.664107 0.017755 0.012608
0 0.266405 0.587584 0.026267 0.017912
0 0.541700 0.683564 0.015454 0.010181
0 0.473257 0.897124 0.024908 0.018044
0 0.334073 0.652277 0.018108 0.010664
0 0.253770 0.790119 0.017720 0.012737
0 0.581270 0.554770 0.018399 0.012512
0 0.535287 0.649763 0.015930 0.010884
0 0.511269 0.424642 0.023509 0.018029
1 0.781451 0.703240 0.031866 0.020445
0 0.509703 0.839357 0.016989 0.013434
0 0.289568 0.652346 0.018328 0.012611
0 0.330303 0.507161 0.019286 0.013687
0 0.556893 0.273213 0.025657 0.016421
0 0.482216 0.801522 0.019749 0.013156
0 0.530746 0.804050 0.015551 0.009802
0 0.431865 0.794747 0.020157 0.015184
0 0.373116 0.624629 0.019742 0.014564
0 0.678704 0.665484 0.018670 0.012397
0 0.331441 0.724568 0.016302 0.012118
0 0.705635 0.555081 0.016617 0.015289
0 0.613046 0.857728 0.019931 0.013282
0 0.589227 0.693684 0.037624 0.018453
0 0.414736 0.758787 0.012884 0.009547
0 0.423308 0.825552 0.019151 0.011392
0 0.333192 0.708032 0.018023 0.020652