0 0.584473 0.316090 0.011243 0.018946
0 0.513528 0.658679 0.013822 0.020542
0 0.632460 0.721790 0.014241 0.017632
0 0.469279 0.706667 0.012107 0.017376
0 0.610150 0.589593 0.013922 0.019588
0 0.445355 0.288655 0.009482 0.016599
0 0.483679 0.355759 0.011131 0.014483
0 0.178365 0.521570 0.012461 0.016166
0 0.609653 0.829630 0.013427 0.017820
0 0.532623 0.646600 0.012162 0.016741
0 0.369792 0.329004 0.010212 0.015286
0 0.202978 0.798986 0.010553 0.014468
0 0.602289 0.349227 0.009687 0.012671
0 0.409083 0.350538 0.013023 0.017338
0 0.609738 0.721723 0.015807 0.020562
0 0.583154 0.595933 0.014198 0.019502
0 0.545281 0.737241 0.013577 0.018828
0 0.183518 0.590710 0.014071 0.019232
0 0.472868 0.318999 0.011826 0.018281
0 0.502961 0.860661 0.014642 0.020533
0 0.645126 0.629610 0.013306 0.020029
0 0.285231 0.660524 0.012036 0.018111
0 0.502787 0.342139 0.013856 0.017788
0 0.290537 0.724276 0.011103 0.017995
0 0.542274 0.546698 0.013567 0.018949
0 0.295421 0.604970 0.014506 0.018820
0 0.264560 0.827176 0.008901 0.013573
0 0.206010 0.487823 0.012912 0.017177
0 0.472363 0.804930 0.011189 0.016307
0 0.529443 0.588308 0.012969 0.016581
0 0.342547 0.504251 0.011416 0.016182
0 0.614072 0.558800 0.012655 0.018065
0 0.411328 0.854771 0.011220 0.016268
0 0.555167 0.573469 0.014504 0.018611
0 0.411316 0.587565 0.010787 0.017691
0 0.263963 0.438755 0.012074 0.021386
0 0.496356 0.920876 0.016373 0.020020
0 0.341984 0.756765 0.010276 0.016906
0 0.446859 0.547727 0.012039 0.016295
0 0.500874 0.401435 0.011509 0.015005
0 0.401901 0.744501 0.012054 0.018021
0 0.601182 0.456870 0.014788 0.020244
0 0.590885 0.435877 0.013364 0.017745
0 0.334082 0.436153 0.010887 0.015573
0 0.434846 0.230011 0.008215 0.013781
0 0.357897 0.674077 0.012806 0.016417
0 0.523944 0.785245 0.010814 0.016793
0 0.619260 0.785592 0.011070 0.011104
0 0.371645 0.638680 0.010251 0.017130
0 0.515632 0.912797 0.012647 0.018035
0 0.385858 0.320168 0.011518 0.018081
0 0.419868 0.290023 0.009290 0.015152
0 0.370053 0.490986 0.010404 0.014149
0 0.215813 0.401083 0.013891 0.017144
0 0.255954 0.613295 0.014777 0.023493
0 0.234430 0.426091 0.012215 0.016671
0 0.480344 0.588541 0.013419 0.019415
0 0.353904 0.386151 0.013106 0.018542
0 0.308444 0.821866 0.011326 0.014487
0 0.288843 0.863478 0.010055 0.016873
0 0.310086 0.626200 0.011878 0.018568
0 0.303613 0.686476 0.010357 0.015415
0 0.546716 0.382293 0.012529 0.021363
0 0.254059 0.473386 0.012161 0.017133
0 0.443442 0.929351 0.011348 0.015362
0 0.582155 0.474237 0.012486 0.015542
0 0.504003 0.763054 0.011355 0.017507
0 0.476857 0.977249 0.012693 0.017377
0 0.290258 0.362151 0.011856 0.015877
0 0.422838 0.894942 0.010296 0.016291
0 0.643626 0.574282 0.012887 0.016681
0 0.558741 0.510456 0.013814 0.017157
0 0.177007 0.493631 0.010912 0.013954
0 0.129427 0.550834 0.013106 0.019304
0 0.409806 0.407632 0.011429 0.020761
0 0.572269 0.525430 0.010328 0.012909
1 0.265405 0.566901 0.025528 0.044601
1 0.524648 0.466549 0.026408 0.036385