0 0.661759 0.692471 0.030394 0.020435
0 0.489128 0.516115 0.027916 0.018515
0 0.662089 0.923761 0.029868 0.023479
0 0.454745 0.955351 0.026506 0.019483
0 0.672393 0.522180 0.029953 0.021137
0 0.577373 0.563457 0.021353 0.014344
0 0.721620 0.671556 0.026175 0.017381
0 0.479060 0.616465 0.026404 0.018255
0 0.574316 0.682865 0.028583 0.020608
0 0.418189 0.410167 0.021027 0.014564
0 0.706805 0.920844 0.026706 0.020406
0 0.461585 0.428948 0.019192 0.014119
0 0.755591 0.658468 0.020088 0.014062
0 0.662400 0.594937 0.018717 0.013324
0 0.377771 0.729733 0.025442 0.016863
0 0.491484 0.750041 0.024663 0.017658
0 0.661920 0.637300 0.019654 0.012883
0 0.371590 0.634494 0.018105 0.013337
0 0.292843 0.455257 0.020910 0.015508
0 0.524564 0.722699 0.018600 0.014369
0 0.348385 0.405123 0.023880 0.015675
0 0.561510 0.708614 0.021611 0.014648
0 0.349631 0.760315 0.024696 0.016209
0 0.354483 0.714821 0.016692 0.010683
0 0.465100 0.579522 0.021381 0.012397
0 0.585585 0.770707 0.019255 0.015010
0 0.835400 0.592577 0.029110 0.022393
0 0.336812 0.626933 0.033855 0.017235
0 0.300034 0.923282 0.033097 0.019468
0 0.377727 0.597758 0.017185 0.012029
0 0.392658 0.674902 0.020078 0.013084
0 0.411015 0.652630 0.022490 0.014812
0 0.334202 0.521086 0.018611 0.014265
0 0.191590 0.744121 0.021607 0.016130
0 0.598017 0.680877 0.020074 0.013742
0 0.604547 0.659193 0.017918 0.012352
0 0.679763 0.457142 0.020379 0.014160