0 0.696584 0.794167 0.019476 0.013352
0 0.305999 0.518085 0.018016 0.012650
0 0.570079 0.484457 0.019231 0.014500
0 0.497181 0.374223 0.021168 0.015551
0 0.722659 0.597056 0.018904 0.013455
0 0.527609 0.507464 0.018167 0.012427
0 0.430533 0.670741 0.017782 0.012302
0 0.684128 0.365445 0.026128 0.020414
0 0.580734 0.388358 0.019258 0.013376
0 0.675028 0.537756 0.018595 0.012098
0 0.668431 0.566385 0.016326 0.011168
0 0.870844 0.419031 0.019355 0.014098
0 0.517594 0.566480 0.018261 0.012696
0 0.534216 0.780069 0.016889 0.012043
0 0.378585 0.530283 0.017023 0.011774
0 0.756071 0.708760 0.015370 0.011467
0 0.560657 0.766514 0.017114 0.011387
0 0.562491 0.622659 0.016029 0.011309
0 0.352566 0.499802 0.017506 0.012392
0 0.725789 0.645856 0.023846 0.015524
0 0.490101 0.784612 0.017794 0.012901
0 0.828872 0.656621 0.016011 0.010905
0 0.656081 0.763504 0.016952 0.011081
0 0.865019 0.607711 0.017230 0.011487
0 0.621387 0.539534 0.017065 0.011146
0 0.686577 0.595116 0.017612 0.011865
0 0.613620 0.841259 0.020530 0.014129
0 0.238947 0.503820 0.015304 0.011091
0 0.465846 0.560563 0.016198 0.011780
0 0.848081 0.626690 0.018188 0.011922
0 0.797199 0.368998 0.021341 0.015349
0 0.404775 0.545487 0.015327 0.009900
0 0.551968 0.739009 0.014848 0.009881
0 0.328373 0.516401 0.018617 0.012885
0 0.488189 0.599419 0.016707 0.011391
0 0.589600 0.334150 0.020484 0.014571
0 0.615449 0.592615 0.015721 0.010868
0 0.479180 0.638909 0.018467 0.012010
0 0.851468 0.396040 0.019435 0.015287
0 0.258559 0.567641 0.020828 0.015953
0 0.897489 0.451500 0.021072 0.015445
0 0.534057 0.723661 0.017775 0.012569
0 0.673012 0.728742 0.016431 0.010927
0 0.396558 0.375529 0.018559 0.014449
0 0.415871 0.564496 0.016647 0.011435
0 0.643854 0.375071 0.018540 0.014154
0 0.471865 0.506296 0.015665 0.011831
0 0.656775 0.811522 0.020663 0.015190
0 0.727262 0.542800 0.017470 0.012953
0 0.854494 0.501408 0.016684 0.012016
0 0.884469 0.486513 0.016361 0.012422
0 0.450728 0.732739 0.017183 0.013491
0 0.429431 0.460389 0.016081 0.011477
0 0.545577 0.821343 0.027955 0.016475
0 0.636956 0.746340 0.016979 0.012682
0 0.619464 0.712180 0.019346 0.015762
0 0.753697 0.325035 0.020001 0.015002
0 0.726342 0.741239 0.015869 0.010495
0 0.736180 0.349105 0.019234 0.015452
0 0.613487 0.686837 0.014853 0.011177
0 0.405350 0.403887 0.017096 0.011768
0 0.420068 0.637727 0.015467 0.010457
0 0.496981 0.735599 0.016404 0.011534
0 0.380836 0.483255 0.016641 0.012019
0 0.701794 0.689625 0.017069 0.011744
0 0.876127 0.626721 0.016648 0.011284
0 0.788731 0.558002 0.017610 0.011734
0 0.773029 0.516355 0.016042 0.011453
0 0.855614 0.565805 0.017270 0.012265
0 0.457137 0.305020 0.016841 0.012459
0 0.487056 0.430439 0.016397 0.010841
0 0.462575 0.600689 0.019019 0.011240
0 0.403236 0.525099 0.016049 0.011795
0 0.860643 0.522642 0.016076 0.010656
0 0.648614 0.599093 0.018262 0.013978
0 0.522031 0.347407 0.023059 0.017663
0 0.821443 0.627073 0.015116 0.009739
0 0.610889 0.562704 0.015811 0.010134
0 0.544027 0.538253 0.016807 0.010942
0 0.526753 0.523622 0.015490 0.010897
0 0.484836 0.664182 0.016901 0.010867
0 0.352271 0.582786 0.015673 0.011499
0 0.861675 0.582567 0.017776 0.011502
0 0.573533 0.846265 0.024740 0.019468
0 0.638127 0.683854 0.017314 0.011819
0 0.379463 0.697102 0.017646 0.012406
0 0.438029 0.636421 0.015073 0.009708
0 0.335543 0.627415 0.016264 0.010191
0 0.321503 0.694160 0.017260 0.013361
0 0.501224 0.573528 0.016602 0.011453
0 0.556392 0.348889 0.020025 0.014668
0 0.405681 0.607705 0.016643 0.012002
0 0.756690 0.575460 0.017021 0.011168
0 0.553291 0.518913 0.021434 0.011273
0 0.297157 0.584299 0.018137 0.013263
0 0.424931 0.476662 0.015579 0.010090
0 0.526553 0.386293 0.016572 0.011904
0 0.421452 0.775269 0.019555 0.014799
0 0.601836 0.781163 0.020620 0.014136
0 0.521932 0.441167 0.028340 0.017414
0 0.625790 0.407808 0.018065 0.013212
0 0.444080 0.363755 0.016414 0.014773
0 0.471695 0.710349 0.014785 0.009576
0 0.597971 0.642937 0.016510 0.012085
0 0.704663 0.541890 0.016844 0.011835
0 0.354166 0.751508 0.016438 0.011551
0 0.355082 0.431241 0.018167 0.012454
0 0.513598 0.473611 0.022641 0.014521
0 0.618343 0.504822 0.020899 0.014376
0 0.689579 0.641191 0.015782 0.012350
0 0.619188 0.621233 0.019122 0.012780
0 0.396112 0.572553 0.013776 0.010260
0 0.772501 0.744087 0.019948 0.015227
0 0.834003 0.728963 0.016848 0.013230
0 0.409348 0.589413 0.017319 0.011014
0 0.793376 0.573074 0.016677 0.010816
0 0.483837 0.619895 0.015254 0.010391
0 0.375370 0.440360 0.015880 0.010882
0 0.329565 0.432965 0.019612 0.013321
0 0.608256 0.437552 0.019606 0.013357
0 0.315171 0.671433 0.017250 0.011447
0 0.835978 0.559062 0.014966 0.010378
0 0.440524 0.444892 0.014970 0.010175
0 0.317149 0.646315 0.017629 0.012139
0 0.350574 0.682749 0.015824 0.010825
0 0.367582 0.460108 0.017508 0.011616
0 0.666577 0.478899 0.017101 0.010832
0 0.331613 0.344404 0.019574 0.014256
0 0.632423 0.295167 0.017288 0.013719
0 0.387266 0.595560 0.014511 0.010322
0 0.361610 0.345376 0.020442 0.014816
0 0.300524 0.538324 0.016933 0.010359
0 0.280124 0.485975 0.030054 0.020644
0 0.343943 0.369293 0.016101 0.011640
0 0.706939 0.759683 0.015915 0.010207
0 0.514431 0.422379 0.016562 0.011668
0 0.553803 0.600546 0.013456 0.009512
0 0.409497 0.321412 0.017967 0.016800
0 0.464680 0.451834 0.015778 0.012898
0 0.364941 0.478232 0.015782 0.010341