0 0.616123 0.456421 0.025523 0.016346
0 0.270595 0.615611 0.018900 0.013022
0 0.441484 0.798878 0.021752 0.015470
0 0.446030 0.666465 0.019214 0.013834
0 0.782463 0.513099 0.017501 0.011859
0 0.832103 0.474774 0.017551 0.012712
0 0.281432 0.677132 0.018620 0.013306
0 0.327972 0.557637 0.017995 0.012507
1 0.228946 0.461926 0.039601 0.029229
0 0.405320 0.883649 0.016794 0.013303
0 0.195211 0.610699 0.016820 0.011584
0 0.461210 0.408026 0.023809 0.017252
0 0.348251 0.565483 0.018200 0.011951
0 0.693304 0.876392 0.017964 0.012274
0 0.353257 0.606421 0.018904 0.012613
0 0.594190 0.487208 0.018068 0.013711
0 0.190808 0.670049 0.016607 0.011231
0 0.786441 0.699958 0.018346 0.013186
0 0.535013 0.707072 0.016890 0.012021
0 0.641358 0.897260 0.027410 0.018754
0 0.666180 0.498423 0.021067 0.014781
0 0.808214 0.528885 0.016157 0.011286
0 0.470013 0.762991 0.018866 0.015266
1 0.798816 0.776408 0.038833 0.026933
0 0.754746 0.452453 0.015824 0.011587
0 0.833689 0.683174 0.017266 0.014042
0 0.599770 0.523343 0.018717 0.014848
0 0.311898 0.705121 0.017564 0.013006
0 0.878389 0.498537 0.019538 0.015309
0 0.352050 0.474049 0.017729 0.012558
0 0.277960 0.481619 0.019729 0.013625
0 0.400064 0.791937 0.026131 0.014890
0 0.659450 0.874390 0.018960 0.012561
1 0.924540 0.578903 0.038623 0.030379
0 0.367521 0.581383 0.017407 0.012447
0 0.272942 0.865510 0.015689 0.010400
0 0.554522 0.689345 0.023268 0.017697
0 0.825646 0.614923 0.019146 0.012856
0 0.744415 0.566841 0.018305 0.011676
0 0.761342 0.847993 0.015736 0.009964
0 0.821371 0.564423 0.016437 0.012043
0 0.525807 0.446634 0.021481 0.014202
0 0.783383 0.421313 0.016301 0.012363
0 0.262509 0.507251 0.022199 0.013525
0 0.600072 0.566136 0.020089 0.014995
0 0.486192 0.480343 0.016360 0.011115
0 0.659882 0.575276 0.019194 0.012719
0 0.496055 0.513666 0.018461 0.014938
0 0.512872 0.747025 0.016082 0.011309
1 0.517077 0.346734 0.035899 0.019246
0 0.803469 0.877652 0.016359 0.011074
0 0.884703 0.642626 0.017567 0.011193
0 0.316806 0.882745 0.018303 0.012702
0 0.424155 0.589981 0.021137 0.013114
0 0.514640 0.560371 0.017803 0.012324