0 0.262693 0.500176 0.028981 0.022063
0 0.307286 0.474480 0.032343 0.023969
0 0.280228 0.653269 0.026210 0.019751
0 0.208315 0.814953 0.029620 0.020501
0 0.430629 0.354559 0.025806 0.019219
0 0.397873 0.420921 0.026226 0.019519
0 0.283311 0.438211 0.025553 0.019236
0 0.314726 0.715684 0.026347 0.018603
0 0.245834 0.615730 0.026230 0.018359
0 0.181850 0.422746 0.025209 0.020530
0 0.285829 0.537450 0.025747 0.019830
0 0.218999 0.789557 0.022707 0.015526
0 0.301632 0.678223 0.019819 0.013282
0 0.437974 0.621511 0.023839 0.017935
0 0.157911 0.477661 0.032710 0.025932
0 0.260066 0.765482 0.021948 0.015747
0 0.462267 0.498900 0.026926 0.020136
0 0.435570 0.466140 0.025588 0.019323
1 0.481329 0.659046 0.042232 0.035874
0 0.368254 0.569577 0.020649 0.013654
0 0.240487 0.583773 0.024539 0.020997
0 0.461839 0.451723 0.025404 0.018168
0 0.197426 0.759269 0.019341 0.013440
0 0.300705 0.316935 0.026093 0.017560
0 0.215413 0.369877 0.021670 0.015357
1 0.518911 0.625732 0.041755 0.037143
0 0.371301 0.598720 0.040156 0.031071
0 0.021356 0.583843 0.022636 0.013299
0 0.073907 0.658775 0.020632 0.013532