1 0.526576 0.510804 0.054695 0.040017
1 0.410073 0.635614 0.049175 0.039286
0 0.634633 0.683588 0.020557 0.015567
0 0.280833 0.612451 0.024004 0.017271
0 0.535268 0.594461 0.020343 0.014195
0 0.292060 0.488930 0.024172 0.016800
0 0.570747 0.616608 0.020270 0.014838
0 0.436856 0.833930 0.019461 0.014701
0 0.360866 0.394721 0.019381 0.014671
0 0.786953 0.615065 0.028680 0.017598
0 0.365814 0.895233 0.026766 0.016571
0 0.693929 0.416360 0.025018 0.020654
0 0.398803 0.420621 0.019921 0.014655
0 0.631021 0.912829 0.025942 0.017926
0 0.328504 0.518401 0.020121 0.014281
0 0.781067 0.464380 0.027632 0.023219
0 0.681738 0.507882 0.021448 0.014920
0 0.182165 0.474182 0.022811 0.017453
0 0.601717 0.875647 0.020882 0.015774
0 0.696875 0.646733 0.028754 0.021623
0 0.613375 0.479824 0.030128 0.017415
0 0.540800 0.760894 0.021917 0.015904
0 0.396851 0.787503 0.019424 0.013695
0 0.235623 0.607919 0.025820 0.018488
0 0.619418 0.946364 0.025564 0.018283
0 0.887297 0.534131 0.019681 0.015158
0 0.378821 0.549476 0.023226 0.016900
0 0.310903 0.616042 0.021115 0.015511
0 0.811692 0.577932 0.025124 0.017236
0 0.295520 0.778371 0.020471 0.014758
0 0.645328 0.885215 0.023812 0.017412
0 0.581037 0.689523 0.019712 0.013316
0 0.635379 0.714900 0.021205 0.015224
0 0.626459 0.818319 0.021442 0.014878
0 0.448279 0.711059 0.018963 0.014534
0 0.253161 0.470253 0.018107 0.013439
0 0.830849 0.772155 0.018793 0.012184
0 0.406021 0.843219 0.017858 0.012706
0 0.695845 0.594774 0.020678 0.017629
0 0.761710 0.805800 0.024756 0.016114
0 0.902830 0.562256 0.019043 0.014383
0 0.195760 0.524025 0.021076 0.016800
0 0.400546 0.764889 0.019092 0.012759
0 0.562927 0.794243 0.020663 0.014072
0 0.662193 0.384756 0.019668 0.014524
0 0.508420 0.761533 0.023596 0.016733
0 0.654883 0.423973 0.025393 0.018284
0 0.430647 0.695299 0.018832 0.012434
0 0.798141 0.757836 0.023599 0.018065
0 0.424036 0.399867 0.023500 0.014726
0 0.816750 0.529774 0.021003 0.014405
0 0.321395 0.494493 0.020896 0.013868
0 0.479626 0.627510 0.021853 0.014789
0 0.382044 0.860811 0.019094 0.013142
0 0.355138 0.861619 0.019590 0.014747
0 0.635752 0.734048 0.018880 0.013153
0 0.227380 0.704510 0.024096 0.015872
0 0.447493 0.788535 0.018418 0.012423
0 0.396726 0.678750 0.021028 0.013336
0 0.471346 0.761665 0.018333 0.013577
0 0.219586 0.454213 0.018745 0.013862
0 0.324462 0.867459 0.020359 0.017171
0 0.744171 0.631093 0.018844 0.013098
0 0.652256 0.548314 0.018052 0.013458
0 0.718782 0.921255 0.019789 0.013684
0 0.801520 0.639967 0.020798 0.014030
0 0.864564 0.545815 0.017342 0.012644
0 0.544548 0.935769 0.024429 0.017589
0 0.603682 0.377461 0.015244 0.010014
0 0.595096 0.359847 0.016336 0.011674
0 0.843697 0.726752 0.019694 0.013669
0 0.587768 0.804738 0.023894 0.014430
0 0.268551 0.822832 0.019829 0.014260
0 0.633914 0.448742 0.019399 0.012496
0 0.506524 0.623673 0.019769 0.013780
0 0.206324 0.675932 0.018328 0.011958
0 0.458132 0.482042 0.022819 0.015122
0 0.667080 0.838545 0.022860 0.013641
0 0.279859 0.581232 0.020877 0.013453
0 0.394330 0.596245 0.024411 0.017287
0 0.532224 0.420813 0.017896 0.013176
1 0.553064 0.399065 0.039456 0.036629
0 0.818817 0.736571 0.016491 0.011473
0 0.237877 0.866501 0.017116 0.011466
0 0.319518 0.551071 0.018765 0.013384
0 0.856851 0.583245 0.017383 0.012204
0 0.629409 0.405237 0.018054 0.014650
0 0.304976 0.908303 0.017438 0.011743
0 0.306345 0.527973 0.022446 0.013645
0 0.485524 0.693761 0.019077 0.013355
0 0.198558 0.583909 0.020950 0.014911
0 0.581316 0.458221 0.019675 0.011888
0 0.499053 0.965672 0.026928 0.019797
0 0.576812 0.476564 0.017408 0.011761
0 0.721733 0.784081 0.016432 0.011455
0 0.442431 0.667340 0.017456 0.010921
0 0.694797 0.859161 0.026738 0.015919
0 0.866009 0.481135 0.019400 0.014221
0 0.591882 0.733042 0.017632 0.013367
0 0.267758 0.409913 0.021338 0.015813
0 0.290222 0.411796 0.022162 0.014726
0 0.493655 0.368876 0.020469 0.015509
0 0.377913 0.366546 0.017389 0.012063
0 0.759690 0.775617 0.017952 0.011798
0 0.451233 0.354929 0.034605 0.016565
0 0.340990 0.413602 0.016354 0.011650
0 0.371522 0.664989 0.015236 0.010899
0 0.495376 0.603343 0.021632 0.016760
0 0.646175 0.570621 0.020810 0.014105
0 0.550615 0.829670 0.023136 0.016005
0 0.473976 0.850773 0.016258 0.013274
0 0.451548 0.497598 0.021306 0.016477
0 0.800503 0.710992 0.026651 0.018534
0 0.632060 0.477273 0.027968 0.014058
0 0.556407 0.522293 0.016957 0.012124
0 0.667674 0.814391 0.019534 0.011384
0 0.244756 0.837705 0.023992 0.015183
0 0.304188 0.491383 0.045765 0.016390
0 0.712943 0.614379 0.017190 0.010611
0 0.324779 0.499424 0.031256 0.026438
0 0.896484 0.499437 0.024232 0.017018
0 0.839554 0.658211 0.016730 0.011345