0 0.821425 0.458087 0.025566 0.020504
1 0.353615 0.498687 0.064793 0.049743
0 0.566960 0.645930 0.025926 0.020039
1 0.343754 0.844573 0.080984 0.061562
0 0.418246 0.379368 0.030220 0.020863
0 0.464131 0.195040 0.027795 0.019618
1 0.263105 0.044152 0.079131 0.059091
0 0.552517 0.829628 0.030795 0.022250
0 0.641854 0.221213 0.029064 0.022247
0 0.313621 0.696929 0.025831 0.019691
0 0.463192 0.607684 0.026564 0.018517
0 0.540251 0.785879 0.025584 0.020961
0 0.383249 0.282489 0.024805 0.018346
0 0.643282 0.636431 0.023399 0.017508
1 0.029822 0.666240 0.059644 0.057742
0 0.625629 0.757790 0.024415 0.017810
0 0.367502 0.727361 0.025112 0.018001
0 0.302215 0.331074 0.025122 0.017106
0 0.432675 0.320643 0.026133 0.018763
0 0.801344 0.694029 0.023589 0.017798
0 0.377730 0.107293 0.023698 0.018935
0 0.429144 0.438615 0.024152 0.018071
0 0.595735 0.729334 0.022097 0.015453
0 0.727893 0.217574 0.027816 0.020939
0 0.521810 0.719718 0.023358 0.018688
0 0.778344 0.324481 0.024513 0.018516
0 0.696054 0.746164 0.021778 0.017055
0 0.333040 0.398226 0.031497 0.019205
0 0.878631 0.542871 0.025567 0.020836
0 0.268932 0.281170 0.026663 0.021403
0 0.154309 0.197026 0.024083 0.017508
0 0.229349 0.567422 0.029164 0.020597
0 0.538621 0.515102 0.026311 0.020629
0 0.642066 0.578048 0.024650 0.017268
0 0.408227 0.580878 0.029456 0.026470
0 0.726775 0.417276 0.032080 0.019254
0 0.713218 0.839701 0.024453 0.017699
0 0.895122 0.346713 0.023701 0.018075
0 0.723778 0.882027 0.026519 0.019361
0 0.377229 0.762005 0.024698 0.018721
0 0.685643 0.801088 0.020476 0.015784
0 0.570627 0.789035 0.023882 0.018648
0 0.362830 0.673579 0.024364 0.018385
0 0.499915 0.412893 0.023376 0.017579
0 0.498278 0.222611 0.024647 0.018126
0 0.683184 0.939866 0.022824 0.016807
0 0.659600 0.426155 0.028798 0.020582
1 0.225256 0.093201 0.068329 0.051614
0 0.394006 0.667358 0.031484 0.020271
0 0.414618 0.119324 0.020424 0.013820
0 0.602057 0.703546 0.024237 0.017192
0 0.199916 0.136040 0.026030 0.020087
0 0.815914 0.738016 0.024242 0.017745
0 0.110960 0.181771 0.024660 0.020343
0 0.872745 0.440474 0.020115 0.014159
0 0.449338 0.076509 0.021373 0.015898
0 0.404991 0.337154 0.024596 0.018307
0 0.240977 0.220254 0.020740 0.014764
0 0.261234 0.360851 0.034702 0.020999
0 0.382662 0.430947 0.023621 0.018236
0 0.424495 0.214033 0.022946 0.016842
0 0.653284 0.886140 0.025244 0.017263
0 0.449787 0.277987 0.025112 0.018178
0 0.787569 0.579881 0.023351 0.017128
0 0.722829 0.973345 0.022088 0.016338
0 0.681513 0.830621 0.020145 0.014674
0 0.310700 0.301230 0.020764 0.014506
0 0.480186 0.990831 0.024432 0.017942
0 0.652755 0.529130 0.029515 0.021952
0 0.188412 0.597342 0.029255 0.021755
0 0.429770 0.527876 0.022974 0.016064
0 0.774027 0.717381 0.021056 0.014498
0 0.340804 0.902292 0.022205 0.016853
0 0.675618 0.467596 0.020494 0.014708
0 0.452951 0.549346 0.029558 0.020680
0 0.813822 0.669968 0.019876 0.014791
0 0.595907 0.441042 0.020548 0.014567
0 0.847628 0.720306 0.019753 0.014313
0 0.228766 0.275191 0.021241 0.015325
0 0.298267 0.263351 0.021052 0.014120
0 0.812589 0.775254 0.020759 0.015130
1 0.297947 0.881068 0.067886 0.048044
0 0.440713 0.656046 0.025050 0.016820
0 0.698492 0.605166 0.024642 0.018246
0 0.734163 0.787589 0.022083 0.016053
0 0.538685 0.154722 0.025461 0.018257
0 0.640400 0.907863 0.020433 0.014085
0 0.055415 0.122897 0.031071 0.020581
0 0.461397 0.129902 0.020660 0.013727
0 0.788946 0.417731 0.020622 0.014049
0 0.557600 0.433970 0.024710 0.017601
0 0.699963 0.648968 0.022351 0.016942
0 0.454918 0.747112 0.026015 0.017380
0 0.332094 0.785259 0.028494 0.023656
0 0.581806 0.597577 0.031131 0.017904
0 0.609110 0.566905 0.030394 0.020312
0 0.084157 0.312723 0.024135 0.018819
0 0.199806 0.304093 0.025902 0.018313
0 0.290547 0.166348 0.026073 0.021392
0 0.341672 0.293336 0.020891 0.015592
0 0.826389 0.412889 0.020482 0.013919
0 0.124540 0.657814 0.028955 0.021898
0 0.474184 0.446604 0.021300 0.015419
0 0.097630 0.243937 0.019430 0.014488
0 0.248797 0.518725 0.025140 0.021902
0 0.451472 0.966005 0.024857 0.016624
0 0.212573 0.483920 0.022669 0.017730
0 0.421612 0.746570 0.020871 0.015414
0 0.752074 0.666969 0.021502 0.015639
0 0.788637 0.225877 0.032561 0.020732
0 0.458021 0.700657 0.024110 0.018034
0 0.121502 0.609294 0.026147 0.019636
0 0.534885 0.922041 0.027419 0.021763
0 0.863434 0.639863 0.024946 0.017681
0 0.029770 0.188436 0.023278 0.016122
0 0.643996 0.476035 0.021310 0.014900
0 0.604166 0.788950 0.021127 0.015299
0 0.267819 0.440840 0.023751 0.019315
0 0.388428 0.064810 0.029939 0.016321
0 0.310056 0.369658 0.023059 0.017066
0 0.891923 0.647427 0.020913 0.015274
0 0.747997 0.351036 0.024553 0.018700
0 0.499502 0.471994 0.030084 0.020785
0 0.177467 0.334636 0.020342 0.015878
0 0.478026 0.510559 0.021645 0.015714
0 0.156760 0.296846 0.020974 0.015033
0 0.478222 0.725492 0.028862 0.019804
0 0.492961 0.970128 0.023476 0.018272
0 0.759562 0.793178 0.020341 0.017236
0 0.537827 0.359523 0.030200 0.024515
0 0.356499 0.186347 0.028423 0.023573
0 0.645229 0.605405 0.026592 0.017238
0 0.429989 0.295517 0.021282 0.014266
0 0.290905 0.929073 0.040999 0.022700
0 0.543613 0.890379 0.021403 0.016045
0 0.479676 0.100612 0.024526 0.017001
0 0.196970 0.361132 0.021061 0.015088
0 0.818809 0.557671 0.027208 0.018776
0 0.655729 0.922640 0.020851 0.014159
0 0.860226 0.315048 0.025580 0.017288
0 0.736146 0.485643 0.023748 0.017716
0 0.044493 0.069134 0.021668 0.016837
0 0.394357 0.993785 0.022459 0.012429
0 0.467761 0.226118 0.021863 0.014274
0 0.480872 0.654063 0.033284 0.019552
0 0.410927 0.971392 0.020718 0.015391
0 0.112485 0.053480 0.018172 0.013537
0 0.832203 0.308028 0.025431 0.017608
0 0.400107 0.168753 0.019725 0.015735
0 0.893874 0.492926 0.019514 0.013946
0 0.275991 0.231673 0.019457 0.018564
0 0.533142 0.390363 0.027014 0.019767
0 0.148658 0.138211 0.021928 0.017731
0 0.539561 0.112642 0.030329 0.018760
0 0.856644 0.602956 0.020137 0.014658
0 0.634104 0.871163 0.018865 0.014194
0 0.871971 0.465775 0.020686 0.013798
0 0.696672 0.374641 0.035833 0.026167
0 0.012893 0.367107 0.025786 0.025236
0 0.244882 0.324449 0.025505 0.018630
0 0.752512 0.454516 0.028743 0.019550
0 0.729149 0.719839 0.020274 0.015135
0 0.518141 0.453390 0.021299 0.015050
0 0.065859 0.606552 0.027908 0.020309
0 0.225295 0.612601 0.028406 0.021476
0 0.411713 0.468095 0.020796 0.014443
0 0.150778 0.257107 0.024823 0.017871
0 0.685431 0.986698 0.024572 0.018188
0 0.046568 0.160334 0.020394 0.015859
0 0.084860 0.677756 0.032761 0.024399
0 0.783220 0.506513 0.023143 0.017155
0 0.727078 0.521440 0.027785 0.017987
0 0.558806 0.976953 0.029729 0.018888
0 0.342433 0.140105 0.030836 0.015683
0 0.319633 0.433751 0.020762 0.015324
0 0.229745 0.201255 0.019537 0.013928
0 0.414177 0.867785 0.024683 0.019136
0 0.510891 0.661866 0.027094 0.020624
0 0.273536 0.395923 0.036112 0.026472
0 0.129460 0.038035 0.018154 0.013403
0 0.256596 0.118871 0.021823 0.014558
0 0.057171 0.265155 0.022017 0.016016
0 0.374305 0.966509 0.030111 0.017551
0 0.253097 0.163522 0.020357 0.012969
0 0.557910 0.464717 0.020588 0.014725
0 0.203938 0.204771 0.020414 0.012973
0 0.073484 0.546203 0.023916 0.018349
0 0.008010 0.256642 0.016019 0.016699
0 0.424342 0.775627 0.021307 0.015627
0 0.830534 0.854803 0.017542 0.012090
0 0.832629 0.584794 0.020779 0.013974
0 0.813983 0.824854 0.017786 0.012239
0 0.556159 0.702972 0.022791 0.015890
0 0.390383 0.944336 0.019660 0.014198
0 0.445632 0.484452 0.027058 0.015574
0 0.081989 0.643209 0.029895 0.021459
0 0.544740 0.738870 0.019967 0.014037
0 0.846761 0.385945 0.018671 0.012807
0 0.362282 0.529918 0.022357 0.015149
0 0.432681 0.795757 0.025499 0.019860
0 0.685537 0.890596 0.018745 0.013623
0 0.847266 0.621389 0.020672 0.015948
0 0.719486 0.737704 0.019206 0.013137
0 0.753294 0.573455 0.023542 0.017815
0 0.038564 0.283400 0.023575 0.018039
0 0.276382 0.466414 0.021730 0.015050
0 0.412011 0.837059 0.020577 0.015192
0 0.214443 0.175284 0.019249 0.012699
0 0.007618 0.318109 0.015235 0.016628
0 0.391217 0.786726 0.020599 0.014059
0 0.862854 0.830013 0.024035 0.016153
0 0.843070 0.758341 0.018957 0.012833
0 0.559582 0.610893 0.022219 0.014684
0 0.542205 0.618426 0.026407 0.015119
0 0.441778 0.230957 0.020045 0.012689
0 0.390394 0.823539 0.023643 0.018013
0 0.146564 0.220964 0.018436 0.012225
0 0.133889 0.433639 0.028215 0.021972
1 0.292541 0.738074 0.044974 0.050338
0 0.014662 0.422504 0.023626 0.018769
0 0.466233 0.485641 0.021187 0.013395
0 0.623903 0.543494 0.020281 0.016456
0 0.391016 0.910735 0.021711 0.017105
0 0.779473 0.355206 0.023188 0.016279
0 0.269310 0.709463 0.023583 0.017479
0 0.610747 0.149393 0.023166 0.016640
0 0.164753 0.035552 0.017903 0.013625
0 0.785962 0.915845 0.019535 0.013793
0 0.339978 0.975045 0.022300 0.018579
0 0.756013 0.381925 0.031833 0.018195
0 0.531238 0.649771 0.022686 0.016522
0 0.576658 0.472790 0.021521 0.014341
0 0.113650 0.387679 0.021355 0.016227
0 0.154799 0.513815 0.023831 0.018506
0 0.122431 0.525065 0.023306 0.017248
0 0.044933 0.456813 0.026798 0.020017
0 0.401884 0.153685 0.020567 0.017608
0 0.224896 0.342114 0.018101 0.012020
0 0.632707 0.782619 0.022174 0.015046
0 0.285968 0.982193 0.021786 0.017003
0 0.133855 0.481548 0.023589 0.017989
0 0.062888 0.480693 0.025944 0.019084
0 0.020860 0.213225 0.023073 0.014187
0 0.328208 0.137638 0.028262 0.014138
0 0.253792 0.189097 0.023427 0.012351
0 0.081523 0.415524 0.023509 0.018261
0 0.295450 0.421031 0.026072 0.015413
0 0.277450 0.238059 0.025835 0.026479
0 0.565198 0.468614 0.029926 0.017840
0 0.642462 0.439633 0.020916 0.016500
0 0.637769 0.875152 0.032905 0.019517
0 0.468010 0.912567 0.026503 0.019534
0 0.527640 0.489463 0.025678 0.015488
0 0.519342 0.656121 0.036043 0.021444
0 0.214046 0.445779 0.024475 0.016623
0 0.666216 0.147850 0.024940 0.018845
0 0.372596 0.670798 0.037940 0.016675
0 0.143913 0.143400 0.029268 0.025321
0 0.579160 0.504275 0.023982 0.024985
0 0.447393 0.898147 0.022291 0.019942
0 0.094102 0.373003 0.021933 0.014693
0 0.138739 0.263934 0.020584 0.015097
0 0.376441 0.642273 0.028685 0.018981
0 0.259785 0.186294 0.028961 0.013289
0 0.433175 0.935403 0.019958 0.014099
0 0.207170 0.516386 0.023958 0.020289
0 0.534972 0.376321 0.030910 0.033720
0 0.064176 0.217727 0.028066 0.017484
0 0.286258 0.484316 0.020829 0.014459
0 0.144090 0.347380 0.020399 0.018501