0 0.196656 0.492964 0.023669 0.018800
0 0.321868 0.457681 0.017939 0.013995
0 0.301477 0.517299 0.021198 0.015185
0 0.633340 0.404298 0.014131 0.012444
0 0.220673 0.744128 0.015249 0.011460
0 0.323482 0.553666 0.021015 0.015707
0 0.294156 0.665839 0.021886 0.017593
0 0.353043 0.729339 0.020802 0.016641
0 0.711204 0.627199 0.018696 0.012411
0 0.246022 0.825222 0.020629 0.014096
0 0.775455 0.685814 0.015794 0.012489
0 0.647062 0.672406 0.019235 0.014457
0 0.137923 0.657854 0.016094 0.011651
0 0.433284 0.778691 0.018716 0.014109
0 0.405120 0.584956 0.017399 0.014276
0 0.296394 0.777892 0.019507 0.014927
0 0.210287 0.793371 0.015680 0.009932
0 0.587330 0.573328 0.020238 0.016125
0 0.622091 0.708185 0.016034 0.012052
0 0.255645 0.802990 0.019412 0.013265
0 0.488067 0.789856 0.015994 0.011962
0 0.703642 0.692362 0.021569 0.015895
0 0.338668 0.340757 0.018199 0.016168
0 0.285723 0.629708 0.017878 0.012671
0 0.714710 0.642050 0.020925 0.013662
0 0.345211 0.492487 0.023413 0.017290
0 0.223446 0.418730 0.016300 0.012545
0 0.686070 0.458649 0.015000 0.011217
0 0.742448 0.660386 0.015262 0.010321
0 0.495790 0.564610 0.018338 0.013929
0 0.473673 0.637927 0.020692 0.016497
0 0.487208 0.603294 0.019460 0.015352
0 0.798092 0.602433 0.015859 0.009894
0 0.222535 0.440542 0.021420 0.015630
0 0.369055 0.421785 0.011006 0.010192
0 0.414628 0.893670 0.024816 0.015157
0 0.238633 0.773595 0.013294 0.010551
0 0.635476 0.784826 0.019827 0.013903
0 0.686087 0.490514 0.016497 0.011559
0 0.531223 0.726886 0.015325 0.011347
0 0.760443 0.796139 0.011459 0.006924
0 0.256983 0.391236 0.016787 0.011380
0 0.444127 0.826657 0.021296 0.015004
0 0.521972 0.906674 0.027672 0.019246
0 0.117207 0.672567 0.014651 0.012066
0 0.478517 0.672155 0.014974 0.011303
0 0.506580 0.653772 0.015068 0.011002
0 0.742619 0.603298 0.014550 0.011266
0 0.678100 0.883718 0.010777 0.009301
0 0.433483 0.439834 0.014859 0.012497
0 0.285924 0.720117 0.013926 0.011641
0 0.701947 0.579544 0.014760 0.010891
0 0.350043 0.469612 0.015806 0.011767
0 0.526256 0.780984 0.017497 0.012491
0 0.599950 0.439768 0.013765 0.007680
0 0.339817 0.693771 0.015821 0.009917
0 0.752471 0.509045 0.017806 0.012713
0 0.494876 0.469955 0.019280 0.011911
0 0.612448 0.895323 0.013443 0.006990
0 0.271853 0.608794 0.016358 0.012287
1 0.581377 0.877934 0.050078 0.035211
1 0.555556 0.642019 0.039124 0.028169
1 0.525039 0.678404 0.043818 0.023474