1 0.229301 0.606192 0.062949 0.048357
0 0.267176 0.367956 0.019312 0.013655
0 0.579949 0.517272 0.017914 0.011736
0 0.583534 0.332866 0.018786 0.013827
1 0.277545 0.481596 0.052068 0.030560
1 0.488145 0.438077 0.060772 0.036244
1 0.458832 0.380364 0.046254 0.033169
0 0.582190 0.280924 0.018071 0.012424
1 0.401750 0.534723 0.043369 0.027946
0 0.652753 0.312069 0.023590 0.018603
1 0.359138 0.701537 0.047288 0.036995
0 0.490292 0.284677 0.017448 0.013746
1 0.207847 0.531673 0.049721 0.033019
1 0.382790 0.463298 0.119899 0.085048
0 0.705973 0.476684 0.018064 0.011888
0 0.703689 0.365431 0.019567 0.013803
0 0.297937 0.429462 0.014739 0.010800
0 0.592127 0.246904 0.016578 0.011891
0 0.446306 0.317179 0.016183 0.011018
0 0.587218 0.407013 0.017979 0.014231
1 0.472761 0.346203 0.047811 0.037466
0 0.632002 0.497509 0.016183 0.011916
1 0.396564 0.342545 0.082922 0.037788
1 0.613782 0.548425 0.057617 0.042771
0 0.497970 0.366396 0.016537 0.011290
0 0.354752 0.294211 0.016552 0.012438
0 0.459172 0.512241 0.015684 0.010328
0 0.493138 0.619279 0.015184 0.009968
0 0.445546 0.472276 0.016615 0.011473
0 0.731453 0.508132 0.017378 0.011699
0 0.826044 0.284155 0.019284 0.014175
0 0.395945 0.270536 0.017310 0.012417
0 0.342373 0.575070 0.015920 0.009936
1 0.620033 0.695711 0.051199 0.037986
0 0.415156 0.647465 0.014670 0.010951
0 0.529228 0.374991 0.022955 0.015246
0 0.465476 0.598114 0.014871 0.011675
0 0.590875 0.218395 0.020352 0.014389
0 0.766026 0.503693 0.019937 0.012892
0 0.446443 0.608586 0.014557 0.010757
0 0.537460 0.328247 0.019484 0.013956
0 0.749877 0.539970 0.018191 0.011563
0 0.467594 0.577938 0.014757 0.010561
0 0.286004 0.629111 0.013157 0.009518
0 0.474410 0.235619 0.018444 0.013405
0 0.240972 0.560491 0.014897 0.010077
0 0.787337 0.351269 0.017878 0.013949
1 0.666215 0.545524 0.052379 0.033249
0 0.405191 0.415431 0.016180 0.010586
0 0.542256 0.483963 0.021273 0.014820
0 0.715995 0.339503 0.022982 0.012810
1 0.512855 0.538806 0.036497 0.023701
0 0.404186 0.553074 0.015532 0.009038
0 0.478066 0.683295 0.018689 0.012859
0 0.306826 0.459858 0.013959 0.009735
0 0.386745 0.396258 0.014147 0.009310
0 0.296222 0.332749 0.019234 0.013505
0 0.722231 0.552880 0.016741 0.012069
0 0.514754 0.652503 0.017242 0.011662
0 0.227661 0.437237 0.018964 0.013819
0 0.305358 0.559030 0.016772 0.011296
0 0.608516 0.651391 0.020593 0.014894
0 0.649267 0.519983 0.015936 0.011505
0 0.615508 0.384733 0.016956 0.016349
0 0.392503 0.654589 0.014968 0.010837
0 0.283055 0.594683 0.014587 0.010291
0 0.785812 0.466099 0.017662 0.011411
0 0.670168 0.376741 0.017782 0.012765
0 0.520788 0.690117 0.016566 0.011815
0 0.770550 0.482151 0.015965 0.011049
0 0.552524 0.445255 0.024581 0.012314
0 0.721368 0.524970 0.016949 0.011048
0 0.661207 0.493746 0.016728 0.011178
0 0.356283 0.606760 0.014031 0.012145
0 0.356110 0.616655 0.014271 0.010462
0 0.698100 0.409987 0.016814 0.011560
0 0.432374 0.554451 0.017971 0.012410
0 0.705579 0.559704 0.017046 0.012497
0 0.495965 0.646548 0.015642 0.010631
0 0.368283 0.646085 0.013669 0.010052
0 0.542724 0.460185 0.015816 0.010170
0 0.573757 0.685002 0.020953 0.015239
0 0.326422 0.544774 0.014074 0.009828
0 0.217235 0.416774 0.016515 0.012393
0 0.361318 0.374517 0.015055 0.010867
0 0.580315 0.432841 0.017007 0.011454
0 0.770919 0.533817 0.017361 0.011539
0 0.703511 0.536724 0.014439 0.010745
0 0.527574 0.451505 0.014019 0.009798
0 0.565257 0.639643 0.018562 0.012323
0 0.365176 0.554063 0.019071 0.016430
0 0.654394 0.579457 0.017370 0.012347
0 0.570726 0.541357 0.014044 0.009791
0 0.749928 0.314626 0.017763 0.012102
0 0.753004 0.349355 0.016878 0.012360
0 0.517003 0.258295 0.017088 0.013869
0 0.731293 0.598468 0.016736 0.013049
0 0.390591 0.715927 0.014583 0.008793
0 0.633021 0.443882 0.021640 0.013991
0 0.403077 0.679941 0.015055 0.010081
0 0.637967 0.413188 0.018813 0.013173
0 0.266807 0.453456 0.014466 0.008216
0 0.456212 0.297180 0.015563 0.009952
0 0.314891 0.382404 0.014615 0.010573
0 0.277284 0.453525 0.016322 0.009218
0 0.638808 0.584096 0.015307 0.011594
0 0.736790 0.263242 0.014763 0.011363
0 0.410094 0.698862 0.016278 0.010343
0 0.379868 0.672095 0.014865 0.009315
0 0.435728 0.265849 0.016363 0.010875
0 0.478399 0.641200 0.014252 0.010925
0 0.636618 0.461907 0.015546 0.010612
0 0.717679 0.620551 0.016919 0.013157
0 0.762626 0.428866 0.016634 0.013574
0 0.772033 0.442637 0.015416 0.010738
0 0.224015 0.399223 0.018889 0.012422
0 0.714409 0.308900 0.018843 0.013024
0 0.287384 0.385457 0.014473 0.009660
0 0.482669 0.716357 0.019957 0.014112
0 0.386951 0.622243 0.013667 0.007993
0 0.396864 0.608184 0.015515 0.010081
0 0.237865 0.396715 0.023344 0.012228
0 0.708944 0.313071 0.020142 0.013524
0 0.791668 0.549376 0.016632 0.011413
0 0.529182 0.605062 0.013077 0.008975
0 0.707246 0.239460 0.030044 0.013364
0 0.762705 0.275069 0.016363 0.011086
0 0.797624 0.533080 0.018647 0.012553
0 0.365123 0.319440 0.013259 0.010470
0 0.301069 0.305047 0.018615 0.014320
0 0.226216 0.574512 0.014761 0.008692
0 0.409263 0.382850 0.013872 0.010453
0 0.713515 0.422074 0.017540 0.012681
0 0.516402 0.560146 0.015418 0.010129