0 0.261235 0.623554 0.027248 0.020372
0 0.563869 0.595298 0.028842 0.021487
0 0.464149 0.718155 0.025793 0.019163
0 0.194460 0.798564 0.027649 0.021021
0 0.160242 0.694029 0.028352 0.021517
0 0.622793 0.512080 0.025914 0.019839
0 0.437208 0.615510 0.025643 0.018438
0 0.529911 0.716215 0.025640 0.018181
0 0.629550 0.570657 0.028313 0.021246
0 0.721843 0.752478 0.029358 0.020832
0 0.495149 0.888864 0.026674 0.019425
0 0.489099 0.810177 0.026774 0.020527
0 0.471694 0.934007 0.028403 0.021350
0 0.306030 0.650394 0.028184 0.022713
0 0.383458 0.948987 0.027971 0.019556
0 0.278230 0.868638 0.026370 0.020023
0 0.666739 0.928484 0.019964 0.013716
0 0.465959 0.425088 0.020190 0.014830
0 0.285901 0.468667 0.020071 0.015207
0 0.540243 0.898815 0.021557 0.015872
0 0.759849 0.610461 0.027750 0.019736
0 0.392747 0.634672 0.028070 0.019985
0 0.275598 0.800300 0.021154 0.015219
0 0.129193 0.635703 0.021589 0.015639
0 0.359197 0.968843 0.025798 0.024741
0 0.435797 0.784422 0.019626 0.015076
0 0.562465 0.956867 0.023773 0.016647
0 0.371043 0.783446 0.024610 0.019845
0 0.539609 0.977814 0.022865 0.017131
0 0.251415 0.796399 0.019965 0.014823
0 0.394352 0.854249 0.019813 0.014620
0 0.656398 0.814306 0.018556 0.013662
0 0.269534 0.552501 0.018888 0.014345
0 0.404118 0.601761 0.019680 0.014520
0 0.492421 0.701682 0.019477 0.012105
0 0.304626 0.694660 0.020262 0.015624
0 0.575554 0.919634 0.019426 0.013578