1 0.535279 0.542920 0.047224 0.035565
0 0.490142 0.299657 0.024114 0.018604
0 0.627855 0.377905 0.029440 0.020801
0 0.367257 0.628600 0.024324 0.017962
0 0.441582 0.515324 0.023751 0.017144
0 0.353750 0.304524 0.020121 0.014276
0 0.289117 0.658480 0.020140 0.015184
0 0.355060 0.535959 0.022862 0.017202
0 0.524744 0.674027 0.030252 0.021502
0 0.273201 0.406454 0.024628 0.021423
1 0.374963 0.346736 0.062889 0.043239
0 0.457449 0.372043 0.020863 0.014925
0 0.245353 0.669305 0.019097 0.012250
0 0.621352 0.654040 0.024523 0.018428
0 0.487968 0.366347 0.021054 0.015041
1 0.771601 0.570955 0.036168 0.027024
0 0.581296 0.238020 0.021018 0.014961
0 0.821243 0.396158 0.025011 0.019058
0 0.245956 0.390021 0.022755 0.014994
0 0.247696 0.462213 0.023693 0.018233
0 0.468374 0.612863 0.025911 0.020874
0 0.441682 0.416162 0.021215 0.015331
0 0.217675 0.359604 0.020260 0.014730
0 0.280761 0.595376 0.023473 0.017775
0 0.239364 0.306297 0.018368 0.014711
0 0.439478 0.287918 0.019076 0.014108
0 0.192787 0.376071 0.021267 0.013818
0 0.113832 0.488655 0.020180 0.013779
0 0.546969 0.764327 0.026201 0.017849
0 0.420173 0.424192 0.020563 0.015316
0 0.512445 0.733922 0.025061 0.018338
0 0.308293 0.408534 0.020317 0.015622
0 0.760466 0.533056 0.018932 0.012522
0 0.645217 0.492274 0.025073 0.016797
0 0.587042 0.487374 0.033847 0.016118
0 0.253524 0.440707 0.020983 0.012213
0 0.560316 0.738259 0.028103 0.019938
0 0.330828 0.489589 0.022597 0.013350
0 0.455462 0.766378 0.024730 0.018622
0 0.672710 0.382589 0.018930 0.014827
0 0.269529 0.423937 0.020742 0.013885
0 0.368063 0.466281 0.023777 0.017452
0 0.453652 0.339347 0.017155 0.010752
0 0.409116 0.704975 0.017958 0.014040