1 0.141196 0.850743 0.060900 0.045577
1 0.512219 0.642943 0.085898 0.068940
1 0.642693 0.789383 0.057990 0.041934
1 0.706090 0.690364 0.054645 0.045541
1 0.246366 0.952764 0.053459 0.039152
0 0.451003 0.608842 0.018136 0.012853
0 0.379335 0.727435 0.022006 0.015046
0 0.444389 0.458646 0.020108 0.014442
1 0.197277 0.805397 0.087653 0.089819
0 0.335732 0.702486 0.019098 0.013829
0 0.169970 0.620273 0.017775 0.012315
0 0.173095 0.570538 0.018683 0.012943
0 0.269706 0.540048 0.018601 0.012518
1 0.708033 0.754208 0.055632 0.041137
1 0.175653 0.505629 0.050322 0.032100
0 0.319186 0.441873 0.017261 0.012413
0 0.432511 0.490693 0.021122 0.013807
0 0.314374 0.606923 0.020444 0.013928
0 0.217739 0.600867 0.018147 0.012545
0 0.355941 0.659782 0.018296 0.013173
0 0.117822 0.636547 0.019385 0.014244
1 0.528245 0.541591 0.050195 0.032356
0 0.127645 0.715581 0.019605 0.013186
1 0.700783 0.794143 0.055449 0.036357
0 0.461401 0.476962 0.017574 0.011644
0 0.081104 0.722687 0.019730 0.015670
0 0.250807 0.727709 0.018518 0.012888
0 0.445630 0.815122 0.017498 0.012173
0 0.444679 0.776467 0.018557 0.012655
1 0.304901 0.924475 0.095387 0.054875
0 0.403762 0.608858 0.018551 0.012391
0 0.238952 0.625562 0.018194 0.012860
0 0.438390 0.858195 0.018529 0.012339
0 0.061305 0.633197 0.018357 0.011979
0 0.403481 0.482716 0.018436 0.013313
0 0.281163 0.563328 0.018456 0.012017
0 0.313533 0.582097 0.017904 0.012646
0 0.349839 0.740400 0.021990 0.015234
0 0.233770 0.648604 0.018735 0.014077
0 0.365343 0.537598 0.019760 0.013965
0 0.395239 0.647714 0.019091 0.012865
0 0.462381 0.922617 0.018199 0.012738
0 0.363891 0.480244 0.018621 0.012537
0 0.520061 0.695471 0.018419 0.013035
0 0.055171 0.675184 0.018223 0.013944
0 0.272790 0.879530 0.017408 0.012407
0 0.415773 0.626468 0.017554 0.010265
0 0.572277 0.782437 0.017348 0.011995
0 0.349780 0.629880 0.017272 0.011810
0 0.298215 0.807513 0.018191 0.012384
0 0.255151 0.499849 0.018008 0.012473
1 0.058007 0.605084 0.050195 0.028658
0 0.319939 0.883712 0.015251 0.010550
0 0.239430 0.563089 0.018007 0.012553
0 0.270352 0.846997 0.017249 0.012123
0 0.478173 0.503020 0.017363 0.011565
0 0.205574 0.645311 0.018023 0.015471
0 0.511006 0.932816 0.017804 0.012415
0 0.414801 0.550673 0.018807 0.012720
1 0.022507 0.570573 0.045013 0.034237
1 0.410444 0.977914 0.087103 0.044172
0 0.693144 0.602972 0.018671 0.012779
1 0.011131 0.764878 0.022262 0.038029
0 0.428876 0.713877 0.017571 0.011438
0 0.331679 0.859253 0.016855 0.011712
1 0.212713 0.477665 0.058655 0.037551
0 0.589655 0.954900 0.016113 0.011078
0 0.373570 0.905453 0.017466 0.011564
0 0.501342 0.456516 0.020328 0.014474
0 0.564630 0.918201 0.017516 0.011137
0 0.621471 0.516663 0.017733 0.012604
0 0.120043 0.676237 0.020219 0.014711
0 0.535031 0.444277 0.017991 0.012444
0 0.642736 0.647581 0.016269 0.012116
0 0.122914 0.598476 0.016207 0.011256
0 0.523180 0.472737 0.017850 0.012414
0 0.271825 0.759395 0.023658 0.016366
0 0.241208 0.794102 0.014791 0.010767
0 0.663026 0.859045 0.016154 0.011462
0 0.466034 0.680878 0.016301 0.013498
0 0.626770 0.603303 0.017743 0.010825
0 0.371166 0.864244 0.015689 0.009503
0 0.141476 0.520688 0.017866 0.011888
0 0.176702 0.530571 0.017846 0.010923
0 0.113162 0.575742 0.017177 0.012369
0 0.007049 0.643275 0.014097 0.013306
0 0.339361 0.535990 0.020338 0.016074
0 0.228501 0.510357 0.014916 0.010617
0 0.359222 0.781559 0.017047 0.012423
0 0.288698 0.657702 0.016840 0.012816
0 0.228738 0.768070 0.014496 0.010161
0 0.482306 0.783478 0.016427 0.011569
0 0.492328 0.866850 0.020873 0.010550
0 0.434992 0.622971 0.016475 0.009818
0 0.626370 0.853977 0.015076 0.011592
0 0.570498 0.994247 0.017149 0.008633
0 0.572827 0.857118 0.015038 0.011036
0 0.332463 0.994764 0.021016 0.009054
0 0.397065 0.783547 0.016545 0.012236
0 0.202682 0.995228 0.016746 0.008523
0 0.491889 0.445513 0.016699 0.014798
0 0.375390 0.609789 0.016250 0.010498
0 0.621629 0.863972 0.016666 0.010555
0 0.344319 0.824650 0.016506 0.011514
0 0.262747 0.427070 0.016627 0.011027
0 0.626685 0.811218 0.015354 0.009897
0 0.477086 0.889820 0.014802 0.010001
0 0.126191 0.952966 0.017581 0.012304
0 0.087656 0.617583 0.014620 0.009189
0 0.137664 0.491536 0.014503 0.009861
0 0.361430 0.920912 0.012164 0.009244
0 0.519470 0.887881 0.021032 0.013622
0 0.385709 0.552130 0.018715 0.015387
0 0.624227 0.859023 0.017465 0.017119
0 0.319559 0.564967 0.015545 0.011397
0 0.038330 0.852769 0.015552 0.008467
0 0.667312 0.687989 0.016844 0.011541
0 0.239256 0.526352 0.018889 0.009935
0 0.153257 0.959887 0.017612 0.011949
0 0.460250 0.990176 0.017192 0.010730
0 0.606370 0.882209 0.014688 0.011001
0 0.601827 0.696284 0.016019 0.012325
0 0.573516 0.724738 0.016994 0.011720