0 0.593623 0.513240 0.025305 0.018297
0 0.711055 0.447255 0.025212 0.018580
0 0.545485 0.479669 0.022914 0.017077
0 0.604531 0.581628 0.024149 0.016985
0 0.372926 0.357407 0.023419 0.016989
0 0.599900 0.258812 0.023880 0.017840
0 0.655391 0.516773 0.022294 0.016204
0 0.683699 0.408167 0.026418 0.019790
0 0.493389 0.507158 0.020863 0.014755
0 0.270508 0.596659 0.025182 0.020226
0 0.554169 0.656139 0.036189 0.028808
0 0.494134 0.608825 0.026916 0.020738
0 0.411937 0.305236 0.026039 0.019709
0 0.527021 0.521006 0.020559 0.015729
0 0.205289 0.352777 0.018667 0.012785
0 0.325591 0.346025 0.022296 0.015575
0 0.315313 0.600611 0.028445 0.018764
0 0.424947 0.440934 0.026119 0.018001
0 0.343761 0.297899 0.021574 0.015475
0 0.247899 0.475407 0.024654 0.017509
0 0.454198 0.477232 0.021438 0.015653
0 0.295688 0.317696 0.023771 0.017355
0 0.334320 0.378222 0.021800 0.014813
1 0.107346 0.405282 0.051501 0.033901
0 0.345889 0.397697 0.026856 0.018596
0 0.383608 0.475974 0.029793 0.022122
0 0.369400 0.300911 0.019536 0.013330
0 0.368892 0.274850 0.020335 0.014699
0 0.768840 0.408722 0.019046 0.014774
1 0.116560 0.359537 0.038457 0.027605
1 0.615772 0.344308 0.050848 0.043107
0 0.307859 0.651773 0.027358 0.019066
0 0.472205 0.545649 0.019931 0.014134
0 0.169217 0.414116 0.019100 0.013147
0 0.802461 0.482870 0.018822 0.013340
0 0.244907 0.518798 0.024876 0.018225
0 0.347084 0.607843 0.027197 0.018696
0 0.375103 0.198854 0.023704 0.016708
0 0.801558 0.457084 0.018726 0.013224
0 0.484022 0.358481 0.019933 0.015293
0 0.577947 0.428898 0.025195 0.021424
0 0.805706 0.420817 0.020327 0.013801
0 0.705079 0.245257 0.017806 0.014046
0 0.451108 0.544835 0.026924 0.017047
0 0.227547 0.423698 0.023351 0.016314
0 0.353666 0.676826 0.027885 0.020454
0 0.616617 0.457961 0.024991 0.017273
0 0.464530 0.544673 0.038064 0.020389
0 0.777143 0.338582 0.019980 0.014037
0 0.538788 0.585275 0.020777 0.015244
0 0.553176 0.589541 0.022988 0.015449
0 0.310801 0.302268 0.019052 0.013442
0 0.793694 0.540882 0.021593 0.014270
0 0.253895 0.456620 0.018911 0.014643
0 0.702364 0.658704 0.020060 0.014475
0 0.562107 0.466285 0.019337 0.012928
0 0.275671 0.477382 0.023646 0.018419