1 0.408937 0.955737 0.056606 0.050648
0 0.359380 0.297976 0.022981 0.023210
1 0.759930 0.701862 0.054565 0.047755
1 0.657971 0.972196 0.057742 0.055608
1 0.333319 0.921138 0.065697 0.057716
0 0.256096 0.289414 0.023675 0.023967
0 0.360635 0.523795 0.019460 0.019435
0 0.144647 0.747852 0.023877 0.024561
0 0.485526 0.761174 0.019003 0.018025
0 0.211906 0.302796 0.021012 0.020493
0 0.488891 0.254687 0.022106 0.019678
0 0.180188 0.692867 0.022777 0.021536
0 0.181693 0.220073 0.020314 0.020320
0 0.434669 0.524560 0.019407 0.017774
0 0.051972 0.803864 0.024460 0.026222
0 0.031000 0.326181 0.019120 0.019079
0 0.050628 0.846404 0.023458 0.023169
0 0.463731 0.498441 0.017950 0.018227
0 0.458556 0.912654 0.020587 0.018183
0 0.016943 0.823660 0.024898 0.024519
0 0.326431 0.407556 0.018116 0.018469
0 0.223972 0.896712 0.023906 0.021769
0 0.400015 0.504225 0.016615 0.015331
0 0.422520 0.644173 0.018796 0.016793
0 0.193246 0.267949 0.021732 0.020732
0 0.324550 0.680412 0.024710 0.020320
0 0.116139 0.849629 0.025430 0.024816
0 0.086257 0.658501 0.022937 0.024027
0 0.144781 0.258042 0.021666 0.019678
0 0.591687 0.897440 0.016970 0.016594
0 0.513244 0.391825 0.017988 0.017509
0 0.587756 0.664121 0.016992 0.016810
0 0.425457 0.331062 0.019362 0.018224
0 0.525152 0.936298 0.016406 0.014766
0 0.594180 0.787220 0.014254 0.012596
0 0.132107 0.421949 0.020267 0.019847
0 0.551133 0.904409 0.015094 0.014571
0 0.273849 0.991681 0.017498 0.015376
0 0.217784 0.353160 0.020721 0.019461
0 0.443919 0.769654 0.015802 0.015076
0 0.610660 0.293535 0.015769 0.014386
0 0.036359 0.379096 0.019854 0.018293
0 0.567238 0.871969 0.014818 0.013545
0 0.513912 0.908848 0.014503 0.013787
0 0.297084 0.357836 0.023091 0.023718
0 0.065453 0.963010 0.025072 0.021296
0 0.607917 0.582849 0.018014 0.016615
0 0.155034 0.331526 0.018345 0.017996
0 0.620351 0.904179 0.013506 0.012420
0 0.114444 0.942782 0.025496 0.025063
0 0.382093 0.436015 0.018750 0.018896
0 0.564661 0.618857 0.016528 0.016112
0 0.669948 0.666193 0.014695 0.012645
0 0.072751 0.368410 0.022487 0.019054
0 0.448288 0.848084 0.015695 0.015148
0 0.441848 0.666398 0.021074 0.016751
0 0.541302 0.544302 0.016103 0.015073
0 0.555778 0.288842 0.025520 0.019761
0 0.491237 0.902004 0.016072 0.014449
0 0.424288 0.786275 0.015839 0.015892
0 0.352755 0.457276 0.020461 0.020644
0 0.420904 0.859809 0.024575 0.018710
0 0.045812 0.737483 0.024128 0.022052
0 0.602610 0.368244 0.017297 0.016762
0 0.674160 0.579264 0.014652 0.013657
0 0.366827 0.788328 0.020674 0.019769
0 0.399489 0.404768 0.020706 0.021446
0 0.409118 0.799444 0.016344 0.014722
0 0.447766 0.475420 0.016278 0.014656
0 0.539690 0.654009 0.025367 0.018841
0 0.688125 0.626266 0.016512 0.015769
0 0.397961 0.824725 0.017765 0.016243
0 0.118404 0.285606 0.019133 0.020720
0 0.462995 0.652165 0.015921 0.013463
0 0.375138 0.692718 0.022389 0.019860
0 0.674378 0.828355 0.013735 0.011531
0 0.777984 0.454282 0.022873 0.017506
0 0.267700 0.350144 0.017268 0.016217
0 0.431709 0.740491 0.018545 0.017294
0 0.208506 0.485794 0.020444 0.019289
0 0.603503 0.692019 0.016839 0.015218
0 0.580324 0.350077 0.017440 0.014201
0 0.543401 0.393422 0.018242 0.017158
0 0.544683 0.474120 0.016230 0.015049
0 0.639151 0.653618 0.014347 0.013681
0 0.191614 0.362962 0.019927 0.018881
0 0.083432 0.302660 0.021230 0.020056
0 0.375102 0.485078 0.024743 0.019317
0 0.582106 0.532863 0.016477 0.015190
0 0.483107 0.636140 0.021443 0.019342
0 0.061841 0.333770 0.018059 0.017268
0 0.593216 0.407865 0.016180 0.015135
0 0.510220 0.226122 0.021093 0.021210
0 0.560558 0.520792 0.017780 0.018340
0 0.214716 0.950525 0.023172 0.024089
0 0.645182 0.570354 0.014882 0.014139
0 0.565607 0.318960 0.014769 0.014089
0 0.415306 0.694934 0.019771 0.021642
0 0.679627 0.699525 0.016260 0.015339
0 0.492270 0.467710 0.022463 0.021856
0 0.287005 0.332815 0.019719 0.019241
1 0.287396 0.633004 0.042562 0.042355
0 0.146586 0.294954 0.018064 0.017261
0 0.523328 0.849411 0.018031 0.014640
0 0.007015 0.315924 0.014030 0.015653
0 0.224135 0.279197 0.016123 0.016165
0 0.740540 0.550597 0.014464 0.014293
0 0.667015 0.733034 0.013906 0.016437
0 0.651033 0.530704 0.015683 0.014438
0 0.597266 0.329004 0.016074 0.015272
0 0.931500 0.794329 0.027418 0.026726
0 0.693232 0.815030 0.013510 0.012252
0 0.647031 0.294112 0.020349 0.019156
0 0.212522 0.423538 0.018962 0.018706
0 0.457732 0.785409 0.014742 0.013319
0 0.355720 0.866288 0.015550 0.015035
0 0.643046 0.343304 0.019172 0.019301
0 0.327179 0.437372 0.016434 0.015997
0 0.483837 0.994545 0.014675 0.010909
0 0.546842 0.989839 0.015561 0.015581
0 0.548243 0.838266 0.016765 0.015245
0 0.590141 0.839786 0.022084 0.015201
0 0.140518 0.354863 0.016319 0.016102
0 0.368690 0.367620 0.019123 0.018378
0 0.611863 0.861423 0.013344 0.015819
0 0.776808 0.620335 0.013136 0.012281
0 0.414201 0.543656 0.015774 0.015933
0 0.771371 0.794934 0.013875 0.013525
0 0.464287 0.986696 0.015142 0.015712
0 0.806959 0.484030 0.015940 0.015856
0 0.176796 0.567460 0.019438 0.018231
0 0.039636 0.700264 0.025636 0.025449
0 0.679912 0.419634 0.015666 0.016687
0 0.682948 0.303506 0.018624 0.020764
0 0.619257 0.268113 0.015662 0.014089
0 0.326159 0.606407 0.019306 0.017613
0 0.597687 0.224237 0.016756 0.016225
0 0.458013 0.824570 0.017931 0.018165
0 0.145413 0.964448 0.026574 0.019892
0 0.651164 0.776511 0.014036 0.013702
0 0.396454 0.364083 0.018663 0.018238
0 0.606682 0.519816 0.018740 0.015838
0 0.014425 0.381072 0.017590 0.017943
0 0.291493 0.920952 0.017880 0.017324
0 0.543249 0.791205 0.017907 0.015431
0 0.035007 0.253334 0.016417 0.014652
0 0.713941 0.782265 0.012853 0.012948
0 0.358201 0.663803 0.020816 0.017716
0 0.717453 0.876540 0.013442 0.011982
0 0.522710 0.479959 0.016006 0.014274
0 0.261032 0.929863 0.016942 0.015119
0 0.072592 0.397191 0.016120 0.014296
0 0.603847 0.750904 0.013087 0.011292
0 0.183903 0.393709 0.022590 0.018377
0 0.087935 0.421726 0.019476 0.018999
0 0.686276 0.513292 0.020536 0.018185
0 0.028814 0.492732 0.020687 0.019546
0 0.535460 0.875670 0.016750 0.015236
0 0.732409 0.828041 0.013598 0.011541
0 0.633007 0.811730 0.014388 0.018204
0 0.619132 0.409431 0.018068 0.018937
0 0.691890 0.361372 0.015718 0.014712
0 0.793428 0.658751 0.013025 0.014610
0 0.527973 0.755319 0.015076 0.015239
0 0.408836 0.666706 0.015004 0.014222
0 0.709838 0.565377 0.014462 0.013716
0 0.113845 0.650358 0.020049 0.019609
0 0.547055 0.597082 0.017560 0.016113
0 0.571729 0.447761 0.018156 0.016826
0 0.554085 0.738176 0.015115 0.013670
0 0.162763 0.969927 0.021977 0.019104
0 0.016924 0.973608 0.021447 0.022554
0 0.699783 0.923861 0.016099 0.013758
0 0.728830 0.372246 0.019916 0.021199
0 0.656188 0.378553 0.014306 0.012908
0 0.628699 0.622899 0.020236 0.018755
0 0.484480 0.520448 0.025306 0.018323
0 0.715252 0.696138 0.014189 0.012759
0 0.579339 0.838632 0.018870 0.015009
0 0.257199 0.448512 0.021218 0.020754
0 0.565063 0.972463 0.018307 0.015647
0 0.645256 0.746845 0.014199 0.012782
0 0.815007 0.576685 0.015623 0.015941
0 0.579952 0.387413 0.014478 0.012475
0 0.767018 0.583549 0.015909 0.015335
0 0.006822 0.410422 0.013644 0.015936
0 0.580257 0.561312 0.015664 0.013082
0 0.520035 0.821305 0.017066 0.012315
0 0.351678 0.804182 0.017153 0.016521
0 0.723982 0.414843 0.017725 0.016105
0 0.631808 0.592013 0.015572 0.017096
0 0.216818 0.445852 0.020969 0.022167
0 0.478843 0.435878 0.020458 0.019404
0 0.408039 0.760226 0.015393 0.013947
0 0.468498 0.585947 0.016934 0.017024
0 0.529044 0.596740 0.017507 0.016484
0 0.527417 0.220929 0.020905 0.021259
0 0.785887 0.525232 0.016581 0.013609
0 0.669202 0.894765 0.014978 0.014611
0 0.249427 0.478930 0.020091 0.022391
0 0.182499 0.528761 0.017953 0.018116
0 0.614084 0.781651 0.012689 0.011195
0 0.725784 0.674622 0.014997 0.015145
0 0.588912 0.636866 0.017907 0.016621
0 0.277546 0.540127 0.021332 0.019446
0 0.006774 0.677924 0.013548 0.019941
0 0.548043 0.883819 0.016246 0.013782
0 0.402969 0.466151 0.015137 0.013064
0 0.405932 0.343404 0.020457 0.018176
0 0.405251 0.441721 0.016643 0.014353
0 0.678001 0.865247 0.011752 0.010781
0 0.726690 0.617524 0.012939 0.011560
0 0.272048 0.844034 0.017938 0.019825
0 0.434216 0.576447 0.026293 0.020003
0 0.735961 0.859277 0.014901 0.013774
0 0.206929 0.592354 0.021363 0.023061
0 0.695657 0.992833 0.013058 0.011577
0 0.458369 0.614878 0.015212 0.012358
0 0.467125 0.385252 0.023934 0.028155
0 0.754982 0.815198 0.014248 0.015503
0 0.246606 0.847062 0.016877 0.016256
0 0.498980 0.733994 0.015272 0.013345
0 0.761900 0.747253 0.012285 0.011745
0 0.371537 0.395521 0.018491 0.017537
0 0.303289 0.821615 0.020603 0.019466
0 0.691115 0.545811 0.019559 0.019955
0 0.813910 0.678906 0.013122 0.011668
0 0.276222 0.739541 0.021227 0.020125
0 0.738466 0.517904 0.014251 0.013804
0 0.301650 0.456148 0.015301 0.013591
0 0.373377 0.604458 0.018228 0.017426
0 0.234328 0.589423 0.019779 0.018945
0 0.155043 0.966295 0.030095 0.019420
0 0.173564 0.940317 0.016577 0.015073
0 0.628756 0.741676 0.017984 0.015822
0 0.723475 0.351465 0.020396 0.016113
0 0.424493 0.429903 0.017098 0.016658
0 0.363300 0.994608 0.014663 0.010705
0 0.750025 0.651165 0.013329 0.014061
0 0.730060 0.743656 0.013269 0.012107
0 0.422196 0.790584 0.027407 0.023018
0 0.246740 0.427101 0.017914 0.016136
0 0.724897 0.801812 0.019614 0.015116
0 0.141628 0.910524 0.027152 0.020653
0 0.703218 0.852451 0.012774 0.012624
0 0.525276 0.821130 0.017688 0.016409
0 0.493366 0.523174 0.019030 0.016914
0 0.810746 0.644438 0.014137 0.012854
0 0.735923 0.598589 0.014076 0.013168
0 0.798837 0.603418 0.013520 0.011954
0 0.480580 0.813255 0.013252 0.012542
0 0.764249 0.505473 0.013078 0.011719
0 0.169601 0.503010 0.019493 0.018980
0 0.543918 0.879741 0.023423 0.017862
0 0.688886 0.465941 0.017541 0.017590
0 0.691668 0.441733 0.014187 0.011660
0 0.514062 0.445802 0.014630 0.014404
0 0.359110 0.796094 0.028619 0.026171
0 0.385318 0.633830 0.021553 0.021002
0 0.418683 0.879360 0.018033 0.014611
0 0.434876 0.402267 0.017261 0.017761
0 0.305485 0.428314 0.017973 0.018817
0 0.753323 0.882765 0.013483 0.013154
0 0.610274 0.872630 0.012902 0.013255
0 0.298486 0.720557 0.017868 0.017778
0 0.795370 0.524628 0.024994 0.014494
0 0.551648 0.821703 0.012677 0.013230
0 0.055687 0.273705 0.015798 0.015144
0 0.579310 0.718244 0.019353 0.016868
0 0.621404 0.523647 0.016220 0.014440
0 0.586026 0.704687 0.014180 0.013701
0 0.682530 0.381618 0.014765 0.014735
0 0.021280 0.446675 0.021079 0.020275
0 0.527455 0.723200 0.018933 0.018703
0 0.491630 0.608676 0.019122 0.020647