0 0.637779 0.328531 0.015645 0.010561
0 0.520407 0.652139 0.017067 0.010892
0 0.523220 0.205171 0.016243 0.011975
0 0.354052 0.595648 0.015028 0.010259
0 0.551614 0.360270 0.015429 0.010897
0 0.488242 0.608068 0.014379 0.009733
0 0.313160 0.350822 0.016459 0.011029
0 0.463689 0.692611 0.016850 0.011097
0 0.523631 0.369947 0.014786 0.010444
0 0.628056 0.470512 0.014789 0.010713
0 0.596645 0.516115 0.013544 0.009740
0 0.416445 0.394102 0.013650 0.009791
0 0.173187 0.327132 0.015974 0.011111
0 0.263519 0.356620 0.015747 0.010525
0 0.442573 0.518049 0.014721 0.010148
0 0.511512 0.602542 0.015013 0.010688
0 0.650607 0.217425 0.017698 0.012753
0 0.490597 0.421844 0.016590 0.010369
0 0.250594 0.268746 0.013259 0.010130
0 0.542846 0.330947 0.016791 0.011423
0 0.562099 0.295421 0.016272 0.010801
0 0.391243 0.536921 0.015701 0.010503
0 0.472409 0.589148 0.013944 0.009499
0 0.449523 0.459002 0.013349 0.009879
0 0.618640 0.236549 0.017810 0.012479
0 0.545545 0.464985 0.015752 0.010268
0 0.348201 0.555961 0.014256 0.009653
0 0.315782 0.369514 0.013526 0.010044
0 0.664468 0.490809 0.013523 0.009929
0 0.749605 0.296655 0.019008 0.014596
0 0.349774 0.419438 0.013769 0.009554
0 0.762442 0.358715 0.017929 0.012043
0 0.144764 0.270745 0.016937 0.011453
0 0.547500 0.404018 0.015156 0.009876
0 0.398078 0.724324 0.019398 0.014998
0 0.519715 0.233689 0.014900 0.010848
0 0.410451 0.375432 0.016385 0.010957
0 0.522221 0.627056 0.015902 0.009893
0 0.703945 0.517083 0.015422 0.010230
0 0.420282 0.337197 0.017687 0.014066
0 0.496831 0.623457 0.016094 0.010357
0 0.582866 0.466154 0.015591 0.010173
0 0.211522 0.346299 0.016234 0.010245
0 0.218018 0.626211 0.015917 0.010603
0 0.604662 0.628020 0.015422 0.010141
0 0.379809 0.319382 0.015696 0.010140
0 0.202169 0.380678 0.014782 0.010342
0 0.418995 0.569606 0.015954 0.010534
0 0.596371 0.594112 0.014117 0.009261
0 0.579399 0.623946 0.015786 0.010121
0 0.446799 0.478902 0.013439 0.009168
0 0.543062 0.309661 0.018091 0.010755
0 0.503558 0.255240 0.015605 0.010521
0 0.714301 0.265937 0.017054 0.010998
0 0.540680 0.256376 0.015607 0.011468
0 0.370740 0.258019 0.016608 0.010851
0 0.584809 0.377555 0.015345 0.009600
0 0.371370 0.539626 0.014569 0.008741
0 0.169136 0.396263 0.016667 0.011031
0 0.327183 0.197628 0.013978 0.009961
0 0.636147 0.439288 0.014750 0.009622
0 0.651705 0.260094 0.016558 0.012931
0 0.600367 0.358294 0.014600 0.009187
0 0.564745 0.548947 0.016399 0.010622
0 0.605086 0.408347 0.015000 0.009982
0 0.532504 0.539300 0.014054 0.008828
0 0.422866 0.718719 0.017437 0.012049
0 0.353370 0.477020 0.013586 0.009168
0 0.616074 0.287730 0.015066 0.009654
0 0.482581 0.230117 0.017468 0.013589
0 0.397038 0.225365 0.015127 0.010296
0 0.277341 0.571128 0.016452 0.011603
0 0.405031 0.301014 0.017439 0.011288
0 0.521143 0.274342 0.017079 0.011021
0 0.617808 0.499824 0.013892 0.009761
0 0.359478 0.452180 0.014069 0.009753
0 0.342855 0.217015 0.015101 0.009736
0 0.282124 0.239072 0.018751 0.011961
0 0.573406 0.572342 0.013450 0.008764
0 0.306613 0.502972 0.016460 0.011551
0 0.236387 0.386004 0.017554 0.013782
0 0.589046 0.558673 0.014681 0.009292
0 0.747645 0.402490 0.014562 0.009967
0 0.327735 0.471007 0.016060 0.012848
0 0.099910 0.292874 0.019651 0.013837
0 0.692967 0.285479 0.017584 0.014564
0 0.298929 0.272183 0.014595 0.010309
0 0.753673 0.377795 0.013971 0.008937
0 0.470384 0.516950 0.015328 0.011057
0 0.090867 0.390818 0.014312 0.009551
0 0.490142 0.556475 0.014016 0.011710
0 0.526795 0.676253 0.016674 0.011988
0 0.494796 0.522284 0.014441 0.009605
0 0.262302 0.634597 0.013574 0.008927
0 0.552279 0.681961 0.017581 0.013643
0 0.461994 0.270112 0.022368 0.013713
0 0.781586 0.390188 0.014474 0.010194
0 0.076715 0.316544 0.018473 0.011873
0 0.584043 0.240524 0.016235 0.010602
0 0.320293 0.564962 0.014906 0.009820
0 0.465470 0.191070 0.017455 0.011638
0 0.627993 0.358077 0.013432 0.008663
0 0.313016 0.247069 0.016068 0.010302
0 0.281076 0.675529 0.014613 0.008797
0 0.268560 0.609364 0.013086 0.007817
0 0.523672 0.700974 0.017187 0.011773
0 0.601509 0.322958 0.017640 0.010860
0 0.789182 0.371393 0.015373 0.011010
0 0.310608 0.700176 0.017021 0.012851
0 0.749798 0.485290 0.015230 0.011816
0 0.223756 0.210626 0.017654 0.010961
0 0.307632 0.224978 0.015330 0.010384
0 0.489476 0.163111 0.014367 0.009351
0 0.143911 0.365580 0.014064 0.009669
0 0.191643 0.225178 0.017576 0.013646
0 0.623174 0.545325 0.015747 0.010385
0 0.582181 0.677980 0.014589 0.010237
0 0.497738 0.722294 0.017952 0.012651
0 0.388343 0.471249 0.014376 0.010534
0 0.335837 0.391877 0.014300 0.009619
0 0.246076 0.589988 0.016574 0.011085
0 0.656117 0.412096 0.015794 0.010902
0 0.637739 0.596420 0.014366 0.009776
0 0.531925 0.564188 0.016807 0.010399
0 0.565862 0.330439 0.017292 0.010960
0 0.566233 0.435233 0.016915 0.010194
0 0.368565 0.371259 0.014173 0.009811
0 0.430476 0.663883 0.018991 0.011999
0 0.316485 0.680434 0.014570 0.010204
0 0.369383 0.337597 0.014798 0.009704
0 0.606360 0.459685 0.014182 0.009062
0 0.421013 0.426121 0.014997 0.010225
0 0.696857 0.366101 0.014003 0.009615
0 0.362955 0.726862 0.018716 0.011246
0 0.489600 0.681728 0.016061 0.011525
0 0.367847 0.171757 0.017126 0.012581
0 0.258639 0.296322 0.018715 0.013704
0 0.659028 0.340489 0.016697 0.010712
0 0.349775 0.644315 0.013296 0.009131
0 0.111779 0.507848 0.013495 0.009655
0 0.515256 0.520832 0.013917 0.009861
0 0.574107 0.220470 0.020608 0.013073
0 0.675448 0.631560 0.016261 0.011003
0 0.355365 0.311930 0.016926 0.010488
0 0.212205 0.255865 0.019801 0.010786
0 0.793986 0.440784 0.015267 0.010732
0 0.240969 0.696207 0.015235 0.010370
0 0.518843 0.456012 0.012478 0.010570
0 0.399880 0.668696 0.014836 0.010278
0 0.621049 0.423782 0.013555 0.010057
0 0.335193 0.658674 0.017839 0.009576
0 0.414444 0.200851 0.018863 0.013723
0 0.710037 0.298159 0.015670 0.010161
0 0.365165 0.504705 0.018223 0.011151
0 0.673670 0.611619 0.016817 0.010657
0 0.453216 0.426728 0.016634 0.009619
0 0.568840 0.525283 0.013306 0.009973
0 0.246144 0.193764 0.016347 0.011224
0 0.670069 0.242862 0.020796 0.013725
0 0.634644 0.392096 0.014093 0.009085
0 0.123790 0.310864 0.015141 0.009917
0 0.420872 0.687594 0.015078 0.010418
0 0.509786 0.587558 0.012795 0.008458
0 0.383286 0.439864 0.015224 0.009597
0 0.525705 0.427868 0.012859 0.008334
0 0.374156 0.210654 0.017033 0.011600
0 0.580416 0.412461 0.015277 0.009189
0 0.517953 0.469464 0.012748 0.009916
0 0.118666 0.540747 0.013212 0.008792
0 0.361993 0.520906 0.014705 0.008821
0 0.204388 0.359124 0.013389 0.009204
0 0.268123 0.701443 0.015866 0.010727
0 0.047230 0.412214 0.013279 0.009879
0 0.563367 0.390475 0.016932 0.009598
0 0.348430 0.183846 0.015565 0.011384
0 0.504996 0.680320 0.019171 0.012445
0 0.621253 0.387279 0.014559 0.009945
0 0.085214 0.335391 0.016381 0.009833
0 0.462550 0.712338 0.015355 0.015010
0 0.687138 0.496140 0.014729 0.010572
0 0.611515 0.534505 0.011940 0.007741
0 0.308362 0.518561 0.013924 0.009485
0 0.579009 0.697308 0.014877 0.009436
0 0.275532 0.195920 0.016867 0.014009
0 0.366910 0.638167 0.014691 0.009560
0 0.304735 0.596209 0.013083 0.010403
0 0.563356 0.708766 0.015869 0.010345
0 0.062884 0.429093 0.014609 0.009777
0 0.539191 0.492400 0.017452 0.010234
0 0.055109 0.355790 0.022393 0.013060
0 0.340974 0.298407 0.015403 0.014379
0 0.289793 0.178649 0.014061 0.009733
0 0.357914 0.670973 0.016186 0.010231
0 0.276524 0.287435 0.017722 0.011258
0 0.598274 0.221716 0.016629 0.011615
0 0.560302 0.598929 0.014827 0.010224
0 0.356055 0.275444 0.017626 0.011493
0 0.382264 0.358097 0.016494 0.011040
0 0.399289 0.410120 0.015443 0.009417
0 0.495733 0.701860 0.017064 0.010315
0 0.521627 0.387251 0.015624 0.011693
0 0.079882 0.376205 0.012317 0.008322
0 0.524066 0.501120 0.014774 0.009277
0 0.478121 0.483145 0.013267 0.008442
0 0.319734 0.388241 0.012369 0.007908
0 0.210685 0.399520 0.017350 0.010244
0 0.346213 0.254665 0.015151 0.011586
0 0.089210 0.365593 0.013706 0.008075
0 0.424860 0.214915 0.015375 0.010827
0 0.491129 0.190714 0.015232 0.012330
0 0.490094 0.479319 0.013467 0.008698
0 0.540383 0.272914 0.014360 0.009893
0 0.680851 0.419749 0.017592 0.012018
0 0.678198 0.366924 0.014411 0.008286
0 0.225656 0.670614 0.013785 0.008846
0 0.315638 0.534334 0.016333 0.009277
0 0.693711 0.316322 0.013417 0.009084
0 0.784930 0.422814 0.016880 0.009281
0 0.370671 0.398361 0.013653 0.012240
0 0.096129 0.481193 0.011629 0.008443
0 0.370106 0.685324 0.014846 0.010656
0 0.319575 0.639154 0.013097 0.008270
0 0.253045 0.233659 0.017777 0.011439
0 0.653834 0.363833 0.012555 0.008605
0 0.308693 0.422800 0.014598 0.010024
0 0.397297 0.350167 0.016758 0.011420
0 0.115738 0.327306 0.019161 0.012160
0 0.706733 0.347617 0.013955 0.008684
0 0.482815 0.480977 0.016135 0.009036
0 0.579196 0.316739 0.014789 0.009749
0 0.280528 0.222407 0.018025 0.010582
0 0.452897 0.202980 0.013771 0.008995
0 0.302509 0.286008 0.014350 0.009139
0 0.291348 0.617816 0.017929 0.009836
0 0.751263 0.528663 0.013650 0.009580
0 0.487432 0.199785 0.014667 0.012062
0 0.562534 0.606796 0.018010 0.010559
0 0.514618 0.558165 0.013793 0.009233
0 0.746151 0.495942 0.013711 0.008438
0 0.520420 0.409829 0.012770 0.012791
0 0.677899 0.504051 0.014414 0.009017
0 0.736949 0.565169 0.015186 0.009817
0 0.403983 0.478060 0.013427 0.009250
0 0.122883 0.360187 0.013471 0.009978
0 0.139145 0.545815 0.012717 0.008967
0 0.307180 0.171015 0.014465 0.009962
0 0.462267 0.723635 0.016785 0.012653
0 0.643416 0.625996 0.015838 0.010643
0 0.383140 0.413158 0.015762 0.008825
0 0.202258 0.206196 0.016710 0.011730
0 0.403788 0.496368 0.016012 0.011308
0 0.642627 0.290802 0.021894 0.010893
0 0.365474 0.434150 0.013150 0.009316
0 0.617546 0.432128 0.013712 0.009465
0 0.386779 0.678452 0.019277 0.010942
0 0.053310 0.458493 0.011217 0.008382
0 0.417847 0.506614 0.019938 0.010226
0 0.690657 0.350618 0.018875 0.008448
0 0.150800 0.379421 0.018415 0.011463
0 0.270279 0.656591 0.015930 0.010507
1 0.291317 0.427673 0.032363 0.018168
0 0.647627 0.377144 0.014900 0.008515
0 0.113971 0.258872 0.021902 0.015368
0 0.332250 0.265925 0.014096 0.009691
0 0.279367 0.584043 0.016872 0.007779
0 0.239578 0.657035 0.014503 0.009444
0 0.205916 0.668515 0.015466 0.011292
0 0.367207 0.670870 0.018611 0.009103
0 0.304936 0.584790 0.013166 0.012207
0 0.253492 0.658584 0.014437 0.008675
0 0.066146 0.510692 0.012606 0.009399
0 0.332723 0.230272 0.020103 0.010475
0 0.722871 0.535958 0.019421 0.012177
0 0.039435 0.391313 0.014870 0.010375
0 0.654748 0.286656 0.014391 0.012832
0 0.773598 0.494035 0.016662 0.013648
0 0.338341 0.167022 0.014776 0.009147
0 0.808242 0.408109 0.015697 0.010821
0 0.386466 0.199732 0.016776 0.010664
0 0.371665 0.207005 0.017229 0.013634
0 0.637338 0.275132 0.014586 0.011479
0 0.299798 0.666133 0.017111 0.008979
0 0.313372 0.276879 0.017583 0.009163
0 0.090763 0.549245 0.014497 0.010135
0 0.190037 0.236918 0.014809 0.012081
0 0.371669 0.376657 0.013215 0.014072
0 0.688667 0.303823 0.013314 0.009152
0 0.277751 0.327457 0.013225 0.009747
0 0.270033 0.611503 0.020418 0.011327
0 0.262299 0.222793 0.019228 0.010971
0 0.748278 0.492952 0.013681 0.013779
0 0.311680 0.618924 0.013287 0.008543
0 0.083805 0.531001 0.014203 0.009169
0 0.061443 0.357062 0.018623 0.010035
0 0.524192 0.373632 0.016047 0.023043
0 0.237951 0.372197 0.011770 0.009261
0 0.312627 0.544466 0.016326 0.013172
0 0.321211 0.720083 0.019956 0.011820
0 0.777987 0.424704 0.017618 0.009431
0 0.064293 0.474569 0.012462 0.008662
0 0.312200 0.632834 0.014604 0.012163
0 0.617164 0.538270 0.016610 0.014666
0 0.190371 0.230514 0.016444 0.016885
0 0.308600 0.549508 0.016370 0.014896
0 0.084691 0.373254 0.014368 0.009146
0 0.516496 0.488104 0.014869 0.009654
0 0.314800 0.636878 0.018277 0.011317
0 0.122007 0.342688 0.012655 0.009572
0 0.300677 0.562684 0.013258 0.009124
0 0.416831 0.721182 0.034445 0.017342