0 0.379990 0.640677 0.028928 0.019124
0 0.462341 0.530733 0.025641 0.016885
0 0.512859 0.591014 0.030182 0.020093
0 0.589207 0.774589 0.028296 0.022421
0 0.680904 0.496549 0.023246 0.017422
0 0.634048 0.730022 0.021200 0.015132
0 0.335803 0.607826 0.027350 0.018668
0 0.626548 0.818682 0.024746 0.018787
1 0.755748 0.681277 0.102019 0.045797
0 0.710650 0.927146 0.021564 0.014646
0 0.614682 0.985381 0.026252 0.019571
0 0.426057 0.478948 0.020256 0.015060
0 0.564845 0.806079 0.027101 0.016458
0 0.602376 0.678209 0.019424 0.014949
0 0.239545 0.829470 0.032765 0.024389
0 0.438424 0.802223 0.030828 0.020440
0 0.420057 0.752831 0.022842 0.016679
0 0.646579 0.893985 0.027923 0.021135
0 0.320080 0.545315 0.019915 0.015201
0 0.842500 0.582214 0.025199 0.018583
0 0.579863 0.649523 0.028273 0.020504
0 0.648047 0.992896 0.019503 0.012824
0 0.708762 0.793153 0.019485 0.016478
0 0.355800 0.895802 0.036071 0.026919
0 0.791005 0.740757 0.020691 0.015406
0 0.717847 0.569289 0.024969 0.019312
0 0.801846 0.702819 0.018768 0.012008
0 0.494195 0.445671 0.019315 0.014697
0 0.682112 0.953566 0.024572 0.019434
0 0.730446 0.809334 0.021075 0.012870
0 0.315498 0.664103 0.021045 0.015054
0 0.735633 0.848106 0.021781 0.014998
0 0.492374 0.988420 0.031215 0.019243
0 0.635930 0.438665 0.019764 0.013865
1 0.517159 0.753710 0.040557 0.032704
1 0.313272 0.722607 0.050509 0.035868
0 0.704826 0.821619 0.018702 0.012260
0 0.235950 0.679647 0.024639 0.020365
0 0.564532 0.730185 0.017537 0.011766
0 0.512196 0.569550 0.018907 0.013587
0 0.480125 0.598222 0.021748 0.015581
0 0.594294 0.840592 0.022198 0.013381
0 0.689105 0.814954 0.018780 0.011624
0 0.496174 0.638749 0.021276 0.014275
0 0.633073 0.941000 0.024873 0.017340
0 0.865974 0.661059 0.020989 0.016138
0 0.535566 0.731873 0.030329 0.022425
0 0.744993 0.822358 0.021852 0.011567
0 0.642121 0.850244 0.020794 0.015024
0 0.554041 0.841391 0.020046 0.013806
0 0.225407 0.618907 0.020506 0.015268
0 0.763262 0.720087 0.016252 0.010563
0 0.664834 0.884364 0.019910 0.014402
0 0.659948 0.789768 0.015225 0.009979
0 0.207388 0.796175 0.026988 0.021439
0 0.776026 0.910320 0.016891 0.012937
0 0.299503 0.639933 0.020274 0.014646
0 0.698539 0.819374 0.027344 0.015770
0 0.645264 0.508027 0.025374 0.017380