0 0.396322 0.772081 0.024219 0.020459
0 0.399118 0.699244 0.027174 0.023189
0 0.783141 0.670641 0.031984 0.027402
0 0.362519 0.458587 0.026503 0.019704
0 0.719138 0.706748 0.033664 0.028315
0 0.292206 0.708636 0.022623 0.018851
0 0.231140 0.657336 0.022138 0.018143
0 0.487185 0.358065 0.027826 0.022582
0 0.435915 0.689896 0.024162 0.018287
0 0.698072 0.165599 0.033545 0.022124
0 0.427474 0.843515 0.024731 0.019996
0 0.545296 0.254847 0.022939 0.019391
0 0.863118 0.196121 0.029884 0.025610
0 0.401966 0.276429 0.030717 0.022824
0 0.827782 0.653778 0.033119 0.035480
0 0.231030 0.486390 0.023748 0.018018
0 0.941209 0.225103 0.024832 0.018971
0 0.323428 0.349440 0.023677 0.019066
0 0.542033 0.387175 0.025682 0.021261
0 0.479070 0.733655 0.026889 0.020772
0 0.199073 0.551160 0.018108 0.014640
0 0.336356 0.512934 0.023264 0.018725
0 0.259362 0.415002 0.028600 0.020229
0 0.406765 0.506718 0.022728 0.017314
0 0.692297 0.489654 0.028139 0.022401
0 0.624013 0.240132 0.043291 0.034147
0 0.912231 0.175258 0.026573 0.026093
0 0.404080 0.628922 0.020839 0.018018
0 0.609926 0.826053 0.029154 0.021516
0 0.798324 0.737837 0.025485 0.021964
0 0.422930 0.415918 0.036258 0.031095
0 0.798877 0.256399 0.031449 0.027544
0 0.446893 0.383667 0.027960 0.023341
0 0.957945 0.613463 0.032684 0.025223