1 0.593236 0.376310 0.051072 0.038910
0 0.547169 0.443489 0.019847 0.013891
0 0.496053 0.446229 0.021023 0.014421
0 0.465460 0.413340 0.019504 0.012831
1 0.241363 0.553819 0.046815 0.032331
1 0.610648 0.209510 0.041577 0.037299
0 0.403214 0.408393 0.019717 0.014620
0 0.326280 0.192805 0.024964 0.020162
0 0.371282 0.145302 0.019376 0.015566
0 0.734686 0.517573 0.018662 0.013573
0 0.596578 0.277327 0.026207 0.019053
0 0.722741 0.444889 0.020558 0.015218
0 0.516954 0.413236 0.018102 0.012211
0 0.610382 0.541944 0.021807 0.015453
0 0.491187 0.367453 0.021321 0.015781
0 0.607018 0.509604 0.022029 0.015081
0 0.507003 0.584757 0.020339 0.014818
0 0.573205 0.503231 0.019600 0.013828
1 0.242523 0.413674 0.045921 0.035697
0 0.752772 0.534053 0.019702 0.014803
0 0.312197 0.488270 0.025319 0.017937
0 0.528595 0.336731 0.019820 0.013250
0 0.422868 0.449375 0.020343 0.014193
0 0.514958 0.526950 0.019919 0.013823
0 0.185375 0.304487 0.019060 0.013462
0 0.489322 0.645689 0.026748 0.019499
0 0.702968 0.175972 0.019355 0.014609
0 0.227981 0.464546 0.017802 0.012183
0 0.675151 0.430174 0.022485 0.016123
0 0.293115 0.306500 0.025631 0.017480
0 0.395630 0.167062 0.019810 0.014311
0 0.270974 0.357789 0.018678 0.013181
0 0.452810 0.584139 0.018946 0.014802
0 0.776714 0.322386 0.020866 0.015469
0 0.232579 0.271901 0.024524 0.018968
0 0.561903 0.385648 0.016882 0.012135
0 0.643120 0.409171 0.018569 0.015273
0 0.614176 0.658197 0.021362 0.015527
0 0.376168 0.477397 0.017048 0.012138
0 0.525706 0.465565 0.022410 0.013839
0 0.659776 0.158310 0.017924 0.012850
0 0.444790 0.237694 0.020208 0.015640
0 0.876486 0.328399 0.018535 0.013097
0 0.806452 0.491778 0.017959 0.013325
0 0.328174 0.229245 0.019509 0.014224
0 0.322451 0.322107 0.017731 0.013568
0 0.221371 0.523461 0.016594 0.010675
0 0.440588 0.478897 0.017613 0.011916
0 0.550527 0.102914 0.021225 0.013416
0 0.348505 0.323085 0.020327 0.014300
0 0.425758 0.603856 0.019522 0.012879
0 0.498015 0.320291 0.032669 0.021305
0 0.328820 0.558702 0.017597 0.011819
0 0.473636 0.534820 0.016964 0.014893
0 0.643167 0.213812 0.018804 0.012987
0 0.692859 0.409615 0.021054 0.012743
0 0.331606 0.438237 0.016945 0.011444
1 0.230195 0.438180 0.028032 0.024930