1 0.257428 0.584093 0.041388 0.030112
1 0.185415 0.459725 0.059368 0.047387
1 0.334350 0.555972 0.054866 0.039488
1 0.652718 0.305818 0.052074 0.038863
1 0.691351 0.617212 0.055909 0.038719
1 0.388024 0.302763 0.041943 0.034130
1 0.386945 0.616621 0.052536 0.039422
1 0.158698 0.397169 0.054122 0.042912
1 0.598828 0.417625 0.056155 0.043543
0 0.350110 0.408603 0.018617 0.014498
1 0.450494 0.332865 0.065194 0.058522
0 0.553709 0.464548 0.018261 0.012745
1 0.598741 0.372122 0.040783 0.029761
0 0.309963 0.221364 0.019534 0.014526
0 0.180684 0.268467 0.020824 0.015003
1 0.566656 0.515465 0.057032 0.046852
0 0.378503 0.442895 0.018152 0.012144
0 0.388286 0.410207 0.018385 0.013005
0 0.530473 0.228531 0.019562 0.013940
0 0.445621 0.205898 0.018918 0.012363
1 0.538145 0.337567 0.042436 0.036890
0 0.698772 0.433338 0.018853 0.013309
0 0.483659 0.467802 0.017470 0.013154
0 0.180230 0.560777 0.019626 0.014695
0 0.564287 0.213104 0.018208 0.012015
0 0.283710 0.414553 0.017815 0.012344
0 0.208218 0.260633 0.020065 0.014402
0 0.397846 0.486317 0.019321 0.014210
0 0.257484 0.294446 0.022786 0.017426
0 0.547483 0.257938 0.017811 0.012371
0 0.472653 0.534139 0.015196 0.011876
1 0.276959 0.709312 0.059060 0.043510
0 0.183739 0.357663 0.016344 0.011629
0 0.209177 0.213907 0.018089 0.012990
0 0.486620 0.565753 0.015924 0.010783
0 0.511299 0.254250 0.016737 0.011134
0 0.462527 0.552253 0.016448 0.011314
0 0.275067 0.438357 0.017990 0.011848
0 0.506173 0.609737 0.018802 0.012803
0 0.344175 0.208880 0.018415 0.012829
0 0.703002 0.279807 0.017892 0.013096
0 0.603076 0.244925 0.018533 0.013695
0 0.366046 0.514341 0.018272 0.011187
0 0.338717 0.474036 0.020125 0.015323
0 0.172953 0.316312 0.016568 0.011314
0 0.455908 0.643866 0.019495 0.014407
0 0.415896 0.207517 0.016674 0.012231
0 0.139787 0.257373 0.017490 0.012515
0 0.467460 0.593471 0.018913 0.012442
0 0.300191 0.493027 0.015961 0.011668
0 0.617667 0.618416 0.020160 0.014989
0 0.400013 0.544006 0.020424 0.012489
0 0.232382 0.369262 0.020319 0.014824
0 0.726032 0.513116 0.018180 0.011953
0 0.330658 0.258697 0.025597 0.015282
0 0.661303 0.571361 0.020708 0.013098
0 0.645096 0.530402 0.015881 0.010809
0 0.226816 0.291159 0.017571 0.013325
0 0.531284 0.593089 0.016945 0.011831
0 0.504006 0.654577 0.021305 0.015486
0 0.474492 0.197301 0.017224 0.011807
0 0.494209 0.528835 0.016345 0.011215
0 0.509478 0.212966 0.016365 0.011316
0 0.269458 0.345730 0.018239 0.012837
0 0.235798 0.642281 0.017253 0.011248
0 0.701890 0.345003 0.015495 0.011239
0 0.511399 0.552550 0.016553 0.011020
0 0.178012 0.599649 0.018868 0.012370
0 0.455369 0.269872 0.016132 0.012161
0 0.702849 0.409577 0.014737 0.010765
0 0.325846 0.347382 0.016654 0.012694
0 0.304552 0.262966 0.018584 0.012758
0 0.156686 0.610206 0.019757 0.013740
0 0.126499 0.458326 0.018377 0.012279
0 0.394316 0.648426 0.018329 0.011690
0 0.496461 0.273167 0.016801 0.012031
0 0.473590 0.306241 0.016078 0.011362
0 0.324612 0.632370 0.017112 0.012354
0 0.605271 0.221717 0.018500 0.014563
0 0.109605 0.346082 0.015781 0.010383
0 0.740610 0.349175 0.017446 0.012624
0 0.340703 0.527033 0.018158 0.013469
0 0.571235 0.578200 0.017013 0.010536
0 0.472151 0.508190 0.013917 0.010283
0 0.707484 0.382902 0.016001 0.011529
0 0.601353 0.543469 0.014882 0.010847
0 0.545139 0.364930 0.016281 0.010886
0 0.596097 0.273978 0.018013 0.011062
0 0.242782 0.363299 0.017768 0.012577
0 0.309601 0.650170 0.018205 0.011676
0 0.639288 0.457030 0.016342 0.011648
0 0.123245 0.583442 0.017538 0.013090
0 0.420227 0.575918 0.021936 0.010279
0 0.111751 0.321185 0.015757 0.011128
0 0.038754 0.365741 0.020594 0.014706
0 0.132100 0.505891 0.018281 0.014955
0 0.210327 0.441323 0.015867 0.010512
0 0.592478 0.337791 0.016956 0.012979
0 0.070867 0.285002 0.016528 0.012232
0 0.227506 0.411344 0.017681 0.012380
0 0.631419 0.416524 0.014178 0.010931
0 0.534653 0.497512 0.014987 0.010627
0 0.194323 0.660532 0.015630 0.011589
0 0.235114 0.679747 0.019224 0.011361
0 0.118513 0.241555 0.018295 0.013688
0 0.097653 0.380282 0.013026 0.009771
0 0.394181 0.355353 0.019933 0.014948
0 0.555170 0.416701 0.022269 0.015292
0 0.758310 0.302815 0.017624 0.012347
0 0.664098 0.439272 0.015418 0.010020
0 0.586234 0.576581 0.018916 0.011290
0 0.511191 0.578572 0.015458 0.009556
0 0.052764 0.347192 0.016788 0.012378
0 0.108499 0.463026 0.017500 0.011645
0 0.692271 0.316714 0.018966 0.016194
0 0.263229 0.678789 0.014575 0.010950
0 0.532220 0.439820 0.018060 0.013238
0 0.317056 0.594111 0.017172 0.012213
0 0.370451 0.400799 0.015892 0.012558
0 0.372351 0.382421 0.014927 0.011391
0 0.288260 0.646913 0.025588 0.013669
0 0.234970 0.293626 0.031567 0.012706
0 0.252327 0.615957 0.016976 0.011569
0 0.319774 0.202171 0.016180 0.011777
0 0.108188 0.289545 0.021883 0.018735
0 0.584969 0.274186 0.020423 0.011187
0 0.286913 0.599877 0.016621 0.012730
0 0.277944 0.166932 0.019827 0.012096
0 0.416702 0.240539 0.017276 0.013447
0 0.468205 0.627748 0.017730 0.011111
0 0.261398 0.335020 0.014080 0.012158
0 0.617211 0.303211 0.013209 0.012046
0 0.415564 0.605337 0.013066 0.010685
0 0.544151 0.390713 0.011583 0.009226