1 0.478112 0.308841 0.036720 0.047049
1 0.402872 0.346846 0.039905 0.052150
0 0.372944 0.470147 0.018057 0.023577
0 0.460213 0.570123 0.015388 0.018626
0 0.579635 0.508866 0.016047 0.021173
0 0.201266 0.340339 0.013886 0.017823
0 0.167167 0.520009 0.012428 0.014733
0 0.498221 0.239374 0.014990 0.018416
0 0.265900 0.659450 0.017534 0.022970
0 0.460206 0.446826 0.015361 0.019633
1 0.151476 0.574214 0.030373 0.041177
0 0.401929 0.733358 0.016300 0.021758
0 0.402676 0.502810 0.014576 0.019528
0 0.233316 0.255628 0.018900 0.023115
0 0.195121 0.473036 0.013956 0.016229
0 0.376839 0.650374 0.015880 0.023898
0 0.354911 0.600980 0.015512 0.019244
0 0.191242 0.499133 0.014676 0.018285
0 0.480111 0.218390 0.014193 0.016057
0 0.449583 0.752694 0.020184 0.025856
0 0.528389 0.656610 0.014601 0.016368
0 0.441479 0.411948 0.014145 0.019964
0 0.397582 0.611690 0.019047 0.025272
0 0.380662 0.240817 0.013050 0.016804
0 0.617531 0.381154 0.016955 0.021574
0 0.255151 0.422301 0.014689 0.019620
0 0.386846 0.398978 0.013742 0.017496
0 0.476034 0.404078 0.014640 0.019033
0 0.647610 0.466353 0.015050 0.020013
0 0.665516 0.341471 0.012134 0.015063
0 0.242986 0.545325 0.014283 0.020096
0 0.209241 0.619219 0.013215 0.016105
0 0.203314 0.569508 0.013843 0.017624
0 0.187149 0.622734 0.012873 0.015531
0 0.613049 0.732033 0.015711 0.021823
0 0.522260 0.156640 0.013931 0.016535
0 0.472302 0.259494 0.012500 0.013761
0 0.390874 0.689367 0.013884 0.018372
0 0.343725 0.174059 0.012849 0.016864
0 0.571273 0.691788 0.024105 0.029237
0 0.523711 0.468112 0.014100 0.016483
0 0.526983 0.281480 0.014693 0.019413
0 0.590333 0.729638 0.016004 0.022404
0 0.595728 0.577966 0.018806 0.024963
0 0.382495 0.108906 0.013158 0.016955
0 0.380065 0.165484 0.015392 0.021543
0 0.579516 0.302014 0.012750 0.015974
0 0.354248 0.677895 0.015696 0.019791
0 0.522634 0.680478 0.018164 0.020838
0 0.279837 0.464453 0.014166 0.017426
0 0.132486 0.453063 0.014434 0.016572
0 0.162970 0.414330 0.014436 0.017411
0 0.683125 0.445258 0.019776 0.027445
0 0.470074 0.520138 0.013758 0.018002
0 0.642721 0.324640 0.012118 0.016303
0 0.564816 0.351942 0.013920 0.019460
0 0.323286 0.147485 0.014604 0.020636
0 0.556877 0.469605 0.013280 0.015751
0 0.307341 0.830701 0.020795 0.024771
0 0.251305 0.460508 0.013322 0.016839
0 0.153187 0.431331 0.012917 0.015434
0 0.198941 0.533700 0.013094 0.016072
0 0.511404 0.338722 0.013458 0.017223
0 0.260427 0.440831 0.015551 0.018241
0 0.426384 0.706870 0.014398 0.018133
0 0.271228 0.276418 0.014898 0.018522
0 0.458409 0.387416 0.014001 0.016853
0 0.555762 0.523775 0.014942 0.019116