1 0.617402 0.422638 0.047855 0.032819
1 0.830901 0.337149 0.062365 0.049479
1 0.652302 0.265382 0.052162 0.034849
1 0.547691 0.309673 0.054891 0.035054
1 0.373931 0.250971 0.046756 0.037266
1 0.449379 0.450364 0.048566 0.030629
0 0.379010 0.458164 0.014622 0.009497
1 0.324910 0.094034 0.077054 0.059106
1 0.574872 0.501803 0.039142 0.028196
0 0.198541 0.433055 0.016864 0.011326
1 0.487292 0.484501 0.055990 0.037810
1 0.764204 0.168842 0.052932 0.035516
0 0.480999 0.397461 0.018314 0.013717
0 0.255306 0.520531 0.014285 0.010141
1 0.802138 0.314243 0.056715 0.039482
0 0.395153 0.445557 0.014132 0.010590
0 0.398747 0.215189 0.021271 0.014392
0 0.341414 0.435300 0.015399 0.010668
1 0.811937 0.455166 0.037696 0.031773
0 0.216558 0.477300 0.016157 0.009770
0 0.489193 0.435670 0.013925 0.009193
0 0.574588 0.384812 0.015748 0.010195
0 0.692757 0.462066 0.015015 0.009569
0 0.434748 0.419469 0.014884 0.010143
0 0.346898 0.477165 0.013049 0.008331
0 0.473773 0.300198 0.019498 0.013903
0 0.440931 0.350695 0.019368 0.012931
0 0.414637 0.435349 0.014275 0.011461
0 0.564299 0.345768 0.015679 0.010827
0 0.362637 0.366560 0.016280 0.010863
0 0.227059 0.363024 0.021220 0.013202
0 0.237872 0.451633 0.018577 0.014773
0 0.304102 0.525339 0.015537 0.009980
0 0.510121 0.410407 0.016998 0.010855
0 0.252882 0.400176 0.015268 0.010924
0 0.205540 0.526753 0.014521 0.010012
1 0.611812 0.571433 0.107751 0.038318
0 0.718839 0.464493 0.012570 0.008734
0 0.270302 0.419444 0.015943 0.010057
0 0.528050 0.483087 0.014810 0.010510
0 0.256097 0.480071 0.016717 0.011502
0 0.760776 0.434153 0.015062 0.009745
0 0.554957 0.473238 0.015051 0.009710
0 0.663055 0.339727 0.018563 0.012179
0 0.285960 0.456298 0.014671 0.010252
0 0.575623 0.412262 0.014701 0.011666
0 0.280628 0.494428 0.014163 0.008899
0 0.255683 0.368109 0.017948 0.010215
0 0.275599 0.365453 0.014327 0.010401
0 0.719995 0.491122 0.013884 0.008635
0 0.550053 0.417699 0.016918 0.010223
0 0.302187 0.449428 0.015300 0.010011
0 0.551499 0.397244 0.016435 0.011336
0 0.165485 0.490354 0.015128 0.009799
0 0.271855 0.391380 0.016961 0.011858
0 0.361753 0.434805 0.012740 0.009094
0 0.759794 0.466517 0.015882 0.009639
0 0.562324 0.169473 0.025656 0.020377
1 0.722054 0.199194 0.065692 0.038079
0 0.468286 0.415083 0.015140 0.009786
0 0.286037 0.331597 0.015793 0.010511
0 0.402291 0.404130 0.016147 0.010064
0 0.328679 0.452180 0.013864 0.008372
0 0.469733 0.336042 0.017295 0.011268
0 0.466753 0.262427 0.022515 0.015384
0 0.286686 0.559206 0.015781 0.011601
0 0.558685 0.437444 0.016985 0.010849
0 0.178726 0.511205 0.015252 0.009001
0 0.328203 0.397107 0.014807 0.009589
0 0.737500 0.449447 0.012907 0.008529
1 0.827467 0.210426 0.034455 0.027116
0 0.528715 0.435765 0.016362 0.008304
0 0.507072 0.376215 0.014538 0.009238
0 0.491578 0.318684 0.022591 0.017075
0 0.368696 0.490000 0.018783 0.013662
0 0.579328 0.469611 0.013923 0.007352
0 0.505115 0.443723 0.014117 0.010678
0 0.357220 0.386793 0.023842 0.013011
0 0.204787 0.391610 0.021172 0.014298
0 0.487259 0.593248 0.021135 0.014751
0 0.266911 0.282061 0.018873 0.012252
0 0.442173 0.472544 0.018490 0.010019
0 0.275345 0.533144 0.014786 0.011581
0 0.405039 0.364123 0.017166 0.012144
0 0.371128 0.508851 0.013990 0.009261
0 0.738236 0.479189 0.012490 0.008895
0 0.806980 0.239207 0.014953 0.010059
0 0.150780 0.382196 0.017415 0.010864
0 0.552381 0.454667 0.014198 0.009285
0 0.754926 0.487893 0.013534 0.008430
0 0.356686 0.446281 0.015658 0.008753
0 0.360737 0.442086 0.014118 0.010070
0 0.730366 0.412053 0.013606 0.008673
0 0.228335 0.528727 0.013367 0.009382
0 0.436600 0.377760 0.014689 0.009660
0 0.401257 0.296813 0.021882 0.014085
0 0.185807 0.472365 0.015133 0.009440
0 0.522341 0.507473 0.015306 0.010066