1 0.489651 0.608304 0.059276 0.048517
0 0.565596 0.403916 0.026770 0.019578
0 0.572793 0.620767 0.022337 0.016145
0 0.670637 0.428002 0.028338 0.020234
0 0.636341 0.402007 0.025973 0.018849
0 0.241269 0.403422 0.028332 0.020187
1 0.481294 0.479322 0.051359 0.037082
0 0.581212 0.663899 0.024054 0.017628
0 0.489478 0.812402 0.028880 0.021764
0 0.300641 0.314587 0.024711 0.018664
0 0.320413 0.631763 0.025948 0.017284
0 0.573294 0.292345 0.020515 0.015537
0 0.387778 0.837208 0.026207 0.018864
0 0.295382 0.654411 0.025961 0.017932
0 0.673284 0.741857 0.020645 0.014507
0 0.439777 0.425678 0.034958 0.022501
0 0.502744 0.579186 0.014742 0.009743
0 0.539344 0.601007 0.018263 0.012912
0 0.257713 0.604609 0.024403 0.017015
0 0.555923 0.727943 0.025250 0.019104
0 0.675479 0.597609 0.025304 0.018653
0 0.796439 0.758179 0.020319 0.013024
0 0.608524 0.447546 0.023829 0.017869
0 0.465684 0.737056 0.025838 0.019952
0 0.341248 0.616075 0.019480 0.013365
0 0.784012 0.733762 0.020832 0.015188
0 0.705702 0.554232 0.017846 0.011619
0 0.421669 0.575145 0.031315 0.021200
0 0.509194 0.554107 0.017974 0.012346
0 0.741916 0.533928 0.024760 0.017879
0 0.705079 0.471852 0.023939 0.021065
0 0.741135 0.627680 0.018340 0.012952
0 0.621266 0.607965 0.018979 0.013571
0 0.357781 0.657754 0.022204 0.015018
0 0.385434 0.482119 0.033978 0.023845
0 0.564668 0.755140 0.024930 0.018600
0 0.564465 0.342786 0.022779 0.016449