0 0.627575 0.420347 0.020415 0.012730
0 0.378961 0.474795 0.012094 0.009618
0 0.338191 0.390346 0.011518 0.011392
0 0.521112 0.509345 0.012968 0.009574
0 0.562132 0.395450 0.020618 0.013870
0 0.629509 0.464129 0.013675 0.009221
0 0.768830 0.485138 0.016603 0.014965
0 0.370260 0.405291 0.012438 0.007347
0 0.792805 0.481437 0.016787 0.012075
0 0.555436 0.416028 0.016448 0.009876
0 0.245166 0.424182 0.012302 0.009579
0 0.493891 0.426284 0.015761 0.012329
0 0.592432 0.479799 0.015203 0.012999
0 0.406185 0.407190 0.015045 0.010502
0 0.599090 0.416627 0.017072 0.012164
0 0.439098 0.405331 0.015252 0.011482
0 0.318357 0.507671 0.012018 0.009241
0 0.616549 0.480755 0.016894 0.012200
0 0.307312 0.428790 0.017884 0.010132
0 0.660727 0.496149 0.013102 0.010403
0 0.327672 0.445509 0.018845 0.012582
0 0.818615 0.512417 0.013870 0.008785
0 0.388864 0.451585 0.014384 0.010287
0 0.249156 0.532585 0.012733 0.008478
0 0.644148 0.489824 0.015287 0.009541
0 0.503404 0.482190 0.013860 0.009097
0 0.530655 0.473501 0.014244 0.011210
0 0.424808 0.420571 0.015568 0.008334
0 0.555043 0.494898 0.012442 0.007483
0 0.620092 0.436098 0.015037 0.011052
0 0.221013 0.427626 0.013509 0.011860
0 0.406109 0.486263 0.013796 0.009387
0 0.282982 0.478005 0.017550 0.012045
0 0.256306 0.445385 0.014416 0.009119
0 0.496064 0.398306 0.014775 0.010558
0 0.177174 0.436991 0.011143 0.007861
0 0.482440 0.478412 0.013742 0.010578
0 0.390212 0.428761 0.013746 0.007883
0 0.362504 0.432972 0.013618 0.009669
0 0.523342 0.445682 0.014979 0.008230
0 0.180210 0.468224 0.010224 0.006984
0 0.465623 0.466019 0.015123 0.010820
0 0.685767 0.590647 0.013698 0.010119
0 0.360705 0.390352 0.012333 0.009330
0 0.735860 0.459196 0.021232 0.018329
0 0.294353 0.446379 0.013559 0.008782
0 0.825686 0.449703 0.015391 0.007944
0 0.494839 0.455325 0.014475 0.011268
0 0.436000 0.448784 0.013631 0.010906
0 0.593481 0.515046 0.015708 0.010738
0 0.380409 0.391208 0.013944 0.010528
0 0.432705 0.691495 0.015170 0.012144
0 0.170634 0.452765 0.011614 0.008905
0 0.305471 0.525646 0.013400 0.007556
0 0.410034 0.450552 0.014361 0.008947
0 0.227851 0.446554 0.009969 0.004535
0 0.236567 0.467540 0.015188 0.009632
0 0.329028 0.494023 0.014096 0.007942
0 0.447402 0.481396 0.015821 0.013014
0 0.768310 0.549604 0.015168 0.009367
0 0.674133 0.517256 0.018572 0.009844
0 0.724137 0.498316 0.011918 0.007738
0 0.453250 0.677223 0.015813 0.012529
0 0.792510 0.546090 0.012349 0.007781
0 0.531795 0.444319 0.015099 0.007972
0 0.418548 0.552394 0.013772 0.009974
0 0.672162 0.576307 0.010048 0.009438
0 0.693067 0.535012 0.017262 0.007770
0 0.606938 0.512481 0.018231 0.010265
0 0.158282 0.516162 0.008868 0.008883
0 0.321757 0.483385 0.015021 0.009465
0 0.426201 0.474723 0.016421 0.010131
0 0.456046 0.446788 0.014125 0.013192
0 0.472411 0.714815 0.030773 0.017645
0 0.585058 0.541476 0.013987 0.009756
0 0.196985 0.498177 0.009229 0.009029
0 0.179730 0.503895 0.010032 0.008427
0 0.210227 0.519394 0.007624 0.006320
0 0.246742 0.480271 0.011637 0.008728
0 0.255169 0.470640 0.007624 0.005718
0 0.163078 0.480120 0.009630 0.005417
0 0.221462 0.455894 0.008427 0.006922
0 0.213638 0.499231 0.010433 0.008728
0 0.233300 0.550392 0.008828 0.006922
0 0.283659 0.542568 0.010032 0.006922
0 0.177323 0.567697 0.007624 0.009029
0 0.150438 0.536699 0.009229 0.004815
0 0.413086 0.385182 0.010619 0.007964
0 0.430692 0.379942 0.007825 0.006707
0 0.380669 0.335719 0.010619 0.007126
0 0.253518 0.351648 0.012296 0.008803
0 0.263857 0.327545 0.008384 0.007545
0 0.624633 0.596365 0.017885 0.011658
0 0.664036 0.598919 0.017326 0.010060
0 0.748152 0.501669 0.013414 0.008384
0 0.753462 0.514454 0.008384 0.006288
0 0.155429 0.396166 0.013973 0.011318
0 0.521841 0.587559 0.011894 0.008451
0 0.509634 0.546009 0.015023 0.009859
1 0.418623 0.251174 0.062598 0.037559
1 0.377152 0.529930 0.045383 0.043427
1 0.418623 0.718897 0.043818 0.031690