1 0.643526 0.718315 0.063416 0.055840
1 0.434562 0.605761 0.046883 0.035237
0 0.692933 0.435429 0.027417 0.019749
0 0.725251 0.483564 0.024220 0.018820
0 0.768472 0.792021 0.021389 0.015242
0 0.486936 0.520692 0.020449 0.016344
0 0.604737 0.595666 0.021144 0.015442
0 0.593321 0.491942 0.024653 0.017223
0 0.662035 0.840153 0.026311 0.019341
0 0.316202 0.665444 0.021261 0.014498
0 0.480974 0.731754 0.029560 0.019530
0 0.764598 0.620933 0.019882 0.014183
0 0.527171 0.504542 0.021792 0.015901
0 0.359161 0.748629 0.026746 0.020571
0 0.805692 0.664972 0.018820 0.013755
0 0.523017 0.422609 0.020193 0.015998
0 0.848341 0.662726 0.022179 0.015028
0 0.423264 0.690757 0.021115 0.014823
0 0.653645 0.542033 0.030755 0.023353
0 0.720396 0.801638 0.023578 0.017816
0 0.905891 0.544875 0.018373 0.013808
0 0.409563 0.764275 0.021570 0.015084
0 0.834074 0.734620 0.019494 0.014234
0 0.512010 0.481537 0.019440 0.013162
0 0.756466 0.670580 0.020862 0.014695
0 0.555146 0.765204 0.025821 0.019150
0 0.313312 0.595329 0.023503 0.017327
0 0.588876 0.570039 0.019849 0.015099
0 0.396770 0.810031 0.025271 0.018260
0 0.754972 0.570420 0.019046 0.013556
0 0.435241 0.557774 0.021528 0.015023
0 0.289386 0.726706 0.023936 0.017866
0 0.688861 0.883652 0.020819 0.015571
0 0.786881 0.409805 0.020169 0.015733
0 0.373718 0.834185 0.025103 0.018600
0 0.728040 0.523079 0.020956 0.015566
0 0.679605 0.522084 0.019320 0.014222
0 0.763071 0.589131 0.021235 0.014482
0 0.829310 0.751800 0.018589 0.011708
0 0.673949 0.626326 0.019477 0.013314
0 0.714400 0.851393 0.020257 0.013593
0 0.468568 0.421367 0.021074 0.015838
0 0.673519 0.663603 0.029410 0.022735
0 0.539417 0.643699 0.018330 0.013487
0 0.757178 0.713041 0.021713 0.014567
0 0.371490 0.599703 0.032486 0.021793
0 0.336434 0.538801 0.021529 0.014837
0 0.835763 0.556746 0.020367 0.013974
0 0.556608 0.915372 0.025044 0.018034
0 0.624929 0.898705 0.027427 0.020592
0 0.390527 0.739684 0.017101 0.010603
0 0.845660 0.510017 0.020758 0.016362
0 0.829292 0.534391 0.020111 0.013898
0 0.853478 0.531041 0.018578 0.013506
0 0.335433 0.634794 0.018342 0.015092
0 0.502162 0.751387 0.029777 0.022581
0 0.502390 0.582292 0.017577 0.013042
0 0.757397 0.575110 0.020343 0.024927
0 0.572351 0.870711 0.018803 0.014690
0 0.677019 0.736862 0.016654 0.012458