0 0.342215 0.288973 0.025930 0.018537
0 0.554770 0.341951 0.021802 0.015464
0 0.538396 0.120571 0.020406 0.015951
0 0.552374 0.537981 0.021518 0.015703
0 0.357271 0.402781 0.024817 0.018215
0 0.398176 0.457887 0.025427 0.017793
0 0.279296 0.249327 0.019741 0.014337
0 0.629474 0.459916 0.026336 0.017111
0 0.463412 0.354588 0.018982 0.012685
0 0.156085 0.374290 0.018109 0.012671
0 0.696559 0.387076 0.023877 0.018016
0 0.204319 0.227603 0.019705 0.013863
0 0.476259 0.311170 0.025365 0.017437
0 0.312380 0.194479 0.025516 0.016903
0 0.232560 0.335441 0.022346 0.017064
0 0.455090 0.062882 0.023362 0.016938
0 0.248017 0.547049 0.024939 0.016664
0 0.390479 0.386231 0.024921 0.016711
0 0.263118 0.214797 0.019752 0.014049
0 0.215916 0.267266 0.020728 0.014448
0 0.486509 0.466045 0.018627 0.013064
0 0.474767 0.165800 0.019108 0.013553
0 0.123817 0.214776 0.026265 0.021864
0 0.644329 0.434078 0.019860 0.014086
0 0.436394 0.084589 0.019859 0.015044
0 0.497502 0.207873 0.032077 0.020870
0 0.424690 0.147228 0.020991 0.015272
0 0.123338 0.423989 0.020220 0.014188
0 0.414421 0.207884 0.019322 0.014497
0 0.205641 0.189310 0.021058 0.014848
0 0.553094 0.230665 0.022033 0.015184
0 0.513033 0.471227 0.029560 0.022843
0 0.402225 0.031461 0.019508 0.013447
0 0.633537 0.408588 0.020511 0.014083
0 0.063995 0.397942 0.018318 0.012704
0 0.306368 0.258109 0.018670 0.013657
0 0.674327 0.499030 0.027605 0.017568
0 0.397276 0.343398 0.017956 0.013151
0 0.317985 0.241355 0.020457 0.014056
0 0.198718 0.367168 0.018344 0.012330
0 0.155692 0.260623 0.016803 0.013232
0 0.260567 0.153910 0.019538 0.014628
0 0.302628 0.218995 0.017746 0.012552
0 0.228508 0.096542 0.018104 0.012251
0 0.501051 0.119137 0.023872 0.017378
0 0.225604 0.154710 0.019171 0.013962
0 0.761878 0.236408 0.019167 0.013834
0 0.435114 0.374183 0.024914 0.015692
0 0.134565 0.388842 0.020462 0.013657
0 0.303768 0.057438 0.016891 0.013861
0 0.360483 0.133634 0.042268 0.019616
0 0.521703 0.441479 0.017279 0.012559
1 0.040931 0.320289 0.037045 0.025375
0 0.410538 0.606832 0.032845 0.021405
0 0.609609 0.145356 0.021447 0.015569
0 0.388333 0.517649 0.030005 0.020854
0 0.293076 0.346719 0.023892 0.019829
0 0.137507 0.336171 0.029333 0.016235
0 0.415669 0.229040 0.018232 0.012436
0 0.713824 0.411221 0.019867 0.014843
0 0.074089 0.231074 0.019874 0.014079
0 0.028759 0.262396 0.019112 0.015025
0 0.483271 0.125266 0.022748 0.015702
0 0.315614 0.395942 0.018021 0.012563
0 0.276840 0.518915 0.016847 0.012239
0 0.657191 0.122724 0.022433 0.015883
0 0.732696 0.307699 0.021135 0.014852
0 0.329875 0.176826 0.019948 0.013018
0 0.413874 0.360756 0.018908 0.013341