0 0.089587 0.696332 0.018912 0.011927
0 0.389664 0.719560 0.017813 0.012328
0 0.426495 0.653790 0.017529 0.011569
0 0.416916 0.396639 0.020267 0.014789
0 0.301347 0.718208 0.019880 0.012933
0 0.520250 0.707687 0.017935 0.011753
0 0.117543 0.394756 0.020584 0.014689
0 0.278234 0.651656 0.016474 0.010946
0 0.196103 0.590865 0.018774 0.013268
0 0.411304 0.437543 0.018283 0.012054
0 0.580563 0.417618 0.021622 0.014950
0 0.441787 0.473120 0.017415 0.012151
0 0.619295 0.514796 0.018010 0.012547
0 0.207408 0.346347 0.020221 0.014933
0 0.231198 0.528330 0.017564 0.012289
0 0.112862 0.619503 0.017765 0.011920
0 0.327048 0.384315 0.016815 0.010957
0 0.436902 0.748591 0.020066 0.016143
0 0.345335 0.652604 0.017075 0.011150
0 0.220437 0.601191 0.016841 0.010618
0 0.528306 0.340088 0.018667 0.012690
0 0.344580 0.359804 0.024114 0.015066
0 0.362598 0.501266 0.018135 0.011563
0 0.348094 0.307842 0.017540 0.012388
0 0.597404 0.644981 0.015909 0.010476
0 0.571138 0.578387 0.018535 0.012990
0 0.067346 0.378258 0.020594 0.015264
0 0.273054 0.717017 0.017044 0.011733
0 0.513711 0.757773 0.022290 0.014897
0 0.166407 0.720803 0.018435 0.013321
0 0.333318 0.672376 0.015719 0.010515
0 0.258316 0.317258 0.025767 0.019979
0 0.348123 0.687862 0.015930 0.010668
0 0.156951 0.559072 0.018841 0.013573
0 0.592348 0.691427 0.018162 0.013317
0 0.640483 0.627927 0.015811 0.010023
0 0.553280 0.416743 0.017772 0.011525
0 0.533568 0.396659 0.022192 0.013771
0 0.700711 0.554030 0.014349 0.010406
0 0.078122 0.673121 0.016970 0.011731
0 0.417461 0.733845 0.018284 0.013063
0 0.381922 0.623880 0.017070 0.011722
0 0.297441 0.322726 0.020256 0.014243
0 0.491005 0.728082 0.018716 0.013678
0 0.108269 0.318548 0.019606 0.014463
0 0.424369 0.691324 0.024480 0.015735
0 0.329155 0.430354 0.016726 0.011007
0 0.277360 0.681007 0.016358 0.010740
0 0.484709 0.595611 0.018406 0.012791
0 0.148017 0.407101 0.019357 0.014808
0 0.230062 0.288832 0.020544 0.015533
0 0.313685 0.278933 0.014471 0.010346
0 0.499422 0.366683 0.016623 0.011476
0 0.344061 0.522423 0.019281 0.013716
0 0.222403 0.482761 0.016151 0.011721
0 0.189555 0.525035 0.026269 0.015416
0 0.150173 0.646214 0.020286 0.015183
0 0.557702 0.476608 0.020051 0.014190
0 0.344951 0.415304 0.015729 0.010908
0 0.275265 0.289530 0.016090 0.013429
0 0.635762 0.441754 0.017021 0.011340
0 0.188250 0.783502 0.017330 0.012003
0 0.152559 0.429347 0.019233 0.013487
0 0.339403 0.462967 0.017275 0.012163
0 0.677988 0.384152 0.027589 0.017653
0 0.408772 0.307440 0.026882 0.023611
0 0.293448 0.503644 0.016583 0.011017
0 0.432880 0.508934 0.024951 0.016445
0 0.647557 0.609557 0.019115 0.013642
0 0.607007 0.564415 0.015115 0.010354
0 0.137381 0.442408 0.020565 0.016373
0 0.512981 0.601052 0.017622 0.011811
0 0.643596 0.543810 0.014992 0.010843
0 0.417159 0.615542 0.018919 0.013230
0 0.614299 0.659969 0.016497 0.010710
0 0.455195 0.596177 0.020078 0.013692
0 0.543912 0.500620 0.023300 0.013635
0 0.582106 0.745485 0.017264 0.012029
0 0.600253 0.484176 0.015866 0.011233
0 0.552631 0.354554 0.017165 0.012325
0 0.625914 0.591700 0.018584 0.011632
0 0.183767 0.752127 0.021745 0.011351
0 0.111552 0.450877 0.020017 0.013261
0 0.385898 0.807655 0.021276 0.015469
0 0.652063 0.486193 0.016553 0.012092
0 0.346180 0.397790 0.017949 0.012358
0 0.107420 0.672957 0.017943 0.012879
0 0.387005 0.357209 0.016695 0.012766
0 0.260195 0.377721 0.015819 0.010354
0 0.401523 0.668529 0.020715 0.011888
0 0.364415 0.455302 0.018591 0.012896
0 0.447878 0.821454 0.025182 0.016699
0 0.104057 0.657441 0.015871 0.010650
0 0.364919 0.330062 0.017066 0.010815
0 0.563009 0.752160 0.015960 0.010650
0 0.366875 0.264661 0.014603 0.010022
0 0.643237 0.375634 0.018572 0.013843
0 0.370119 0.313875 0.017680 0.012009
0 0.181683 0.683132 0.016868 0.013556
0 0.303156 0.624780 0.026660 0.016918
0 0.614509 0.337218 0.017828 0.013856
0 0.023095 0.447441 0.023867 0.016934
0 0.576089 0.775194 0.017243 0.011294
0 0.450236 0.313178 0.016767 0.011775
0 0.289003 0.434163 0.021282 0.013994
0 0.566177 0.610260 0.016360 0.011380
0 0.253313 0.360116 0.022038 0.014618
0 0.478787 0.821500 0.018613 0.013634
0 0.271796 0.515779 0.016988 0.010664
0 0.155749 0.770578 0.015926 0.010645
0 0.565310 0.793192 0.018930 0.012305
0 0.029629 0.507502 0.019276 0.014126
0 0.365993 0.593175 0.021597 0.012543
0 0.405379 0.506918 0.018761 0.014675
0 0.163525 0.620566 0.018205 0.012856
0 0.026179 0.369356 0.020449 0.015289
0 0.634284 0.680977 0.019800 0.014332
0 0.282779 0.414595 0.026934 0.017258
0 0.673783 0.403177 0.018833 0.011097
0 0.599917 0.530046 0.018401 0.011406
0 0.573042 0.343496 0.016284 0.010936
0 0.158002 0.683081 0.017489 0.014420
0 0.666032 0.608265 0.016084 0.010574
0 0.323501 0.597884 0.018076 0.011429
0 0.633126 0.464719 0.021225 0.015634
0 0.595456 0.504491 0.014526 0.009533
0 0.276078 0.806786 0.030785 0.015848
0 0.462381 0.766977 0.017858 0.011979
0 0.580025 0.378622 0.014700 0.009635
0 0.309246 0.475990 0.019964 0.011872
0 0.261212 0.829722 0.019546 0.011293
0 0.528147 0.675045 0.016190 0.010416
0 0.230460 0.423845 0.018318 0.017237
0 0.479913 0.537076 0.018245 0.014654
0 0.611062 0.430889 0.018608 0.012349
0 0.242140 0.411342 0.016051 0.011520
0 0.658023 0.575082 0.015015 0.010264
0 0.601791 0.387535 0.018898 0.015890
0 0.322638 0.483619 0.015671 0.009689
0 0.458857 0.386328 0.020391 0.021216
0 0.228058 0.812775 0.026671 0.013682
0 0.388951 0.370808 0.013068 0.009769
0 0.188787 0.821175 0.015440 0.009831
0 0.233167 0.501224 0.021807 0.013050
0 0.460140 0.396123 0.018364 0.015100
0 0.173256 0.703709 0.017178 0.008423
0 0.356331 0.239940 0.017352 0.010227
0 0.072571 0.526834 0.015185 0.010003
0 0.657537 0.467554 0.016977 0.010733
0 0.540172 0.624926 0.014349 0.009631
0 0.682188 0.578776 0.014416 0.008485
0 0.143809 0.438041 0.031691 0.022333
0 0.452514 0.431218 0.013816 0.008695
0 0.316075 0.481132 0.021442 0.013038
0 0.078029 0.712965 0.016665 0.009212
0 0.708092 0.530734 0.015030 0.011473
0 0.247076 0.503872 0.019292 0.011033
0 0.306942 0.344545 0.013887 0.009632
0 0.679304 0.637645 0.014221 0.009112
0 0.337292 0.248740 0.012080 0.010531
0 0.274562 0.501109 0.017893 0.013510
0 0.237315 0.415342 0.019361 0.016524
0 0.462368 0.582765 0.015687 0.010480
0 0.007437 0.540284 0.014874 0.011040
0 0.463967 0.468260 0.013016 0.009252
0 0.589690 0.350229 0.014812 0.008701
0 0.237069 0.812424 0.021754 0.013401