0 0.355459 0.480734 0.019294 0.013706
0 0.603634 0.541955 0.023938 0.016510
1 0.277878 0.314862 0.041427 0.034061
0 0.538614 0.441895 0.019301 0.013563
0 0.351998 0.655739 0.021324 0.015180
0 0.469937 0.642065 0.020048 0.013390
0 0.379952 0.557544 0.018786 0.012829
0 0.667714 0.506227 0.022392 0.015849
0 0.554884 0.594135 0.020073 0.013450
0 0.413846 0.521414 0.019142 0.013626
0 0.477494 0.590304 0.020444 0.013748
0 0.432889 0.440469 0.021358 0.014927
0 0.503952 0.438544 0.020395 0.014002
0 0.737615 0.473948 0.023623 0.017954
0 0.323257 0.571505 0.019653 0.014166
0 0.677112 0.408265 0.021643 0.016593
0 0.364401 0.373851 0.020113 0.014610
0 0.422403 0.567557 0.019813 0.012655
0 0.522956 0.579037 0.019545 0.012489
0 0.468963 0.504965 0.019208 0.013202
0 0.388472 0.397849 0.018283 0.012638
0 0.330634 0.514668 0.019274 0.013038
0 0.452171 0.254598 0.019402 0.014141
0 0.233937 0.503952 0.020545 0.013644
0 0.393937 0.532984 0.019707 0.013198
0 0.335220 0.718470 0.020079 0.014485
0 0.712825 0.551548 0.018657 0.012042
0 0.506582 0.540502 0.017823 0.012712
0 0.595448 0.644885 0.019014 0.013987
0 0.387583 0.582975 0.020172 0.013823
0 0.209917 0.443201 0.019727 0.013794
0 0.411525 0.551154 0.018687 0.011913
0 0.694303 0.598878 0.024777 0.016289
0 0.541488 0.250460 0.019310 0.014824
0 0.401613 0.723218 0.021474 0.016539
0 0.269231 0.647366 0.019358 0.014484
0 0.222008 0.462674 0.019207 0.013234
0 0.389418 0.472307 0.020989 0.014934
0 0.282364 0.672333 0.019588 0.014805
0 0.626917 0.379310 0.020210 0.013835
0 0.655889 0.700801 0.020492 0.013657
0 0.528058 0.690982 0.021545 0.014063
0 0.238471 0.620491 0.018303 0.013677
0 0.754578 0.305581 0.018416 0.013758
0 0.426557 0.365241 0.022002 0.013368
0 0.549801 0.571952 0.019697 0.013485
0 0.424801 0.335105 0.020206 0.014587
0 0.801649 0.465888 0.019255 0.013495
0 0.406044 0.458400 0.018692 0.012900
0 0.554054 0.380581 0.023713 0.015664
0 0.531104 0.414488 0.020272 0.012496
0 0.284394 0.488364 0.019820 0.014600
0 0.811857 0.406139 0.021212 0.014865
0 0.175941 0.650777 0.018160 0.013005
0 0.470696 0.412472 0.020110 0.014952
0 0.289240 0.708179 0.018466 0.013606
0 0.635139 0.496590 0.017745 0.012667
0 0.663221 0.623487 0.020588 0.013636
0 0.519195 0.395571 0.022275 0.015231
0 0.791303 0.339487 0.022577 0.014374
0 0.581679 0.235690 0.018317 0.014116
0 0.386358 0.696475 0.020099 0.014931
0 0.513541 0.762048 0.026224 0.018508
0 0.476621 0.756758 0.020745 0.014434
0 0.521085 0.604422 0.017586 0.011246
0 0.606838 0.659052 0.017734 0.011221
0 0.283437 0.404029 0.018904 0.012390
0 0.433208 0.603727 0.017738 0.011730
0 0.825447 0.459256 0.021248 0.014175
0 0.725121 0.284933 0.021981 0.014895
0 0.253063 0.403226 0.017249 0.012701
0 0.223815 0.391770 0.016411 0.011485
0 0.412034 0.524614 0.029820 0.019314
0 0.678116 0.572635 0.015862 0.009390
0 0.301372 0.341202 0.015168 0.010452
0 0.317234 0.359893 0.019515 0.013509