1 0.587906 0.564272 0.050501 0.037981
1 0.254393 0.446853 0.036282 0.030099
1 0.172022 0.605994 0.051800 0.035493
1 0.525948 0.428394 0.052604 0.033273
1 0.572525 0.356562 0.051655 0.039419
0 0.548258 0.779296 0.018862 0.012950
0 0.338797 0.546169 0.016645 0.011931
1 0.827345 0.641990 0.047760 0.030646
0 0.551492 0.510692 0.018340 0.013723
0 0.371767 0.348164 0.019662 0.013541
0 0.488172 0.506964 0.019172 0.013259
1 0.407396 0.694486 0.038620 0.027397
0 0.319343 0.346873 0.017698 0.013535
0 0.318613 0.577702 0.016199 0.010831
0 0.484126 0.393997 0.015394 0.011715
0 0.369861 0.623815 0.013658 0.010126
0 0.406326 0.454518 0.019253 0.013008
0 0.255962 0.727876 0.016442 0.010687
0 0.603647 0.841461 0.017441 0.011534
0 0.663462 0.689494 0.019304 0.013535
0 0.476206 0.532198 0.016253 0.010897
0 0.797899 0.460647 0.019749 0.015568
0 0.289497 0.613950 0.014561 0.009646
0 0.218771 0.516263 0.016646 0.011117
0 0.369705 0.741060 0.015215 0.010597
0 0.281141 0.415188 0.017924 0.012275
0 0.679331 0.453597 0.018597 0.011658
0 0.182224 0.430347 0.019190 0.014428
0 0.528109 0.458142 0.017901 0.011795
0 0.568243 0.590652 0.016136 0.010855
0 0.376728 0.492055 0.017428 0.011683
0 0.315816 0.413620 0.017042 0.011270
0 0.434466 0.434722 0.018701 0.013886
0 0.650283 0.461207 0.018141 0.013939
0 0.408227 0.421036 0.019233 0.013022
0 0.479298 0.746130 0.015470 0.010380
0 0.466004 0.461191 0.017660 0.012323
0 0.503007 0.650612 0.019276 0.013086
0 0.337137 0.678333 0.017479 0.011239
0 0.285460 0.778510 0.015331 0.010025
0 0.306619 0.483721 0.019856 0.014827
0 0.433115 0.553392 0.017814 0.013173
0 0.779331 0.548638 0.019704 0.013869
0 0.692640 0.435386 0.019924 0.013362
0 0.202836 0.401397 0.019127 0.012180
0 0.337143 0.300228 0.018668 0.012557
0 0.404773 0.654836 0.017957 0.012330
0 0.224581 0.360912 0.018314 0.013235
0 0.292362 0.441055 0.015636 0.010588
0 0.276521 0.482735 0.015247 0.011073
0 0.443866 0.615921 0.019873 0.011843
0 0.309482 0.636238 0.015682 0.011092
0 0.328389 0.498648 0.016159 0.010653
0 0.298515 0.538983 0.017073 0.011022
0 0.438115 0.667592 0.018526 0.012313
0 0.290343 0.519291 0.014932 0.009808
0 0.140373 0.467432 0.021887 0.015762
0 0.711016 0.513664 0.019286 0.013118
0 0.280807 0.702789 0.015022 0.010171
0 0.487329 0.339857 0.017183 0.012062
0 0.637705 0.528839 0.016413 0.010693
0 0.439226 0.402772 0.022429 0.014349
0 0.171373 0.469779 0.016167 0.010502
0 0.276269 0.747398 0.015841 0.011620
0 0.734660 0.515707 0.019278 0.013370
0 0.760582 0.454509 0.018523 0.012671
0 0.404868 0.607904 0.017659 0.011981
0 0.530444 0.693524 0.018591 0.013812
0 0.344876 0.720045 0.016319 0.011699
0 0.422038 0.763197 0.015419 0.010425
0 0.489137 0.851031 0.019357 0.013818
0 0.074138 0.554662 0.017416 0.010896
0 0.530793 0.837305 0.023300 0.017345
0 0.451375 0.324414 0.017236 0.012225
0 0.466951 0.596189 0.021697 0.014561
0 0.369814 0.473511 0.016937 0.013219
0 0.815728 0.480819 0.019183 0.013388
0 0.348588 0.596692 0.013226 0.009567
0 0.304474 0.312560 0.017973 0.014287
0 0.760351 0.482796 0.017527 0.010901
0 0.570444 0.457556 0.015652 0.013442
0 0.113607 0.474543 0.017223 0.012855
0 0.629526 0.486072 0.020357 0.014324
0 0.681295 0.796962 0.018086 0.013813
0 0.517409 0.792018 0.017638 0.012493
0 0.170498 0.703781 0.013067 0.008498
0 0.405507 0.360341 0.020091 0.013523
0 0.506094 0.836737 0.019120 0.010157
0 0.160613 0.731276 0.014302 0.010908
0 0.236952 0.606176 0.014749 0.009903
0 0.594170 0.727884 0.021146 0.013684
0 0.385834 0.546072 0.014133 0.009648
0 0.355319 0.765051 0.013798 0.009294
0 0.295244 0.812651 0.015931 0.011431
0 0.235213 0.647773 0.014327 0.010163
0 0.425504 0.586982 0.015332 0.010824
0 0.195022 0.550760 0.022064 0.015372
0 0.282410 0.574946 0.015176 0.011415
0 0.476286 0.625983 0.017463 0.010852
0 0.552666 0.758582 0.016785 0.010993
0 0.385231 0.812959 0.013589 0.009310
0 0.616840 0.709567 0.017817 0.014356
0 0.530759 0.756117 0.016394 0.009971
0 0.115493 0.591900 0.013498 0.009292
0 0.431627 0.822170 0.021132 0.014632
0 0.589334 0.705267 0.014717 0.009927
0 0.502594 0.765627 0.016459 0.012073
0 0.538742 0.706688 0.017292 0.012121
0 0.559540 0.721781 0.016815 0.014165
0 0.152538 0.686849 0.014104 0.009593
0 0.176605 0.743652 0.014264 0.009781
0 0.339937 0.652683 0.012445 0.009048
0 0.090270 0.574015 0.015398 0.010564
0 0.378345 0.841281 0.015940 0.010699
0 0.294171 0.729335 0.015490 0.011002
0 0.567077 0.826165 0.019186 0.011382
0 0.670630 0.658048 0.022719 0.014051
0 0.137590 0.668235 0.014212 0.010241
0 0.224054 0.771585 0.014477 0.009648
0 0.429194 0.497057 0.016696 0.011371
0 0.123723 0.703665 0.016682 0.011019
0 0.697925 0.404236 0.019485 0.010941
0 0.297685 0.390139 0.015332 0.011348
0 0.337011 0.481001 0.014567 0.009421
0 0.297878 0.709330 0.014534 0.010063
0 0.730610 0.379155 0.018200 0.013354
0 0.375143 0.326872 0.019055 0.012360
0 0.246126 0.499972 0.013578 0.009978
0 0.238724 0.807164 0.017247 0.010796
0 0.413382 0.885205 0.022604 0.017239
0 0.529405 0.735965 0.015717 0.010418
0 0.314601 0.452894 0.014399 0.009489
0 0.497358 0.303068 0.017019 0.012934
0 0.470304 0.411794 0.015350 0.010127
0 0.318065 0.749966 0.019295 0.015730
0 0.587750 0.606449 0.016332 0.010362
0 0.345290 0.847265 0.020352 0.013600
0 0.776796 0.424592 0.018377 0.012922
0 0.340514 0.821702 0.016386 0.012122
0 0.688992 0.497832 0.016348 0.010248
0 0.494777 0.325993 0.014767 0.010915
0 0.325908 0.614668 0.018433 0.010775
0 0.352203 0.444173 0.017885 0.016734
0 0.388473 0.788452 0.013944 0.009091
0 0.641650 0.827920 0.016192 0.010659
0 0.660004 0.374978 0.019555 0.014594
0 0.538691 0.341970 0.015122 0.011346
0 0.220060 0.798123 0.015766 0.011088
0 0.428842 0.574620 0.015022 0.012374
0 0.381181 0.573030 0.014303 0.008656
0 0.686004 0.481677 0.016053 0.011149
0 0.223412 0.561072 0.014869 0.009883
0 0.277112 0.825035 0.017299 0.010694
0 0.341496 0.513604 0.017100 0.010729
0 0.371728 0.558428 0.013644 0.008466
0 0.204637 0.716061 0.019379 0.011848
0 0.470963 0.661618 0.018412 0.013298
0 0.382333 0.523821 0.014215 0.012216
0 0.824366 0.526574 0.017312 0.013113
0 0.252244 0.789204 0.015220 0.009644
0 0.300299 0.557804 0.013053 0.010233
0 0.505776 0.597152 0.020184 0.013442
0 0.340976 0.787197 0.021763 0.011271
0 0.412894 0.479997 0.015594 0.010379
0 0.622150 0.415794 0.016249 0.010960
0 0.220846 0.434624 0.014359 0.009209
0 0.666784 0.719816 0.019102 0.013813
0 0.491767 0.359822 0.014442 0.009497
0 0.498984 0.748678 0.019869 0.012358
0 0.741507 0.425400 0.014975 0.009897
0 0.103899 0.615550 0.019468 0.013411
0 0.824761 0.541461 0.020168 0.012021
0 0.323993 0.862059 0.017972 0.011918
0 0.409754 0.496493 0.015398 0.008831
0 0.616050 0.596291 0.025015 0.014781
0 0.571047 0.449696 0.014128 0.012789
0 0.381380 0.865638 0.016346 0.010424
0 0.445267 0.535799 0.013999 0.010443
0 0.267240 0.355668 0.015685 0.011928
0 0.216377 0.388233 0.020413 0.012198
0 0.358254 0.401772 0.016055 0.010343
0 0.281861 0.797787 0.012665 0.008233
0 0.607954 0.353440 0.018261 0.012408
0 0.363752 0.572187 0.013756 0.007657
0 0.262901 0.586391 0.019937 0.011083
0 0.722308 0.514787 0.042677 0.016124
0 0.530385 0.377661 0.017191 0.011497
0 0.444452 0.728061 0.014079 0.009164
0 0.613221 0.664632 0.015397 0.010738
0 0.139947 0.434975 0.024983 0.012307
0 0.203506 0.647151 0.014024 0.009204
0 0.617036 0.464402 0.014897 0.011474
0 0.081660 0.608044 0.011761 0.007533
0 0.481014 0.577639 0.020493 0.012060
0 0.683027 0.528488 0.017767 0.012306
0 0.279851 0.457184 0.014564 0.009567
0 0.603899 0.745421 0.017621 0.010552
0 0.294374 0.843169 0.018318 0.008230
0 0.315380 0.831962 0.016574 0.009769
0 0.622216 0.546960 0.018809 0.011847
0 0.273115 0.822030 0.015026 0.011103
0 0.176316 0.648032 0.014120 0.009739
0 0.426321 0.581862 0.014906 0.013933