0 0.292666 0.676426 0.018171 0.012873
0 0.233417 0.316943 0.022268 0.018532
0 0.103650 0.592944 0.015821 0.013752
0 0.646607 0.623480 0.015265 0.012601
0 0.206022 0.369696 0.023993 0.019970
0 0.322014 0.408782 0.025529 0.020189
0 0.295568 0.464447 0.019749 0.014208
0 0.703633 0.527163 0.017476 0.012187
0 0.596425 0.503984 0.017815 0.012858
0 0.534487 0.736866 0.019914 0.012362
0 0.465333 0.585007 0.025030 0.017027
0 0.357128 0.651499 0.015406 0.012681
0 0.578021 0.539788 0.019126 0.014497
0 0.133269 0.365370 0.017769 0.013953
0 0.194469 0.724721 0.017160 0.011874
0 0.251337 0.670214 0.021726 0.014185
0 0.236975 0.373574 0.016572 0.012266
0 0.115838 0.654390 0.020201 0.011089
0 0.333518 0.194459 0.018848 0.015494
0 0.575825 0.737706 0.016619 0.010722
0 0.669279 0.593063 0.014339 0.014796
0 0.284594 0.743693 0.016555 0.013737
0 0.588836 0.607482 0.019722 0.014718
0 0.499620 0.401687 0.020162 0.014835
0 0.225282 0.423520 0.020355 0.012850
0 0.042139 0.515394 0.019131 0.010748
0 0.506034 0.434696 0.027283 0.020844
0 0.622624 0.593032 0.025036 0.018321
0 0.291748 0.339894 0.015638 0.011891
0 0.372868 0.590219 0.017139 0.015536
0 0.218416 0.617997 0.018298 0.013197
0 0.313056 0.727602 0.018504 0.013815
0 0.633653 0.429218 0.014797 0.013231
0 0.159573 0.540211 0.020330 0.015084
0 0.436822 0.692765 0.013116 0.012488
0 0.722540 0.546067 0.017973 0.010804
0 0.757356 0.492774 0.016190 0.011148
0 0.233041 0.634693 0.018845 0.010501
0 0.236643 0.594448 0.019783 0.015282
0 0.315279 0.532692 0.019817 0.015327
0 0.474261 0.471199 0.021920 0.017368
0 0.610844 0.674483 0.020560 0.013835
0 0.403447 0.591815 0.017867 0.014459
0 0.601315 0.449932 0.021029 0.013722
0 0.243515 0.572239 0.024029 0.017335
0 0.431295 0.407624 0.019839 0.017011
0 0.611242 0.727426 0.016830 0.010628
0 0.733321 0.528473 0.018461 0.015383
0 0.592109 0.717747 0.022703 0.014610
0 0.030530 0.608819 0.015237 0.011058
0 0.690426 0.564958 0.020445 0.011485
0 0.455003 0.685666 0.016688 0.015692
0 0.215452 0.405524 0.018771 0.013864
0 0.613744 0.574653 0.024972 0.016499
0 0.432027 0.378119 0.019205 0.018036
0 0.695896 0.662643 0.012116 0.004543
1 0.029343 0.579812 0.058685 0.035211
1 0.283255 0.357981 0.051643 0.032864
1 0.704225 0.646127 0.042254 0.031690