0 0.601175 0.645898 0.017028 0.012287
0 0.526451 0.582959 0.020332 0.014300
0 0.718028 0.508410 0.017306 0.013076
0 0.446526 0.555359 0.017827 0.011997
0 0.444768 0.395845 0.024989 0.019375
0 0.398460 0.313235 0.019761 0.013877
0 0.332422 0.513209 0.016921 0.011209
0 0.640389 0.653455 0.015420 0.011337
0 0.577171 0.263186 0.024615 0.018489
0 0.137294 0.322416 0.026994 0.019708
0 0.497292 0.311471 0.025020 0.017709
0 0.310546 0.585843 0.020948 0.013954
0 0.392207 0.388765 0.018437 0.013445
0 0.643423 0.484328 0.017164 0.011613
0 0.496900 0.591849 0.016206 0.011296
0 0.600191 0.606623 0.014237 0.010484
0 0.417036 0.296123 0.018733 0.013960
0 0.587104 0.338076 0.017444 0.012467
0 0.472973 0.535895 0.016912 0.012957
0 0.601363 0.552415 0.018016 0.011972
0 0.251476 0.389596 0.019870 0.012415
0 0.664694 0.458677 0.016126 0.011132
0 0.265882 0.530513 0.016447 0.011592
0 0.455856 0.325192 0.018760 0.013387
0 0.663883 0.571547 0.016594 0.011036
0 0.669380 0.507169 0.017201 0.011528
0 0.362452 0.471064 0.018914 0.013538
0 0.207511 0.438303 0.018144 0.012877
0 0.289843 0.359383 0.021289 0.015128
0 0.481303 0.771537 0.020167 0.015620
0 0.512410 0.697483 0.018734 0.013049
0 0.591730 0.375213 0.018982 0.012763
0 0.363616 0.384814 0.019526 0.013740
0 0.548496 0.509642 0.018103 0.013512
0 0.555270 0.601155 0.015474 0.009754
0 0.431848 0.219988 0.021802 0.015969
0 0.547127 0.265971 0.022007 0.016777
0 0.502964 0.229091 0.026774 0.019722
0 0.701423 0.284960 0.018859 0.013543
0 0.137808 0.372316 0.017335 0.012800
0 0.147321 0.562958 0.020120 0.012880
0 0.679398 0.684943 0.015602 0.010456
0 0.625199 0.683174 0.018064 0.014732
0 0.279860 0.613991 0.018565 0.011442
0 0.163157 0.432034 0.016934 0.011291
0 0.162132 0.449159 0.016006 0.010872
0 0.451442 0.682689 0.015994 0.012057
0 0.171412 0.594015 0.017228 0.011645
0 0.703727 0.586392 0.017843 0.010892
0 0.421260 0.445944 0.016549 0.011393
0 0.176231 0.530991 0.016391 0.011481
0 0.343677 0.653153 0.023731 0.016265
0 0.260147 0.427213 0.021138 0.011887
0 0.246758 0.260939 0.019052 0.013893
0 0.188104 0.414479 0.015008 0.009166
0 0.464468 0.463903 0.018255 0.012645
0 0.460729 0.499116 0.015694 0.010317
0 0.732739 0.449146 0.016612 0.011759
0 0.320855 0.318186 0.028290 0.017417
0 0.390076 0.617273 0.014536 0.009985
0 0.190318 0.465967 0.015138 0.010138
0 0.494952 0.433147 0.021312 0.016894
0 0.663170 0.640698 0.016440 0.010801
0 0.757819 0.314282 0.020631 0.014076
0 0.279290 0.784597 0.021650 0.013594
0 0.343315 0.559750 0.024416 0.019997
0 0.309558 0.274157 0.033998 0.018931
0 0.331656 0.431912 0.017218 0.011977
0 0.799932 0.392043 0.030683 0.018084
0 0.414108 0.544714 0.018570 0.011822
0 0.422074 0.730591 0.021935 0.013667
0 0.666842 0.542063 0.016732 0.011136
0 0.116484 0.449810 0.016390 0.011384
0 0.496711 0.556592 0.018822 0.012534
0 0.195416 0.309717 0.017404 0.013235
0 0.656771 0.293444 0.022052 0.015364
0 0.222964 0.410748 0.017522 0.012035
0 0.303689 0.434721 0.018977 0.014918
0 0.736895 0.517905 0.013955 0.009683
0 0.563882 0.690566 0.020669 0.013292
0 0.579910 0.519425 0.014365 0.009219
0 0.393801 0.283859 0.018274 0.012340
0 0.724755 0.321271 0.021354 0.014813
0 0.698361 0.649493 0.015589 0.011891
0 0.702561 0.438226 0.016502 0.011798
0 0.651580 0.315115 0.020102 0.012434
0 0.454842 0.796655 0.018962 0.014377
0 0.255804 0.484236 0.014812 0.010937
0 0.396408 0.538805 0.018573 0.015019
0 0.499732 0.511916 0.016429 0.010721
0 0.282234 0.315700 0.018511 0.011373
0 0.198809 0.609569 0.018314 0.012719
0 0.263923 0.293522 0.021716 0.013116
0 0.060398 0.447974 0.018123 0.011702
0 0.130125 0.507789 0.020433 0.015593
0 0.077890 0.384908 0.017636 0.012421
0 0.615362 0.460849 0.016028 0.010211
0 0.585597 0.447575 0.025666 0.014960
0 0.641280 0.593639 0.019759 0.013613
0 0.068078 0.473901 0.018026 0.012327
0 0.520552 0.737912 0.029142 0.018416
0 0.171486 0.356567 0.021957 0.014582
0 0.044898 0.426298 0.016184 0.010925
0 0.341076 0.294181 0.017083 0.012313
0 0.646943 0.542343 0.019534 0.014087
0 0.662635 0.415357 0.018035 0.011816
0 0.103108 0.344288 0.021135 0.016033
0 0.309232 0.749601 0.020221 0.014201
0 0.486503 0.473377 0.017157 0.016958
0 0.526081 0.537329 0.014456 0.009144
0 0.618368 0.225119 0.020484 0.015469
0 0.324318 0.473068 0.014535 0.010249
0 0.312858 0.541679 0.014581 0.009647
0 0.614828 0.575975 0.019865 0.012750
0 0.751799 0.552108 0.022020 0.011942
0 0.165968 0.549320 0.017399 0.012060
0 0.786268 0.445279 0.013174 0.009536
0 0.473178 0.788438 0.019171 0.013679
0 0.364514 0.517577 0.015624 0.010560
0 0.378318 0.436694 0.014117 0.008863
0 0.289326 0.236984 0.014957 0.010787
0 0.671217 0.668667 0.014134 0.009774
0 0.087152 0.423484 0.015121 0.010197
0 0.606713 0.413247 0.015218 0.011203
0 0.361931 0.505378 0.016321 0.012757
0 0.633935 0.389233 0.027116 0.019643
0 0.122076 0.600612 0.015371 0.011369
0 0.389637 0.485488 0.014650 0.009332
0 0.105577 0.475158 0.017992 0.012794
0 0.698592 0.707499 0.022079 0.013152
0 0.493837 0.671918 0.019209 0.011317
0 0.156528 0.523361 0.015334 0.010128
0 0.489031 0.734128 0.015483 0.010268
0 0.613760 0.353839 0.018156 0.015242
0 0.133801 0.535831 0.014130 0.009960
0 0.752586 0.453905 0.014194 0.008991
0 0.333291 0.702564 0.024050 0.018581
0 0.443172 0.450426 0.016720 0.013615
0 0.645670 0.242891 0.018777 0.013255
0 0.271021 0.353256 0.019071 0.010276
0 0.782564 0.465884 0.013086 0.008968
0 0.705715 0.731482 0.018097 0.011398
0 0.714558 0.364981 0.019113 0.014204
0 0.523341 0.617091 0.015323 0.009613
0 0.836073 0.445248 0.020406 0.012383
0 0.330748 0.407334 0.025094 0.015636
0 0.758558 0.629452 0.013729 0.009494
0 0.489383 0.630479 0.015623 0.010704
0 0.521910 0.683689 0.015417 0.009935
0 0.555071 0.370290 0.026538 0.016540
0 0.363503 0.598280 0.015740 0.009963
0 0.772582 0.574057 0.016650 0.010844
0 0.755184 0.420694 0.014148 0.011540
0 0.256037 0.756967 0.023377 0.014196
0 0.249024 0.242793 0.018631 0.012360
0 0.782951 0.598209 0.014276 0.009908
0 0.345943 0.781795 0.020711 0.013981
0 0.592814 0.225879 0.016698 0.012200
0 0.344236 0.757727 0.021118 0.017727
0 0.714614 0.627899 0.012609 0.008494
0 0.211965 0.352755 0.014569 0.009534
0 0.282765 0.409997 0.014056 0.010366
0 0.703614 0.521751 0.013957 0.007555
0 0.370700 0.714026 0.015927 0.011593
0 0.436755 0.640835 0.015244 0.010227
0 0.438505 0.435053 0.014710 0.009786
0 0.682513 0.323277 0.033337 0.018645
0 0.702988 0.549464 0.011728 0.008841
0 0.632402 0.339762 0.014712 0.009194
0 0.826802 0.496337 0.015311 0.010642
0 0.387118 0.729597 0.017262 0.009790
0 0.504144 0.462414 0.015302 0.010280
0 0.599845 0.587491 0.012782 0.009859
0 0.092262 0.400841 0.027777 0.016765
0 0.642683 0.455254 0.013378 0.008136
0 0.461795 0.441982 0.014136 0.008773
0 0.541839 0.210602 0.016747 0.012425
0 0.498524 0.491911 0.014396 0.009430
0 0.819833 0.397210 0.019341 0.014018
0 0.246300 0.349705 0.015546 0.009920
0 0.517249 0.427981 0.019165 0.011089
0 0.146815 0.429745 0.014071 0.010647
0 0.246129 0.575060 0.014591 0.009227
0 0.055357 0.497046 0.018266 0.012754
0 0.301012 0.216797 0.021639 0.012600
0 0.339381 0.412452 0.018594 0.012253
0 0.555995 0.790236 0.017943 0.011916
0 0.401945 0.541391 0.030816 0.017747
0 0.654918 0.318849 0.031788 0.016979
0 0.522528 0.356879 0.014784 0.010000
0 0.469976 0.818415 0.022715 0.016396
0 0.742483 0.359520 0.016130 0.012156
0 0.753822 0.594557 0.018022 0.012550
0 0.521864 0.670791 0.013681 0.010475
0 0.702387 0.406054 0.023231 0.016977
0 0.304160 0.424546 0.014291 0.014026
0 0.475946 0.714570 0.013214 0.009663
0 0.113705 0.388059 0.016694 0.011616