1 0.523489 0.613025 0.053319 0.035923
0 0.355326 0.565500 0.019084 0.013086
0 0.239861 0.704306 0.018911 0.012746
0 0.255700 0.631759 0.018838 0.012749
0 0.154467 0.517335 0.018677 0.012779
0 0.251887 0.432430 0.023661 0.017011
0 0.554631 0.567307 0.019075 0.013554
0 0.622066 0.607170 0.018845 0.013355
0 0.150595 0.579805 0.018680 0.012086
0 0.532372 0.474385 0.019049 0.013471
0 0.346111 0.589726 0.018930 0.012740
0 0.546666 0.527692 0.017553 0.011937
0 0.455150 0.651028 0.019593 0.012513
0 0.277813 0.652697 0.018594 0.012323
0 0.566863 0.858433 0.019221 0.014291
0 0.273702 0.534832 0.019159 0.013649
0 0.614097 0.817495 0.018824 0.012631
0 0.496737 0.843564 0.017951 0.011968
0 0.394297 0.800266 0.018693 0.012422
0 0.370120 0.834419 0.020335 0.015029
0 0.696424 0.707164 0.017756 0.012162
0 0.417388 0.546602 0.025772 0.014703
0 0.535679 0.370531 0.020167 0.014422
0 0.612585 0.457602 0.018396 0.012259
0 0.385292 0.527742 0.018544 0.012183
0 0.508706 0.812097 0.018658 0.012019
0 0.671110 0.695395 0.018903 0.011774
0 0.390669 0.580162 0.019219 0.013760
0 0.586890 0.744382 0.018717 0.012231
0 0.176458 0.595098 0.017734 0.011874
0 0.457912 0.867577 0.020676 0.015126
0 0.189836 0.565565 0.019103 0.013115
0 0.431339 0.702908 0.021450 0.013900
0 0.446383 0.487104 0.020048 0.013201
0 0.682033 0.420974 0.021029 0.014784
0 0.182294 0.527427 0.019237 0.012155
0 0.169310 0.692241 0.019127 0.012584
0 0.629441 0.408125 0.019124 0.013140
0 0.521641 0.776692 0.019158 0.012364
0 0.470803 0.844511 0.017623 0.011348
0 0.303888 0.600612 0.018705 0.013121
0 0.430005 0.901216 0.022587 0.014900
0 0.526003 0.865077 0.017077 0.011932
0 0.659246 0.437830 0.018778 0.012349
0 0.479713 0.432404 0.025870 0.020066
0 0.301035 0.795523 0.018714 0.012879
0 0.651951 0.774317 0.017970 0.013204
0 0.536651 0.886640 0.018732 0.012667
0 0.262805 0.585809 0.019081 0.012714
0 0.517742 0.577063 0.017822 0.010704
0 0.170284 0.426072 0.018988 0.012993
0 0.201732 0.732165 0.018141 0.012391
0 0.539449 0.403755 0.019341 0.013395
0 0.597120 0.552987 0.021466 0.014873
0 0.401501 0.887980 0.021425 0.014499
0 0.763335 0.666679 0.019309 0.013346
0 0.557624 0.712346 0.018863 0.011866
0 0.321075 0.827563 0.021776 0.015251
0 0.494225 0.639861 0.018039 0.012375
0 0.737608 0.720780 0.018608 0.013524
0 0.437648 0.562418 0.018508 0.011966
0 0.592617 0.498438 0.020950 0.013948
0 0.306779 0.760848 0.020005 0.014114
0 0.570573 0.692495 0.019624 0.012711
0 0.740093 0.757614 0.017553 0.012076
0 0.131573 0.474538 0.019801 0.015027
0 0.098340 0.452852 0.018938 0.012377
0 0.549620 0.504343 0.017854 0.012651
0 0.727258 0.580829 0.021343 0.014716
0 0.335845 0.354206 0.021891 0.015526
0 0.204724 0.715598 0.017820 0.011654
0 0.513235 0.735755 0.019780 0.013031
0 0.136068 0.657487 0.017305 0.012754
0 0.657516 0.479422 0.023518 0.015860
0 0.621491 0.680515 0.015741 0.011233
0 0.605446 0.846111 0.019009 0.013272
0 0.439776 0.524114 0.025228 0.017181
0 0.582740 0.394068 0.026520 0.018106
0 0.243437 0.666033 0.017229 0.011855
0 0.425001 0.448025 0.025814 0.018956
0 0.226591 0.577967 0.019431 0.012211
0 0.315514 0.809881 0.018260 0.012583
0 0.793984 0.671973 0.019125 0.012869
0 0.528645 0.912786 0.020165 0.014129
0 0.648019 0.601434 0.016323 0.010906
0 0.449676 0.806863 0.021135 0.013699
0 0.375904 0.712747 0.019153 0.013776
0 0.225636 0.539169 0.016888 0.011228
0 0.544599 0.638206 0.017217 0.011383
0 0.477438 0.649008 0.017439 0.011737
0 0.594386 0.521874 0.018099 0.011487
0 0.720997 0.641955 0.015781 0.010256
0 0.308309 0.673274 0.016729 0.011880
0 0.489309 0.594351 0.018417 0.013401
0 0.185763 0.491736 0.017818 0.010535
0 0.662415 0.790204 0.018820 0.011106
0 0.696689 0.646090 0.016324 0.011696
0 0.338308 0.750556 0.016617 0.012128
0 0.476132 0.602511 0.017283 0.011019
0 0.491438 0.910532 0.022337 0.015963
0 0.544924 0.690213 0.018438 0.015165
0 0.211611 0.633411 0.014149 0.009788
0 0.590623 0.631472 0.016781 0.012989
0 0.672284 0.721102 0.016154 0.010874
0 0.199674 0.463097 0.023061 0.018454
0 0.209659 0.514377 0.015616 0.009440
0 0.075739 0.450817 0.019362 0.012464
0 0.167435 0.764045 0.022475 0.013483
0 0.439802 0.804387 0.019327 0.013184
0 0.229375 0.497537 0.020577 0.016172
0 0.698879 0.459490 0.019156 0.015036
0 0.135517 0.639395 0.016396 0.010972
0 0.493400 0.896873 0.017889 0.012181
0 0.764286 0.518697 0.020382 0.013258
0 0.461862 0.511222 0.020831 0.013801
0 0.819988 0.578392 0.026120 0.017962
0 0.720306 0.620953 0.016278 0.012148
0 0.346602 0.675095 0.017117 0.012253
0 0.754387 0.642298 0.017213 0.011942
0 0.312248 0.312792 0.022936 0.015144
0 0.586933 0.651601 0.015331 0.008948
0 0.804261 0.599930 0.019071 0.013757
0 0.506626 0.385964 0.018150 0.013424
0 0.746242 0.657217 0.016630 0.010440
0 0.788606 0.551781 0.015192 0.009706
0 0.133822 0.542548 0.016692 0.011485
0 0.492947 0.903590 0.026953 0.029432
0 0.103565 0.588961 0.017840 0.012744
0 0.561697 0.440245 0.015737 0.012155
0 0.543790 0.818149 0.016244 0.010913
0 0.412640 0.635470 0.016425 0.011249
0 0.604187 0.428666 0.015479 0.009168
0 0.646203 0.675003 0.019937 0.012916
0 0.677469 0.786678 0.020314 0.012740
0 0.427948 0.677900 0.016836 0.010597
0 0.048622 0.474041 0.022341 0.014114
0 0.322870 0.678625 0.018508 0.009512
0 0.604738 0.403816 0.019449 0.012204
0 0.691300 0.395730 0.018276 0.012639
0 0.503923 0.788106 0.015188 0.010277
0 0.729051 0.809711 0.018073 0.012904
0 0.482028 0.596113 0.021910 0.015151
0 0.537449 0.671961 0.014471 0.009752
0 0.311231 0.677137 0.021582 0.010813
0 0.571950 0.621188 0.015379 0.009261
0 0.269409 0.570263 0.017592 0.010046
0 0.812766 0.539573 0.019048 0.014095
0 0.267000 0.391195 0.018717 0.013453
0 0.491501 0.643585 0.027174 0.016350
0 0.468152 0.530404 0.024212 0.013967
0 0.364651 0.514061 0.015144 0.009330
0 0.121442 0.678798 0.022126 0.012120
0 0.006547 0.640793 0.013094 0.013341
0 0.296943 0.774070 0.015846 0.009429
0 0.761529 0.665684 0.028962 0.021403
0 0.667091 0.788239 0.031201 0.013826
0 0.463999 0.533836 0.018877 0.010635