1 0.775069 0.538335 0.059124 0.039345
1 0.289938 0.507106 0.054191 0.043243
1 0.261272 0.590841 0.077311 0.042700
0 0.337680 0.444429 0.020313 0.014223
0 0.483441 0.570839 0.020330 0.015250
0 0.405392 0.414988 0.018364 0.012249
0 0.416718 0.370727 0.020009 0.016263
0 0.462525 0.602570 0.026472 0.018846
0 0.579992 0.349776 0.020684 0.015178
0 0.575855 0.423666 0.021777 0.016085
0 0.443317 0.503474 0.019545 0.013668
0 0.525330 0.406373 0.019364 0.013813
0 0.439688 0.455032 0.020004 0.013598
0 0.694889 0.588163 0.025407 0.018379
0 0.730525 0.503503 0.019539 0.013332
0 0.805137 0.464223 0.018970 0.011872
0 0.517361 0.534001 0.023949 0.016987
0 0.372875 0.470175 0.018146 0.012903
0 0.757783 0.479325 0.019129 0.013500
0 0.256258 0.553585 0.020443 0.013644
0 0.576920 0.505723 0.018338 0.012662
0 0.723062 0.433779 0.023390 0.017206
0 0.421287 0.571837 0.018470 0.012842
0 0.726111 0.382822 0.019950 0.014545
0 0.512156 0.872003 0.029601 0.020401
0 0.541985 0.519901 0.022061 0.015452
0 0.403128 0.604998 0.017944 0.012075
0 0.656687 0.644449 0.022150 0.017098
0 0.362645 0.842959 0.023023 0.015332
0 0.546019 0.474231 0.020490 0.014294
0 0.626888 0.503126 0.018333 0.012480
0 0.577483 0.672796 0.025026 0.017947
0 0.185757 0.667662 0.017435 0.011791
0 0.605760 0.577269 0.017849 0.011435
0 0.577033 0.397894 0.019833 0.013128
0 0.690733 0.372320 0.018929 0.013594
0 0.379662 0.534121 0.016513 0.011545
0 0.301606 0.556344 0.015569 0.010828
0 0.565743 0.588090 0.021202 0.015381
0 0.369721 0.805822 0.019964 0.013854
0 0.442098 0.556074 0.016440 0.011444
0 0.343316 0.581412 0.017760 0.012765
0 0.490605 0.648544 0.022035 0.016210
0 0.353772 0.487654 0.017083 0.011740
0 0.446032 0.343431 0.019945 0.012475
0 0.135943 0.631061 0.015890 0.011373
0 0.508775 0.385581 0.017997 0.012385
0 0.460211 0.529702 0.017116 0.011106
0 0.377022 0.759075 0.019627 0.014090
0 0.810911 0.443782 0.022403 0.014924
0 0.422417 0.338463 0.016538 0.011982
0 0.346295 0.519848 0.016607 0.011294
0 0.491643 0.400022 0.018914 0.016308
0 0.361903 0.515091 0.017477 0.012811
0 0.520533 0.353435 0.015352 0.010690
0 0.247924 0.626724 0.019627 0.013284
0 0.548058 0.345371 0.016844 0.013114
0 0.502797 0.331636 0.016804 0.012059
0 0.509768 0.498166 0.016154 0.010902
0 0.539613 0.432255 0.016602 0.011624
0 0.706614 0.783665 0.018171 0.012624
0 0.716841 0.579625 0.019086 0.013362
0 0.544499 0.768207 0.024342 0.018293
0 0.438006 0.841604 0.020604 0.014773
0 0.286380 0.801664 0.016595 0.011501
0 0.403880 0.559807 0.015538 0.011305
0 0.573914 0.468092 0.018529 0.016025
0 0.729147 0.644747 0.030778 0.022099
0 0.112485 0.523421 0.020232 0.015599
0 0.352676 0.566421 0.016103 0.009849
0 0.528426 0.623253 0.019134 0.015015
0 0.372668 0.592370 0.017061 0.011727
0 0.835083 0.470208 0.016805 0.012527
0 0.646594 0.821460 0.016944 0.012043
1 0.505891 0.746570 0.040344 0.031268
0 0.344742 0.468222 0.015207 0.010204
0 0.354693 0.681224 0.015482 0.010655
0 0.623018 0.468491 0.025811 0.018958
0 0.281604 0.819824 0.015306 0.010665
0 0.329954 0.857260 0.016969 0.010065
0 0.761129 0.442111 0.017949 0.011334
0 0.388186 0.589239 0.017950 0.012802
0 0.106489 0.619643 0.017595 0.011801
0 0.312248 0.672249 0.018728 0.013727
0 0.365721 0.544783 0.016125 0.010535
0 0.156927 0.626115 0.016375 0.010914
0 0.341640 0.348943 0.020740 0.018590
0 0.678224 0.604564 0.020151 0.013924
0 0.423847 0.536973 0.020462 0.013033
0 0.488527 0.347267 0.014817 0.010031
1 0.389063 0.735021 0.027213 0.029450
0 0.462287 0.684785 0.022554 0.014515
0 0.525266 0.556921 0.016274 0.010959
0 0.746856 0.799016 0.017796 0.014145
0 0.440905 0.316149 0.017185 0.011979
0 0.596848 0.468415 0.022566 0.013628
0 0.379888 0.591381 0.028436 0.013982
0 0.575547 0.560769 0.015461 0.010630
0 0.552255 0.821556 0.023365 0.016427
0 0.415119 0.782763 0.017175 0.012136
0 0.604454 0.832111 0.040214 0.022827
0 0.264266 0.837968 0.016743 0.012657
0 0.601873 0.515497 0.015524 0.010686
0 0.621066 0.456099 0.019194 0.013217
0 0.806312 0.463239 0.029156 0.018727
0 0.442265 0.431900 0.015630 0.011603
0 0.185538 0.700242 0.017861 0.013013
0 0.428700 0.532432 0.020403 0.012455
0 0.455312 0.325627 0.016173 0.011473
0 0.353003 0.518289 0.029556 0.012549
0 0.830235 0.498997 0.022097 0.016290
0 0.791522 0.650196 0.022644 0.017033
0 0.525150 0.854923 0.018813 0.012033
0 0.527550 0.464778 0.019604 0.010687
0 0.729156 0.672839 0.019098 0.012556