0 0.417246 0.405433 0.011075 0.014085
0 0.306617 0.183171 0.013963 0.016710
0 0.227168 0.444882 0.009850 0.013156
0 0.332691 0.256633 0.011924 0.015354
0 0.404790 0.128862 0.009315 0.011936
0 0.492355 0.223897 0.012388 0.015106
0 0.321328 0.540367 0.010308 0.012689
0 0.362353 0.224562 0.013168 0.015741
0 0.359323 0.379184 0.012477 0.013825
0 0.348075 0.166308 0.011190 0.015088
0 0.444679 0.356712 0.012256 0.015068
0 0.579721 0.329147 0.009875 0.011291
0 0.205313 0.297578 0.011567 0.013799
0 0.434379 0.278804 0.013010 0.016785
0 0.515534 0.527719 0.010716 0.012318
0 0.663714 0.321023 0.013888 0.017086
0 0.159182 0.446962 0.009936 0.012642
0 0.679884 0.366471 0.013980 0.017011
0 0.545657 0.529473 0.011202 0.013511
0 0.239610 0.350034 0.010456 0.012692
0 0.371759 0.194055 0.010323 0.013415
0 0.533510 0.544245 0.009163 0.011208
0 0.319587 0.149577 0.012431 0.014723
0 0.297232 0.536642 0.009464 0.012165
0 0.283080 0.536223 0.009428 0.011096
0 0.590759 0.377865 0.010900 0.012319
0 0.473284 0.697413 0.009059 0.010449
0 0.300382 0.376658 0.010522 0.013376
0 0.469477 0.367676 0.011331 0.014909
0 0.537220 0.342826 0.012652 0.015096
0 0.417839 0.833339 0.012673 0.015354
0 0.419147 0.370041 0.011319 0.014905
0 0.392498 0.198755 0.010960 0.012784
0 0.515129 0.252822 0.011939 0.013905
0 0.608531 0.217958 0.012253 0.014968
0 0.171640 0.271375 0.014875 0.017418
0 0.287146 0.146359 0.013097 0.018521
0 0.453927 0.259629 0.012041 0.016796
0 0.440926 0.651302 0.010184 0.011460
0 0.459842 0.763797 0.009988 0.011423
0 0.395691 0.360033 0.012923 0.015498
0 0.377864 0.841858 0.010980 0.013975
0 0.315387 0.512225 0.010045 0.012968
0 0.571810 0.434564 0.010061 0.013049
0 0.572964 0.570828 0.010082 0.012435
0 0.516426 0.278392 0.010572 0.012645
0 0.365741 0.120072 0.010755 0.013106
0 0.418800 0.462838 0.011383 0.012222
0 0.312640 0.267601 0.012472 0.014660
0 0.535900 0.166324 0.013846 0.018867
0 0.366085 0.453906 0.010196 0.012217
0 0.231182 0.257192 0.012704 0.016341
0 0.256290 0.322840 0.010883 0.012983
0 0.503498 0.138245 0.012183 0.015576
0 0.486331 0.202603 0.012451 0.014833
0 0.657071 0.478583 0.010333 0.012489
0 0.467198 0.338058 0.011150 0.012949
0 0.544952 0.395096 0.010511 0.013438
0 0.516805 0.365260 0.011190 0.014199
0 0.426759 0.302642 0.011660 0.012668
0 0.415146 0.226240 0.011180 0.012330
0 0.201962 0.250451 0.015713 0.015585
0 0.561028 0.213061 0.011158 0.014383
0 0.320132 0.370453 0.010765 0.013095
0 0.293855 0.418425 0.012246 0.015389
0 0.347587 0.138354 0.011035 0.014197
0 0.492029 0.349888 0.011833 0.015002
0 0.192972 0.362249 0.011833 0.014415
0 0.600328 0.351215 0.011064 0.013231
0 0.583204 0.410762 0.010396 0.012313
0 0.252487 0.304583 0.010483 0.012567
0 0.497538 0.547906 0.011274 0.013326
0 0.220768 0.630091 0.009231 0.010776
0 0.293981 0.650585 0.009438 0.011945
0 0.466203 0.312742 0.011329 0.013025
0 0.283999 0.275925 0.012083 0.015547
0 0.585583 0.552057 0.009146 0.011124
0 0.392066 0.598291 0.009063 0.011494
0 0.575798 0.375553 0.009733 0.011693
0 0.438474 0.209144 0.012319 0.014246
0 0.334494 0.411574 0.011667 0.015698
0 0.626943 0.257270 0.016084 0.019072
0 0.466051 0.454739 0.011293 0.012761
0 0.327010 0.835187 0.009957 0.011767
0 0.446153 0.415577 0.010504 0.013683
0 0.231332 0.180111 0.015146 0.018021
0 0.265037 0.749046 0.010375 0.013174
0 0.302896 0.217628 0.013663 0.016508
0 0.384529 0.732011 0.008855 0.010154
0 0.447165 0.688418 0.009543 0.011540
0 0.222486 0.501430 0.008930 0.011815
0 0.521367 0.215059 0.012017 0.015747
1 0.286745 0.577037 0.033015 0.036040
0 0.270572 0.378608 0.010097 0.012036
0 0.362947 0.678414 0.010146 0.012418
0 0.424061 0.168168 0.012400 0.013078
0 0.196215 0.227441 0.013406 0.016849
0 0.423384 0.201876 0.015304 0.016034
0 0.374220 0.708057 0.010113 0.010712
0 0.383682 0.862247 0.012282 0.013642
0 0.347606 0.629260 0.009566 0.011872
0 0.570343 0.265926 0.012072 0.016734
0 0.162084 0.342942 0.012908 0.014661
0 0.188409 0.322158 0.013667 0.013725
0 0.278329 0.720766 0.008312 0.009547
0 0.533430 0.592658 0.008636 0.011227
1 0.563904 0.734745 0.024165 0.034338
0 0.124587 0.421725 0.012714 0.015371
0 0.343637 0.780950 0.010027 0.010974
0 0.369628 0.344527 0.010535 0.011581
0 0.362907 0.555186 0.009711 0.011538
0 0.316788 0.792790 0.008966 0.010969
0 0.524350 0.626150 0.009195 0.011305
0 0.502108 0.418571 0.009784 0.012388
0 0.529149 0.429499 0.010613 0.012276
0 0.158590 0.393335 0.010878 0.014172
0 0.345540 0.680478 0.008744 0.010182
0 0.645096 0.442621 0.009715 0.011794
0 0.320076 0.224197 0.011595 0.013702
0 0.472366 0.830194 0.011866 0.013166
0 0.556610 0.684097 0.010920 0.011854
0 0.231398 0.290504 0.013961 0.013892
0 0.309080 0.445712 0.013420 0.015055
0 0.637848 0.543498 0.009473 0.012373
0 0.429359 0.571799 0.010243 0.012978
0 0.461064 0.576146 0.010298 0.012224
0 0.565779 0.186504 0.010506 0.013932
0 0.502411 0.610570 0.009347 0.011275
0 0.460214 0.853632 0.011765 0.012229
0 0.486445 0.312753 0.011476 0.013699
0 0.628023 0.344420 0.011129 0.013099
0 0.255142 0.393177 0.012690 0.012387
0 0.554205 0.362199 0.009526 0.012569
0 0.162020 0.539004 0.009132 0.009785
0 0.285672 0.216428 0.011495 0.013526
0 0.428564 0.105061 0.009200 0.011923
0 0.364186 0.753974 0.010485 0.010731
0 0.583239 0.221745 0.010383 0.012858
0 0.610791 0.292599 0.012547 0.017031
0 0.390211 0.678242 0.009719 0.011257
0 0.331728 0.493713 0.012057 0.012166
0 0.628574 0.379318 0.011507 0.013054
0 0.560289 0.549389 0.008948 0.011120
0 0.260533 0.464942 0.009814 0.012224
0 0.403216 0.330604 0.012148 0.013315
0 0.285726 0.305477 0.013746 0.014572
0 0.402611 0.567732 0.010545 0.014834
0 0.221429 0.605080 0.008739 0.010851
0 0.621612 0.671892 0.009433 0.011226
0 0.585371 0.506209 0.009794 0.010459
0 0.538044 0.787668 0.010437 0.011458
0 0.265962 0.262723 0.011026 0.014161
0 0.385128 0.322239 0.010366 0.011884
0 0.196916 0.495917 0.010045 0.013241
0 0.613541 0.317336 0.010988 0.014636
0 0.250608 0.391971 0.014687 0.012162
0 0.435234 0.760640 0.012106 0.011743
0 0.490184 0.798513 0.010422 0.012825
0 0.443623 0.847037 0.012718 0.015710
0 0.515928 0.196466 0.011821 0.013517
0 0.240983 0.703942 0.009149 0.009970
0 0.649173 0.304891 0.013331 0.015900
0 0.270361 0.345452 0.010422 0.011832
0 0.473757 0.666537 0.009299 0.011416
0 0.187346 0.430144 0.011619 0.011002
0 0.392088 0.386365 0.012445 0.019986
0 0.652577 0.338761 0.011570 0.013089
0 0.345976 0.432514 0.010023 0.011344
0 0.274252 0.492987 0.011380 0.012920
0 0.178955 0.448875 0.009992 0.011864
0 0.414899 0.293573 0.010498 0.012744
0 0.478002 0.169984 0.012556 0.014135
0 0.241704 0.474379 0.009382 0.012531
0 0.597095 0.446031 0.010245 0.011537
0 0.520172 0.321630 0.012907 0.012337
0 0.189250 0.603663 0.008833 0.009744
0 0.260455 0.180937 0.011709 0.013471
0 0.377274 0.559379 0.009625 0.011386
0 0.316734 0.406526 0.013359 0.012944
0 0.282867 0.511885 0.009479 0.010270
0 0.536803 0.468379 0.011336 0.012567
0 0.190157 0.401700 0.013656 0.013260
0 0.343140 0.467346 0.010442 0.015958
0 0.237079 0.737495 0.009631 0.011507
0 0.429660 0.231056 0.011292 0.012234
0 0.489161 0.663951 0.010022 0.011709
0 0.488514 0.718008 0.008934 0.013347
0 0.432224 0.543173 0.010407 0.010633
0 0.228842 0.554758 0.010011 0.010777
0 0.622567 0.549686 0.009891 0.010300
0 0.476692 0.739769 0.009586 0.010079
0 0.198206 0.677098 0.010118 0.010846
0 0.627503 0.444194 0.009173 0.011191
0 0.248004 0.244667 0.012483 0.016056
0 0.545534 0.250944 0.010950 0.012771
0 0.352470 0.657200 0.009575 0.011363
0 0.343184 0.198436 0.010161 0.013251
0 0.353871 0.822984 0.010496 0.012059
0 0.677945 0.483245 0.008615 0.011177
0 0.286430 0.739602 0.008958 0.010908
0 0.595393 0.533085 0.009850 0.010367
0 0.234674 0.521463 0.009766 0.009645
0 0.476904 0.547113 0.008929 0.011873
0 0.413387 0.486355 0.009568 0.010926
0 0.142612 0.369251 0.014239 0.017758
0 0.447105 0.164588 0.011778 0.014685
0 0.460093 0.498628 0.010556 0.012534
0 0.344672 0.297093 0.010206 0.013561
0 0.355734 0.355639 0.010248 0.011770
0 0.282924 0.806445 0.010494 0.012069
0 0.632676 0.406048 0.009459 0.010823
0 0.328415 0.446899 0.010646 0.012143
0 0.400280 0.541440 0.009537 0.010539
0 0.382116 0.161308 0.013206 0.011716
0 0.396728 0.257937 0.011371 0.013922
0 0.387381 0.163440 0.012198 0.012118
0 0.184186 0.521919 0.010184 0.012256
0 0.523367 0.143227 0.015212 0.016617
0 0.548568 0.336943 0.010293 0.013561
0 0.353712 0.736680 0.008406 0.010116
0 0.505986 0.310350 0.011911 0.013541
0 0.267351 0.244287 0.011975 0.020006
0 0.615475 0.367975 0.008945 0.011371
0 0.604536 0.488201 0.011256 0.013704
0 0.276227 0.776103 0.010044 0.011217
0 0.363731 0.147786 0.010827 0.012521
0 0.257478 0.695144 0.008860 0.010686
0 0.298577 0.480947 0.012729 0.013291
0 0.509206 0.568836 0.009873 0.011656
0 0.400924 0.819917 0.011174 0.014014
0 0.349620 0.221959 0.010033 0.014187
0 0.354019 0.843588 0.011328 0.012683
0 0.415420 0.586456 0.010177 0.012433
0 0.259289 0.564119 0.010528 0.010785
0 0.502485 0.712320 0.009713 0.012616
0 0.481793 0.485694 0.010235 0.012023
0 0.540402 0.309890 0.010744 0.011840
0 0.323101 0.570170 0.008258 0.011360
0 0.464364 0.621547 0.011534 0.010832
1 0.330729 0.109571 0.030800 0.026534
0 0.433026 0.431208 0.013539 0.015271
0 0.551966 0.280082 0.009628 0.011957
0 0.124905 0.444760 0.011744 0.014890
0 0.412590 0.786517 0.009668 0.012983
0 0.514687 0.691396 0.009103 0.010043
0 0.408483 0.511216 0.010909 0.011786
0 0.600901 0.253919 0.014353 0.014406
0 0.271955 0.643790 0.008176 0.009627
0 0.256338 0.527435 0.014329 0.013541
0 0.178287 0.384438 0.010799 0.011801
0 0.660223 0.505274 0.008938 0.010831
0 0.344476 0.387394 0.009671 0.011678
0 0.188040 0.562508 0.008920 0.010064
0 0.250813 0.493143 0.009541 0.010176
0 0.245086 0.548347 0.008449 0.009203
0 0.220955 0.692996 0.008863 0.011327
0 0.584289 0.302279 0.011700 0.011947
0 0.448814 0.794979 0.014675 0.014993
0 0.160619 0.298814 0.016927 0.018656
0 0.508858 0.755833 0.008608 0.009392
0 0.608175 0.405547 0.010466 0.013800
0 0.258595 0.578449 0.009331 0.010244
0 0.325270 0.302223 0.013326 0.015016
0 0.359516 0.537933 0.008888 0.013101
0 0.424153 0.137362 0.012665 0.012627
0 0.219571 0.699696 0.009428 0.013961
0 0.189421 0.479073 0.009792 0.010078
0 0.618198 0.521943 0.009962 0.011118
0 0.349228 0.514063 0.009830 0.012290
0 0.258557 0.229567 0.011543 0.014590
0 0.339654 0.577847 0.009544 0.010512
0 0.636598 0.485939 0.010039 0.010264
0 0.448092 0.568897 0.008296 0.011200
0 0.386550 0.374418 0.012646 0.015939
0 0.260548 0.637584 0.008733 0.010170
0 0.237806 0.572630 0.010486 0.010336
0 0.309967 0.309327 0.011385 0.013246
0 0.404773 0.665147 0.009932 0.013128
0 0.570336 0.686574 0.010427 0.010721
0 0.496961 0.840637 0.009910 0.012591
0 0.401649 0.618589 0.009010 0.010618
0 0.412770 0.706545 0.010801 0.011019
0 0.389628 0.773159 0.010113 0.010839
0 0.340836 0.598460 0.009060 0.010888
0 0.298599 0.607265 0.011227 0.012723
0 0.496678 0.186442 0.011478 0.013742
0 0.389569 0.482087 0.010086 0.011698
0 0.377181 0.511596 0.009956 0.012322
0 0.549408 0.623654 0.010473 0.012158
0 0.483485 0.398394 0.010823 0.010911
0 0.530229 0.829506 0.010302 0.012753
0 0.569763 0.508691 0.010727 0.013117
0 0.683189 0.452658 0.009783 0.011475
0 0.535195 0.769391 0.009186 0.013114
0 0.488823 0.431130 0.011173 0.013408
0 0.541757 0.611301 0.009252 0.011298
0 0.243756 0.462945 0.009645 0.016314
0 0.382385 0.628697 0.012524 0.012173
0 0.427108 0.683085 0.008725 0.010331
0 0.247093 0.658740 0.009068 0.009930
0 0.442698 0.475217 0.014672 0.014874
0 0.657150 0.384397 0.011750 0.011707
0 0.589084 0.600854 0.009689 0.011832
0 0.496708 0.590086 0.009654 0.011995
0 0.610719 0.721464 0.009558 0.011725
0 0.378098 0.803540 0.009157 0.010303
0 0.383941 0.263193 0.011277 0.013522
0 0.659410 0.619306 0.009407 0.010767
0 0.353121 0.701206 0.007437 0.012341
0 0.153404 0.324037 0.017487 0.019515
0 0.315200 0.668239 0.012621 0.011138
0 0.524326 0.252516 0.013370 0.011634
0 0.456515 0.395133 0.010770 0.018810
0 0.616789 0.619036 0.009964 0.010177
0 0.157543 0.399299 0.009895 0.014366
0 0.474202 0.165065 0.016195 0.017567
0 0.360772 0.279942 0.012441 0.013598
0 0.546586 0.644164 0.009400 0.010525
0 0.338058 0.343567 0.012850 0.013664
0 0.134147 0.355024 0.014782 0.020423
0 0.491237 0.510197 0.009821 0.011720
0 0.210582 0.525974 0.010640 0.010174
0 0.277513 0.606401 0.010864 0.011110
0 0.309925 0.747739 0.008460 0.011139
0 0.652386 0.420611 0.009076 0.010149
0 0.427860 0.728612 0.010547 0.010799
0 0.421724 0.387612 0.010318 0.011890
0 0.571890 0.273583 0.012313 0.015984
0 0.572387 0.280544 0.009999 0.014473
0 0.316891 0.329256 0.012885 0.012344
0 0.223206 0.377925 0.013236 0.017036
0 0.346905 0.800829 0.010716 0.013979
0 0.568833 0.703483 0.008278 0.008243
0 0.423081 0.517380 0.010114 0.010578
0 0.153907 0.520525 0.008585 0.010147
0 0.312216 0.629366 0.009723 0.012606
0 0.327582 0.614527 0.007773 0.015019
0 0.351664 0.240175 0.008911 0.012432
0 0.642614 0.381760 0.012122 0.010936
0 0.296509 0.464741 0.008919 0.012607
0 0.525536 0.427081 0.017224 0.011641
0 0.499537 0.461577 0.012653 0.014922
0 0.504588 0.819906 0.012991 0.012487
0 0.632064 0.598117 0.009422 0.009997
0 0.417147 0.626286 0.010701 0.012836
0 0.530248 0.810694 0.009176 0.011846
0 0.246490 0.681722 0.008857 0.009121
0 0.447087 0.283579 0.011250 0.013192
0 0.391297 0.461332 0.013719 0.012825
0 0.338966 0.715577 0.009620 0.011988
0 0.567504 0.609708 0.011593 0.011545
0 0.535538 0.662030 0.011893 0.010871
0 0.254991 0.611767 0.011794 0.011034
0 0.559971 0.298681 0.013885 0.012122
0 0.511607 0.645079 0.012066 0.010655
0 0.155072 0.597567 0.008756 0.010061
0 0.600382 0.628128 0.009571 0.013360
0 0.664015 0.347401 0.012383 0.013858
0 0.551631 0.244178 0.012241 0.013219
0 0.391728 0.234778 0.011717 0.015237
0 0.407028 0.745765 0.011273 0.012696
0 0.456697 0.388857 0.009653 0.014054
0 0.443166 0.502336 0.009396 0.015472
0 0.500798 0.504410 0.011127 0.014259
0 0.461741 0.422979 0.011193 0.012188
0 0.167311 0.644545 0.009186 0.012109
0 0.165904 0.471304 0.009241 0.010948
0 0.565383 0.805463 0.010342 0.012255
0 0.248805 0.787601 0.009708 0.011156
0 0.498724 0.631088 0.009998 0.011769
0 0.531029 0.688166 0.009424 0.011348
0 0.562316 0.464923 0.009417 0.009993
0 0.547303 0.170669 0.012679 0.013989
0 0.434264 0.864317 0.012666 0.011739
0 0.455248 0.251107 0.009593 0.018006
0 0.446573 0.723520 0.010491 0.011254
0 0.546808 0.566470 0.008697 0.013273
0 0.550364 0.494576 0.009544 0.009123
0 0.582531 0.769460 0.013687 0.011329
0 0.434363 0.613676 0.011460 0.013102
0 0.285831 0.346286 0.011248 0.013876
0 0.200620 0.654408 0.009418 0.008759
0 0.374692 0.288122 0.010427 0.013494
0 0.168382 0.493331 0.009971 0.012822
0 0.638726 0.320710 0.013923 0.014432
0 0.516958 0.730180 0.011733 0.009710
0 0.293802 0.687704 0.009532 0.009375
0 0.393558 0.305940 0.011812 0.013102
0 0.368215 0.599293 0.009541 0.014937
0 0.301515 0.485032 0.011634 0.012012
0 0.398349 0.461944 0.016898 0.013603
0 0.419774 0.227736 0.018336 0.011696
0 0.201131 0.637862 0.008966 0.011948
0 0.565124 0.228409 0.010882 0.012747
0 0.135563 0.507715 0.008258 0.010883
0 0.549417 0.330881 0.009284 0.014783
0 0.621717 0.523304 0.011575 0.009976
0 0.453730 0.533288 0.014310 0.011213
0 0.261747 0.528320 0.013281 0.013473
0 0.192084 0.715501 0.010105 0.012529
0 0.354599 0.588043 0.011980 0.011020
0 0.201431 0.552392 0.014722 0.010672
0 0.554006 0.594012 0.009665 0.010823
0 0.403993 0.312305 0.015803 0.013259
0 0.518709 0.456090 0.009052 0.015047
0 0.304655 0.331505 0.011345 0.013759
0 0.441898 0.628877 0.009461 0.011513
0 0.417780 0.551788 0.011197 0.013511
0 0.387726 0.839521 0.012275 0.011175
0 0.365495 0.311605 0.011287 0.011691
0 0.473347 0.595547 0.011430 0.010079
0 0.469233 0.159794 0.020579 0.020788
0 0.324135 0.749759 0.008576 0.014229
0 0.271850 0.686376 0.012954 0.011046
0 0.142998 0.546037 0.008780 0.010173
0 0.630694 0.648478 0.009858 0.011389
0 0.209759 0.724470 0.010970 0.011190
0 0.654185 0.341509 0.018279 0.018037
0 0.215497 0.378936 0.014817 0.015087