1 0.757355 0.460350 0.041912 0.030981
0 0.215976 0.668056 0.019893 0.013389
0 0.256123 0.283857 0.022176 0.017098
1 0.295930 0.437436 0.034650 0.024209
1 0.463434 0.482006 0.035121 0.026448
0 0.101337 0.476387 0.020423 0.014188
0 0.379435 0.346676 0.024719 0.017860
0 0.269525 0.554866 0.017554 0.012785
0 0.422416 0.421622 0.016466 0.012733
0 0.123056 0.431838 0.021468 0.015566
0 0.213481 0.300514 0.018744 0.014645
0 0.263053 0.454242 0.016682 0.011790
0 0.237753 0.448584 0.018728 0.013631
0 0.182324 0.629863 0.017018 0.011138
0 0.460006 0.250432 0.016787 0.012007
0 0.511268 0.484018 0.020381 0.015078
0 0.311067 0.665515 0.019452 0.013526
0 0.072183 0.499277 0.018655 0.012351
0 0.445334 0.353820 0.018423 0.013670
0 0.603740 0.507279 0.022469 0.016391
0 0.297512 0.281291 0.017366 0.011810
0 0.245376 0.415888 0.017137 0.012574
0 0.127262 0.585394 0.016406 0.012310
0 0.400463 0.272598 0.020200 0.015495
0 0.332074 0.748631 0.025902 0.017897
0 0.126995 0.386724 0.016756 0.011937
0 0.046233 0.374672 0.018244 0.013623
0 0.642412 0.616991 0.016068 0.011232
0 0.247081 0.535538 0.017819 0.011835
0 0.088937 0.381669 0.016309 0.013416
0 0.273720 0.391056 0.027026 0.020209
0 0.368819 0.652002 0.017630 0.013212
0 0.151404 0.467828 0.021879 0.014000
0 0.223688 0.368444 0.016385 0.012106
0 0.148072 0.670131 0.016188 0.011274
0 0.584387 0.622077 0.015501 0.011872
0 0.212365 0.621063 0.016753 0.011562
0 0.328618 0.639735 0.018302 0.012729
0 0.619311 0.542213 0.017439 0.012713
0 0.207192 0.385864 0.016965 0.012706
0 0.592213 0.561748 0.019162 0.014121