0 0.488710 0.382582 0.024958 0.018394
0 0.619551 0.699466 0.017122 0.012452
0 0.674820 0.683035 0.019312 0.013974
0 0.567872 0.545872 0.024580 0.017348
0 0.436453 0.526233 0.020059 0.013749
0 0.506173 0.773365 0.019689 0.014321
0 0.355580 0.540867 0.018475 0.012536
0 0.436130 0.724963 0.018013 0.012553
0 0.577092 0.296123 0.021107 0.016359
0 0.623141 0.284434 0.025355 0.019134
0 0.894606 0.573107 0.017490 0.011692
0 0.538691 0.573365 0.020233 0.015700
0 0.490968 0.699650 0.020118 0.013652
0 0.795086 0.690418 0.017163 0.011106
0 0.541838 0.759346 0.024270 0.016675
0 0.674638 0.462327 0.016926 0.011909
0 0.723600 0.632916 0.016232 0.012070
0 0.829817 0.689010 0.017144 0.012428
0 0.495542 0.734117 0.017444 0.011723
0 0.887636 0.512904 0.017687 0.012503
0 0.662988 0.488304 0.018792 0.012177
0 0.355101 0.749582 0.016631 0.011342
0 0.792856 0.471094 0.026520 0.017695
0 0.614431 0.642485 0.021007 0.013920
0 0.460547 0.721158 0.019195 0.014434
0 0.557491 0.322235 0.018658 0.013266
0 0.752499 0.355375 0.024407 0.015160
0 0.764452 0.457147 0.016276 0.011051
0 0.295792 0.745817 0.016055 0.010832
0 0.535810 0.789453 0.023658 0.017814
0 0.559989 0.611324 0.018367 0.013010
0 0.221683 0.635346 0.016153 0.012536
0 0.346249 0.525574 0.017409 0.013402
0 0.224237 0.601565 0.017117 0.012442
0 0.502342 0.579235 0.017860 0.012682
0 0.433395 0.443305 0.025750 0.016375
0 0.460475 0.644920 0.018164 0.012498
0 0.162252 0.556358 0.016436 0.011210
0 0.729394 0.684210 0.017477 0.012701
0 0.351288 0.663713 0.016872 0.011904
0 0.678101 0.648470 0.019191 0.015416
0 0.662789 0.798076 0.017830 0.013805
0 0.433982 0.606136 0.018823 0.013882
0 0.499600 0.329543 0.019464 0.014424
0 0.792825 0.711397 0.018989 0.013190
0 0.357510 0.698606 0.015217 0.010849
0 0.809221 0.671651 0.017693 0.012610
0 0.741571 0.794683 0.022590 0.013864
0 0.251211 0.684499 0.016738 0.013902
0 0.364404 0.453803 0.018341 0.011674
0 0.789161 0.590408 0.015572 0.010891
0 0.829312 0.747251 0.015328 0.009330
0 0.525225 0.308581 0.017847 0.014381
0 0.659937 0.560559 0.024182 0.020013
0 0.162788 0.608684 0.015936 0.010831
0 0.711255 0.475854 0.016795 0.012449
0 0.751518 0.550615 0.018829 0.014134
0 0.251494 0.555839 0.017259 0.011755
0 0.459271 0.660644 0.019924 0.013527
0 0.575552 0.645905 0.020227 0.013222
0 0.380212 0.515517 0.016804 0.010866
0 0.337246 0.588170 0.022125 0.013581
0 0.267479 0.560254 0.019572 0.013353
0 0.399315 0.448468 0.018833 0.013140
0 0.719336 0.512265 0.015433 0.011639
0 0.680302 0.783907 0.017281 0.012028
0 0.401636 0.755050 0.017376 0.012798
0 0.566186 0.436708 0.017951 0.013247
0 0.591735 0.681892 0.018280 0.012974
0 0.536485 0.618964 0.019439 0.013741
0 0.252809 0.527112 0.033151 0.017355
0 0.484306 0.451198 0.017934 0.012661