1 0.716128 0.551062 0.045389 0.045086
1 0.530073 0.345611 0.047202 0.044798
0 0.510210 0.663385 0.020800 0.019284
0 0.229877 0.199200 0.020550 0.020137
0 0.423784 0.495632 0.019579 0.018167
0 0.298310 0.203295 0.021955 0.020052
0 0.342385 0.351008 0.018932 0.018105
0 0.543384 0.517906 0.019534 0.018914
0 0.409670 0.528784 0.020433 0.020111
0 0.391591 0.800623 0.021578 0.019957
0 0.446884 0.806440 0.021616 0.021544
0 0.773505 0.791180 0.022118 0.020729
0 0.502040 0.467867 0.020314 0.019468
0 0.724707 0.193522 0.020913 0.020192
0 0.561671 0.724576 0.022223 0.021333
0 0.792063 0.326249 0.018646 0.019460
0 0.419376 0.373891 0.022128 0.020105
0 0.370911 0.198319 0.019499 0.019320
0 0.325156 0.183658 0.023063 0.021186
0 0.171399 0.363921 0.018143 0.017070
0 0.493799 0.274216 0.019834 0.019284
0 0.321912 0.673421 0.021621 0.020784
0 0.692561 0.475726 0.018029 0.018036
0 0.809029 0.222353 0.017325 0.017606
0 0.663626 0.340740 0.026660 0.023294
0 0.172015 0.597968 0.019739 0.017709
0 0.425866 0.051396 0.019892 0.020264
0 0.396201 0.117864 0.018154 0.018077
0 0.672290 0.109604 0.016393 0.015297
0 0.196230 0.403557 0.019207 0.018145
0 0.508162 0.870994 0.020650 0.020116
0 0.116654 0.212368 0.017034 0.017332
0 0.380955 0.248224 0.021074 0.020677
0 0.320445 0.117138 0.018537 0.016940
0 0.397763 0.974995 0.023491 0.023643
0 0.259173 0.120154 0.022029 0.020951
0 0.579568 0.381407 0.024818 0.020107
0 0.171290 0.670464 0.018544 0.018763
0 0.592823 0.232297 0.018989 0.018699
0 0.612888 0.540085 0.018979 0.019332
0 0.326877 0.479512 0.015141 0.013693
0 0.754353 0.294666 0.023358 0.022079
0 0.178573 0.284218 0.022613 0.023036
0 0.120690 0.266405 0.017501 0.017449
0 0.195631 0.887575 0.022508 0.022472
0 0.159351 0.856040 0.022179 0.020984
0 0.362536 0.535490 0.020614 0.019180
0 0.634225 0.675352 0.023429 0.023186
0 0.305170 0.393429 0.016058 0.014684
0 0.291889 0.807805 0.024201 0.023079
0 0.803830 0.630811 0.018266 0.019459
0 0.600159 0.579478 0.019492 0.018963
0 0.518383 0.513139 0.016130 0.015604
0 0.065919 0.222997 0.015830 0.015122
0 0.472298 0.890243 0.021700 0.019414
0 0.759418 0.511170 0.019060 0.019118
0 0.300490 0.458712 0.018114 0.016208
0 0.612475 0.357072 0.018941 0.018563
0 0.535353 0.412482 0.024556 0.023632
0 0.232991 0.263110 0.020797 0.020606
0 0.036397 0.261950 0.019654 0.018821
0 0.491199 0.564929 0.020427 0.019043
0 0.856739 0.592469 0.023222 0.022863
0 0.454620 0.548708 0.017399 0.016830
0 0.406260 0.448528 0.016863 0.016603
0 0.133337 0.825145 0.018169 0.017945
0 0.027513 0.610303 0.019608 0.018656
0 0.181706 0.198209 0.021094 0.021545
0 0.157357 0.315356 0.019306 0.018099
0 0.066903 0.308849 0.020324 0.018520
0 0.558171 0.553953 0.023804 0.019167
0 0.556888 0.841857 0.019905 0.019632
0 0.561016 0.425230 0.019685 0.023291
0 0.497661 0.721128 0.020879 0.020246
0 0.147717 0.389943 0.018358 0.017176
0 0.633811 0.862174 0.023613 0.021871
0 0.489149 0.890975 0.024374 0.021536
0 0.252172 0.405023 0.013485 0.012755
1 0.768579 0.705422 0.040690 0.039490
0 0.243928 0.084287 0.015449 0.015997
0 0.483559 0.160254 0.029227 0.022504
0 0.833965 0.267662 0.019407 0.019305
0 0.582851 0.340907 0.017913 0.016872
0 0.358230 0.375135 0.017884 0.017146
0 0.294441 0.413374 0.021577 0.020826
0 0.456532 0.060955 0.015611 0.015512
0 0.090755 0.280861 0.019161 0.018151
0 0.108265 0.682136 0.021520 0.020551
0 0.384604 0.345462 0.018547 0.020065
0 0.788186 0.178829 0.019604 0.018754
0 0.564040 0.804709 0.026891 0.029046
0 0.386886 0.399340 0.022329 0.025250
0 0.121861 0.372388 0.018600 0.017493
0 0.684570 0.493668 0.017817 0.017262
0 0.742192 0.420654 0.022213 0.022695
0 0.529272 0.418636 0.021407 0.017928
0 0.375463 0.839582 0.022604 0.024959
0 0.503081 0.427614 0.017166 0.016676
0 0.335903 0.157347 0.021028 0.021293
0 0.636656 0.487855 0.019935 0.020014
0 0.176320 0.795420 0.019507 0.018781
0 0.535493 0.459114 0.015093 0.014290
0 0.553666 0.494705 0.017026 0.017723
0 0.522211 0.965070 0.022788 0.023286
0 0.545642 0.630037 0.023196 0.020523
0 0.204673 0.634630 0.018481 0.018346