1 0.372988 0.240146 0.040893 0.055007
1 0.425120 0.380123 0.043573 0.052915
1 0.525344 0.269265 0.034428 0.047919
1 0.557444 0.191733 0.039270 0.053631
0 0.570676 0.288492 0.013428 0.016098
0 0.214821 0.621869 0.014184 0.016835
0 0.504570 0.510499 0.014773 0.018322
0 0.234338 0.513046 0.013394 0.016436
0 0.258033 0.527557 0.013409 0.016250
0 0.351497 0.502010 0.013097 0.017089
0 0.297567 0.734738 0.014331 0.018184
0 0.396677 0.272009 0.014784 0.018026
0 0.370984 0.495730 0.013641 0.017167
0 0.560466 0.383839 0.016561 0.020595
0 0.602734 0.177601 0.012976 0.017545
0 0.240629 0.685653 0.012556 0.016656
0 0.495880 0.442311 0.015637 0.019888
0 0.277773 0.698265 0.012044 0.015843
0 0.470956 0.790039 0.022224 0.029249
0 0.369729 0.766925 0.021238 0.027087
0 0.308242 0.767628 0.013388 0.017998
0 0.454312 0.391716 0.012506 0.015080
0 0.447786 0.338804 0.019249 0.027580
0 0.207649 0.500515 0.012694 0.014326
0 0.275079 0.649298 0.013146 0.015594
0 0.373799 0.614431 0.013747 0.018124
0 0.416267 0.278523 0.014518 0.019546
0 0.365555 0.436733 0.013096 0.017186
0 0.271049 0.430031 0.012968 0.017760
0 0.606634 0.413670 0.016943 0.019265
0 0.414938 0.772692 0.020031 0.025321
0 0.495802 0.198618 0.016369 0.022939
0 0.399341 0.568001 0.014015 0.016373
0 0.364062 0.557660 0.013776 0.019805
0 0.383732 0.452369 0.015496 0.019218
0 0.205026 0.319782 0.013594 0.019197