0 0.494431 0.397878 0.027023 0.020174
0 0.635759 0.469847 0.024029 0.018068
0 0.417397 0.408190 0.027265 0.019158
0 0.438015 0.520709 0.021376 0.015936
0 0.649744 0.663656 0.022404 0.015602
0 0.589134 0.669973 0.024459 0.018657
0 0.405659 0.341222 0.021843 0.015832
0 0.305735 0.600474 0.022538 0.016723
0 0.319710 0.360867 0.024840 0.018655
0 0.472719 0.757924 0.023102 0.017420
0 0.301846 0.389306 0.020778 0.015584
0 0.527416 0.296103 0.028585 0.020533
0 0.272398 0.392713 0.021796 0.016319
0 0.536162 0.695091 0.023574 0.018427
0 0.618512 0.426671 0.022038 0.016189
0 0.269618 0.691892 0.018362 0.012532
0 0.281341 0.653847 0.021691 0.014544
0 0.729167 0.412221 0.027730 0.019413
0 0.140633 0.426389 0.019200 0.014338
0 0.207573 0.523153 0.024770 0.017600
0 0.823214 0.396470 0.024627 0.016927
0 0.677954 0.699834 0.026565 0.018669
0 0.336012 0.718974 0.024500 0.019676
0 0.341451 0.449003 0.028109 0.024057
0 0.409268 0.716194 0.019595 0.013898
0 0.499494 0.289156 0.023275 0.017307
0 0.235792 0.716991 0.019929 0.013888
0 0.696978 0.486299 0.020544 0.015397
0 0.617616 0.532549 0.020201 0.014638
0 0.591946 0.705137 0.022733 0.015399
0 0.481705 0.533500 0.032197 0.023894
0 0.265778 0.294256 0.026367 0.027800
0 0.700078 0.333913 0.036223 0.025493
0 0.490129 0.323774 0.020514 0.016294
0 0.764430 0.347863 0.026065 0.018676
0 0.568545 0.333646 0.028584 0.021055
0 0.807669 0.423163 0.019301 0.017358
0 0.400941 0.783504 0.020274 0.016058
0 0.502522 0.616167 0.024707 0.022272
0 0.166049 0.596931 0.025993 0.018891
0 0.735529 0.557999 0.019499 0.013914
0 0.443664 0.246874 0.028732 0.025707
0 0.501782 0.762808 0.020434 0.016980
0 0.486697 0.579494 0.020034 0.014081
0 0.099485 0.446681 0.028773 0.021569
0 0.696276 0.465219 0.018840 0.012732
0 0.326784 0.401395 0.025162 0.017501
0 0.370784 0.733760 0.024882 0.017688
0 0.461511 0.454352 0.017968 0.013157
0 0.594055 0.470178 0.021512 0.016227
0 0.271753 0.580405 0.021432 0.014672
0 0.379364 0.573358 0.022884 0.015242
0 0.256231 0.619891 0.016753 0.013311
0 0.692006 0.539842 0.029004 0.022248
0 0.266502 0.720565 0.025045 0.023252