0 0.437052 0.442212 0.026535 0.016971
0 0.383903 0.428417 0.024092 0.017312
1 0.019503 0.521959 0.039006 0.034089
0 0.706395 0.431559 0.020601 0.015196
0 0.260965 0.602518 0.016497 0.011295
0 0.355559 0.547360 0.016207 0.011472
0 0.163536 0.612359 0.018733 0.012681
0 0.287311 0.579229 0.016787 0.011573
0 0.306220 0.468670 0.017866 0.011639
0 0.314082 0.613358 0.021181 0.013361
0 0.103744 0.606814 0.021071 0.013852
0 0.322213 0.591278 0.016699 0.010963
0 0.043683 0.573022 0.019164 0.013561
0 0.100911 0.681597 0.015314 0.010987
0 0.480056 0.749352 0.018458 0.012609
0 0.378877 0.865211 0.019198 0.012464
0 0.248420 0.762775 0.020463 0.014393
0 0.089161 0.565061 0.016036 0.009693
0 0.585599 0.841026 0.018630 0.012422
0 0.084209 0.714432 0.017213 0.011587
0 0.269543 0.450332 0.018960 0.013868
0 0.533299 0.802085 0.020615 0.013342
0 0.391022 0.365388 0.018503 0.014601
0 0.541235 0.503220 0.017766 0.011748
0 0.338266 0.643046 0.020403 0.014423
0 0.102784 0.643275 0.020192 0.012108
0 0.471848 0.808820 0.019310 0.013966
0 0.204628 0.801409 0.015905 0.010463
0 0.237406 0.527834 0.020420 0.015933
0 0.394507 0.471830 0.018568 0.012479
0 0.638796 0.664888 0.019639 0.013834
0 0.371733 0.333435 0.014438 0.011967
0 0.068236 0.449485 0.016939 0.012135
0 0.108828 0.434688 0.019629 0.015255
0 0.367602 0.578315 0.019139 0.012490
0 0.485819 0.884239 0.024322 0.017232
0 0.332427 0.530914 0.018078 0.013264
0 0.518170 0.668008 0.018768 0.011948
0 0.182616 0.507607 0.019977 0.013170
0 0.239516 0.569266 0.015195 0.011807
0 0.373039 0.487617 0.016527 0.011046
0 0.263122 0.429544 0.019066 0.012145
0 0.278998 0.861320 0.027863 0.019550
0 0.063232 0.698991 0.014312 0.009871
0 0.317360 0.722275 0.021070 0.014772
0 0.511495 0.424816 0.018577 0.013107
0 0.378474 0.842021 0.025487 0.013883
0 0.242367 0.702726 0.019204 0.013023
0 0.335959 0.399076 0.024829 0.021639
0 0.420716 0.304513 0.023677 0.018069
0 0.165650 0.428417 0.018852 0.012869
0 0.497287 0.533747 0.016448 0.011612
0 0.312997 0.695616 0.021184 0.014279
0 0.551093 0.570257 0.019819 0.013747
0 0.319161 0.825807 0.017549 0.011483
0 0.106625 0.585960 0.016164 0.010475
0 0.445332 0.524400 0.019175 0.013771
0 0.391022 0.639816 0.019969 0.013286
0 0.170308 0.523597 0.022273 0.013783
0 0.417303 0.694201 0.017411 0.012549
0 0.495494 0.468218 0.017316 0.011199
0 0.385392 0.803142 0.015978 0.010941
0 0.063475 0.520669 0.016188 0.010974
0 0.284468 0.710269 0.018940 0.010548
0 0.492858 0.793077 0.022150 0.015287
0 0.051281 0.715757 0.015824 0.010528
0 0.600295 0.775136 0.019129 0.012246
0 0.620861 0.800567 0.022418 0.014363
0 0.563680 0.621301 0.016715 0.010128
0 0.371925 0.655899 0.021505 0.011794
0 0.629151 0.763825 0.025097 0.013570
0 0.441424 0.383455 0.018555 0.012679
0 0.442286 0.369233 0.023927 0.023570
0 0.421171 0.797713 0.021098 0.013452
0 0.090322 0.521991 0.018174 0.013773
0 0.192984 0.683590 0.016388 0.011617
0 0.182175 0.463743 0.015965 0.011566
0 0.756764 0.486692 0.019217 0.013744
0 0.116382 0.628794 0.016905 0.009830
0 0.278608 0.467123 0.016148 0.009414
0 0.009584 0.654446 0.018628 0.016956
0 0.350212 0.302449 0.017435 0.014390
0 0.582714 0.671299 0.015778 0.011645
0 0.474022 0.539313 0.018511 0.012661
1 0.009174 0.654642 0.018348 0.021050
0 0.753650 0.551135 0.018404 0.013229
0 0.398709 0.619163 0.014895 0.010310
0 0.317635 0.507884 0.020287 0.016380
0 0.455028 0.571915 0.020029 0.014336
0 0.136808 0.400713 0.015027 0.010437
0 0.335048 0.865607 0.027677 0.024558
0 0.170351 0.701898 0.019875 0.013922
1 0.176282 0.371916 0.038983 0.038082
0 0.409884 0.329702 0.014895 0.010391
0 0.483207 0.670296 0.014731 0.010494
0 0.630002 0.784937 0.018525 0.011850
0 0.333895 0.837784 0.014113 0.009734
0 0.358694 0.910734 0.027711 0.019180
0 0.483522 0.627646 0.018259 0.011594
0 0.444499 0.786639 0.019522 0.014053
0 0.388197 0.769502 0.021485 0.012020
0 0.266100 0.536451 0.021499 0.013964
0 0.429364 0.840752 0.015260 0.010465
1 0.601153 0.566578 0.038662 0.032338
0 0.025734 0.453360 0.018626 0.011380
0 0.500481 0.378950 0.023510 0.017832
0 0.527753 0.640242 0.020653 0.013050
0 0.582527 0.343022 0.016822 0.013404
0 0.253252 0.389437 0.043053 0.025072
0 0.547662 0.689375 0.024223 0.016294
0 0.447755 0.796635 0.018785 0.012966
0 0.173355 0.518189 0.034438 0.025413
0 0.534731 0.368914 0.026388 0.019706
0 0.292272 0.314207 0.019989 0.014752
0 0.693818 0.604643 0.016655 0.012172
0 0.511436 0.505125 0.019279 0.017001