1 0.197329 0.344559 0.050564 0.035890
1 0.703392 0.340438 0.039496 0.032729
1 0.590311 0.645319 0.047452 0.039532
0 0.505658 0.310560 0.026501 0.019911
1 0.122417 0.438697 0.041492 0.029128
0 0.543275 0.523559 0.026527 0.020679
0 0.285413 0.523523 0.032048 0.021115
0 0.527958 0.359579 0.025997 0.019764
0 0.488226 0.503084 0.017858 0.012496
0 0.464912 0.337436 0.025389 0.019099
0 0.589188 0.407961 0.019469 0.014142
0 0.507292 0.398674 0.027949 0.020219
0 0.538553 0.455471 0.018844 0.014353
0 0.365371 0.427138 0.025963 0.014746