0 0.313079 0.572801 0.026757 0.021044
0 0.202440 0.595995 0.028706 0.021528
0 0.434007 0.415174 0.029836 0.020546
0 0.685102 0.540916 0.027517 0.018970
0 0.754257 0.613693 0.026350 0.020115
1 0.819488 0.610154 0.043223 0.034278
1 0.767928 0.784450 0.043136 0.035426
0 0.530481 0.708101 0.028652 0.021448
0 0.412155 0.802798 0.034127 0.022943
0 0.760750 0.398688 0.022418 0.016621
1 0.686295 0.788678 0.046438 0.038469
0 0.736770 0.683601 0.023570 0.017669
0 0.588848 0.493266 0.025897 0.018719
0 0.544129 0.318266 0.028157 0.023377
0 0.244982 0.485013 0.026385 0.022526
0 0.663738 0.591018 0.021180 0.014161
0 0.581218 0.656414 0.026042 0.018359
0 0.348641 0.549981 0.024486 0.016567
0 0.563693 0.463060 0.022256 0.014992
1 0.398421 0.512276 0.060179 0.029711
0 0.645432 0.610101 0.021088 0.014572
0 0.262307 0.572303 0.020846 0.014774
0 0.471085 0.616981 0.023770 0.017979
0 0.313210 0.654169 0.026057 0.018788
0 0.372898 0.496393 0.020268 0.015114
0 0.542991 0.438952 0.021035 0.012895
0 0.726758 0.659798 0.019451 0.013781
0 0.349362 0.670816 0.031276 0.021429
0 0.280958 0.671555 0.024379 0.017953
0 0.688109 0.584203 0.020890 0.014255
0 0.544359 0.490628 0.022337 0.014785
0 0.255428 0.718961 0.040106 0.024028
0 0.599360 0.454121 0.022883 0.015667
0 0.197827 0.654949 0.024795 0.018173
0 0.454653 0.276168 0.023668 0.015011
0 0.778909 0.702096 0.018570 0.012443
0 0.375516 0.282076 0.026235 0.017605
0 0.565561 0.721487 0.024795 0.022521
0 0.631267 0.823866 0.026557 0.019774
0 0.696816 0.760451 0.019049 0.012602