1 0.231874 0.806095 0.054960 0.040261
1 0.341108 0.581609 0.052711 0.037707
0 0.715964 0.592215 0.024132 0.015962
0 0.506451 0.516724 0.017045 0.011616
0 0.732909 0.633383 0.019870 0.014696
0 0.683919 0.552374 0.019493 0.012922
0 0.522056 0.555497 0.018116 0.011458
0 0.488458 0.469534 0.017381 0.012694
0 0.517986 0.434017 0.018084 0.013426
0 0.419684 0.678195 0.019381 0.012647
0 0.344262 0.526780 0.017926 0.011924
0 0.403029 0.655455 0.017459 0.012550
0 0.232933 0.569132 0.016042 0.011423
0 0.805156 0.616261 0.020910 0.013111
0 0.544465 0.446029 0.018853 0.011824
0 0.306018 0.470131 0.016176 0.011482
0 0.468399 0.580846 0.015453 0.011077
0 0.821931 0.439966 0.019738 0.014498
0 0.496107 0.710897 0.020327 0.014963
0 0.392772 0.445966 0.018681 0.012898
0 0.574266 0.434920 0.022922 0.016019
0 0.477820 0.509120 0.018719 0.012490
0 0.331602 0.482958 0.018292 0.012418
0 0.516266 0.377538 0.016690 0.011920
0 0.559966 0.620728 0.018949 0.013254
0 0.627676 0.640954 0.021931 0.015335
0 0.395738 0.591515 0.017514 0.011438
0 0.844048 0.706560 0.018221 0.012307
0 0.632268 0.602373 0.018822 0.012510
0 0.610585 0.539331 0.018586 0.012058
0 0.542752 0.407197 0.016899 0.011844
0 0.419299 0.493538 0.017836 0.012243
0 0.552750 0.541468 0.018709 0.011667
0 0.260526 0.759845 0.016296 0.011163
0 0.193877 0.577369 0.017535 0.011472
0 0.769448 0.594212 0.017372 0.011691
0 0.284600 0.544938 0.015840 0.011626
0 0.572242 0.516998 0.021507 0.015283
0 0.548272 0.483800 0.022070 0.015738
0 0.552899 0.739406 0.023005 0.016047
0 0.633929 0.572499 0.017811 0.012678
0 0.295846 0.751133 0.016803 0.010848
0 0.305260 0.519451 0.016200 0.010891
0 0.221504 0.597446 0.014807 0.010177
0 0.382847 0.858617 0.024571 0.017269
0 0.720659 0.658370 0.019485 0.013904
0 0.275947 0.641304 0.017508 0.011677
0 0.253848 0.470309 0.016614 0.012192
0 0.298839 0.785455 0.017887 0.012782
0 0.465438 0.533346 0.017215 0.011498
0 0.376934 0.598480 0.017900 0.014014
0 0.796422 0.585787 0.017549 0.011871
0 0.412128 0.630688 0.017487 0.012685
0 0.380944 0.915288 0.022102 0.014832
0 0.161784 0.615927 0.018567 0.012321
0 0.371696 0.501460 0.018997 0.015181
0 0.208757 0.511099 0.018118 0.012071
0 0.249668 0.488030 0.018346 0.011811
0 0.207732 0.558406 0.015980 0.010385
0 0.368544 0.705037 0.017817 0.013127
0 0.378287 0.460780 0.016289 0.010908
0 0.390196 0.757296 0.019503 0.014257
0 0.873432 0.590977 0.017697 0.011774
0 0.831350 0.503771 0.021599 0.014011
0 0.226622 0.766853 0.017035 0.010821
0 0.417280 0.569609 0.016345 0.011234
0 0.923445 0.571276 0.018891 0.013056
0 0.237787 0.510261 0.015820 0.010643
0 0.262028 0.722969 0.015767 0.010536
0 0.572290 0.349060 0.016585 0.011342
0 0.621325 0.451658 0.022997 0.015531
0 0.614112 0.470629 0.019446 0.012921
0 0.807208 0.563064 0.016697 0.011073
0 0.753229 0.815225 0.035158 0.024688
0 0.775466 0.612138 0.018292 0.011434
0 0.270419 0.421977 0.020755 0.015533
0 0.516016 0.534520 0.019698 0.012764
0 0.290597 0.699946 0.017202 0.011865
0 0.200495 0.472524 0.018553 0.013519
0 0.309397 0.603507 0.016027 0.010500
0 0.289461 0.490793 0.019959 0.012383
0 0.488234 0.367092 0.018466 0.013968
0 0.234124 0.540651 0.018423 0.011188
0 0.320663 0.792103 0.019442 0.012727
0 0.358798 0.550079 0.016977 0.011358
0 0.417633 0.522470 0.016791 0.011571
0 0.170327 0.662640 0.018524 0.015024
0 0.480438 0.616069 0.020330 0.013450
0 0.412271 0.376624 0.023321 0.014799
0 0.845770 0.478394 0.017672 0.011970
0 0.845490 0.748084 0.017519 0.012231
0 0.872142 0.552726 0.019044 0.010275
0 0.549812 0.675501 0.027351 0.017953
0 0.357848 0.623736 0.023004 0.012816
0 0.540721 0.363990 0.015556 0.010203
0 0.476908 0.636596 0.021886 0.012951
0 0.265011 0.674687 0.016948 0.010452
0 0.674339 0.596074 0.018476 0.014198
0 0.577167 0.381555 0.014900 0.010551
0 0.557370 0.573395 0.019503 0.016313
0 0.902190 0.529785 0.018318 0.012155
0 0.197647 0.751239 0.017025 0.011348
0 0.338327 0.666346 0.015337 0.010757
0 0.405772 0.509169 0.015314 0.010523
0 0.443895 0.400308 0.020361 0.012913
0 0.154761 0.575912 0.020775 0.013196
0 0.554724 0.579340 0.019460 0.013525
0 0.854779 0.511008 0.018333 0.013295
0 0.686699 0.450151 0.016843 0.012252
0 0.289905 0.437615 0.016695 0.010443
0 0.740792 0.412045 0.019332 0.014148
0 0.283116 0.511246 0.013881 0.008403
0 0.170070 0.728997 0.014373 0.010133
0 0.268417 0.802286 0.017351 0.012239
0 0.568124 0.553314 0.019685 0.010721
0 0.401236 0.473606 0.018592 0.010952
0 0.451926 0.379914 0.021791 0.019218
0 0.313925 0.572180 0.013091 0.009236
0 0.433130 0.568027 0.015805 0.010313
0 0.254590 0.439796 0.017314 0.010848
0 0.264904 0.699503 0.015931 0.014048
0 0.221980 0.534783 0.015393 0.009537
0 0.759069 0.572156 0.015946 0.010676
0 0.842620 0.548508 0.014825 0.009571
0 0.582386 0.535574 0.018014 0.011578
0 0.315524 0.711240 0.016464 0.011000
0 0.768556 0.763791 0.018946 0.012660
0 0.408210 0.475110 0.024213 0.011487
0 0.877656 0.532852 0.025414 0.013936
0 0.854074 0.773339 0.017969 0.012623
0 0.488676 0.812784 0.020926 0.015281
0 0.385024 0.595118 0.031961 0.017211
0 0.140084 0.573369 0.022860 0.015312
0 0.932137 0.604734 0.015146 0.010279
0 0.123503 0.608886 0.018455 0.012970
0 0.919132 0.667866 0.019881 0.012193
0 0.215344 0.784920 0.010340 0.008344
1 0.548766 0.712243 0.028222 0.021385
0 0.312842 0.570979 0.019639 0.015269
0 0.409400 0.511159 0.019060 0.016305
0 0.283545 0.416507 0.023346 0.014856
0 0.852059 0.533349 0.015043 0.010626
0 0.818491 0.545620 0.020638 0.011945