1 0.162282 0.924541 0.054133 0.049745
1 0.635712 0.802221 0.053567 0.050923
1 0.525166 0.687214 0.056565 0.050892
1 0.908872 0.617674 0.044606 0.041029
0 0.281232 0.234687 0.020195 0.020289
0 0.139603 0.495083 0.016960 0.017077
0 0.509059 0.407440 0.020116 0.017497
0 0.694473 0.371306 0.017471 0.017438
0 0.604740 0.206438 0.015446 0.015716
0 0.748214 0.940933 0.014571 0.013704
0 0.325850 0.846910 0.014358 0.013594
0 0.714903 0.234498 0.014177 0.014279
0 0.863772 0.698139 0.013488 0.013405
0 0.209925 0.743022 0.013611 0.012398
0 0.696775 0.648274 0.015391 0.014252
0 0.362944 0.183268 0.015572 0.016258
0 0.188680 0.759009 0.012876 0.012626
0 0.778505 0.429999 0.014754 0.013572
0 0.819272 0.680433 0.014502 0.013481
0 0.548743 0.608881 0.015538 0.013916
0 0.947131 0.396607 0.017081 0.015525
0 0.626046 0.273881 0.015434 0.014855
0 0.182665 0.477322 0.016069 0.014243
0 0.883681 0.482835 0.014758 0.014764
0 0.557828 0.448967 0.020602 0.016484
0 0.902191 0.491282 0.014560 0.013070
0 0.415294 0.635953 0.015093 0.015003
0 0.530028 0.778159 0.014453 0.012915
0 0.391365 0.210975 0.018018 0.018345
0 0.785009 0.976376 0.015510 0.015380
0 0.571607 0.168579 0.015939 0.014299
0 0.247655 0.476271 0.017378 0.015761
0 0.207870 0.820725 0.013526 0.011973
0 0.575627 0.382002 0.018120 0.017703
1 0.744635 0.328752 0.039850 0.038375
0 0.889131 0.798915 0.014005 0.014039
0 0.197135 0.617959 0.014893 0.013543
0 0.683451 0.273234 0.018074 0.017312
0 0.505101 0.865073 0.014572 0.012848
0 0.302481 0.370637 0.017317 0.017257
0 0.675653 0.618722 0.015043 0.014519
0 0.780982 0.941597 0.014693 0.013894
0 0.670838 0.352998 0.015033 0.012989
0 0.276964 0.909394 0.014442 0.013550
0 0.214745 0.306278 0.018376 0.017422
0 0.364044 0.643832 0.017078 0.017779
0 0.651031 0.702084 0.014645 0.015250
0 0.252953 0.736559 0.017698 0.016190
0 0.866830 0.567664 0.013309 0.012228
0 0.148216 0.271723 0.019565 0.019225
0 0.597534 0.850259 0.017737 0.015850
0 0.673901 0.416242 0.015100 0.014108
0 0.648335 0.226072 0.016787 0.014568
0 0.433499 0.808951 0.014197 0.013185
0 0.616159 0.164152 0.015578 0.014095
0 0.691476 0.803124 0.014188 0.012256
0 0.694501 0.723743 0.014707 0.013880
0 0.631795 0.355367 0.015730 0.014534
0 0.732336 0.266689 0.014028 0.013518
0 0.881691 0.298254 0.014182 0.013182
0 0.450387 0.683268 0.018381 0.017828
0 0.436213 0.134295 0.016310 0.014919
0 0.961500 0.591794 0.016448 0.014431
0 0.668420 0.182320 0.017036 0.019622
0 0.794564 0.457770 0.018553 0.020854
0 0.185472 0.377938 0.019910 0.020292
0 0.359184 0.765835 0.013396 0.012563
0 0.518088 0.539829 0.014852 0.015319
0 0.333725 0.374857 0.017837 0.017181
0 0.723367 0.429180 0.018925 0.015207
0 0.631486 0.388746 0.020126 0.016210
0 0.347884 0.873998 0.016033 0.015878
0 0.890633 0.520643 0.014898 0.014248
0 0.171525 0.771202 0.013154 0.011833
0 0.673269 0.902099 0.014101 0.012576
0 0.464382 0.611421 0.015990 0.015666
0 0.581123 0.783343 0.015410 0.014494
0 0.109962 0.377001 0.016048 0.014236
0 0.440261 0.972466 0.014349 0.013711
0 0.377288 0.672744 0.017673 0.016898
0 0.970040 0.544932 0.016234 0.015649
0 0.603083 0.341684 0.014309 0.013972
0 0.470855 0.166551 0.016372 0.015134
0 0.501744 0.604057 0.014234 0.013569
0 0.488165 0.553197 0.014899 0.013667
0 0.542384 0.177621 0.019664 0.016584
0 0.495169 0.659014 0.017331 0.018060
0 0.306617 0.878737 0.013770 0.014245
0 0.604889 0.538004 0.017786 0.015768
0 0.402046 0.281586 0.015116 0.014857
1 0.058450 0.601696 0.038550 0.035833
0 0.697023 0.677399 0.015738 0.013340
0 0.812668 0.942486 0.014907 0.013201
0 0.590676 0.812801 0.017612 0.016062
0 0.787735 0.723155 0.013350 0.014155
0 0.853631 0.526207 0.013815 0.012392
0 0.539062 0.862770 0.014321 0.014010
0 0.741900 0.696376 0.013331 0.013411
0 0.211902 0.882861 0.016487 0.014469
0 0.767676 0.674627 0.014622 0.013704
0 0.371760 0.333734 0.017725 0.016064
0 0.739745 0.396256 0.014361 0.013059
0 0.832770 0.423765 0.014396 0.013226
0 0.345842 0.273538 0.024592 0.019626
0 0.584441 0.478913 0.014503 0.013270
0 0.919483 0.424926 0.014754 0.014574
0 0.846164 0.658150 0.015603 0.017340
0 0.393800 0.353534 0.018610 0.018760
0 0.326319 0.525024 0.015252 0.014501
0 0.681471 0.326013 0.016173 0.014696
0 0.676717 0.821428 0.013876 0.013151
0 0.685161 0.251081 0.014327 0.014297
0 0.407528 0.172670 0.020067 0.022325
0 0.372172 0.732214 0.014367 0.012006
0 0.830507 0.831945 0.013172 0.012270
0 0.437262 0.286206 0.020567 0.018191
0 0.743741 0.764184 0.015607 0.014539
0 0.215850 0.639640 0.017625 0.014811
0 0.667598 0.313852 0.014471 0.014244
0 0.576916 0.349753 0.016441 0.014268
0 0.181475 0.638862 0.013847 0.012635
0 0.709782 0.187262 0.015736 0.015505
0 0.216599 0.499152 0.017782 0.015950
0 0.135206 0.428691 0.018413 0.019218
0 0.476906 0.431206 0.015185 0.013534
0 0.268424 0.882253 0.013415 0.012368
0 0.659032 0.521851 0.013695 0.012572
0 0.831478 0.363675 0.017695 0.015845
0 0.562784 0.518227 0.015814 0.013623
0 0.722952 0.685340 0.013747 0.012758
0 0.557694 0.362510 0.015046 0.015415
0 0.572598 0.596056 0.017550 0.016719
0 0.230526 0.966928 0.013799 0.012868
0 0.490672 0.841302 0.015501 0.014720
0 0.466155 0.407899 0.016529 0.017942
0 0.158441 0.795432 0.013342 0.011273
0 0.388723 0.315081 0.016967 0.015253
0 0.923966 0.742412 0.013304 0.014309
0 0.440443 0.206940 0.026275 0.017306
0 0.412763 0.579077 0.015096 0.014264
0 0.351533 0.817456 0.015391 0.013596
0 0.901364 0.760572 0.013336 0.012910
0 0.780583 0.213296 0.014063 0.013607
0 0.489576 0.267762 0.015337 0.014658
0 0.583976 0.413673 0.020433 0.019952
0 0.395893 0.720281 0.017110 0.016444
0 0.711467 0.870757 0.013653 0.012658
0 0.308099 0.575283 0.017020 0.017200
0 0.923448 0.330476 0.015402 0.015543
0 0.246863 0.875016 0.013811 0.012139
0 0.233088 0.450693 0.015477 0.013866
0 0.453286 0.796574 0.013603 0.012663
0 0.374179 0.881148 0.013556 0.012075
0 0.451166 0.178719 0.014700 0.013793
0 0.200017 0.714152 0.014359 0.012705
0 0.825098 0.745528 0.013502 0.015594
0 0.443251 0.649802 0.014574 0.014515
0 0.826896 0.913820 0.015166 0.015013
0 0.309416 0.460336 0.016161 0.015601
0 0.970453 0.618459 0.013934 0.012886
0 0.827489 0.631260 0.012359 0.012060
0 0.370475 0.838998 0.015003 0.015669
0 0.576267 0.630946 0.018019 0.015817
0 0.294420 0.960329 0.013719 0.014141
0 0.925947 0.475489 0.014827 0.014306
0 0.175397 0.732313 0.012345 0.012028
0 0.621938 0.142526 0.016161 0.017196
1 0.408106 0.949453 0.047862 0.049407
0 0.720405 0.900903 0.015005 0.015152
0 0.091599 0.648858 0.017176 0.014360
0 0.610940 0.505154 0.018672 0.017582
0 0.470485 0.857871 0.013806 0.013017
0 0.860259 0.420958 0.018391 0.016288
0 0.459872 0.832960 0.013939 0.012666
0 0.769125 0.257613 0.019583 0.013689
0 0.803264 0.531147 0.014612 0.016345
0 0.265989 0.413418 0.019155 0.018504
0 0.631412 0.115814 0.017629 0.015154
0 0.818027 0.455136 0.014964 0.017341
0 0.435078 0.715493 0.015062 0.018635
0 0.416674 0.757171 0.014597 0.014319
0 0.877543 0.762613 0.012358 0.011112
0 0.814253 0.707592 0.012994 0.012125
0 0.780252 0.817656 0.013026 0.012396
0 0.737131 0.887178 0.013245 0.013495
0 0.755619 0.635227 0.019342 0.016648
0 0.783295 0.567351 0.020294 0.016762
0 0.082085 0.424633 0.015092 0.013768
0 0.564986 0.851510 0.016938 0.014362
0 0.795170 0.327853 0.012642 0.011403
0 0.293389 0.849397 0.013578 0.012681
0 0.311547 0.769203 0.013712 0.012623
0 0.736037 0.607536 0.013558 0.013945
0 0.433070 0.331143 0.019300 0.020667
0 0.611187 0.613287 0.014684 0.013069
0 0.872695 0.782797 0.012640 0.010879
0 0.183817 0.671668 0.014514 0.013120
0 0.255828 0.364568 0.023558 0.026718
0 0.590184 0.260982 0.018498 0.019389
0 0.626600 0.239127 0.015780 0.017482
0 0.189568 0.659874 0.014724 0.013926
0 0.343591 0.599649 0.015859 0.016194
0 0.707763 0.404391 0.015676 0.014471
0 0.613968 0.762123 0.017978 0.015711
0 0.518754 0.509443 0.013945 0.012659
0 0.759606 0.461818 0.016027 0.014567
0 0.473209 0.456154 0.019435 0.019205
0 0.238927 0.626735 0.014698 0.012286
0 0.222716 0.759656 0.012454 0.010921
0 0.359602 0.683347 0.014411 0.013853
0 0.597260 0.460476 0.014682 0.012936
0 0.097441 0.490828 0.015075 0.013540
0 0.476243 0.765621 0.014341 0.013101
0 0.842837 0.902881 0.015644 0.013978
0 0.320995 0.634282 0.021155 0.018692
0 0.819777 0.723077 0.012874 0.011646
0 0.820728 0.396941 0.019268 0.015575
0 0.483892 0.589000 0.015333 0.013019
0 0.519820 0.971074 0.018353 0.017926
0 0.561158 0.715802 0.014007 0.011990
0 0.958769 0.525339 0.015109 0.014401
0 0.282609 0.824444 0.014654 0.012493
0 0.451814 0.906560 0.017983 0.015033
0 0.630894 0.599356 0.015515 0.014725
0 0.532050 0.313859 0.019392 0.016243
0 0.278223 0.448359 0.018517 0.017237
0 0.627326 0.715893 0.013618 0.012243
0 0.484233 0.680959 0.014798 0.013670
0 0.301344 0.207425 0.019221 0.018196
0 0.269231 0.709873 0.013775 0.012440
0 0.108682 0.406379 0.014358 0.014020
0 0.733666 0.358299 0.014339 0.012451
0 0.909863 0.394186 0.017896 0.016053
0 0.956184 0.499694 0.017168 0.016797
0 0.546972 0.273358 0.014848 0.014670
0 0.357790 0.303672 0.014840 0.013021
0 0.642012 0.645016 0.013406 0.012571
0 0.520581 0.249779 0.016100 0.013336
0 0.794208 0.255375 0.012790 0.010985
0 0.649901 0.486896 0.013626 0.013391
0 0.744171 0.976959 0.014883 0.015132
0 0.129352 0.758699 0.013253 0.012862
0 0.186115 0.439717 0.015557 0.012878
0 0.144831 0.663234 0.015625 0.014305
0 0.900072 0.281189 0.018383 0.020892
0 0.865268 0.738693 0.013456 0.011309
0 0.469932 0.371972 0.016180 0.016144
0 0.057762 0.453251 0.017676 0.016828
0 0.857083 0.388403 0.013389 0.010702
0 0.086677 0.395585 0.020460 0.019043
0 0.883877 0.259127 0.015352 0.015406
0 0.872735 0.841518 0.013814 0.011867
0 0.625914 0.551165 0.013432 0.011874
1 0.380083 0.981296 0.096187 0.037408
0 0.165953 0.408784 0.015880 0.015808
0 0.680250 0.497433 0.013438 0.012841
0 0.319161 0.204320 0.023505 0.020978
0 0.883395 0.688440 0.014280 0.014038
0 0.659717 0.836073 0.013168 0.011862
0 0.986531 0.663709 0.012726 0.011335
0 0.472282 0.534462 0.018104 0.020708
0 0.715835 0.445153 0.014359 0.012878
0 0.411733 0.258445 0.014619 0.014376
0 0.473656 0.292531 0.017829 0.022494
0 0.446181 0.591600 0.015128 0.012996
0 0.525419 0.732540 0.014244 0.013604
0 0.777189 0.179550 0.015447 0.013924
0 0.679683 0.980044 0.015083 0.013626
0 0.712663 0.522322 0.017122 0.017511
0 0.319648 0.149122 0.027939 0.021580
0 0.383606 0.391667 0.017312 0.017425
0 0.379026 0.761041 0.013884 0.011858
0 0.698435 0.856380 0.014001 0.013523
0 0.878615 0.738820 0.015664 0.012297
0 0.366065 0.618568 0.016637 0.014602
0 0.172986 0.830195 0.017012 0.013595
0 0.813684 0.499535 0.015567 0.016485
0 0.413781 0.728011 0.014691 0.014144
0 0.323727 0.716375 0.014206 0.012335
0 0.820849 0.959809 0.014180 0.014125
0 0.337382 0.815890 0.014866 0.012676
0 0.529556 0.289281 0.013699 0.012339
0 0.673061 0.680396 0.016395 0.013272
0 0.188634 0.416001 0.015705 0.014302
0 0.752763 0.859398 0.015628 0.013274
0 0.603957 0.425611 0.016623 0.014600
0 0.915930 0.776248 0.016842 0.013548
0 0.817318 0.203410 0.014185 0.014883
0 0.601494 0.282472 0.016692 0.015630
0 0.947844 0.776722 0.016545 0.016750
0 0.581821 0.326014 0.016354 0.015458
0 0.748412 0.448456 0.014022 0.013567
0 0.912043 0.313001 0.015581 0.016270
0 0.571528 0.912546 0.013984 0.014250
0 0.690229 0.196510 0.013053 0.012085
0 0.586670 0.568549 0.015461 0.015804
0 0.313657 0.632137 0.020275 0.018173
0 0.586495 0.701054 0.015713 0.014260
0 0.221967 0.377932 0.016021 0.015158
0 0.605189 0.908885 0.013650 0.015198
0 0.654579 0.197528 0.013148 0.011297
0 0.195491 0.517304 0.015293 0.013855
0 0.856838 0.289197 0.012742 0.011072
0 0.296359 0.995362 0.012460 0.008463
0 0.552102 0.955984 0.013469 0.012691
0 0.892373 0.566895 0.013195 0.011250
0 0.183138 0.337060 0.015849 0.014792
0 0.315700 0.946364 0.015320 0.013721
0 0.780627 0.399716 0.016140 0.015673
0 0.495206 0.727469 0.015271 0.014121
1 0.391284 0.963398 0.086157 0.058933
0 0.489125 0.810619 0.014845 0.013242
0 0.818317 0.286970 0.014487 0.016786
0 0.771169 0.351413 0.013539 0.011560
0 0.187662 0.832110 0.014751 0.011745
0 0.445287 0.368137 0.015731 0.014573
0 0.211959 0.402655 0.016500 0.013638
0 0.709352 0.995332 0.013113 0.009336
0 0.627259 0.658929 0.013066 0.011868
0 0.578715 0.668020 0.013383 0.012586
0 0.130558 0.634655 0.014376 0.013192
0 0.817722 0.300299 0.017929 0.013674
0 0.544822 0.464023 0.014841 0.013249
0 0.888816 0.847555 0.014183 0.012558
0 0.670826 0.869224 0.016932 0.012964
0 0.370306 0.371320 0.014807 0.013067
0 0.540189 0.250280 0.016253 0.015419
0 0.820546 0.782103 0.012792 0.010844
0 0.785976 0.390625 0.017322 0.017829
0 0.100576 0.629014 0.014314 0.012275
0 0.469336 0.502620 0.021988 0.016804
0 0.804491 0.877738 0.011466 0.010121
0 0.772686 0.769304 0.016043 0.013627
0 0.640256 0.859031 0.013385 0.014148
0 0.708682 0.772972 0.012451 0.011334
0 0.880806 0.544277 0.021004 0.017433
0 0.542281 0.106050 0.012859 0.013509
0 0.471122 0.107174 0.015548 0.015661
0 0.395597 0.793619 0.014412 0.016985
0 0.849019 0.890183 0.014191 0.015314
0 0.317821 0.983075 0.012937 0.012255
0 0.525051 0.887234 0.017185 0.015915
0 0.655514 0.542504 0.013517 0.011450
0 0.800694 0.225558 0.013630 0.011837
0 0.832820 0.589390 0.013918 0.014772
0 0.565137 0.829399 0.015603 0.015864
0 0.303588 0.857106 0.014330 0.013477
0 0.667774 0.465512 0.014074 0.011022
0 0.764103 0.300319 0.012323 0.010819
0 0.212027 0.955482 0.012701 0.012198
0 0.132411 0.799364 0.010628 0.010706
0 0.543356 0.497651 0.013658 0.013018
0 0.394638 0.785567 0.013343 0.019126
0 0.676915 0.515058 0.012949 0.009683
0 0.156438 0.457889 0.023892 0.018629
0 0.099444 0.576076 0.014208 0.012526
0 0.578906 0.976759 0.013921 0.013508
0 0.596932 0.775664 0.012709 0.013203
0 0.860742 0.311465 0.014480 0.012621
0 0.769952 0.535848 0.015672 0.019803
0 0.520637 0.460461 0.016043 0.014747
0 0.616217 0.633679 0.012779 0.012860
0 0.260642 0.612022 0.018207 0.015851
0 0.188481 0.664836 0.021039 0.019568
0 0.919153 0.585428 0.016049 0.012806
0 0.360283 0.431265 0.018093 0.018091
0 0.757826 0.599790 0.014508 0.012208
0 0.220032 0.798358 0.016784 0.014888
0 0.719885 0.307071 0.013132 0.013520
0 0.281014 0.796472 0.012529 0.010468
0 0.413081 0.780046 0.013831 0.012722
0 0.512245 0.155955 0.015364 0.014579
0 0.608215 0.648691 0.014455 0.011687
0 0.716393 0.367236 0.012673 0.010090
0 0.896795 0.362541 0.014146 0.013104
0 0.851932 0.348474 0.013511 0.012606
0 0.503036 0.210463 0.017111 0.016393
0 0.512009 0.797743 0.016028 0.015800
0 0.296044 0.732474 0.014045 0.013808
0 0.310260 0.812888 0.014342 0.015708
0 0.880618 0.912992 0.016333 0.014781
0 0.841593 0.405250 0.013789 0.012049
0 0.345596 0.504205 0.014110 0.015846
0 0.470770 0.928273 0.012932 0.011788
0 0.251985 0.680535 0.013644 0.012339
0 0.194626 0.316899 0.016659 0.014695
0 0.488931 0.888427 0.015172 0.016333
0 0.791265 0.738756 0.011664 0.010323
0 0.594648 0.984119 0.014919 0.012981
0 0.649932 0.881500 0.015658 0.014261
0 0.981786 0.446857 0.016393 0.015821
0 0.904144 0.638419 0.013739 0.011689
0 0.723597 0.468135 0.015699 0.014295
0 0.428023 0.233230 0.016341 0.015112
0 0.872340 0.351968 0.016110 0.011701
0 0.650258 0.452810 0.015312 0.014125
0 0.765102 0.168774 0.013595 0.013538
0 0.708410 0.157072 0.015629 0.015267
0 0.480140 0.351728 0.015282 0.014467
0 0.861962 0.898003 0.013354 0.013399
0 0.520773 0.637564 0.013932 0.015285
0 0.517647 0.199988 0.021685 0.020108
0 0.064923 0.686709 0.012174 0.011065
0 0.672592 0.698194 0.014410 0.012783
0 0.925653 0.518492 0.013378 0.013010
0 0.210456 0.549301 0.017880 0.017733
0 0.598483 0.428573 0.022265 0.017310
0 0.154464 0.338818 0.016007 0.015600
0 0.368795 0.849869 0.014136 0.015204
0 0.588207 0.893697 0.013995 0.014817
0 0.734513 0.514081 0.019061 0.016459
0 0.407989 0.395061 0.016306 0.017875
0 0.840258 0.227723 0.014744 0.015448
0 0.332060 0.455576 0.015033 0.014658
0 0.550121 0.305410 0.013793 0.013886
0 0.794531 0.774853 0.018680 0.015698
0 0.314433 0.796923 0.011720 0.010800
0 0.279671 0.428833 0.016184 0.015775
0 0.113514 0.773828 0.012434 0.012463
0 0.741147 0.514887 0.016422 0.014991
0 0.525899 0.935412 0.014076 0.014942
0 0.508372 0.345263 0.015015 0.014125
0 0.557326 0.851880 0.019367 0.013236
0 0.345374 0.698977 0.018139 0.012787
0 0.839898 0.610395 0.013138 0.012573
0 0.896459 0.658579 0.013362 0.012060
0 0.657923 0.938557 0.015833 0.013869
0 0.174439 0.847973 0.015191 0.014957
0 0.460740 0.909687 0.019463 0.014765
0 0.544781 0.138745 0.013614 0.015172
0 0.503054 0.462289 0.017950 0.017546
0 0.062602 0.535054 0.013261 0.013472
0 0.276313 0.502518 0.019171 0.018037
0 0.827317 0.649592 0.012665 0.013608
0 0.575807 0.518569 0.020118 0.014876
0 0.454608 0.564541 0.013451 0.014366
0 0.474850 0.245529 0.014148 0.015433
0 0.305956 0.873142 0.017131 0.022258
0 0.266521 0.497040 0.020256 0.016859
0 0.248090 0.563096 0.015172 0.014067
0 0.620262 0.578825 0.016580 0.012740
0 0.586906 0.933637 0.013814 0.012583
0 0.468246 0.954519 0.013976 0.013178
0 0.441724 0.931628 0.015477 0.012826
0 0.584391 0.286159 0.016875 0.013331
0 0.944217 0.647462 0.017172 0.013408
0 0.725288 0.713716 0.013827 0.012531
0 0.881556 0.628778 0.013597 0.011737
0 0.995979 0.631871 0.008042 0.015477
0 0.636707 0.450039 0.015379 0.011981
0 0.512923 0.750970 0.013769 0.014244
0 0.723364 0.750754 0.016681 0.016351