0 0.397664 0.615200 0.019622 0.014001
0 0.396484 0.733295 0.020285 0.014198
0 0.454242 0.519801 0.023996 0.017486
1 0.438749 0.859226 0.049269 0.041645
0 0.274854 0.625793 0.021273 0.015179
0 0.398895 0.412683 0.025125 0.018213
0 0.642289 0.659581 0.021544 0.015335
0 0.639423 0.620815 0.019780 0.014487
0 0.390184 0.775716 0.020135 0.014772
0 0.315692 0.611294 0.021341 0.016078
0 0.216276 0.726638 0.020663 0.013732
0 0.252815 0.448104 0.018577 0.014135
0 0.403468 0.375891 0.019772 0.013892
0 0.590406 0.559204 0.020721 0.015683
0 0.287076 0.551418 0.018596 0.013298
0 0.476681 0.601645 0.020054 0.015016
0 0.746566 0.451669 0.020520 0.014653
0 0.335495 0.518236 0.019655 0.014221
0 0.475740 0.374719 0.025327 0.018842
0 0.229942 0.601831 0.020233 0.013306
0 0.385149 0.640814 0.019723 0.013658
1 0.559519 0.757367 0.042827 0.034689
0 0.557997 0.653686 0.019914 0.015060
0 0.255802 0.779257 0.016716 0.011211
0 0.186116 0.579584 0.017175 0.011524
0 0.446193 0.775581 0.020824 0.013439
0 0.515311 0.341937 0.017811 0.012126
0 0.415817 0.601201 0.018471 0.012559
0 0.465788 0.654667 0.020766 0.013688
0 0.343859 0.690009 0.025842 0.018550
0 0.163980 0.569834 0.018134 0.013044
0 0.408440 0.530165 0.026684 0.021434
0 0.306165 0.828891 0.018836 0.013545
0 0.259637 0.801642 0.015793 0.009892
0 0.522450 0.447823 0.028824 0.021182
0 0.723246 0.463452 0.017712 0.012721
0 0.229408 0.516507 0.018861 0.012488
0 0.440593 0.819788 0.020662 0.014368
0 0.503910 0.535712 0.032944 0.024755
0 0.547725 0.877273 0.022788 0.015162
0 0.127681 0.552074 0.019140 0.012206
0 0.576764 0.597601 0.029705 0.020875
0 0.606535 0.448143 0.031512 0.022470
0 0.586823 0.825214 0.025189 0.020389
0 0.422472 0.335187 0.014935 0.011492
0 0.301426 0.697173 0.018643 0.013932
0 0.308704 0.523361 0.017762 0.011685
0 0.598768 0.455153 0.031581 0.022453
0 0.258910 0.666172 0.016260 0.012232
0 0.611936 0.649459 0.018545 0.012369
0 0.301756 0.665593 0.018939 0.013906
0 0.104734 0.664020 0.017822 0.014047
0 0.136214 0.670437 0.017070 0.011600
0 0.422181 0.632031 0.017393 0.011590