0 0.461580 0.510812 0.029403 0.022382
0 0.531380 0.629970 0.027559 0.020557
0 0.480069 0.650877 0.026689 0.019489
0 0.639328 0.938563 0.032265 0.023821
0 0.590820 0.624304 0.026793 0.019885
0 0.637277 0.570410 0.026275 0.018963
0 0.812140 0.652501 0.026896 0.018569
0 0.552866 0.528818 0.029311 0.020951
0 0.577408 0.913766 0.028667 0.021009
0 0.418285 0.868474 0.023982 0.016739
0 0.639562 0.504117 0.023499 0.016948
0 0.275650 0.573022 0.026530 0.020113
0 0.739513 0.825730 0.028763 0.020614
0 0.692223 0.519448 0.023851 0.017605
1 0.584000 0.722623 0.058722 0.037893
0 0.512360 0.777324 0.029294 0.021990
0 0.418648 0.777906 0.030110 0.019105
0 0.690547 0.713723 0.026921 0.019049
0 0.754294 0.713612 0.024452 0.017637
0 0.854295 0.628488 0.022188 0.016237
0 0.607154 0.814339 0.025213 0.018012
0 0.540725 0.441011 0.020506 0.014924
0 0.657841 0.540583 0.024874 0.019017
0 0.805665 0.898239 0.024118 0.018101
0 0.376768 0.870364 0.022189 0.015882
0 0.617972 0.590183 0.023647 0.016701
0 0.429095 0.647902 0.025048 0.017571
0 0.260673 0.689673 0.022518 0.015257
0 0.417850 0.721850 0.021647 0.016708
0 0.212865 0.550776 0.021703 0.014276
0 0.289814 0.704738 0.026380 0.019463
0 0.838823 0.800570 0.020916 0.014501
0 0.255988 0.649717 0.030652 0.022155
0 0.710428 0.965658 0.024032 0.016669
0 0.290231 0.654464 0.021365 0.015470
0 0.344431 0.931725 0.022084 0.015223
0 0.691044 0.905917 0.021986 0.015796
0 0.789729 0.738486 0.020998 0.015721
0 0.270114 0.910613 0.020048 0.014740
0 0.375440 0.930419 0.032615 0.023524
0 0.695380 0.865567 0.021525 0.013931
0 0.618250 0.690437 0.020416 0.014980
0 0.548070 0.778391 0.021152 0.012560
0 0.918416 0.742456 0.016889 0.011795
1 0.490686 0.910175 0.040242 0.028053
1 0.930144 0.769285 0.031108 0.020741
0 0.445743 0.632934 0.017272 0.012424
0 0.377361 0.597730 0.020173 0.014549
0 0.721785 0.857368 0.019385 0.013778
1 0.253817 0.831216 0.039172 0.031265
0 0.728426 0.963310 0.024492 0.015097
0 0.458549 0.957985 0.019999 0.014898