0 0.422748 0.501736 0.019070 0.014447
0 0.165386 0.542464 0.017298 0.013831
0 0.356124 0.493236 0.017218 0.013163
0 0.744940 0.429028 0.025095 0.020461
0 0.252569 0.571781 0.020663 0.015978
0 0.305377 0.274837 0.019120 0.016248
0 0.526881 0.600601 0.018928 0.014446
0 0.153329 0.606688 0.016188 0.014340
0 0.475629 0.503986 0.018047 0.013567
0 0.495852 0.428223 0.018088 0.013307
0 0.303870 0.308824 0.015157 0.013536
0 0.377532 0.253927 0.016654 0.013558
0 0.454747 0.456253 0.017583 0.013041
0 0.421972 0.327122 0.020294 0.015769
0 0.259612 0.383462 0.023324 0.013662
0 0.296750 0.367055 0.014277 0.010677
0 0.505088 0.535881 0.019099 0.016859
0 0.561594 0.643286 0.019498 0.014936
0 0.538742 0.201199 0.019221 0.015175
0 0.726795 0.392197 0.018190 0.015659
0 0.286020 0.402044 0.016420 0.013498
0 0.569584 0.373929 0.024409 0.016957
0 0.321298 0.563403 0.015379 0.012607
0 0.412334 0.289391 0.016267 0.012681
0 0.374964 0.535063 0.018484 0.014261
0 0.145797 0.376587 0.019325 0.012953
0 0.303866 0.328723 0.011960 0.011651
0 0.690854 0.625453 0.019469 0.015007
0 0.708570 0.643012 0.018717 0.013596
0 0.356937 0.231932 0.015855 0.013136
0 0.461702 0.623812 0.018435 0.015694
0 0.311874 0.404231 0.017471 0.013937
0 0.562287 0.609569 0.021021 0.014942
0 0.227018 0.434393 0.019112 0.012309
0 0.154550 0.564384 0.015304 0.013372
0 0.415638 0.228638 0.013046 0.011142
0 0.447648 0.536734 0.019029 0.013826
0 0.682629 0.548564 0.018642 0.013420
0 0.360452 0.587755 0.014852 0.011567
0 0.246109 0.364466 0.015265 0.010572
0 0.357127 0.703978 0.020738 0.018400
0 0.768934 0.602350 0.020462 0.014696
0 0.756403 0.387867 0.019337 0.019283
0 0.446123 0.685285 0.021236 0.015113
0 0.759716 0.559578 0.013083 0.009163
0 0.188390 0.379624 0.012115 0.009536
0 0.423092 0.752157 0.023575 0.016544
0 0.640334 0.262938 0.013719 0.010966
0 0.260476 0.647695 0.014579 0.012059
0 0.553193 0.769140 0.028582 0.020927
0 0.637441 0.530260 0.015296 0.011941
0 0.198830 0.344963 0.020995 0.017603
0 0.388341 0.681034 0.015870 0.013956
0 0.279705 0.613265 0.016280 0.010609
0 0.605643 0.508856 0.014475 0.011563
0 0.479948 0.556426 0.020151 0.014235
0 0.704705 0.397030 0.014194 0.013827
0 0.320864 0.229154 0.016665 0.013771
0 0.765056 0.626031 0.013697 0.010187
0 0.280658 0.519767 0.013664 0.010142
0 0.503376 0.613021 0.014102 0.011587
0 0.754133 0.490629 0.018399 0.012061
0 0.505481 0.335943 0.013690 0.008726
0 0.260182 0.497042 0.012360 0.009907
0 0.196313 0.339200 0.016589 0.016801
0 0.171993 0.514851 0.021657 0.017624
0 0.419915 0.625574 0.015059 0.013456
0 0.395561 0.692809 0.014924 0.013727
0 0.529816 0.605147 0.018441 0.015211
0 0.436890 0.298429 0.017783 0.015697
0 0.781569 0.615024 0.016206 0.009070
0 0.091209 0.446927 0.015257 0.012700
0 0.354476 0.526007 0.016550 0.013091
0 0.443056 0.635157 0.015206 0.010441
0 0.368290 0.316956 0.016400 0.013048
0 0.680474 0.281349 0.020864 0.013062
0 0.705624 0.397965 0.025726 0.017978
0 0.776494 0.363232 0.025469 0.019263
0 0.519691 0.768745 0.023889 0.016603
0 0.239428 0.408035 0.017131 0.013476
0 0.709821 0.547941 0.017599 0.010253
0 0.312210 0.604661 0.015613 0.012485
0 0.174915 0.564164 0.015753 0.013601
0 0.657161 0.512337 0.017479 0.013725
0 0.193682 0.314123 0.012884 0.011386
0 0.652669 0.715291 0.015544 0.010103
0 0.402932 0.588321 0.017212 0.012710
1 0.190141 0.485329 0.050078 0.036385
1 0.165884 0.641432 0.032864 0.038732
1 0.553991 0.467723 0.051643 0.036385
1 0.586854 0.309859 0.045383 0.028169