1 0.057726 0.615219 0.055199 0.039642
1 0.304478 0.691466 0.047422 0.032457
0 0.512590 0.407241 0.022272 0.015429
1 0.769725 0.745916 0.048972 0.034240
0 0.377698 0.746201 0.025423 0.017052
0 0.369613 0.651258 0.018736 0.012427
0 0.370073 0.390336 0.023477 0.017325
0 0.302071 0.442914 0.018664 0.013519
0 0.563452 0.410233 0.022041 0.015743
0 0.379895 0.433025 0.020501 0.014315
0 0.340940 0.812432 0.024280 0.019934
0 0.578789 0.665875 0.020763 0.014775
0 0.341628 0.529657 0.018587 0.013282
0 0.630470 0.666793 0.018530 0.012651
0 0.447597 0.827191 0.019636 0.012936
0 0.439430 0.585446 0.017069 0.011987
0 0.495780 0.814080 0.019851 0.013702
0 0.284459 0.506979 0.019400 0.013913
0 0.301619 0.370892 0.018463 0.013241
0 0.431153 0.774578 0.019607 0.014158
0 0.682974 0.469980 0.022928 0.016504
0 0.345919 0.467896 0.019352 0.013048
0 0.131919 0.506443 0.018014 0.012729
0 0.381091 0.799508 0.019216 0.014849
0 0.552751 0.564822 0.021243 0.015317
0 0.177924 0.479718 0.018592 0.013032
0 0.435192 0.853536 0.025105 0.016731
0 0.457961 0.343100 0.018549 0.013657
0 0.724126 0.420980 0.024025 0.017269
0 0.302246 0.407067 0.017304 0.011470
0 0.332074 0.764260 0.021135 0.013598
0 0.331054 0.497416 0.018235 0.011917
0 0.577651 0.459607 0.019526 0.013534
0 0.447753 0.670655 0.019023 0.012651
0 0.262739 0.597379 0.020473 0.014118
0 0.331186 0.437600 0.018141 0.012337
0 0.351683 0.691968 0.017411 0.011776
0 0.523393 0.829682 0.019533 0.013524
0 0.784080 0.495322 0.024342 0.018836
0 0.656279 0.714635 0.020647 0.015049
0 0.613401 0.771096 0.024243 0.016164
0 0.163245 0.498720 0.018719 0.012677
0 0.545298 0.478660 0.021083 0.015148
0 0.218857 0.562371 0.019791 0.014603
0 0.579451 0.844967 0.019016 0.012889
0 0.194509 0.560680 0.020304 0.014091
0 0.399100 0.607823 0.020982 0.014673
0 0.572651 0.550202 0.022109 0.013074
0 0.653828 0.522681 0.017282 0.012441
0 0.406799 0.832481 0.019408 0.013697
0 0.690370 0.732627 0.017903 0.012664
0 0.561644 0.511838 0.018422 0.012627
0 0.302155 0.527308 0.016495 0.010957
0 0.488051 0.610940 0.026021 0.015259
0 0.420595 0.713764 0.016015 0.010534
0 0.577910 0.634123 0.016274 0.010748
0 0.483007 0.298998 0.018272 0.013459
0 0.611302 0.809120 0.020252 0.015133
0 0.603472 0.852763 0.020816 0.014965
0 0.292799 0.471265 0.016854 0.011694
0 0.362984 0.324599 0.015792 0.010334
0 0.354157 0.858825 0.020923 0.016243
0 0.481066 0.658939 0.020474 0.013482
0 0.445569 0.727478 0.016517 0.010800
0 0.670121 0.557538 0.019784 0.014558
0 0.182000 0.447791 0.020573 0.013368
0 0.228391 0.470106 0.014619 0.009703
0 0.245415 0.528070 0.016762 0.010893
0 0.496207 0.669526 0.018319 0.014166
0 0.778218 0.552763 0.024910 0.016576
0 0.600903 0.618273 0.019814 0.014391
0 0.264580 0.471773 0.015678 0.011654
0 0.481144 0.634510 0.018424 0.013459
0 0.279149 0.579590 0.017021 0.011077
0 0.660928 0.642908 0.017398 0.012102
0 0.151487 0.744070 0.016660 0.010965
0 0.586037 0.526656 0.020081 0.013617
0 0.539729 0.647855 0.024747 0.017519
0 0.113248 0.578055 0.016310 0.011284
0 0.305176 0.640508 0.017596 0.012408
0 0.709149 0.449090 0.017612 0.012929
0 0.141356 0.417836 0.021403 0.016256
0 0.644082 0.782898 0.019798 0.014754
0 0.020606 0.558637 0.019223 0.013360
0 0.130962 0.745204 0.019492 0.012717
0 0.388273 0.719426 0.015594 0.010903
0 0.563866 0.528458 0.016911 0.011520
0 0.330105 0.360319 0.018858 0.012639
0 0.594982 0.370811 0.022664 0.014513
0 0.411028 0.320710 0.019633 0.015429
0 0.308714 0.573393 0.017263 0.011656
0 0.248064 0.502073 0.017527 0.013522
0 0.517085 0.456462 0.018765 0.013738
0 0.608738 0.421126 0.024069 0.015837
0 0.360176 0.480064 0.017578 0.011841
0 0.429109 0.282546 0.017119 0.010966
0 0.216781 0.421907 0.018514 0.013096
0 0.639954 0.485100 0.017663 0.011649
0 0.391014 0.569457 0.033048 0.015918
0 0.434177 0.605481 0.016418 0.011168
0 0.138358 0.712346 0.020116 0.013466
0 0.190241 0.340120 0.020226 0.014360
0 0.471432 0.736946 0.017993 0.012468
0 0.202702 0.499565 0.014194 0.009297
0 0.649044 0.496817 0.019348 0.012915
0 0.745775 0.697139 0.018372 0.012911
0 0.207036 0.376117 0.020928 0.013008
0 0.310352 0.587726 0.022395 0.011660
0 0.562852 0.814962 0.018404 0.012850
0 0.170453 0.543970 0.015938 0.010765
0 0.312087 0.352384 0.018040 0.013751
0 0.757873 0.449576 0.018270 0.012181
0 0.100121 0.457981 0.017046 0.012032
0 0.214992 0.378188 0.021878 0.011868
0 0.455816 0.312214 0.016725 0.011275
0 0.568549 0.327212 0.031755 0.015455
0 0.352840 0.545647 0.017037 0.010644
0 0.459301 0.714753 0.021086 0.013913
0 0.701524 0.687558 0.018241 0.012839
0 0.422990 0.354692 0.019710 0.013933
0 0.756073 0.525095 0.015959 0.011055
0 0.043053 0.499782 0.019441 0.016332
0 0.756280 0.430620 0.018042 0.012990
0 0.164679 0.577480 0.019312 0.011739
0 0.167554 0.529039 0.018080 0.011503
0 0.417052 0.371893 0.026055 0.017013
0 0.522221 0.657413 0.015938 0.010396
0 0.263309 0.526692 0.016273 0.010021
0 0.093813 0.507961 0.015177 0.010585
0 0.361656 0.302179 0.012896 0.009909
0 0.402169 0.354833 0.017787 0.011184
0 0.105135 0.531474 0.019188 0.012348
0 0.366543 0.598097 0.016747 0.012562
0 0.539630 0.667346 0.016872 0.009416
0 0.034584 0.644154 0.015198 0.009792
0 0.465143 0.718096 0.023154 0.014807
0 0.291655 0.485960 0.014916 0.009897
0 0.589153 0.476007 0.017445 0.010851
0 0.113484 0.544971 0.016563 0.010017
0 0.762083 0.654238 0.021432 0.012600
0 0.129166 0.446868 0.015276 0.010007
0 0.119511 0.469799 0.014608 0.010504
0 0.091348 0.601676 0.014431 0.009623
0 0.121141 0.527681 0.016515 0.011039
0 0.319552 0.356356 0.032309 0.017996
0 0.307424 0.311976 0.016320 0.013747
0 0.322071 0.716353 0.017511 0.010171
0 0.286139 0.643986 0.019602 0.013512
0 0.574146 0.476493 0.031262 0.012632
0 0.746089 0.717893 0.014583 0.009432
0 0.042401 0.491193 0.018203 0.013651
0 0.640213 0.774918 0.018709 0.013893
0 0.785347 0.469431 0.017645 0.012439
0 0.642428 0.488888 0.024042 0.017071
0 0.175349 0.345815 0.017111 0.011925