1 0.424491 0.546666 0.056946 0.038028
1 0.139696 0.441960 0.056381 0.040985
1 0.391971 0.328448 0.058172 0.036970
0 0.385108 0.395309 0.019881 0.014192
0 0.381089 0.846452 0.020673 0.015215
0 0.345767 0.865713 0.023650 0.016267
0 0.418601 0.843081 0.018129 0.013136
0 0.506773 0.694374 0.018237 0.012354
0 0.428928 0.595945 0.018286 0.012250
0 0.430881 0.865416 0.021858 0.015149
0 0.345841 0.540750 0.017172 0.011550
0 0.438735 0.664903 0.019694 0.013061
0 0.385826 0.459303 0.019670 0.014445
0 0.576032 0.468058 0.021207 0.015469
0 0.305734 0.590071 0.016087 0.010465
0 0.198390 0.549539 0.018199 0.012983
0 0.681220 0.457116 0.024709 0.017447
0 0.659092 0.681610 0.025704 0.019552
0 0.606853 0.520428 0.019435 0.013307
0 0.406541 0.751961 0.018468 0.012290
0 0.404252 0.416204 0.019012 0.012614
0 0.304055 0.798791 0.018053 0.012003
0 0.629344 0.573295 0.019940 0.014497
0 0.337405 0.768586 0.016530 0.010595
0 0.575742 0.739830 0.019993 0.014012
0 0.445465 0.353498 0.015463 0.010349
0 0.145951 0.650092 0.018611 0.012446
0 0.563211 0.590090 0.021097 0.014417
0 0.327715 0.811072 0.018333 0.012387
0 0.554981 0.712665 0.018596 0.012710
0 0.374085 0.596821 0.016541 0.011493
1 0.324228 0.649469 0.096218 0.046068
0 0.565057 0.794026 0.022408 0.014855
0 0.308744 0.826858 0.019182 0.013712
0 0.154405 0.508770 0.017893 0.012527
0 0.347482 0.572960 0.018438 0.012449
0 0.338820 0.750798 0.017609 0.012492
0 0.169583 0.586436 0.016262 0.011740
0 0.471813 0.580155 0.019269 0.013448
0 0.738916 0.571466 0.018909 0.014276
0 0.374920 0.435285 0.019825 0.013715
0 0.298626 0.498135 0.018667 0.014393
0 0.170672 0.493832 0.017215 0.011377
0 0.499334 0.383158 0.023945 0.017805
0 0.409959 0.654274 0.019175 0.013195
0 0.518619 0.597123 0.021883 0.016621
0 0.558904 0.826277 0.024579 0.017462
0 0.091993 0.605221 0.017173 0.012017
0 0.383913 0.767340 0.019802 0.012271
0 0.116674 0.556679 0.017731 0.012894
0 0.543973 0.343508 0.019354 0.015380
0 0.449931 0.443330 0.025240 0.017270
0 0.454662 0.394519 0.026583 0.018502
0 0.722964 0.628819 0.021582 0.015092
0 0.466829 0.339798 0.014873 0.009340
0 0.457043 0.524360 0.017199 0.011529
0 0.094541 0.653769 0.017471 0.011269
0 0.613804 0.411083 0.024150 0.017648
0 0.095800 0.476371 0.019292 0.013597
0 0.371888 0.765437 0.019972 0.011632
0 0.747690 0.483101 0.021876 0.014936
0 0.326919 0.571533 0.017313 0.011292
0 0.172272 0.736669 0.016446 0.012468
0 0.532103 0.745640 0.021034 0.015632
0 0.589096 0.329869 0.017718 0.013810
0 0.348991 0.465278 0.018686 0.013097
0 0.578246 0.813136 0.019247 0.011824
0 0.112902 0.671461 0.018006 0.012869
0 0.346134 0.480898 0.016484 0.011151
0 0.693636 0.756851 0.024812 0.017567
0 0.442083 0.307807 0.015485 0.010489
0 0.494008 0.303060 0.016335 0.010869
0 0.600936 0.640140 0.026050 0.017464
0 0.536173 0.717502 0.017488 0.011357
0 0.326278 0.788694 0.017982 0.011755
0 0.217175 0.673654 0.017534 0.012928
0 0.334796 0.503181 0.017908 0.010340
0 0.662885 0.846920 0.018669 0.012416
0 0.154864 0.767436 0.022954 0.013574
0 0.343764 0.719484 0.015395 0.010704
0 0.234167 0.610208 0.018555 0.016048
0 0.620327 0.612383 0.017010 0.011130
0 0.294426 0.570479 0.015079 0.011030
0 0.748908 0.407597 0.027491 0.019838
0 0.828144 0.599503 0.020359 0.014573
0 0.739697 0.399663 0.022210 0.017769
0 0.420463 0.886364 0.024163 0.017976
0 0.561790 0.399294 0.017584 0.012960
0 0.147028 0.712363 0.014862 0.009362
0 0.773679 0.565215 0.015761 0.011323
0 0.325717 0.591695 0.015125 0.009760
0 0.222265 0.495848 0.029595 0.023744
0 0.196549 0.508084 0.017447 0.010841
0 0.545841 0.676317 0.018804 0.012344
0 0.778187 0.608079 0.021004 0.013807
0 0.707607 0.526326 0.017625 0.011869
0 0.512063 0.363607 0.017038 0.010692
0 0.533557 0.409747 0.017614 0.012707
0 0.513785 0.346481 0.013724 0.009837
0 0.458490 0.678050 0.015739 0.009654
0 0.627970 0.498295 0.019645 0.014648
0 0.594315 0.802941 0.019785 0.012932
0 0.154976 0.472902 0.016595 0.010958
0 0.491557 0.736137 0.021752 0.015327
0 0.682904 0.520543 0.017788 0.012821
0 0.347627 0.615306 0.026594 0.016493
0 0.746669 0.517057 0.017000 0.010601
0 0.343459 0.325017 0.014735 0.011125
0 0.546674 0.555203 0.016728 0.011926