1 0.063310 0.789722 0.050420 0.032405
1 0.422529 0.698399 0.054591 0.039250
1 0.238143 0.696394 0.049499 0.042204
1 0.246415 0.750874 0.049628 0.051390
0 0.587446 0.607760 0.020933 0.014333
1 0.344980 0.641924 0.042853 0.031845
1 0.434093 0.609768 0.073732 0.049713
0 0.254384 0.577728 0.017145 0.011914
1 0.324288 0.504975 0.052651 0.032164
0 0.182752 0.567518 0.020711 0.013675
0 0.148521 0.717553 0.016410 0.011096
0 0.555273 0.971549 0.020094 0.014170
0 0.636456 0.834777 0.014606 0.010906
0 0.589581 0.767175 0.015074 0.010626
0 0.088205 0.589806 0.021030 0.015208
0 0.589590 0.741349 0.015463 0.010563
0 0.410349 0.983397 0.024603 0.016455
0 0.288796 0.613564 0.016973 0.012499
0 0.321760 0.574101 0.015380 0.011006
0 0.543036 0.629290 0.020641 0.015189
0 0.584032 0.683399 0.018432 0.013192
0 0.667308 0.656818 0.017914 0.013391
0 0.135923 0.691415 0.015713 0.010890
0 0.658414 0.857106 0.018606 0.013590
0 0.634431 0.729439 0.015326 0.010836
1 0.488875 0.618484 0.037723 0.030118
1 0.494242 0.782209 0.069830 0.038422
0 0.303811 0.658507 0.016932 0.012087
0 0.081369 0.757693 0.015362 0.010077
1 0.542968 0.594275 0.040223 0.028656
0 0.523590 0.972308 0.019591 0.014457
0 0.031912 0.701933 0.016640 0.010940
0 0.146211 0.591157 0.018742 0.013889
0 0.223300 0.482992 0.020942 0.014321
1 0.471062 0.540733 0.059614 0.036662
0 0.571899 0.816236 0.015726 0.011116
1 0.436280 0.819538 0.111251 0.088284
0 0.676263 0.729603 0.016323 0.011508
0 0.146728 0.620917 0.018171 0.013532
0 0.717166 0.834744 0.015814 0.011751
0 0.372631 0.845020 0.016724 0.011975
0 0.341591 0.876115 0.019279 0.013267
0 0.587425 0.965183 0.018313 0.011863
0 0.592942 0.837881 0.016340 0.011095
0 0.702809 0.689931 0.016555 0.010974
0 0.560501 0.693002 0.016816 0.012182
0 0.427976 0.908661 0.017756 0.012574
0 0.448139 0.971026 0.019700 0.014094
0 0.290953 0.689388 0.018142 0.011489
0 0.495614 0.425402 0.023089 0.015098
0 0.305509 0.972187 0.018361 0.014272
0 0.494412 0.715846 0.016327 0.011464
0 0.696644 0.749955 0.015923 0.011330
0 0.027902 0.730538 0.015617 0.010475
0 0.246465 0.539626 0.017223 0.011765
0 0.356894 0.552614 0.018464 0.011886
0 0.480954 0.884626 0.017356 0.012561
0 0.080977 0.680944 0.018003 0.011505
0 0.476906 0.570797 0.016371 0.011118
0 0.288837 0.883075 0.019217 0.013769
0 0.193357 0.528093 0.016573 0.010956
0 0.140139 0.788685 0.021662 0.014346
0 0.498547 0.449382 0.020083 0.013731
0 0.163182 0.818314 0.018297 0.012556
0 0.622238 0.623651 0.016612 0.010249
0 0.334624 0.854527 0.016001 0.010311
0 0.322605 0.814192 0.017427 0.013550
0 0.694440 0.633034 0.017073 0.011627
0 0.188008 0.684652 0.014573 0.010862
0 0.715522 0.793250 0.017655 0.011348
0 0.188610 0.811545 0.018381 0.012905
0 0.319690 0.528118 0.014106 0.009432
0 0.631744 0.865019 0.019452 0.012540
0 0.662393 0.709310 0.014816 0.009764
0 0.638943 0.667746 0.017009 0.010387
0 0.385510 0.918437 0.019037 0.012897
0 0.320601 0.548331 0.013628 0.009885
0 0.422837 0.961107 0.017733 0.011554
0 0.562749 0.733517 0.013959 0.009769
0 0.720895 0.738927 0.018051 0.013612
0 0.108832 0.556802 0.017915 0.012444
1 0.358363 0.446913 0.043951 0.031588
0 0.437328 0.896432 0.016787 0.012065
0 0.551644 0.780607 0.016246 0.010670
0 0.159833 0.905024 0.016868 0.013059
0 0.612093 0.644344 0.016695 0.010728
0 0.156321 0.499403 0.019403 0.016649
0 0.554476 0.940489 0.015326 0.010763
0 0.196868 0.712826 0.017428 0.012061
0 0.552407 0.806629 0.013475 0.009400
0 0.171703 0.642727 0.020106 0.013757
0 0.537203 0.687371 0.016550 0.011724
0 0.559584 0.669194 0.015236 0.010682
0 0.181305 0.952140 0.018534 0.011058
0 0.013077 0.656657 0.016888 0.011986
0 0.398283 0.570474 0.019410 0.014945
0 0.274850 0.565367 0.018250 0.013088
0 0.359949 0.620615 0.015726 0.010829
0 0.654556 0.784165 0.013008 0.010201
0 0.268276 0.455881 0.022015 0.013906
0 0.156272 0.603258 0.018904 0.011804
0 0.533305 0.820238 0.015086 0.011684
0 0.784344 0.681269 0.018125 0.011650
0 0.690097 0.870916 0.017006 0.012149
0 0.772461 0.678308 0.016497 0.011791
0 0.433542 0.902666 0.021695 0.016855
0 0.207878 0.514072 0.014509 0.011323
0 0.778531 0.732524 0.014471 0.009516
0 0.736307 0.849210 0.015417 0.011129
0 0.320467 0.472675 0.017682 0.013480
0 0.370942 0.988645 0.015919 0.011210
0 0.318054 0.621380 0.016508 0.010317
0 0.339695 0.666815 0.014378 0.009552
1 0.407341 0.821515 0.050613 0.035613
0 0.542439 0.788628 0.014670 0.010755
0 0.197867 0.552300 0.015385 0.010126
0 0.602900 0.945053 0.014828 0.011083
0 0.512859 0.504119 0.026780 0.017984
0 0.450621 0.714265 0.014030 0.009247
0 0.326016 0.826177 0.014149 0.010338
0 0.617573 0.782786 0.014171 0.009589
0 0.702230 0.860833 0.018007 0.011950
0 0.423502 0.728491 0.017527 0.013579
0 0.617528 0.660830 0.018764 0.012169
0 0.578662 0.915930 0.015426 0.009837
0 0.761303 0.740427 0.014895 0.010893
1 0.462242 0.794423 0.073294 0.051543
0 0.425288 0.768690 0.013756 0.009404