1 0.829766 0.764558 0.059557 0.041910
1 0.797870 0.509925 0.059998 0.040462
0 0.281348 0.429540 0.023503 0.016162
1 0.419843 0.856718 0.044305 0.033452
0 0.485291 0.325908 0.020413 0.014704
0 0.655534 0.749948 0.025747 0.019340
0 0.483476 0.594423 0.020988 0.014844
0 0.226763 0.722038 0.021047 0.014100
1 0.726486 0.597345 0.053286 0.043340
0 0.309814 0.518633 0.029055 0.021377
0 0.316777 0.448261 0.023582 0.018057
0 0.352266 0.337246 0.023166 0.016464
0 0.666117 0.683250 0.029459 0.022831
0 0.499579 0.664914 0.034512 0.022938
0 0.368550 0.690857 0.016881 0.010568
0 0.349392 0.433765 0.021164 0.016308
0 0.331923 0.721505 0.017800 0.012197
0 0.450594 0.647140 0.019790 0.014962
0 0.239531 0.643020 0.017533 0.014596
0 0.227536 0.502896 0.018124 0.012061
0 0.296388 0.656679 0.021855 0.015303
0 0.535029 0.484757 0.018567 0.014059
0 0.425640 0.523204 0.031633 0.023269
0 0.347269 0.809691 0.025089 0.019837
0 0.496547 0.851560 0.020159 0.013693
0 0.623746 0.804648 0.029575 0.025463
0 0.687840 0.472780 0.024025 0.018749
0 0.437384 0.554735 0.018408 0.011548
0 0.406735 0.495213 0.018098 0.012295
0 0.733730 0.494258 0.020920 0.014328
0 0.661140 0.420300 0.018026 0.012883
0 0.505679 0.487940 0.018577 0.012795
0 0.186230 0.525249 0.017708 0.014664
0 0.429344 0.727544 0.015778 0.010112
0 0.741474 0.679883 0.017437 0.011573
0 0.687373 0.553431 0.017612 0.011266
0 0.788925 0.661051 0.021873 0.017379
0 0.577500 0.539197 0.016090 0.010777
0 0.709036 0.658821 0.018280 0.011949
1 0.905097 0.504682 0.033120 0.028623
0 0.555562 0.537141 0.017943 0.011949
0 0.644954 0.591265 0.018183 0.011471
0 0.374126 0.730064 0.015471 0.010645
0 0.578683 0.608407 0.015654 0.011198
0 0.571448 0.576931 0.016242 0.010923
0 0.705408 0.839909 0.015757 0.010708
0 0.360629 0.363535 0.019587 0.014094
0 0.862063 0.488389 0.015057 0.009748
0 0.593703 0.509805 0.021310 0.014075
0 0.306113 0.696489 0.015359 0.010670
0 0.238053 0.607110 0.020337 0.014474
0 0.403250 0.346033 0.016953 0.014096
0 0.313158 0.721355 0.016242 0.010947
0 0.145861 0.586713 0.019710 0.014992
0 0.513332 0.310554 0.017631 0.012181
0 0.559162 0.463141 0.019682 0.013465