1 0.480697 0.607138 0.057064 0.039910
0 0.796740 0.436822 0.024863 0.018399
0 0.672046 0.322837 0.023612 0.017259
0 0.704071 0.293583 0.019819 0.014074
0 0.423966 0.230540 0.023667 0.018215
0 0.349509 0.458620 0.020208 0.014849
0 0.504964 0.561132 0.022298 0.015234
0 0.860414 0.407105 0.022516 0.016153
0 0.628391 0.536769 0.021784 0.015231
0 0.899356 0.376077 0.022032 0.015010
0 0.413001 0.269985 0.023567 0.017857
0 0.831204 0.293085 0.021150 0.014851
0 0.708380 0.192642 0.020212 0.014788
0 0.670495 0.635177 0.025124 0.019315
0 0.722419 0.499595 0.020875 0.014886
0 0.463634 0.471115 0.023265 0.017257
0 0.774954 0.526946 0.026985 0.021872
0 0.425390 0.418416 0.021406 0.015127
0 0.531324 0.381236 0.020094 0.014137
0 0.774384 0.223563 0.020323 0.014474
0 0.525596 0.152939 0.019440 0.013848
0 0.871058 0.263938 0.018790 0.013452
0 0.901882 0.338975 0.019895 0.014289
0 0.386314 0.355145 0.017357 0.012054
0 0.346449 0.370468 0.018700 0.013205
0 0.539123 0.620978 0.021414 0.016694
0 0.561986 0.558726 0.019457 0.014039
0 0.347886 0.311266 0.021970 0.016294
0 0.273339 0.364707 0.018029 0.012194
0 0.601723 0.604247 0.019683 0.013603
0 0.212834 0.375472 0.019300 0.012700
0 0.584415 0.251188 0.026374 0.015842
0 0.453232 0.262519 0.020448 0.015823
0 0.555868 0.296604 0.020154 0.015210
0 0.271180 0.466689 0.017764 0.012630
0 0.215318 0.346361 0.021320 0.014170
0 0.907742 0.295068 0.019536 0.014539
0 0.569918 0.346485 0.018617 0.014372
0 0.470413 0.377202 0.032967 0.022499
0 0.471007 0.199963 0.027492 0.015505
0 0.345054 0.479239 0.020385 0.014479
0 0.678679 0.677866 0.025259 0.017055
0 0.369836 0.452515 0.019284 0.012923
0 0.263666 0.295678 0.018809 0.012988
0 0.516341 0.260565 0.022070 0.015680
0 0.609293 0.243460 0.022278 0.014543
0 0.389813 0.431704 0.020033 0.013579
0 0.627116 0.615976 0.025056 0.017297
0 0.388330 0.598790 0.016934 0.012181
0 0.741064 0.235869 0.018758 0.013261
0 0.335157 0.262804 0.018650 0.013934
0 0.527790 0.555479 0.017108 0.012022
0 0.358461 0.384519 0.018422 0.012229
0 0.600896 0.295022 0.019577 0.017013
1 0.172714 0.438980 0.027264 0.033300
0 0.885732 0.326571 0.020314 0.013352
0 0.505135 0.248966 0.018071 0.014721
0 0.570889 0.309321 0.018464 0.013993
0 0.655231 0.692906 0.019044 0.013916
0 0.229016 0.452251 0.019333 0.013913
0 0.448340 0.282893 0.019102 0.011991
0 0.725572 0.592086 0.022571 0.019596
0 0.583460 0.680136 0.021405 0.014347
0 0.836593 0.217304 0.019273 0.015173