0 0.495787 0.404350 0.026608 0.018333
0 0.419402 0.414321 0.026963 0.019970
0 0.636476 0.474447 0.023314 0.018008
0 0.321351 0.366621 0.022546 0.016816
0 0.307358 0.604213 0.024669 0.017748
0 0.275418 0.398192 0.025694 0.018721
0 0.649868 0.666400 0.021974 0.015424
0 0.589978 0.672454 0.024648 0.018473
0 0.306003 0.395933 0.021752 0.015654
0 0.474552 0.759580 0.025298 0.019176
0 0.271538 0.695571 0.020726 0.015079
0 0.537799 0.697191 0.024332 0.018676
0 0.408242 0.348810 0.023405 0.017525
0 0.439544 0.524940 0.023401 0.017523
0 0.337767 0.721349 0.024571 0.019733
0 0.527715 0.303591 0.026160 0.018708
0 0.619013 0.432323 0.020257 0.015666
0 0.567729 0.339148 0.027515 0.019602
0 0.678443 0.701892 0.026313 0.018384
0 0.821903 0.402092 0.022749 0.015326
0 0.295973 0.658544 0.020202 0.014362
0 0.502112 0.298125 0.024601 0.016992
0 0.728910 0.417989 0.025353 0.018335
0 0.696952 0.490173 0.020525 0.013563
0 0.503012 0.765404 0.020687 0.015225
0 0.482835 0.536578 0.030752 0.022534
0 0.618718 0.537367 0.020081 0.014650
0 0.144138 0.432163 0.019317 0.013437
0 0.346375 0.458613 0.030883 0.024910
0 0.700320 0.339671 0.034593 0.023420
0 0.329605 0.407665 0.024897 0.017932
0 0.592281 0.708170 0.022146 0.015767
0 0.503639 0.619267 0.024040 0.019980
0 0.238931 0.719229 0.017911 0.012880
0 0.374821 0.735983 0.025359 0.017140
0 0.269393 0.304838 0.024866 0.027190
0 0.212637 0.527936 0.023771 0.014325
0 0.108703 0.455377 0.024752 0.018413
0 0.764142 0.353291 0.024462 0.015979
0 0.806762 0.427524 0.018597 0.018684
0 0.298091 0.395989 0.043324 0.018474
0 0.402970 0.784735 0.026299 0.020737
0 0.269773 0.725605 0.026827 0.021554
0 0.448861 0.259097 0.025071 0.020781
0 0.690990 0.546209 0.025681 0.019193
0 0.272316 0.583794 0.019594 0.013812
0 0.695189 0.469163 0.018001 0.012936
0 0.672954 0.354295 0.019022 0.014589
0 0.794597 0.473087 0.028660 0.019600
0 0.490763 0.331580 0.019547 0.014321
0 0.580955 0.299700 0.024770 0.016090
0 0.735173 0.562056 0.020001 0.014226
0 0.778255 0.544108 0.016415 0.010650