1 0.725572 0.421222 0.061974 0.048029
1 0.862193 0.368386 0.055692 0.042309
1 0.265252 0.586909 0.055946 0.038129
1 0.638808 0.222528 0.049488 0.036428
0 0.416537 0.222109 0.024539 0.017924
0 0.514458 0.692665 0.020586 0.015110
0 0.612217 0.526733 0.018896 0.013196
0 0.481130 0.471966 0.019513 0.014055
0 0.587830 0.568915 0.020347 0.014516
0 0.460544 0.237043 0.030362 0.021847
0 0.418863 0.721391 0.023941 0.018176
0 0.450714 0.393874 0.019801 0.013532
0 0.737433 0.350927 0.021904 0.016620
0 0.506660 0.552187 0.024165 0.017287
0 0.539768 0.610473 0.021280 0.016143
0 0.414515 0.181954 0.026515 0.019659
0 0.539903 0.254018 0.031491 0.022047
0 0.477242 0.689997 0.019404 0.013786
0 0.222638 0.333469 0.019257 0.014155
0 0.372858 0.208299 0.020766 0.015504
0 0.637013 0.309027 0.020586 0.015633
0 0.637663 0.576008 0.018609 0.013952
0 0.547453 0.352061 0.028892 0.017289
0 0.614468 0.451381 0.020538 0.014115
0 0.745625 0.459553 0.021298 0.015542
0 0.580331 0.551994 0.019571 0.012262
0 0.280936 0.407890 0.032944 0.022993
0 0.528377 0.320030 0.018498 0.013131
0 0.490746 0.711357 0.026009 0.017033
0 0.421363 0.654699 0.020126 0.013532
0 0.327586 0.462553 0.018836 0.013516
0 0.363378 0.462435 0.021209 0.015345
0 0.703826 0.375043 0.019830 0.014866
0 0.229711 0.490037 0.017160 0.011549
0 0.471781 0.404365 0.019565 0.013795
0 0.371955 0.366968 0.029705 0.023019
1 0.352940 0.264092 0.051850 0.047312
0 0.527615 0.584118 0.017736 0.012150
0 0.387014 0.675629 0.020012 0.014708
0 0.629210 0.699187 0.024850 0.017136
0 0.554204 0.503846 0.019794 0.014369
0 0.161018 0.434857 0.020905 0.015331
0 0.591040 0.500142 0.020227 0.013683
0 0.170575 0.333542 0.018688 0.014623
0 0.335635 0.418486 0.019779 0.014132
0 0.501137 0.423415 0.021502 0.015214
0 0.285906 0.291476 0.019915 0.014636
0 0.673829 0.587895 0.022554 0.014813
0 0.369525 0.520098 0.016771 0.011785
0 0.312930 0.545624 0.019029 0.012865
0 0.494604 0.615816 0.020725 0.014879
0 0.248699 0.633704 0.018962 0.013254
0 0.205956 0.594855 0.018306 0.013519
0 0.478458 0.645756 0.018059 0.012748
0 0.708825 0.468618 0.019886 0.013799
0 0.250310 0.520742 0.018585 0.012900
0 0.145353 0.263075 0.023136 0.016972
0 0.381696 0.623903 0.022568 0.015046
0 0.441849 0.674713 0.017703 0.012096
0 0.497829 0.369643 0.017736 0.012423
0 0.347632 0.144517 0.022046 0.014066
0 0.192186 0.371242 0.027410 0.019996
0 0.449607 0.372817 0.020273 0.014265
0 0.470995 0.612540 0.019228 0.014035
0 0.206993 0.512470 0.021297 0.014574
0 0.551571 0.405883 0.020421 0.016578
0 0.272654 0.444251 0.018948 0.013709
0 0.786037 0.484550 0.020733 0.015168
0 0.473192 0.286344 0.019204 0.014644
0 0.123549 0.352503 0.020479 0.014587
0 0.244825 0.476990 0.016973 0.011609
0 0.427586 0.601807 0.015874 0.010218
0 0.430792 0.624534 0.015894 0.010947
0 0.584662 0.732048 0.023626 0.017788
0 0.710246 0.521491 0.020997 0.014968
0 0.103112 0.355223 0.019567 0.014399
0 0.484661 0.438634 0.020845 0.013133
0 0.661935 0.622734 0.024366 0.015228
0 0.265617 0.559068 0.020076 0.013464
0 0.339537 0.526941 0.023176 0.016156
0 0.400172 0.533027 0.017828 0.012349
0 0.188279 0.395928 0.030346 0.022050
0 0.726469 0.221644 0.017737 0.013959
0 0.362311 0.670014 0.030823 0.020864
0 0.437154 0.490734 0.018502 0.014013
0 0.576966 0.526749 0.020417 0.012707
0 0.250010 0.196688 0.024032 0.017127
0 0.478706 0.416933 0.022180 0.013564
0 0.467620 0.402042 0.030602 0.021802
0 0.799971 0.457894 0.019892 0.013638
0 0.370079 0.653201 0.017899 0.013088