1 0.150666 0.648996 0.056194 0.047063
1 0.559169 0.717710 0.054353 0.040741
1 0.620813 0.784762 0.055066 0.040620
1 0.523796 0.445995 0.051874 0.032784
1 0.617804 0.595707 0.047570 0.041357
0 0.263232 0.431590 0.019012 0.012921
0 0.472457 0.718532 0.016166 0.011029
0 0.305493 0.739411 0.015525 0.010551
0 0.342359 0.779941 0.017602 0.011380
0 0.379868 0.560398 0.019126 0.013626
0 0.421163 0.843650 0.016754 0.011287
1 0.726985 0.752771 0.063057 0.045337
0 0.394439 0.591381 0.017931 0.011700
0 0.111296 0.570166 0.018562 0.013026
0 0.106332 0.746835 0.017281 0.011702
0 0.353909 0.446333 0.019000 0.014361
0 0.311496 0.407983 0.018118 0.012774
0 0.328107 0.646785 0.017936 0.011474
0 0.328621 0.734067 0.016953 0.011831
0 0.265146 0.684977 0.017850 0.012756
0 0.113472 0.703440 0.017454 0.012080
0 0.383682 0.666905 0.016956 0.011505
0 0.308766 0.677585 0.016347 0.010837
0 0.148457 0.798567 0.017673 0.012432
0 0.231140 0.721572 0.018179 0.012008
0 0.527978 0.584107 0.018288 0.012839
0 0.472248 0.859448 0.018070 0.013017
0 0.446955 0.645947 0.018846 0.013136
0 0.449125 0.703211 0.016531 0.011247
1 0.409873 0.957214 0.058534 0.039278
0 0.255345 0.841879 0.018832 0.013357
0 0.228107 0.698849 0.018141 0.012624
0 0.060028 0.557539 0.018285 0.012646
0 0.058153 0.494504 0.020820 0.015415
0 0.327085 0.713911 0.016054 0.010370
0 0.369509 0.784737 0.017193 0.012115
0 0.395737 0.389978 0.016562 0.010946
1 0.705426 0.528989 0.048760 0.034769
0 0.445536 0.668615 0.017229 0.011661
0 0.219584 0.761736 0.017481 0.012534
0 0.279191 0.729061 0.016125 0.012108
0 0.377422 0.886432 0.017114 0.011466
0 0.171970 0.486805 0.021553 0.015271
0 0.336129 0.524662 0.029073 0.015884
0 0.486032 0.826400 0.016069 0.010678
0 0.170866 0.765316 0.016482 0.011152
0 0.688709 0.682818 0.014166 0.010882
1 0.593611 0.500188 0.047363 0.036345
0 0.553897 0.837896 0.018427 0.013383
0 0.546271 0.766043 0.017084 0.011515
0 0.223032 0.568997 0.027151 0.014888
0 0.420464 0.702491 0.016780 0.012047
0 0.356800 0.474285 0.019498 0.012616
0 0.057365 0.584830 0.019911 0.013858
0 0.484468 0.577363 0.015350 0.010742
1 0.748045 0.621199 0.062426 0.052818
0 0.258527 0.618214 0.017525 0.012094
0 0.355935 0.762451 0.017005 0.011322
0 0.266462 0.934277 0.018756 0.013898
0 0.313659 0.447645 0.018464 0.012427
1 0.604310 0.535081 0.042667 0.028457
0 0.342375 0.914356 0.018246 0.014119
0 0.309757 0.479137 0.025499 0.018677
0 0.022919 0.652840 0.018454 0.011088
0 0.496538 0.744093 0.015312 0.010209
0 0.324344 0.932252 0.019217 0.013919
0 0.465586 0.559088 0.015406 0.011333
0 0.388351 0.711864 0.016713 0.011670
0 0.233737 0.679318 0.016982 0.010561
0 0.515688 0.773573 0.017033 0.011620
0 0.170766 0.882886 0.017758 0.012033
0 0.302394 0.803341 0.018129 0.013028
0 0.274703 0.389670 0.016330 0.011612
0 0.377386 0.696930 0.018899 0.011372
0 0.063673 0.796131 0.016711 0.011338
0 0.552900 0.601658 0.014871 0.009959
0 0.204582 0.626941 0.017723 0.012746
0 0.364291 0.921936 0.017656 0.012927
0 0.349712 0.419344 0.015291 0.011018
0 0.602219 0.860136 0.015602 0.011582
0 0.389658 0.634075 0.019887 0.012701
0 0.204894 0.737044 0.016362 0.010432
0 0.489222 0.599493 0.017905 0.012605
0 0.503300 0.815356 0.017973 0.012183
0 0.419834 0.561675 0.018089 0.014013
0 0.340215 0.384380 0.013718 0.010749
0 0.354119 0.597290 0.015519 0.011739
0 0.417224 0.753248 0.019795 0.010647
0 0.106133 0.805279 0.016721 0.010753
0 0.681307 0.721199 0.015353 0.010689
0 0.362709 0.635253 0.017644 0.011810
0 0.418447 0.900123 0.018432 0.015660
0 0.429771 0.599178 0.019006 0.012518
0 0.284065 0.458438 0.018373 0.013204
0 0.392038 0.427142 0.016780 0.011110
0 0.380339 0.369856 0.015260 0.010820
0 0.512310 0.666449 0.015588 0.010791
0 0.515716 0.745032 0.015438 0.009511
0 0.290188 0.612782 0.018939 0.014295
0 0.493392 0.686792 0.019525 0.011893
0 0.125519 0.468062 0.018718 0.013069
0 0.114709 0.653260 0.015048 0.010290
0 0.601518 0.706170 0.015171 0.010575
0 0.522252 0.639406 0.014100 0.009195
0 0.640589 0.710398 0.014319 0.010147
0 0.571762 0.669704 0.015155 0.011040
0 0.436796 0.419566 0.020365 0.014099
0 0.507767 0.529822 0.014655 0.009977
0 0.553490 0.881409 0.023026 0.012973
0 0.716453 0.665319 0.013755 0.008671
0 0.153025 0.915228 0.016681 0.011593
1 0.599366 0.520294 0.057130 0.054970
0 0.472332 0.525985 0.015848 0.010556
0 0.089798 0.722009 0.016731 0.011881
0 0.262256 0.718561 0.015087 0.010068
0 0.040666 0.663039 0.016912 0.012666
0 0.388339 0.536710 0.019695 0.013595
0 0.553000 0.558788 0.014475 0.010298
0 0.520364 0.511049 0.014019 0.010060
0 0.086748 0.800209 0.016265 0.011580
0 0.473049 0.625789 0.020170 0.014404
0 0.326754 0.496129 0.018445 0.012656
0 0.029213 0.753774 0.016845 0.010592
0 0.410338 0.367642 0.016372 0.010733
0 0.281455 0.642126 0.017178 0.012098
0 0.473995 0.687029 0.016940 0.010160
0 0.537735 0.520879 0.013631 0.009485
0 0.470259 0.596016 0.015159 0.010665
0 0.208993 0.538371 0.018770 0.010956
0 0.347382 0.663763 0.021846 0.013270
0 0.386718 0.810015 0.017626 0.014415
0 0.645852 0.550927 0.012852 0.008313
0 0.509348 0.619634 0.016002 0.009961
0 0.204365 0.597474 0.015584 0.011180
0 0.045118 0.595336 0.019028 0.012407
0 0.328377 0.889167 0.017344 0.014330
0 0.672784 0.595109 0.014083 0.009337
0 0.490569 0.454002 0.014332 0.009612
0 0.301557 0.599375 0.020853 0.014686
0 0.008766 0.591475 0.017271 0.019447
0 0.674771 0.740310 0.013210 0.009194
0 0.475138 0.780917 0.020317 0.013164
0 0.111289 0.825678 0.018672 0.013044
0 0.685981 0.758656 0.012661 0.008466
0 0.428342 0.496342 0.018034 0.012572
0 0.661827 0.782269 0.014036 0.009481
0 0.175509 0.422094 0.031491 0.019666
0 0.431842 0.924694 0.017450 0.011610
0 0.423106 0.435306 0.014803 0.010431
0 0.044454 0.795611 0.015658 0.008736
0 0.657063 0.673277 0.014123 0.009312
0 0.611519 0.882913 0.014228 0.008878
0 0.412662 0.867366 0.014871 0.010460
0 0.178297 0.791144 0.016625 0.010286
0 0.497049 0.540030 0.013195 0.007945
0 0.100415 0.458145 0.020132 0.015150
0 0.009437 0.731913 0.018682 0.011318
0 0.527969 0.759501 0.016368 0.012157
0 0.257434 0.499610 0.016172 0.012362
0 0.475055 0.430820 0.017174 0.011999
0 0.656308 0.747333 0.012231 0.009294
0 0.660247 0.719913 0.012783 0.008844
0 0.236185 0.888734 0.017121 0.011700
0 0.235326 0.748914 0.016444 0.010651
0 0.552705 0.424896 0.014514 0.009766
0 0.462326 0.384285 0.014250 0.011140
0 0.417648 0.456073 0.022167 0.015708
0 0.498403 0.484007 0.014799 0.009966
0 0.184871 0.517624 0.022911 0.015257
0 0.287948 0.466329 0.016613 0.017091
0 0.180697 0.926649 0.018310 0.014114
0 0.347115 0.800146 0.018456 0.009297
0 0.341257 0.359428 0.013731 0.010387
0 0.699521 0.613397 0.013095 0.008586
0 0.293368 0.609095 0.031433 0.025486
0 0.349856 0.917204 0.034199 0.019649