1 0.671317 0.340323 0.051737 0.038036
1 0.326960 0.385972 0.042330 0.032832
0 0.463726 0.367718 0.023592 0.017533
0 0.634255 0.721280 0.027497 0.020286
0 0.468811 0.702283 0.026393 0.018917
0 0.496907 0.578612 0.023943 0.016688
0 0.463166 0.341750 0.024266 0.016589
0 0.342099 0.510745 0.025344 0.019499
0 0.481586 0.746295 0.028917 0.021242
0 0.647278 0.427430 0.021497 0.014830
0 0.680008 0.448302 0.021669 0.016001
0 0.488818 0.296142 0.020643 0.015778
0 0.771729 0.544541 0.020113 0.015123
0 0.445240 0.468337 0.021497 0.014755
0 0.572028 0.378304 0.020505 0.014792
0 0.418249 0.647421 0.027285 0.019115
0 0.598042 0.509188 0.024211 0.017530
0 0.347185 0.629534 0.022293 0.015774
0 0.434727 0.512910 0.023252 0.016277
0 0.446042 0.421282 0.023770 0.017412
0 0.512339 0.496140 0.023680 0.017017
0 0.310665 0.516012 0.024385 0.018121
0 0.560780 0.478029 0.023424 0.015176
0 0.615505 0.376630 0.023899 0.018271
0 0.607084 0.406958 0.020533 0.014847
0 0.251602 0.449803 0.022303 0.016303
0 0.452112 0.734557 0.027527 0.020484
0 0.665283 0.689600 0.023053 0.014444
0 0.305721 0.654239 0.025804 0.018958
0 0.551131 0.229790 0.017890 0.013614
0 0.471827 0.613078 0.021366 0.016576
0 0.584264 0.626140 0.020811 0.015002
0 0.575484 0.314013 0.021224 0.015611
0 0.407726 0.389491 0.025842 0.017148
0 0.540569 0.607318 0.025507 0.018252
0 0.443282 0.563008 0.024569 0.017922
0 0.709351 0.499126 0.020858 0.014529
0 0.257089 0.660450 0.025212 0.017826
0 0.696039 0.562409 0.022517 0.015042
0 0.551533 0.475023 0.027172 0.015335
0 0.635329 0.465181 0.025106 0.018199
0 0.801488 0.474827 0.024478 0.017282
0 0.728696 0.375277 0.019226 0.013852
0 0.606604 0.644613 0.020753 0.015867