1 0.947131 0.270741 0.051324 0.031896
1 0.616428 0.609058 0.052462 0.039226
0 0.854022 0.457334 0.024247 0.018525
0 0.505709 0.531298 0.020661 0.015109
0 0.367312 0.280425 0.024873 0.017704
0 0.337021 0.408845 0.025214 0.018923
0 0.851314 0.415075 0.020726 0.014266
0 0.754801 0.258011 0.021527 0.015788
0 0.421721 0.498522 0.019184 0.014754
0 0.774062 0.590658 0.020762 0.015752
0 0.736160 0.299404 0.023998 0.016974
0 0.340378 0.544713 0.018636 0.013005
0 0.843365 0.395166 0.021446 0.014114
0 0.581757 0.232224 0.021390 0.016153
0 0.908299 0.446113 0.023319 0.017480
0 0.643673 0.403277 0.021126 0.015689
0 0.338906 0.432727 0.018658 0.013904
0 0.612911 0.407800 0.019613 0.013267
0 0.609291 0.133604 0.027408 0.018835
0 0.588256 0.209677 0.020326 0.015577
0 0.742523 0.415394 0.019450 0.014055
0 0.339816 0.306058 0.027481 0.018295
0 0.839274 0.570868 0.019609 0.014753
0 0.259268 0.315043 0.024690 0.018188
0 0.785858 0.196734 0.021026 0.016294
0 0.869629 0.345494 0.018160 0.013224
0 0.680777 0.146719 0.020098 0.014372
0 0.724310 0.195394 0.022497 0.016423
0 0.928577 0.361116 0.019513 0.014499
0 0.551540 0.405541 0.020685 0.013970
0 0.409417 0.532615 0.020894 0.015367
0 0.725402 0.236069 0.023647 0.018328
0 0.403324 0.570133 0.018984 0.013834
0 0.549618 0.329126 0.022509 0.014152
0 0.389456 0.465042 0.019031 0.013620
0 0.894653 0.358600 0.017766 0.012508
0 0.691215 0.404766 0.020824 0.016835
0 0.804391 0.440549 0.020463 0.015281
0 0.336511 0.454312 0.017212 0.011659
0 0.813452 0.158989 0.019082 0.014544
0 0.452276 0.548572 0.019859 0.014797
0 0.636461 0.521237 0.029151 0.018215
0 0.588854 0.320428 0.020362 0.013750
0 0.776962 0.158871 0.016910 0.012070
0 0.797880 0.120539 0.017280 0.012428
0 0.706638 0.372015 0.018831 0.013081
0 0.469637 0.577353 0.021383 0.014161
0 0.787627 0.389641 0.025138 0.016749
0 0.749112 0.461512 0.019728 0.013517
0 0.680385 0.287015 0.022521 0.014027
0 0.783384 0.329895 0.022492 0.017809