1 0.107907 0.382615 0.052030 0.045237
0 0.066875 0.805433 0.018083 0.017228
0 0.586139 0.424249 0.019609 0.018911
0 0.736078 0.627331 0.019189 0.018944
0 0.299010 0.807762 0.016937 0.016106
0 0.890469 0.571671 0.020992 0.020407
0 0.245071 0.768512 0.020780 0.020871
0 0.679770 0.363261 0.020930 0.020218
0 0.613876 0.421544 0.020341 0.020969
0 0.827448 0.420029 0.017479 0.017732
0 0.771875 0.496003 0.019741 0.019554
0 0.301691 0.966161 0.017521 0.017985
0 0.697264 0.542356 0.019404 0.019173
0 0.611353 0.825119 0.015679 0.014466
0 0.858412 0.674787 0.015166 0.014862
0 0.804302 0.939508 0.013163 0.011854
0 0.276639 0.392123 0.021725 0.022306
0 0.395713 0.317370 0.018353 0.017828
0 0.148082 0.448846 0.019286 0.019396
0 0.667634 0.555955 0.017901 0.018466
0 0.303021 0.859693 0.015461 0.014898
0 0.549235 0.293993 0.020243 0.019337
0 0.276915 0.938813 0.014028 0.013457
0 0.221780 0.460554 0.019379 0.018626
0 0.669178 0.870682 0.014820 0.012830
0 0.631326 0.548592 0.018777 0.020012
0 0.579920 0.821858 0.016038 0.015729
0 0.773386 0.868808 0.012910 0.011788
0 0.823632 0.658975 0.016022 0.014934
0 0.595827 0.585419 0.018497 0.017597
0 0.692415 0.318677 0.018901 0.018459
0 0.338123 0.326503 0.020855 0.021579
0 0.329027 0.943959 0.014800 0.014219
0 0.378651 0.909488 0.015482 0.015588
0 0.312577 0.530602 0.019324 0.017138
0 0.465353 0.711469 0.015477 0.015514
0 0.631082 0.599189 0.020444 0.019091
0 0.145140 0.990455 0.015682 0.013273
0 0.701295 0.654801 0.018457 0.016850
0 0.497981 0.846493 0.018737 0.018858
0 0.332993 0.886000 0.015302 0.014739
0 0.307043 0.662543 0.014955 0.015147
0 0.572200 0.383219 0.019203 0.017253
0 0.172000 0.478443 0.016417 0.016803
0 0.622854 0.770447 0.015931 0.015504
0 0.203123 0.850343 0.021387 0.021876
0 0.684719 0.441696 0.015883 0.014594
0 0.639281 0.429174 0.015475 0.014811
0 0.183475 0.538434 0.018348 0.018157
0 0.737265 0.466809 0.026924 0.021877
0 0.520891 0.185106 0.018099 0.017891
0 0.832657 0.563383 0.015983 0.015735
0 0.705683 0.428118 0.018052 0.016572
0 0.191648 0.354492 0.016757 0.017322
0 0.624712 0.510742 0.015773 0.015640
0 0.605469 0.364176 0.019988 0.018145
0 0.193024 0.994255 0.016199 0.011489
0 0.337983 0.990474 0.014667 0.013323
0 0.791842 0.887918 0.013170 0.011955
0 0.263684 0.708805 0.015586 0.014038
0 0.560089 0.250283 0.019057 0.017220
0 0.692819 0.463211 0.016090 0.015455
0 0.777087 0.689038 0.014577 0.014377
0 0.321403 0.973092 0.016912 0.016215
0 0.626720 0.465645 0.015214 0.014635
0 0.842628 0.639950 0.015080 0.013880
0 0.141375 0.756561 0.013612 0.015008
0 0.826761 0.739445 0.014830 0.013353
0 0.218283 0.900055 0.015940 0.016480
0 0.568676 0.571901 0.017492 0.020378
0 0.150814 0.965320 0.014951 0.015945
0 0.281041 0.627651 0.015396 0.015556
0 0.292077 0.528106 0.014582 0.015256
0 0.666989 0.485717 0.026000 0.019945
0 0.703412 0.294367 0.020309 0.019631
0 0.109478 0.781050 0.021892 0.021221
0 0.100283 0.826925 0.017030 0.014010
0 0.210940 0.562246 0.016198 0.014763
0 0.729476 0.651401 0.022949 0.016482
0 0.214257 0.974958 0.015342 0.014958
0 0.337907 0.829713 0.016032 0.014666
0 0.573918 0.497018 0.016163 0.015277
0 0.852610 0.569181 0.019336 0.018177
0 0.837957 0.867384 0.015056 0.015015
0 0.470451 0.533882 0.023218 0.022665
0 0.260881 0.913705 0.016357 0.015648
0 0.794837 0.586152 0.015466 0.015536
0 0.084592 0.471851 0.015712 0.014768
0 0.500801 0.382299 0.014742 0.014315
0 0.796629 0.564025 0.016067 0.015167
1 0.615170 0.713359 0.081017 0.061078
0 0.355239 0.967930 0.018589 0.016268
0 0.268692 0.684683 0.017389 0.016994
0 0.200642 0.766913 0.015165 0.014798
0 0.614692 0.317989 0.015557 0.014865
0 0.130779 0.621292 0.019587 0.018644
0 0.423606 0.785385 0.014570 0.013720
0 0.606643 0.296095 0.017204 0.016524
0 0.410292 0.885272 0.022505 0.019454
0 0.321371 0.686709 0.014661 0.013166
0 0.829858 0.795184 0.013661 0.011535
0 0.756666 0.778939 0.015306 0.013725
0 0.203730 0.631240 0.015616 0.016010
0 0.138369 0.543299 0.013888 0.015515
0 0.366425 0.378047 0.017660 0.015928
0 0.312564 0.559200 0.019637 0.017996
0 0.903704 0.637307 0.017217 0.015272
0 0.480805 0.614933 0.020792 0.019634
0 0.591674 0.790719 0.014347 0.012324
0 0.227943 0.868508 0.014419 0.013155
0 0.862295 0.538985 0.017197 0.018781
0 0.434356 0.576904 0.018157 0.017546
0 0.762653 0.643001 0.014135 0.012479
0 0.541030 0.582300 0.014705 0.015044
0 0.398005 0.444573 0.017680 0.017867
0 0.348938 0.925056 0.016956 0.015729
0 0.458565 0.874625 0.019683 0.014544
0 0.364932 0.674657 0.023478 0.019597
0 0.456500 0.347000 0.015941 0.015207
0 0.224911 0.952939 0.013932 0.012520
0 0.636473 0.294715 0.017156 0.016137
1 0.378265 0.161431 0.042082 0.032487
0 0.450681 0.737330 0.015685 0.014789
0 0.459675 0.652567 0.015273 0.012105
0 0.779520 0.798697 0.012667 0.011608
0 0.448772 0.963641 0.014307 0.015022
0 0.409039 0.668561 0.019288 0.016954
0 0.180625 0.603784 0.014295 0.013423
0 0.689759 0.637442 0.015843 0.016675
0 0.454277 0.629605 0.016369 0.017317
0 0.555314 0.341575 0.018140 0.018903
0 0.237711 0.993455 0.012832 0.010829
0 0.491563 0.765007 0.013401 0.013061
0 0.467737 0.855233 0.021321 0.016865
0 0.761761 0.676523 0.014992 0.013681
0 0.545367 0.964551 0.013999 0.012219
0 0.278131 0.761383 0.015109 0.015341
0 0.114854 0.717859 0.012743 0.014273
0 0.236833 0.618445 0.014796 0.014458
0 0.150842 0.901801 0.015103 0.015837
0 0.338780 0.605831 0.016583 0.016714
0 0.508678 0.748374 0.016406 0.015268
0 0.704706 0.878681 0.012502 0.012343
0 0.676099 0.822185 0.012824 0.014223
0 0.643547 0.822277 0.013963 0.013093
0 0.490404 0.246556 0.018635 0.016394
0 0.757707 0.729829 0.014949 0.013114
0 0.739115 0.878751 0.011157 0.010034
0 0.483849 0.286996 0.015249 0.015327
0 0.253998 0.983834 0.015099 0.014054
0 0.427785 0.330456 0.022025 0.016701
0 0.126207 0.868537 0.016274 0.014845
0 0.741478 0.683474 0.013619 0.014875
0 0.541471 0.538622 0.019152 0.019590
0 0.734898 0.829191 0.014426 0.011053
0 0.536744 0.842661 0.014957 0.012462
0 0.619100 0.980915 0.014251 0.012813
0 0.771808 0.963770 0.013963 0.011808
0 0.605383 0.804121 0.014622 0.011949
0 0.409749 0.480787 0.017368 0.014969
0 0.206028 0.786353 0.017911 0.019576
0 0.436787 0.500992 0.019401 0.019985
0 0.081459 0.664596 0.019070 0.018526
0 0.368778 0.617618 0.016317 0.015004
0 0.654383 0.535398 0.015017 0.014171
0 0.321950 0.716545 0.017182 0.016470
0 0.750740 0.960477 0.013581 0.012574
0 0.711736 0.896100 0.012463 0.011923
0 0.528152 0.559907 0.016145 0.013482
0 0.488264 0.815141 0.013474 0.011858
0 0.380318 0.411299 0.016067 0.013819
0 0.399464 0.590798 0.014035 0.013036
0 0.656913 0.800017 0.013298 0.012007
0 0.878969 0.684594 0.014175 0.013119
0 0.524286 0.808270 0.014156 0.013785
0 0.437020 0.355816 0.017131 0.016726
0 0.463533 0.580105 0.015786 0.013561
0 0.469876 0.766483 0.017829 0.015276
0 0.170849 0.682044 0.013699 0.012301
0 0.525636 0.603281 0.014648 0.013125
0 0.352429 0.805496 0.014189 0.013352
0 0.509691 0.297056 0.014468 0.013095
0 0.875593 0.800787 0.015424 0.011845
0 0.256942 0.359743 0.015361 0.015284
0 0.052400 0.863321 0.018699 0.021546
0 0.430106 0.925598 0.013969 0.012172
0 0.263957 0.556067 0.014536 0.013279
0 0.591489 0.756739 0.016814 0.014276
0 0.178498 0.942607 0.012540 0.011010
0 0.452737 0.457157 0.016267 0.015371
0 0.464564 0.927724 0.013161 0.013375
0 0.445726 0.277295 0.015027 0.015654
0 0.386066 0.952799 0.015884 0.013669
0 0.268720 0.980455 0.015898 0.016641
1 0.247829 0.427772 0.066793 0.054732
0 0.759192 0.995869 0.015414 0.008262
0 0.295122 0.839580 0.014380 0.013413
0 0.590163 0.895535 0.011876 0.010386
0 0.521354 0.508347 0.025293 0.023875
0 0.175610 0.444497 0.014676 0.012118
0 0.231749 0.288311 0.015743 0.015459
0 0.545664 0.441929 0.016885 0.014296
0 0.215709 0.689061 0.014615 0.013241
0 0.231477 0.513102 0.015198 0.016402
0 0.305617 0.357638 0.015610 0.014178
0 0.666462 0.758747 0.012623 0.012263
0 0.177380 0.498661 0.014797 0.013363
0 0.246388 0.594282 0.015142 0.014674
0 0.546835 0.884703 0.013100 0.013481
0 0.537800 0.369593 0.015876 0.015473
0 0.203142 0.743088 0.015882 0.015677
0 0.505143 0.216403 0.018024 0.017489
0 0.324125 0.635206 0.017121 0.016800
0 0.358512 0.251162 0.015890 0.019687
0 0.158050 0.701832 0.012900 0.010664
0 0.184071 0.297550 0.018163 0.019308
0 0.351139 0.488622 0.021010 0.022481