0 0.539528 0.491260 0.016614 0.011367
0 0.523129 0.751491 0.017569 0.012202
0 0.392590 0.620946 0.018372 0.012678
0 0.572843 0.406897 0.014751 0.011100
0 0.509080 0.676536 0.024261 0.015869
0 0.526634 0.465740 0.019290 0.014030
0 0.428584 0.587884 0.018973 0.012680
0 0.336841 0.773798 0.021602 0.016238
0 0.467621 0.371520 0.017278 0.012786
0 0.438110 0.733209 0.019386 0.014704
0 0.381155 0.656958 0.017244 0.011414
0 0.472218 0.706098 0.017552 0.012042
0 0.604191 0.643806 0.016079 0.009856
0 0.663452 0.491358 0.024885 0.016836
0 0.650630 0.689414 0.017077 0.011792
0 0.439407 0.418714 0.017320 0.011489
0 0.417624 0.682993 0.018179 0.011457
0 0.410177 0.551311 0.018062 0.012398
0 0.612367 0.660369 0.019304 0.014012
0 0.448323 0.388224 0.019921 0.012141
0 0.675118 0.602582 0.018685 0.013370
0 0.594716 0.437721 0.015565 0.010363
0 0.628831 0.437985 0.016887 0.011617
0 0.662051 0.449972 0.016769 0.010708
0 0.647287 0.671285 0.016929 0.012403
0 0.588167 0.594593 0.020343 0.013897
0 0.339035 0.798044 0.018987 0.012842
0 0.534503 0.426538 0.017270 0.012156
0 0.360344 0.557514 0.016703 0.010920
0 0.503896 0.383232 0.016565 0.012449
0 0.616381 0.391769 0.017061 0.011870
0 0.187677 0.615300 0.017763 0.012451
0 0.356715 0.727734 0.016423 0.012963
0 0.422560 0.832820 0.018266 0.013947
0 0.482839 0.479094 0.019020 0.014631
0 0.352046 0.524713 0.017617 0.016103
0 0.366526 0.707597 0.019088 0.013716
0 0.482605 0.671284 0.017951 0.013034
0 0.497811 0.740516 0.016465 0.010345
0 0.422091 0.877096 0.028264 0.019230
0 0.642469 0.626874 0.016941 0.012630
0 0.433857 0.540955 0.017102 0.012050
0 0.631848 0.605057 0.018067 0.011695
0 0.446470 0.849957 0.021534 0.014116
0 0.571888 0.746815 0.017183 0.011371
0 0.671934 0.755865 0.023072 0.015055
0 0.423356 0.618008 0.017187 0.011283
0 0.756531 0.419749 0.016546 0.012615
0 0.579438 0.486996 0.018174 0.013198
0 0.673122 0.578427 0.015396 0.010707
0 0.548004 0.510302 0.016357 0.011208
0 0.443202 0.710074 0.015496 0.010848
0 0.650788 0.651713 0.021969 0.011883
0 0.149096 0.569297 0.021052 0.015484
0 0.516029 0.802637 0.017273 0.012951
0 0.718190 0.521955 0.017503 0.012583
0 0.385373 0.531757 0.015984 0.011641
0 0.635462 0.465834 0.016530 0.011974
0 0.556795 0.733117 0.016132 0.010724
0 0.406943 0.365764 0.017544 0.012774
0 0.680704 0.627418 0.017214 0.011587
0 0.613318 0.622136 0.015783 0.010592
0 0.642239 0.573378 0.016199 0.010056
0 0.722606 0.676893 0.021861 0.015862
0 0.569445 0.714423 0.016078 0.012062
0 0.594080 0.620092 0.017140 0.011535
0 0.462221 0.510213 0.021670 0.013673
0 0.428325 0.667742 0.016721 0.011687
0 0.521946 0.409275 0.013023 0.009245
0 0.622430 0.355617 0.019011 0.013206
0 0.603131 0.737692 0.017924 0.012404
0 0.361527 0.833061 0.027225 0.016638
0 0.599567 0.506008 0.016649 0.011869
0 0.624247 0.524768 0.021098 0.011786
0 0.482320 0.764673 0.019468 0.012522
0 0.353144 0.679978 0.014712 0.010188
0 0.418098 0.650261 0.018349 0.010192
0 0.782048 0.608298 0.019276 0.013704
0 0.438381 0.437489 0.018817 0.013213
0 0.281945 0.653493 0.017016 0.011745
0 0.706556 0.539671 0.015671 0.010912
0 0.639559 0.782301 0.017503 0.013838
0 0.691076 0.472134 0.017949 0.012807
0 0.484888 0.523096 0.017422 0.012006
0 0.595692 0.398034 0.014397 0.010844
0 0.556992 0.455186 0.015141 0.009888
0 0.566501 0.359976 0.014101 0.011980
0 0.533499 0.736444 0.017578 0.010500
0 0.455556 0.823508 0.016445 0.011245
0 0.384994 0.439608 0.019243 0.016002
0 0.185645 0.543139 0.016942 0.012479
0 0.298400 0.596344 0.018720 0.012812
0 0.472101 0.735082 0.015461 0.011352
0 0.595993 0.702834 0.016960 0.010682
0 0.627308 0.677417 0.016890 0.010750
0 0.751693 0.571699 0.016330 0.011638
0 0.424154 0.638233 0.018121 0.014325
0 0.588716 0.557640 0.014069 0.011104
0 0.356766 0.751043 0.015945 0.013101
0 0.623656 0.425701 0.015755 0.011188
0 0.592051 0.535133 0.014638 0.009775
0 0.449802 0.442171 0.018014 0.010852
0 0.460992 0.650708 0.016581 0.013529
0 0.163553 0.535442 0.018313 0.013219
0 0.380152 0.519476 0.017218 0.011791
0 0.544133 0.536235 0.023400 0.011018
0 0.450477 0.685925 0.014672 0.010533
0 0.686987 0.439678 0.014606 0.010864
0 0.748608 0.600699 0.017420 0.014149
0 0.598025 0.467446 0.016494 0.012484
0 0.333832 0.423551 0.016631 0.013802
0 0.410943 0.408949 0.016972 0.014555
0 0.522977 0.719798 0.017032 0.011039
0 0.552555 0.375459 0.015788 0.010318
0 0.272460 0.415043 0.017611 0.012017
0 0.339932 0.610346 0.016248 0.013235
0 0.688550 0.513778 0.020886 0.014599
0 0.181785 0.501901 0.018559 0.013119
0 0.639704 0.760688 0.016897 0.011343
0 0.580410 0.734821 0.019361 0.009354
0 0.511901 0.445267 0.013586 0.009965
0 0.517856 0.515280 0.016803 0.010917
0 0.529281 0.690968 0.013795 0.009754
0 0.454590 0.802141 0.017423 0.011975
0 0.735200 0.554920 0.019814 0.013591
0 0.375990 0.673273 0.014432 0.008904
0 0.446381 0.473050 0.017701 0.010567
0 0.650652 0.410844 0.017361 0.013286
0 0.613714 0.546030 0.015149 0.010093
0 0.748690 0.456212 0.015693 0.011104
0 0.700116 0.742884 0.021302 0.013285
0 0.631290 0.522206 0.019208 0.010784
0 0.628065 0.712158 0.017988 0.015148
0 0.424035 0.387886 0.014520 0.009198
0 0.729232 0.457875 0.015810 0.011623
0 0.302824 0.416334 0.015662 0.012050
0 0.741649 0.635593 0.018602 0.013020
0 0.667256 0.706145 0.018901 0.012471
0 0.569240 0.700384 0.014956 0.010781
0 0.450429 0.670935 0.014343 0.009901
0 0.599430 0.756054 0.016594 0.009991
0 0.687234 0.558582 0.018901 0.011926
0 0.546700 0.373802 0.017490 0.010386
0 0.551439 0.759634 0.018055 0.011392
0 0.437368 0.366676 0.014200 0.011724
0 0.486912 0.823964 0.020226 0.017937
0 0.613766 0.582592 0.015738 0.009955
0 0.774995 0.477607 0.017912 0.013558