1 0.357775 0.602262 0.054780 0.038849
1 0.211289 0.471060 0.069341 0.044157
1 0.745521 0.565635 0.056750 0.043959
1 0.429928 0.817570 0.053566 0.042460
1 0.288187 0.445721 0.043141 0.031228
1 0.174373 0.677346 0.050351 0.034972
1 0.270475 0.875967 0.053535 0.041279
1 0.325476 0.772487 0.036980 0.026026
1 0.724070 0.459069 0.052267 0.039153
1 0.577541 0.610627 0.039893 0.028605
1 0.274885 0.351727 0.064460 0.047822
1 0.415832 0.430692 0.106342 0.080006
1 0.376358 0.755785 0.056183 0.041403
1 0.467782 0.858146 0.061883 0.044048
0 0.305071 0.559417 0.017332 0.012855
1 0.534371 0.510800 0.053147 0.041114
1 0.267721 0.826245 0.055064 0.034075
1 0.664290 0.387286 0.042694 0.031321
1 0.528330 0.328161 0.055846 0.034540
1 0.632281 0.735573 0.044354 0.028911
1 0.480966 0.604847 0.053939 0.031576
1 0.328270 0.820254 0.056058 0.038949
1 0.659769 0.445117 0.040739 0.027857
1 0.451700 0.570491 0.052316 0.033992
1 0.608090 0.793154 0.069467 0.046544
1 0.609956 0.678580 0.058999 0.031982
1 0.328908 0.689408 0.063177 0.033755
0 0.395918 0.694219 0.013935 0.009709
0 0.217662 0.511711 0.020229 0.013656
0 0.397377 0.522477 0.016348 0.010861
0 0.422070 0.544706 0.014523 0.010846
1 0.428114 0.316832 0.055001 0.030903
0 0.647419 0.533229 0.015178 0.011060
1 0.137334 0.481742 0.069200 0.042267
0 0.547855 0.466150 0.021594 0.013543
1 0.129464 0.808376 0.028037 0.026020
0 0.289905 0.706131 0.013808 0.010969
1 0.508993 0.582542 0.071197 0.047088
0 0.721350 0.523540 0.021142 0.014080
0 0.362062 0.555082 0.015968 0.011425
0 0.385274 0.623876 0.015167 0.011291
0 0.299381 0.606484 0.015508 0.010703
0 0.237251 0.727473 0.013494 0.008660
1 0.276545 0.793893 0.057895 0.030843
0 0.558882 0.425191 0.020302 0.013899
0 0.296509 0.609168 0.014767 0.009455
1 0.680503 0.842829 0.040579 0.028036
0 0.195471 0.545022 0.015425 0.010537
1 0.501571 0.711956 0.106867 0.056679
0 0.406416 0.782608 0.014305 0.010497
1 0.746617 0.714373 0.042592 0.028543
0 0.516224 0.438877 0.015904 0.010444
0 0.457193 0.479413 0.014410 0.009750
1 0.490890 0.595754 0.066408 0.053023
0 0.114358 0.611891 0.022692 0.014699
0 0.222865 0.814257 0.013366 0.008768
1 0.293303 0.803514 0.038926 0.029448
0 0.320999 0.714784 0.015060 0.009669
0 0.558454 0.376459 0.015128 0.011300
1 0.687698 0.723752 0.048698 0.031180
0 0.536957 0.397625 0.016712 0.013181
0 0.643172 0.417153 0.020212 0.012145
1 0.719215 0.713210 0.101903 0.046396
1 0.274082 0.812675 0.057615 0.050052
0 0.652616 0.504657 0.013382 0.009309
0 0.203176 0.706952 0.019373 0.011478
0 0.428608 0.508889 0.013296 0.009863
0 0.220344 0.629274 0.014353 0.009598
0 0.370083 0.382702 0.013932 0.010668
0 0.710093 0.594592 0.020812 0.012891
0 0.304703 0.604305 0.014141 0.009868
0 0.321388 0.851875 0.014065 0.009102
0 0.284918 0.665137 0.014382 0.009298
0 0.455594 0.685514 0.017698 0.009340