1 0.762243 0.466998 0.039412 0.030190
0 0.220205 0.673010 0.020095 0.015208
0 0.106153 0.480334 0.022214 0.015134
0 0.262605 0.290423 0.023067 0.017132
0 0.273475 0.561128 0.018776 0.013021
1 0.301318 0.442853 0.036007 0.026270
0 0.313379 0.672115 0.020111 0.014553
0 0.371820 0.657757 0.018362 0.013696
1 0.465239 0.487606 0.037259 0.027947
0 0.130593 0.590250 0.017106 0.012248
0 0.515277 0.488861 0.021627 0.014683
0 0.383807 0.352364 0.022468 0.015369
0 0.220022 0.305609 0.018091 0.013510
0 0.427414 0.427487 0.017169 0.011923
0 0.449012 0.359429 0.019153 0.014799
0 0.465402 0.257069 0.017976 0.012677
0 0.128975 0.436355 0.022412 0.015967
0 0.302860 0.287682 0.017339 0.012303
0 0.244088 0.453993 0.018380 0.012840
0 0.253910 0.539880 0.017559 0.011672
0 0.406309 0.279045 0.019689 0.015740
0 0.334626 0.753916 0.026532 0.019229
0 0.076993 0.503285 0.017915 0.011715
0 0.587295 0.628236 0.015902 0.012030
0 0.250376 0.421953 0.017848 0.014166
0 0.267702 0.461035 0.016322 0.011929
0 0.133279 0.391677 0.015507 0.011309
0 0.094794 0.385902 0.017839 0.013528
0 0.605942 0.512457 0.024303 0.018959
0 0.645673 0.623575 0.016846 0.011750
0 0.716196 0.456254 0.019158 0.012107
0 0.278155 0.396243 0.029544 0.023188
0 0.413685 0.522240 0.018970 0.013241
0 0.332599 0.645517 0.019933 0.014031
0 0.572538 0.366583 0.015676 0.011493
0 0.470727 0.576417 0.017634 0.013208
0 0.397508 0.744162 0.022062 0.016406
0 0.354425 0.328650 0.017186 0.011822
0 0.158058 0.472476 0.026249 0.017398