1 0.192617 0.785319 0.055588 0.045230
1 0.394891 0.632874 0.052147 0.037447
1 0.670537 0.423650 0.053429 0.035461
0 0.610281 0.853145 0.021401 0.014162
0 0.606134 0.892977 0.025368 0.019140
0 0.630855 0.832811 0.019088 0.013359
0 0.549268 0.522480 0.024320 0.016230
0 0.435850 0.399743 0.024577 0.018590
0 0.847825 0.520669 0.023879 0.018108
0 0.574618 0.392975 0.018733 0.013766
0 0.758878 0.756728 0.018498 0.013607
0 0.830643 0.545411 0.021528 0.016088
0 0.739609 0.685607 0.022150 0.015335
0 0.609996 0.746644 0.020491 0.014612
0 0.717465 0.872056 0.018872 0.013863
0 0.534839 0.385447 0.019917 0.016602
0 0.430236 0.670688 0.028274 0.021118
0 0.755815 0.665455 0.018595 0.011010
0 0.680661 0.790870 0.018893 0.012870
0 0.280905 0.787943 0.019407 0.013637
0 0.548208 0.494737 0.024017 0.016648
0 0.305603 0.836474 0.020894 0.015517
0 0.637502 0.512994 0.020765 0.015858
0 0.374097 0.763002 0.021625 0.014399
0 0.545343 0.446228 0.024803 0.018455
0 0.790039 0.773299 0.019918 0.016020
0 0.600520 0.502136 0.022027 0.014616
0 0.569657 0.747836 0.018445 0.013949
0 0.502560 0.528664 0.019925 0.014393
0 0.661999 0.476294 0.018810 0.012611
0 0.699471 0.737870 0.021381 0.015805
0 0.576948 0.720980 0.018729 0.013768
0 0.593384 0.827363 0.017113 0.011044
0 0.785699 0.796123 0.017296 0.011980
0 0.489153 0.851905 0.021493 0.014170
0 0.383836 0.723234 0.020688 0.014815
0 0.787165 0.564485 0.018506 0.014172
0 0.239022 0.557940 0.018693 0.013702
0 0.797443 0.515608 0.018300 0.012116
0 0.512064 0.831553 0.017970 0.011375
0 0.769604 0.584685 0.019102 0.013349
0 0.492080 0.920455 0.025669 0.017971
0 0.354258 0.394854 0.035871 0.023125
0 0.704759 0.664040 0.017609 0.011009
0 0.663951 0.653193 0.022370 0.012952
0 0.347699 0.807903 0.020235 0.014774
0 0.649975 0.894865 0.023752 0.018394
0 0.709657 0.573302 0.026480 0.018369
0 0.218881 0.490857 0.018595 0.013123
0 0.313066 0.538095 0.029534 0.022373
0 0.343057 0.621314 0.020466 0.014796
0 0.535225 0.826393 0.024276 0.017253
0 0.230264 0.696609 0.020578 0.013996
0 0.786672 0.708258 0.021486 0.013762
0 0.839523 0.615276 0.017468 0.011072
0 0.492112 0.888316 0.020102 0.013091
0 0.328818 0.494608 0.019264 0.013853
0 0.751037 0.802685 0.018576 0.012270
0 0.583468 0.788509 0.029332 0.017696
0 0.751986 0.828662 0.016053 0.010706
0 0.334517 0.753979 0.016647 0.010921
0 0.378331 0.781200 0.018643 0.013209
0 0.187598 0.673983 0.028512 0.017382
0 0.274874 0.704616 0.025060 0.015660
0 0.330473 0.424421 0.020068 0.014595
0 0.213024 0.659933 0.018561 0.012906
0 0.294972 0.677508 0.018787 0.013003
0 0.504576 0.578119 0.020046 0.013620
0 0.711999 0.694239 0.017583 0.010501
0 0.259462 0.804906 0.016220 0.009838
0 0.534000 0.639448 0.018811 0.012164
0 0.488951 0.801395 0.014695 0.010889
0 0.530273 0.413044 0.020445 0.014112
0 0.668092 0.677328 0.017474 0.011136
0 0.620755 0.403411 0.015733 0.010503
0 0.256952 0.460850 0.021445 0.014414
0 0.515413 0.903321 0.026798 0.018343
0 0.223341 0.764396 0.016867 0.010384
0 0.235622 0.464228 0.027891 0.014060
0 0.691349 0.465248 0.018270 0.011311
0 0.456374 0.361841 0.017737 0.013210
0 0.759847 0.562009 0.017658 0.013217
0 0.705450 0.392000 0.016195 0.011618
0 0.421906 0.729753 0.017203 0.010784
0 0.623144 0.878817 0.020428 0.011771
0 0.453066 0.741525 0.016758 0.013070
0 0.797068 0.691526 0.017687 0.011454
0 0.390425 0.883383 0.017684 0.012793
0 0.732580 0.846260 0.015277 0.010519
0 0.256645 0.445708 0.016777 0.014618