0 0.633068 0.505408 0.022251 0.016744
1 0.498934 0.825112 0.060099 0.044473
0 0.505717 0.478906 0.026621 0.016928
0 0.551900 0.618470 0.024380 0.017513
0 0.579423 0.399219 0.021376 0.015538
0 0.304632 0.332483 0.033694 0.024291
1 0.672558 0.317199 0.057873 0.032519
0 0.137850 0.522382 0.017929 0.012505
0 0.395502 0.640670 0.020065 0.014744
1 0.124494 0.619225 0.037064 0.026197
0 0.606654 0.600666 0.021781 0.015295
0 0.590861 0.514020 0.035269 0.018474
0 0.675065 0.354945 0.017803 0.012814
0 0.712883 0.422269 0.017502 0.012189
0 0.433820 0.480513 0.025770 0.016722
0 0.211595 0.758648 0.013679 0.009623
0 0.295121 0.469982 0.022485 0.017742
0 0.643067 0.712586 0.016138 0.010262
0 0.721259 0.680692 0.018350 0.012940
0 0.108352 0.514795 0.016901 0.011521
0 0.517648 0.403473 0.024725 0.018053
0 0.388083 0.603143 0.033188 0.021888
0 0.584717 0.750908 0.020598 0.015636
0 0.527795 0.580669 0.032960 0.020479
0 0.467765 0.417347 0.032007 0.022513
0 0.389416 0.355344 0.025246 0.021576
0 0.572200 0.683518 0.023671 0.016806
0 0.553924 0.326389 0.024766 0.017603
0 0.388186 0.765528 0.020288 0.014372
0 0.171886 0.563758 0.025046 0.016609
0 0.333778 0.429317 0.022228 0.015394
0 0.569849 0.428811 0.016918 0.011455
0 0.595824 0.334421 0.017030 0.012207
0 0.413078 0.528086 0.020622 0.016520
0 0.545215 0.572592 0.034638 0.019668
0 0.409787 0.807725 0.030736 0.023079
0 0.578480 0.488879 0.017428 0.012710
0 0.410866 0.434802 0.021856 0.015164
0 0.745859 0.416355 0.016753 0.012568
0 0.112247 0.474368 0.024599 0.016146
0 0.281983 0.272117 0.029193 0.019307
0 0.747969 0.472814 0.018078 0.013750
0 0.277231 0.666724 0.018466 0.013812
0 0.387598 0.492594 0.022877 0.015918
0 0.644625 0.451692 0.022195 0.018026
0 0.652776 0.666968 0.022440 0.012353