1 0.198613 0.495467 0.070736 0.056919
1 0.422346 0.702901 0.055649 0.042120
1 0.299491 0.435097 0.040411 0.028038
0 0.382083 0.255367 0.021592 0.014085
0 0.352119 0.540849 0.017825 0.012122
0 0.531070 0.375675 0.018465 0.012745
1 0.385059 0.511493 0.036793 0.029220
0 0.645600 0.516828 0.017432 0.011846
0 0.601481 0.368259 0.020231 0.014495
0 0.515175 0.290694 0.024703 0.017367
0 0.505080 0.552866 0.016470 0.010967
0 0.544922 0.424208 0.019671 0.013739
0 0.665354 0.272443 0.022339 0.015056
0 0.571544 0.272899 0.019912 0.015385
0 0.418955 0.551113 0.018895 0.012883
0 0.264576 0.674804 0.017420 0.012099
0 0.479982 0.324031 0.020711 0.015429
0 0.316278 0.454702 0.015561 0.010796
0 0.632078 0.604395 0.018789 0.013810
0 0.613418 0.425517 0.019794 0.013899
0 0.322050 0.376388 0.024164 0.018704
0 0.630636 0.652600 0.019917 0.013612
0 0.404373 0.413849 0.019547 0.012281
0 0.508966 0.246645 0.021962 0.016315
0 0.474513 0.657260 0.021087 0.014993
0 0.405521 0.280848 0.018554 0.013899
0 0.485924 0.421931 0.021875 0.014821
0 0.456865 0.395758 0.018264 0.012724
0 0.443283 0.203169 0.016493 0.010854
0 0.646984 0.466091 0.024056 0.014654
0 0.734589 0.311390 0.019706 0.014503
0 0.590261 0.522841 0.019773 0.013123
0 0.622295 0.551887 0.015849 0.011275
0 0.386835 0.386305 0.017396 0.013055
0 0.469979 0.188314 0.017446 0.012448
0 0.286440 0.251049 0.023768 0.017614
0 0.672111 0.303227 0.017944 0.012775
0 0.579206 0.565108 0.017093 0.011454
0 0.394375 0.221196 0.017527 0.012514
0 0.423414 0.232125 0.016490 0.011703
0 0.462041 0.497549 0.019599 0.014832
0 0.148353 0.322849 0.020427 0.015680
0 0.092868 0.375546 0.018398 0.011632
0 0.085508 0.346220 0.021516 0.016072
0 0.330279 0.230610 0.023775 0.017007
0 0.390154 0.683348 0.016596 0.011403
0 0.602566 0.456401 0.014412 0.010221
0 0.789596 0.522517 0.018106 0.012532
0 0.240151 0.530483 0.015327 0.010525
0 0.413187 0.518732 0.017721 0.012430
0 0.451079 0.241053 0.014778 0.010850
0 0.234088 0.578815 0.014710 0.009454
0 0.761900 0.514620 0.020181 0.012680
0 0.220503 0.383829 0.018442 0.014149
0 0.468034 0.516247 0.018550 0.012098
0 0.327455 0.258704 0.018917 0.012883
0 0.646593 0.292725 0.018363 0.012226
0 0.180858 0.313234 0.018348 0.011795
0 0.292964 0.709478 0.021505 0.014712
0 0.524798 0.439726 0.028197 0.013798
0 0.288113 0.682640 0.017488 0.011232
0 0.686928 0.491660 0.014379 0.010199
0 0.620716 0.622118 0.017088 0.010951
0 0.716046 0.376800 0.016811 0.011718
0 0.504611 0.575930 0.015477 0.011169
0 0.664170 0.640098 0.018476 0.011992
0 0.741202 0.364224 0.017372 0.011883
0 0.555787 0.719583 0.026449 0.018331
0 0.516049 0.669979 0.018381 0.012712
0 0.659997 0.592298 0.017501 0.012555
0 0.539051 0.536721 0.014085 0.009992
0 0.117625 0.355538 0.017839 0.012231
0 0.226724 0.428034 0.016991 0.011480
0 0.204657 0.414042 0.016491 0.011349
0 0.250644 0.444104 0.020398 0.015699
0 0.143590 0.453336 0.017789 0.011731
0 0.699111 0.339176 0.021989 0.014296
0 0.796392 0.449669 0.018444 0.013034
0 0.519547 0.588305 0.017063 0.011429
0 0.544835 0.646843 0.015637 0.010952
0 0.420711 0.434587 0.013766 0.009473
0 0.394268 0.759275 0.021786 0.014840
0 0.224589 0.267375 0.023420 0.017023
0 0.693143 0.457235 0.019617 0.013638
0 0.369439 0.413207 0.016481 0.010867
0 0.346461 0.585673 0.017366 0.013045
0 0.594663 0.206241 0.018518 0.012879
0 0.579511 0.391512 0.016316 0.010463
0 0.502491 0.650178 0.016752 0.011080
0 0.406453 0.571459 0.017090 0.011012
0 0.442934 0.182262 0.015993 0.011308
0 0.178270 0.414991 0.014876 0.010012
0 0.488826 0.590348 0.016524 0.010607
0 0.077015 0.416306 0.016781 0.011900
0 0.240962 0.562619 0.016430 0.011086
0 0.459086 0.576907 0.017004 0.011783
0 0.745006 0.497439 0.016088 0.010919
0 0.091566 0.471233 0.015657 0.010622
0 0.142239 0.557036 0.014778 0.010441
0 0.306056 0.696547 0.014735 0.009668
0 0.583336 0.238293 0.016852 0.011650
0 0.729234 0.420874 0.015959 0.011504
0 0.125689 0.518107 0.017228 0.012685
0 0.659813 0.574848 0.015875 0.010695
0 0.538995 0.581728 0.015407 0.010735
0 0.413131 0.595149 0.016761 0.011638
0 0.146915 0.621837 0.014795 0.009365
0 0.199856 0.248469 0.025453 0.018107
0 0.169213 0.627729 0.016024 0.011100
0 0.793837 0.556607 0.017870 0.012370
0 0.264153 0.476798 0.021871 0.012253
0 0.424077 0.397778 0.017483 0.010721
0 0.643957 0.333120 0.021039 0.013718
0 0.116538 0.573280 0.013210 0.009286
0 0.367313 0.286848 0.017911 0.012062
0 0.319542 0.656278 0.017544 0.010530
0 0.680459 0.556348 0.018310 0.013881
0 0.187865 0.559284 0.014173 0.010433
0 0.668032 0.350630 0.019347 0.014465
0 0.732275 0.526001 0.017069 0.013115
0 0.598007 0.746338 0.020985 0.014437
0 0.827915 0.442899 0.019619 0.014758
0 0.269138 0.334096 0.016667 0.012442
0 0.104484 0.553233 0.014156 0.010263
0 0.161598 0.290990 0.018714 0.012971
0 0.272211 0.225731 0.015702 0.010697
0 0.357786 0.636536 0.016126 0.011340
0 0.378288 0.476373 0.013769 0.010581
0 0.358408 0.227328 0.015791 0.010913
0 0.736436 0.587113 0.015736 0.011582
0 0.493341 0.396502 0.017016 0.010918
0 0.736065 0.288936 0.020430 0.014343
0 0.646946 0.582413 0.017645 0.011359
0 0.266969 0.623935 0.016455 0.011360
0 0.319218 0.514473 0.014774 0.010231
0 0.388410 0.443947 0.015427 0.012079
0 0.713092 0.663294 0.016442 0.012037
0 0.605336 0.494816 0.037520 0.018319
0 0.646891 0.495207 0.013631 0.009701
0 0.292122 0.650808 0.016807 0.010630
0 0.701237 0.361552 0.018159 0.012625
0 0.747016 0.564930 0.015449 0.009648
0 0.495688 0.352021 0.014850 0.009947
0 0.218041 0.535716 0.014695 0.010119
0 0.685575 0.509668 0.013264 0.010632
0 0.172080 0.614100 0.017298 0.011278
0 0.412548 0.370234 0.015211 0.011341
0 0.113350 0.589939 0.017108 0.011115
0 0.114340 0.376165 0.016837 0.011008
0 0.644326 0.237325 0.016471 0.013890
0 0.069087 0.476920 0.015153 0.010213
0 0.088381 0.430506 0.014428 0.010026
0 0.196005 0.451277 0.017911 0.015649
0 0.289863 0.380761 0.017091 0.015844
0 0.470880 0.464791 0.013717 0.009422
0 0.770320 0.531702 0.016769 0.010151
0 0.200555 0.589146 0.015923 0.014402
0 0.778214 0.410357 0.015250 0.010417
0 0.081245 0.498115 0.012522 0.009375
0 0.828070 0.379778 0.019030 0.013538
0 0.286300 0.284465 0.017168 0.013101
0 0.429681 0.465530 0.013536 0.009113
0 0.336100 0.477364 0.013181 0.009491
0 0.203436 0.303278 0.018387 0.012383
0 0.319230 0.330327 0.015549 0.010608
0 0.123620 0.604750 0.013250 0.008772
0 0.289248 0.394954 0.017562 0.015135
0 0.652711 0.614993 0.014791 0.008872
0 0.461761 0.671812 0.014869 0.009319
0 0.201747 0.551121 0.014789 0.012163
0 0.456691 0.777952 0.025063 0.020139