1 0.532943 0.573151 0.049780 0.036418
1 0.470639 0.446600 0.050936 0.033999
1 0.764435 0.641667 0.050049 0.030677
1 0.364742 0.704121 0.037171 0.027069
1 0.509344 0.377781 0.045489 0.036036
1 0.130795 0.626503 0.052957 0.033966
0 0.497794 0.525103 0.017576 0.012516
0 0.560180 0.843589 0.016974 0.011382
0 0.275960 0.595167 0.015664 0.010221
0 0.437754 0.521810 0.018852 0.013213
0 0.267951 0.372311 0.016739 0.013229
0 0.361528 0.666909 0.018180 0.012009
0 0.381620 0.771559 0.014608 0.010517
1 0.209122 0.469150 0.038123 0.028487
0 0.503996 0.783609 0.017863 0.012564
0 0.317949 0.372766 0.019278 0.013800
0 0.357255 0.441878 0.018050 0.011839
0 0.294074 0.563893 0.016049 0.010673
0 0.428880 0.414115 0.015556 0.010471
0 0.455503 0.658193 0.018512 0.011190
0 0.174676 0.537787 0.016509 0.011102
0 0.426219 0.546462 0.016683 0.010586
0 0.154642 0.426393 0.017915 0.011549
0 0.713592 0.554901 0.017877 0.012016
0 0.217968 0.743956 0.015520 0.011057
0 0.727428 0.471499 0.018808 0.014106
0 0.326592 0.638275 0.015036 0.009631
0 0.414726 0.479211 0.017088 0.011665
0 0.610508 0.691482 0.019696 0.013796
0 0.627783 0.450779 0.018749 0.012236
0 0.296122 0.692161 0.017012 0.011493
0 0.395389 0.678688 0.017879 0.011800
0 0.647676 0.523332 0.018760 0.013041
0 0.330187 0.753143 0.016407 0.010854
0 0.616367 0.466861 0.018254 0.011187
0 0.174905 0.387105 0.017931 0.012173
0 0.282312 0.518764 0.015992 0.010144
0 0.360439 0.620867 0.018432 0.012204
0 0.438041 0.751724 0.014708 0.009290
0 0.096362 0.491593 0.020263 0.014446
0 0.588837 0.475791 0.017551 0.011712
0 0.253787 0.557397 0.015199 0.010666
0 0.261608 0.502475 0.017601 0.011832
0 0.322082 0.493404 0.015679 0.011637
0 0.669745 0.524922 0.018389 0.012730
0 0.420373 0.608495 0.021577 0.014244
0 0.268227 0.651520 0.014634 0.010271
0 0.250950 0.338962 0.018549 0.014076
0 0.229661 0.504125 0.014616 0.010216
0 0.473767 0.474441 0.017769 0.012197
0 0.135023 0.455484 0.018100 0.013335
0 0.233188 0.437619 0.016837 0.010903
0 0.745475 0.490052 0.018604 0.012135
0 0.357964 0.474670 0.019877 0.013374
0 0.512920 0.724903 0.017225 0.011814
0 0.282730 0.326011 0.018217 0.011572
0 0.484080 0.698177 0.018022 0.012371
0 0.267073 0.436685 0.015302 0.010856
0 0.634288 0.796461 0.016596 0.013018
0 0.306019 0.731029 0.015487 0.011118
0 0.692976 0.468635 0.016863 0.013140
0 0.256480 0.742163 0.016229 0.011358
0 0.328578 0.511757 0.016451 0.010914
0 0.382118 0.455863 0.017858 0.013391
0 0.493461 0.711541 0.017150 0.011470
0 0.384928 0.568306 0.016389 0.012087
0 0.127089 0.493311 0.015097 0.010924
0 0.242796 0.717824 0.015427 0.010800
0 0.429826 0.363451 0.016218 0.011442
0 0.379259 0.895152 0.022046 0.015828
0 0.245298 0.463820 0.015513 0.009780
0 0.540003 0.709475 0.015809 0.011307
0 0.346859 0.821899 0.014322 0.008683
0 0.490961 0.842241 0.021587 0.017714
0 0.450864 0.857097 0.018256 0.013648
0 0.567480 0.713553 0.018352 0.012169
0 0.238074 0.761692 0.015490 0.010114
0 0.245390 0.538034 0.013788 0.009778
0 0.394816 0.348695 0.016220 0.012180
0 0.483188 0.740673 0.014697 0.009041
0 0.248138 0.631522 0.014325 0.010175
0 0.385833 0.426062 0.020432 0.015594
0 0.476582 0.796708 0.017914 0.011366
0 0.672577 0.439234 0.014771 0.009500
0 0.305848 0.612166 0.014089 0.009528
0 0.183701 0.816265 0.017228 0.010924
0 0.350133 0.384202 0.019234 0.013045
0 0.397820 0.628556 0.019464 0.011631
0 0.032536 0.578965 0.015507 0.010222
0 0.630143 0.421159 0.018712 0.011562
0 0.546411 0.731900 0.020347 0.013348
0 0.514099 0.474428 0.016021 0.012971
0 0.099178 0.688579 0.013929 0.009302
0 0.578118 0.540052 0.015136 0.010862
0 0.180490 0.581104 0.015818 0.009911
0 0.194925 0.665350 0.014435 0.009773
0 0.487905 0.760275 0.015940 0.010160
0 0.692632 0.492408 0.014476 0.010299
0 0.258640 0.826589 0.015859 0.011047
0 0.436197 0.348444 0.013389 0.009937
0 0.508846 0.762036 0.015554 0.009999
0 0.139292 0.761735 0.014410 0.009759
0 0.467034 0.842818 0.017026 0.010448
0 0.460019 0.772856 0.016250 0.012244
0 0.514500 0.599964 0.015187 0.010368
0 0.248867 0.793627 0.013688 0.009675
0 0.085975 0.724306 0.016687 0.011938
0 0.279932 0.762779 0.019363 0.014816
0 0.131516 0.723158 0.014018 0.009032
0 0.188598 0.788944 0.014330 0.008991
0 0.622464 0.538896 0.016945 0.011036
0 0.755820 0.533374 0.016966 0.013266
0 0.660965 0.396299 0.017198 0.012962
0 0.393848 0.829237 0.021810 0.013968
0 0.278261 0.845556 0.016289 0.010759
0 0.570453 0.499988 0.018677 0.013044
0 0.596392 0.828188 0.014862 0.010561
0 0.319827 0.352012 0.018623 0.012241
0 0.123225 0.750379 0.014824 0.010822
0 0.048809 0.596081 0.014315 0.010058
0 0.629198 0.690785 0.016629 0.009913
0 0.113724 0.707077 0.014237 0.009834
0 0.153105 0.571812 0.022263 0.015311
0 0.303636 0.833387 0.015689 0.012053
0 0.173306 0.458110 0.013505 0.010323
0 0.706307 0.438637 0.017798 0.012876
0 0.622299 0.495250 0.016154 0.011769
0 0.425737 0.671455 0.017424 0.013649
0 0.162398 0.666077 0.012917 0.008756
0 0.214472 0.807049 0.013777 0.009867
0 0.614273 0.661509 0.022477 0.013083
0 0.070074 0.499880 0.016727 0.011064
0 0.556497 0.477838 0.014714 0.009988
0 0.593931 0.394279 0.019281 0.014195
0 0.429173 0.637386 0.017454 0.010334
0 0.437906 0.327932 0.013761 0.012077
0 0.340729 0.852794 0.016144 0.010300
0 0.248199 0.414842 0.014357 0.010562
0 0.279036 0.629610 0.016125 0.010533
0 0.297021 0.533282 0.015997 0.009515
0 0.524417 0.828816 0.016805 0.010759
0 0.240379 0.861556 0.017766 0.013013
0 0.456738 0.753672 0.016849 0.009994
0 0.339091 0.586831 0.014145 0.009664
0 0.535849 0.614474 0.015185 0.010457
0 0.650137 0.466995 0.013329 0.008069
0 0.300550 0.459335 0.016771 0.011566
0 0.415866 0.432354 0.015205 0.010666
0 0.168977 0.414158 0.016919 0.011125
0 0.289478 0.874612 0.018368 0.012164
0 0.239439 0.592965 0.014833 0.010608
0 0.196332 0.624411 0.013680 0.009889
0 0.559736 0.433442 0.015206 0.009541
0 0.383450 0.588111 0.014588 0.012919
0 0.382284 0.505941 0.018200 0.013563
0 0.074200 0.613871 0.012975 0.008969
0 0.143766 0.680880 0.012243 0.007864
0 0.315483 0.775624 0.013699 0.009371
0 0.202436 0.822808 0.016020 0.010201
0 0.315149 0.810042 0.012368 0.008259
0 0.237395 0.834830 0.014567 0.010112
0 0.402510 0.735916 0.012792 0.008656
0 0.298664 0.666919 0.013074 0.009273
0 0.625562 0.508626 0.014726 0.008749
0 0.344599 0.876453 0.016470 0.011519
0 0.164699 0.734273 0.017135 0.012442
0 0.350050 0.798642 0.014066 0.009154
0 0.221545 0.606761 0.017919 0.009381
0 0.306736 0.857598 0.020733 0.012311
0 0.197365 0.446460 0.016046 0.011935
0 0.397338 0.551439 0.013675 0.010775
0 0.259739 0.858306 0.015449 0.008647
0 0.380230 0.599526 0.014272 0.009498
0 0.256196 0.574694 0.013256 0.009468
0 0.562443 0.603215 0.022805 0.013648
0 0.071587 0.670484 0.012545 0.009540
0 0.135420 0.664844 0.013345 0.008397
0 0.337241 0.543286 0.013240 0.011120
0 0.338105 0.563608 0.013727 0.009889
0 0.727888 0.539802 0.013857 0.009788
0 0.345517 0.796051 0.016903 0.008336
0 0.244974 0.810346 0.012848 0.008498
0 0.391395 0.701778 0.014235 0.010248
0 0.203017 0.520934 0.012992 0.009112
0 0.303261 0.463865 0.016517 0.017214
0 0.756322 0.546516 0.017562 0.011068
0 0.561743 0.670757 0.015072 0.009643
0 0.444688 0.703068 0.013019 0.008630
0 0.301635 0.797952 0.019175 0.009875
0 0.330086 0.575035 0.014332 0.009737
0 0.263347 0.861457 0.015343 0.016177
0 0.337810 0.795544 0.013590 0.007842
0 0.028461 0.646104 0.013743 0.008627
0 0.758750 0.595557 0.015133 0.011238