1 0.904674 0.531709 0.059017 0.041106
0 0.567441 0.459770 0.019995 0.014850
0 0.515611 0.398896 0.024459 0.018311
0 0.581900 0.557810 0.021042 0.015567
0 0.856002 0.392942 0.021873 0.015966
0 0.540139 0.683660 0.018777 0.012668
0 0.537736 0.479005 0.020789 0.015101
0 0.435982 0.503710 0.022680 0.016835
0 0.765023 0.300306 0.019240 0.012876
0 0.505018 0.314031 0.019005 0.012816
0 0.783062 0.282976 0.021612 0.016349
0 0.748794 0.439324 0.019524 0.013729
0 0.933391 0.419617 0.018536 0.013958
0 0.410006 0.596529 0.025428 0.017472
0 0.823586 0.666592 0.019654 0.013090
0 0.626303 0.331994 0.019332 0.013084
0 0.667102 0.568089 0.024871 0.017251
0 0.869504 0.324015 0.020019 0.015462
0 0.437184 0.284831 0.025817 0.017816
0 0.617611 0.430085 0.020581 0.015196
0 0.578893 0.485991 0.020555 0.013496
0 0.453027 0.606950 0.019211 0.013081
0 0.917899 0.382782 0.022266 0.017339
0 0.692030 0.333396 0.024695 0.020061
0 0.251541 0.535059 0.018547 0.013700
0 0.663525 0.751768 0.018361 0.012094
0 0.629590 0.663764 0.018776 0.012933
0 0.513569 0.697160 0.020574 0.014695
0 0.485237 0.621351 0.020772 0.015330
0 0.286605 0.492673 0.021096 0.015265
0 0.732762 0.509480 0.017194 0.013070
0 0.419926 0.325270 0.018962 0.013719
0 0.297661 0.654422 0.018372 0.011823
0 0.456037 0.339262 0.025590 0.017288
0 0.789760 0.687663 0.018118 0.013358
0 0.447387 0.415894 0.031006 0.019755
0 0.349850 0.623666 0.022310 0.015027
0 0.328900 0.650254 0.021503 0.014397
0 0.471377 0.735736 0.024128 0.018134
0 0.698821 0.634767 0.017586 0.012433
0 0.686813 0.652144 0.019544 0.015147
0 0.786074 0.652423 0.017877 0.011947
0 0.708225 0.260283 0.019617 0.014392
0 0.619438 0.731478 0.018545 0.012292
0 0.223429 0.452912 0.023195 0.016697
0 0.597753 0.573993 0.018595 0.013102
0 0.880665 0.406147 0.017909 0.012515
0 0.655961 0.416624 0.027967 0.021085
0 0.545940 0.244244 0.018381 0.013203
0 0.772618 0.474580 0.022003 0.017919
0 0.544127 0.619174 0.023702 0.017900
0 0.689191 0.731303 0.017722 0.011042
0 0.616165 0.234710 0.016876 0.012701
0 0.472563 0.288356 0.019291 0.013134
0 0.281977 0.565059 0.017440 0.011491
0 0.577802 0.279014 0.018684 0.013151
0 0.378766 0.522012 0.026313 0.019265
0 0.694899 0.364658 0.020081 0.012648
0 0.372515 0.662905 0.020700 0.014764
0 0.778877 0.570018 0.020557 0.013858
0 0.445543 0.675656 0.021573 0.014161
0 0.729527 0.568004 0.020940 0.017160
0 0.390135 0.682776 0.017532 0.013863
0 0.838924 0.714946 0.018201 0.012287
0 0.342357 0.707765 0.020879 0.016700
0 0.566932 0.759470 0.025502 0.017552
0 0.656939 0.245004 0.018640 0.012893
0 0.524494 0.266269 0.018376 0.014086
0 0.671108 0.664718 0.018915 0.011222
0 0.698028 0.799196 0.025736 0.016115
0 0.678730 0.786064 0.016034 0.011135
0 0.737858 0.741041 0.025558 0.019519
0 0.803354 0.753776 0.017676 0.011663
0 0.626414 0.519487 0.023059 0.016496
0 0.466285 0.376922 0.023230 0.014761
0 0.793315 0.340431 0.019470 0.013850
0 0.520644 0.585768 0.019601 0.016792
0 0.817463 0.516769 0.027934 0.017575
0 0.914762 0.619522 0.017984 0.013200
0 0.370616 0.484945 0.018275 0.014979
0 0.453887 0.442206 0.018504 0.011839
0 0.511869 0.499716 0.019045 0.014015
0 0.524445 0.632893 0.017816 0.011991
0 0.799615 0.476945 0.022545 0.014373
0 0.380809 0.737767 0.025491 0.020684
0 0.305779 0.347710 0.019007 0.014140
0 0.909721 0.578294 0.018330 0.012236
0 0.981706 0.471142 0.017051 0.012431
0 0.306173 0.379860 0.018730 0.013619
0 0.847396 0.533374 0.018775 0.012764
0 0.239610 0.393303 0.022239 0.015281
0 0.640232 0.833706 0.027788 0.020087
0 0.323455 0.692668 0.017650 0.012021
0 0.648766 0.374976 0.018853 0.015211
0 0.806930 0.700107 0.016124 0.010597
0 0.382630 0.341695 0.016898 0.011934
0 0.819681 0.725070 0.019632 0.011852
0 0.840929 0.579816 0.016050 0.010969
0 0.666462 0.448709 0.019721 0.013291
0 0.536089 0.331791 0.017458 0.012116
0 0.384631 0.710676 0.015943 0.011025
0 0.677180 0.814256 0.019277 0.011603
0 0.849925 0.496533 0.016354 0.012091
0 0.486229 0.674833 0.014909 0.009292
0 0.794567 0.398819 0.019330 0.014970
0 0.773329 0.556944 0.021963 0.012995
0 0.326756 0.548990 0.017724 0.017356
0 0.600401 0.813393 0.021743 0.013772
0 0.751160 0.802723 0.022257 0.013965
0 0.258621 0.440890 0.019908 0.014867
0 0.883439 0.381871 0.018380 0.011920
0 0.314011 0.600633 0.016301 0.010544
0 0.398444 0.616587 0.017103 0.009866
0 0.881912 0.620496 0.017632 0.015852
0 0.540054 0.648245 0.016763 0.010624
0 0.269044 0.363053 0.020961 0.015514
0 0.424099 0.438093 0.017272 0.012469
0 0.581416 0.250984 0.015634 0.011463
0 0.461242 0.702710 0.016409 0.010312
0 0.742194 0.266877 0.022124 0.017871
0 0.928274 0.559861 0.013125 0.008785
0 0.622128 0.784741 0.016887 0.012284
0 0.252035 0.570994 0.016460 0.013160
0 0.852524 0.614778 0.016655 0.009836
0 0.947320 0.502016 0.027224 0.021605
0 0.724054 0.366241 0.021123 0.015017
0 0.345631 0.533325 0.016579 0.009536
0 0.687914 0.651237 0.029919 0.023907
0 0.706266 0.386913 0.016568 0.010442
0 0.546600 0.507750 0.016679 0.011276
0 0.993810 0.521371 0.012380 0.012867
0 0.443951 0.487934 0.016744 0.012317
0 0.370277 0.409014 0.016903 0.012909
0 0.643810 0.228184 0.016443 0.010334
0 0.471527 0.578005 0.014089 0.009029
0 0.850344 0.477605 0.014090 0.009497
0 0.935886 0.658946 0.015253 0.010736
0 0.630600 0.762199 0.037860 0.019264
0 0.286876 0.403855 0.016039 0.010437
0 0.558774 0.698822 0.015014 0.009430
0 0.296541 0.364031 0.019120 0.012666
0 0.328462 0.740562 0.018192 0.012243
0 0.463109 0.360502 0.018762 0.014733
0 0.455870 0.254515 0.015500 0.011297
0 0.741701 0.709441 0.016122 0.010513
0 0.948654 0.477943 0.014728 0.009802
0 0.571665 0.329356 0.016336 0.011818
0 0.658022 0.623447 0.014685 0.009618
0 0.680599 0.656789 0.032157 0.023566
0 0.778256 0.597844 0.020831 0.012823
0 0.745392 0.706962 0.015085 0.010889
0 0.422196 0.752881 0.015654 0.010139
0 0.265130 0.464748 0.017083 0.011073
0 0.725637 0.596827 0.014862 0.009254