1 0.488081 0.868738 0.052056 0.039125
1 0.292882 0.791177 0.039957 0.034002
1 0.672002 0.639664 0.046766 0.030212
0 0.348419 0.411915 0.024235 0.018145
1 0.717837 0.464244 0.045772 0.041358
0 0.459001 0.354567 0.028026 0.018521
1 0.120742 0.656395 0.045268 0.039622
1 0.668739 0.679992 0.051008 0.033668
0 0.582678 0.610408 0.019199 0.014682
0 0.601462 0.791284 0.020071 0.013700
0 0.579660 0.759622 0.024172 0.017074
1 0.618128 0.453644 0.047330 0.031729
0 0.373316 0.660918 0.026712 0.018194
0 0.378884 0.738796 0.025294 0.017379
0 0.552797 0.664637 0.020720 0.012235
0 0.373320 0.816940 0.027474 0.020570
0 0.604968 0.628080 0.018066 0.011478
0 0.089181 0.449735 0.023885 0.017675
1 0.285435 0.516358 0.063889 0.036878
0 0.546912 0.396180 0.020381 0.014672
0 0.417186 0.359137 0.019712 0.015397
0 0.428566 0.869921 0.022523 0.017004
0 0.231614 0.353183 0.035005 0.021864
0 0.673930 0.611091 0.015990 0.011283
0 0.366955 0.545755 0.026597 0.016903
0 0.471471 0.401281 0.020652 0.015218
0 0.543726 0.416128 0.024370 0.020298
0 0.577544 0.357833 0.017907 0.013580
0 0.461184 0.710298 0.017035 0.011991
0 0.708154 0.581996 0.017836 0.012249
0 0.704634 0.599829 0.014206 0.009591
0 0.347296 0.477548 0.019061 0.012801
0 0.429250 0.521932 0.019811 0.013742
0 0.243394 0.616092 0.027542 0.017889
0 0.374232 0.763756 0.017536 0.011176
0 0.571487 0.528481 0.028731 0.019967
0 0.349261 0.777497 0.020101 0.012281
0 0.379752 0.374005 0.017953 0.013082
0 0.127875 0.483604 0.019921 0.015242
0 0.244745 0.544921 0.019334 0.013589
0 0.538237 0.684906 0.022495 0.015211
0 0.595578 0.521513 0.018043 0.011786
0 0.344751 0.678138 0.017399 0.010173
0 0.332874 0.602206 0.015902 0.010854
0 0.522297 0.513334 0.020602 0.014621
0 0.545152 0.405157 0.026393 0.031588
0 0.009202 0.603406 0.016403 0.011871
0 0.646787 0.797372 0.022677 0.015930
0 0.670116 0.571273 0.014854 0.011229
0 0.385272 0.471205 0.021898 0.014367
0 0.321619 0.802762 0.016039 0.009862
0 0.600126 0.431470 0.015354 0.011430
0 0.228298 0.688713 0.016340 0.011706
0 0.024024 0.621006 0.023218 0.015408