0 0.727364 0.569275 0.025964 0.016392
0 0.681178 0.856853 0.024187 0.017386
0 0.238159 0.559766 0.015818 0.014063
0 0.376076 0.461435 0.024420 0.019285
0 0.350548 0.604279 0.019617 0.014758
0 0.377725 0.570327 0.019820 0.014229
0 0.206267 0.507821 0.017918 0.013986
0 0.293395 0.486157 0.021252 0.014110
0 0.170995 0.654327 0.019335 0.011818
0 0.229009 0.417202 0.016665 0.014948
0 0.496277 0.446521 0.017398 0.012141
0 0.623968 0.605495 0.014580 0.010707
0 0.289100 0.519832 0.014812 0.009923
0 0.533354 0.906452 0.024863 0.019814
0 0.347490 0.659342 0.018449 0.013312
0 0.634351 0.541599 0.016936 0.011472
0 0.519825 0.502688 0.021609 0.017852
0 0.538319 0.759084 0.015161 0.011210
0 0.674359 0.758308 0.014266 0.010166
0 0.557679 0.678930 0.017154 0.010915
0 0.571567 0.506589 0.015707 0.011283
0 0.129260 0.718126 0.013084 0.008120
0 0.535434 0.946635 0.018829 0.013523
0 0.311872 0.695059 0.012968 0.010126
0 0.646890 0.667088 0.015773 0.009025
0 0.777894 0.672746 0.015393 0.010785
0 0.522851 0.679351 0.016495 0.013675
0 0.302487 0.664257 0.018502 0.014160
0 0.625877 0.749500 0.015698 0.010612
0 0.736831 0.733690 0.013060 0.008994
0 0.509312 0.555215 0.024563 0.016651
0 0.369426 0.491203 0.016075 0.011856
0 0.231106 0.707916 0.014478 0.010050
0 0.347663 0.507762 0.016084 0.011790
0 0.441470 0.436569 0.014824 0.010215
0 0.652827 0.796888 0.014202 0.009440
0 0.385565 0.826874 0.012406 0.008702
0 0.424175 0.834708 0.013220 0.010367
0 0.294983 0.564806 0.011792 0.008266
0 0.518595 0.723856 0.017653 0.013156
0 0.201716 0.713297 0.018583 0.014360
0 0.399441 0.931319 0.017292 0.011419
0 0.744499 0.607625 0.015648 0.010112
0 0.608932 0.810583 0.015529 0.010220
0 0.349767 0.528776 0.015444 0.012514
0 0.509353 0.741031 0.017166 0.011334
0 0.716766 0.678830 0.015107 0.009134
0 0.249037 0.472208 0.013055 0.008468
0 0.248139 0.517111 0.012136 0.007826
0 0.712088 0.616120 0.014564 0.009881
0 0.346110 0.435110 0.013913 0.008717
0 0.277435 0.705741 0.012161 0.009456
0 0.622705 0.459614 0.019049 0.013802
0 0.368842 0.752595 0.017472 0.011724
0 0.502293 0.396359 0.016539 0.010401
0 0.624532 0.796402 0.014221 0.009468
0 0.688140 0.579030 0.013372 0.009860
0 0.756172 0.700364 0.013394 0.008730
0 0.432847 0.379314 0.012841 0.010525
0 0.220286 0.443568 0.011633 0.008124
0 0.498487 0.860172 0.015516 0.009278
0 0.274691 0.909358 0.012362 0.008550
0 0.571122 0.469519 0.013342 0.010268
0 0.104314 0.480805 0.014343 0.011172
0 0.337625 0.749022 0.025140 0.018587
0 0.433407 0.405941 0.012711 0.010300
0 0.631256 0.491464 0.017463 0.013587
0 0.287898 0.417127 0.010684 0.010111
0 0.413317 0.446042 0.013189 0.008471
0 0.446503 0.590307 0.013343 0.010925
0 0.794304 0.696830 0.011062 0.007220
0 0.574323 0.704172 0.015982 0.010865
0 0.587800 0.445497 0.013166 0.010934
0 0.553729 0.427893 0.012963 0.009962
0 0.684851 0.447334 0.023062 0.014988
0 0.679535 0.731654 0.013189 0.008570
0 0.294063 0.761712 0.012607 0.008681
0 0.254998 0.600950 0.012277 0.009193
0 0.732501 0.639485 0.016174 0.011496
0 0.571221 0.743012 0.012372 0.009153
0 0.239489 0.459976 0.013086 0.008870
0 0.479440 0.739798 0.015367 0.010253
0 0.629834 0.696670 0.013831 0.008842
0 0.193655 0.889542 0.014862 0.010418
0 0.607095 0.908096 0.013527 0.009027
0 0.751702 0.761496 0.011577 0.007881
0 0.589596 0.840675 0.018706 0.011244
0 0.500751 0.924482 0.018521 0.014266
0 0.326584 0.791740 0.011971 0.010365
0 0.342530 0.984653 0.017962 0.010410
0 0.319925 0.429954 0.012141 0.009258
0 0.810784 0.571151 0.016443 0.009619
0 0.674467 0.554709 0.018028 0.009651
0 0.215282 0.870529 0.020501 0.011106
0 0.364110 0.416992 0.011337 0.009239
0 0.336671 0.521219 0.015135 0.011841
0 0.703706 0.715099 0.012926 0.007813
0 0.519934 0.841218 0.013553 0.009875
0 0.527004 0.404238 0.020114 0.012465
0 0.459169 0.616868 0.011568 0.007194
0 0.449820 0.727383 0.015941 0.010875
0 0.298050 0.641504 0.013296 0.008708
0 0.328272 0.752117 0.027373 0.017466
0 0.446784 0.585625 0.014323 0.014116
0 0.597273 0.414094 0.018103 0.010788
0 0.704510 0.490394 0.017071 0.012111
0 0.668147 0.816041 0.014098 0.007214
0 0.135041 0.812305 0.017462 0.011577
0 0.449388 0.581599 0.014013 0.012928
0 0.456475 0.751551 0.013854 0.010171
0 0.757330 0.789724 0.008779 0.006886