1 0.886124 0.651632 0.049586 0.035762
1 0.263609 0.613529 0.064163 0.049109
1 0.787582 0.541661 0.050370 0.034624
1 0.829758 0.678913 0.054913 0.037714
1 0.246745 0.571947 0.040958 0.028030
0 0.671626 0.454218 0.021493 0.015906
0 0.498870 0.817974 0.024625 0.017028
0 0.657664 0.557966 0.024446 0.018633
0 0.603736 0.476539 0.023829 0.018005
0 0.777811 0.498914 0.021358 0.015628
0 0.779108 0.587685 0.024967 0.018184
0 0.614082 0.701999 0.022098 0.014414
0 0.398341 0.646882 0.024412 0.018181
0 0.585571 0.687993 0.021190 0.015564
0 0.520687 0.845059 0.024631 0.018720
0 0.615473 0.409783 0.022256 0.016305
0 0.725165 0.799146 0.023652 0.017776
0 0.555916 0.742890 0.022276 0.016432
0 0.874904 0.497489 0.021261 0.015407
0 0.741770 0.473876 0.025661 0.017240
0 0.655615 0.789798 0.021663 0.016299
0 0.470904 0.485400 0.020401 0.016583
0 0.848041 0.732177 0.021592 0.014190
0 0.931356 0.501903 0.020684 0.013926
0 0.727400 0.546760 0.017438 0.012838
0 0.409462 0.492332 0.021340 0.015847
0 0.530220 0.730878 0.019629 0.012745
0 0.412409 0.378917 0.030593 0.025454
0 0.790210 0.783430 0.019108 0.013925
1 0.219590 0.593818 0.034408 0.024069
0 0.851262 0.427974 0.022572 0.014957
0 0.564712 0.535215 0.021158 0.015237
0 0.674249 0.409054 0.018654 0.013812
0 0.674908 0.827119 0.026569 0.018583
0 0.805185 0.507163 0.017855 0.012343
0 0.397440 0.791198 0.021105 0.014159
0 0.613929 0.529805 0.020489 0.016309
0 0.646530 0.295749 0.022275 0.015560
0 0.517652 0.634653 0.022135 0.015511
0 0.990409 0.537698 0.018669 0.013330
0 0.538446 0.449305 0.035507 0.018942
0 0.885615 0.755626 0.023764 0.016692
0 0.806311 0.390113 0.018466 0.012324
0 0.276655 0.672533 0.018426 0.013288
0 0.373089 0.378328 0.020387 0.014794
0 0.363242 0.755013 0.017398 0.011675
0 0.555242 0.760624 0.019468 0.012536
0 0.588025 0.726760 0.020285 0.012301
0 0.472538 0.786860 0.019709 0.012713
1 0.249554 0.584074 0.060513 0.050212
0 0.552520 0.595044 0.018624 0.014231
0 0.479353 0.768981 0.017117 0.011541
0 0.815549 0.605833 0.020140 0.014305
0 0.502689 0.773848 0.020203 0.015955
0 0.482208 0.743405 0.020662 0.012384
0 0.907124 0.700023 0.017322 0.012840
0 0.598136 0.544902 0.023207 0.017148
0 0.309255 0.464694 0.018611 0.013112
0 0.389397 0.599912 0.018542 0.014099
0 0.709541 0.680733 0.019816 0.012176
0 0.551502 0.449028 0.032831 0.018597
0 0.305155 0.667104 0.025772 0.013223