1 0.309465 0.593343 0.054420 0.035902
1 0.601338 0.264425 0.052382 0.037435
1 0.360415 0.375356 0.043520 0.034504
0 0.649067 0.504418 0.025003 0.017424
0 0.172226 0.457888 0.018395 0.012464
1 0.418541 0.476623 0.055700 0.032733
0 0.453574 0.434196 0.019908 0.014797
0 0.547842 0.571404 0.018970 0.013282
1 0.339855 0.699070 0.057429 0.043880
0 0.692420 0.479449 0.020893 0.014368
0 0.452031 0.531793 0.016696 0.011294
0 0.211674 0.428641 0.017505 0.011806
0 0.356484 0.261561 0.023122 0.017347
1 0.161837 0.569078 0.055319 0.039396
0 0.253704 0.638561 0.019294 0.013501
0 0.406654 0.312614 0.019040 0.012900
0 0.151756 0.404612 0.016457 0.011821
1 0.415679 0.700542 0.057600 0.041191
0 0.439510 0.314761 0.017810 0.012073
0 0.307582 0.376553 0.017005 0.011329
0 0.356739 0.522773 0.015192 0.011654
0 0.578095 0.396892 0.018721 0.012479
0 0.180588 0.592766 0.017408 0.012382
0 0.295276 0.349707 0.016063 0.011904
0 0.560516 0.397153 0.018586 0.011741
0 0.410635 0.397998 0.024222 0.017906
0 0.737788 0.298931 0.016325 0.013659
0 0.676038 0.606144 0.018010 0.012740
0 0.206603 0.515009 0.013414 0.009368
0 0.748459 0.442748 0.014779 0.010091
0 0.344259 0.551601 0.016902 0.012772
0 0.321752 0.474617 0.017546 0.013048
0 0.643785 0.591428 0.016216 0.011586
0 0.322611 0.514459 0.016206 0.011711
0 0.293182 0.273371 0.019046 0.015801
0 0.494027 0.651791 0.021035 0.016034
0 0.511800 0.211012 0.019223 0.018736
0 0.590211 0.492251 0.016584 0.011466
0 0.481350 0.594358 0.015924 0.011658
0 0.442497 0.496240 0.016407 0.008954
0 0.355755 0.218290 0.022559 0.018219
0 0.476555 0.724999 0.022176 0.014120
0 0.188544 0.332757 0.016470 0.012808
0 0.496546 0.329277 0.016390 0.012371