1 0.337879 0.528829 0.037197 0.050931
1 0.640951 0.522599 0.037216 0.046368
1 0.267465 0.420268 0.046951 0.061498
1 0.422908 0.849271 0.035211 0.048508
0 0.641509 0.360091 0.012927 0.016875
1 0.303670 0.801537 0.062281 0.077210
0 0.370294 0.571703 0.013656 0.017015
0 0.437841 0.534235 0.014140 0.016710
1 0.339007 0.142511 0.042876 0.048173
1 0.397275 0.665811 0.036309 0.039084
0 0.351979 0.474762 0.013477 0.016606
1 0.526074 0.412080 0.031919 0.041724
0 0.570749 0.777439 0.011317 0.013580
0 0.571847 0.629844 0.014422 0.019166
0 0.315942 0.408707 0.013311 0.018194
0 0.451687 0.340324 0.013300 0.018732
1 0.144935 0.714846 0.027950 0.037905
0 0.415328 0.529700 0.013078 0.016407
0 0.571963 0.330480 0.012302 0.016247
0 0.544284 0.508765 0.019379 0.026221
0 0.552625 0.276749 0.015062 0.021733