0 0.688742 0.391944 0.019341 0.013025
0 0.323334 0.304559 0.019626 0.014370
0 0.315641 0.473242 0.019992 0.014524
0 0.276551 0.492510 0.019818 0.013668
1 0.518091 0.265576 0.040834 0.030694
1 0.565620 0.284710 0.056612 0.039907
0 0.368262 0.458635 0.018845 0.013247
0 0.307762 0.395183 0.022797 0.016867
0 0.189691 0.292683 0.019846 0.014628
0 0.321816 0.546611 0.017505 0.012323
0 0.563683 0.485089 0.021292 0.015133
0 0.700442 0.254779 0.017988 0.012225
0 0.479392 0.295960 0.020585 0.014011
0 0.407480 0.210920 0.019724 0.014069
0 0.293403 0.266995 0.019129 0.012950
0 0.518197 0.200683 0.019572 0.012968
0 0.589610 0.589694 0.020680 0.014931
0 0.616816 0.604745 0.021354 0.014614
0 0.473773 0.529071 0.018020 0.012370
0 0.505320 0.464360 0.019629 0.011908
0 0.478163 0.121549 0.020621 0.013787
0 0.203326 0.376062 0.021212 0.013707
0 0.794674 0.444672 0.018964 0.012458
0 0.576970 0.320756 0.019715 0.014055
0 0.384292 0.504442 0.017618 0.012780
0 0.473503 0.411028 0.018406 0.012217
0 0.614598 0.640926 0.025233 0.017757
0 0.413623 0.530361 0.017796 0.012016
0 0.574068 0.387862 0.021584 0.014184
0 0.607743 0.340634 0.021986 0.016153
0 0.173254 0.255495 0.018944 0.013733
0 0.299037 0.565231 0.018107 0.011350
0 0.532681 0.183293 0.019032 0.012868
0 0.185961 0.353146 0.018915 0.012908
0 0.758995 0.504084 0.017391 0.011684
0 0.413251 0.549923 0.018231 0.012168
0 0.302209 0.354885 0.020725 0.013739
0 0.359963 0.291426 0.021437 0.014629
0 0.312405 0.198031 0.019116 0.014349
0 0.117381 0.340035 0.016644 0.011411
0 0.504427 0.422476 0.016829 0.011922
0 0.339827 0.532964 0.018049 0.012347
0 0.677302 0.471274 0.018662 0.012892
0 0.212627 0.338168 0.020074 0.014791
0 0.389210 0.301154 0.020698 0.014808
0 0.511723 0.445420 0.017398 0.012237
0 0.617538 0.432988 0.017605 0.012691
0 0.503184 0.160524 0.015046 0.010424
0 0.566894 0.448709 0.018038 0.013817
0 0.358162 0.221367 0.019222 0.013355
0 0.205404 0.593061 0.016684 0.010729
0 0.372372 0.630289 0.017632 0.011821
0 0.806236 0.300913 0.019081 0.013527
0 0.422537 0.441435 0.016147 0.010965
0 0.656536 0.587019 0.026569 0.018854
0 0.455397 0.465569 0.025677 0.016916
0 0.762437 0.482702 0.015128 0.010182
0 0.712008 0.212868 0.017394 0.012946
1 0.637974 0.135411 0.059438 0.032356
0 0.385710 0.420115 0.018034 0.012472
0 0.821871 0.350038 0.019911 0.014942
0 0.381397 0.288462 0.020191 0.015465
0 0.371739 0.571905 0.016195 0.011975
0 0.434430 0.422888 0.015239 0.012671
0 0.210047 0.350752 0.017388 0.012393
0 0.633053 0.158072 0.022989 0.010938
0 0.273591 0.537095 0.015879 0.010364
0 0.531373 0.538892 0.017289 0.011267
0 0.430962 0.581986 0.018905 0.012593
0 0.426703 0.390170 0.014388 0.010123
0 0.448798 0.557711 0.017082 0.013430
0 0.257577 0.596158 0.017324 0.010791
0 0.439056 0.309523 0.016032 0.010082