0 0.599034 0.421393 0.025477 0.017529
0 0.460043 0.422812 0.024455 0.018695
0 0.493746 0.693226 0.025040 0.017900
0 0.099486 0.599397 0.023541 0.017026
0 0.099884 0.539522 0.024898 0.018111
0 0.571534 0.562387 0.019977 0.015287
0 0.333536 0.563564 0.023706 0.015845
0 0.379334 0.464694 0.028737 0.020956
0 0.434180 0.597077 0.021037 0.015494
0 0.140000 0.677831 0.021562 0.015541
0 0.641564 0.438080 0.018763 0.013903
0 0.295960 0.658145 0.025133 0.017906
0 0.529472 0.450409 0.026429 0.019379
0 0.294079 0.811604 0.028194 0.020407
0 0.438427 0.555085 0.029214 0.021551
0 0.265151 0.770941 0.020306 0.014891
0 0.353326 0.407120 0.026001 0.018354
0 0.388004 0.536914 0.030450 0.019785
0 0.606402 0.693490 0.028669 0.021841
0 0.618614 0.636521 0.029474 0.018835
0 0.480250 0.742757 0.020727 0.013151
0 0.416081 0.656616 0.020796 0.013478
0 0.564891 0.844068 0.029277 0.022661
0 0.047469 0.707845 0.018217 0.012395
0 0.209756 0.466654 0.025184 0.021263
0 0.274126 0.413326 0.022950 0.015367
0 0.432140 0.389515 0.020815 0.013803
0 0.082570 0.642570 0.023847 0.014397
0 0.281078 0.691302 0.018757 0.011915
0 0.725527 0.591795 0.021062 0.018082
0 0.468884 0.677173 0.029701 0.021246
0 0.583092 0.870341 0.027185 0.019699
0 0.282843 0.402231 0.026560 0.020122
0 0.072658 0.610351 0.020701 0.014186
0 0.662254 0.679069 0.024843 0.016036
0 0.368093 0.641155 0.018538 0.012228
0 0.191268 0.763793 0.033466 0.023615
0 0.239967 0.597681 0.030476 0.022209
0 0.414017 0.807164 0.027922 0.028427
0 0.404834 0.728644 0.017810 0.012168
0 0.495965 0.492968 0.019376 0.012687
0 0.194201 0.423464 0.021278 0.016092
0 0.366750 0.539035 0.022726 0.013580
0 0.649559 0.807781 0.023795 0.018993
0 0.513317 0.585766 0.023002 0.014456
0 0.447869 0.660413 0.017739 0.011353