0 0.561031 0.570565 0.014370 0.018559
0 0.500695 0.591220 0.014060 0.017479
0 0.674193 0.451674 0.015715 0.019172
0 0.854788 0.410305 0.013783 0.017155
0 0.698477 0.272225 0.014920 0.018243
0 0.733035 0.495557 0.014323 0.017452
0 0.504587 0.344166 0.014473 0.018301
0 0.659154 0.324380 0.015739 0.020133
0 0.630646 0.456631 0.014756 0.020673
0 0.836567 0.521194 0.016144 0.018621
0 0.868622 0.383798 0.015046 0.018039
0 0.838538 0.306002 0.013897 0.017603
0 0.662526 0.286262 0.013803 0.017282
0 0.716876 0.712131 0.012801 0.015061
0 0.833777 0.803473 0.015463 0.018578
0 0.565894 0.322749 0.014572 0.018813
0 0.439703 0.434967 0.013719 0.017674
0 0.465079 0.525318 0.014458 0.017475
0 0.607814 0.739250 0.012490 0.014609
0 0.747373 0.601640 0.014224 0.017051
0 0.460509 0.390844 0.013752 0.016069
0 0.455875 0.465365 0.014729 0.018242
0 0.547043 0.402838 0.013516 0.015500
0 0.637798 0.865036 0.012970 0.016418
0 0.789302 0.734776 0.014337 0.017745
0 0.805752 0.483062 0.015095 0.020465
0 0.634138 0.236294 0.014934 0.020536
0 0.836098 0.470596 0.013665 0.015155
0 0.812254 0.875722 0.015280 0.019684
0 0.573535 0.540306 0.016107 0.016700
0 0.591462 0.736700 0.010305 0.012195
0 0.607320 0.438637 0.014218 0.015897
0 0.616809 0.536828 0.012798 0.014920
0 0.570794 0.850905 0.013328 0.016251
0 0.635103 0.503392 0.013655 0.016335
0 0.561098 0.486477 0.014421 0.016209
0 0.532456 0.416011 0.011873 0.015359
0 0.727532 0.802221 0.012801 0.015721
0 0.593003 0.272665 0.013205 0.016359
0 0.469934 0.446166 0.012441 0.015536
0 0.579880 0.306535 0.016757 0.019732
0 0.690105 0.562356 0.012636 0.017396
0 0.896214 0.465226 0.021504 0.027721
0 0.735361 0.361884 0.012783 0.016040
0 0.717077 0.846637 0.013396 0.017275
0 0.478441 0.577744 0.012549 0.015801
0 0.634470 0.713161 0.015883 0.018832
0 0.510198 0.523436 0.011871 0.014363
0 0.587365 0.680615 0.011612 0.014596
0 0.760853 0.266182 0.012588 0.016383
0 0.425315 0.589561 0.011612 0.014438
0 0.458339 0.685023 0.011887 0.013089
0 0.857064 0.763926 0.014484 0.017002
0 0.451069 0.660037 0.011356 0.014738
0 0.904325 0.711321 0.015176 0.018592
0 0.724324 0.742551 0.013462 0.016555
0 0.754624 0.625868 0.011214 0.015608
0 0.800936 0.765868 0.012006 0.015396
0 0.603148 0.669872 0.010807 0.012505
0 0.947213 0.519332 0.012388 0.015354
0 0.729371 0.424715 0.013239 0.018978
0 0.642453 0.667419 0.014633 0.016308
0 0.424123 0.498969 0.013539 0.017586
0 0.702080 0.353037 0.012912 0.015792
0 0.784367 0.329956 0.014464 0.018706
0 0.676326 0.900097 0.021664 0.021968
0 0.778374 0.558291 0.014099 0.017209
0 0.689646 0.475731 0.013381 0.016067
0 0.770855 0.396623 0.017676 0.023155
0 0.543581 0.269246 0.013270 0.016315
0 0.794283 0.358527 0.014903 0.019042
0 0.809939 0.315002 0.013038 0.015023
0 0.670370 0.795794 0.011791 0.013205
0 0.665709 0.767544 0.014719 0.015769
0 0.824471 0.276757 0.016328 0.020462
0 0.618062 0.363496 0.016614 0.020195
0 0.414655 0.610751 0.011672 0.015219
0 0.804308 0.643108 0.016125 0.019950
0 0.679561 0.411767 0.013865 0.018860
0 0.793140 0.228873 0.013365 0.017379
0 0.669362 0.383698 0.016355 0.019008
0 0.569212 0.271903 0.013221 0.016766
0 0.704181 0.938150 0.018012 0.021748
0 0.701090 0.302698 0.020575 0.020656
0 0.428655 0.470460 0.011350 0.013475
0 0.872140 0.266214 0.014728 0.018482
0 0.439378 0.566523 0.010190 0.012869
0 0.800756 0.290681 0.013053 0.016455
0 0.671253 0.615475 0.013065 0.016528
0 0.570989 0.703161 0.011638 0.014220
0 0.931044 0.561460 0.012995 0.016506
0 0.800930 0.809654 0.011555 0.013747
0 0.779490 0.511631 0.012648 0.014604
0 0.678287 0.720766 0.011098 0.012151
0 0.745042 0.464486 0.013456 0.017506
0 0.702921 0.587805 0.011715 0.013438
0 0.826556 0.767191 0.012538 0.014608
0 0.908379 0.638081 0.013314 0.014972
0 0.455737 0.633313 0.010187 0.011922
0 0.648473 0.568370 0.012831 0.016105
0 0.516272 0.820449 0.010997 0.012426
0 0.651889 0.822505 0.011802 0.014873
0 0.418642 0.447836 0.013043 0.015404
0 0.567361 0.822662 0.011289 0.013446
0 0.736729 0.525253 0.015520 0.016087
0 0.685857 0.800155 0.010711 0.011779
0 0.635171 0.403901 0.013278 0.015322
0 0.403712 0.576729 0.010282 0.013517
0 0.865832 0.630662 0.014788 0.019171
0 0.496058 0.722689 0.009183 0.012261
0 0.724343 0.585603 0.011770 0.013338
0 0.527658 0.845295 0.010642 0.012374
0 0.626928 0.273451 0.012388 0.016342
0 0.877262 0.296665 0.013561 0.018868
0 0.822184 0.584278 0.012171 0.013880
0 0.547709 0.296998 0.013089 0.016654
0 0.430709 0.634589 0.011922 0.012641
0 0.752237 0.747368 0.012573 0.014987
0 0.486345 0.315128 0.012504 0.015452
0 0.628975 0.616555 0.014347 0.017547
0 0.779937 0.793529 0.013262 0.013083
0 0.628318 0.191373 0.014556 0.017376
0 0.412542 0.538018 0.012983 0.013008
0 0.615748 0.487564 0.011704 0.012416
0 0.800018 0.844264 0.011346 0.014290
0 0.958437 0.564166 0.013013 0.015017
0 0.717345 0.672241 0.015810 0.016444
0 0.615835 0.612922 0.012165 0.015730
0 0.545812 0.512280 0.014316 0.017811
0 0.471256 0.487015 0.013218 0.017147
0 0.811644 0.434673 0.012212 0.014887
0 0.758891 0.484637 0.012498 0.015072
0 0.765046 0.224340 0.010830 0.016026
0 0.633959 0.587191 0.010315 0.012075
0 0.676230 0.846350 0.015409 0.014852
0 0.707491 0.690838 0.010366 0.013180
0 0.516976 0.615173 0.015673 0.015201
0 0.571366 0.317596 0.024735 0.027667
0 0.608006 0.389475 0.016732 0.027295
0 0.927744 0.483117 0.011346 0.013691
0 0.458389 0.312036 0.014221 0.019178
0 0.547550 0.860115 0.011907 0.012702
0 0.788906 0.871146 0.016802 0.021050
0 0.752319 0.525021 0.016565 0.016868
0 0.595559 0.809057 0.012999 0.013826
0 0.440417 0.533547 0.010742 0.013812
0 0.609561 0.644877 0.011092 0.012938
0 0.848088 0.544721 0.011745 0.013731
0 0.419832 0.535425 0.011593 0.013363
0 0.882897 0.527378 0.013937 0.016841
0 0.589273 0.381381 0.015368 0.029036
0 0.506846 0.651245 0.012620 0.016140
0 0.504400 0.757813 0.011012 0.015467
0 0.701465 0.551920 0.012061 0.015924
0 0.479640 0.742875 0.011901 0.014071
0 0.683559 0.368339 0.013987 0.016200
0 0.577286 0.595018 0.014845 0.014242
0 0.522059 0.804228 0.010539 0.013058
0 0.420631 0.662660 0.010794 0.013354
0 0.771643 0.444344 0.014023 0.017011
0 0.505567 0.429932 0.011784 0.013288
0 0.720417 0.543289 0.013117 0.015546
0 0.780162 0.284119 0.011299 0.015739
0 0.590336 0.613778 0.010767 0.013899
0 0.723277 0.905160 0.012434 0.014774
0 0.508417 0.385832 0.010905 0.012479
0 0.873175 0.843186 0.013009 0.013003
0 0.701834 0.639053 0.013355 0.018518
0 0.927797 0.598733 0.017559 0.022396
0 0.691203 0.825813 0.010889 0.012806
0 0.738944 0.900769 0.011571 0.015327
0 0.661361 0.248828 0.017989 0.022439
0 0.539061 0.365660 0.010630 0.012960