0 0.266931 0.606935 0.022389 0.016338
0 0.310216 0.665605 0.022806 0.017643
0 0.259465 0.441073 0.015581 0.013111
0 0.496920 0.672231 0.023675 0.018165
0 0.248835 0.677674 0.023870 0.015502
0 0.208556 0.622750 0.018327 0.015344
0 0.275849 0.704882 0.022656 0.017350
0 0.639953 0.657992 0.019149 0.013044
0 0.607289 0.711723 0.023367 0.015495
0 0.736469 0.666476 0.019305 0.014284
0 0.193894 0.498602 0.010282 0.009943
0 0.544220 0.496409 0.023773 0.017066
0 0.522022 0.424693 0.019011 0.013569
0 0.727475 0.629554 0.020795 0.011569
0 0.173639 0.581339 0.012501 0.010776
0 0.299868 0.732353 0.020670 0.015334
0 0.140593 0.731748 0.016466 0.012911
0 0.598928 0.615266 0.017936 0.014551
0 0.437631 0.595279 0.026278 0.020544
0 0.370973 0.542600 0.021991 0.015650
0 0.344722 0.554460 0.023281 0.015557
0 0.641204 0.467269 0.022340 0.018179
0 0.404996 0.885674 0.025927 0.017909
0 0.661656 0.728879 0.024555 0.015706
0 0.746594 0.686132 0.026115 0.015303
0 0.728000 0.503085 0.026086 0.015592
0 0.558862 0.795098 0.018688 0.013589
0 0.619674 0.795618 0.034424 0.026201
0 0.281685 0.765422 0.022522 0.015962