0 0.281472 0.595513 0.020579 0.014491
0 0.337246 0.582880 0.020626 0.015574
0 0.696634 0.405776 0.026308 0.019146
0 0.503272 0.546638 0.021481 0.016442
0 0.436671 0.443615 0.021859 0.015924
0 0.269543 0.470943 0.019711 0.014330
0 0.447272 0.395439 0.019793 0.013566
0 0.426019 0.515326 0.023370 0.016896
0 0.528423 0.408626 0.024193 0.015980
1 0.583257 0.311128 0.045947 0.031292
0 0.479738 0.681114 0.024288 0.017958
0 0.480955 0.489126 0.021561 0.014400
0 0.722440 0.569574 0.021974 0.016443
0 0.497903 0.630017 0.023199 0.015889
0 0.395501 0.672053 0.023105 0.016462
0 0.503611 0.657885 0.023854 0.017468
1 0.399121 0.375576 0.036511 0.027342
0 0.666349 0.510306 0.024242 0.016646
0 0.738480 0.327032 0.021043 0.015492
0 0.377991 0.707834 0.024091 0.018193
0 0.212766 0.483922 0.018794 0.013130
0 0.478630 0.432628 0.019574 0.013906
0 0.403887 0.608819 0.022167 0.016434
0 0.635906 0.601564 0.021652 0.016575
0 0.563115 0.365455 0.019456 0.013863
0 0.405849 0.535286 0.022218 0.015588
0 0.250403 0.408418 0.020733 0.015286
0 0.625527 0.549653 0.019566 0.013667
0 0.688747 0.497026 0.020665 0.014259
0 0.531013 0.471074 0.021505 0.015669
0 0.685831 0.589617 0.022725 0.016705
0 0.671847 0.533006 0.020089 0.013550
0 0.791423 0.523111 0.021749 0.016097
0 0.468166 0.314044 0.017389 0.012047
0 0.228502 0.422518 0.020718 0.015782
1 0.238297 0.648850 0.071062 0.053453
0 0.300794 0.331841 0.020026 0.014769
0 0.612586 0.500427 0.017320 0.012327
0 0.295703 0.510182 0.018557 0.012569
0 0.631726 0.445113 0.019570 0.013517
0 0.494411 0.452916 0.020418 0.013497
1 0.696999 0.725282 0.041198 0.031218
0 0.587130 0.514692 0.016669 0.012593
0 0.506521 0.395171 0.018741 0.012493
0 0.625112 0.480294 0.021997 0.014675
0 0.432037 0.293111 0.019345 0.013477
0 0.859678 0.461305 0.023753 0.017706