0 0.368930 0.779881 0.018206 0.013596
0 0.633516 0.598551 0.017631 0.013207
0 0.365795 0.743840 0.024852 0.016781
0 0.701632 0.624247 0.020912 0.014485
0 0.272608 0.709552 0.020053 0.014471
0 0.614305 0.815547 0.024410 0.016876
0 0.364733 0.843226 0.019933 0.013519
0 0.662581 0.660005 0.021509 0.015899
0 0.564178 0.626265 0.017825 0.011018
0 0.454233 0.621262 0.015783 0.012013
0 0.588996 0.581873 0.015279 0.011943
0 0.574154 0.648526 0.018428 0.012771
0 0.767393 0.592944 0.015773 0.011386
0 0.419140 0.435808 0.038686 0.026439
0 0.428773 0.926224 0.026290 0.020590
0 0.299814 0.857339 0.016918 0.012528
0 0.555977 0.604782 0.021289 0.013281
0 0.308555 0.494552 0.019858 0.014464
0 0.768801 0.616111 0.014477 0.010068
0 0.362210 0.626136 0.015191 0.013711
0 0.794666 0.636669 0.016766 0.010935
0 0.644354 0.761459 0.015869 0.011802
0 0.240889 0.609042 0.016302 0.010200
0 0.538482 0.908285 0.017053 0.012771