1 0.213166 0.495807 0.068194 0.052823
0 0.395125 0.755729 0.018996 0.013055
0 0.227870 0.627124 0.021247 0.013530
0 0.248805 0.691702 0.020879 0.014437
0 0.617338 0.621377 0.020458 0.015611
0 0.251290 0.457443 0.019291 0.013136
0 0.162116 0.616475 0.020377 0.014113
0 0.315715 0.473776 0.019793 0.014834
1 0.198169 0.916407 0.116790 0.100535
0 0.401836 0.731231 0.019108 0.013885
0 0.210611 0.712698 0.020212 0.013227
0 0.247439 0.805218 0.018917 0.012771
0 0.461030 0.784157 0.019355 0.014085
0 0.564895 0.627260 0.020026 0.013615
0 0.565104 0.682989 0.022273 0.015596
0 0.587904 0.708690 0.021545 0.015420
0 0.509005 0.712819 0.020924 0.014311
0 0.252302 0.648201 0.020738 0.015106
0 0.184775 0.664518 0.021808 0.014905
0 0.615367 0.890565 0.022698 0.015564
0 0.563360 0.590058 0.021364 0.013581
0 0.497809 0.466647 0.019364 0.013349
0 0.288921 0.600247 0.024264 0.018439
0 0.461714 0.669543 0.020602 0.013353
0 0.336033 0.514192 0.021259 0.014902
0 0.179487 0.728672 0.020218 0.013227
0 0.240953 0.776207 0.018383 0.012599
0 0.498950 0.820203 0.019398 0.013306
0 0.423009 0.440351 0.018136 0.011132
0 0.604147 0.661808 0.021705 0.015035
0 0.647615 0.561633 0.027587 0.020758
0 0.419232 0.804799 0.017897 0.011934
0 0.391248 0.460251 0.022246 0.016084
0 0.427502 0.497166 0.020747 0.013518
0 0.421265 0.784887 0.019330 0.014637
0 0.543597 0.484305 0.027181 0.016236
0 0.690257 0.477897 0.023735 0.018514
0 0.497504 0.665872 0.018170 0.012607
0 0.445835 0.466311 0.018589 0.012122
0 0.665898 0.796543 0.020358 0.015137
0 0.411682 0.615775 0.023048 0.015986
0 0.475583 0.648736 0.020092 0.013450
0 0.461229 0.902707 0.026221 0.017274
0 0.546823 0.825490 0.020990 0.013376
0 0.210279 0.539058 0.021102 0.014301
0 0.516902 0.492144 0.023338 0.016633
0 0.372501 0.619565 0.021542 0.015641
0 0.256300 0.392432 0.022710 0.015122
0 0.658571 0.736308 0.022960 0.017895
0 0.238826 0.576009 0.023404 0.017140
0 0.562758 0.452284 0.019652 0.013551
0 0.202238 0.814887 0.019600 0.014432
0 0.445648 0.559030 0.019060 0.012873
0 0.581135 0.947923 0.026560 0.017993
0 0.543956 0.512098 0.021669 0.015029
0 0.017847 0.583475 0.026820 0.019382
0 0.101376 0.840126 0.018214 0.013984
0 0.621025 0.473703 0.020114 0.015074
0 0.623351 0.861564 0.019392 0.013746
0 0.179397 0.523433 0.021131 0.015400
0 0.662449 0.470613 0.020344 0.014505
0 0.407641 0.871487 0.021196 0.015488
0 0.409891 0.840392 0.021697 0.013333
0 0.375509 0.413929 0.017618 0.013711
0 0.556487 0.564284 0.021942 0.013861
0 0.416339 0.836083 0.021413 0.013164
0 0.568628 0.412796 0.020366 0.012885
0 0.405447 0.520842 0.018018 0.012972
0 0.341126 0.593285 0.020144 0.014705
0 0.473122 0.495646 0.017648 0.012973
0 0.473245 0.457562 0.017858 0.011030
0 0.161697 0.486359 0.020337 0.014196
0 0.498040 0.627071 0.023400 0.014798
0 0.469161 0.951958 0.029981 0.028288
0 0.457040 0.445986 0.014325 0.010456
0 0.645693 0.879474 0.025162 0.014258
0 0.118037 0.612003 0.019606 0.015516
0 0.355019 0.476160 0.017269 0.012021
0 0.455782 0.722334 0.019235 0.014548
0 0.087461 0.863165 0.016020 0.011873
0 0.510541 0.561450 0.024044 0.019729
0 0.320716 0.737953 0.018143 0.014447
0 0.497708 0.648615 0.017737 0.011628
1 0.423806 0.395170 0.028487 0.021195
0 0.351050 0.530925 0.021023 0.013077
0 0.147678 0.449346 0.018479 0.014746
0 0.665999 0.816977 0.017837 0.011316
0 0.556499 0.756521 0.017200 0.013493
0 0.327324 0.933065 0.020820 0.015109
0 0.158820 0.850355 0.019726 0.014001
0 0.560401 0.395336 0.020960 0.013785
0 0.292933 0.887772 0.025672 0.021210
1 0.097044 0.753538 0.026018 0.021582
0 0.474689 0.984200 0.021074 0.013250
0 0.530805 0.921147 0.019174 0.013322
0 0.224439 0.438676 0.018668 0.014358
1 0.166193 0.891179 0.057477 0.040858
0 0.486609 0.649028 0.035310 0.014032
0 0.246570 0.866217 0.015815 0.010855
0 0.511411 0.838395 0.023130 0.014977
0 0.752904 0.741567 0.020828 0.015200
0 0.270921 0.895447 0.014209 0.009259
0 0.462405 0.447491 0.019213 0.012710
0 0.499779 0.660451 0.020432 0.026052
0 0.532444 0.535588 0.018785 0.013605
0 0.173616 0.445415 0.018373 0.015182
0 0.542842 0.902647 0.017663 0.011604