1 0.342665 0.773070 0.051183 0.035862
0 0.438345 0.815857 0.018059 0.012310
0 0.787610 0.715258 0.016179 0.011306
0 0.752523 0.707962 0.016973 0.012564
1 0.646478 0.543290 0.056556 0.046504
0 0.287907 0.839646 0.017916 0.013215
0 0.848297 0.807957 0.017613 0.012468
0 0.569778 0.846049 0.018112 0.012589
0 0.317344 0.836472 0.020976 0.015968
0 0.290287 0.471123 0.023757 0.016865
0 0.392217 0.742910 0.016852 0.011694
0 0.535355 0.489804 0.018513 0.012675
0 0.588681 0.479939 0.023260 0.014072
1 0.716419 0.426140 0.041886 0.026096
0 0.684009 0.637108 0.016967 0.012198
0 0.801430 0.460301 0.016417 0.012636
0 0.639579 0.718372 0.017642 0.011917
0 0.186458 0.585763 0.021974 0.018066
0 0.687558 0.765677 0.017832 0.013113
0 0.822719 0.563131 0.014972 0.009604
0 0.506779 0.915602 0.015707 0.011128
0 0.204778 0.627528 0.015194 0.010214
0 0.741295 0.735447 0.018202 0.013675
0 0.865765 0.621869 0.015200 0.011420
0 0.675965 0.614141 0.015151 0.011130
0 0.372298 0.727075 0.015956 0.010696
0 0.310261 0.791198 0.014852 0.010183
0 0.304738 0.493691 0.020940 0.014964
0 0.678957 0.573697 0.015405 0.010895
0 0.288394 0.777213 0.018139 0.013176
0 0.752326 0.651210 0.016243 0.012105
0 0.779787 0.886637 0.016142 0.011590
0 0.869502 0.742077 0.014503 0.010603
0 0.227547 0.792861 0.013676 0.009626
0 0.281933 0.500961 0.021589 0.014147
0 0.886185 0.633344 0.014947 0.009883
0 0.191477 0.739108 0.015930 0.010390
0 0.663927 0.940952 0.018761 0.012101
0 0.849844 0.696692 0.015333 0.011619
0 0.538290 0.435507 0.015845 0.011653
1 0.421599 0.414349 0.040307 0.027600
0 0.296032 0.599262 0.019671 0.015769
0 0.768950 0.509772 0.013801 0.011062
0 0.694998 0.786999 0.015929 0.011017
0 0.696617 0.603086 0.015876 0.010843
0 0.433562 0.935341 0.021158 0.014337
0 0.570720 0.974810 0.020283 0.014087
0 0.691464 0.544696 0.015808 0.011508
0 0.471555 0.684386 0.016643 0.011441
0 0.748809 0.438255 0.015003 0.011167
0 0.895009 0.649094 0.016341 0.010917
0 0.797527 0.609352 0.014225 0.010403
0 0.373476 0.849224 0.019601 0.014786
0 0.640402 0.622039 0.014961 0.010731
0 0.629672 0.423031 0.013805 0.010624
0 0.489005 0.605096 0.015323 0.012142
0 0.421863 0.590638 0.024282 0.016502
0 0.797875 0.624743 0.015610 0.010343
0 0.637968 0.574885 0.015034 0.011123
0 0.590126 0.598987 0.014283 0.010231
0 0.883057 0.756732 0.018841 0.012229
0 0.716875 0.528292 0.015819 0.011396
0 0.334844 0.642024 0.018014 0.013482
0 0.720371 0.601260 0.017327 0.013714
0 0.267137 0.804770 0.023014 0.013936
0 0.183203 0.683644 0.016189 0.011663
0 0.555376 0.726988 0.015675 0.011588
0 0.248828 0.544326 0.018402 0.012676
0 0.790074 0.763828 0.017790 0.012799
0 0.437703 0.778844 0.018265 0.013622
0 0.918839 0.627634 0.015176 0.011259
0 0.219832 0.610312 0.026309 0.015458
0 0.625854 0.448046 0.017594 0.012993
0 0.400180 0.466893 0.024744 0.017257
0 0.550597 0.638717 0.013600 0.011560
0 0.561477 0.665237 0.008160 0.008840
0 0.587770 0.664217 0.011787 0.010880
0 0.628117 0.679516 0.012693 0.010200
0 0.665290 0.658437 0.012693 0.011560
0 0.566464 0.697196 0.009067 0.006120
0 0.578704 0.701276 0.009973 0.010200
0 0.487131 0.658777 0.006347 0.008160
0 0.475798 0.650617 0.005440 0.010880
0 0.469451 0.639397 0.018133 0.010200
0 0.555584 0.587037 0.014507 0.012920
0 0.559664 0.570037 0.011787 0.011560
0 0.516598 0.573097 0.014507 0.006800
0 0.505718 0.584657 0.010880 0.009520
0 0.519318 0.638037 0.010880 0.008840
0 0.370625 0.681216 0.009067 0.013600
0 0.452678 0.677476 0.006347 0.012920
0 0.291293 0.708416 0.013600 0.008160
0 0.311693 0.717256 0.010880 0.012240
0 0.597744 0.714196 0.009973 0.010200
0 0.751876 0.616957 0.008160 0.007480
0 0.938647 0.656397 0.011787 0.007480
0 0.826222 0.727456 0.008160 0.008160
0 0.818515 0.781856 0.007253 0.013600
0 0.760036 0.825375 0.008160 0.009520
0 0.751422 0.787296 0.012693 0.010880
0 0.757769 0.841493 0.012693 0.007480
0 0.644437 0.859513 0.018133 0.012240
0 0.736009 0.900313 0.010880 0.012240
0 0.495291 0.935673 0.013600 0.008160
0 0.482598 0.958452 0.011787 0.011560
0 0.526571 0.961852 0.009067 0.014280
0 0.545611 0.961852 0.010880 0.008840
0 0.410972 0.946892 0.013600 0.007480
0 0.346146 0.948252 0.014507 0.008840
0 0.618143 0.985312 0.009067 0.009520
0 0.874728 0.530321 0.012693 0.010880
0 0.850248 0.515362 0.014507 0.008160
0 0.864755 0.496322 0.012693 0.010880
0 0.506171 0.459464 0.009973 0.008160
0 0.498918 0.440424 0.011787 0.009520
0 0.438171 0.438384 0.017227 0.010880
0 0.528837 0.419004 0.008160 0.011560
0 0.568277 0.376844 0.010880 0.011560
0 0.544704 0.379224 0.005440 0.012240
0 0.488491 0.374125 0.016320 0.007480
0 0.467185 0.383644 0.013600 0.011560
0 0.616783 0.395544 0.017227 0.010880
0 0.590037 0.372425 0.012693 0.012240