1 0.712070 0.584568 0.050693 0.039575
1 0.392623 0.397185 0.040853 0.032389
1 0.325563 0.528169 0.046269 0.036399
1 0.170087 0.608759 0.046612 0.033989
1 0.589771 0.654532 0.045281 0.034266
0 0.415782 0.545377 0.016790 0.011597
0 0.252556 0.616067 0.015121 0.010790
1 0.636230 0.403080 0.046223 0.030865
0 0.411098 0.656912 0.015714 0.010782
0 0.316737 0.633839 0.017487 0.013723
0 0.371772 0.746603 0.013990 0.010651
0 0.449256 0.520265 0.019376 0.013494
0 0.412793 0.744595 0.014079 0.009797
0 0.597964 0.465638 0.017379 0.011970
1 0.564709 0.687455 0.041808 0.030762
0 0.738961 0.489327 0.015293 0.010309
0 0.255790 0.554692 0.013483 0.009128
0 0.466825 0.546341 0.016282 0.011024
0 0.543186 0.451978 0.017029 0.011021
0 0.217218 0.534338 0.016709 0.011377
0 0.461878 0.402533 0.017693 0.011892
0 0.181026 0.546930 0.015386 0.010529
0 0.528406 0.468241 0.016372 0.011303
0 0.529902 0.538550 0.016658 0.011454
0 0.320171 0.591380 0.014054 0.010450
0 0.060503 0.597132 0.015551 0.011017
0 0.134187 0.432979 0.017998 0.013035
0 0.369383 0.526056 0.017830 0.012168
0 0.468362 0.427388 0.015960 0.010426
0 0.610547 0.572760 0.016082 0.011072
0 0.438782 0.576818 0.015152 0.009970
0 0.488206 0.673113 0.013423 0.010253
0 0.439012 0.347598 0.013106 0.010638
0 0.342118 0.754410 0.015128 0.010011
0 0.435075 0.322835 0.012891 0.009775
0 0.653403 0.645978 0.015722 0.012260
0 0.080194 0.561545 0.014363 0.009989
0 0.255923 0.382748 0.016594 0.013252
0 0.273487 0.748915 0.015828 0.010958
0 0.313673 0.767028 0.013389 0.009511
0 0.148788 0.771531 0.014060 0.009786
0 0.471989 0.766445 0.015249 0.009553
0 0.673872 0.435657 0.017582 0.012319
0 0.662081 0.678484 0.014609 0.010007
0 0.213674 0.497562 0.018925 0.013765
0 0.713831 0.671631 0.013936 0.009164
0 0.186727 0.401860 0.018903 0.012649
0 0.152474 0.405450 0.018330 0.014374
0 0.442269 0.705500 0.018642 0.013960
0 0.261804 0.419387 0.018605 0.012149
0 0.572131 0.558037 0.014745 0.011053
0 0.393634 0.803786 0.013996 0.009782
0 0.361626 0.336031 0.016451 0.012370
0 0.249821 0.585684 0.013858 0.010091
0 0.679104 0.552511 0.014430 0.009845
0 0.551884 0.394025 0.020100 0.014532
0 0.463587 0.575139 0.015106 0.011008
0 0.204460 0.739312 0.013265 0.008310
0 0.497013 0.609074 0.021238 0.013407
0 0.222289 0.733205 0.014327 0.009568
0 0.089971 0.450016 0.023258 0.017225
0 0.104977 0.420881 0.018532 0.015861
0 0.389534 0.443118 0.018875 0.014647
0 0.622857 0.652610 0.015848 0.010286
0 0.621433 0.601867 0.015819 0.010946
0 0.636211 0.495502 0.017047 0.011791
0 0.146405 0.647342 0.015462 0.010340
0 0.528014 0.684569 0.014231 0.009326
0 0.224269 0.832860 0.016849 0.012264
0 0.105490 0.605848 0.015570 0.010917
0 0.495698 0.391086 0.016753 0.011100
0 0.434873 0.752749 0.014858 0.010575
0 0.609092 0.760296 0.017435 0.010347
0 0.659017 0.539154 0.015004 0.010656
0 0.126985 0.740923 0.016673 0.011276
0 0.428978 0.384684 0.016145 0.010558
0 0.261566 0.777045 0.014051 0.009371
0 0.638047 0.529533 0.016116 0.010270
0 0.286352 0.564397 0.013160 0.008984
0 0.120456 0.477726 0.016837 0.012304
1 0.611095 0.794331 0.045651 0.026957
0 0.676609 0.708120 0.014213 0.009802
0 0.355596 0.616329 0.016412 0.010867
0 0.478933 0.698296 0.015231 0.010735
0 0.554078 0.651812 0.020315 0.014145
0 0.597029 0.416250 0.014862 0.010298
0 0.449812 0.469943 0.023974 0.015880
1 0.621168 0.361163 0.032296 0.020684
0 0.444768 0.656526 0.016694 0.012608
0 0.474024 0.713305 0.014265 0.009284
0 0.584457 0.492046 0.015457 0.010823
0 0.415492 0.782501 0.013165 0.009269
0 0.546736 0.740515 0.016116 0.011094
0 0.274333 0.459749 0.014173 0.009493
0 0.477266 0.531446 0.016127 0.011732
0 0.653819 0.587726 0.015052 0.010879
0 0.706327 0.738999 0.014059 0.009633
0 0.551477 0.602641 0.018042 0.013079
0 0.273298 0.592203 0.014734 0.009897
0 0.395603 0.310215 0.015361 0.009958
0 0.243700 0.823340 0.013540 0.009077
0 0.237587 0.504665 0.015367 0.009824
0 0.202247 0.567284 0.020278 0.013034
0 0.382632 0.637467 0.015652 0.010524
0 0.288930 0.359023 0.029113 0.019981
0 0.424412 0.397879 0.014907 0.010756
0 0.169584 0.783144 0.015723 0.010915
0 0.218351 0.691319 0.012608 0.007860
0 0.324079 0.881384 0.017423 0.012809
0 0.461316 0.644595 0.016859 0.010297
0 0.309807 0.401625 0.016148 0.010724
0 0.064678 0.506016 0.015047 0.010133
0 0.525668 0.415456 0.020342 0.012133
0 0.627220 0.732777 0.014530 0.011426
0 0.123733 0.401036 0.017541 0.012282
0 0.533479 0.336754 0.017105 0.014226
0 0.466288 0.865436 0.017728 0.012255
0 0.657037 0.607711 0.013264 0.010078
0 0.454985 0.792776 0.017468 0.011928
0 0.690697 0.446861 0.017245 0.011310
0 0.645622 0.558604 0.015519 0.009865
0 0.229181 0.676490 0.019420 0.011987
0 0.236077 0.760806 0.014091 0.009328
0 0.635670 0.433331 0.015312 0.010228
0 0.125072 0.703529 0.013329 0.009265
0 0.326615 0.790584 0.016363 0.011551
0 0.617765 0.822337 0.012856 0.009193
0 0.183019 0.709926 0.019600 0.011904
0 0.743677 0.523790 0.016774 0.011792
0 0.403759 0.518360 0.020328 0.014291
0 0.110893 0.548576 0.015466 0.009625
0 0.246754 0.535107 0.015528 0.009388
0 0.464957 0.617551 0.018841 0.011287
0 0.348126 0.878719 0.021366 0.013271
0 0.202822 0.676537 0.014931 0.009631
0 0.425117 0.457310 0.016047 0.011933
0 0.252517 0.444791 0.015607 0.010441
0 0.690686 0.717795 0.013776 0.008968
0 0.515189 0.491779 0.014258 0.009471
0 0.524378 0.703316 0.013066 0.007782
0 0.473003 0.479392 0.022026 0.013286
0 0.428959 0.621305 0.016583 0.011151
0 0.162786 0.727332 0.012989 0.008191
0 0.613643 0.711182 0.016208 0.011313
0 0.235308 0.801118 0.014132 0.008414
0 0.506054 0.338062 0.018376 0.011395
0 0.253071 0.520959 0.015948 0.009968
0 0.233842 0.781658 0.013898 0.008806
0 0.580328 0.738741 0.012888 0.009180
0 0.394559 0.606297 0.017313 0.013097
0 0.113438 0.501487 0.017012 0.010825
0 0.359265 0.354763 0.014598 0.010041
0 0.172281 0.421421 0.016547 0.012837
0 0.526875 0.741715 0.013669 0.012038
0 0.502967 0.805753 0.013187 0.010036
0 0.255333 0.725447 0.015067 0.009200
0 0.395602 0.840003 0.012011 0.008007
0 0.196260 0.765650 0.012861 0.008006
0 0.358452 0.708289 0.019742 0.013530
0 0.142651 0.482415 0.015170 0.009702
0 0.590647 0.397784 0.014250 0.011092
0 0.288177 0.697303 0.015826 0.010560
0 0.376769 0.577658 0.020272 0.013369
0 0.434106 0.836202 0.012581 0.008873
0 0.413684 0.842474 0.012531 0.008699
0 0.552910 0.765623 0.012580 0.007980
0 0.151554 0.550941 0.015403 0.010933
0 0.091771 0.718590 0.017301 0.011809
0 0.405734 0.475023 0.017737 0.012733
0 0.253461 0.791558 0.014776 0.008431
0 0.370120 0.897689 0.015927 0.011181
0 0.231801 0.601753 0.019512 0.010929
0 0.299929 0.740909 0.014121 0.007864
0 0.099852 0.519669 0.027104 0.018462
0 0.226163 0.460959 0.017035 0.011549
0 0.509833 0.848346 0.012801 0.009103
0 0.305926 0.328868 0.016591 0.012967
0 0.165772 0.453498 0.013607 0.008992
0 0.315457 0.727310 0.015226 0.010112
0 0.258557 0.495671 0.014840 0.009371
0 0.366590 0.844583 0.011955 0.009154
0 0.591157 0.714308 0.020737 0.009909
0 0.667378 0.728633 0.018802 0.011248
0 0.579507 0.731716 0.012547 0.011026
0 0.068647 0.521840 0.013512 0.008383
0 0.094533 0.481760 0.015524 0.010545
0 0.157159 0.627238 0.015659 0.007874
0 0.394538 0.825325 0.014714 0.009408
0 0.737669 0.457796 0.015264 0.010731
0 0.478010 0.562576 0.015677 0.009508
0 0.366061 0.592683 0.013920 0.011823
0 0.648239 0.692330 0.011809 0.007945
0 0.343146 0.320733 0.014348 0.010496
0 0.673920 0.652628 0.012785 0.008189
0 0.304117 0.706605 0.016296 0.010091
0 0.549201 0.515099 0.014055 0.009248
0 0.426241 0.484562 0.015924 0.011924
0 0.502265 0.787998 0.014700 0.011078
0 0.645591 0.833361 0.012759 0.008523
0 0.739473 0.690599 0.013268 0.008966
0 0.383190 0.570569 0.014939 0.010231
0 0.409953 0.512820 0.028429 0.019343
0 0.334957 0.339510 0.013754 0.008539
0 0.291306 0.709895 0.014145 0.009767
0 0.668365 0.514827 0.017823 0.009821
0 0.699332 0.641098 0.013258 0.008426
0 0.313978 0.458452 0.014052 0.009829
0 0.192850 0.350507 0.017453 0.013256
0 0.339847 0.404216 0.018244 0.009516
0 0.266635 0.820757 0.016266 0.011286
0 0.028557 0.496945 0.016457 0.015137
0 0.503580 0.889257 0.017682 0.010787
0 0.570282 0.447507 0.014153 0.008115
0 0.722558 0.550514 0.011731 0.009096
0 0.589658 0.624202 0.012234 0.009305
0 0.087302 0.658968 0.015612 0.013266
0 0.646654 0.815525 0.013250 0.008776
0 0.364229 0.439193 0.019627 0.012507
0 0.199239 0.842179 0.015047 0.010532
0 0.220138 0.769975 0.013230 0.009160
0 0.451381 0.489944 0.016471 0.008821
0 0.721171 0.530347 0.012924 0.011250
0 0.018000 0.582838 0.016856 0.009571
0 0.022680 0.559172 0.016996 0.010428
0 0.345642 0.778311 0.014936 0.009036
0 0.250899 0.526081 0.017168 0.016501
0 0.251584 0.705379 0.013476 0.011364
0 0.334388 0.715949 0.013583 0.007960
1 0.496555 0.314869 0.029859 0.018088