0 0.134366 0.553562 0.010430 0.013779
0 0.365931 0.856142 0.013170 0.017399
0 0.221111 0.672212 0.009876 0.014918
0 0.152648 0.563420 0.008735 0.011979
0 0.588399 0.491706 0.013314 0.015234
0 0.249993 0.395701 0.012309 0.018702
0 0.141033 0.312636 0.015190 0.020162
0 0.228166 0.454320 0.012507 0.017373
0 0.124986 0.492522 0.013399 0.015228
0 0.299816 0.791275 0.012877 0.016047
0 0.275509 0.492041 0.017163 0.021717
0 0.234045 0.184829 0.009871 0.015610
0 0.382758 0.838575 0.014480 0.018938
0 0.365748 0.537887 0.011189 0.018952
0 0.336235 0.772201 0.012279 0.015899
0 0.274663 0.305545 0.012148 0.015711
0 0.235342 0.726707 0.011764 0.014472
0 0.272807 0.571787 0.012396 0.013728
0 0.244753 0.693012 0.012313 0.015798
0 0.261118 0.774325 0.012952 0.016756
0 0.264646 0.245802 0.012136 0.016547
0 0.410829 0.595359 0.010826 0.014384
0 0.183677 0.530020 0.010344 0.015681
0 0.410525 0.313210 0.013963 0.017559
0 0.367391 0.315252 0.011017 0.015844
0 0.409600 0.392048 0.012033 0.015988
0 0.511803 0.203967 0.009328 0.014664
0 0.470720 0.476000 0.017204 0.020044
0 0.268300 0.624915 0.009727 0.011587
0 0.376299 0.770342 0.012288 0.016219
0 0.366951 0.617033 0.011422 0.015651
0 0.405801 0.676624 0.012366 0.013883
0 0.427387 0.509143 0.015606 0.018054
0 0.222070 0.558167 0.010348 0.015621
0 0.358598 0.765715 0.012918 0.014807
0 0.276742 0.441551 0.015198 0.021006
0 0.232171 0.598300 0.016733 0.018783
0 0.397034 0.502025 0.008477 0.011302
0 0.423565 0.534130 0.013488 0.018789
0 0.373757 0.795364 0.011921 0.013401
0 0.640762 0.295986 0.015034 0.014822
0 0.354290 0.154353 0.009181 0.013741
0 0.399742 0.439817 0.013130 0.016058
0 0.439362 0.576227 0.013624 0.016649
0 0.287017 0.811279 0.010874 0.011003
0 0.385509 0.524340 0.010992 0.016928
0 0.422831 0.210383 0.013700 0.022241
0 0.321617 0.676437 0.010408 0.014449
0 0.389847 0.313225 0.013357 0.019365
0 0.263166 0.424217 0.012253 0.017952
0 0.428148 0.632996 0.012144 0.017920
0 0.484554 0.649571 0.011808 0.016867
0 0.365507 0.747929 0.012199 0.012476
0 0.534952 0.197310 0.009367 0.012446
0 0.190750 0.550430 0.012294 0.017151
0 0.378913 0.631373 0.010373 0.014875
1 0.445423 0.790493 0.044014 0.050469
1 0.621479 0.740023 0.035211 0.038732
1 0.636884 0.656690 0.030810 0.055164
1 0.525528 0.767606 0.035211 0.051643
1 0.459947 0.718310 0.037852 0.051643
1 0.422535 0.731221 0.042254 0.039906
1 0.422535 0.821009 0.028169 0.055164
1 0.235035 0.620305 0.035211 0.043427
1 0.141285 0.382629 0.043134 0.042254
1 0.440141 0.174883 0.033451 0.037559
1 0.452905 0.318075 0.048415 0.046948