0 0.746785 0.456559 0.018988 0.018105
0 0.515553 0.206988 0.017703 0.018657
0 0.429969 0.268941 0.017481 0.017780
0 0.416119 0.494272 0.015072 0.017065
0 0.304189 0.278779 0.019889 0.021756
0 0.670045 0.852863 0.015601 0.014178
0 0.491663 0.839775 0.014966 0.015520
0 0.458577 0.846385 0.013789 0.014704
0 0.235027 0.298298 0.017138 0.017237
0 0.940556 0.328510 0.016612 0.017396
0 0.856905 0.833031 0.015438 0.015298
0 0.465459 0.371041 0.013629 0.014516
0 0.174045 0.628121 0.013014 0.013464
0 0.384318 0.376101 0.017905 0.018446
0 0.615173 0.079081 0.016009 0.016820
0 0.459833 0.477855 0.015316 0.015324
0 0.261647 0.353393 0.017246 0.017742
0 0.249880 0.554694 0.015686 0.016127
0 0.633786 0.057734 0.018483 0.016137
0 0.654320 0.790429 0.016292 0.014295
0 0.668442 0.582997 0.016378 0.017040
0 0.200477 0.270080 0.015596 0.014988
0 0.541383 0.459599 0.015159 0.017191
0 0.293611 0.242189 0.016833 0.017328
0 0.304977 0.686125 0.015521 0.015785
0 0.521220 0.085333 0.016731 0.017225
0 0.371010 0.932223 0.015887 0.015159
0 0.392357 0.637816 0.017225 0.018394
0 0.672695 0.548437 0.017128 0.018342
0 0.525951 0.741026 0.015685 0.014344
0 0.505028 0.175871 0.020001 0.020996
0 0.533285 0.604354 0.015920 0.015916
0 0.553661 0.223169 0.017076 0.018082
0 0.747628 0.568134 0.017875 0.015654
0 0.679819 0.881171 0.013657 0.012434
0 0.277109 0.270819 0.019295 0.019616
0 0.483722 0.428162 0.014873 0.013707
0 0.566112 0.487553 0.015729 0.016935
0 0.684063 0.356962 0.017473 0.015923
0 0.389327 0.909310 0.012604 0.013549
0 0.504426 0.406761 0.015397 0.016394
0 0.910529 0.271662 0.018788 0.015620
0 0.811883 0.280512 0.023314 0.023188
0 0.444875 0.594164 0.015136 0.013809
0 0.729172 0.412629 0.019185 0.020225
0 0.425477 0.189792 0.020252 0.020728
0 0.500947 0.952111 0.013465 0.012418
0 0.210360 0.627205 0.014596 0.012666
0 0.290854 0.360395 0.018543 0.020436
0 0.694938 0.052199 0.015760 0.018323
0 0.397015 0.874866 0.015278 0.013335
0 0.382728 0.982216 0.012692 0.011956
0 0.236514 0.522724 0.014944 0.014901
0 0.323828 0.895868 0.012790 0.012744
0 0.648112 0.744691 0.015530 0.013607
0 0.328478 0.787417 0.015339 0.014273
0 0.498279 0.985260 0.014893 0.013734
0 0.379421 0.315039 0.019243 0.017282
0 0.459408 0.571225 0.015628 0.014964
0 0.784170 0.119429 0.011758 0.010825
0 0.153724 0.678577 0.009663 0.013375
0 0.476530 0.074894 0.015150 0.015055
0 0.386926 0.946970 0.015031 0.012920
0 0.784268 0.363199 0.021706 0.019433
0 0.612046 0.143893 0.017047 0.017411
0 0.447105 0.333542 0.015054 0.014306
0 0.490283 0.867399 0.017552 0.018749
0 0.418472 0.344198 0.019110 0.017860
0 0.244436 0.199023 0.015264 0.015136
0 0.721050 0.707899 0.015345 0.014725
0 0.327598 0.394557 0.016027 0.015966
0 0.477273 0.053796 0.013273 0.014022
0 0.386344 0.582255 0.015580 0.016044
0 0.523102 0.152446 0.014027 0.014297
0 0.242434 0.684058 0.011858 0.011681
0 0.785424 0.250895 0.016929 0.016012
0 0.848280 0.361986 0.019879 0.016671
0 0.660095 0.814628 0.014023 0.015602
0 0.490216 0.447419 0.013942 0.013423
0 0.832987 0.617811 0.017407 0.016681
0 0.403053 0.250991 0.016060 0.015509
0 0.772752 0.179419 0.016827 0.016845
0 0.681143 0.697633 0.027964 0.023553
0 0.573635 0.746439 0.015546 0.015094
0 0.894222 0.682628 0.016577 0.016546
0 0.497541 0.062992 0.012791 0.014715
0 0.875117 0.790524 0.013969 0.012289
0 0.191707 0.609057 0.014975 0.015591
0 0.217502 0.456615 0.015477 0.014578
0 0.418482 0.826856 0.016752 0.015329
0 0.538963 0.424600 0.018094 0.015388
0 0.651565 0.083579 0.016348 0.015898
0 0.424981 0.831627 0.017035 0.016769
0 0.753806 0.682697 0.014826 0.013814
0 0.290361 0.541304 0.016428 0.016546
0 0.478337 0.404061 0.013092 0.012624
0 0.693006 0.111481 0.012909 0.013021
0 0.263993 0.523471 0.014274 0.014040
0 0.389923 0.081719 0.013654 0.013751
0 0.666683 0.236007 0.014183 0.015299
0 0.139293 0.727928 0.012468 0.011109
0 0.458281 0.150054 0.017872 0.016742
0 0.767615 0.233701 0.016562 0.014878
0 0.173789 0.686562 0.013026 0.014544
0 0.785951 0.716499 0.013226 0.013265
0 0.628832 0.365647 0.017547 0.018695
0 0.548782 0.771831 0.015180 0.017380
0 0.815832 0.855031 0.011178 0.014775
0 0.372652 0.592269 0.016402 0.015171
0 0.735168 0.754046 0.013122 0.014147
0 0.859666 0.659152 0.013743 0.014056
0 0.841913 0.732206 0.013480 0.012443
0 0.495154 0.745502 0.017622 0.013100
0 0.315617 0.114843 0.015108 0.012548
0 0.262615 0.831123 0.013450 0.011342
0 0.876190 0.198112 0.010893 0.013685
0 0.046413 0.463313 0.015147 0.015689
0 0.744789 0.862994 0.013917 0.013535
0 0.155650 0.517067 0.015409 0.014785
0 0.832787 0.667826 0.015949 0.014502
0 0.858849 0.780676 0.015544 0.012876
0 0.752234 0.215954 0.017570 0.014982
0 0.930136 0.373891 0.016905 0.016878
0 0.846354 0.204581 0.015449 0.013604
0 0.321390 0.309609 0.017503 0.016845
0 0.537958 0.626044 0.012931 0.014174
0 0.601469 0.434951 0.017391 0.017427
0 0.606630 0.640470 0.016043 0.014443
0 0.757783 0.890320 0.014728 0.014911
0 0.551623 0.110849 0.013076 0.012127
0 0.109860 0.341332 0.013300 0.013885
0 0.505643 0.007547 0.012840 0.008830
0 0.387483 0.407490 0.014524 0.014842
0 0.379293 0.587350 0.022668 0.017037
0 0.553346 0.160388 0.019938 0.018465
0 0.417648 0.079632 0.016115 0.021079
0 0.636604 0.191487 0.014625 0.016296
0 0.799208 0.744532 0.013862 0.014693
0 0.969555 0.498410 0.017206 0.014588
0 0.871828 0.621924 0.014599 0.013079
0 0.876608 0.742156 0.013627 0.013541
0 0.778027 0.394786 0.028054 0.025988
0 0.199694 0.695188 0.015108 0.014057
0 0.279541 0.786346 0.015071 0.014549
0 0.457744 0.444846 0.015557 0.018636
0 0.732386 0.603067 0.015950 0.013050
0 0.286453 0.157277 0.010502 0.010763
0 0.424755 0.465280 0.021277 0.020698
0 0.246213 0.879991 0.012674 0.008056
0 0.130347 0.559551 0.015796 0.013473
0 0.327431 0.567763 0.015540 0.012795
0 0.142171 0.728031 0.012484 0.016488
1 0.179577 0.203052 0.068075 0.058685
1 0.534038 0.823944 0.035211 0.030516
1 0.775235 0.069836 0.045775 0.048122