0 0.613264 0.410195 0.023358 0.017094
0 0.440292 0.286363 0.023553 0.018055
0 0.387422 0.529139 0.026434 0.017989
0 0.560486 0.438246 0.019693 0.013173
0 0.673955 0.178994 0.024305 0.017047
0 0.595078 0.452413 0.019083 0.013894
0 0.662124 0.445359 0.021439 0.015341
0 0.759091 0.335208 0.027175 0.021049
0 0.786134 0.376438 0.023692 0.016967
0 0.479125 0.230799 0.026235 0.020472
0 0.392117 0.274047 0.023183 0.017190
0 0.724822 0.446735 0.022717 0.016677
0 0.409669 0.224527 0.021238 0.014893
0 0.342611 0.525339 0.025211 0.019326
0 0.671660 0.512846 0.020834 0.014540
0 0.491189 0.372437 0.025609 0.018459
0 0.560719 0.539100 0.024580 0.018696
0 0.272745 0.283875 0.018964 0.013178
0 0.521718 0.408932 0.021128 0.015981
0 0.435776 0.227255 0.020303 0.014216
1 0.179823 0.338026 0.048002 0.034487
0 0.452204 0.407407 0.029189 0.021782
0 0.618457 0.584943 0.030927 0.026617
0 0.768647 0.586580 0.021295 0.016026
0 0.434658 0.199438 0.019733 0.014730
1 0.688370 0.268583 0.052936 0.045275
0 0.361567 0.246943 0.021545 0.016340
0 0.401426 0.307264 0.019687 0.013641
0 0.412240 0.327024 0.026425 0.018701
1 0.185527 0.290048 0.036959 0.030513
0 0.318959 0.407009 0.021220 0.015461
0 0.238782 0.345522 0.019133 0.013488
0 0.552914 0.284720 0.019748 0.015961
0 0.538887 0.476982 0.020065 0.014288
0 0.847697 0.335217 0.020227 0.014307
0 0.317848 0.449319 0.024600 0.017598
0 0.424193 0.601723 0.026440 0.019286
0 0.790386 0.593067 0.018515 0.012831
0 0.867619 0.471858 0.019914 0.014258
0 0.441209 0.120339 0.025066 0.017060
0 0.376370 0.229024 0.019464 0.013279
0 0.776332 0.516474 0.018298 0.012030
0 0.621382 0.521080 0.018527 0.013655
0 0.879317 0.411523 0.019441 0.012774
0 0.418696 0.536533 0.021640 0.016637
0 0.517130 0.475508 0.024438 0.015526
0 0.811349 0.290101 0.019363 0.013580
0 0.404929 0.162481 0.017843 0.013414
0 0.320221 0.387977 0.019688 0.015023
0 0.880583 0.383970 0.019227 0.011829
0 0.522160 0.603452 0.027764 0.021001
0 0.888293 0.347422 0.020368 0.013731
0 0.647983 0.357259 0.024673 0.020396
0 0.295374 0.321183 0.017976 0.011808
0 0.255433 0.498708 0.020686 0.015183
0 0.777985 0.280657 0.025313 0.019250
0 0.298223 0.354580 0.024678 0.016838