1 0.717524 0.551707 0.044889 0.044597
1 0.532480 0.346388 0.050861 0.042392
0 0.512536 0.663606 0.020678 0.019909
0 0.426765 0.496413 0.018668 0.018668
0 0.344402 0.351687 0.019536 0.018840
0 0.300074 0.204504 0.021622 0.020016
0 0.411704 0.529316 0.019724 0.019703
0 0.774953 0.792005 0.021656 0.020607
0 0.546108 0.518118 0.019227 0.017064
0 0.232469 0.200312 0.020344 0.019398
0 0.503788 0.468590 0.019336 0.019079
0 0.323964 0.674357 0.020968 0.020355
0 0.665237 0.341788 0.026477 0.023905
0 0.173875 0.670935 0.019034 0.018990
0 0.173626 0.364709 0.016779 0.015423
0 0.427437 0.053379 0.021196 0.021149
0 0.448571 0.806799 0.021080 0.021462
0 0.694296 0.476425 0.018565 0.018271
0 0.328334 0.184049 0.023687 0.022941
0 0.495271 0.274825 0.019798 0.019561
0 0.398015 0.118617 0.018906 0.018124
0 0.725661 0.193889 0.020913 0.020477
0 0.173939 0.598975 0.018953 0.017909
0 0.792920 0.327196 0.018332 0.018899
0 0.393090 0.800767 0.022774 0.021415
0 0.809682 0.223080 0.017997 0.018160
0 0.614869 0.541115 0.018206 0.018579
0 0.372857 0.198981 0.019103 0.018843
0 0.457062 0.550316 0.018652 0.018132
0 0.261993 0.121085 0.020991 0.019126
0 0.421394 0.374569 0.021947 0.020645
0 0.322407 0.118286 0.017506 0.017289
0 0.382871 0.249508 0.021853 0.021214
0 0.303362 0.458903 0.017989 0.016749
0 0.563392 0.725284 0.022590 0.021084
0 0.637336 0.675640 0.022039 0.020396
0 0.615569 0.357757 0.019260 0.018419
0 0.307874 0.393382 0.017227 0.016508
0 0.198836 0.404905 0.018957 0.017125
0 0.329252 0.480332 0.015435 0.014071
0 0.122691 0.267996 0.016399 0.016186
0 0.510393 0.870919 0.020360 0.019928
0 0.149385 0.390903 0.019687 0.017367
0 0.760483 0.511683 0.020483 0.018870
0 0.581475 0.381636 0.023642 0.020528
0 0.029653 0.611702 0.020440 0.019483
0 0.755498 0.295056 0.022654 0.022797
0 0.365542 0.536313 0.019605 0.018896
0 0.602062 0.579930 0.019215 0.018725
0 0.673250 0.110988 0.016169 0.016231
0 0.804509 0.631116 0.018194 0.018686
0 0.683327 0.808521 0.022635 0.021929
0 0.520458 0.514709 0.016986 0.015020
0 0.535430 0.416071 0.025317 0.024751
0 0.159171 0.316944 0.019542 0.019333
0 0.595186 0.232498 0.019270 0.019296
0 0.493166 0.565684 0.019973 0.018586
0 0.118834 0.213676 0.015729 0.015463
0 0.124475 0.372971 0.018068 0.017696
0 0.068670 0.224324 0.015197 0.014823
0 0.401408 0.976670 0.026055 0.024018
0 0.635627 0.863727 0.022797 0.021919
0 0.179974 0.285687 0.022951 0.023657
0 0.253738 0.405481 0.012945 0.012231
0 0.389340 0.399831 0.021627 0.024773
0 0.858410 0.593770 0.024837 0.023308
0 0.109694 0.683275 0.021447 0.021204
1 0.769443 0.706130 0.041445 0.039738
0 0.559381 0.842582 0.020225 0.020942
0 0.293865 0.807843 0.024666 0.025650
0 0.069928 0.309253 0.019745 0.018459
0 0.491328 0.891436 0.025969 0.022291
0 0.296486 0.414795 0.020429 0.019967
0 0.458238 0.062196 0.016300 0.016566
0 0.904599 0.539736 0.017853 0.016247
0 0.184145 0.199091 0.021436 0.021621
0 0.092625 0.281722 0.018649 0.017848
0 0.686013 0.494418 0.018289 0.017537
0 0.557911 0.555456 0.026871 0.020808
0 0.178644 0.796204 0.020991 0.019328
0 0.487933 0.165732 0.029303 0.029418
0 0.566236 0.807219 0.025110 0.025992
0 0.068277 0.640338 0.017160 0.016898
0 0.584341 0.341300 0.016590 0.017167
0 0.259535 0.825564 0.022982 0.021161
0 0.499925 0.720770 0.019650 0.020088
0 0.228306 0.821993 0.019536 0.020080
0 0.834590 0.268644 0.019712 0.019661
0 0.245797 0.085687 0.017753 0.017432
0 0.197078 0.889564 0.024347 0.022579
0 0.338292 0.158514 0.023579 0.020497
0 0.564361 0.428039 0.020245 0.024378
0 0.039086 0.263292 0.020701 0.020127
0 0.789407 0.179555 0.019157 0.018944
0 0.206670 0.635442 0.018385 0.019371
0 0.233766 0.264201 0.021307 0.021005
0 0.305862 0.619451 0.019638 0.019166
0 0.408234 0.449840 0.017920 0.017311
0 0.554641 0.495300 0.016254 0.017227
0 0.160874 0.857323 0.023617 0.021298
0 0.426666 0.300880 0.020021 0.017447
0 0.360125 0.375405 0.016682 0.016862
0 0.640264 0.899619 0.020985 0.019949
0 0.352747 0.471679 0.017144 0.016619