0 0.328358 0.654997 0.018016 0.012253
0 0.554775 0.614369 0.017483 0.011587
0 0.439897 0.682510 0.016876 0.011478
0 0.617369 0.644947 0.019177 0.013654
0 0.450702 0.620119 0.016267 0.012593
0 0.789364 0.679995 0.019702 0.013861
0 0.528101 0.644464 0.020526 0.014024
0 0.627906 0.709429 0.018080 0.012632
0 0.752929 0.629585 0.018709 0.012853
0 0.269211 0.623822 0.017508 0.012028
0 0.522082 0.413455 0.015760 0.010466
0 0.385986 0.496746 0.017274 0.012792
0 0.517990 0.680933 0.016924 0.011478
0 0.473407 0.639625 0.016416 0.010576
0 0.301724 0.645790 0.016697 0.010780
0 0.663440 0.560742 0.018724 0.013039
1 0.480623 0.377155 0.045888 0.033834
0 0.643558 0.580160 0.018167 0.011589
0 0.566528 0.579020 0.017598 0.012069
0 0.570907 0.920590 0.023690 0.018874
0 0.179735 0.503810 0.021044 0.015182
0 0.440686 0.553662 0.018704 0.013013
0 0.644364 0.914663 0.022026 0.015681
0 0.566657 0.829923 0.017766 0.011642
0 0.669406 0.843851 0.021022 0.013934
0 0.434776 0.447820 0.017466 0.012884
0 0.380751 0.452276 0.017291 0.011412
0 0.297302 0.536547 0.018760 0.013717
0 0.435484 0.415056 0.017500 0.012411
0 0.538321 0.888898 0.020356 0.014465
0 0.413812 0.648668 0.015424 0.011267
0 0.194173 0.559180 0.017701 0.012147
0 0.278542 0.689522 0.016677 0.010923
0 0.576360 0.738982 0.018677 0.012757
0 0.214819 0.590497 0.018255 0.012626
0 0.789657 0.636784 0.022881 0.016255
0 0.158904 0.547323 0.019065 0.013847
0 0.356792 0.423191 0.019577 0.013674
0 0.741813 0.651165 0.018789 0.012946
0 0.523136 0.477478 0.016352 0.011071
0 0.349162 0.522891 0.018232 0.012718
0 0.581897 0.605534 0.016943 0.010892
0 0.801436 0.702563 0.019911 0.013350
0 0.365870 0.689994 0.016387 0.010688
0 0.592559 0.557656 0.017315 0.011706
0 0.735875 0.442815 0.027330 0.016003
0 0.606832 0.810396 0.018737 0.013104
0 0.276168 0.587661 0.018197 0.012369
0 0.419200 0.567940 0.016935 0.011703
0 0.403143 0.766131 0.015663 0.009891
0 0.686234 0.662763 0.018142 0.012866
0 0.802014 0.486252 0.019300 0.014557
0 0.403702 0.715834 0.016589 0.011625
0 0.593828 0.418052 0.016873 0.012202
0 0.317627 0.844480 0.017354 0.012262
0 0.612998 0.588491 0.017243 0.011308
0 0.345371 0.862363 0.020063 0.014162
0 0.273466 0.744727 0.013634 0.009899
0 0.663745 0.884547 0.021010 0.015253
0 0.368019 0.732472 0.017258 0.011477
0 0.696181 0.882512 0.017756 0.013045
0 0.413852 0.542107 0.016455 0.011500
0 0.662912 0.796298 0.020857 0.013564
0 0.538868 0.671288 0.017447 0.011495
0 0.305318 0.599230 0.016559 0.011312
0 0.457566 0.446649 0.018089 0.012253
0 0.377720 0.623240 0.020564 0.013637
0 0.403373 0.935029 0.023664 0.017494
0 0.303738 0.865427 0.019329 0.014200
0 0.404253 0.688406 0.017256 0.012818
0 0.752145 0.690027 0.019784 0.013955
0 0.356022 0.543273 0.015871 0.010159
0 0.582378 0.628208 0.017486 0.011462
0 0.541883 0.493074 0.017118 0.011645
0 0.310817 0.671400 0.016800 0.011288
0 0.482604 0.491596 0.017717 0.012855
0 0.301240 0.804713 0.018757 0.012455
0 0.479899 0.750320 0.020596 0.015972
0 0.356580 0.581724 0.018738 0.012570
0 0.337240 0.506874 0.015386 0.011283
0 0.348147 0.458951 0.019423 0.012579
0 0.494740 0.618036 0.014837 0.010562
0 0.254952 0.812347 0.016329 0.011065
0 0.257830 0.726770 0.017678 0.011642
0 0.668965 0.743871 0.017000 0.011445
0 0.307652 0.560935 0.018730 0.013514
0 0.676579 0.764258 0.017658 0.011403
0 0.426711 0.489548 0.016954 0.010530
0 0.445795 0.471000 0.017447 0.011440
0 0.535330 0.383743 0.015724 0.012059
0 0.324051 0.728807 0.014857 0.010715
0 0.283326 0.667395 0.017503 0.012816
0 0.656593 0.616411 0.028196 0.015376
0 0.608893 0.777829 0.019398 0.016034
0 0.521860 0.752384 0.021420 0.014728
0 0.623078 0.419703 0.018688 0.012527
0 0.560987 0.423189 0.015173 0.010680
0 0.552195 0.540555 0.020048 0.014604
0 0.655711 0.419802 0.022452 0.015258
0 0.384812 0.545357 0.016658 0.012798
0 0.740808 0.476788 0.017621 0.011374
0 0.557268 0.471296 0.017477 0.013102
0 0.742693 0.502526 0.020233 0.015256
0 0.344546 0.732762 0.015369 0.009657
0 0.506484 0.524706 0.017691 0.011718
0 0.678498 0.446579 0.019015 0.014019
0 0.296236 0.416961 0.017839 0.012817
0 0.554921 0.402919 0.014544 0.009243
0 0.581246 0.476211 0.017488 0.012785
0 0.603019 0.487901 0.016882 0.011787
0 0.560898 0.378526 0.016109 0.010823
0 0.235552 0.639757 0.017528 0.013705
0 0.397332 0.790677 0.017823 0.011854
0 0.435681 0.808628 0.018396 0.013405
0 0.435044 0.764513 0.016588 0.011180
0 0.579569 0.446261 0.018599 0.012816
0 0.579092 0.537657 0.017420 0.012323
0 0.198588 0.473335 0.021023 0.014954
0 0.308507 0.750030 0.019035 0.011113
0 0.173945 0.525201 0.017144 0.010918
0 0.705814 0.575261 0.023101 0.013585
0 0.696940 0.620665 0.017839 0.012066
0 0.612401 0.934937 0.020106 0.013997
0 0.776499 0.426984 0.018684 0.012624
0 0.622327 0.463952 0.018438 0.012629
0 0.636540 0.441805 0.019541 0.015230
0 0.646306 0.747121 0.016620 0.010664
0 0.717233 0.600449 0.021240 0.011743
0 0.263718 0.569477 0.015361 0.009833
0 0.214211 0.493230 0.018653 0.012313
0 0.171392 0.605645 0.016320 0.012014
0 0.300198 0.700405 0.014955 0.009782
0 0.279656 0.544256 0.015252 0.009936
0 0.374893 0.786183 0.017975 0.010752
0 0.485985 0.471744 0.015603 0.011778
0 0.275045 0.858293 0.018347 0.015553
0 0.351526 0.922123 0.016984 0.012966
0 0.471590 0.957979 0.032801 0.023391
0 0.417825 0.781335 0.016946 0.011667
0 0.671507 0.492593 0.016885 0.011458
0 0.299025 0.778495 0.014439 0.009211
0 0.652826 0.778458 0.015459 0.010712
0 0.655481 0.455826 0.017882 0.011520
0 0.501729 0.504553 0.015869 0.010120
0 0.236737 0.461129 0.024260 0.016948
0 0.357472 0.761782 0.018119 0.010874
0 0.647272 0.729783 0.017127 0.011298
0 0.601140 0.693259 0.018414 0.011388
0 0.241477 0.560168 0.020034 0.013497
0 0.273179 0.840771 0.016864 0.010885
0 0.331118 0.436887 0.015484 0.012329
0 0.699156 0.505105 0.016879 0.011252
0 0.534556 0.444181 0.013576 0.009866
0 0.590698 0.713192 0.015492 0.009552
0 0.323464 0.803937 0.017749 0.012345
0 0.550664 0.510649 0.021404 0.011073
0 0.618509 0.752879 0.016216 0.014307
0 0.151110 0.644357 0.014540 0.010143
0 0.711197 0.472588 0.018769 0.014390
0 0.389423 0.669619 0.017663 0.011824
0 0.420352 0.472658 0.015070 0.010178
0 0.398912 0.666601 0.018219 0.011171
0 0.431075 0.702696 0.026092 0.011470
0 0.379915 0.756786 0.016341 0.009747
0 0.491861 0.557150 0.022764 0.011951
0 0.654987 0.939426 0.021212 0.012292
0 0.411136 0.746838 0.016373 0.009937
0 0.222053 0.570681 0.014849 0.009721
0 0.516072 0.539370 0.022245 0.010113
0 0.700556 0.460574 0.021986 0.016619
0 0.629939 0.732922 0.016203 0.010081
0 0.576760 0.696245 0.016687 0.010586
0 0.678720 0.592339 0.015200 0.009601
0 0.762387 0.838513 0.017704 0.011705
0 0.839578 0.502098 0.018475 0.014991
0 0.583037 0.694812 0.024656 0.013010
0 0.125924 0.624821 0.020683 0.012039
0 0.328195 0.378279 0.029826 0.018395
0 0.636384 0.936516 0.018977 0.011491
0 0.533475 0.362736 0.012756 0.009744
0 0.634532 0.382918 0.014409 0.011424
0 0.596798 0.464431 0.016944 0.010505
0 0.591173 0.692935 0.025373 0.013065
0 0.382929 0.751531 0.018002 0.011556
0 0.242008 0.487376 0.016845 0.010979
0 0.323612 0.397152 0.024762 0.010552
0 0.397926 0.746778 0.027044 0.010530
0 0.707427 0.469019 0.030097 0.024484
1 0.329009 0.377579 0.031757 0.018234
0 0.616179 0.747094 0.017702 0.014153
0 0.331542 0.449953 0.013695 0.012594