1 0.606561 0.870112 0.058040 0.039903
1 0.577841 0.633516 0.040242 0.034333
0 0.367043 0.484162 0.027434 0.019081
0 0.324559 0.508226 0.027350 0.020372
0 0.772086 0.497857 0.025114 0.019367
0 0.705466 0.480595 0.022438 0.015906
0 0.653860 0.393015 0.025054 0.018882
0 0.321367 0.766588 0.019852 0.014471
0 0.455441 0.767134 0.021035 0.015236
0 0.723134 0.683235 0.025875 0.019645
0 0.270642 0.815518 0.023558 0.015755
0 0.375784 0.717961 0.023960 0.017955
0 0.279902 0.791552 0.021073 0.014359
0 0.247856 0.435114 0.026126 0.020663
0 0.762397 0.651502 0.021251 0.014159
0 0.485348 0.366099 0.021324 0.016828
0 0.453366 0.430417 0.025581 0.018085
0 0.668354 0.664204 0.024537 0.017150
0 0.490364 0.474774 0.024658 0.018443
0 0.345846 0.544155 0.021213 0.015154
0 0.795708 0.677850 0.021958 0.016008
1 0.541315 0.668099 0.041043 0.028423
0 0.466464 0.817142 0.025621 0.017816
0 0.543833 0.898194 0.028175 0.019946
0 0.820229 0.591037 0.019423 0.013769
0 0.344232 0.448707 0.022131 0.015197
0 0.494139 0.627288 0.021702 0.015315
0 0.515884 0.554079 0.019498 0.013005
0 0.514933 0.459948 0.023738 0.016321
0 0.655548 0.776893 0.021367 0.016011
0 0.309042 0.620531 0.023363 0.017184
0 0.279303 0.382591 0.020346 0.014343
0 0.704478 0.449301 0.019225 0.013934
0 0.605777 0.564597 0.020919 0.015807
0 0.640928 0.698688 0.020666 0.015208
0 0.224406 0.487686 0.031608 0.023914
0 0.508496 0.778066 0.018119 0.012726
0 0.678765 0.373824 0.023311 0.014040
0 0.362890 0.856470 0.019350 0.012854
0 0.140859 0.662889 0.020648 0.014185
0 0.437963 0.883491 0.025758 0.018949
0 0.528358 0.643869 0.017177 0.013498
0 0.517495 0.508565 0.022033 0.015806
0 0.732970 0.628343 0.024786 0.022528
0 0.507498 0.593356 0.018413 0.013226
0 0.305265 0.586866 0.020145 0.016847
0 0.248087 0.409914 0.019970 0.013841
0 0.424335 0.576747 0.019049 0.013970
0 0.391002 0.412972 0.018849 0.014677
0 0.548716 0.769887 0.021520 0.014143
0 0.689127 0.547457 0.018548 0.014075
0 0.222448 0.812639 0.017861 0.013405
0 0.499109 0.662218 0.019808 0.013599
0 0.411003 0.534231 0.018337 0.013380
0 0.161934 0.647041 0.020561 0.012612
0 0.359886 0.331292 0.023565 0.016851
0 0.720645 0.570530 0.020987 0.015526
0 0.471553 0.638553 0.017831 0.012897
0 0.179555 0.452744 0.019721 0.013482
0 0.301600 0.593815 0.022767 0.017026
0 0.302236 0.661283 0.023683 0.018315
0 0.089558 0.589797 0.020038 0.012846
0 0.634566 0.885760 0.018054 0.012922
0 0.353220 0.403938 0.018281 0.013171