1 0.066849 0.609960 0.042994 0.027883
1 0.110859 0.733349 0.072413 0.048584
0 0.143170 0.562491 0.020322 0.013926
0 0.494213 0.547140 0.023734 0.017196
0 0.425553 0.821359 0.020726 0.014613
0 0.097898 0.551864 0.018600 0.012720
0 0.565208 0.563588 0.019705 0.013176
0 0.545309 0.411514 0.026993 0.018055
0 0.256557 0.703832 0.018597 0.012251
0 0.291235 0.556162 0.018179 0.013357
0 0.190965 0.617308 0.019164 0.013703
0 0.381456 0.502602 0.019479 0.014128
0 0.353824 0.632667 0.018127 0.013282
0 0.638962 0.648110 0.019336 0.014397
0 0.444398 0.497206 0.024273 0.019437
0 0.567790 0.691113 0.023126 0.014686
0 0.620605 0.422512 0.019190 0.014496
0 0.298805 0.654220 0.018696 0.012250
0 0.468834 0.879587 0.021631 0.016632
0 0.545192 0.853116 0.025553 0.018176
0 0.214591 0.773227 0.018872 0.012832
0 0.377824 0.621509 0.020523 0.014268
0 0.322431 0.604352 0.018495 0.013251
0 0.395106 0.546966 0.020232 0.014407
0 0.402167 0.434570 0.024157 0.019427
0 0.302933 0.609386 0.017580 0.012875
0 0.414841 0.464596 0.020160 0.013656
0 0.710374 0.725922 0.023472 0.016735
0 0.549670 0.670218 0.019326 0.014133
0 0.801176 0.606176 0.020581 0.014682
0 0.399535 0.738545 0.019531 0.013116
0 0.456779 0.530298 0.019371 0.014304
0 0.540917 0.548646 0.017831 0.012672
0 0.274363 0.424038 0.022420 0.017720
0 0.527237 0.489571 0.019504 0.013741
0 0.382164 0.371534 0.022231 0.016854
0 0.321597 0.701080 0.023458 0.017446
0 0.567033 0.446555 0.028661 0.022496
0 0.772974 0.628124 0.019223 0.013772
0 0.594675 0.845956 0.019282 0.014199
0 0.283983 0.838358 0.019223 0.013584
0 0.289249 0.575760 0.017705 0.012078
0 0.566134 0.608176 0.024686 0.016949
0 0.593040 0.773662 0.025044 0.018590
0 0.321643 0.889870 0.021882 0.015040
0 0.655196 0.589611 0.020940 0.015370
0 0.610847 0.499623 0.017877 0.011842
0 0.482971 0.385174 0.020195 0.014965
0 0.187843 0.766937 0.018975 0.013171
0 0.663315 0.753461 0.019667 0.014445
0 0.502951 0.676481 0.020010 0.015013
0 0.469164 0.631974 0.021215 0.014372
0 0.460418 0.357644 0.016277 0.012855
0 0.569226 0.778202 0.020423 0.014192
0 0.487116 0.900143 0.026800 0.018464
0 0.673225 0.513721 0.024424 0.019590
0 0.687693 0.597112 0.016870 0.012707
0 0.434489 0.868195 0.020542 0.014359
0 0.242807 0.651119 0.019896 0.013278
0 0.300753 0.635584 0.020280 0.014371
0 0.490575 0.801222 0.018570 0.013245
0 0.180900 0.784400 0.018601 0.013385
0 0.450616 0.758488 0.018865 0.013521
0 0.623058 0.528062 0.020469 0.015754
0 0.621536 0.622344 0.019725 0.012367
0 0.825524 0.561943 0.020458 0.014842
0 0.293810 0.903470 0.019121 0.011525
0 0.478421 0.791056 0.020210 0.012480
0 0.403176 0.835343 0.022751 0.016022
0 0.703825 0.704875 0.018849 0.013458
0 0.195236 0.683538 0.016267 0.011644
0 0.318905 0.442981 0.022027 0.014755
0 0.546243 0.908056 0.026780 0.020851
0 0.213539 0.477012 0.018673 0.013269
0 0.363120 0.590951 0.017689 0.013752
0 0.185725 0.738838 0.017063 0.012844
0 0.596551 0.632904 0.025430 0.018020
0 0.611302 0.599664 0.021557 0.015199
0 0.725408 0.843769 0.014494 0.009598
0 0.324239 0.439887 0.022272 0.015881
0 0.391134 0.590115 0.020584 0.013916
0 0.491194 0.688297 0.018644 0.013050
0 0.296217 0.793741 0.015420 0.011021
0 0.319117 0.606629 0.031401 0.016183
0 0.515937 0.853535 0.022331 0.014957
0 0.543490 0.808807 0.021109 0.013773
0 0.388354 0.559859 0.018279 0.011901
0 0.139514 0.603245 0.015949 0.011045
0 0.277693 0.839597 0.035618 0.019076
0 0.300416 0.650510 0.023832 0.024129