1 0.394274 0.699315 0.052242 0.036301
1 0.718874 0.259841 0.057259 0.042271
0 0.441688 0.527465 0.023760 0.017369
0 0.401107 0.504282 0.019289 0.014266
0 0.460227 0.441496 0.023516 0.016027
0 0.758128 0.475409 0.023847 0.017178
0 0.654544 0.499382 0.025364 0.018719
0 0.398978 0.567481 0.022657 0.014589
0 0.545460 0.565576 0.021590 0.014907
1 0.873767 0.517519 0.054327 0.053267
1 0.337693 0.418029 0.045164 0.031439
0 0.408937 0.487150 0.019818 0.013752
0 0.450658 0.489953 0.018509 0.011497
0 0.505099 0.633975 0.018961 0.014173
0 0.471696 0.502644 0.019226 0.012679
1 0.322642 0.408067 0.071965 0.052560
0 0.701300 0.556627 0.020376 0.014375
1 0.867731 0.535701 0.042395 0.029984
0 0.505656 0.605582 0.020427 0.014044
1 0.307083 0.396314 0.071599 0.058244
0 0.463993 0.409414 0.022167 0.015680
0 0.736636 0.513978 0.019225 0.014691
0 0.773452 0.597886 0.022808 0.017563
0 0.499307 0.465747 0.026521 0.017459
0 0.654979 0.547498 0.019067 0.015213
1 0.877814 0.503719 0.048094 0.032042
0 0.573564 0.544847 0.018266 0.013824
0 0.400809 0.749144 0.024739 0.017801
0 0.259614 0.482415 0.028123 0.020331
0 0.756373 0.502905 0.020143 0.012534
0 0.507013 0.716024 0.022115 0.016447
0 0.674741 0.564662 0.020435 0.014303
1 0.296602 0.383287 0.051265 0.039698
0 0.453808 0.242745 0.024541 0.021607
0 0.089591 0.445571 0.019571 0.014601
0 0.638881 0.478471 0.019642 0.014476
0 0.407625 0.492198 0.027307 0.023940
0 0.613205 0.726787 0.024993 0.018206
0 0.452299 0.634054 0.020502 0.014657
0 0.699452 0.507763 0.018615 0.013108
0 0.189023 0.464955 0.019412 0.013749
0 0.437162 0.352429 0.017444 0.013008
0 0.165129 0.481332 0.022479 0.015256
0 0.811951 0.558946 0.021141 0.013582
0 0.589670 0.368423 0.017668 0.013191