1 0.139096 0.526071 0.053317 0.050000
1 0.806591 0.395226 0.052824 0.046347
1 0.689724 0.552391 0.054522 0.050437
1 0.474422 0.809877 0.058122 0.053533
1 0.292205 0.932248 0.055891 0.051163
0 0.781219 0.682659 0.019365 0.020581
0 0.679933 0.724370 0.020161 0.020402
0 0.722303 0.390793 0.023288 0.022634
0 0.778803 0.447016 0.020497 0.021377
0 0.728469 0.448359 0.022080 0.021178
0 0.428836 0.967691 0.025554 0.024147
0 0.716108 0.606910 0.020901 0.020334
0 0.133657 0.460359 0.021707 0.020448
0 0.753839 0.250796 0.020519 0.019620
0 0.401990 0.812523 0.020160 0.019991
0 0.353647 0.227930 0.026516 0.024955
0 0.829076 0.739924 0.020425 0.019347
0 0.156061 0.358204 0.023001 0.021969
0 0.187276 0.852272 0.022140 0.022251
0 0.463499 0.458884 0.024006 0.023136
0 0.867500 0.318782 0.023574 0.023894
0 0.657091 0.809642 0.023323 0.022380
0 0.359257 0.806346 0.023106 0.023793
0 0.694728 0.763495 0.023141 0.024298
0 0.855695 0.777570 0.017806 0.017764
0 0.428803 0.362829 0.025194 0.027046
0 0.758502 0.655939 0.021016 0.020963
0 0.618701 0.680802 0.022365 0.020847
0 0.120959 0.716393 0.020296 0.018143
0 0.379565 0.756866 0.018507 0.018327
0 0.622267 0.169165 0.024186 0.022546
0 0.266908 0.780287 0.018837 0.018114
0 0.694459 0.637081 0.019258 0.019826
0 0.720710 0.733872 0.019037 0.019049
0 0.669521 0.683762 0.026702 0.027885
0 0.523876 0.972131 0.020436 0.019763
0 0.454049 0.592237 0.022692 0.026772
0 0.621091 0.525778 0.021744 0.019499
0 0.622211 0.332559 0.023047 0.021628
0 0.572846 0.746532 0.035378 0.036759
0 0.038785 0.409771 0.021346 0.021059
0 0.205455 0.613581 0.023594 0.021589
0 0.195800 0.775818 0.017711 0.017391
0 0.683032 0.969439 0.020655 0.020460
0 0.546700 0.955902 0.023710 0.024329
0 0.739502 0.744979 0.021510 0.020797
0 0.316542 0.754106 0.019373 0.019334
1 0.155541 0.202574 0.036463 0.034128
0 0.572793 0.547618 0.022300 0.021136
0 0.440795 0.924388 0.019439 0.019910
0 0.348012 0.713500 0.020793 0.020494
0 0.799017 0.501971 0.017602 0.017905
0 0.753331 0.450062 0.020252 0.019856
0 0.428629 0.085578 0.020128 0.020165
0 0.161277 0.408642 0.019576 0.019231
0 0.683268 0.852411 0.019392 0.019310
0 0.407274 0.777669 0.020355 0.021981
0 0.651757 0.217034 0.025885 0.038294
0 0.903070 0.451482 0.021771 0.027422
0 0.052664 0.525581 0.020415 0.020149
0 0.498333 0.454363 0.023352 0.025330
0 0.842028 0.645892 0.018829 0.018019
0 0.378958 0.344505 0.020416 0.023016
0 0.705857 0.690047 0.017484 0.016791
0 0.123209 0.797779 0.025879 0.026249
0 0.447600 0.721762 0.024077 0.020986
0 0.719769 0.824069 0.018305 0.019849
0 0.557500 0.645461 0.022868 0.029430
0 0.726358 0.300783 0.024016 0.022062
0 0.531636 0.787279 0.021027 0.022833
0 0.584428 0.098487 0.019813 0.021660
0 0.719840 0.222082 0.020789 0.020189
0 0.650032 0.228953 0.023802 0.029221
0 0.877545 0.574746 0.026510 0.031861
0 0.526316 0.363812 0.018431 0.020049