0 0.545684 0.727207 0.017692 0.024287
0 0.509012 0.553890 0.019231 0.023252
0 0.559641 0.512713 0.015728 0.019393
1 0.676798 0.244255 0.029166 0.036239
0 0.573781 0.473201 0.017687 0.021279
0 0.259472 0.556001 0.015731 0.019177
0 0.690177 0.353201 0.016230 0.021316
0 0.466795 0.601687 0.015162 0.018456
0 0.420804 0.438069 0.019593 0.025385
0 0.391574 0.592481 0.013906 0.018013
0 0.599354 0.515367 0.017267 0.022501
0 0.652340 0.318941 0.014114 0.017896
0 0.229331 0.543524 0.015066 0.019114
0 0.340525 0.535531 0.013605 0.017219
0 0.430987 0.185940 0.017068 0.023057
0 0.454825 0.687110 0.015823 0.020227
1 0.515592 0.248871 0.036407 0.040638
0 0.304192 0.128015 0.014854 0.021184
0 0.328637 0.617216 0.014123 0.017488
0 0.697214 0.457498 0.016441 0.020428
0 0.608758 0.608735 0.021201 0.026121
0 0.509149 0.395517 0.014204 0.017191
0 0.320953 0.575544 0.012904 0.015007
0 0.360751 0.673951 0.015903 0.019687
0 0.350735 0.584455 0.015240 0.017105
0 0.417635 0.551054 0.015373 0.019170
0 0.468325 0.402516 0.013938 0.016113
0 0.504878 0.584304 0.013302 0.015006
0 0.415722 0.484369 0.015096 0.018574
0 0.307644 0.277898 0.014115 0.018189
0 0.458478 0.332909 0.014632 0.018899
0 0.396947 0.102334 0.014725 0.021186
0 0.552136 0.400185 0.013533 0.017880
0 0.342047 0.386024 0.015403 0.021383
0 0.663465 0.560765 0.014494 0.018320
0 0.329056 0.769010 0.014840 0.016778
0 0.527857 0.381465 0.014350 0.019627
0 0.613302 0.375742 0.013840 0.017030
0 0.603654 0.588083 0.016378 0.016919
0 0.227314 0.294729 0.013865 0.018614
0 0.542805 0.413118 0.014076 0.017063
0 0.466117 0.372871 0.014067 0.018535
0 0.395773 0.532728 0.014998 0.019472
0 0.363593 0.555192 0.015938 0.017367
0 0.235776 0.683784 0.012648 0.013609
0 0.209494 0.495360 0.013427 0.016428
0 0.471800 0.636575 0.016356 0.020990
0 0.340317 0.486126 0.014441 0.018127
0 0.591047 0.276672 0.013882 0.019311
0 0.199226 0.601496 0.014186 0.016292
0 0.483753 0.117708 0.015465 0.019868
0 0.183841 0.478067 0.012995 0.015327