1 0.433693 0.673986 0.047732 0.039394
0 0.466138 0.494025 0.019481 0.013568
1 0.819849 0.609702 0.043009 0.030018
0 0.382606 0.423072 0.019264 0.014689
0 0.676623 0.395266 0.018896 0.013268
0 0.304749 0.501404 0.019893 0.014155
1 0.404329 0.520644 0.041216 0.033536
0 0.198634 0.591814 0.019128 0.013543
0 0.496558 0.674767 0.020057 0.013010
0 0.346714 0.692757 0.016513 0.011258
0 0.292722 0.441995 0.016513 0.012250
0 0.528489 0.634767 0.017491 0.012313
0 0.629093 0.627867 0.017888 0.011872
0 0.528357 0.701047 0.019804 0.014515
0 0.490441 0.309828 0.016922 0.012827
0 0.253732 0.553475 0.015794 0.010939
0 0.526932 0.867563 0.021570 0.015365
0 0.622479 0.864818 0.021188 0.015196
0 0.691026 0.679389 0.016189 0.011573
0 0.372259 0.453119 0.019395 0.012669
0 0.635645 0.699864 0.016090 0.011907
0 0.611701 0.558486 0.018368 0.012377
0 0.567263 0.689583 0.015748 0.010130
0 0.464449 0.603104 0.015627 0.011141
0 0.599418 0.844894 0.019565 0.014300
0 0.781381 0.499890 0.018133 0.014860
0 0.680549 0.521772 0.018263 0.013351
1 0.406336 0.353005 0.033327 0.022671
0 0.346349 0.439815 0.019031 0.012202
0 0.677793 0.625856 0.018428 0.012242
0 0.812367 0.729414 0.017127 0.011571
0 0.449409 0.627102 0.017331 0.012099
0 0.386943 0.816939 0.019928 0.013424
0 0.542006 0.654362 0.015940 0.010949
0 0.343714 0.631491 0.017785 0.014087
0 0.846808 0.581193 0.017237 0.011962
0 0.704400 0.583699 0.017497 0.012391
0 0.461942 0.707278 0.015996 0.011474
0 0.663760 0.665761 0.017241 0.011417
0 0.571036 0.579037 0.015517 0.011249
0 0.209970 0.683194 0.015766 0.010254
0 0.456032 0.317885 0.015227 0.011283
0 0.230140 0.635117 0.016918 0.012994
0 0.704936 0.522918 0.015910 0.010631
0 0.455264 0.550540 0.016038 0.012950
0 0.751733 0.499875 0.017034 0.011609
0 0.434271 0.773357 0.013794 0.010005
0 0.252952 0.446119 0.015070 0.010912
0 0.782032 0.538653 0.014596 0.009978
0 0.587293 0.719259 0.015495 0.011856
0 0.735958 0.591067 0.015585 0.014821
0 0.827875 0.447445 0.014679 0.010962
0 0.836636 0.481555 0.015928 0.012111
0 0.910364 0.608270 0.015816 0.010076
0 0.356800 0.581162 0.017674 0.012100
0 0.542386 0.349410 0.017532 0.010859
0 0.436321 0.751463 0.013632 0.009703
0 0.863734 0.515203 0.015760 0.010718
0 0.285689 0.807223 0.017178 0.011353
0 0.594719 0.684424 0.017200 0.011778
0 0.301957 0.389235 0.014855 0.010064
0 0.516143 0.490447 0.016091 0.011236
0 0.423320 0.738116 0.015240 0.010160
0 0.342243 0.807916 0.017402 0.012300
0 0.391333 0.564802 0.015365 0.011220
0 0.922194 0.585755 0.014495 0.010262
0 0.815329 0.396055 0.018709 0.013461
0 0.832544 0.567736 0.013678 0.009750
0 0.451771 0.621495 0.016016 0.013749
0 0.846912 0.418498 0.017777 0.011680
0 0.361613 0.608912 0.014823 0.010948
0 0.644075 0.508542 0.021784 0.014554
0 0.513728 0.376287 0.022161 0.017064
0 0.586982 0.506830 0.017967 0.012015
0 0.631272 0.454305 0.015854 0.011061
0 0.607531 0.600757 0.016689 0.011857
0 0.877858 0.564365 0.015957 0.011734
0 0.648420 0.340566 0.015946 0.011376
0 0.207717 0.650459 0.015768 0.011900
0 0.674067 0.557959 0.016207 0.013283
0 0.438044 0.444788 0.016319 0.011743
0 0.709379 0.688755 0.017093 0.011395
0 0.707218 0.549990 0.022420 0.013576
0 0.429100 0.734503 0.014849 0.010529
0 0.152528 0.502763 0.016252 0.010881
0 0.514846 0.426107 0.017169 0.013235