1 0.523295 0.933628 0.063092 0.057026
1 0.883113 0.690413 0.056428 0.046528
0 0.388677 0.965887 0.020832 0.019675
0 0.061744 0.622668 0.020388 0.020797
0 0.300380 0.666528 0.021526 0.019999
0 0.478840 0.277643 0.022959 0.021987
0 0.104677 0.749082 0.024336 0.024662
0 0.609507 0.232997 0.020716 0.020937
0 0.264765 0.721607 0.022580 0.022863
0 0.073676 0.663076 0.021195 0.021290
0 0.377375 0.269905 0.024566 0.024394
0 0.316618 0.247796 0.021589 0.021645
0 0.572135 0.892914 0.021542 0.017783
0 0.158110 0.305211 0.019556 0.019404
0 0.304648 0.200064 0.020905 0.020523
0 0.477813 0.503517 0.020646 0.018709
0 0.639864 0.918831 0.017065 0.015595
0 0.335026 0.282886 0.021816 0.021913
0 0.683792 0.855452 0.014431 0.013039
0 0.551185 0.505022 0.020405 0.017824
0 0.339709 0.332184 0.019778 0.019637
0 0.057516 0.725077 0.023850 0.027108
0 0.445161 0.387530 0.018854 0.018862
0 0.255926 0.399944 0.019265 0.019046
0 0.547481 0.721634 0.018982 0.016407
0 0.711994 0.772669 0.014079 0.014273
0 0.517097 0.483533 0.017281 0.017289
0 0.811570 0.611155 0.017128 0.017252
0 0.632587 0.371021 0.018587 0.018329
0 0.597575 0.977761 0.017914 0.016516
0 0.674309 0.267091 0.025558 0.020002
0 0.543509 0.310691 0.020887 0.020354
0 0.066841 0.785344 0.022085 0.022426
0 0.172194 0.817103 0.022881 0.022603
0 0.209871 0.631492 0.020976 0.021489
0 0.660380 0.526857 0.016403 0.014429
0 0.581151 0.479416 0.017879 0.017878
0 0.563488 0.828269 0.015406 0.014728
1 0.445000 0.899344 0.057266 0.054726
0 0.268135 0.237938 0.021018 0.018977
0 0.235371 0.820512 0.023167 0.022552
0 0.559295 0.750367 0.016120 0.014053
0 0.662675 0.373045 0.018124 0.017975
0 0.707714 0.647493 0.017719 0.019037
0 0.054579 0.549219 0.019331 0.018102
0 0.139546 0.794197 0.022009 0.021936
0 0.791445 0.651827 0.014573 0.013873
0 0.171285 0.710282 0.022035 0.020094
0 0.340357 0.870321 0.022152 0.019841
0 0.866644 0.533985 0.014290 0.014657
0 0.294026 0.974343 0.027431 0.022477
0 0.793525 0.815421 0.013608 0.012488
0 0.330609 0.923020 0.021792 0.021965
0 0.797445 0.563446 0.016479 0.014534
0 0.513478 0.804115 0.016224 0.015420
0 0.174147 0.775307 0.022991 0.023513
0 0.600718 0.743170 0.017978 0.017389
0 0.471078 0.437520 0.020926 0.021183
0 0.017737 0.548382 0.020176 0.019910
0 0.903458 0.605809 0.013630 0.013552
0 0.914576 0.508787 0.015089 0.014659
0 0.538327 0.624667 0.017953 0.017958
0 0.406442 0.312425 0.019383 0.019901
0 0.524265 0.779266 0.016116 0.014806
0 0.628570 0.890697 0.014920 0.013849
0 0.720319 0.307020 0.017835 0.016912
0 0.334597 0.401824 0.019090 0.018635
0 0.539716 0.767344 0.015409 0.015003
0 0.760072 0.638687 0.015662 0.014247
0 0.656336 0.636213 0.024785 0.019845
0 0.733913 0.271499 0.016350 0.015200
0 0.491505 0.671227 0.020338 0.019083
0 0.709829 0.825410 0.014830 0.013678
0 0.709179 0.882307 0.018113 0.016432
0 0.579356 0.633037 0.016130 0.015319
0 0.298576 0.544430 0.019630 0.018305
0 0.279196 0.311030 0.018455 0.018180
0 0.701960 0.328105 0.017196 0.014178
0 0.517260 0.384401 0.021609 0.021514
0 0.313973 0.342872 0.018743 0.018696
0 0.162629 0.356914 0.018037 0.017708
0 0.907930 0.436001 0.021159 0.017431
1 0.404896 0.611166 0.041155 0.039796
0 0.683642 0.601369 0.017731 0.017808
0 0.416274 0.336958 0.023206 0.022834
0 0.491988 0.466189 0.027111 0.020292
0 0.667463 0.888223 0.015975 0.014777
0 0.304164 0.506996 0.016645 0.015970
0 0.330185 0.464548 0.023287 0.018248
0 0.482497 0.768436 0.016698 0.015669
0 0.441414 0.658124 0.025521 0.020878
0 0.663286 0.453449 0.015660 0.014596
0 0.943294 0.562421 0.015448 0.015381
0 0.557991 0.646172 0.019213 0.015841
0 0.606672 0.883921 0.016135 0.015345
0 0.773651 0.513299 0.016992 0.015071
0 0.680104 0.504141 0.017857 0.019647
0 0.637846 0.832034 0.016350 0.014424
0 0.564540 0.455645 0.015475 0.014631
0 0.771408 0.271437 0.020663 0.019392
0 0.120412 0.650911 0.028058 0.023629
0 0.264542 0.334045 0.016606 0.016234
0 0.686720 0.298025 0.015685 0.015338
0 0.577230 0.966083 0.014709 0.013995
0 0.631392 0.202936 0.023834 0.020877
0 0.254401 0.476960 0.020330 0.018490
0 0.729403 0.846669 0.013766 0.015322
0 0.270466 0.275755 0.018085 0.017573
0 0.722128 0.736899 0.014037 0.012892
0 0.736891 0.890591 0.013331 0.011960
0 0.801201 0.686441 0.017096 0.016610
0 0.724699 0.347386 0.018814 0.018467
0 0.376571 0.903943 0.016598 0.015599
0 0.198389 0.346640 0.020095 0.018060
0 0.651275 0.858741 0.014702 0.013801
0 0.804305 0.399046 0.017338 0.019059
1 0.760777 0.964322 0.093754 0.066711
0 0.236171 0.625028 0.018820 0.018003
0 0.345803 0.258827 0.016100 0.016433
0 0.132378 0.388398 0.016331 0.015946
0 0.534318 0.839946 0.025206 0.021153
0 0.415538 0.696168 0.017136 0.016991
0 0.595141 0.416778 0.021913 0.019045
0 0.531856 0.671328 0.020546 0.023693
0 0.720952 0.200709 0.017298 0.016283
0 0.499472 0.416853 0.019134 0.017732
0 0.723421 0.676139 0.017279 0.017995
0 0.197810 0.375626 0.016464 0.014811
0 0.641389 0.460478 0.016752 0.015527
0 0.306222 0.372364 0.022010 0.017732
0 0.242279 0.265786 0.018691 0.019889
0 0.780741 0.357266 0.015005 0.014324
0 0.850943 0.394576 0.018921 0.016847
0 0.661458 0.971202 0.014452 0.015655
0 0.113869 0.369232 0.014954 0.014953
0 0.743249 0.246717 0.015628 0.014788
0 0.339695 0.427151 0.019892 0.019313
0 0.728190 0.566451 0.016888 0.015373
0 0.753730 0.578779 0.015691 0.016369
0 0.184418 0.931432 0.018854 0.017693
0 0.693152 0.823358 0.015578 0.014741
0 0.610209 0.449355 0.018766 0.018826
0 0.420806 0.436153 0.016357 0.014985
0 0.893695 0.783610 0.013571 0.013769
0 0.573622 0.805015 0.020032 0.019063
0 0.471472 0.843699 0.016091 0.013715
0 0.585887 0.365007 0.023178 0.027535
0 0.856695 0.348681 0.020161 0.022148
0 0.752023 0.801662 0.013589 0.014831
0 0.919579 0.645631 0.013675 0.015504
0 0.814342 0.447326 0.019264 0.018549
0 0.836700 0.865246 0.013610 0.011922
0 0.822804 0.840066 0.013532 0.012064
0 0.766749 0.553483 0.015149 0.013832
0 0.817107 0.911335 0.014386 0.014545
0 0.262643 0.933870 0.017084 0.016909
0 0.665011 0.580280 0.018021 0.016602
0 0.520379 0.446588 0.015929 0.013676
0 0.646081 0.579235 0.017443 0.017171
0 0.926703 0.589817 0.014404 0.013281
0 0.938123 0.631566 0.015065 0.014001
0 0.513494 0.342437 0.018913 0.018896
0 0.936308 0.466350 0.016329 0.014602
0 0.524972 0.740204 0.014735 0.012778
0 0.292346 0.481194 0.021544 0.019143
0 0.143014 0.359073 0.016983 0.016324
0 0.812808 0.802750 0.014544 0.011223
0 0.787650 0.718676 0.014310 0.016894
0 0.388546 0.330199 0.016667 0.015130
0 0.163824 0.672634 0.023110 0.021379
0 0.691176 0.427967 0.017189 0.016357
0 0.600136 0.618160 0.019538 0.018156
0 0.369431 0.458857 0.021510 0.024317
0 0.475100 0.642922 0.018928 0.017000
0 0.406266 0.896018 0.015049 0.015548
0 0.648137 0.196638 0.018112 0.018663
0 0.834799 0.549253 0.014189 0.013689
0 0.664696 0.867086 0.014493 0.013155
0 0.763329 0.731725 0.016327 0.014242
0 0.835038 0.770379 0.013039 0.011997
0 0.817839 0.338988 0.015321 0.014122
0 0.575655 0.596046 0.015447 0.014137
0 0.208252 0.282744 0.020895 0.019822
0 0.701376 0.366461 0.015387 0.013369
0 0.279242 0.939260 0.017589 0.016618
0 0.548009 0.556428 0.020013 0.018206
0 0.894650 0.569247 0.016439 0.015610
0 0.118705 0.327790 0.016432 0.018069
0 0.466540 0.782824 0.016588 0.016709
0 0.531806 0.523760 0.015448 0.015668
0 0.006882 0.742943 0.013764 0.019776
0 0.856518 0.847627 0.014481 0.014715
0 0.809769 0.496447 0.020253 0.016933
0 0.809154 0.278435 0.018777 0.023155
0 0.699588 0.543834 0.015293 0.013862
0 0.671191 0.723001 0.015423 0.014372
0 0.726971 0.501376 0.015827 0.016808
0 0.486424 0.347351 0.018792 0.018504
0 0.865078 0.500998 0.013993 0.013169
0 0.573204 0.767146 0.014883 0.012689
0 0.155385 0.469782 0.020582 0.020102
0 0.851515 0.602875 0.013517 0.012621
0 0.209266 0.991545 0.024413 0.016910
0 0.444946 0.417377 0.016325 0.014569
0 0.392727 0.716425 0.019849 0.018621
0 0.702696 0.514596 0.016692 0.014976
0 0.706242 0.619432 0.016736 0.013946
0 0.891907 0.488406 0.014419 0.012301
0 0.714812 0.387086 0.016132 0.015716
0 0.113124 0.654632 0.026563 0.023261
0 0.423231 0.407159 0.018527 0.019714
0 0.686163 0.992312 0.014065 0.012136
0 0.872721 0.871609 0.013338 0.012509
0 0.815921 0.532006 0.017957 0.019258
0 0.731860 0.767446 0.013881 0.011488
0 0.524111 0.647033 0.014161 0.013011
0 0.309141 0.402544 0.017215 0.016554
0 0.584455 0.567114 0.016742 0.015379
0 0.852721 0.815442 0.013388 0.011156
0 0.940613 0.666448 0.013169 0.012256
0 0.771030 0.763541 0.014420 0.014445
0 0.611925 0.506195 0.019109 0.016724
0 0.213215 0.399420 0.017645 0.017435
0 0.597647 0.499541 0.020774 0.016366
0 0.661082 0.774801 0.016745 0.014263
0 0.765381 0.321266 0.019903 0.019928
0 0.521905 0.421452 0.017311 0.014454
0 0.741957 0.390092 0.017885 0.019477
0 0.552949 0.382628 0.017611 0.017551
0 0.662965 0.820924 0.017415 0.017431
0 0.807333 0.359936 0.016025 0.015878
0 0.644761 0.738739 0.014157 0.016359
0 0.067754 0.341532 0.020283 0.019122
0 0.367922 0.404032 0.016060 0.015465
0 0.556843 0.983967 0.021307 0.020268
0 0.615606 0.714578 0.014558 0.013480
0 0.175366 0.435633 0.016188 0.014623
1 0.775346 0.960118 0.054451 0.043158
0 0.529170 0.677610 0.018217 0.016983
0 0.849975 0.662306 0.015643 0.015383
0 0.139256 0.940431 0.016366 0.015741
0 0.860813 0.584166 0.014204 0.013094
0 0.596346 0.686658 0.015379 0.014474
0 0.665561 0.987699 0.012953 0.012943
0 0.234020 0.910747 0.020047 0.020860
0 0.632537 0.426489 0.015113 0.015463
0 0.395873 0.519541 0.020964 0.018554
0 0.643441 0.200052 0.030264 0.021281
0 0.681285 0.956205 0.017361 0.015013
0 0.691198 0.472384 0.021004 0.020952
0 0.704981 0.689414 0.014708 0.015223
0 0.744347 0.507155 0.016515 0.015114
0 0.476899 0.971932 0.016341 0.015083
0 0.727266 0.857660 0.014136 0.016245
0 0.541463 0.409634 0.020199 0.016734
0 0.838088 0.682978 0.013857 0.013300
0 0.380509 0.431305 0.020869 0.024426
0 0.874814 0.637062 0.013220 0.014119
0 0.834226 0.792984 0.013621 0.014167
0 0.657951 0.862736 0.021492 0.019257
0 0.833167 0.917766 0.016367 0.013635
0 0.353041 0.566606 0.020693 0.019271
0 0.409398 0.738033 0.018229 0.019151
0 0.435661 0.501479 0.017856 0.018742
0 0.487519 0.809505 0.013119 0.011958
0 0.185721 0.314280 0.015478 0.015101
0 0.753038 0.401461 0.016891 0.013925
0 0.005315 0.571081 0.010630 0.017794
0 0.482710 0.993847 0.021906 0.012306
0 0.506255 0.976148 0.016974 0.016014
0 0.635005 0.805189 0.013153 0.012117
0 0.489398 0.374950 0.018579 0.017183
0 0.891288 0.452375 0.013653 0.012640
0 0.746392 0.724800 0.019106 0.015560
0 0.854551 0.328113 0.018113 0.017416