1 0.322772 0.396443 0.055811 0.054477
1 0.725534 0.297419 0.050739 0.032975
1 0.512105 0.532526 0.060498 0.039575
1 0.641560 0.506524 0.044895 0.029486
0 0.505299 0.367195 0.015537 0.010551
0 0.615098 0.341792 0.017625 0.012193
0 0.293922 0.434989 0.017552 0.011386
0 0.543232 0.683370 0.019117 0.013455
0 0.805973 0.384603 0.013923 0.010010
0 0.373714 0.231111 0.018719 0.014002
0 0.428829 0.315128 0.017472 0.011171
0 0.380496 0.341804 0.014848 0.010489
0 0.753656 0.633974 0.015371 0.010925
0 0.678059 0.445680 0.016101 0.010300
0 0.854216 0.560013 0.016449 0.012074
0 0.429731 0.372390 0.016952 0.011328
0 0.646887 0.560492 0.015440 0.011203
0 0.682762 0.551015 0.015577 0.009930
0 0.462843 0.670553 0.015612 0.010464
0 0.403861 0.291180 0.017729 0.013618
0 0.715176 0.350369 0.017116 0.011827
0 0.866014 0.309644 0.018016 0.012615
0 0.739203 0.358029 0.014851 0.009818
0 0.418688 0.400403 0.015221 0.010422
0 0.630872 0.410886 0.015113 0.011706
0 0.508978 0.236391 0.016036 0.011203
0 0.714936 0.624959 0.014931 0.010328
0 0.372467 0.533587 0.014255 0.010089
0 0.842938 0.427978 0.013951 0.009464
0 0.608585 0.527853 0.015855 0.011287
0 0.473060 0.274564 0.020184 0.013463
0 0.355675 0.665129 0.014068 0.008948
0 0.679282 0.657456 0.015162 0.010128
0 0.762733 0.550170 0.017526 0.011075
0 0.795655 0.508009 0.013950 0.010034
0 0.770013 0.310934 0.014939 0.009808
0 0.404841 0.658262 0.014233 0.010410
0 0.475126 0.497347 0.014454 0.009521
0 0.696465 0.602778 0.016857 0.010659
0 0.364560 0.684717 0.015324 0.011060
0 0.339432 0.579718 0.012999 0.008891
0 0.686965 0.333073 0.014565 0.010564
0 0.589747 0.589083 0.017624 0.011092
0 0.527580 0.345968 0.015386 0.009995
0 0.805231 0.551141 0.015026 0.009621
0 0.316465 0.558281 0.016791 0.011695
0 0.644731 0.578474 0.014968 0.008915
0 0.684954 0.471140 0.014404 0.010328
0 0.770991 0.471082 0.012936 0.007973
0 0.838862 0.397599 0.014364 0.009457
0 0.553549 0.462837 0.014925 0.011861
0 0.637705 0.218264 0.015234 0.011570
0 0.750739 0.478439 0.012965 0.008398
0 0.675314 0.299480 0.014708 0.009541
0 0.398950 0.385939 0.016564 0.012145
0 0.472821 0.411489 0.016758 0.010471
0 0.514601 0.459145 0.016060 0.010467
0 0.584971 0.232086 0.018678 0.014585
0 0.697567 0.582979 0.012204 0.008219
0 0.605762 0.313645 0.015456 0.011008
0 0.470278 0.296944 0.017384 0.011744
0 0.525417 0.498205 0.015719 0.011112
0 0.820397 0.520070 0.014689 0.010017
0 0.656062 0.323176 0.014148 0.009696
0 0.332026 0.243259 0.019733 0.013107
0 0.839627 0.530238 0.014215 0.009691
0 0.589294 0.477520 0.014362 0.009146
1 0.273596 0.627843 0.054124 0.035664
0 0.390736 0.629203 0.014336 0.009544
0 0.770654 0.389692 0.014316 0.009205
0 0.899049 0.344859 0.016742 0.011960
0 0.710982 0.666786 0.017106 0.011233
0 0.730467 0.466535 0.015327 0.010799
0 0.740338 0.657850 0.015665 0.010864
0 0.701487 0.366977 0.013807 0.008759
0 0.596530 0.363636 0.016899 0.010993
0 0.654552 0.526396 0.013170 0.008659
0 0.392021 0.354314 0.015175 0.009834
0 0.320463 0.492513 0.013268 0.009961
0 0.812536 0.325404 0.013554 0.009269
0 0.598170 0.460864 0.015568 0.013159
0 0.624904 0.714390 0.019366 0.014341
0 0.661926 0.478098 0.013292 0.009228
0 0.720440 0.563859 0.012744 0.008590
0 0.723140 0.383934 0.014695 0.011464
0 0.784879 0.644648 0.016775 0.010750
0 0.728053 0.444965 0.016216 0.009880
0 0.734655 0.503783 0.013603 0.008906
0 0.580915 0.398929 0.017266 0.010028
0 0.547508 0.379014 0.016849 0.010846
0 0.666218 0.540308 0.015380 0.010300
0 0.677104 0.524203 0.013385 0.008071
0 0.596982 0.742935 0.024408 0.015661
0 0.714687 0.547793 0.012935 0.008821
0 0.498933 0.218103 0.014213 0.010310
0 0.428939 0.261443 0.014745 0.009508
0 0.739740 0.417529 0.013578 0.009553
0 0.844186 0.374518 0.015271 0.009677
0 0.728138 0.680422 0.015842 0.010727
0 0.441872 0.282766 0.015261 0.010357
0 0.881156 0.419656 0.013768 0.009880
0 0.246766 0.416889 0.017223 0.010810
0 0.535330 0.410289 0.015139 0.010681
0 0.817767 0.282334 0.016494 0.012008
0 0.351151 0.621665 0.013306 0.009284
0 0.339046 0.638889 0.016348 0.011335
1 0.251453 0.620542 0.072546 0.042405
0 0.272631 0.341776 0.015714 0.010635
0 0.614578 0.622661 0.015706 0.009192
0 0.515589 0.644811 0.017294 0.012305
0 0.705279 0.698789 0.017030 0.012537
0 0.693970 0.423087 0.015311 0.010188
0 0.795277 0.271659 0.012835 0.008591
0 0.454789 0.480053 0.013839 0.009411
0 0.646871 0.454973 0.017842 0.010522
0 0.858138 0.339243 0.014384 0.009295
0 0.492494 0.299277 0.016426 0.011292
0 0.319737 0.509322 0.012578 0.009673
0 0.613618 0.600137 0.013762 0.009527
0 0.312843 0.599847 0.013354 0.010415
0 0.300486 0.323236 0.016519 0.012671
0 0.666453 0.504209 0.014684 0.009755
0 0.854585 0.515284 0.012720 0.009142
0 0.324209 0.268545 0.017908 0.012425
0 0.799655 0.304382 0.017637 0.011496
0 0.548904 0.325722 0.018840 0.011313
0 0.386469 0.278928 0.017531 0.010601
0 0.692305 0.632753 0.015152 0.008604
0 0.738720 0.532764 0.012263 0.008125
0 0.329196 0.309592 0.015392 0.010740
0 0.304998 0.540775 0.015637 0.009279
0 0.552572 0.241075 0.013012 0.009247
0 0.428055 0.461796 0.014167 0.008761
0 0.450647 0.236423 0.017396 0.013579
0 0.516477 0.476938 0.014178 0.009305
0 0.822890 0.557522 0.015118 0.012821
0 0.547597 0.423338 0.015346 0.009924
0 0.504425 0.615304 0.015198 0.009846
0 0.886605 0.360053 0.015455 0.010654
0 0.293876 0.288651 0.017240 0.010990
0 0.704313 0.461247 0.013847 0.008897
0 0.553926 0.208227 0.013606 0.009786
0 0.440279 0.300887 0.015762 0.010594
0 0.402321 0.486270 0.013816 0.009849
0 0.337996 0.533404 0.013243 0.008136
0 0.353401 0.322567 0.015029 0.011461
0 0.781510 0.357812 0.017218 0.011201
0 0.515712 0.321845 0.016010 0.011169
0 0.802171 0.432308 0.014849 0.010205
0 0.655175 0.412391 0.015456 0.011793
0 0.331431 0.332185 0.016223 0.010877
0 0.471120 0.714884 0.016327 0.009803
0 0.571076 0.740173 0.019511 0.013522
0 0.833000 0.309719 0.014151 0.010189
0 0.575634 0.373642 0.018099 0.011302
0 0.815238 0.639616 0.014063 0.009461
0 0.672747 0.431452 0.014411 0.008489
0 0.436455 0.676926 0.016328 0.013250
0 0.410869 0.430311 0.015673 0.009665
0 0.211498 0.481067 0.016671 0.010653
0 0.496529 0.459826 0.014037 0.008676
0 0.755106 0.513913 0.018014 0.010153
0 0.353692 0.464746 0.013492 0.008642
0 0.494977 0.445557 0.017324 0.010112
0 0.256423 0.534194 0.013807 0.009047
0 0.537210 0.593403 0.017012 0.011806
0 0.482083 0.199678 0.015139 0.012667
0 0.828848 0.353744 0.013929 0.008632
0 0.589905 0.440503 0.015408 0.010177
0 0.482329 0.703782 0.019351 0.012310
0 0.678650 0.698034 0.020933 0.015786
0 0.452856 0.421809 0.013605 0.010047
0 0.695628 0.507696 0.013541 0.011701
0 0.723448 0.403546 0.014508 0.009610
0 0.231521 0.529925 0.012932 0.009338
0 0.263779 0.310994 0.018441 0.013994
0 0.633335 0.441178 0.016611 0.009840
0 0.415425 0.680438 0.013496 0.008145
0 0.385744 0.698221 0.014521 0.009799
0 0.282060 0.542473 0.014470 0.010328
0 0.619074 0.574388 0.014440 0.012889
0 0.445985 0.570553 0.016148 0.011268
0 0.789594 0.418721 0.014648 0.011618
0 0.797655 0.664661 0.014155 0.008639
0 0.429124 0.491499 0.013661 0.009434
0 0.533257 0.190377 0.015142 0.011508
0 0.337901 0.651146 0.014883 0.010890
0 0.862405 0.371924 0.014596 0.009888
0 0.252568 0.501760 0.015151 0.009083
0 0.300494 0.525163 0.013442 0.008962
0 0.597713 0.605458 0.014627 0.008891
0 0.898000 0.390884 0.013550 0.009298
0 0.865077 0.498565 0.017499 0.011145
0 0.783080 0.449266 0.013012 0.009124
0 0.530295 0.271014 0.013755 0.008957
0 0.868307 0.445728 0.013704 0.008732
0 0.621129 0.547092 0.012483 0.008135
0 0.325725 0.288708 0.017143 0.011060
0 0.851169 0.285189 0.015118 0.013847
0 0.469634 0.461992 0.016657 0.010844
0 0.422930 0.545085 0.014587 0.009800
0 0.471212 0.228252 0.014602 0.010093
0 0.663307 0.360382 0.018057 0.011721
0 0.867037 0.469742 0.012947 0.008962
0 0.421440 0.721803 0.017862 0.012304
0 0.381498 0.456139 0.015102 0.011119
0 0.428206 0.698402 0.018799 0.011403
0 0.536640 0.263316 0.013862 0.010512
0 0.772763 0.354195 0.014377 0.009761
0 0.559290 0.342792 0.020061 0.010078
0 0.572258 0.368616 0.018304 0.012257
0 0.450895 0.201397 0.017454 0.010794
0 0.852361 0.460239 0.013505 0.009415
0 0.815672 0.532475 0.013973 0.009817
0 0.511594 0.702650 0.017110 0.011953
0 0.740258 0.700006 0.020373 0.011956
0 0.542741 0.292990 0.019502 0.013084
0 0.886909 0.326058 0.017874 0.012448
0 0.683828 0.390501 0.021104 0.010229
0 0.533371 0.268045 0.013878 0.010874
0 0.796472 0.483720 0.017333 0.010838
0 0.855401 0.387140 0.013242 0.008891
0 0.477089 0.687427 0.015751 0.012002
0 0.493739 0.659141 0.015469 0.009127
0 0.352453 0.285382 0.021191 0.014143
0 0.378599 0.438288 0.015471 0.009892
0 0.313542 0.635050 0.012987 0.008344
0 0.758093 0.673950 0.016262 0.012780
0 0.673091 0.626535 0.015367 0.009216
0 0.246746 0.550677 0.013751 0.009342
0 0.265170 0.565708 0.014953 0.010080
0 0.239193 0.497393 0.014115 0.009583
0 0.367795 0.377967 0.014049 0.008374
0 0.829682 0.333997 0.013878 0.008789
0 0.425107 0.237382 0.018951 0.010343
0 0.598950 0.651420 0.016511 0.011085
0 0.645438 0.618668 0.016171 0.009764
0 0.719809 0.423777 0.015024 0.009299
0 0.830100 0.371650 0.013889 0.008090
0 0.820476 0.415756 0.018261 0.008157
0 0.577056 0.291543 0.015595 0.013318
0 0.896108 0.462309 0.013179 0.008385
0 0.390290 0.257501 0.014693 0.011978
0 0.570888 0.323937 0.014896 0.009871
0 0.359518 0.396733 0.011989 0.008270
0 0.281459 0.309741 0.017060 0.010839
0 0.740200 0.401852 0.016595 0.009501
1 0.237148 0.616935 0.045399 0.029060
0 0.755160 0.591871 0.014161 0.009333
0 0.470388 0.477958 0.016027 0.009851
0 0.709846 0.480933 0.024460 0.007937
0 0.905229 0.445398 0.013056 0.009290
0 0.532472 0.391052 0.014827 0.009173
0 0.539038 0.440688 0.023018 0.007930
0 0.530394 0.220504 0.014539 0.009650
0 0.805003 0.657240 0.013608 0.010225
0 0.313625 0.660691 0.017170 0.009587
0 0.510917 0.442609 0.013612 0.008993
0 0.842520 0.579800 0.016257 0.009987
0 0.345120 0.558426 0.012879 0.008150
0 0.495339 0.399181 0.013193 0.009766
0 0.504490 0.492842 0.019005 0.009744
0 0.595832 0.442199 0.014833 0.008896
0 0.216480 0.510121 0.015670 0.012070
0 0.491234 0.647333 0.014052 0.011414
0 0.618308 0.578393 0.013153 0.009956
0 0.572563 0.462811 0.014880 0.010296
0 0.917581 0.421369 0.017604 0.009845
0 0.254096 0.581785 0.011675 0.008524
0 0.696207 0.515801 0.012321 0.008863
0 0.833234 0.476961 0.012736 0.008261
0 0.279557 0.395352 0.013331 0.008573
0 0.841367 0.466230 0.014767 0.009998
0 0.286529 0.276483 0.016583 0.012829
0 0.312510 0.603893 0.013512 0.010645
0 0.490316 0.409029 0.014861 0.008882
0 0.807593 0.244123 0.014130 0.009589
0 0.646383 0.675773 0.016995 0.012299
0 0.578324 0.376847 0.016377 0.008958
0 0.265135 0.322951 0.016569 0.012589
0 0.435616 0.457065 0.017945 0.008968