1 0.585119 0.935570 0.058625 0.041492
1 0.744316 0.673991 0.083388 0.061081
0 0.647046 0.554788 0.025869 0.016193
0 0.652635 0.590902 0.020526 0.014064
0 0.499317 0.672299 0.027711 0.019761
0 0.675151 0.646316 0.026426 0.020105
0 0.420926 0.494151 0.024294 0.018348
0 0.797784 0.532533 0.019066 0.013425
0 0.320118 0.461152 0.025782 0.019680
0 0.523538 0.586207 0.019939 0.014433
0 0.146650 0.595963 0.017719 0.012524
0 0.576515 0.644826 0.019226 0.014075
0 0.367230 0.519245 0.018965 0.013480
0 0.846402 0.548288 0.020126 0.015666
0 0.263087 0.446801 0.018801 0.014111
0 0.774664 0.519153 0.024118 0.017486
0 0.471019 0.783825 0.025393 0.018264
0 0.303902 0.771280 0.021130 0.015783
0 0.441473 0.364603 0.020370 0.014023
0 0.290205 0.508500 0.018150 0.013069
0 0.263623 0.589585 0.021661 0.014243
0 0.321853 0.404838 0.018096 0.013274
0 0.438148 0.850048 0.030705 0.022457
0 0.188076 0.493912 0.018551 0.013894
0 0.623727 0.615364 0.018933 0.013841
0 0.328028 0.575414 0.021501 0.013883
0 0.555044 0.492519 0.030612 0.022410
0 0.631163 0.704759 0.020677 0.013604
0 0.523905 0.911625 0.026594 0.020311
0 0.634257 0.683865 0.020323 0.015640
0 0.546420 0.589477 0.020516 0.014061
0 0.298035 0.421573 0.019498 0.013571
0 0.285266 0.610623 0.017120 0.012782
0 0.325869 0.438141 0.019058 0.013891
0 0.849538 0.583673 0.019133 0.013141
0 0.440039 0.543329 0.022624 0.014999
0 0.440569 0.391477 0.015287 0.012117
0 0.470095 0.488512 0.024256 0.012984
0 0.379965 0.652510 0.015966 0.011507