1 0.394352 0.610544 0.055524 0.039018
0 0.528298 0.305394 0.017045 0.011104
0 0.450507 0.479418 0.019814 0.013988
0 0.422178 0.670009 0.015623 0.010836
0 0.657551 0.405491 0.017570 0.012623
1 0.430781 0.345233 0.042369 0.032116
0 0.535737 0.359347 0.018039 0.012700
1 0.446036 0.722342 0.051806 0.039244
0 0.337019 0.390805 0.016854 0.011585
0 0.468589 0.391170 0.019620 0.014409
0 0.422525 0.531105 0.018085 0.013143
0 0.566405 0.309055 0.018514 0.012380
0 0.304274 0.352926 0.017030 0.011592
0 0.491338 0.293223 0.017160 0.012016
0 0.244954 0.471845 0.016269 0.010948
0 0.314371 0.252941 0.015638 0.010506
0 0.415255 0.586818 0.015699 0.010944
0 0.500231 0.371063 0.015586 0.013252
1 0.382617 0.313990 0.094816 0.041959
0 0.217271 0.365385 0.016818 0.011635
0 0.503189 0.329453 0.020693 0.013319
0 0.522333 0.693343 0.015547 0.010059
0 0.358882 0.455528 0.017706 0.012002
0 0.622149 0.527997 0.014346 0.010504
0 0.472909 0.423669 0.020866 0.014241
0 0.150480 0.460570 0.017289 0.013647
0 0.481143 0.265172 0.018538 0.011311
0 0.303025 0.576774 0.014827 0.010048
0 0.157255 0.617630 0.017970 0.012849
0 0.256457 0.355876 0.017429 0.012113
0 0.694415 0.515748 0.014819 0.010580
0 0.315312 0.302796 0.014881 0.009938
0 0.753266 0.490223 0.018367 0.013472
0 0.279281 0.263166 0.017095 0.011641
0 0.452080 0.451974 0.015775 0.010786
0 0.385496 0.524607 0.015089 0.010583
0 0.241270 0.335385 0.019585 0.014944
0 0.214742 0.412903 0.018186 0.012669
0 0.665778 0.442631 0.017664 0.014273
0 0.507079 0.397568 0.019210 0.013326
0 0.153509 0.378554 0.015801 0.011933
0 0.203135 0.463548 0.015652 0.012043
0 0.381057 0.549799 0.017201 0.011860
0 0.082388 0.535036 0.015977 0.010969
1 0.430943 0.768999 0.068396 0.036222
0 0.334633 0.352110 0.017400 0.012581
0 0.222297 0.494712 0.014460 0.010452
0 0.747570 0.383197 0.017854 0.013974
0 0.513324 0.645405 0.016186 0.012126
0 0.320981 0.483824 0.016941 0.014356
0 0.455026 0.321972 0.015993 0.010880
0 0.720940 0.421838 0.017530 0.012321
0 0.479097 0.493624 0.017234 0.012596
0 0.271803 0.496217 0.017080 0.011688
0 0.138678 0.362281 0.016807 0.011679
1 0.373541 0.667181 0.058651 0.041232
0 0.171423 0.512438 0.014295 0.010634
0 0.455606 0.670382 0.016267 0.011234
0 0.579384 0.289850 0.019329 0.012696
0 0.383720 0.429924 0.018606 0.012225
0 0.602814 0.477572 0.016209 0.012920
0 0.680871 0.610167 0.015257 0.009508
0 0.705395 0.474207 0.020212 0.012475
0 0.385462 0.390061 0.017662 0.011686
0 0.407638 0.478847 0.019239 0.014141
0 0.519497 0.264750 0.014480 0.010082
0 0.542951 0.430037 0.021983 0.012859
0 0.568884 0.471553 0.016105 0.012812
0 0.678299 0.650574 0.016546 0.011836
0 0.204923 0.686590 0.015511 0.011264
0 0.292357 0.323818 0.015587 0.010506
0 0.582797 0.522377 0.017145 0.014179
0 0.203658 0.573707 0.014028 0.011069
0 0.661573 0.656461 0.014740 0.009364
0 0.198289 0.391244 0.016163 0.013522
0 0.586870 0.372477 0.017185 0.013622
0 0.466463 0.566714 0.015761 0.012988
0 0.403295 0.231929 0.013443 0.011964
0 0.563902 0.342352 0.018892 0.012178
0 0.561748 0.271291 0.015154 0.010284
0 0.156648 0.403496 0.015936 0.012097
0 0.341128 0.730784 0.017058 0.012649
0 0.130724 0.397410 0.015839 0.011019
0 0.226696 0.656830 0.014284 0.010221
0 0.353554 0.531708 0.016669 0.014207
0 0.303359 0.373715 0.016425 0.012938
0 0.154959 0.538353 0.016383 0.012084
0 0.620927 0.684152 0.014670 0.010942
0 0.311921 0.633586 0.016414 0.010165
0 0.495617 0.351299 0.015214 0.010007
0 0.455402 0.547327 0.020099 0.012570
0 0.548064 0.324193 0.014296 0.009208
0 0.243852 0.444285 0.016349 0.012467
0 0.380826 0.494312 0.016633 0.011657
0 0.233227 0.390097 0.018563 0.012637
0 0.522997 0.527365 0.015691 0.010339
0 0.456088 0.360488 0.015248 0.010072
0 0.358938 0.336436 0.020892 0.011661
0 0.363132 0.253723 0.013596 0.009482
0 0.372121 0.276711 0.017699 0.010173
0 0.493595 0.470483 0.021173 0.017070
0 0.295144 0.287842 0.016225 0.013151
0 0.500069 0.443854 0.016733 0.016226
0 0.547921 0.381103 0.015062 0.010713
0 0.394580 0.566322 0.013608 0.009251
0 0.364229 0.627478 0.017273 0.009211
0 0.635524 0.654781 0.015528 0.011648
0 0.695215 0.566364 0.013113 0.009298
0 0.568555 0.542027 0.016628 0.010410
0 0.132008 0.495620 0.017205 0.012488
0 0.679900 0.543985 0.015072 0.010987
0 0.489308 0.716746 0.015679 0.010711
0 0.565861 0.396784 0.018705 0.013135
0 0.355629 0.590873 0.016085 0.010210
0 0.042200 0.466068 0.020617 0.012752
0 0.632233 0.553045 0.013136 0.009153
0 0.665420 0.516532 0.018275 0.009926
0 0.403551 0.342886 0.013375 0.009105
0 0.479444 0.637031 0.016754 0.012135
0 0.279289 0.239513 0.020878 0.013386
0 0.403392 0.262280 0.016248 0.012837
0 0.716491 0.559917 0.012886 0.009193
0 0.435233 0.504131 0.013185 0.011451
0 0.763821 0.442877 0.017096 0.012598
0 0.566543 0.451161 0.014740 0.013041
0 0.238234 0.714961 0.013757 0.009427
0 0.432671 0.632223 0.013649 0.008430
0 0.535116 0.727813 0.023935 0.010834
0 0.612874 0.341900 0.017700 0.011998
0 0.244750 0.486867 0.015263 0.010042
0 0.477484 0.506164 0.018393 0.012677
0 0.272864 0.562347 0.015270 0.010355
0 0.679542 0.476015 0.015266 0.011397
0 0.563101 0.492170 0.018955 0.013070
0 0.262712 0.438871 0.014764 0.010589
0 0.312649 0.440565 0.018492 0.013238
0 0.300111 0.610364 0.017106 0.013042
0 0.373265 0.710391 0.018023 0.013612
0 0.314552 0.540890 0.014395 0.010130
0 0.075165 0.436259 0.016884 0.011565
0 0.729421 0.450160 0.016261 0.011066
0 0.607242 0.393820 0.016364 0.011642
0 0.518674 0.346837 0.015683 0.009713
0 0.700972 0.447329 0.014105 0.009340