0 0.489525 0.382744 0.024353 0.014542
0 0.426785 0.370054 0.015929 0.013408
0 0.562300 0.431085 0.018627 0.012649
0 0.508862 0.417976 0.012108 0.010861
0 0.434821 0.394925 0.016045 0.012239
0 0.495316 0.434564 0.015600 0.012372
0 0.395531 0.290419 0.012148 0.009879
0 0.353519 0.710649 0.010407 0.008480
0 0.388546 0.366767 0.017256 0.011718
0 0.553419 0.457152 0.015044 0.012327
0 0.580181 0.534674 0.015702 0.011391
0 0.585317 0.716560 0.013040 0.011659
0 0.456034 0.659291 0.012496 0.011170
0 0.544022 0.521586 0.013634 0.011663
0 0.320875 0.304589 0.015227 0.013023
0 0.626324 0.502489 0.013642 0.011565
0 0.256390 0.715304 0.012438 0.011031
0 0.502617 0.503735 0.012822 0.008540
0 0.604283 0.459919 0.013930 0.009424
0 0.374771 0.441763 0.017661 0.014126
0 0.218338 0.355903 0.017917 0.013671
0 0.386632 0.515176 0.012829 0.008497
0 0.400832 0.316504 0.013773 0.011145
0 0.682176 0.628584 0.014035 0.010287
0 0.645903 0.515471 0.012130 0.009543
0 0.525055 0.700533 0.016924 0.011887
0 0.228451 0.587865 0.014517 0.012489
0 0.218980 0.415032 0.015532 0.011051
0 0.398488 0.743598 0.010193 0.008554
0 0.227530 0.528071 0.012118 0.009691
0 0.527133 0.613946 0.017510 0.012629
0 0.688432 0.510116 0.013618 0.009987
0 0.224275 0.556989 0.013353 0.010278
0 0.187633 0.507854 0.015913 0.012453
0 0.393867 0.706303 0.010767 0.009473
0 0.206253 0.701726 0.011196 0.009463
0 0.339369 0.838289 0.019505 0.013579
0 0.421258 0.489350 0.016123 0.012196
0 0.707307 0.483487 0.017516 0.012352
0 0.472019 0.572014 0.017129 0.012327
0 0.459984 0.358328 0.014908 0.009705
0 0.295485 0.561676 0.010291 0.008034
0 0.636685 0.400398 0.016029 0.012433
0 0.503691 0.646159 0.010861 0.007184
0 0.623165 0.548043 0.013216 0.008862
0 0.410763 0.543317 0.012605 0.010568
0 0.634565 0.635248 0.012756 0.010300
0 0.182992 0.471577 0.016918 0.013525
0 0.312387 0.841780 0.015134 0.011484
0 0.454305 0.728531 0.010334 0.007738
0 0.437019 0.541324 0.013513 0.010676
0 0.319526 0.324465 0.014857 0.011822
0 0.377368 0.763051 0.009800 0.009446
0 0.443469 0.446896 0.020716 0.012805
0 0.556287 0.697506 0.013328 0.011015
0 0.421528 0.669266 0.017419 0.016991
0 0.176001 0.541206 0.018244 0.010698
0 0.561709 0.382582 0.014038 0.011241
0 0.259525 0.534282 0.010691 0.007066
0 0.245563 0.744606 0.011350 0.008505
0 0.612862 0.522195 0.013950 0.011240
0 0.593879 0.565230 0.013306 0.009581
0 0.304215 0.290331 0.014766 0.010246
0 0.208104 0.646659 0.016844 0.011709
0 0.088105 0.452935 0.015384 0.011498
0 0.054523 0.538574 0.013749 0.010809
0 0.394682 0.352309 0.011110 0.010203
0 0.110041 0.714357 0.014103 0.014002
0 0.154962 0.520118 0.013025 0.007900
0 0.607257 0.493101 0.014692 0.009092
0 0.483112 0.765319 0.012772 0.010688
0 0.388348 0.621501 0.011529 0.008734
0 0.274379 0.372895 0.013667 0.009763
0 0.296747 0.732765 0.013429 0.008562
0 0.464007 0.637176 0.010561 0.007979
0 0.419906 0.622726 0.015505 0.013990
0 0.135834 0.740839 0.010114 0.007776
0 0.096975 0.408520 0.016771 0.012134
0 0.702478 0.451422 0.013605 0.010192
0 0.436874 0.752820 0.016711 0.011560
0 0.446477 0.302466 0.011066 0.010083
0 0.106771 0.677256 0.010670 0.008122
0 0.187569 0.708628 0.010155 0.007995
0 0.211955 0.799144 0.015555 0.012807
0 0.645883 0.664155 0.011969 0.009268
0 0.074683 0.693016 0.017081 0.010943
0 0.438133 0.608214 0.016788 0.010245
0 0.136303 0.397108 0.015545 0.014582
0 0.347554 0.491451 0.023202 0.018114
0 0.329940 0.585478 0.014810 0.013238
0 0.517404 0.360691 0.023107 0.022275
0 0.620914 0.650493 0.010508 0.008046
0 0.325418 0.719260 0.010725 0.009227
0 0.248032 0.563644 0.013560 0.011662
0 0.555730 0.352072 0.009503 0.012524
0 0.294636 0.308693 0.010899 0.006868
0 0.595525 0.612170 0.009694 0.009207
0 0.339984 0.675521 0.017975 0.013854
0 0.437894 0.514394 0.013244 0.010439
0 0.495056 0.303608 0.020872 0.017984
0 0.035549 0.573226 0.011992 0.008921
0 0.220979 0.768029 0.011582 0.008248
0 0.149431 0.376528 0.017655 0.015170
0 0.293344 0.601828 0.013360 0.009797
0 0.228384 0.467702 0.010975 0.009653
0 0.441795 0.581438 0.019538 0.013834
0 0.487668 0.844200 0.013447 0.010542
0 0.523389 0.565505 0.014427 0.010268
0 0.116739 0.379651 0.021681 0.019334
0 0.351140 0.544350 0.018349 0.014335
0 0.453060 0.676764 0.011705 0.008069
0 0.655253 0.408845 0.014321 0.010378
0 0.624083 0.605983 0.011090 0.008988
0 0.416115 0.715426 0.013170 0.010690
0 0.155617 0.752788 0.010669 0.008767
0 0.081428 0.580530 0.012732 0.009306
0 0.206178 0.478734 0.013695 0.009014
0 0.416324 0.437791 0.020099 0.016034
0 0.357338 0.858108 0.016897 0.012937
0 0.570697 0.674051 0.013740 0.012131
0 0.341621 0.564519 0.018714 0.014855
0 0.223613 0.493324 0.017387 0.010699
0 0.124839 0.621087 0.011117 0.009716
0 0.446356 0.496536 0.012095 0.009174
0 0.167414 0.681143 0.018254 0.011333
0 0.361543 0.604419 0.011380 0.007763
0 0.661665 0.672182 0.012239 0.009466
0 0.111992 0.457728 0.013127 0.007235
0 0.311664 0.754877 0.013177 0.013300
0 0.493043 0.804830 0.011786 0.010498
0 0.602604 0.689527 0.014167 0.011604
0 0.280583 0.708500 0.011244 0.009728
0 0.353920 0.805380 0.010455 0.008661
0 0.265733 0.299269 0.014880 0.011156
0 0.532540 0.721415 0.011086 0.008088
0 0.376793 0.786409 0.011347 0.008989
0 0.554041 0.365511 0.012215 0.009205
0 0.555415 0.684761 0.013335 0.010838
0 0.271482 0.678617 0.013094 0.012190
0 0.449504 0.527905 0.009902 0.008458
0 0.685400 0.650689 0.010984 0.008588
0 0.394401 0.454274 0.013606 0.010610
0 0.231262 0.675407 0.010982 0.011351
0 0.236484 0.305019 0.011076 0.009893
0 0.451522 0.821904 0.013137 0.012016
0 0.398886 0.801993 0.009483 0.007126
0 0.222321 0.749615 0.011841 0.008383
0 0.321944 0.662810 0.012357 0.010358
0 0.181034 0.734132 0.009620 0.007689
0 0.468379 0.302330 0.016736 0.013756
0 0.353714 0.275070 0.012905 0.008195
0 0.061401 0.489570 0.017412 0.015042
0 0.501007 0.663498 0.008743 0.007535
0 0.505160 0.702680 0.011031 0.009638
0 0.081372 0.476465 0.014296 0.009670
0 0.209238 0.573824 0.014241 0.009439
0 0.163236 0.683776 0.014079 0.010341
0 0.397878 0.771189 0.013606 0.009469
0 0.231786 0.463044 0.012216 0.012245
0 0.037268 0.497115 0.013078 0.012241
0 0.357492 0.414839 0.015454 0.012571
0 0.190400 0.809970 0.012752 0.009150
0 0.480864 0.746999 0.011395 0.008770
0 0.504516 0.695360 0.010491 0.011003
0 0.387578 0.477585 0.031990 0.019365
0 0.021234 0.529377 0.010801 0.008732
0 0.418369 0.795558 0.009456 0.008232
0 0.270698 0.665742 0.014855 0.010740
0 0.301137 0.717587 0.013833 0.008180
0 0.367952 0.576067 0.015378 0.014169
0 0.238786 0.760006 0.012706 0.008144
0 0.411992 0.826149 0.012627 0.011463
0 0.054524 0.453062 0.012745 0.010479
0 0.222522 0.393699 0.017245 0.012833
0 0.686171 0.491278 0.013634 0.010109
0 0.244225 0.746466 0.017767 0.008602
0 0.054245 0.425288 0.021008 0.014511
0 0.570529 0.513622 0.009344 0.007684
0 0.115733 0.516794 0.017529 0.017878
0 0.502178 0.649146 0.009400 0.013576
0 0.242840 0.432965 0.008524 0.007146
0 0.350736 0.355011 0.027009 0.014839
0 0.297080 0.693508 0.009275 0.008502
0 0.563393 0.586274 0.009426 0.008521
0 0.292703 0.474490 0.013261 0.011362
0 0.598927 0.398469 0.013918 0.008895
0 0.451035 0.727305 0.018943 0.008515
0 0.209575 0.509020 0.014629 0.008054
0 0.340563 0.585596 0.021822 0.011502
0 0.221335 0.728343 0.014647 0.008509
0 0.143960 0.699544 0.008349 0.009011
0 0.239133 0.694184 0.016395 0.009339
1 0.683881 0.546362 0.054773 0.029343
1 0.597027 0.362089 0.050078 0.031690
1 0.579030 0.325704 0.035994 0.019953
1 0.297340 0.498826 0.048513 0.046948
1 0.352895 0.374413 0.040689 0.023474
1 0.143192 0.582746 0.059468 0.041080
1 0.582942 0.749413 0.043818 0.036385
1 0.542254 0.647300 0.046948 0.031690
1 0.557903 0.610329 0.043818 0.035211