0 0.653220 0.260221 0.014484 0.019676
0 0.761896 0.806017 0.013485 0.017804
0 0.733773 0.399245 0.011373 0.014319
0 0.815962 0.494188 0.010852 0.015856
0 0.525560 0.872600 0.010096 0.013043
0 0.619983 0.254351 0.015826 0.021040
0 0.818058 0.568735 0.011847 0.016028
0 0.644378 0.504657 0.010588 0.014514
0 0.503871 0.311363 0.012511 0.019130
0 0.378932 0.428545 0.010576 0.017396
0 0.802771 0.259277 0.013652 0.019553
0 0.616120 0.441203 0.013267 0.018911
0 0.742567 0.322537 0.013315 0.016047
0 0.647468 0.397035 0.011765 0.015737
0 0.593491 0.894304 0.012908 0.017443
0 0.669430 0.657355 0.008958 0.013971
0 0.669351 0.471581 0.011465 0.016389
0 0.490822 0.345689 0.011091 0.017487
0 0.572404 0.845536 0.010312 0.013073
0 0.697926 0.513345 0.012641 0.015749
0 0.684612 0.394274 0.012372 0.015411
0 0.544280 0.256174 0.011453 0.016115
0 0.506155 0.356935 0.012106 0.015375
0 0.831263 0.550806 0.010089 0.014075
0 0.623723 0.705947 0.008924 0.013425
0 0.643601 0.578054 0.011318 0.013576
0 0.466074 0.392948 0.010666 0.015128
0 0.410045 0.239728 0.011337 0.013904
0 0.757240 0.535670 0.011501 0.017120
0 0.787613 0.511026 0.012113 0.016383
0 0.842881 0.437669 0.009414 0.013427
0 0.408091 0.324836 0.008558 0.013988
0 0.559861 0.486609 0.012283 0.013932
0 0.417456 0.428694 0.013011 0.016368
0 0.508333 0.614572 0.010454 0.015653
0 0.507296 0.519959 0.010728 0.015868
0 0.434462 0.453690 0.012252 0.015005
0 0.517959 0.191310 0.014322 0.016376
0 0.848495 0.530184 0.013353 0.015192
0 0.528353 0.478177 0.010536 0.012489
0 0.600075 0.328442 0.010707 0.016263
0 0.512308 0.461011 0.012833 0.016716
0 0.483785 0.429444 0.010695 0.013627
0 0.340814 0.403847 0.011077 0.012982
0 0.483910 0.552722 0.010446 0.012462
0 0.631812 0.608931 0.009015 0.011995
0 0.535654 0.610058 0.010371 0.013226
0 0.496201 0.487479 0.011239 0.015713
0 0.846106 0.453943 0.011196 0.015693
0 0.842586 0.625799 0.009962 0.013033
0 0.586870 0.621985 0.014091 0.018678
0 0.579520 0.402326 0.010569 0.014089
0 0.803921 0.700752 0.008149 0.011081
0 0.651316 0.530912 0.010359 0.014007
0 0.748254 0.378553 0.009759 0.012869
0 0.544624 0.627871 0.010301 0.013172
0 0.634311 0.173555 0.015095 0.021276
0 0.468259 0.613067 0.008023 0.010345
0 0.796020 0.373976 0.012101 0.017797
0 0.656044 0.613965 0.009387 0.012344
0 0.758816 0.478720 0.011129 0.014252
0 0.576260 0.663291 0.009043 0.012418
0 0.659381 0.577010 0.010463 0.010437
0 0.473003 0.296912 0.012260 0.018154
0 0.556123 0.287454 0.014119 0.015198
0 0.464716 0.768503 0.009523 0.012540
0 0.356752 0.441733 0.008660 0.013640
0 0.765180 0.233001 0.010979 0.015559
0 0.542302 0.321180 0.013442 0.014867
0 0.716872 0.373458 0.012018 0.016550
0 0.582617 0.703504 0.009085 0.016608
0 0.569634 0.721030 0.010077 0.014942
0 0.460961 0.424930 0.011496 0.014560
0 0.613766 0.337165 0.010534 0.012925
0 0.532617 0.169071 0.010377 0.014044
0 0.552152 0.210437 0.011725 0.016049
0 0.552830 0.525841 0.010456 0.015926
0 0.546782 0.586115 0.012250 0.013055
0 0.395889 0.760845 0.008346 0.008746
0 0.730389 0.471246 0.010426 0.012145
0 0.777722 0.328521 0.009230 0.013206
0 0.642851 0.345491 0.011046 0.014595
0 0.863290 0.603299 0.011075 0.016159
0 0.618275 0.630441 0.008486 0.009867
0 0.446152 0.260478 0.007377 0.012505
0 0.692008 0.653007 0.010255 0.010928
0 0.763380 0.444089 0.010190 0.012771
0 0.418297 0.538154 0.014449 0.014881
0 0.650337 0.233496 0.009845 0.014588
0 0.431979 0.497903 0.016051 0.018764
0 0.539674 0.872634 0.010174 0.014414
0 0.872436 0.527571 0.009655 0.010242
0 0.725139 0.610627 0.010517 0.011031
0 0.832419 0.470194 0.010695 0.012242
0 0.706607 0.481512 0.010101 0.013062
0 0.807810 0.636855 0.008559 0.011927
0 0.598086 0.643618 0.009850 0.013067
0 0.735673 0.260804 0.012743 0.018041
0 0.794367 0.447234 0.008417 0.009141
0 0.549735 0.425261 0.012757 0.013436
0 0.421604 0.203553 0.013426 0.020775
0 0.699413 0.804167 0.010655 0.014935
0 0.677273 0.823490 0.009968 0.015810
0 0.561700 0.190594 0.008410 0.016756
0 0.318995 0.403079 0.010872 0.016489
0 0.616558 0.540325 0.013819 0.018881
0 0.603664 0.537182 0.008709 0.013766
0 0.483501 0.789002 0.013208 0.013506
0 0.639656 0.896801 0.013252 0.018026
0 0.734655 0.185394 0.014961 0.019424
0 0.642845 0.329604 0.011206 0.016574
0 0.580945 0.229764 0.010029 0.016487
0 0.785113 0.516204 0.012017 0.016877
0 0.791132 0.280033 0.011087 0.015674
0 0.479431 0.594058 0.008958 0.011038
0 0.676233 0.338664 0.013476 0.017711
0 0.459644 0.542718 0.009373 0.010555
0 0.695649 0.595247 0.013616 0.012300
0 0.459198 0.329065 0.010976 0.015665
0 0.422443 0.264618 0.009112 0.014276
0 0.552281 0.813251 0.007529 0.010490
0 0.423431 0.595885 0.009692 0.013166
0 0.418814 0.569091 0.014811 0.013696
0 0.611896 0.911196 0.011655 0.011919
0 0.509889 0.776154 0.009405 0.012514
0 0.671744 0.867640 0.009897 0.013410
0 0.708783 0.436495 0.010846 0.010791
0 0.583264 0.251900 0.011249 0.017358
0 0.503382 0.420112 0.007962 0.009864
0 0.517489 0.852114 0.008746 0.012001
0 0.390843 0.726772 0.006674 0.009906
0 0.506052 0.777305 0.010930 0.013253
0 0.618199 0.545316 0.010462 0.015928
0 0.526921 0.315812 0.011260 0.013574
0 0.869254 0.546785 0.009373 0.008813
0 0.517815 0.691476 0.010281 0.016450
0 0.425677 0.560363 0.009661 0.015200
0 0.502267 0.774469 0.009934 0.014842
0 0.738324 0.207899 0.009210 0.015735
0 0.523955 0.525377 0.010601 0.012239
0 0.549643 0.810363 0.008834 0.012407
0 0.631756 0.148086 0.010652 0.015637
0 0.385006 0.307153 0.009559 0.014855
0 0.428099 0.472945 0.009449 0.010056
0 0.601740 0.861753 0.008062 0.012161
0 0.572025 0.274393 0.011007 0.013191
0 0.752138 0.843540 0.009718 0.009373
0 0.594111 0.121400 0.014103 0.015596
0 0.595681 0.870017 0.012341 0.015982
0 0.621062 0.232177 0.011446 0.013893
0 0.744253 0.757188 0.010920 0.012139
0 0.593390 0.650485 0.011871 0.014473
0 0.463418 0.726353 0.006788 0.010558
0 0.704303 0.636146 0.012247 0.016263
0 0.704839 0.677074 0.008106 0.011661
0 0.511239 0.522278 0.016502 0.014228
0 0.504320 0.158726 0.010759 0.015031
0 0.748549 0.488892 0.011269 0.013789
0 0.699413 0.596306 0.011829 0.017362
0 0.391805 0.388834 0.010661 0.014373
0 0.452775 0.408634 0.009126 0.015307
0 0.387378 0.682119 0.006566 0.010710
0 0.833389 0.674697 0.008881 0.006351
0 0.364540 0.503233 0.011147 0.014128
0 0.614685 0.734865 0.008611 0.009854
0 0.512647 0.165359 0.014948 0.014630
0 0.591536 0.872140 0.011903 0.013795
0 0.550739 0.665692 0.008297 0.013653
0 0.678244 0.186054 0.014906 0.019886
0 0.837153 0.583633 0.009491 0.015047
0 0.806197 0.611579 0.009864 0.011739
0 0.541597 0.566311 0.015874 0.019722
0 0.346630 0.301665 0.011506 0.017865
0 0.468950 0.662395 0.008652 0.012073
0 0.422951 0.565070 0.010947 0.018554
0 0.584638 0.178768 0.012741 0.016324
0 0.591991 0.127912 0.008554 0.011319
1 0.329665 0.666667 0.037852 0.044601
1 0.363556 0.541080 0.044014 0.046948
1 0.430458 0.701291 0.042254 0.043427
1 0.632923 0.855634 0.038732 0.051643
1 0.634243 0.759390 0.058979 0.046948
1 0.726232 0.735329 0.077465 0.041080
1 0.799736 0.771714 0.046655 0.064554
1 0.737236 0.663732 0.060739 0.083333
1 0.532130 0.551643 0.034331 0.046948
1 0.547975 0.382629 0.044894 0.077465
1 0.475352 0.264671 0.033451 0.045775
1 0.437500 0.316315 0.035211 0.038732
1 0.480634 0.196009 0.047535 0.042254
1 0.562500 0.133216 0.040493 0.043427
1 0.605194 0.197770 0.034331 0.043427
1 0.703785 0.249413 0.041373 0.062207
1 0.692342 0.629695 0.027289 0.041080