0 0.337885 0.507654 0.014556 0.019124
0 0.548342 0.186503 0.014166 0.018416
0 0.370741 0.490629 0.012757 0.019418
0 0.385214 0.559501 0.010932 0.015691
0 0.567979 0.650574 0.013756 0.017313
0 0.522998 0.455047 0.015036 0.024471
0 0.453290 0.737451 0.023396 0.027605
0 0.440621 0.482037 0.010264 0.013897
0 0.407965 0.270795 0.012699 0.016340
0 0.373784 0.620746 0.012849 0.020363
0 0.244178 0.468315 0.012420 0.015874
0 0.335599 0.196493 0.013949 0.017659
0 0.297254 0.763048 0.014343 0.019210
0 0.105531 0.383503 0.014638 0.017212
0 0.339471 0.238482 0.010873 0.014485
0 0.446334 0.571194 0.015985 0.020928
0 0.554986 0.496463 0.014174 0.018776
0 0.217091 0.339752 0.014279 0.017696
0 0.462280 0.329066 0.012745 0.018999
0 0.228618 0.410948 0.014558 0.019998
0 0.436742 0.171165 0.012348 0.017931
0 0.471772 0.524123 0.014458 0.016691
0 0.545853 0.302556 0.013202 0.017797
0 0.143226 0.197748 0.011363 0.015984
0 0.122641 0.323941 0.011157 0.013655
0 0.442028 0.448624 0.012097 0.014588
0 0.489860 0.352430 0.015034 0.022139
0 0.176041 0.457912 0.015949 0.018169
0 0.505550 0.319660 0.015012 0.019481
0 0.426755 0.206588 0.014953 0.019045
0 0.346861 0.590088 0.012028 0.020206
0 0.410118 0.116081 0.010167 0.016096
0 0.570280 0.366832 0.013304 0.017063
0 0.514357 0.600815 0.018297 0.021001
0 0.547685 0.417816 0.018470 0.024657
0 0.060621 0.424808 0.014507 0.018654
0 0.306342 0.464162 0.012233 0.017034
0 0.193536 0.374404 0.016493 0.021531
0 0.089583 0.311098 0.011129 0.014805
0 0.403320 0.336676 0.011751 0.017678
0 0.330770 0.302288 0.013326 0.014859
0 0.487649 0.594688 0.019352 0.028279
0 0.333830 0.542187 0.012930 0.017112
0 0.164816 0.369966 0.013899 0.016845
0 0.521784 0.341620 0.016093 0.023123
0 0.415117 0.726169 0.013257 0.020337
0 0.544975 0.335385 0.018307 0.026348
0 0.251257 0.185010 0.015833 0.020606
0 0.304767 0.583557 0.011880 0.018227
1 0.402289 0.596244 0.033451 0.042254
1 0.545775 0.708333 0.051056 0.055164