0 0.671654 0.382249 0.015752 0.013122
0 0.692788 0.656762 0.016934 0.012305
0 0.699017 0.620564 0.016666 0.011187
0 0.361467 0.791216 0.020044 0.015798
0 0.561475 0.509681 0.022379 0.020723
0 0.347524 0.566148 0.014771 0.012058
0 0.079112 0.579674 0.016698 0.011837
0 0.243784 0.700837 0.015281 0.011210
0 0.420730 0.518483 0.014128 0.011992
0 0.485233 0.367863 0.014297 0.010946
0 0.472646 0.404262 0.017139 0.012010
0 0.515414 0.628616 0.016775 0.011659
0 0.420397 0.490784 0.012159 0.009486
0 0.525688 0.347063 0.016175 0.014137
0 0.655466 0.458860 0.015441 0.012564
0 0.389608 0.376063 0.017251 0.012165
0 0.097705 0.546637 0.015064 0.009880
0 0.510520 0.672152 0.020666 0.015525
0 0.467482 0.754825 0.015614 0.009269
0 0.208635 0.544645 0.015046 0.010609
0 0.587597 0.764410 0.016751 0.012646
0 0.177573 0.644986 0.015526 0.009276
0 0.147121 0.664654 0.013880 0.010185
0 0.456385 0.791213 0.019693 0.012010
0 0.413156 0.726642 0.013734 0.008242
0 0.205626 0.570631 0.016478 0.012820
0 0.623830 0.606562 0.015337 0.009352
0 0.121738 0.517486 0.014149 0.011483
0 0.463696 0.694066 0.016088 0.010359
0 0.623704 0.701274 0.016815 0.011246
0 0.390936 0.706367 0.016407 0.011488
0 0.626847 0.766303 0.015403 0.009332
0 0.097921 0.451257 0.011564 0.010115
0 0.415011 0.340839 0.014713 0.011646
0 0.563330 0.403719 0.015222 0.010387
0 0.162271 0.385393 0.011237 0.011837
0 0.339199 0.656967 0.015760 0.010591
0 0.178174 0.432856 0.015611 0.012824
0 0.380014 0.431493 0.016297 0.012617
0 0.571341 0.749991 0.016096 0.013844
0 0.638521 0.806602 0.016166 0.010203
0 0.371865 0.450488 0.013167 0.010695
0 0.405338 0.649176 0.017633 0.014359
0 0.205293 0.518131 0.015486 0.010675
0 0.321618 0.398191 0.009949 0.008636
0 0.291972 0.691649 0.018506 0.012372
0 0.508932 0.702408 0.017433 0.010129
0 0.414190 0.420622 0.017172 0.011747
0 0.103231 0.565816 0.015928 0.011453
0 0.577793 0.357863 0.015354 0.012792
0 0.626815 0.355952 0.015447 0.012955
0 0.181253 0.475058 0.016600 0.012884
0 0.242225 0.556686 0.015041 0.009319
0 0.690058 0.723566 0.012501 0.009622
0 0.471377 0.739286 0.018615 0.010483
0 0.425105 0.712972 0.015454 0.010852
0 0.684774 0.474706 0.017398 0.012716
0 0.191270 0.633796 0.015285 0.008920
0 0.228713 0.354544 0.011746 0.008117
0 0.599658 0.614695 0.015911 0.011637
0 0.476001 0.338111 0.020631 0.014262
0 0.620605 0.633494 0.014763 0.009501
0 0.608958 0.468824 0.016475 0.010017
0 0.186071 0.780842 0.021887 0.017331
0 0.283061 0.753836 0.018162 0.010375
0 0.186266 0.594447 0.015758 0.010738
0 0.490380 0.545532 0.014873 0.012625
0 0.514038 0.799593 0.018997 0.012980
0 0.218929 0.432550 0.011435 0.008198
0 0.221170 0.454219 0.014749 0.010800
0 0.602934 0.358979 0.014609 0.012826
0 0.458375 0.437942 0.013273 0.009448
0 0.305324 0.781540 0.018252 0.013016
0 0.738325 0.639833 0.012808 0.008461
0 0.759760 0.641248 0.013410 0.008651
0 0.323790 0.773688 0.016212 0.012843
0 0.614838 0.390202 0.018790 0.013775
0 0.690560 0.491582 0.015279 0.010590
0 0.622023 0.782087 0.012831 0.007760
0 0.192720 0.611404 0.012553 0.007504
0 0.707882 0.596472 0.011505 0.006876
0 0.389244 0.481596 0.009597 0.008310
0 0.186525 0.659887 0.012204 0.009705
0 0.543340 0.364712 0.016528 0.012358
0 0.642143 0.530986 0.019813 0.012478
0 0.752375 0.626754 0.008639 0.007360
0 0.643578 0.646753 0.013031 0.009316
0 0.706387 0.733659 0.015701 0.009995
0 0.525591 0.764536 0.023214 0.013330
0 0.612131 0.414351 0.015564 0.013094
0 0.381109 0.651375 0.017275 0.015466
0 0.347126 0.605752 0.021762 0.016406
0 0.261973 0.330722 0.008963 0.009086
0 0.519777 0.585299 0.015978 0.012133
0 0.230739 0.539288 0.015021 0.010932
0 0.157770 0.703257 0.012693 0.010783
0 0.205398 0.439785 0.014447 0.009295
0 0.404454 0.440035 0.016733 0.008321
0 0.669689 0.582270 0.011999 0.007194
0 0.408127 0.554784 0.013150 0.009604
0 0.536219 0.767792 0.024212 0.015219
0 0.428047 0.629312 0.012792 0.008837
0 0.772263 0.570961 0.013287 0.011652
0 0.479136 0.707946 0.014456 0.012933
0 0.712448 0.436176 0.021561 0.014559
0 0.312950 0.350387 0.015724 0.011943
0 0.705964 0.476866 0.011864 0.007293
0 0.383822 0.330271 0.009486 0.007047
0 0.436376 0.723489 0.013422 0.009703
0 0.277004 0.400098 0.014603 0.009029
0 0.529591 0.372734 0.013276 0.009653
0 0.238306 0.795774 0.014967 0.008910
0 0.264528 0.521217 0.010920 0.009606
0 0.289870 0.477378 0.012605 0.009157
0 0.667369 0.512366 0.013920 0.011614
0 0.476775 0.647102 0.013023 0.008288
0 0.537396 0.456192 0.018235 0.012667
0 0.379321 0.348875 0.013007 0.009463
0 0.487631 0.461496 0.016396 0.018984
0 0.453375 0.350890 0.010760 0.006961
0 0.388981 0.593071 0.014700 0.009567
0 0.597882 0.556272 0.015702 0.011810
0 0.507366 0.438190 0.018437 0.018298
0 0.299760 0.667214 0.014247 0.011357
1 0.750391 0.482394 0.043818 0.035211
1 0.151800 0.730047 0.054773 0.044601
1 0.290297 0.587441 0.043818 0.043427
1 0.437402 0.592723 0.046948 0.030516
1 0.233959 0.396714 0.050078 0.035211
1 0.325509 0.335094 0.089202 0.041080