0 0.278262 0.644455 0.011270 0.008220
0 0.492341 0.822269 0.017420 0.012354
0 0.388281 0.766224 0.010235 0.008421
0 0.792734 0.576058 0.012993 0.010878
0 0.312107 0.545297 0.012888 0.009411
0 0.573591 0.621116 0.009651 0.008055
0 0.721183 0.783004 0.010298 0.007994
0 0.361217 0.403356 0.011874 0.009908
0 0.759593 0.537816 0.013158 0.010485
0 0.514117 0.569476 0.014628 0.010076
0 0.569239 0.683553 0.010787 0.008314
0 0.785559 0.647514 0.010233 0.008676
0 0.291356 0.602545 0.013258 0.008794
0 0.473381 0.598208 0.012950 0.011229
0 0.641667 0.601552 0.009947 0.008311
0 0.704231 0.435238 0.014368 0.012025
0 0.812067 0.670523 0.013371 0.007023
0 0.352526 0.617020 0.010869 0.008417
0 0.703698 0.776246 0.010875 0.008682
0 0.513616 0.819952 0.017382 0.013756
0 0.605524 0.652413 0.011691 0.009220
0 0.740758 0.449062 0.011232 0.008740
0 0.694066 0.622008 0.010339 0.006919
0 0.638450 0.529272 0.013267 0.009738
0 0.793959 0.534060 0.013331 0.009087
0 0.407574 0.336194 0.012690 0.012412
0 0.728991 0.560609 0.012794 0.009317
0 0.657917 0.483543 0.014675 0.011503
0 0.743750 0.585124 0.010374 0.008896
0 0.395352 0.614582 0.011842 0.007931
0 0.329114 0.390753 0.012124 0.010968
0 0.367594 0.653519 0.010081 0.008452
0 0.336855 0.709200 0.009800 0.007079
0 0.625791 0.447713 0.016156 0.011855
0 0.677731 0.638324 0.009053 0.007449
0 0.657255 0.365688 0.017535 0.011720
0 0.324873 0.369189 0.016973 0.012144
0 0.548786 0.647094 0.013153 0.009776
0 0.754811 0.483392 0.012030 0.007884
0 0.620457 0.514415 0.015366 0.010274
0 0.600996 0.694964 0.010134 0.006895
0 0.669173 0.675701 0.009790 0.006509
0 0.805842 0.595548 0.011630 0.007801
0 0.457793 0.652260 0.011573 0.008644
0 0.419858 0.584844 0.011698 0.010394
0 0.308744 0.559395 0.012082 0.007969
0 0.553837 0.405235 0.013237 0.013305
0 0.428868 0.634112 0.009449 0.008707
0 0.500123 0.489355 0.014496 0.011960
0 0.827610 0.610259 0.007280 0.006522
0 0.748414 0.425990 0.010868 0.008350
0 0.602954 0.627971 0.011330 0.009919
0 0.619279 0.594142 0.010037 0.007004
0 0.733346 0.532912 0.014954 0.011023
0 0.322236 0.528225 0.012112 0.009408
0 0.654277 0.638142 0.009501 0.010648
0 0.328267 0.577923 0.013975 0.011403
0 0.489116 0.624116 0.012102 0.009396
0 0.479476 0.806126 0.017511 0.010678
0 0.514353 0.517691 0.011341 0.009733
0 0.710969 0.586835 0.012913 0.008278
0 0.260160 0.486486 0.010257 0.008062
0 0.295138 0.396528 0.015555 0.013158
0 0.386939 0.628633 0.009573 0.006155
0 0.447364 0.582936 0.015287 0.010549
0 0.280380 0.618116 0.011313 0.007025
0 0.763692 0.569993 0.012453 0.009810
0 0.319565 0.408215 0.013750 0.009382
0 0.598279 0.507344 0.014462 0.009817
0 0.687033 0.523576 0.011699 0.010549
0 0.472757 0.547348 0.011487 0.008828
0 0.397046 0.502097 0.016157 0.011077
0 0.605334 0.424471 0.014856 0.010390
0 0.347059 0.465505 0.011952 0.009348
0 0.787623 0.492888 0.011104 0.007438
0 0.335384 0.609302 0.010876 0.008039
0 0.457645 0.401956 0.013560 0.010314
0 0.410877 0.478607 0.014512 0.012286
0 0.316529 0.431696 0.011703 0.008910
0 0.501750 0.789366 0.010270 0.006670
0 0.708821 0.565544 0.015968 0.010194
0 0.326540 0.351971 0.013966 0.011330
0 0.577328 0.822419 0.018302 0.012729
0 0.604851 0.347431 0.010981 0.009347
0 0.614980 0.621548 0.009970 0.008307
0 0.787458 0.616304 0.011590 0.010608
0 0.417602 0.687744 0.009907 0.008537
0 0.565906 0.712547 0.012136 0.007891
0 0.601464 0.677594 0.011332 0.008788
0 0.570857 0.665733 0.011611 0.008433
0 0.718574 0.462604 0.010600 0.009612
0 0.761763 0.610036 0.010220 0.007021
0 0.365329 0.809961 0.012926 0.009576
0 0.535827 0.334430 0.014623 0.013716
0 0.561604 0.533027 0.014389 0.012496
0 0.771837 0.589280 0.012146 0.006876
0 0.669879 0.767453 0.012911 0.010328
0 0.471445 0.422641 0.013274 0.011499
0 0.211710 0.464689 0.009023 0.009750
0 0.641972 0.462999 0.016357 0.013341
0 0.805018 0.554757 0.013164 0.010354
0 0.280581 0.703520 0.012146 0.007605
0 0.333514 0.769051 0.010636 0.007924
0 0.434621 0.360909 0.014517 0.011158
0 0.432247 0.412561 0.012442 0.012961
0 0.688559 0.744605 0.010663 0.010678
0 0.490619 0.576825 0.014157 0.011139
0 0.678870 0.544532 0.013005 0.011995
0 0.669059 0.654473 0.011694 0.006267
0 0.454279 0.565068 0.012556 0.010231
0 0.510097 0.588301 0.013380 0.008956
0 0.519732 0.627334 0.012891 0.010876
0 0.443328 0.796728 0.014846 0.011508
0 0.881569 0.479822 0.014496 0.011414
0 0.674018 0.584584 0.011749 0.009256
0 0.632316 0.551458 0.014379 0.012399
0 0.690402 0.458045 0.010775 0.009269
0 0.358664 0.639236 0.013588 0.010996
0 0.330344 0.483044 0.014203 0.011514
0 0.380641 0.421427 0.011712 0.009096
0 0.715887 0.610209 0.010234 0.009302
0 0.692376 0.659559 0.010012 0.007534
0 0.607115 0.625595 0.015251 0.010208
0 0.723410 0.628136 0.011965 0.007666
0 0.407806 0.452389 0.012794 0.012660
0 0.624033 0.689919 0.013059 0.009966
0 0.419093 0.605229 0.010872 0.008557
0 0.296509 0.506833 0.011707 0.012212
0 0.391320 0.586158 0.017303 0.012454
0 0.493109 0.383625 0.019334 0.014299
0 0.622566 0.763033 0.011644 0.010547
0 0.260157 0.361869 0.014889 0.014885
0 0.877768 0.553442 0.011080 0.009299
0 0.286245 0.507146 0.013309 0.013006
0 0.817947 0.636378 0.009246 0.007736
0 0.302542 0.441742 0.014463 0.011415
0 0.446347 0.511648 0.013381 0.012292
0 0.593354 0.315012 0.011522 0.008962
0 0.397485 0.670002 0.013251 0.009554
0 0.795565 0.464862 0.014635 0.011364
0 0.659532 0.710135 0.009207 0.007473
0 0.526973 0.363146 0.017711 0.015448
0 0.244081 0.626753 0.010342 0.009290
0 0.714861 0.605903 0.008844 0.008828
0 0.403164 0.303610 0.018780 0.015880
0 0.749846 0.341439 0.011873 0.011509
0 0.307557 0.741149 0.011872 0.008605
0 0.376340 0.375319 0.018084 0.016562
0 0.294801 0.348236 0.014680 0.013647
0 0.868800 0.443981 0.014849 0.012176
0 0.678849 0.417630 0.011608 0.009715
0 0.638687 0.666573 0.012387 0.009573
0 0.812691 0.511599 0.010739 0.008463
0 0.617949 0.546562 0.017229 0.011038
0 0.552436 0.564659 0.015158 0.011805
0 0.589800 0.417921 0.018980 0.010929
0 0.541237 0.601612 0.013920 0.010077
0 0.410437 0.533360 0.018807 0.013866
0 0.457560 0.538323 0.013309 0.011854
0 0.405027 0.550632 0.018287 0.011536
0 0.370819 0.489694 0.011695 0.009863
0 0.335031 0.626677 0.010042 0.008273
0 0.380842 0.523741 0.013477 0.010628
0 0.853983 0.556360 0.010117 0.009062
0 0.291434 0.508759 0.015752 0.010707
0 0.569116 0.434623 0.015722 0.012972
0 0.556731 0.409476 0.014437 0.013485
0 0.304866 0.717614 0.013471 0.010287
0 0.378096 0.381178 0.015995 0.018673
0 0.338484 0.505186 0.011395 0.009925
0 0.745398 0.506065 0.013124 0.009400
0 0.190713 0.527159 0.010267 0.010678
0 0.629743 0.430921 0.012954 0.010924
0 0.304008 0.663858 0.013048 0.009130
0 0.359222 0.510435 0.014530 0.012363
0 0.248905 0.539614 0.014327 0.011221
0 0.704353 0.778711 0.020543 0.009565
0 0.667340 0.445005 0.013651 0.009538
0 0.610429 0.826322 0.022716 0.014282
0 0.715352 0.509370 0.014662 0.011500
0 0.363074 0.527692 0.011853 0.008554
0 0.354241 0.563385 0.012766 0.007532
0 0.429745 0.760201 0.010235 0.008103
0 0.616470 0.330384 0.016779 0.014535
0 0.829765 0.493603 0.013431 0.012517
0 0.659520 0.616074 0.007012 0.007623
0 0.675213 0.600988 0.020244 0.009905
0 0.302985 0.366281 0.013043 0.011648
0 0.406316 0.801757 0.013229 0.010491
0 0.660537 0.395144 0.014747 0.009386
0 0.681948 0.521368 0.018815 0.010311
0 0.505330 0.696430 0.009904 0.009795
0 0.585207 0.583068 0.015415 0.012533
0 0.367989 0.675376 0.011032 0.009245
0 0.525450 0.725001 0.011526 0.009165
0 0.584806 0.480155 0.017995 0.010558
0 0.578714 0.482215 0.019161 0.010018
0 0.381208 0.321168 0.010888 0.013567
0 0.342741 0.412930 0.011122 0.007927
0 0.619548 0.592114 0.014107 0.008127
0 0.647956 0.574317 0.010680 0.008558
0 0.559645 0.322345 0.012435 0.011013
0 0.549693 0.652241 0.012370 0.014235
0 0.679624 0.380762 0.014571 0.013547
0 0.344582 0.506130 0.021102 0.010591
0 0.704502 0.350284 0.014074 0.013460
0 0.419299 0.612462 0.010313 0.008094
0 0.605247 0.576715 0.018120 0.012146
0 0.369750 0.725486 0.009142 0.007575
0 0.500033 0.332989 0.014652 0.011278
0 0.368265 0.492380 0.015184 0.010592
0 0.288782 0.735145 0.011391 0.007905
0 0.715481 0.327106 0.011688 0.011930
0 0.395420 0.664796 0.012794 0.012181
0 0.814758 0.635002 0.010701 0.009080
0 0.855359 0.552989 0.009923 0.011841
0 0.410473 0.688934 0.015923 0.007000
0 0.473269 0.786547 0.012499 0.009119
0 0.312038 0.551460 0.014746 0.015323
0 0.213179 0.519834 0.011346 0.007494
0 0.678462 0.413012 0.011573 0.011680
0 0.304550 0.714436 0.008437 0.011168
0 0.448158 0.507636 0.015754 0.015286
0 0.653172 0.689055 0.011761 0.007950
0 0.876498 0.578288 0.010985 0.008347
0 0.461202 0.675620 0.014927 0.011863
0 0.518501 0.621456 0.013692 0.009896
0 0.310341 0.488126 0.012155 0.009809
0 0.561965 0.498953 0.015055 0.012648
0 0.471138 0.461261 0.013101 0.011107
0 0.516686 0.513868 0.015285 0.012282
0 0.525779 0.677617 0.013745 0.007509
0 0.519086 0.295419 0.014629 0.011340
0 0.259932 0.700874 0.009981 0.006900
0 0.381311 0.702359 0.009142 0.007405
1 0.341941 0.682512 0.037559 0.036385
1 0.768388 0.720070 0.154930 0.134977