0 0.861706 0.496251 0.026214 0.021970
0 0.826446 0.458232 0.015443 0.014282
0 0.861708 0.440793 0.017925 0.013799
0 0.728698 0.410908 0.026372 0.022575
0 0.705410 0.631698 0.016983 0.013621
0 0.538834 0.378017 0.018098 0.013585
0 0.720222 0.343112 0.019924 0.015991
0 0.631314 0.415333 0.017703 0.014378
0 0.587280 0.362774 0.015106 0.011619
0 0.410530 0.662845 0.026340 0.021186
0 0.836906 0.436708 0.013914 0.014957
0 0.782427 0.416252 0.016550 0.015231
0 0.583260 0.453759 0.020723 0.014420
0 0.528082 0.339527 0.024522 0.015287
0 0.473717 0.349844 0.016215 0.011705
0 0.789505 0.619737 0.020012 0.014736
0 0.451184 0.393814 0.018964 0.016593
0 0.544580 0.420188 0.019541 0.014895
0 0.395284 0.203021 0.020642 0.016993
0 0.313074 0.349863 0.022146 0.016811
0 0.752758 0.600840 0.015481 0.011870
0 0.707375 0.534232 0.021913 0.017033
0 0.400360 0.503265 0.014921 0.012072
0 0.648733 0.488743 0.019807 0.015651
0 0.563622 0.514398 0.022860 0.016093
0 0.663633 0.504107 0.020467 0.015950
0 0.437513 0.619645 0.021929 0.018985
0 0.645152 0.591079 0.022942 0.021231
0 0.513040 0.512265 0.016263 0.012448
0 0.667694 0.658311 0.016773 0.013397
0 0.396894 0.587071 0.013793 0.013191
0 0.356969 0.665936 0.019367 0.013329
0 0.731313 0.658581 0.018561 0.013267
0 0.580205 0.547364 0.023651 0.018221
0 0.385916 0.670622 0.022521 0.015669
0 0.676720 0.564989 0.020215 0.016051
0 0.359590 0.380112 0.020202 0.016534
0 0.481328 0.394586 0.020508 0.014375
0 0.427379 0.683680 0.022137 0.013080
0 0.664880 0.703935 0.026892 0.026103
0 0.475280 0.215967 0.011587 0.008203
0 0.482261 0.513540 0.027070 0.021397
0 0.468506 0.456380 0.011408 0.009902
0 0.344691 0.274711 0.023658 0.015745
0 0.776852 0.485690 0.017921 0.013889
0 0.668030 0.357611 0.016092 0.012104
0 0.486709 0.436865 0.011680 0.009612
0 0.398376 0.413066 0.013474 0.011395
0 0.488389 0.320241 0.013773 0.011071
0 0.574083 0.567749 0.018801 0.015396
0 0.694390 0.267849 0.022465 0.016199
0 0.388133 0.383114 0.014102 0.011011
0 0.385936 0.627775 0.014980 0.012019
0 0.351235 0.522861 0.015809 0.015254
0 0.593940 0.302227 0.013300 0.008694
0 0.259116 0.355047 0.015660 0.013469
0 0.375213 0.353299 0.022221 0.014676
0 0.466133 0.441499 0.013277 0.012788
0 0.478292 0.260112 0.023670 0.016889
0 0.487572 0.565353 0.016820 0.015217
0 0.729848 0.479968 0.015546 0.012353
0 0.346632 0.543214 0.014717 0.012404
0 0.380566 0.608014 0.015136 0.009022
0 0.200003 0.314670 0.014549 0.011474
0 0.497951 0.416589 0.016880 0.014889
0 0.442807 0.315110 0.023194 0.014825
0 0.747616 0.651550 0.016423 0.012194
0 0.320904 0.514983 0.012795 0.011739
0 0.499138 0.549693 0.019075 0.014725
0 0.709175 0.286233 0.021772 0.017616
0 0.465858 0.625336 0.015931 0.015910
0 0.391249 0.281453 0.013854 0.012823
0 0.635010 0.350822 0.014285 0.012157
0 0.448337 0.419030 0.015985 0.013925