0 0.652180 0.692079 0.018233 0.023824
0 0.615803 0.693692 0.018796 0.024988
0 0.373120 0.755166 0.012502 0.018370
0 0.211175 0.792024 0.012990 0.016309
0 0.210371 0.845152 0.011471 0.015825
0 0.257034 0.529166 0.013740 0.019259
0 0.400913 0.837147 0.012798 0.019078
0 0.315869 0.876587 0.014817 0.019825
0 0.434408 0.613388 0.010818 0.016816
0 0.468943 0.575934 0.013169 0.018657
0 0.373601 0.702783 0.010141 0.015173
0 0.316382 0.504615 0.011094 0.015020
0 0.525233 0.461087 0.013102 0.020210
0 0.401797 0.790279 0.011429 0.017353
0 0.346537 0.621114 0.013024 0.018104
0 0.228111 0.519405 0.014433 0.022502
0 0.331943 0.677421 0.014278 0.019044
0 0.379593 0.569964 0.014719 0.018598
0 0.384439 0.811553 0.013945 0.018764
0 0.437205 0.444482 0.011862 0.013390
0 0.216962 0.822189 0.012880 0.013153
0 0.531210 0.807301 0.017092 0.025592
0 0.187338 0.624215 0.011764 0.015752
0 0.643537 0.466919 0.021379 0.024099
0 0.385979 0.288065 0.008511 0.013531
0 0.245218 0.738262 0.014432 0.017904
0 0.356730 0.928443 0.013971 0.019580
0 0.583979 0.677560 0.014900 0.019483
0 0.586398 0.533785 0.015000 0.021196
0 0.516038 0.611552 0.015881 0.023365
0 0.373139 0.910912 0.013874 0.017127
0 0.405798 0.380416 0.010762 0.018971
0 0.169239 0.502651 0.008561 0.014071
0 0.550713 0.290515 0.013304 0.018410
0 0.520507 0.511961 0.016073 0.022312
0 0.480071 0.743447 0.011445 0.016834
0 0.542724 0.595922 0.012961 0.019798
0 0.547563 0.508197 0.013364 0.021234
0 0.503082 0.544805 0.012079 0.019777
0 0.367085 0.306337 0.011052 0.014249
0 0.467075 0.917051 0.015889 0.021345
0 0.194136 0.767624 0.009703 0.013681
0 0.235887 0.858320 0.012991 0.019803
0 0.544100 0.519686 0.015068 0.024855
0 0.326723 0.822264 0.012526 0.020569
0 0.551816 0.380450 0.010605 0.013289
0 0.287656 0.427528 0.015453 0.022667
0 0.651434 0.429706 0.012944 0.021345
1 0.485475 0.524061 0.020246 0.041080
1 0.391725 0.963028 0.029930 0.038732