0 0.438261 0.644791 0.017453 0.015006
0 0.398853 0.406946 0.017070 0.012744
0 0.597384 0.652840 0.017523 0.014808
0 0.603835 0.716123 0.019789 0.016604
0 0.229747 0.531087 0.015763 0.013372
0 0.510320 0.698189 0.022571 0.017629
0 0.495873 0.767842 0.025595 0.020450
0 0.690708 0.714978 0.017179 0.013819
0 0.522698 0.589131 0.019236 0.016378
0 0.658542 0.646543 0.014750 0.012694
0 0.581745 0.606625 0.015696 0.012599
0 0.302704 0.617286 0.014382 0.013573
1 0.180751 0.459507 0.034429 0.026995
1 0.153365 0.344484 0.045383 0.031690
1 0.319249 0.230634 0.039124 0.043427