0 0.621506 0.652530 0.013504 0.010843
0 0.356837 0.431730 0.018771 0.015649
0 0.420532 0.357142 0.016032 0.012286
0 0.378751 0.478529 0.014718 0.011215
0 0.454644 0.486474 0.015169 0.011315
0 0.248620 0.517543 0.015513 0.010087
0 0.309965 0.482769 0.015939 0.013890
0 0.563084 0.490558 0.017929 0.011782
0 0.657042 0.490032 0.016020 0.011848
0 0.186774 0.502807 0.012188 0.009287
0 0.518948 0.489069 0.016840 0.012781
0 0.286592 0.626637 0.013403 0.009544
0 0.712264 0.630399 0.011997 0.007484
0 0.214572 0.424316 0.014706 0.012480
0 0.581730 0.447273 0.017275 0.014061
0 0.476881 0.478754 0.015859 0.013774
0 0.209907 0.511333 0.013947 0.008515
0 0.496255 0.578009 0.013980 0.010447
0 0.764735 0.496855 0.014922 0.009790
0 0.686937 0.485976 0.016210 0.011187
0 0.549891 0.452488 0.020469 0.015608
0 0.395981 0.598277 0.012814 0.009966
0 0.794693 0.512053 0.013350 0.011539
0 0.167613 0.470817 0.016606 0.014736
0 0.627759 0.580201 0.012264 0.009170
0 0.244459 0.495741 0.015809 0.010939
0 0.648726 0.562603 0.011585 0.007545
0 0.576486 0.477186 0.017767 0.011774
0 0.461175 0.458383 0.016001 0.010504
0 0.704946 0.540408 0.012085 0.007508
0 0.219710 0.594115 0.011712 0.009240
0 0.718752 0.561454 0.015467 0.008463
0 0.460970 0.390248 0.015981 0.012357
0 0.411615 0.461362 0.014604 0.013000
0 0.481441 0.434720 0.018849 0.013428
0 0.384402 0.511877 0.016308 0.012874
0 0.450490 0.439609 0.014357 0.010253
0 0.241577 0.571185 0.010465 0.008328
0 0.475388 0.519846 0.014940 0.008648
0 0.561172 0.522351 0.010471 0.007811
0 0.301509 0.532943 0.015253 0.011454
0 0.291114 0.466082 0.016132 0.012794
0 0.369928 0.616089 0.009976 0.007883
0 0.428362 0.524901 0.014940 0.011984
0 0.201485 0.444483 0.014101 0.010811
0 0.349976 0.582289 0.013051 0.010975
0 0.169387 0.553062 0.013413 0.010069
0 0.292257 0.590779 0.010052 0.007929
0 0.436922 0.373255 0.014991 0.011540
0 0.303812 0.557383 0.013164 0.008758
0 0.413337 0.656093 0.013102 0.010806
0 0.768384 0.583352 0.011554 0.007331
0 0.263857 0.589090 0.010073 0.008801
0 0.780266 0.553128 0.014277 0.009602
0 0.430808 0.465137 0.015422 0.011646
0 0.332362 0.470655 0.014272 0.011371
0 0.423646 0.635847 0.011564 0.008337
0 0.430738 0.390022 0.015681 0.013158
0 0.147716 0.435704 0.014866 0.012811
0 0.166933 0.515939 0.010691 0.008364
0 0.725710 0.533670 0.012303 0.009082
0 0.663398 0.529155 0.017765 0.009349
0 0.419248 0.431898 0.017724 0.013305
0 0.417500 0.583962 0.014159 0.010248
0 0.754863 0.540626 0.012085 0.009956
0 0.688157 0.615634 0.011350 0.007888
0 0.345769 0.498221 0.019889 0.013263
0 0.216185 0.474816 0.015728 0.011879
0 0.583083 0.532728 0.016386 0.011965
0 0.683478 0.549571 0.014293 0.011351
0 0.593202 0.567766 0.015570 0.010679
0 0.490415 0.410746 0.013477 0.010309
0 0.383392 0.392086 0.014467 0.014434
0 0.436666 0.426813 0.014495 0.013674
0 0.785496 0.446662 0.010627 0.008514
0 0.341192 0.532965 0.015235 0.009495
0 0.319793 0.420036 0.016587 0.013217
0 0.617723 0.527723 0.014481 0.011699
0 0.300302 0.658280 0.014298 0.010158
0 0.770202 0.515443 0.013939 0.009865
0 0.365380 0.463439 0.019743 0.015209
0 0.305599 0.640909 0.014620 0.009575
0 0.547737 0.654500 0.012452 0.009555
0 0.476653 0.719372 0.020993 0.014888
0 0.412271 0.567762 0.012832 0.011739
0 0.312280 0.406382 0.015916 0.014864
0 0.514927 0.531019 0.015493 0.014031
0 0.599692 0.578791 0.013883 0.007940
0 0.273904 0.523517 0.014558 0.010475
0 0.609491 0.671603 0.013318 0.008824
0 0.818949 0.498638 0.016799 0.010411
0 0.378632 0.575323 0.013050 0.008996
0 0.426265 0.620538 0.015454 0.009917
0 0.263367 0.606228 0.011773 0.007970
0 0.510222 0.561781 0.015299 0.014348
0 0.579789 0.549733 0.013856 0.010831
0 0.513519 0.508914 0.013792 0.010777
0 0.367351 0.557440 0.012469 0.011847
0 0.256244 0.549237 0.015152 0.009261
0 0.351270 0.654164 0.012202 0.010287
0 0.786442 0.571687 0.011186 0.008379
0 0.710114 0.523450 0.012895 0.009349
0 0.465720 0.679346 0.013150 0.010292
0 0.220296 0.511792 0.014841 0.009033
0 0.457300 0.611066 0.013486 0.008811
0 0.469844 0.412187 0.015927 0.011476
0 0.739421 0.512302 0.013438 0.008786
0 0.724646 0.514838 0.014170 0.008980
0 0.485937 0.696624 0.015974 0.013012
0 0.743019 0.514266 0.012676 0.009552
0 0.223653 0.539057 0.010447 0.008777
0 0.695716 0.578756 0.012241 0.008646
0 0.168528 0.392563 0.010653 0.013759
0 0.236362 0.633506 0.011144 0.007339
0 0.326627 0.669585 0.014321 0.009107
0 0.615613 0.563792 0.013404 0.009931
0 0.738152 0.586839 0.013302 0.007800
0 0.151355 0.517801 0.020822 0.010100
0 0.138719 0.463566 0.017054 0.010392
0 0.404118 0.616238 0.015540 0.009357
0 0.471218 0.537646 0.019304 0.012795
0 0.449359 0.574878 0.013335 0.011204
0 0.448104 0.591774 0.013080 0.008775
0 0.793925 0.491583 0.014553 0.008699
0 0.350040 0.532543 0.018679 0.010376
1 0.160407 0.328638 0.046948 0.039906
1 0.415493 0.301643 0.037559 0.028169
1 0.791080 0.382629 0.053208 0.035211
1 0.113459 0.332746 0.056338 0.031690