0 0.234727 0.416078 0.014580 0.012239
0 0.370846 0.379515 0.018752 0.018525
0 0.332534 0.390086 0.025075 0.016960
0 0.320224 0.359429 0.017201 0.013511
0 0.612178 0.538870 0.012567 0.010364
0 0.562855 0.579103 0.019795 0.015707
0 0.704139 0.428338 0.024527 0.013721
0 0.745260 0.454933 0.015373 0.012574
0 0.403004 0.418418 0.012426 0.009215
0 0.147264 0.684088 0.022833 0.014911
0 0.210983 0.706943 0.013779 0.011328
0 0.347965 0.529682 0.013215 0.009718
0 0.396100 0.782477 0.014677 0.010464
0 0.313473 0.420562 0.015997 0.012572
0 0.377034 0.708784 0.018150 0.014748
0 0.137644 0.580723 0.016301 0.012322
0 0.205280 0.606264 0.014003 0.011421
0 0.421281 0.395614 0.017487 0.014539
0 0.513717 0.400212 0.015021 0.013453
0 0.199434 0.446819 0.016095 0.014801
0 0.193913 0.665934 0.013003 0.010282
0 0.278504 0.822691 0.017698 0.013106
0 0.374209 0.447072 0.017517 0.016075
0 0.238703 0.696101 0.017382 0.013425
0 0.343870 0.770822 0.015658 0.011015
0 0.704314 0.668638 0.012438 0.010633
0 0.599313 0.357403 0.015843 0.011213
0 0.516924 0.785070 0.014024 0.010834
0 0.239056 0.394208 0.010034 0.008163
0 0.085977 0.596255 0.011382 0.008401
0 0.377733 0.628536 0.012619 0.010930
0 0.442355 0.562954 0.016282 0.011357
0 0.269952 0.783096 0.015593 0.011065
0 0.429578 0.788074 0.016072 0.009007
0 0.315406 0.296970 0.014068 0.010139
0 0.355158 0.426770 0.017178 0.012475
0 0.157576 0.559076 0.020119 0.013952
0 0.221544 0.659247 0.012944 0.009129
0 0.055199 0.569796 0.013590 0.010840
0 0.639505 0.760800 0.013240 0.009686
0 0.431080 0.492374 0.016442 0.013628
0 0.347096 0.699787 0.012832 0.008475
0 0.371852 0.342410 0.014276 0.013395
0 0.435733 0.379625 0.015363 0.010735
0 0.186796 0.738228 0.012953 0.008409
0 0.354148 0.466086 0.012333 0.014198
0 0.133769 0.732618 0.015146 0.010713
0 0.320521 0.802738 0.017582 0.012477
0 0.505007 0.836469 0.015158 0.012183
0 0.163895 0.703540 0.013341 0.009881
0 0.142023 0.754919 0.019441 0.011774
0 0.373216 0.566644 0.026793 0.022982
0 0.552144 0.510996 0.018681 0.013149
0 0.723271 0.582614 0.009092 0.008200
0 0.270640 0.313432 0.013660 0.010555
0 0.455977 0.832275 0.020258 0.016554
0 0.371040 0.301101 0.010725 0.009929
0 0.064471 0.658581 0.012415 0.009297
0 0.356772 0.589574 0.015251 0.010140
0 0.581296 0.538964 0.019869 0.013929
0 0.632869 0.484840 0.014445 0.011686
0 0.316793 0.627759 0.012407 0.008731
0 0.144866 0.459979 0.014018 0.011534
0 0.280637 0.388590 0.015108 0.016616
0 0.376836 0.479046 0.016309 0.014508
0 0.543266 0.546989 0.013320 0.009436
0 0.178693 0.541042 0.014021 0.010879
0 0.251809 0.609241 0.014724 0.009816
0 0.127824 0.539295 0.015844 0.013722
0 0.094692 0.389747 0.014874 0.013884
0 0.621171 0.634021 0.011015 0.008472
0 0.528407 0.331310 0.021522 0.014719
0 0.254200 0.522371 0.012314 0.008795
0 0.428282 0.635464 0.016170 0.012061
0 0.481475 0.358055 0.017962 0.013189
0 0.103886 0.610895 0.012059 0.007052
0 0.487680 0.415146 0.026366 0.018297
0 0.320003 0.434378 0.015550 0.011646
0 0.047418 0.529235 0.012636 0.009453
0 0.543055 0.379125 0.017440 0.013489
0 0.564866 0.805494 0.015450 0.011733
0 0.510828 0.523013 0.018975 0.011783
0 0.454909 0.588720 0.015454 0.010370
0 0.578155 0.334692 0.015226 0.011934
0 0.145805 0.644927 0.013597 0.007130
0 0.125208 0.469605 0.013160 0.013739
0 0.407557 0.488234 0.016025 0.012457
0 0.263107 0.702943 0.015343 0.015606
0 0.520245 0.632562 0.010226 0.007138
0 0.128884 0.406044 0.012904 0.007815
0 0.082782 0.708219 0.014287 0.011779
0 0.043584 0.449519 0.027725 0.016485
0 0.465040 0.857222 0.016831 0.011188
0 0.471612 0.480291 0.013164 0.011195
0 0.458792 0.539431 0.022948 0.013714
0 0.461744 0.699919 0.013726 0.012799
0 0.228844 0.756206 0.015704 0.009126
0 0.294594 0.295016 0.011375 0.009215
0 0.372254 0.525491 0.018247 0.014811
0 0.217473 0.511697 0.014611 0.010895
0 0.008615 0.520494 0.010370 0.010782
0 0.378325 0.771416 0.012965 0.008923
0 0.115819 0.635036 0.013282 0.011037
0 0.648906 0.668122 0.015402 0.011691
0 0.409888 0.749432 0.012373 0.007313
0 0.286557 0.435230 0.010808 0.011214
0 0.754352 0.502785 0.015415 0.011301
0 0.146567 0.509165 0.010388 0.007362
0 0.112570 0.527626 0.013562 0.011569
0 0.434269 0.649485 0.015892 0.012632
0 0.428380 0.597557 0.021749 0.014474
0 0.390370 0.512434 0.017002 0.012551
0 0.110575 0.723224 0.010300 0.009433
0 0.210168 0.522881 0.012141 0.007238
0 0.399503 0.601137 0.015300 0.007865
0 0.081983 0.544058 0.018654 0.012419
0 0.487116 0.496413 0.018515 0.013830
0 0.493745 0.337736 0.020989 0.013890
0 0.706158 0.446367 0.011378 0.009078
0 0.007527 0.563928 0.009134 0.010065
0 0.539503 0.632649 0.012075 0.008337
0 0.017443 0.620565 0.018940 0.008917
0 0.353603 0.642983 0.015727 0.012533
0 0.512601 0.611155 0.012865 0.009405
0 0.245137 0.470178 0.011088 0.007497
0 0.518177 0.502807 0.011553 0.007655
0 0.315910 0.427157 0.017312 0.020595
0 0.090995 0.429339 0.013552 0.008755
0 0.481714 0.391505 0.011149 0.009173
0 0.184386 0.628182 0.016153 0.013381
0 0.061596 0.512316 0.012189 0.008930
0 0.512596 0.676415 0.010747 0.008054
0 0.369065 0.752977 0.015929 0.011595
0 0.351459 0.550151 0.012386 0.008492
0 0.529501 0.731202 0.011786 0.007343
0 0.554939 0.350355 0.029623 0.015448
0 0.372360 0.604630 0.010225 0.007240
0 0.081968 0.610438 0.011587 0.008644
0 0.652639 0.441853 0.012422 0.009136
0 0.608269 0.465782 0.015051 0.010779
0 0.362333 0.287984 0.011980 0.010950
0 0.119589 0.487318 0.014735 0.009976
0 0.186578 0.715127 0.012555 0.008223
0 0.369508 0.324065 0.010427 0.007920
0 0.450147 0.351052 0.011897 0.010591
0 0.583271 0.710836 0.014064 0.009499
0 0.635442 0.616026 0.010805 0.008808
0 0.642784 0.590946 0.016919 0.013038
0 0.469120 0.476070 0.015359 0.012437
0 0.401931 0.624854 0.016819 0.009577
0 0.051361 0.604483 0.011207 0.008237
0 0.567672 0.382628 0.027976 0.014089
0 0.355099 0.481471 0.011525 0.009967
0 0.689614 0.647011 0.008236 0.008288
0 0.543428 0.479101 0.015827 0.011332
0 0.651603 0.714676 0.010419 0.007960
0 0.560540 0.772787 0.010324 0.007670
0 0.346942 0.410223 0.015170 0.011608
0 0.454683 0.471127 0.012106 0.008124
0 0.189088 0.334633 0.020112 0.012636
0 0.084548 0.730149 0.013232 0.008631
0 0.597588 0.339271 0.017286 0.014391
0 0.160026 0.532923 0.010434 0.006444
0 0.075743 0.411556 0.016816 0.011938
0 0.521676 0.820378 0.014802 0.011466
0 0.532999 0.818464 0.014114 0.013210
0 0.111425 0.374027 0.013501 0.012797
0 0.469876 0.627306 0.012275 0.013378
0 0.427501 0.865003 0.019195 0.011985
0 0.365771 0.290897 0.010759 0.010116
0 0.584031 0.335925 0.022086 0.013011
0 0.433743 0.845029 0.018002 0.010251
0 0.554004 0.482038 0.020888 0.017478
0 0.758832 0.471992 0.014705 0.009764
0 0.534007 0.567926 0.017536 0.014491
0 0.096705 0.630256 0.013106 0.010639
0 0.261224 0.402823 0.013579 0.008604
0 0.442359 0.860802 0.018852 0.012103
0 0.484818 0.558015 0.013487 0.007720
0 0.512204 0.349684 0.014543 0.011341
0 0.508292 0.473520 0.009662 0.007875
0 0.157385 0.734472 0.011126 0.008702
0 0.364628 0.397367 0.012924 0.010344
0 0.566615 0.681168 0.013156 0.011276
0 0.543783 0.549142 0.018479 0.015566
0 0.100390 0.514870 0.016948 0.009007
0 0.107021 0.642278 0.024905 0.014562
0 0.746776 0.460072 0.014625 0.015822
0 0.230579 0.377411 0.009051 0.007123
1 0.389671 0.854460 0.054773 0.049296
1 0.638748 0.803502 0.040573 0.035211
1 0.496305 0.751437 0.044014 0.041080
1 0.257651 0.735666 0.049883 0.030076
1 0.361328 0.736399 0.051839 0.035945
1 0.259118 0.648371 0.037167 0.034478
1 0.307533 0.550806 0.055751 0.034478
1 0.199454 0.492855 0.054773 0.035945
1 0.181359 0.407027 0.042058 0.043281
1 0.262541 0.352376 0.042058 0.024941
1 0.422459 0.456394 0.058685 0.038146