0 0.383376 0.413423 0.014582 0.019882
0 0.419229 0.686878 0.015546 0.018933
0 0.401200 0.360279 0.011529 0.016454
0 0.666011 0.571729 0.011427 0.017170
0 0.345068 0.782405 0.018511 0.022894
0 0.432973 0.177907 0.009517 0.013540
0 0.295205 0.639300 0.015585 0.020845
0 0.290403 0.526704 0.010887 0.015598
0 0.438776 0.327871 0.015501 0.021127
0 0.585953 0.711757 0.013480 0.018202
0 0.542675 0.530669 0.012651 0.015560
0 0.544324 0.188543 0.014184 0.017041
0 0.472267 0.637993 0.011930 0.017444
0 0.333294 0.651343 0.014448 0.018053
0 0.331159 0.559519 0.012514 0.015858
0 0.422908 0.722881 0.010849 0.014823
0 0.606275 0.750057 0.015617 0.018988
0 0.334514 0.707905 0.013104 0.018417
0 0.277641 0.659784 0.012183 0.017609
0 0.358207 0.628176 0.011608 0.015528
0 0.455128 0.408450 0.012184 0.015384
0 0.308848 0.708065 0.013716 0.017144
0 0.285422 0.484274 0.012462 0.017284
0 0.412771 0.511030 0.010536 0.014553
0 0.393510 0.250075 0.013227 0.019576
0 0.672737 0.512466 0.013021 0.015427
0 0.546625 0.747944 0.011534 0.016085
0 0.653210 0.521606 0.011679 0.012721
0 0.581164 0.661250 0.012607 0.014635
0 0.578345 0.454056 0.012072 0.015566
0 0.171851 0.470118 0.018163 0.023876
0 0.365951 0.342473 0.010030 0.015273
0 0.297067 0.546466 0.012111 0.016522
0 0.526329 0.636375 0.013627 0.018592
0 0.551359 0.697434 0.014887 0.019965
0 0.404701 0.837556 0.016725 0.026988
0 0.192533 0.494357 0.011845 0.015962
0 0.397780 0.609839 0.013137 0.015039
0 0.488811 0.450569 0.010918 0.012384
0 0.565266 0.544220 0.012870 0.014658
0 0.310574 0.732501 0.015417 0.020611
0 0.558075 0.774584 0.013646 0.017083
0 0.668139 0.456733 0.013497 0.015258
0 0.373742 0.194669 0.009646 0.013206
0 0.262888 0.500782 0.011453 0.017358
0 0.238905 0.499936 0.012916 0.016697
0 0.565213 0.402179 0.013685 0.018707
0 0.534935 0.430316 0.011958 0.018677
0 0.527037 0.401716 0.012572 0.016460
0 0.519766 0.518501 0.012798 0.014235
0 0.217341 0.389214 0.012206 0.014967
0 0.398457 0.225420 0.013936 0.018305
0 0.423044 0.400571 0.011019 0.016892
0 0.600924 0.627797 0.011487 0.012567
0 0.250846 0.290470 0.009630 0.015377
0 0.448055 0.620731 0.011822 0.014515
0 0.400860 0.823549 0.019502 0.029457
0 0.368474 0.517475 0.015292 0.013699
0 0.518328 0.680982 0.010246 0.015643
0 0.274781 0.322928 0.011833 0.017796
0 0.534850 0.797085 0.016843 0.019693
0 0.518511 0.335424 0.011947 0.012575
0 0.519140 0.350934 0.015719 0.013414
1 0.341549 0.285798 0.047535 0.066901
1 0.192782 0.263498 0.035211 0.052817
1 0.350352 0.116197 0.036972 0.049296