0 0.592653 0.417284 0.013600 0.018091
0 0.654831 0.499768 0.012960 0.018955
0 0.487015 0.343209 0.009583 0.013687
0 0.672208 0.493337 0.011615 0.015748
0 0.328822 0.407965 0.009373 0.015477
0 0.471572 0.604045 0.010580 0.006213
0 0.482352 0.498478 0.010962 0.014078
0 0.547740 0.422342 0.016811 0.022142
0 0.478786 0.553041 0.010113 0.013683
0 0.371663 0.485593 0.009677 0.013445
0 0.494153 0.424754 0.013786 0.015824
0 0.366209 0.517419 0.009035 0.013769
0 0.483738 0.655005 0.011272 0.016991
0 0.382970 0.424574 0.012018 0.016323
0 0.449568 0.443149 0.013286 0.017213
0 0.315432 0.590525 0.008274 0.010975
0 0.497798 0.399039 0.015015 0.018981
0 0.552921 0.481906 0.010680 0.014174
0 0.409138 0.419933 0.013929 0.017357
0 0.495965 0.692925 0.011368 0.016543
0 0.578359 0.523384 0.011551 0.012746
0 0.527773 0.423496 0.012042 0.017985
0 0.214791 0.525376 0.007456 0.008966
0 0.235078 0.694391 0.008593 0.010541
0 0.201816 0.591977 0.006878 0.008722
0 0.309652 0.654713 0.008102 0.009867
0 0.204441 0.503113 0.008694 0.011396
0 0.259643 0.458661 0.010432 0.012662
0 0.272236 0.606106 0.011580 0.012007
0 0.240685 0.467432 0.010176 0.017680
0 0.544781 0.508166 0.014102 0.017645
0 0.218886 0.657208 0.008194 0.010556
0 0.322432 0.565046 0.009333 0.012091
0 0.353053 0.424582 0.009932 0.011301
0 0.270776 0.485939 0.011517 0.013552
0 0.537661 0.697753 0.010483 0.013401
0 0.296022 0.528827 0.012651 0.015276
0 0.501976 0.529504 0.010646 0.011348
0 0.449617 0.405169 0.013142 0.015922
0 0.325385 0.480552 0.012872 0.017715
0 0.493700 0.636816 0.009554 0.012431
0 0.603160 0.644147 0.008163 0.012294
0 0.308582 0.461922 0.012586 0.012187
0 0.372660 0.452381 0.009149 0.010177
0 0.379023 0.353023 0.011266 0.014730
0 0.544543 0.447522 0.011942 0.015457
0 0.326317 0.535274 0.010431 0.014885
0 0.360529 0.404913 0.010210 0.015068
0 0.352230 0.462088 0.009393 0.012934
0 0.300045 0.485039 0.012235 0.013124
0 0.260113 0.517814 0.011521 0.015825
0 0.515126 0.647745 0.008493 0.009792
0 0.397766 0.441627 0.010382 0.014473
0 0.527829 0.506660 0.009593 0.015721
0 0.464527 0.398324 0.012152 0.019522
0 0.474288 0.467179 0.013471 0.014289
0 0.432538 0.499091 0.010627 0.012695
0 0.331593 0.597108 0.008382 0.010554
0 0.541133 0.546999 0.011589 0.016596
0 0.589826 0.549697 0.012436 0.013372
0 0.346083 0.404767 0.010842 0.012070
0 0.447878 0.511772 0.010953 0.014071
0 0.590409 0.655626 0.008787 0.011340
0 0.391496 0.481251 0.009624 0.010745
0 0.264168 0.634594 0.008886 0.011816
0 0.250394 0.487333 0.009989 0.011530
0 0.378389 0.540631 0.009289 0.014635
0 0.208764 0.482007 0.008500 0.010528
0 0.243932 0.501209 0.008732 0.009884
0 0.560299 0.658644 0.010833 0.015067
0 0.422421 0.471501 0.014763 0.014492
0 0.477971 0.464277 0.013453 0.013090
0 0.694462 0.530531 0.010050 0.010135
0 0.461961 0.516080 0.010037 0.014172
0 0.249704 0.591981 0.009521 0.010699
0 0.194560 0.641818 0.008320 0.010862
0 0.286200 0.452416 0.011741 0.017449
0 0.566087 0.514458 0.011855 0.011526
0 0.420943 0.523386 0.011503 0.014944
0 0.231131 0.637065 0.006329 0.011787
0 0.507503 0.620071 0.008407 0.012198
0 0.490179 0.366178 0.010533 0.011484
0 0.320685 0.617636 0.008019 0.009090
0 0.388467 0.530706 0.010385 0.013676
0 0.583188 0.599318 0.009804 0.013599
0 0.373270 0.692860 0.009012 0.012807
0 0.194210 0.524889 0.009866 0.011643
0 0.513297 0.404007 0.011346 0.017867
0 0.482745 0.705896 0.007850 0.012616
0 0.659182 0.583489 0.012352 0.014385
0 0.262137 0.685003 0.008067 0.010524
0 0.453325 0.480857 0.010235 0.012273
0 0.240505 0.591158 0.008277 0.010557
0 0.238887 0.559918 0.006093 0.008310
0 0.380467 0.373303 0.012538 0.013598
0 0.408672 0.482028 0.008499 0.014443
0 0.404712 0.617031 0.011966 0.013630
0 0.213231 0.705682 0.007009 0.009655
0 0.528396 0.556581 0.010420 0.014657
0 0.528454 0.589255 0.011864 0.015513
0 0.619819 0.557512 0.011150 0.013302
0 0.651216 0.541471 0.016432 0.015649
0 0.679481 0.599374 0.009582 0.010955
0 0.219822 0.572882 0.018025 0.010060
1 0.382482 0.220657 0.041373 0.044601
1 0.373239 0.597418 0.031690 0.042254