0 0.294264 0.652647 0.022830 0.016489
0 0.569691 0.241423 0.020000 0.013763
0 0.696703 0.571941 0.020153 0.014311
0 0.276425 0.688197 0.016158 0.011856
0 0.712379 0.504102 0.023346 0.016247
0 0.375483 0.616329 0.022792 0.016209
0 0.636493 0.256919 0.016517 0.013506
0 0.682329 0.483251 0.018818 0.014284
0 0.407290 0.573416 0.022351 0.017083
0 0.507972 0.517804 0.026830 0.016819
0 0.722045 0.559180 0.020109 0.015661
0 0.659852 0.322144 0.027214 0.017812
0 0.628529 0.632386 0.021244 0.015557
0 0.345715 0.589114 0.017261 0.013640
0 0.506805 0.259755 0.023055 0.018523
0 0.611919 0.603573 0.020828 0.013628
0 0.562102 0.333772 0.026196 0.018129
0 0.320564 0.561104 0.021025 0.014747
0 0.204847 0.401899 0.015993 0.011319
0 0.770856 0.645437 0.022278 0.017255
0 0.334335 0.452954 0.021408 0.015167
0 0.255997 0.608037 0.016037 0.010916
0 0.667986 0.453087 0.019573 0.013684
0 0.430445 0.336921 0.030981 0.021762
0 0.392133 0.661807 0.025540 0.016917
0 0.890984 0.432169 0.015116 0.009463
0 0.303005 0.678437 0.016543 0.011441
0 0.394545 0.700088 0.022651 0.016481
0 0.711447 0.378833 0.027644 0.021735
0 0.309667 0.317098 0.017111 0.014584
0 0.181829 0.488836 0.013566 0.014182
0 0.878354 0.413625 0.017491 0.011155
0 0.544537 0.488310 0.021157 0.014243
0 0.561926 0.640985 0.019540 0.013545
0 0.284360 0.273573 0.019852 0.017989
0 0.679997 0.765692 0.015577 0.013448
0 0.686022 0.297950 0.019922 0.016813
0 0.542614 0.701209 0.019264 0.013603
1 0.439750 0.792254 0.048513 0.030516
1 0.161189 0.446009 0.042254 0.025822
1 0.811424 0.597418 0.043818 0.039906
1 0.869327 0.521714 0.037559 0.029343