0 0.244315 0.637124 0.021061 0.016530
0 0.676445 0.477798 0.017499 0.012313
0 0.106248 0.686811 0.017467 0.014554
0 0.470211 0.530282 0.019524 0.015456
0 0.369972 0.445229 0.018652 0.016661
0 0.194438 0.502178 0.018653 0.012638
0 0.538719 0.497454 0.016137 0.014166
0 0.259702 0.808162 0.016166 0.013133
0 0.293604 0.812326 0.016728 0.011836
0 0.355483 0.634871 0.017517 0.015412
0 0.417039 0.632295 0.021170 0.016196
0 0.485030 0.705615 0.013314 0.011682
0 0.162207 0.627808 0.017469 0.011367
0 0.437816 0.689364 0.014976 0.013341
0 0.405171 0.268336 0.013245 0.011250
0 0.441061 0.557415 0.018388 0.013501
0 0.246104 0.675773 0.017932 0.014819
0 0.145136 0.728823 0.015071 0.011527
0 0.425943 0.343145 0.018810 0.014495
0 0.254261 0.394689 0.012476 0.008450
0 0.561742 0.788924 0.017944 0.014681
0 0.387886 0.418583 0.019813 0.016549
0 0.284155 0.598121 0.021442 0.016314
0 0.144136 0.559257 0.017250 0.013070
0 0.659975 0.674797 0.021383 0.018478
0 0.435606 0.366267 0.017641 0.011057
0 0.400289 0.705192 0.012525 0.009702
0 0.159763 0.462412 0.017713 0.012389
0 0.309064 0.721728 0.014364 0.010989
0 0.287368 0.650756 0.015012 0.012281
0 0.570165 0.584292 0.016188 0.012436
0 0.175569 0.665302 0.017702 0.012606
0 0.359647 0.481531 0.012722 0.010409
0 0.290397 0.365643 0.018704 0.011467
0 0.078114 0.547927 0.014793 0.011062
0 0.548011 0.690250 0.013145 0.010466
0 0.086476 0.465613 0.016887 0.012821
0 0.219738 0.780798 0.019903 0.015160
0 0.100455 0.794030 0.020219 0.014802
0 0.258867 0.318199 0.018184 0.016619
0 0.691842 0.413744 0.026685 0.017589
0 0.411739 0.816568 0.015550 0.013395
0 0.193886 0.378491 0.020202 0.012444
0 0.187410 0.410536 0.021982 0.018750
0 0.638404 0.696591 0.016803 0.013980
0 0.661758 0.530222 0.015323 0.011671
0 0.329858 0.628230 0.013646 0.009892
0 0.352198 0.856454 0.024851 0.017564
0 0.697517 0.674575 0.023088 0.019626
0 0.046047 0.399445 0.013896 0.011779
0 0.225915 0.400899 0.016756 0.009537
0 0.695703 0.621937 0.011773 0.009992
0 0.611505 0.383854 0.023429 0.015115
0 0.632043 0.454507 0.023474 0.015458
0 0.475791 0.820974 0.018211 0.015997
0 0.030887 0.443999 0.025429 0.021437
0 0.311367 0.427845 0.021936 0.015663
0 0.172833 0.838114 0.014930 0.012509
0 0.338658 0.342130 0.012311 0.010345
0 0.471075 0.289630 0.019562 0.013658
0 0.324064 0.378379 0.016273 0.009442
0 0.243165 0.502808 0.016446 0.012066
0 0.339589 0.826484 0.015315 0.009692
0 0.736429 0.457817 0.020685 0.012777
0 0.179002 0.726633 0.018116 0.013235
0 0.188370 0.810246 0.015514 0.012963
0 0.577959 0.638434 0.015065 0.012148
0 0.398188 0.361475 0.019659 0.014410
0 0.096025 0.741907 0.014900 0.012548
0 0.363080 0.324115 0.013527 0.010609
0 0.515985 0.400042 0.016119 0.013472
0 0.145094 0.343149 0.032058 0.017819
0 0.358575 0.304130 0.016039 0.012752
0 0.452118 0.802977 0.015179 0.011729
0 0.431946 0.521483 0.011790 0.009089
0 0.460753 0.591140 0.017358 0.015740
0 0.601719 0.635695 0.019109 0.013534
0 0.538148 0.567832 0.013164 0.010474
0 0.264637 0.491101 0.015211 0.011552
0 0.443211 0.647060 0.014529 0.009615
0 0.074530 0.356122 0.014372 0.013065
0 0.348597 0.278196 0.018158 0.012553
0 0.445007 0.620714 0.015614 0.013048
0 0.451557 0.836439 0.022119 0.016641
0 0.404065 0.836049 0.017743 0.012608
0 0.328407 0.403057 0.016114 0.011588
0 0.303069 0.542255 0.018441 0.012964
0 0.430795 0.590839 0.011559 0.009934
0 0.502578 0.302284 0.015335 0.011966
0 0.304993 0.387564 0.013660 0.009623
0 0.638981 0.577257 0.017880 0.012552
0 0.046043 0.649713 0.036525 0.014864
0 0.539149 0.387542 0.020434 0.012018
0 0.149818 0.587229 0.015201 0.013477
0 0.592425 0.450958 0.014716 0.011071
0 0.611975 0.710757 0.022722 0.016205
0 0.433113 0.854336 0.026404 0.017464
0 0.146001 0.748147 0.018421 0.014494
0 0.008010 0.415236 0.015008 0.012576
0 0.577152 0.512002 0.011056 0.008806
0 0.178278 0.604518 0.023314 0.012005
0 0.360448 0.420560 0.013340 0.009908
0 0.015580 0.507343 0.017274 0.013809
0 0.424829 0.321462 0.012615 0.014188
0 0.214954 0.811574 0.014186 0.011156
0 0.456291 0.410804 0.012850 0.008347
0 0.178187 0.480338 0.015042 0.012514
0 0.278926 0.343912 0.012480 0.008009
0 0.186672 0.434139 0.012871 0.011568
0 0.343737 0.449533 0.018915 0.014123
0 0.320279 0.790656 0.016757 0.011470
0 0.497768 0.618301 0.014857 0.011012
0 0.160255 0.500470 0.015236 0.011191
0 0.370258 0.753337 0.020064 0.017525
0 0.558622 0.661535 0.018742 0.013191
0 0.580280 0.678841 0.015065 0.014325
0 0.316724 0.771161 0.014840 0.011439
0 0.359991 0.681930 0.010670 0.008893
0 0.694834 0.391169 0.017519 0.012882
0 0.477023 0.783738 0.017174 0.013505
0 0.154968 0.483181 0.017381 0.011707
0 0.435260 0.452566 0.024615 0.014882
0 0.594158 0.717390 0.017069 0.015364
0 0.443187 0.471671 0.012973 0.009612
0 0.587153 0.377125 0.013172 0.009548
0 0.622069 0.533784 0.023704 0.016099
0 0.620513 0.485909 0.012531 0.008621
0 0.675638 0.700216 0.021880 0.017764
0 0.095248 0.703288 0.013329 0.011934
0 0.443484 0.665299 0.013806 0.009190
0 0.084640 0.718613 0.013483 0.011882
0 0.547489 0.770542 0.013428 0.010846
0 0.476066 0.476447 0.011429 0.008023
0 0.529991 0.713381 0.015517 0.014361
0 0.635555 0.549433 0.013272 0.010231
0 0.322569 0.567340 0.019904 0.012958
0 0.133728 0.832608 0.010740 0.006432
0 0.401489 0.753744 0.016366 0.015863
0 0.052198 0.365677 0.011818 0.010624
0 0.550451 0.628319 0.010559 0.008560
0 0.521709 0.676351 0.011180 0.008063
0 0.069133 0.614903 0.018607 0.013980
0 0.088043 0.409106 0.012540 0.008476
0 0.445958 0.731303 0.019679 0.018031
0 0.631974 0.412886 0.015357 0.013463
0 0.335236 0.520572 0.011932 0.007585
0 0.065065 0.390224 0.011511 0.010324
0 0.306597 0.528684 0.018347 0.018568
0 0.700962 0.569054 0.011660 0.007442
0 0.403634 0.478116 0.012019 0.007371
0 0.664730 0.428480 0.014471 0.012421
0 0.356778 0.740575 0.012068 0.012083
0 0.597775 0.763455 0.013905 0.013872
0 0.551130 0.748660 0.012073 0.009368
0 0.664815 0.489765 0.013613 0.007377
0 0.309546 0.486761 0.022208 0.013304
0 0.178926 0.583760 0.014994 0.010719
0 0.255293 0.409927 0.018512 0.022397
0 0.218276 0.848412 0.016904 0.012704
0 0.573769 0.753766 0.015944 0.011184
0 0.420004 0.481441 0.012065 0.009669
0 0.292117 0.711217 0.017283 0.013323
0 0.460269 0.751685 0.020739 0.014045
0 0.129218 0.804224 0.013786 0.011690
0 0.469645 0.396706 0.012758 0.017036
0 0.231400 0.689276 0.013497 0.009553