0 0.125695 0.646022 0.020251 0.016151
0 0.373567 0.394703 0.014535 0.014211
0 0.198403 0.590614 0.020199 0.014586
0 0.626846 0.728626 0.023289 0.016008
0 0.409938 0.460579 0.019417 0.016701
0 0.381652 0.647966 0.021789 0.016976
0 0.204397 0.679109 0.024304 0.017504
0 0.146574 0.800354 0.016487 0.012100
0 0.576219 0.666381 0.019292 0.014675
0 0.523373 0.907518 0.021862 0.014632
0 0.624789 0.480132 0.022170 0.018463
0 0.479670 0.514480 0.020053 0.016469
0 0.378497 0.690089 0.015539 0.013313
0 0.443873 0.658494 0.018057 0.014474
0 0.490425 0.648679 0.019119 0.016136
0 0.038243 0.704359 0.022111 0.014309
0 0.462731 0.416335 0.011279 0.008887
0 0.414240 0.424273 0.016456 0.012883
0 0.205488 0.887841 0.020046 0.017159
0 0.160898 0.878622 0.012393 0.009945
0 0.379934 0.572162 0.015113 0.012203
0 0.664348 0.494362 0.018406 0.013436
0 0.760597 0.579139 0.019973 0.012517
0 0.037530 0.677255 0.021727 0.014510
0 0.038686 0.600370 0.016907 0.011446
0 0.744707 0.687359 0.014030 0.010059
0 0.618672 0.424631 0.016944 0.013782
0 0.405836 0.382418 0.016836 0.014154
0 0.641643 0.869368 0.014339 0.007895
0 0.387765 0.668926 0.014763 0.011467
0 0.472800 0.933863 0.015343 0.011898
0 0.111954 0.735970 0.012419 0.009155
0 0.203752 0.414181 0.018219 0.012718
1 0.712050 0.768192 0.045383 0.048122