0 0.727424 0.690945 0.013745 0.012377
0 0.121704 0.883297 0.016758 0.014522
0 0.278807 0.504478 0.012860 0.013268
0 0.704073 0.248334 0.015850 0.016629
0 0.617057 0.485690 0.016224 0.015949
0 0.559389 0.578652 0.015896 0.013650
0 0.558604 0.860714 0.015337 0.013229
0 0.617587 0.683090 0.015076 0.013656
0 0.677902 0.529902 0.011267 0.012250
0 0.244321 0.503628 0.015024 0.013013
0 0.620893 0.703289 0.016916 0.015251
0 0.219027 0.368197 0.017021 0.018092
0 0.183399 0.822484 0.015907 0.014352
0 0.759373 0.433676 0.019716 0.016122
0 0.694741 0.440378 0.018231 0.017722
0 0.570512 0.516506 0.015742 0.012958
0 0.570775 0.284928 0.015285 0.015214
0 0.680252 0.434258 0.020571 0.016315
0 0.199731 0.898341 0.018631 0.013205
0 0.096243 0.296414 0.026703 0.025841
0 0.289006 0.626910 0.011865 0.012336
0 0.573144 0.369271 0.017265 0.018073
0 0.616696 0.321508 0.019137 0.019120
0 0.362615 0.752949 0.017722 0.018256
0 0.453364 0.066342 0.011016 0.013853
0 0.290232 0.931894 0.015011 0.014924
0 0.288872 0.225827 0.016894 0.018182
0 0.590423 0.203835 0.016439 0.016525
0 0.606772 0.366929 0.019025 0.020247
0 0.678783 0.815605 0.013394 0.012466
0 0.576172 0.184885 0.018566 0.018029
0 0.401361 0.216490 0.018073 0.021288
0 0.681943 0.453822 0.017286 0.012782
0 0.735898 0.745222 0.012749 0.008942
0 0.261701 0.486305 0.020728 0.017062
0 0.253710 0.248001 0.017518 0.017884
1 0.570423 0.749413 0.091549 0.104460
1 0.142019 0.171362 0.068075 0.077465
1 0.300469 0.295775 0.046948 0.051643