0 0.276923 0.379748 0.011470 0.015721
0 0.416312 0.596386 0.010550 0.014304
0 0.553309 0.286105 0.012083 0.018183
0 0.504027 0.219309 0.010116 0.013330
0 0.315432 0.314542 0.010471 0.014442
0 0.395342 0.129631 0.009982 0.013769
0 0.531512 0.501526 0.009697 0.011002
0 0.483067 0.461558 0.013432 0.017625
0 0.558997 0.726154 0.010375 0.013002
0 0.422255 0.193401 0.013620 0.017976
0 0.337919 0.271692 0.009296 0.012064
0 0.321908 0.338805 0.010587 0.012816
0 0.495308 0.166585 0.009976 0.014265
0 0.444793 0.528727 0.008568 0.010488
0 0.445445 0.337602 0.010788 0.013791
0 0.407546 0.238239 0.011164 0.013672
0 0.397077 0.358903 0.011463 0.014909
0 0.303017 0.227547 0.009995 0.012845
0 0.620709 0.218686 0.009000 0.012524
0 0.460174 0.133191 0.009927 0.011813
0 0.348479 0.241281 0.008780 0.013366
0 0.473636 0.260289 0.012813 0.016566
0 0.528853 0.245406 0.011954 0.019153
0 0.477797 0.156132 0.009350 0.015350
0 0.688242 0.339393 0.007806 0.010661
0 0.427003 0.271062 0.009716 0.012079
0 0.687452 0.388951 0.008169 0.012905
0 0.372235 0.429228 0.010395 0.014971
0 0.523667 0.727550 0.014938 0.018553
0 0.445761 0.594409 0.007470 0.010018
0 0.339847 0.415684 0.009967 0.014691
0 0.540333 0.137110 0.009022 0.011633
0 0.415635 0.314230 0.010432 0.013916
0 0.477989 0.490660 0.010461 0.012792
0 0.470857 0.185085 0.012293 0.013013
0 0.590036 0.705732 0.008913 0.012709
0 0.534105 0.529046 0.009412 0.014862
0 0.328623 0.388292 0.010118 0.017848
0 0.403624 0.101270 0.011337 0.016311
0 0.370038 0.241539 0.009945 0.013744
0 0.363523 0.497660 0.011469 0.017173
0 0.432206 0.148781 0.012121 0.016391
0 0.365075 0.202228 0.008339 0.010343
0 0.394725 0.270739 0.012054 0.013729
0 0.302411 0.300294 0.010443 0.014793
0 0.385179 0.241477 0.011790 0.010989
0 0.495759 0.574379 0.008888 0.013789
0 0.441376 0.229811 0.009470 0.014345
0 0.612275 0.538134 0.008494 0.012514
0 0.548977 0.061516 0.009766 0.012682
0 0.463819 0.511572 0.011210 0.012949
0 0.588492 0.176390 0.013000 0.013134
0 0.393929 0.578436 0.010443 0.012693
0 0.542162 0.093171 0.008595 0.010317
0 0.681168 0.313439 0.010728 0.012154
0 0.451073 0.153992 0.010320 0.012992
0 0.422901 0.093993 0.011081 0.013136
0 0.417187 0.114757 0.012221 0.014980
0 0.569774 0.233833 0.011610 0.016333
0 0.552764 0.240882 0.010489 0.014621
0 0.477402 0.571291 0.007246 0.011095
0 0.399510 0.403095 0.010571 0.016263
0 0.556560 0.484413 0.010863 0.014194
0 0.498512 0.496986 0.010241 0.015363
0 0.383735 0.314937 0.010171 0.013910
0 0.680250 0.411032 0.008654 0.011567
0 0.223199 0.251741 0.011759 0.018311
0 0.528141 0.014206 0.009061 0.013238
0 0.607355 0.277655 0.011189 0.015524
0 0.403085 0.179205 0.012112 0.019327
0 0.538511 0.269465 0.010017 0.013181
0 0.419475 0.363191 0.009871 0.013099
0 0.536310 0.388032 0.010571 0.015853
0 0.397912 0.319504 0.011713 0.015573
0 0.676705 0.369588 0.009992 0.014874
0 0.381495 0.646027 0.010196 0.013590
0 0.410618 0.556575 0.010375 0.013030
0 0.424929 0.487544 0.010290 0.012324
0 0.706785 0.464496 0.009033 0.011921
0 0.373507 0.600531 0.011806 0.015906
0 0.418086 0.293656 0.013798 0.014550
0 0.368016 0.349115 0.012825 0.017003
0 0.318560 0.413074 0.013136 0.016068
0 0.572611 0.339164 0.012447 0.018111
0 0.327576 0.109754 0.007899 0.012150
0 0.378407 0.265463 0.010945 0.011967
0 0.517525 0.193534 0.010934 0.014307
0 0.193102 0.314945 0.009352 0.012942
0 0.258520 0.401670 0.009870 0.012423
0 0.400542 0.610900 0.010366 0.013684
0 0.314162 0.648067 0.009693 0.012518
0 0.439472 0.315073 0.008480 0.009870
0 0.511927 0.554757 0.009399 0.015155
0 0.335951 0.302291 0.009850 0.017378
0 0.478893 0.374679 0.009374 0.012765
0 0.584044 0.734612 0.014585 0.016393
0 0.402218 0.623394 0.009941 0.015456
0 0.259412 0.274382 0.010736 0.012105
0 0.702310 0.179493 0.012342 0.017823
0 0.396655 0.468320 0.008150 0.012565
0 0.410418 0.470001 0.011438 0.017299
0 0.602603 0.165050 0.010357 0.016614
0 0.485196 0.706136 0.010253 0.015589
0 0.292936 0.444043 0.013793 0.014745
0 0.459364 0.536251 0.009639 0.014927
0 0.274894 0.229104 0.010460 0.016229
0 0.555068 0.461636 0.010756 0.011786
0 0.596368 0.561448 0.008977 0.014580
0 0.613551 0.687229 0.011330 0.012887
0 0.527617 0.458109 0.013569 0.018646
0 0.554636 0.372560 0.015235 0.020273
0 0.352394 0.581215 0.009203 0.013711
0 0.512167 0.161182 0.011207 0.011634
0 0.340003 0.381961 0.011960 0.018477
0 0.560639 0.223202 0.014362 0.018262
0 0.452751 0.094689 0.010148 0.012493
0 0.656185 0.297243 0.012098 0.017535
0 0.610301 0.312277 0.010595 0.014050
0 0.201820 0.376454 0.008261 0.013393
0 0.331534 0.633998 0.010420 0.013676
0 0.476409 0.567645 0.010081 0.013205
0 0.586412 0.499421 0.010275 0.012790
0 0.448100 0.617339 0.008699 0.011906
0 0.296917 0.475224 0.009424 0.015236
0 0.389442 0.529794 0.006920 0.009672
0 0.591000 0.179978 0.011613 0.014695
0 0.558078 0.731216 0.013388 0.017174
0 0.592070 0.305548 0.011396 0.014098
0 0.440696 0.388570 0.010895 0.015296
0 0.503904 0.135857 0.014186 0.016372
0 0.728540 0.307784 0.021691 0.031681
0 0.413763 0.169404 0.011571 0.017547
0 0.518854 0.065917 0.011413 0.011424
0 0.682134 0.156884 0.010397 0.014855
0 0.366420 0.630564 0.010273 0.012960
0 0.659241 0.574052 0.008218 0.009639
0 0.403054 0.434379 0.012778 0.014332
0 0.410442 0.504089 0.009343 0.012505
0 0.378591 0.072917 0.008616 0.013682
0 0.279309 0.264225 0.013587 0.017990
0 0.564530 0.303863 0.009852 0.013004
0 0.701466 0.436183 0.008070 0.010649
0 0.469471 0.208764 0.011628 0.017717
0 0.267683 0.575728 0.006910 0.011605
0 0.385450 0.412615 0.012298 0.015642
0 0.379114 0.104072 0.011060 0.019413
0 0.652666 0.122444 0.014032 0.016920
0 0.432645 0.420925 0.013352 0.014273
0 0.340479 0.203646 0.011719 0.015069
0 0.347347 0.506424 0.009506 0.015735
0 0.327202 0.205472 0.011755 0.018060
0 0.502655 0.728939 0.012783 0.017106
0 0.346293 0.618486 0.008673 0.011612
0 0.701026 0.323141 0.007457 0.012620
0 0.534737 0.179574 0.015672 0.019014
0 0.591847 0.234289 0.012129 0.014325
0 0.485006 0.007432 0.010156 0.009939
0 0.694787 0.499550 0.010691 0.013271
0 0.456517 0.069545 0.012582 0.012289
0 0.359405 0.458360 0.011819 0.019837
0 0.290671 0.341289 0.010397 0.015330
0 0.248932 0.544017 0.009146 0.015470
0 0.484693 0.636934 0.008272 0.011147
0 0.284501 0.411302 0.015883 0.013819
0 0.403087 0.631263 0.010556 0.013863
0 0.460848 0.245333 0.011389 0.023542
0 0.715657 0.413221 0.009056 0.012126
0 0.228476 0.279415 0.009051 0.012127
0 0.407188 0.208386 0.008247 0.011437
0 0.268225 0.350638 0.012166 0.015303
0 0.471317 0.617688 0.011348 0.011353
0 0.550842 0.689987 0.010100 0.011706
0 0.681671 0.285480 0.011311 0.017739
0 0.571918 0.113499 0.012205 0.014872
0 0.616578 0.147783 0.009703 0.014464
0 0.257415 0.270872 0.009818 0.014810
0 0.361090 0.097745 0.009649 0.015544
0 0.313244 0.274145 0.011286 0.014390
0 0.443715 0.463042 0.011693 0.017981
0 0.729455 0.386276 0.010078 0.015196
0 0.490370 0.419588 0.012849 0.016129
0 0.577329 0.159072 0.011876 0.018126
0 0.419446 0.463428 0.013925 0.015796
0 0.479404 0.033731 0.009137 0.014088
0 0.510705 0.006556 0.010062 0.008611
0 0.512262 0.548010 0.009782 0.017857
0 0.505395 0.046165 0.014014 0.017388
0 0.524554 0.041606 0.010702 0.011932
0 0.286976 0.259731 0.012526 0.017067
0 0.511350 0.523319 0.009917 0.017496
0 0.576850 0.570195 0.009099 0.011513
0 0.210730 0.234173 0.012833 0.020787
0 0.329326 0.112793 0.009053 0.012734
0 0.278560 0.316558 0.014461 0.014684
0 0.622799 0.483568 0.009683 0.018779
0 0.626761 0.406690 0.007042 0.010563
0 0.577905 0.427817 0.009683 0.012911
0 0.595070 0.381455 0.010563 0.014085
0 0.625880 0.347418 0.007042 0.011737
0 0.652729 0.468310 0.011444 0.021127
0 0.647887 0.599178 0.012324 0.019953
0 0.210387 0.491197 0.014085 0.017606
0 0.644366 0.525822 0.010563 0.016432
0 0.684859 0.535211 0.008803 0.014085
0 0.667254 0.632042 0.005282 0.012911
0 0.298856 0.573944 0.009683 0.011737
0 0.278609 0.640845 0.018486 0.025822
0 0.257042 0.606808 0.007042 0.016432
0 0.219190 0.553404 0.014085 0.022300
0 0.725792 0.534038 0.016725 0.018779
0 0.674736 0.602113 0.009683 0.016432
0 0.572623 0.629695 0.011444 0.017606
0 0.527729 0.632629 0.016725 0.023474
0 0.332306 0.713615 0.018486 0.016432
1 0.229313 0.445423 0.057218 0.088028
1 0.284771 0.170775 0.029049 0.043427
1 0.358275 0.154343 0.045775 0.062207
1 0.485915 0.097418 0.026408 0.063380