0 0.209401 0.976269 0.012683 0.015184
0 0.282705 0.871629 0.011649 0.015596
0 0.299510 0.808162 0.013623 0.018057
0 0.607464 0.571146 0.011740 0.014506
0 0.369835 0.586790 0.012905 0.015046
0 0.348230 0.606378 0.012172 0.015280
0 0.529263 0.976939 0.012618 0.016516
0 0.293263 0.444614 0.013714 0.020474
0 0.180364 0.725211 0.011708 0.015232
0 0.332445 0.877735 0.013754 0.017265
0 0.342016 0.493535 0.012658 0.015047
0 0.337381 0.825116 0.011039 0.014206
0 0.160633 0.569828 0.012297 0.016230
0 0.358413 0.629770 0.011539 0.015880
0 0.206913 0.559980 0.012866 0.016399
0 0.196331 0.631441 0.014302 0.018362
0 0.391540 0.950987 0.015189 0.018799
0 0.433030 0.417066 0.010951 0.016030
0 0.165659 0.691020 0.008140 0.012617
0 0.246158 0.609566 0.014790 0.017581
0 0.510237 0.858929 0.014283 0.016421
0 0.196655 0.664290 0.012273 0.016726
0 0.290134 0.547987 0.015292 0.021702
0 0.265740 0.635217 0.010705 0.014913
0 0.403766 0.404170 0.013254 0.016123
0 0.389477 0.478370 0.011332 0.013543
0 0.491953 0.480124 0.015703 0.019297
0 0.303218 0.669706 0.013462 0.018372
0 0.314856 0.709441 0.013135 0.016786
0 0.422044 0.786342 0.013672 0.014557
0 0.386607 0.808042 0.011993 0.016557
0 0.495833 0.678776 0.016801 0.022193
0 0.322428 0.663938 0.013800 0.017762
0 0.511484 0.508074 0.016389 0.024169
0 0.374187 0.656381 0.012906 0.019507
0 0.566800 0.660135 0.014791 0.016999
0 0.195389 0.766589 0.012465 0.012046
0 0.578595 0.461038 0.010145 0.015130
0 0.167695 0.943903 0.008802 0.012766
0 0.341268 0.419874 0.013953 0.020365
0 0.627580 0.631913 0.007898 0.012328
0 0.315082 0.336970 0.007963 0.013190
0 0.382188 0.454481 0.011217 0.015461
0 0.271783 0.540859 0.014547 0.020695
0 0.176564 0.428103 0.008729 0.015229
0 0.150681 0.828893 0.013194 0.017359
0 0.610492 0.759147 0.012108 0.014179
0 0.311625 0.692470 0.012373 0.016462
0 0.196360 0.707911 0.011061 0.017527
0 0.509094 0.903486 0.013042 0.016571
0 0.349346 0.541476 0.018088 0.022457
0 0.313691 0.638752 0.010656 0.017353
0 0.321934 0.404732 0.011057 0.016919
0 0.290448 0.943356 0.015622 0.020670
0 0.409390 0.943344 0.012312 0.015519
0 0.318531 0.725725 0.015343 0.024216
0 0.226995 0.580243 0.011257 0.013764
0 0.257700 0.374642 0.011591 0.017144
0 0.077305 0.635725 0.012102 0.016559
0 0.263016 0.519561 0.014285 0.017667
0 0.235670 0.848551 0.011598 0.015408
0 0.376405 0.841002 0.012850 0.017530
1 0.061180 0.766432 0.036092 0.061033
1 0.179137 0.873239 0.041373 0.032864
1 0.189701 0.823944 0.037852 0.051643
1 0.224472 0.440141 0.024648 0.046948
1 0.595951 0.625000 0.024648 0.043427