0 0.342660 0.854286 0.021061 0.016359
0 0.657408 0.833505 0.020529 0.016326
0 0.335224 0.507012 0.013515 0.010383
0 0.684961 0.872081 0.021358 0.017517
0 0.427756 0.452290 0.017575 0.012834
0 0.297064 0.770154 0.017093 0.010526
0 0.315681 0.832817 0.016861 0.012347
0 0.255664 0.803644 0.018230 0.013483
0 0.555281 0.577445 0.016474 0.010383
0 0.195514 0.558495 0.014938 0.013201
0 0.746931 0.829695 0.018579 0.011185
0 0.299905 0.796642 0.017097 0.014860
0 0.544239 0.610332 0.015811 0.010905
0 0.214688 0.589750 0.018973 0.016830
0 0.541989 0.539183 0.015957 0.010819
0 0.258183 0.719859 0.016093 0.011758
0 0.566157 0.731488 0.017092 0.011868
0 0.518292 0.640889 0.016964 0.014328
0 0.392129 0.782618 0.018208 0.014939
0 0.529550 0.878840 0.022954 0.017784
0 0.615029 0.702348 0.015550 0.011513
0 0.530901 0.493160 0.015403 0.009472
0 0.604266 0.641004 0.013949 0.009364
0 0.736802 0.626292 0.015768 0.013131
0 0.649207 0.558990 0.017335 0.013318
0 0.771330 0.672729 0.018097 0.015333
0 0.580036 0.555742 0.014053 0.008495
0 0.690747 0.571529 0.020705 0.012180
0 0.428593 0.420376 0.012316 0.007703
0 0.725904 0.646029 0.015538 0.010754
0 0.272872 0.738756 0.014948 0.010681
0 0.513169 0.417349 0.013118 0.008504
0 0.468276 0.635275 0.014396 0.009105
0 0.396883 0.759150 0.015379 0.011904
0 0.528320 0.665924 0.013268 0.010650
0 0.327151 0.650993 0.014881 0.011757
0 0.304214 0.855537 0.020248 0.015073
0 0.571127 0.622134 0.014477 0.010332
0 0.377094 0.454393 0.012458 0.009620
0 0.398935 0.708972 0.016038 0.010764
0 0.414412 0.566214 0.014090 0.009466
0 0.452167 0.448642 0.015929 0.013091
0 0.437759 0.472206 0.015549 0.010757
0 0.409794 0.644246 0.014178 0.009241
0 0.591192 0.489818 0.015475 0.009521
0 0.513714 0.743066 0.017044 0.012133
0 0.435866 0.552869 0.015210 0.011850
0 0.274008 0.850951 0.021372 0.018642
0 0.354438 0.542700 0.013602 0.010218
0 0.277820 0.683918 0.013895 0.008936
0 0.655407 0.734452 0.017215 0.012273
0 0.345582 0.523554 0.016417 0.011828
0 0.237187 0.634547 0.013050 0.013712
0 0.382076 0.497606 0.014977 0.011920
0 0.374937 0.619592 0.016625 0.011075
0 0.270669 0.620997 0.014098 0.009948
0 0.569155 0.536572 0.012564 0.010020
0 0.184672 0.504301 0.015723 0.012781
0 0.322062 0.721731 0.013417 0.011268
0 0.429877 0.755346 0.015945 0.011907
0 0.570723 0.602545 0.013750 0.010079
0 0.522967 0.367822 0.009797 0.007463
0 0.364538 0.683783 0.015642 0.009632
0 0.354146 0.753944 0.017608 0.011914
0 0.298334 0.694358 0.014246 0.008615
0 0.430229 0.799894 0.020154 0.015390
0 0.400635 0.681837 0.016200 0.010040
0 0.568803 0.477958 0.014516 0.012607
0 0.736924 0.682443 0.017686 0.012168
0 0.354898 0.427725 0.011706 0.009039
0 0.444662 0.616420 0.012883 0.009083
0 0.650353 0.786102 0.018556 0.012763
0 0.301498 0.641261 0.011857 0.010544
0 0.630780 0.577819 0.014026 0.010471
0 0.510723 0.675221 0.011439 0.009102
0 0.513403 0.478057 0.013653 0.010504
0 0.296268 0.535172 0.017313 0.013202
0 0.784216 0.694990 0.017903 0.012726
0 0.596266 0.800393 0.017654 0.014365
0 0.474393 0.492463 0.014476 0.012076
0 0.641895 0.768641 0.015287 0.009106
0 0.309596 0.664735 0.014837 0.012046
0 0.214771 0.493035 0.012547 0.011669
0 0.633406 0.905230 0.019893 0.014673
0 0.382463 0.545514 0.014964 0.012698
0 0.472515 0.742767 0.017408 0.015869
0 0.684700 0.504329 0.014337 0.009151
0 0.543405 0.407285 0.011987 0.009919
0 0.409746 0.542281 0.013197 0.011492
0 0.365155 0.726159 0.014699 0.011003
0 0.664468 0.450281 0.022631 0.018884
0 0.596607 0.769087 0.015572 0.011711
0 0.172433 0.603261 0.016297 0.012019
0 0.700382 0.596869 0.016518 0.009315
0 0.662827 0.756082 0.015260 0.011395
0 0.569741 0.451810 0.017429 0.015134
0 0.275776 0.587771 0.015103 0.011878
0 0.549305 0.383002 0.012632 0.008779
0 0.724523 0.478751 0.015963 0.011394
0 0.551778 0.426687 0.012504 0.010856
0 0.557883 0.820545 0.020018 0.015281
0 0.622963 0.444738 0.021062 0.022074
0 0.609002 0.466440 0.018487 0.014539
0 0.523595 0.446324 0.011519 0.008198
0 0.653429 0.874763 0.022111 0.015378
0 0.782696 0.487197 0.016220 0.012360
0 0.487387 0.614803 0.010183 0.007181
0 0.526303 0.388792 0.010608 0.009455
0 0.580923 0.421339 0.013295 0.010941
0 0.422555 0.490851 0.012694 0.009247
0 0.263516 0.568149 0.014681 0.010444
0 0.727088 0.502584 0.017044 0.012816
0 0.602224 0.585021 0.015445 0.011564
0 0.492570 0.504747 0.013712 0.008646
0 0.720511 0.444578 0.021988 0.014911
0 0.672678 0.656653 0.015633 0.010200
0 0.547619 0.471928 0.015560 0.010995
0 0.220971 0.568516 0.014058 0.010261
0 0.592497 0.686158 0.014487 0.012017
0 0.643077 0.457585 0.019338 0.016877
0 0.305659 0.596542 0.011335 0.007065
0 0.582111 0.706450 0.014650 0.008378
0 0.543001 0.510882 0.021150 0.011492
0 0.321103 0.796708 0.015568 0.011008
0 0.309351 0.742742 0.017859 0.009358
0 0.498759 0.524101 0.014594 0.008809
0 0.306251 0.560867 0.016237 0.013404
0 0.477537 0.472476 0.013125 0.010752
0 0.656785 0.494586 0.014800 0.009905
0 0.617554 0.723256 0.015021 0.010869
0 0.610802 0.422553 0.014405 0.013129
0 0.277436 0.543816 0.011052 0.010287
0 0.817431 0.501424 0.016385 0.013486
0 0.283769 0.664658 0.016317 0.015339
0 0.772708 0.631479 0.020642 0.011815
0 0.435556 0.677591 0.012401 0.008433
0 0.423257 0.696054 0.018125 0.010258
0 0.296100 0.420819 0.011309 0.012516
0 0.691511 0.469714 0.028818 0.027591
0 0.391656 0.661922 0.018266 0.010253
0 0.245289 0.560788 0.017214 0.014266
0 0.492039 0.461716 0.013608 0.010038
0 0.371057 0.779203 0.014536 0.011722
0 0.632622 0.722130 0.015409 0.012019
0 0.567511 0.689211 0.014676 0.010070
0 0.642719 0.422540 0.017417 0.013274
0 0.415763 0.772132 0.016684 0.013660
0 0.329409 0.452611 0.010314 0.008633
0 0.404050 0.738905 0.017767 0.010687
0 0.486084 0.555440 0.018564 0.009947
0 0.353543 0.579644 0.012891 0.009500
0 0.271339 0.834357 0.013508 0.013790
0 0.649957 0.613351 0.015955 0.013636
0 0.664586 0.589909 0.010657 0.008238
0 0.177022 0.526033 0.012773 0.012020
0 0.167713 0.683334 0.010032 0.013900
0 0.587801 0.465389 0.019061 0.008843
0 0.860539 0.542079 0.014956 0.010639
0 0.387658 0.665725 0.014491 0.011131
0 0.345627 0.460521 0.012687 0.010053
0 0.281194 0.659959 0.017349 0.013364
0 0.387902 0.738400 0.020969 0.011342
0 0.519480 0.535900 0.016128 0.008898
0 0.639095 0.610640 0.013967 0.010717
0 0.633809 0.738017 0.016564 0.010970
0 0.679389 0.611111 0.015660 0.012742
0 0.236937 0.463931 0.013724 0.012271
0 0.373287 0.747752 0.016045 0.011532
0 0.433902 0.695524 0.015065 0.012190
0 0.509619 0.538657 0.019353 0.009723
1 0.474178 0.380869 0.039124 0.038732