0 0.784583 0.729292 0.021064 0.014873
0 0.724020 0.708737 0.017917 0.016429
0 0.360701 0.372551 0.023429 0.017011
0 0.644966 0.345460 0.022381 0.015588
0 0.589505 0.489232 0.019448 0.014598
0 0.709529 0.270408 0.015350 0.014421
0 0.359229 0.727349 0.017448 0.015092
0 0.428812 0.318160 0.015911 0.012007
0 0.754852 0.706599 0.015875 0.013672
0 0.746449 0.503682 0.018181 0.013569
0 0.493078 0.347328 0.015954 0.013435
0 0.673535 0.279070 0.025264 0.014503
0 0.624303 0.451982 0.021932 0.013516
0 0.664361 0.653419 0.017066 0.012911
0 0.688982 0.565487 0.014319 0.010012
0 0.736526 0.454215 0.017789 0.016297
0 0.519552 0.603189 0.015313 0.013492
0 0.646645 0.729088 0.016719 0.012502
0 0.725652 0.559929 0.015795 0.011043
0 0.541747 0.369284 0.014790 0.012846
0 0.753371 0.658485 0.019654 0.013904
0 0.711880 0.612946 0.019145 0.013901
0 0.641398 0.395150 0.013541 0.011750
0 0.476076 0.318506 0.016216 0.011612
0 0.710355 0.649510 0.018451 0.013076
0 0.387070 0.311554 0.020300 0.014556
0 0.648461 0.540791 0.016385 0.012074
0 0.878406 0.581285 0.013875 0.010365
0 0.574848 0.359340 0.013528 0.010485
0 0.829452 0.713511 0.016191 0.010778
0 0.379336 0.554523 0.013326 0.008529
0 0.526648 0.694924 0.018078 0.016334
0 0.522212 0.653258 0.012198 0.009136
0 0.291026 0.346888 0.015789 0.014063
0 0.434942 0.431089 0.009985 0.007838
0 0.615472 0.671943 0.015181 0.008430
0 0.789112 0.491990 0.013510 0.010104
0 0.739764 0.398095 0.013683 0.009434
0 0.235085 0.541967 0.012201 0.009619
0 0.476322 0.425069 0.022442 0.013278
0 0.259027 0.439094 0.012789 0.009469
0 0.737964 0.594661 0.014023 0.010187
0 0.794439 0.329978 0.015983 0.014451
0 0.610856 0.607387 0.016313 0.011882
0 0.609847 0.407314 0.013830 0.009288
0 0.829561 0.578258 0.018335 0.012397
0 0.587095 0.426531 0.019073 0.010693
0 0.774778 0.691190 0.019331 0.012772
0 0.281673 0.531679 0.014006 0.009480
0 0.571993 0.531383 0.015803 0.012400
0 0.315727 0.546886 0.012476 0.009231
0 0.292467 0.575109 0.011651 0.009537
0 0.657773 0.496657 0.015412 0.010102
0 0.625253 0.241405 0.017155 0.012079
0 0.465792 0.482744 0.023435 0.013387
0 0.680715 0.633553 0.017823 0.012902
0 0.276832 0.409976 0.014392 0.011871
0 0.611827 0.253568 0.015269 0.012534
0 0.504293 0.725683 0.016040 0.012022
0 0.355085 0.528855 0.011369 0.009382
0 0.757679 0.368082 0.012546 0.008703
0 0.497863 0.300689 0.013877 0.011855
0 0.531300 0.486138 0.020196 0.014331
0 0.335318 0.539447 0.013658 0.010774
0 0.822838 0.349039 0.019753 0.013565
0 0.488806 0.640261 0.011245 0.009052
0 0.586943 0.262066 0.012620 0.013205
0 0.337490 0.711717 0.012624 0.010148
0 0.538154 0.614539 0.015681 0.013099
0 0.448251 0.694185 0.014183 0.009926
0 0.597841 0.540054 0.016089 0.013185
0 0.281686 0.381737 0.013673 0.009108
0 0.805249 0.611534 0.018848 0.015921
0 0.924610 0.528415 0.010324 0.009649
0 0.412709 0.374800 0.016774 0.011416
0 0.734446 0.344287 0.017404 0.011880
0 0.706693 0.290530 0.013683 0.010805
0 0.307099 0.592084 0.011805 0.009514
0 0.748165 0.313243 0.015214 0.012660
0 0.362358 0.459979 0.018425 0.012487
0 0.527549 0.409449 0.012828 0.007538
0 0.271443 0.591874 0.012145 0.008891
0 0.449792 0.255564 0.019303 0.015940
0 0.610819 0.651804 0.013880 0.010041
0 0.502118 0.242234 0.011864 0.009341
0 0.596658 0.626180 0.018680 0.013815
0 0.210463 0.511271 0.009138 0.008856
0 0.631497 0.290033 0.014057 0.009815
0 0.490034 0.662291 0.011766 0.008063
0 0.758716 0.578254 0.016125 0.011985
0 0.876220 0.498913 0.010283 0.008276
0 0.490731 0.583923 0.019053 0.013881
0 0.766812 0.341838 0.013252 0.008735
0 0.786349 0.563545 0.020785 0.011583
0 0.896716 0.399134 0.015427 0.013098
0 0.779538 0.599920 0.013018 0.010659
0 0.870624 0.471488 0.010491 0.006462
0 0.794571 0.367460 0.016725 0.011725
0 0.554493 0.332679 0.010965 0.007303
0 0.654578 0.256449 0.012492 0.009563
0 0.872256 0.417075 0.020297 0.011656
0 0.545133 0.518112 0.013633 0.009750
0 0.701049 0.310197 0.013918 0.009850
0 0.662902 0.410399 0.018320 0.009101
0 0.284533 0.709238 0.013199 0.009212
0 0.324594 0.287399 0.013766 0.013785
0 0.160160 0.526993 0.012477 0.009171
0 0.733504 0.533803 0.017368 0.013652
0 0.563753 0.703090 0.021012 0.013727
0 0.813095 0.473208 0.010439 0.008136
0 0.182972 0.526747 0.011100 0.011521
0 0.790160 0.403299 0.016257 0.008333
0 0.372301 0.494492 0.011238 0.011119
0 0.369363 0.681094 0.012344 0.009997
0 0.463683 0.519658 0.016181 0.011357
0 0.250661 0.575245 0.013227 0.010388
0 0.488578 0.265871 0.009484 0.007865
0 0.521421 0.814692 0.024307 0.017822
0 0.823768 0.546990 0.012405 0.007854
0 0.860025 0.565750 0.012890 0.008719
0 0.273231 0.471730 0.011457 0.007669
0 0.302365 0.483275 0.012699 0.008398
0 0.755172 0.415070 0.011244 0.006287
0 0.645285 0.365843 0.019767 0.010094
0 0.837991 0.471724 0.010611 0.007577
0 0.244281 0.604798 0.012307 0.010290
0 0.540960 0.344567 0.010746 0.007124
0 0.327322 0.444898 0.012267 0.009490
0 0.318317 0.377153 0.012719 0.011852
0 0.728030 0.432923 0.014749 0.014606
0 0.802799 0.457808 0.014017 0.008512
0 0.301391 0.414775 0.013147 0.011473
0 0.309776 0.364521 0.013715 0.013587
0 0.482221 0.227520 0.011534 0.008077
0 0.775684 0.389669 0.014006 0.009178
0 0.459237 0.369245 0.010752 0.009835
0 0.669092 0.366316 0.010329 0.007559
0 0.559168 0.223447 0.011480 0.006913
0 0.541063 0.305430 0.008429 0.007205
0 0.263668 0.548884 0.010441 0.010144
0 0.876697 0.552562 0.015298 0.014447
0 0.452875 0.262076 0.017073 0.015117
0 0.431752 0.462867 0.014762 0.009843
0 0.179409 0.567593 0.012389 0.008120
0 0.289920 0.439523 0.014390 0.009099
0 0.552169 0.336282 0.015701 0.009721
0 0.778135 0.436273 0.018245 0.014354
0 0.209452 0.477497 0.011778 0.009855
0 0.353275 0.476281 0.013750 0.007248
0 0.214728 0.372349 0.015523 0.012396
0 0.474570 0.442724 0.022182 0.012158
0 0.388098 0.461310 0.010513 0.008600
0 0.235018 0.583392 0.011903 0.010628
0 0.486283 0.661393 0.013904 0.011582
0 0.475643 0.653624 0.016884 0.011371
0 0.484576 0.581522 0.025910 0.016123
0 0.637663 0.435310 0.017409 0.011230
0 0.564957 0.384993 0.010295 0.008813
0 0.809077 0.621006 0.016626 0.011123
0 0.626817 0.309489 0.014045 0.008828
0 0.313570 0.371938 0.016186 0.017430
0 0.911821 0.616544 0.016397 0.012059
1 0.476526 0.804577 0.037559 0.036385
1 0.411581 0.400822 0.035994 0.029343