0 0.597544 0.680500 0.016946 0.010764
0 0.334790 0.564428 0.011115 0.008538
0 0.189420 0.614638 0.011903 0.008264
0 0.342043 0.599430 0.012539 0.007809
0 0.141150 0.500889 0.011624 0.008004
0 0.215770 0.469582 0.017596 0.012239
0 0.405562 0.544236 0.013305 0.010023
0 0.382973 0.654702 0.013349 0.010380
0 0.270611 0.514696 0.012127 0.008345
0 0.555553 0.593516 0.013095 0.010748
0 0.244662 0.541443 0.012046 0.009227
0 0.278516 0.553028 0.014065 0.010397
0 0.160588 0.366580 0.016007 0.012482
0 0.126597 0.526705 0.013512 0.008508
0 0.538825 0.397296 0.016468 0.010826
0 0.158949 0.470984 0.014741 0.012025
0 0.348902 0.368482 0.014860 0.010568
0 0.459723 0.545725 0.013091 0.009865
0 0.313625 0.648161 0.016283 0.012338
0 0.654031 0.542392 0.012533 0.009741
0 0.737745 0.456211 0.016000 0.010509
0 0.203015 0.565276 0.009243 0.007920
0 0.663536 0.341395 0.016068 0.013295
0 0.391838 0.292145 0.018978 0.013834
0 0.647372 0.644822 0.016089 0.011420
0 0.530434 0.610471 0.013950 0.009172
0 0.717482 0.547243 0.012233 0.008335
0 0.244878 0.657295 0.014290 0.007118
0 0.614750 0.509357 0.013354 0.008929
0 0.518582 0.415367 0.016496 0.011599
0 0.298172 0.384809 0.018154 0.012216
0 0.543551 0.629124 0.012873 0.008614
0 0.227622 0.449852 0.014138 0.009281
0 0.480713 0.617081 0.012698 0.009113
0 0.108825 0.494548 0.015291 0.011162
0 0.277124 0.619294 0.011712 0.008026
0 0.054238 0.422428 0.011191 0.008903
0 0.611736 0.465178 0.013286 0.009925
0 0.695820 0.489466 0.012506 0.006730
0 0.413259 0.481410 0.014352 0.010203
0 0.490790 0.565502 0.011053 0.008437
0 0.136215 0.391151 0.011504 0.009097
0 0.677932 0.609605 0.013506 0.010281
0 0.725116 0.503109 0.012134 0.007980
0 0.426473 0.515311 0.013106 0.010102
0 0.179061 0.478861 0.014407 0.012480
0 0.178893 0.537106 0.010803 0.008187
0 0.596677 0.511699 0.012767 0.009736
0 0.370494 0.515558 0.016196 0.010624
0 0.539636 0.690605 0.020009 0.013695
0 0.170074 0.607173 0.010481 0.008975
0 0.549165 0.551058 0.014382 0.010112
0 0.436083 0.601213 0.013741 0.010081
0 0.380988 0.567319 0.011667 0.011655
0 0.176043 0.327773 0.016293 0.012483
0 0.071600 0.453452 0.012655 0.010002
0 0.204100 0.522881 0.011603 0.007715
0 0.711458 0.478042 0.012910 0.009449
0 0.280191 0.660422 0.014928 0.008003
0 0.488013 0.311930 0.013531 0.011884
0 0.528200 0.466439 0.015690 0.012474
0 0.289969 0.636660 0.010783 0.007625
0 0.660663 0.589931 0.013774 0.009664
0 0.290811 0.639143 0.011030 0.007492
0 0.529339 0.534475 0.012452 0.009340
0 0.768741 0.407520 0.014048 0.011884
0 0.384324 0.419198 0.018491 0.012148
0 0.388783 0.626466 0.013287 0.010194
0 0.338143 0.683955 0.014030 0.010460
0 0.128230 0.579879 0.010309 0.007279
0 0.350176 0.541270 0.016100 0.010712
0 0.570773 0.383366 0.014888 0.013203
0 0.279834 0.590144 0.009555 0.009719
0 0.298696 0.354554 0.013807 0.011161
0 0.736798 0.400012 0.014344 0.010414
0 0.390280 0.389957 0.019312 0.012619
0 0.648091 0.620780 0.012504 0.008936
0 0.653221 0.473232 0.013111 0.009845
0 0.163973 0.590191 0.010207 0.008754
0 0.098985 0.469321 0.014246 0.011510
0 0.318263 0.585523 0.011159 0.008815
0 0.313435 0.366681 0.015497 0.012822
0 0.780149 0.481516 0.014471 0.008967
0 0.782829 0.442468 0.013785 0.013969
0 0.482098 0.665860 0.015470 0.012630
0 0.545231 0.657176 0.014908 0.012438
0 0.636064 0.429261 0.012932 0.013212
0 0.435001 0.575251 0.013109 0.010484
0 0.456031 0.561810 0.010963 0.007243
0 0.358662 0.689426 0.019165 0.013564
0 0.253112 0.633272 0.011489 0.008802
0 0.762567 0.328060 0.015071 0.012639
0 0.296992 0.513912 0.013803 0.010326
0 0.200539 0.384662 0.016166 0.012845
0 0.244381 0.428780 0.017456 0.012292
0 0.547922 0.575742 0.011222 0.009769
0 0.580915 0.585626 0.014472 0.011465
0 0.678147 0.639454 0.012183 0.006528
0 0.462991 0.362479 0.021045 0.013332
0 0.314714 0.538367 0.020271 0.012408
0 0.439802 0.622943 0.011674 0.008131
0 0.372696 0.352222 0.019627 0.014014
0 0.397243 0.705635 0.025485 0.018695
0 0.589993 0.465206 0.015654 0.010285
0 0.527417 0.365665 0.019167 0.012657
0 0.217611 0.604954 0.010670 0.007251
0 0.496996 0.488079 0.013166 0.010052
0 0.230875 0.519630 0.015333 0.011477
0 0.503002 0.593894 0.014108 0.010845
0 0.469352 0.689457 0.015891 0.012139
0 0.370258 0.612954 0.010895 0.007959
0 0.506596 0.449652 0.018427 0.011055
0 0.417020 0.415265 0.015815 0.011204
0 0.349820 0.629372 0.011340 0.010131
0 0.358494 0.390505 0.018456 0.010971
0 0.671535 0.386322 0.013327 0.009620
0 0.487550 0.531478 0.014783 0.010609
0 0.319784 0.475305 0.012399 0.007927
0 0.686890 0.475742 0.016678 0.010357
0 0.402632 0.401002 0.016738 0.014935
0 0.558503 0.442714 0.021075 0.011478
0 0.686014 0.433741 0.015121 0.012665
0 0.325035 0.450799 0.015935 0.010460
0 0.646039 0.401974 0.014720 0.011114
0 0.231012 0.670664 0.011466 0.007078
0 0.727334 0.474778 0.011955 0.008982
0 0.185859 0.342563 0.012484 0.011641
0 0.338864 0.507152 0.013213 0.011026
0 0.187411 0.519098 0.011575 0.010140
0 0.430736 0.682787 0.014826 0.011551
0 0.434927 0.539185 0.013798 0.009872
0 0.458908 0.303100 0.014320 0.012025
0 0.254158 0.639253 0.013399 0.010000
0 0.520235 0.382273 0.014283 0.010391
0 0.525688 0.550854 0.013003 0.008876
0 0.337031 0.348647 0.016367 0.012880
0 0.469306 0.586008 0.014645 0.008040
0 0.434676 0.534819 0.012651 0.011651
0 0.228629 0.525495 0.014695 0.011186
0 0.707375 0.560216 0.012164 0.006884
0 0.249117 0.569228 0.015412 0.011015
0 0.320992 0.623005 0.013478 0.008143
0 0.696711 0.530849 0.011801 0.010291
0 0.455500 0.612179 0.013543 0.010549
0 0.681771 0.543133 0.013885 0.008483
0 0.173479 0.569182 0.011077 0.008187
0 0.342280 0.516177 0.014384 0.011480
0 0.308993 0.614159 0.012193 0.008428
0 0.603344 0.598375 0.009865 0.007961
0 0.137314 0.502041 0.012620 0.008648
0 0.378112 0.456560 0.016325 0.012476
0 0.231073 0.388496 0.015250 0.010381
0 0.504979 0.599370 0.013582 0.010969
0 0.389465 0.502570 0.017109 0.012810
0 0.536342 0.394068 0.019054 0.012577
0 0.609959 0.488232 0.012038 0.010180
0 0.645112 0.646513 0.028632 0.013361
0 0.177795 0.420462 0.013931 0.010551
0 0.777350 0.348684 0.018875 0.011773
0 0.595856 0.641181 0.010562 0.008342
0 0.508113 0.335267 0.012293 0.008781
0 0.637772 0.578521 0.011603 0.009614
0 0.570988 0.611163 0.012605 0.008723
0 0.774869 0.461691 0.011457 0.010488
0 0.303634 0.473022 0.015648 0.009831
0 0.397542 0.460655 0.015347 0.011835
0 0.390329 0.447936 0.021007 0.011630
0 0.226000 0.372325 0.022666 0.013529
0 0.233787 0.371657 0.015875 0.014007
0 0.542308 0.653455 0.013861 0.011840
0 0.225877 0.421396 0.017433 0.012146
0 0.468961 0.645818 0.010123 0.009781
0 0.133497 0.414564 0.014047 0.010671
0 0.344852 0.525075 0.015557 0.015503
0 0.359860 0.496224 0.017898 0.012795
0 0.190945 0.550585 0.015654 0.007070
0 0.441200 0.467189 0.019574 0.012731
0 0.153272 0.526305 0.008433 0.007093
1 0.125978 0.433685 0.046948 0.026995
1 0.287950 0.419601 0.042254 0.029343
1 0.302817 0.319249 0.043818 0.035211
1 0.384977 0.261150 0.042254 0.036385
1 0.418623 0.262324 0.043818 0.031690
1 0.444444 0.224178 0.054773 0.042254
1 0.638498 0.223592 0.051643 0.031690
1 0.627543 0.343897 0.048513 0.042254
1 0.459311 0.406103 0.037559 0.023474
1 0.468701 0.455986 0.043818 0.038732
1 0.364632 0.468897 0.035994 0.031690