0 0.226769 0.680788 0.026308 0.021201
0 0.287195 0.519202 0.018882 0.014183
0 0.365354 0.769392 0.021267 0.015078
0 0.616825 0.455081 0.019563 0.014908
0 0.309469 0.693763 0.018043 0.013304
0 0.290366 0.550982 0.015712 0.012744
0 0.601967 0.366582 0.017019 0.012863
0 0.590044 0.770970 0.013304 0.009289
0 0.610114 0.695334 0.015448 0.011968
0 0.274147 0.352461 0.012201 0.009357
0 0.358054 0.303304 0.013919 0.010995
0 0.212261 0.725217 0.016631 0.013003
0 0.460374 0.295354 0.016505 0.014312
0 0.212179 0.705766 0.016277 0.012082
0 0.428269 0.765110 0.018894 0.012947
0 0.654499 0.703565 0.013337 0.011344
0 0.480621 0.371038 0.016491 0.011134
0 0.355902 0.569749 0.014767 0.011238
0 0.337593 0.411718 0.018121 0.014963
0 0.286006 0.406230 0.020942 0.016896
0 0.593253 0.792167 0.015438 0.011798
0 0.624379 0.574423 0.018030 0.013620
0 0.494545 0.644732 0.018745 0.013777
0 0.341077 0.798880 0.020722 0.015754
0 0.286075 0.646122 0.016522 0.013570
0 0.531859 0.695614 0.014977 0.010016
0 0.209700 0.570813 0.016009 0.012266
0 0.359358 0.594249 0.016043 0.010041
0 0.272453 0.369426 0.015102 0.012142
0 0.688117 0.728789 0.016910 0.010430
0 0.411785 0.569135 0.020264 0.012990
0 0.156873 0.558154 0.016200 0.012797
0 0.445599 0.547018 0.015977 0.011447
0 0.472489 0.808517 0.020422 0.017558
0 0.521061 0.390799 0.018188 0.011314
0 0.457587 0.328580 0.020363 0.016017
0 0.392984 0.313804 0.019506 0.015836
0 0.172174 0.480549 0.017092 0.013528
0 0.118869 0.596688 0.012622 0.012013
0 0.484886 0.754031 0.020073 0.015075
0 0.126151 0.577746 0.017349 0.012029
0 0.394841 0.428628 0.017633 0.015683
0 0.362070 0.383491 0.016069 0.010762
0 0.704495 0.529025 0.014800 0.010962
0 0.642171 0.766904 0.018093 0.011462
0 0.432670 0.427046 0.024369 0.015262
0 0.428425 0.666681 0.015366 0.011503
0 0.524195 0.640918 0.015424 0.009512
0 0.405075 0.260355 0.014892 0.015380
0 0.244360 0.290211 0.012262 0.012869
0 0.239680 0.429881 0.014981 0.012982
0 0.373889 0.610806 0.016605 0.011129
0 0.579630 0.540593 0.016030 0.011628
0 0.262110 0.674903 0.013295 0.011212
0 0.254764 0.719735 0.013395 0.008479
0 0.550111 0.458912 0.016948 0.010026
0 0.578094 0.639243 0.020208 0.013570
0 0.530257 0.820641 0.020886 0.014081
0 0.770251 0.390286 0.016019 0.012401
0 0.320328 0.293428 0.020411 0.015324
0 0.456027 0.594261 0.016402 0.009896
0 0.313617 0.496542 0.017481 0.012482
0 0.673412 0.585149 0.023876 0.017977
0 0.219424 0.464545 0.013015 0.010450
0 0.430889 0.590909 0.012999 0.009364
0 0.709946 0.678632 0.015840 0.010149
0 0.649084 0.666601 0.015775 0.012470
0 0.503892 0.566382 0.024988 0.016902
0 0.303122 0.802008 0.021459 0.012346
0 0.588594 0.666562 0.021689 0.011662
0 0.251520 0.502220 0.020134 0.011740
0 0.436511 0.315322 0.013763 0.009837
0 0.570795 0.694734 0.017044 0.011823
0 0.605723 0.431320 0.025258 0.016590
0 0.500464 0.669851 0.012985 0.008065
0 0.506436 0.412710 0.027360 0.016633
0 0.768470 0.646052 0.013090 0.008591
0 0.593631 0.505845 0.022320 0.013070
0 0.171983 0.584042 0.022327 0.013539
0 0.338483 0.489862 0.016741 0.012768
0 0.750547 0.533654 0.018419 0.012755
0 0.790745 0.473958 0.021595 0.013397
0 0.652756 0.505173 0.020016 0.011041
0 0.514797 0.479579 0.019118 0.017999
0 0.111304 0.522265 0.011053 0.010063
0 0.654663 0.596885 0.014266 0.013275
0 0.755702 0.693814 0.011739 0.008397
0 0.382983 0.553713 0.017524 0.013416
0 0.526908 0.608029 0.014627 0.010211
0 0.188189 0.718732 0.015989 0.013813
0 0.609733 0.545762 0.014384 0.010609
0 0.717898 0.618749 0.022642 0.015686
0 0.313509 0.658196 0.015900 0.009923
0 0.157585 0.446305 0.023715 0.012846
0 0.486332 0.509581 0.020924 0.013813
0 0.561078 0.668602 0.011155 0.006899
0 0.382884 0.681217 0.012611 0.009991
0 0.163935 0.444618 0.017864 0.014525
0 0.470330 0.397268 0.015505 0.014993
0 0.552151 0.316981 0.013911 0.008944
0 0.196799 0.389052 0.012147 0.009708
0 0.718166 0.413654 0.021393 0.015162
0 0.531646 0.528427 0.010398 0.008233
0 0.367990 0.328339 0.014997 0.009178
0 0.363221 0.545041 0.019255 0.011316
0 0.357664 0.810489 0.016446 0.010847
0 0.446719 0.612059 0.014574 0.009419
0 0.671918 0.638564 0.022646 0.015681
0 0.738259 0.754051 0.012696 0.007881
0 0.690482 0.399572 0.019453 0.012891
0 0.769096 0.559519 0.020624 0.011737
0 0.741800 0.577183 0.015665 0.009811
0 0.673379 0.496278 0.014042 0.009777
0 0.407436 0.607217 0.022028 0.012020
0 0.568581 0.494368 0.013725 0.007683
0 0.692820 0.759288 0.019619 0.012106
0 0.159673 0.366919 0.012180 0.011691
0 0.612825 0.795114 0.013748 0.009459
0 0.587700 0.561390 0.016707 0.012008
0 0.583983 0.419352 0.015147 0.012304
0 0.725464 0.778080 0.012580 0.009366
0 0.629129 0.503721 0.015271 0.008662
0 0.304855 0.710756 0.017089 0.010615
0 0.655640 0.546058 0.012890 0.010506
0 0.368239 0.725897 0.016978 0.014362
0 0.612456 0.815764 0.024004 0.018303
0 0.705847 0.447418 0.017801 0.010293
0 0.327502 0.705372 0.014737 0.010436
0 0.510947 0.471939 0.020055 0.017209
0 0.572100 0.407610 0.013757 0.011356
0 0.457227 0.664450 0.015693 0.010728
0 0.201651 0.410188 0.014532 0.009847
0 0.498752 0.585084 0.013586 0.010001
0 0.588686 0.567448 0.017195 0.014572
0 0.735096 0.752445 0.008179 0.009945
0 0.464894 0.242644 0.015019 0.009847
0 0.463122 0.841436 0.019860 0.014150
0 0.166145 0.391945 0.013240 0.010862
0 0.765179 0.533889 0.016592 0.011232
0 0.512006 0.446112 0.013033 0.008563
0 0.697586 0.396217 0.015628 0.014048
0 0.724138 0.429909 0.023434 0.014596
0 0.536773 0.710653 0.012096 0.009195
0 0.486156 0.489965 0.013290 0.010076
0 0.648313 0.799953 0.021275 0.012936
0 0.447035 0.356299 0.013207 0.010178
0 0.510286 0.544539 0.012484 0.006386
0 0.217874 0.662970 0.016679 0.009109
0 0.736220 0.405519 0.015102 0.009480
0 0.430616 0.693745 0.014931 0.014437
0 0.364263 0.735431 0.021361 0.020633
0 0.401896 0.609720 0.021984 0.010538
0 0.374229 0.547858 0.029301 0.016102
0 0.123472 0.634839 0.024392 0.012500
0 0.469535 0.698000 0.016446 0.010068
0 0.319932 0.494231 0.029467 0.014145
0 0.478597 0.508992 0.019396 0.011967
0 0.671011 0.745919 0.016155 0.010856
0 0.211268 0.646714 0.032864 0.025822
1 0.578247 0.257629 0.056338 0.045775