0 0.271634 0.494452 0.013542 0.012339
0 0.153661 0.661549 0.014308 0.011883
0 0.194160 0.543116 0.017521 0.012794
0 0.122007 0.524890 0.014356 0.012501
0 0.737683 0.531026 0.015687 0.011502
0 0.354451 0.623087 0.016174 0.012374
0 0.310853 0.752142 0.020029 0.013461
0 0.430358 0.677173 0.012138 0.011516
0 0.592792 0.446049 0.021930 0.014906
0 0.625450 0.495701 0.017650 0.013165
0 0.745213 0.637893 0.017049 0.010855
0 0.246869 0.829118 0.014927 0.012057
0 0.759459 0.588298 0.014103 0.011770
0 0.534396 0.868722 0.015656 0.010476
0 0.599045 0.570712 0.015147 0.011932
0 0.280300 0.549527 0.014312 0.009836
0 0.561775 0.473517 0.016042 0.011572
0 0.638184 0.888150 0.015538 0.011054
0 0.796759 0.501648 0.013755 0.010013
0 0.289609 0.506198 0.015687 0.010609
0 0.305135 0.525397 0.015271 0.011119
0 0.220191 0.430782 0.012195 0.012153
0 0.554584 0.509122 0.017575 0.013502
0 0.099178 0.581939 0.014540 0.010303
0 0.321795 0.415083 0.013312 0.011349
0 0.622579 0.838284 0.016507 0.011982
0 0.188248 0.606832 0.011056 0.012242
0 0.272404 0.738612 0.023926 0.012060
0 0.454866 0.447720 0.015060 0.011245
0 0.474256 0.879846 0.023041 0.017748
0 0.396397 0.711058 0.012610 0.010624
0 0.580629 0.694400 0.017200 0.014950
0 0.458889 0.899996 0.023720 0.017031
0 0.130971 0.693134 0.015823 0.011700
0 0.369632 0.526221 0.014772 0.011910
0 0.349322 0.719175 0.020317 0.013800
0 0.659480 0.547503 0.015136 0.013383
0 0.701774 0.805930 0.012498 0.008181
0 0.770018 0.441735 0.012546 0.009937
0 0.556426 0.627911 0.018484 0.012013
0 0.539872 0.551698 0.017739 0.013899
0 0.455255 0.829977 0.013177 0.011068
0 0.454294 0.664262 0.017754 0.015130
0 0.577272 0.487804 0.012483 0.009823
0 0.459226 0.531103 0.016073 0.011452
0 0.756734 0.777558 0.017877 0.009396
0 0.508943 0.420906 0.016961 0.014850
0 0.127718 0.690509 0.014565 0.011488
0 0.445753 0.925432 0.026310 0.017091
0 0.243221 0.409571 0.013034 0.012937
0 0.391565 0.492661 0.020779 0.014336
0 0.448390 0.553528 0.015314 0.011407
0 0.783835 0.653366 0.016042 0.010286
0 0.105665 0.496275 0.025150 0.014291
0 0.685476 0.813557 0.020628 0.008779
0 0.434214 0.884619 0.019281 0.013359
0 0.484316 0.415740 0.015707 0.013010
0 0.506831 0.561680 0.016338 0.011703
0 0.604935 0.880811 0.020146 0.012944
0 0.670963 0.483380 0.015431 0.014605
0 0.455619 0.602538 0.017538 0.013340
0 0.456649 0.484720 0.016059 0.013176
0 0.716472 0.491616 0.017151 0.014645
0 0.682345 0.575494 0.013450 0.013941
0 0.357460 0.546827 0.016126 0.012380
0 0.791670 0.675663 0.017123 0.012329
0 0.763535 0.591300 0.012526 0.013666
0 0.470185 0.324327 0.022916 0.015729
0 0.209911 0.638551 0.015710 0.014642
0 0.500458 0.861597 0.017009 0.010051
0 0.389531 0.431891 0.019050 0.015140
0 0.430720 0.631607 0.016454 0.013530
0 0.806821 0.485589 0.011688 0.013169
0 0.306267 0.589355 0.016920 0.015414
0 0.508380 0.442643 0.015488 0.012609
1 0.198748 0.384390 0.035994 0.024648
1 0.665102 0.794601 0.026604 0.030516
1 0.859155 0.626761 0.039124 0.042254