0 0.211827 0.848225 0.015503 0.017864
0 0.896631 0.731501 0.015293 0.012784
0 0.353811 0.731039 0.014374 0.015547
0 0.230379 0.563871 0.016334 0.014744
0 0.265023 0.553867 0.015203 0.014907
0 0.739926 0.894018 0.018609 0.017010
0 0.321972 0.725313 0.014956 0.014626
0 0.292756 0.692600 0.015328 0.014537
0 0.114909 0.631107 0.016560 0.016551
0 0.558596 0.529015 0.019928 0.024271
0 0.917949 0.462984 0.016001 0.013500
0 0.431471 0.258840 0.019021 0.017782
0 0.101605 0.446868 0.013501 0.014352
0 0.938645 0.382379 0.015356 0.015129
0 0.222674 0.681441 0.015514 0.015453
0 0.768388 0.226807 0.016008 0.014713
0 0.372410 0.567811 0.013852 0.014012
0 0.295761 0.431912 0.017513 0.018183
0 0.608608 0.370888 0.017668 0.015838
0 0.421030 0.717419 0.014170 0.012524
0 0.347978 0.446477 0.016865 0.014668
0 0.198251 0.499267 0.017354 0.015664
0 0.262733 0.482625 0.020392 0.018777
0 0.927996 0.409282 0.024045 0.022131
0 0.761095 0.730949 0.015460 0.016865
0 0.413083 0.912753 0.013606 0.012988
0 0.534227 0.926209 0.020616 0.015925
0 0.177641 0.789356 0.015441 0.015164
0 0.175141 0.321262 0.013907 0.014398
0 0.511474 0.559417 0.021370 0.018026
0 0.818262 0.371426 0.020159 0.019059
0 0.703556 0.284243 0.018413 0.018855
0 0.683570 0.341055 0.019834 0.020782
0 0.271737 0.336329 0.024721 0.020747
0 0.507627 0.885503 0.016275 0.016387
0 0.308985 0.367784 0.018439 0.016890
0 0.304999 0.739866 0.014408 0.012068
0 0.860561 0.645424 0.012365 0.011918
0 0.614616 0.581176 0.018798 0.016709
0 0.229801 0.348274 0.028336 0.022844
0 0.224444 0.402826 0.022816 0.021773
0 0.813424 0.554495 0.016648 0.017815
0 0.211617 0.574981 0.018425 0.022036
0 0.705073 0.174055 0.016077 0.015439
0 0.195307 0.371098 0.025425 0.021790
0 0.935070 0.632447 0.012383 0.014280
0 0.592551 0.195166 0.027102 0.022023
0 0.666733 0.907453 0.016990 0.016371
0 0.263399 0.827302 0.016738 0.018058
0 0.715610 0.530617 0.017394 0.018242
0 0.675049 0.215780 0.020932 0.021647
0 0.434737 0.707294 0.016454 0.014804
0 0.718950 0.189039 0.014781 0.014647
0 0.320545 0.750576 0.017247 0.014255
1 0.866197 0.306338 0.042254 0.042254
1 0.692488 0.976526 0.042254 0.042254