0 0.325983 0.711658 0.020619 0.016948
0 0.601908 0.570054 0.028668 0.022202
0 0.779455 0.783543 0.024063 0.018316
0 0.364708 0.878288 0.021476 0.014978
0 0.391226 0.577168 0.020013 0.012079
0 0.704220 0.774685 0.022097 0.017601
0 0.687722 0.653368 0.014711 0.011798
0 0.465839 0.478608 0.019724 0.013726
0 0.499799 0.543713 0.020162 0.013327
0 0.628759 0.753128 0.021646 0.015776
0 0.375935 0.615876 0.020718 0.012752
0 0.617434 0.717548 0.018800 0.013017
0 0.714890 0.731157 0.019269 0.013218
0 0.458264 0.432933 0.016910 0.011794
0 0.683902 0.758300 0.018529 0.014381
0 0.358017 0.922216 0.019730 0.014897
0 0.828259 0.765405 0.016872 0.013166
0 0.288122 0.629259 0.014092 0.009890
0 0.445532 0.627514 0.017972 0.011878
0 0.491630 0.708668 0.019916 0.014990
0 0.648869 0.893339 0.028504 0.019541
0 0.436067 0.924092 0.029093 0.021346
0 0.253635 0.628749 0.013044 0.010150
0 0.746549 0.791687 0.015043 0.012523
0 0.488136 0.441170 0.015210 0.010529
0 0.459116 0.666375 0.017452 0.011650
0 0.611908 0.412851 0.018689 0.015422
0 0.425688 0.809302 0.018770 0.013524
0 0.704488 0.866608 0.015061 0.012076
0 0.207223 0.602522 0.013569 0.010171
0 0.747256 0.553487 0.019026 0.012844
0 0.159779 0.597882 0.012055 0.010849
0 0.493082 0.653366 0.018320 0.013169
0 0.340665 0.657518 0.014704 0.010693
0 0.405694 0.879963 0.014687 0.012541
0 0.304156 0.604909 0.016518 0.009850
0 0.205546 0.545003 0.011635 0.009705
0 0.321226 0.405301 0.013328 0.010577
0 0.646297 0.665231 0.015554 0.010799
0 0.538968 0.586218 0.013747 0.010544
0 0.374237 0.732680 0.013390 0.010001
0 0.325148 0.596804 0.014651 0.008256
0 0.719558 0.811975 0.015489 0.011695
0 0.287859 0.604359 0.015164 0.012499
0 0.352985 0.641059 0.015642 0.010514
0 0.771105 0.552140 0.016656 0.013627
0 0.392138 0.675114 0.015193 0.011031
0 0.260744 0.532911 0.013601 0.011458
0 0.681648 0.853409 0.014918 0.011927
0 0.416203 0.833195 0.016498 0.012054
0 0.726112 0.653511 0.016491 0.010998
0 0.742473 0.447369 0.017991 0.012934
0 0.557976 0.893610 0.021742 0.016653
0 0.531286 0.640960 0.017468 0.014045
0 0.561034 0.708722 0.015666 0.012071
0 0.490925 0.648297 0.018512 0.017952
0 0.547487 0.606150 0.017722 0.011981
0 0.328422 0.677185 0.014804 0.011236
0 0.675983 0.568955 0.018353 0.013136
0 0.239213 0.519010 0.014050 0.009371