0 0.624034 0.414121 0.021200 0.018967
0 0.314874 0.417102 0.024774 0.016647
0 0.706349 0.612022 0.012975 0.012748
0 0.123735 0.717847 0.023411 0.015907
0 0.595445 0.566647 0.014639 0.008638
0 0.588531 0.493503 0.023407 0.016881
0 0.179334 0.474585 0.016848 0.012614
0 0.133236 0.589594 0.019552 0.015098
0 0.546407 0.608420 0.019129 0.014258
0 0.251877 0.341410 0.016179 0.012495
0 0.512553 0.362187 0.022717 0.012803
0 0.227429 0.642095 0.017692 0.013894
0 0.218744 0.729216 0.020286 0.015946
0 0.168338 0.658478 0.016458 0.014242
0 0.414305 0.681606 0.019505 0.014542
0 0.104716 0.568141 0.018835 0.015248
0 0.328423 0.558358 0.015269 0.010331
0 0.078361 0.676010 0.018320 0.014396
0 0.437347 0.869591 0.019265 0.015155
0 0.417739 0.408557 0.018063 0.012228
0 0.024696 0.558809 0.016269 0.009945
0 0.499657 0.820306 0.013784 0.009738
0 0.475322 0.365270 0.024735 0.021057
0 0.564019 0.567492 0.020723 0.014289
0 0.116300 0.789498 0.015793 0.011538
0 0.390043 0.698083 0.016821 0.011858
0 0.057584 0.576153 0.023814 0.013193
0 0.199174 0.692732 0.017690 0.014745
0 0.447001 0.743052 0.023335 0.017236
0 0.423525 0.592199 0.018674 0.014743
0 0.180624 0.637974 0.015907 0.013898
0 0.168629 0.697994 0.015456 0.011927
0 0.549249 0.841894 0.017296 0.013302
0 0.337090 0.453521 0.014390 0.010669
0 0.213615 0.444713 0.014399 0.008489
0 0.220840 0.422131 0.011108 0.007558
0 0.454515 0.507681 0.016190 0.012592
0 0.514758 0.592933 0.016491 0.012353
0 0.113530 0.610878 0.018564 0.013426
0 0.486792 0.872194 0.013758 0.008720
0 0.357145 0.743517 0.018466 0.014632
0 0.356105 0.599784 0.026032 0.022928
0 0.438883 0.568585 0.019503 0.013678
0 0.534379 0.380373 0.026989 0.018046
0 0.108920 0.433886 0.011748 0.007876
0 0.310271 0.691118 0.021917 0.018017
0 0.604884 0.663984 0.011681 0.009140
0 0.059978 0.640263 0.012930 0.010940
0 0.327612 0.732881 0.014362 0.010539
0 0.376364 0.816017 0.014333 0.008821
0 0.187710 0.740687 0.012005 0.009698
0 0.495671 0.641893 0.014456 0.011587
0 0.301518 0.389409 0.014729 0.010403
0 0.508347 0.861739 0.014230 0.014284
0 0.107703 0.765642 0.013413 0.009375
0 0.352120 0.407383 0.018583 0.014969
0 0.625589 0.448725 0.021478 0.013308
0 0.625928 0.622159 0.015219 0.011951
0 0.623756 0.795761 0.012693 0.008241
0 0.358348 0.659310 0.014294 0.009349
0 0.336207 0.495453 0.012983 0.009193
0 0.535064 0.539836 0.015819 0.010623
0 0.031964 0.599579 0.013920 0.010442
0 0.571925 0.652464 0.016158 0.011772
0 0.331555 0.577451 0.012253 0.009644
0 0.466383 0.446485 0.031677 0.022306
0 0.408671 0.627433 0.024579 0.015436
0 0.378886 0.657078 0.015650 0.012669
0 0.488244 0.597602 0.011512 0.009195
0 0.070571 0.657783 0.014316 0.008392
0 0.173410 0.384571 0.018226 0.012678
0 0.121101 0.489741 0.010273 0.007155
0 0.059934 0.627540 0.010852 0.008425
0 0.080842 0.487229 0.012167 0.010578
0 0.232905 0.552488 0.012431 0.009888
0 0.297734 0.447440 0.014956 0.010119
0 0.403034 0.425056 0.015835 0.014844
0 0.124892 0.539583 0.012386 0.007330
0 0.526101 0.579033 0.014240 0.010555
0 0.120331 0.676505 0.010711 0.007379
0 0.497385 0.427956 0.017133 0.011960
0 0.581932 0.385994 0.013176 0.010406
0 0.356669 0.508368 0.015329 0.011405
0 0.492283 0.502392 0.016322 0.008589
0 0.338140 0.621077 0.012695 0.008426
0 0.353205 0.687245 0.023602 0.015136
0 0.410595 0.822109 0.013335 0.009915
0 0.501660 0.552057 0.019319 0.011347
0 0.413281 0.520967 0.017098 0.012458
0 0.687466 0.455579 0.018233 0.011402
0 0.543167 0.379638 0.026024 0.015667
0 0.371918 0.539482 0.015954 0.010600
0 0.088895 0.556262 0.015769 0.012751
0 0.544447 0.409965 0.016324 0.010226
0 0.381272 0.632909 0.018644 0.010070
0 0.637146 0.746854 0.009511 0.006680
0 0.296947 0.658034 0.018673 0.012727
0 0.535553 0.508243 0.021328 0.015630
0 0.295833 0.838676 0.016750 0.011720
0 0.449615 0.653185 0.013323 0.010265
0 0.435897 0.619464 0.019162 0.011822
0 0.446321 0.893851 0.015944 0.010085
0 0.469861 0.589127 0.015103 0.010071
0 0.615721 0.513774 0.013778 0.011949
0 0.094763 0.668035 0.017183 0.012089
0 0.040815 0.666658 0.013541 0.010377
1 0.238420 0.375124 0.048988 0.038523
0 0.461653 0.385234 0.018680 0.012236
0 0.331837 0.673525 0.015246 0.012110
0 0.537118 0.694322 0.012724 0.008492
0 0.238751 0.735698 0.014403 0.011584
0 0.354866 0.559113 0.015247 0.007879
1 0.157261 0.438323 0.038818 0.040772
0 0.503976 0.666923 0.011280 0.008587
0 0.584440 0.680156 0.023195 0.015641
0 0.552280 0.714987 0.013250 0.011113
0 0.591778 0.751461 0.019029 0.008373
0 0.143431 0.390724 0.018490 0.012045
0 0.716535 0.657042 0.009904 0.009775
0 0.441367 0.616101 0.014816 0.011134
0 0.387654 0.515107 0.015409 0.012784
0 0.453774 0.663542 0.013043 0.009650
0 0.104128 0.497605 0.012141 0.011588
0 0.520959 0.599287 0.016910 0.014724
0 0.328599 0.676102 0.024096 0.013530
0 0.087484 0.670640 0.024116 0.014964
0 0.523118 0.662642 0.013083 0.009616
0 0.055152 0.745455 0.012437 0.009396
0 0.330756 0.438579 0.016179 0.013501
0 0.518656 0.855804 0.012583 0.010212
0 0.409377 0.664117 0.013607 0.011462
0 0.686987 0.699751 0.013904 0.008509
0 0.051815 0.525399 0.018491 0.014308
0 0.618606 0.647593 0.011389 0.008727
0 0.386013 0.446771 0.013570 0.008066
0 0.139609 0.735907 0.010728 0.009276
0 0.158702 0.771356 0.012640 0.007276
1 0.226917 0.777582 0.048513 0.048122
1 0.326291 0.771714 0.050078 0.026995
1 0.471049 0.794014 0.051643 0.026995
1 0.285603 0.578638 0.065728 0.018779
1 0.230047 0.679577 0.051643 0.035211
1 0.615806 0.832746 0.053208 0.048122
1 0.363850 0.896127 0.046948 0.045775