0 0.757578 0.591612 0.010576 0.013848
0 0.428555 0.729022 0.012388 0.019364
0 0.656220 0.531399 0.012659 0.016360
0 0.615973 0.518659 0.010785 0.014052
0 0.678427 0.571506 0.012852 0.015739
0 0.477958 0.710056 0.015653 0.022192
0 0.274296 0.438876 0.013533 0.017131
0 0.560066 0.681330 0.016594 0.022232
0 0.245153 0.487489 0.014686 0.021395
0 0.636995 0.787549 0.021437 0.024654
0 0.289572 0.361664 0.010470 0.015277
0 0.295844 0.492535 0.014157 0.021138
0 0.409637 0.490745 0.011604 0.016486
0 0.343777 0.602516 0.013334 0.016048
0 0.720601 0.601279 0.011525 0.014987
0 0.476170 0.763081 0.014718 0.019756
0 0.771330 0.603240 0.010559 0.015224
0 0.568083 0.473359 0.010003 0.012427
0 0.709608 0.672590 0.014207 0.014773
0 0.597446 0.737994 0.013933 0.018848
0 0.633427 0.520943 0.011425 0.016595
0 0.609059 0.643428 0.012815 0.014619
0 0.528570 0.280815 0.010672 0.017037
0 0.680336 0.447099 0.014231 0.018654
0 0.327628 0.323536 0.009792 0.014056
0 0.669914 0.410799 0.012571 0.015854
0 0.383660 0.686970 0.017221 0.018798
0 0.511949 0.445284 0.011040 0.013066
0 0.596908 0.321802 0.009913 0.016668
0 0.467611 0.182733 0.008645 0.015392
0 0.341842 0.353896 0.013113 0.015518
0 0.666036 0.465210 0.009985 0.013988
0 0.364735 0.500406 0.010991 0.014530
0 0.488581 0.395232 0.012174 0.014280
0 0.613137 0.470905 0.010059 0.014611
0 0.680536 0.337007 0.010027 0.013050
0 0.433768 0.212096 0.008227 0.015194
0 0.704152 0.467871 0.012564 0.015474
0 0.419052 0.680732 0.014230 0.017362
0 0.412538 0.724751 0.016878 0.016867
0 0.723000 0.654469 0.011605 0.016401
0 0.671602 0.714255 0.013538 0.018287
0 0.609308 0.184352 0.012293 0.019398
0 0.603103 0.374046 0.011264 0.014425
0 0.279160 0.501215 0.014205 0.019596
0 0.410472 0.395498 0.010754 0.015208
0 0.550960 0.401728 0.011004 0.014615
0 0.443717 0.861122 0.016618 0.023463
0 0.280913 0.571495 0.034022 0.032075
0 0.491438 0.664747 0.015268 0.021391
0 0.296238 0.431196 0.010651 0.015413
0 0.430983 0.418470 0.010948 0.013538
0 0.436835 0.273491 0.013905 0.016445
0 0.354327 0.415861 0.011869 0.015925
0 0.482944 0.434526 0.011072 0.016729
0 0.417135 0.355814 0.014093 0.017498
0 0.581395 0.397651 0.011496 0.016879
0 0.379106 0.470919 0.013265 0.017780
0 0.448965 0.320335 0.011834 0.016472
0 0.418827 0.598688 0.013485 0.016997
0 0.596054 0.617502 0.012226 0.016351
0 0.561490 0.744515 0.019847 0.022626
0 0.404018 0.448093 0.012352 0.013997
0 0.434680 0.421718 0.010299 0.016514
0 0.684504 0.752447 0.015333 0.018845
0 0.395468 0.402287 0.010970 0.016833
0 0.493718 0.833058 0.021824 0.026174
1 0.599032 0.839789 0.029049 0.057512
1 0.722271 0.265845 0.022007 0.031690
1 0.491197 0.279343 0.026408 0.046948
1 0.368838 0.203052 0.024648 0.028169