0 0.438198 0.623596 0.025224 0.021082
0 0.158495 0.564595 0.026490 0.021029
0 0.271419 0.701733 0.021018 0.015905
0 0.638675 0.820321 0.017729 0.012953
0 0.358856 0.585240 0.019017 0.016284
0 0.252493 0.635284 0.024290 0.020859
0 0.384859 0.559587 0.020893 0.016697
0 0.540255 0.521936 0.026382 0.019775
0 0.258952 0.555010 0.021664 0.018767
0 0.267683 0.665896 0.020939 0.016341
0 0.138240 0.864002 0.019706 0.012298
0 0.362529 0.397124 0.017923 0.014582
0 0.165360 0.691534 0.019493 0.015364
0 0.425416 0.594410 0.018676 0.013722
0 0.717786 0.644642 0.022192 0.014549
0 0.382858 0.690728 0.018323 0.015204
0 0.183649 0.668584 0.021803 0.018113
0 0.467082 0.542093 0.022032 0.017633
0 0.624668 0.557934 0.021190 0.015336
0 0.574296 0.401461 0.018551 0.017664
0 0.655463 0.490041 0.022942 0.014078
0 0.262568 0.787969 0.013772 0.010798
0 0.217941 0.913871 0.013590 0.013281
0 0.744874 0.686543 0.011531 0.008957
1 0.282473 0.482981 0.043818 0.034038
1 0.082942 0.677817 0.054773 0.038732