0 0.294761 0.431635 0.017041 0.015214
0 0.172277 0.768828 0.017728 0.014518
0 0.224869 0.530145 0.017312 0.015437
0 0.337750 0.657690 0.014606 0.012065
0 0.353602 0.531510 0.017060 0.011842
0 0.470479 0.854206 0.019417 0.014145
0 0.416515 0.532538 0.016014 0.011137
0 0.141876 0.641356 0.016202 0.011310
0 0.100900 0.444384 0.014192 0.011615
0 0.104115 0.533417 0.014091 0.012474
0 0.521313 0.619204 0.016993 0.015143
0 0.277609 0.459069 0.016090 0.013199
0 0.137073 0.552686 0.013380 0.010642
0 0.449953 0.667658 0.012678 0.010909
0 0.446442 0.545194 0.015318 0.012236
0 0.107378 0.507525 0.017680 0.013900
0 0.194196 0.622940 0.014205 0.011115
0 0.359689 0.558481 0.014917 0.013100
0 0.577403 0.788837 0.014065 0.010106
0 0.102759 0.741777 0.019126 0.009405
0 0.308018 0.377533 0.010084 0.009980
0 0.363025 0.508118 0.016215 0.012757
0 0.266896 0.747228 0.015669 0.011553
0 0.385601 0.539153 0.018049 0.014639
0 0.335984 0.521269 0.013460 0.010444
0 0.618292 0.746549 0.012940 0.011605
0 0.052978 0.676974 0.010760 0.007374
0 0.140252 0.678730 0.014741 0.010186
0 0.388571 0.559254 0.017093 0.013219
0 0.073201 0.589928 0.013811 0.009583
0 0.157562 0.692392 0.015157 0.010926
0 0.095067 0.490378 0.013441 0.009847
0 0.422495 0.570504 0.013975 0.010692
0 0.255883 0.517421 0.016400 0.013784
0 0.312302 0.592310 0.013527 0.011448
0 0.237879 0.497488 0.012366 0.008381
0 0.389605 0.350700 0.012798 0.011608
0 0.115635 0.678440 0.012060 0.009685
0 0.094625 0.769131 0.012314 0.010331
0 0.525867 0.732524 0.015593 0.012376
0 0.487576 0.813923 0.015964 0.012294
0 0.494700 0.834663 0.019415 0.013292
0 0.310001 0.659043 0.012752 0.010937
0 0.307029 0.452959 0.016913 0.011062
0 0.121747 0.766953 0.015188 0.010091
0 0.041115 0.598162 0.012279 0.010787
0 0.157528 0.609714 0.012993 0.010314
0 0.407786 0.769550 0.013398 0.010634
0 0.081510 0.684460 0.013752 0.009699
0 0.520885 0.841036 0.013557 0.011034
0 0.344316 0.581115 0.015130 0.013282
0 0.314898 0.818598 0.015980 0.011924
0 0.373623 0.821204 0.014276 0.011333
0 0.385258 0.368752 0.014041 0.009629
0 0.193165 0.383803 0.011261 0.011180
0 0.413070 0.384143 0.016345 0.012566
0 0.198391 0.601024 0.016269 0.010796
0 0.280619 0.520095 0.015356 0.013229
0 0.521155 0.790861 0.013328 0.010502
0 0.243168 0.572483 0.012868 0.008366
0 0.178833 0.361963 0.014228 0.011530
0 0.228577 0.468531 0.013089 0.009246
0 0.484188 0.761398 0.015364 0.012840
0 0.152366 0.744596 0.012730 0.010896
0 0.043376 0.652964 0.013486 0.009063
0 0.103003 0.468984 0.021699 0.011980
0 0.184024 0.816349 0.015158 0.010759
0 0.525930 0.814053 0.015535 0.009480
0 0.375082 0.842962 0.017577 0.014524
0 0.154088 0.414989 0.011208 0.009839
0 0.055503 0.705363 0.014945 0.008782
0 0.521328 0.751587 0.012428 0.011497
0 0.635833 0.765247 0.012856 0.008963
0 0.166350 0.507366 0.014273 0.010337
0 0.399529 0.721702 0.013152 0.009518
0 0.537880 0.804953 0.014024 0.010487
0 0.541116 0.826255 0.013092 0.010579
0 0.033213 0.696219 0.011038 0.011107
0 0.333435 0.545575 0.013402 0.009112
0 0.534799 0.684373 0.012101 0.010872
0 0.135738 0.724493 0.011180 0.012052
0 0.135974 0.732092 0.013513 0.012422
0 0.398225 0.822295 0.015723 0.010497
0 0.291564 0.590887 0.019123 0.012783
0 0.501992 0.799826 0.011771 0.011297
0 0.046508 0.489865 0.008868 0.009781
1 0.350548 0.703638 0.051643 0.036385
1 0.257433 0.834507 0.046948 0.025822
1 0.164319 0.469484 0.061033 0.042254