0 0.705505 0.431051 0.017976 0.014604
0 0.695665 0.603144 0.013943 0.011189
0 0.095966 0.713438 0.015439 0.012762
0 0.293035 0.581048 0.016509 0.012017
0 0.589339 0.834618 0.014606 0.012468
0 0.112469 0.643766 0.020029 0.012852
0 0.172792 0.612930 0.014770 0.010710
0 0.362343 0.548639 0.016100 0.011310
0 0.377362 0.489924 0.013140 0.010866
0 0.178383 0.434528 0.016704 0.015034
0 0.544898 0.503083 0.012628 0.009837
0 0.499100 0.469158 0.015943 0.009888
0 0.113164 0.681529 0.016236 0.011221
0 0.311252 0.471535 0.016548 0.011427
0 0.725362 0.493569 0.013166 0.010844
0 0.103612 0.567999 0.014583 0.009974
0 0.077159 0.521838 0.013983 0.010439
0 0.708816 0.688800 0.013178 0.009567
0 0.338303 0.533213 0.016019 0.015782
0 0.245935 0.570251 0.015079 0.011168
0 0.493516 0.880233 0.018802 0.014324
0 0.387338 0.858942 0.014282 0.009972
0 0.753200 0.484093 0.015763 0.012694
0 0.354599 0.433785 0.014227 0.010967
0 0.270768 0.602713 0.011180 0.009705
0 0.193646 0.509110 0.018322 0.013439
0 0.077829 0.697078 0.013079 0.013060
0 0.328437 0.591367 0.013471 0.009850
0 0.376356 0.338794 0.011484 0.010707
0 0.710097 0.474427 0.013106 0.009489
0 0.056572 0.575968 0.017770 0.013794
0 0.286175 0.471507 0.015541 0.012099
0 0.327218 0.377852 0.015844 0.010990
0 0.311611 0.340921 0.009565 0.009412
0 0.065540 0.715242 0.015111 0.009935
0 0.584833 0.345511 0.016237 0.013160
0 0.143387 0.434690 0.015553 0.012197
0 0.078257 0.453609 0.012412 0.009974
0 0.514126 0.426157 0.015355 0.012514
0 0.457365 0.572288 0.015989 0.013712
0 0.434902 0.836292 0.010513 0.007433
0 0.369219 0.373241 0.011446 0.009147
0 0.215129 0.797023 0.012851 0.009368
0 0.532765 0.451163 0.011358 0.009922
0 0.395471 0.801228 0.010511 0.008736
0 0.182256 0.846646 0.016743 0.009659
0 0.119963 0.439389 0.018885 0.014146
0 0.413723 0.334425 0.011510 0.008229
0 0.091201 0.406957 0.014140 0.013718
0 0.398025 0.474707 0.016341 0.010324
0 0.738203 0.534409 0.017155 0.012482
0 0.379316 0.839702 0.015910 0.010912
0 0.374890 0.901099 0.016856 0.011587
0 0.119935 0.588448 0.012439 0.007414
0 0.236202 0.778715 0.012227 0.010525
0 0.754551 0.551417 0.014918 0.010399
0 0.485352 0.602894 0.011194 0.010073
0 0.144918 0.405653 0.012659 0.009144
0 0.292942 0.314902 0.014525 0.010685
0 0.293847 0.743248 0.011100 0.008209
0 0.131755 0.831882 0.009184 0.007656
0 0.160983 0.447132 0.012692 0.010664
0 0.304510 0.417650 0.012552 0.010601
0 0.294133 0.709109 0.012136 0.007288
0 0.102313 0.526248 0.017840 0.015215
0 0.127538 0.629734 0.014826 0.011828
0 0.403108 0.391547 0.011624 0.009473
0 0.355669 0.309656 0.011371 0.007480
0 0.677938 0.412799 0.018847 0.011390
0 0.105408 0.784142 0.011465 0.007085
0 0.186632 0.665789 0.011050 0.005710
0 0.092547 0.499707 0.013360 0.013898
0 0.042279 0.704310 0.015588 0.009465
0 0.360939 0.908170 0.017157 0.010031
0 0.210433 0.620388 0.010105 0.008025
0 0.570878 0.620071 0.012098 0.010029
0 0.532069 0.363021 0.010357 0.010798
0 0.652210 0.620047 0.008996 0.008824
0 0.342432 0.833032 0.014044 0.015649
0 0.356476 0.845522 0.010032 0.006320
0 0.280035 0.407906 0.008025 0.004815
1 0.026604 0.524061 0.042254 0.038732