0 0.273519 0.506289 0.012076 0.018635
0 0.661039 0.611185 0.016751 0.019249
0 0.559316 0.266104 0.012916 0.016605
0 0.283945 0.543582 0.012698 0.016606
0 0.653432 0.676296 0.014310 0.018179
0 0.326620 0.326944 0.013129 0.020152
0 0.586337 0.721938 0.014840 0.018724
0 0.619697 0.350157 0.022309 0.027966
0 0.336284 0.133978 0.009987 0.014250
0 0.548686 0.704530 0.012615 0.018763
0 0.616686 0.644579 0.013704 0.020073
0 0.534040 0.754634 0.015026 0.017895
0 0.529399 0.369729 0.013358 0.018289
0 0.483052 0.130787 0.011554 0.015844
0 0.403201 0.113318 0.008987 0.013586
0 0.578464 0.571815 0.012754 0.015690
0 0.544597 0.630573 0.014319 0.019988
0 0.327956 0.717101 0.012721 0.014358
0 0.511098 0.456133 0.013989 0.019855
0 0.523830 0.109919 0.009954 0.013638
0 0.442106 0.604099 0.015178 0.019530
0 0.644731 0.313567 0.022723 0.027309
0 0.468923 0.221045 0.013002 0.016701
0 0.282668 0.577965 0.014294 0.015710
0 0.504209 0.647298 0.011927 0.017498
0 0.590628 0.594486 0.011928 0.016591
0 0.298520 0.339089 0.013194 0.018757
0 0.256790 0.355129 0.014843 0.022532
0 0.455575 0.650328 0.013807 0.018528
0 0.365223 0.347278 0.011503 0.017043
0 0.370964 0.201354 0.013641 0.017841
0 0.627456 0.513799 0.014517 0.019788
0 0.541255 0.732091 0.012530 0.015049
0 0.328532 0.243361 0.011523 0.015572
0 0.341560 0.293324 0.012984 0.017292
0 0.559601 0.430836 0.014704 0.020576
0 0.356394 0.698648 0.013084 0.018008
0 0.590119 0.420814 0.013002 0.017663
0 0.430498 0.067130 0.010045 0.016379
0 0.338441 0.414986 0.016040 0.021903
0 0.359434 0.101451 0.011592 0.017489
0 0.658074 0.506778 0.016287 0.019934
0 0.548777 0.516984 0.011261 0.016381
0 0.528289 0.075360 0.013238 0.018134
0 0.529154 0.579882 0.012180 0.017423
0 0.372882 0.119601 0.010205 0.016084
0 0.281577 0.378061 0.016204 0.017686
0 0.592032 0.536956 0.010655 0.012716
0 0.473286 0.537581 0.012168 0.015188
0 0.531784 0.647543 0.012885 0.014699
0 0.533578 0.553343 0.013969 0.015573
0 0.280899 0.650392 0.009973 0.013532
0 0.580312 0.324919 0.014912 0.021404
0 0.403310 0.788501 0.011821 0.013954
0 0.614249 0.604856 0.012926 0.015286
0 0.387382 0.468573 0.014102 0.019661
0 0.339055 0.628855 0.012565 0.016388
0 0.372015 0.070330 0.013487 0.021403
0 0.612994 0.424450 0.014091 0.016783
0 0.331495 0.271148 0.014516 0.016823
0 0.309519 0.720406 0.011898 0.015071
0 0.694823 0.320608 0.015221 0.017432
0 0.281982 0.680348 0.009232 0.009754
0 0.244094 0.610906 0.010452 0.013070
0 0.278996 0.653706 0.008750 0.011987
0 0.487748 0.702568 0.012866 0.020271
0 0.614862 0.461212 0.013551 0.018256
0 0.449819 0.486650 0.011606 0.018424
0 0.488188 0.171006 0.015050 0.022489
0 0.514192 0.688581 0.013534 0.021169