0 0.226964 0.308545 0.018568 0.013806
0 0.511169 0.300209 0.016341 0.010900
0 0.556021 0.323786 0.019164 0.014912
0 0.204655 0.254983 0.015075 0.013438
0 0.431217 0.429642 0.015889 0.012375
0 0.045433 0.388573 0.017202 0.012546
0 0.175439 0.320533 0.020727 0.015088
0 0.268490 0.459564 0.012783 0.011752
0 0.091804 0.527515 0.021795 0.014691
0 0.513893 0.540564 0.014584 0.012026
0 0.006968 0.390936 0.013936 0.013668
0 0.241750 0.610681 0.019919 0.012939
0 0.318198 0.257784 0.012442 0.009189
0 0.045732 0.437102 0.017213 0.016044
0 0.508966 0.268318 0.017398 0.013433
0 0.444141 0.384053 0.022844 0.014612
0 0.196170 0.502586 0.015887 0.012559
0 0.313834 0.237275 0.018893 0.012653
0 0.584489 0.253944 0.016790 0.013462
0 0.562992 0.462594 0.017738 0.011797
0 0.523453 0.422920 0.013246 0.009644
0 0.674257 0.421271 0.012700 0.011948
0 0.468494 0.195758 0.013883 0.011825
0 0.461745 0.397581 0.013686 0.010619
0 0.413531 0.413360 0.017329 0.013064
0 0.582083 0.334132 0.017853 0.013005
0 0.290508 0.276427 0.016758 0.011600
0 0.151099 0.403279 0.017779 0.012923
0 0.232143 0.280173 0.015773 0.011062
0 0.480008 0.658872 0.020501 0.014049
0 0.097865 0.345375 0.015297 0.013109
0 0.466677 0.366817 0.015081 0.011229
0 0.392462 0.402734 0.015730 0.011987
0 0.402644 0.630735 0.019645 0.014113
0 0.246855 0.334962 0.012839 0.011848
0 0.347429 0.299888 0.015755 0.012414
0 0.024559 0.371756 0.017307 0.014230
0 0.137212 0.508923 0.014501 0.011155
0 0.513345 0.386456 0.023031 0.015163
0 0.487210 0.408843 0.016016 0.013211
0 0.211098 0.476066 0.020382 0.012527
0 0.507852 0.319224 0.016845 0.010801
0 0.599427 0.511006 0.015624 0.012165
0 0.331049 0.543368 0.015947 0.011794
0 0.359568 0.356096 0.025031 0.018800
0 0.089722 0.371805 0.017919 0.012494
0 0.260172 0.500818 0.014263 0.010676
0 0.453390 0.607569 0.016484 0.009614
0 0.521151 0.399531 0.021020 0.014055
0 0.329376 0.691642 0.017269 0.011512