0 0.482004 0.458667 0.017792 0.013562
0 0.649556 0.683649 0.015276 0.012604
0 0.543422 0.666749 0.015510 0.012012
0 0.558481 0.573616 0.017411 0.013985
0 0.610323 0.613227 0.015774 0.012554
0 0.375317 0.783878 0.017112 0.012954
0 0.683660 0.603066 0.018067 0.014309
0 0.458185 0.496360 0.019226 0.014770
0 0.245343 0.650972 0.015286 0.011273
0 0.795304 0.461865 0.018202 0.013076
0 0.735445 0.657315 0.015754 0.011658
0 0.578920 0.735106 0.018886 0.013991
0 0.789295 0.584314 0.018348 0.013617
0 0.578249 0.679749 0.016291 0.012893
0 0.316084 0.742520 0.019665 0.014940
0 0.537899 0.455150 0.017205 0.013795
0 0.718702 0.530042 0.017023 0.013174
0 0.596291 0.427962 0.018748 0.014748
0 0.554729 0.541767 0.018150 0.013263
0 0.698345 0.630849 0.016918 0.013068
0 0.606645 0.683608 0.015036 0.011587
0 0.288741 0.598144 0.015604 0.011779
0 0.358298 0.433295 0.014870 0.011742
0 0.821726 0.692604 0.019639 0.015493
0 0.386504 0.395581 0.017467 0.013617
0 0.722400 0.600318 0.016678 0.012546
0 0.324734 0.715133 0.015614 0.011436
0 0.868436 0.489292 0.018626 0.014272
0 0.446307 0.446309 0.019397 0.017750
0 0.893658 0.513565 0.018677 0.014554
0 0.465594 0.680039 0.015582 0.011937
0 0.397633 0.481771 0.014881 0.011266
0 0.559737 0.638184 0.014966 0.011666
0 0.314557 0.568658 0.014145 0.010853
0 0.406688 0.682885 0.017258 0.012672
0 0.656496 0.634915 0.017146 0.016204
0 0.467693 0.578036 0.017603 0.012736
0 0.300833 0.544136 0.016868 0.014499
0 0.797729 0.663320 0.015279 0.011027
0 0.844408 0.619914 0.019734 0.011863
0 0.482335 0.635318 0.013680 0.011578
0 0.732869 0.439894 0.020335 0.015827
0 0.361512 0.733626 0.014131 0.011233
0 0.460689 0.622438 0.015348 0.012411
0 0.260790 0.610349 0.012872 0.009819
0 0.677368 0.733196 0.022326 0.017841
0 0.421894 0.619817 0.014508 0.010638
0 0.564362 0.704190 0.019114 0.012896
0 0.475719 0.421293 0.015149 0.012073
0 0.539370 0.629052 0.015394 0.011662
0 0.587352 0.628110 0.015440 0.012620
0 0.380983 0.459042 0.014151 0.010078
0 0.316768 0.657025 0.015986 0.012835
0 0.419315 0.582864 0.016431 0.013527
0 0.468666 0.652900 0.014022 0.010209
0 0.507605 0.567547 0.018409 0.013662
0 0.394614 0.538312 0.016332 0.013214
1 0.222198 0.525858 0.050411 0.041706
0 0.424506 0.689449 0.015835 0.012869
0 0.526715 0.681746 0.015426 0.012133
0 0.790364 0.738990 0.021022 0.015563
0 0.782223 0.710346 0.019105 0.015550
0 0.276010 0.564090 0.019263 0.015552
0 0.560798 0.923848 0.025458 0.018771
0 0.244936 0.674038 0.013683 0.010184
0 0.289214 0.750052 0.013960 0.010389
0 0.814954 0.651062 0.016538 0.012858
0 0.844350 0.662388 0.017914 0.014033
0 0.454711 0.530296 0.017560 0.013495
0 0.652204 0.764901 0.025934 0.017184
0 0.777181 0.540779 0.014862 0.011531
0 0.387220 0.614002 0.015980 0.012602
0 0.688230 0.379667 0.021696 0.016777
0 0.538166 0.557646 0.018650 0.013855
0 0.749492 0.604096 0.016642 0.012743
0 0.330305 0.680556 0.014843 0.010556
0 0.274792 0.696634 0.016667 0.012140
0 0.579407 0.593849 0.020530 0.012334
0 0.334639 0.760434 0.018376 0.013030
0 0.366270 0.555295 0.013284 0.010360
0 0.725288 0.679440 0.020200 0.013886
0 0.308593 0.828261 0.015094 0.011781
0 0.412605 0.565099 0.014747 0.011087
0 0.302904 0.688044 0.015630 0.011234
0 0.508630 0.907158 0.029341 0.022435
0 0.698212 0.708922 0.018178 0.016482
0 0.900657 0.607738 0.011640 0.009126
0 0.769847 0.409882 0.017253 0.014139
0 0.225530 0.584723 0.012366 0.009614
0 0.873910 0.656475 0.015973 0.011857
0 0.605994 0.716964 0.016937 0.013059
0 0.502939 0.435957 0.014000 0.009890
0 0.309215 0.588671 0.015480 0.011670
0 0.772326 0.607397 0.016472 0.012523
0 0.293418 0.669475 0.014719 0.011423
0 0.275809 0.782096 0.016846 0.011675
0 0.724088 0.629570 0.014226 0.010668
0 0.873682 0.589572 0.019939 0.011632
0 0.442896 0.559803 0.016783 0.011967
0 0.756035 0.720696 0.019197 0.015953
0 0.660260 0.721022 0.015681 0.011741
0 0.716868 0.456691 0.017690 0.014257
0 0.862161 0.610378 0.015140 0.010678
0 0.786209 0.641588 0.017009 0.013457
0 0.333714 0.448093 0.014440 0.010806
0 0.844036 0.444191 0.016607 0.012839
0 0.380759 0.664712 0.016950 0.013154
0 0.331770 0.517115 0.013543 0.011337
0 0.648582 0.401879 0.018486 0.017366
0 0.402463 0.852837 0.020537 0.016399
0 0.338784 0.501299 0.014886 0.010594
0 0.876556 0.684179 0.015206 0.010905
0 0.365648 0.507166 0.012219 0.009408
0 0.409044 0.636117 0.012783 0.011120
0 0.478350 0.737278 0.018961 0.015812
0 0.391293 0.437368 0.017301 0.014276
0 0.336061 0.660984 0.014593 0.010839
0 0.480002 0.688720 0.015345 0.011806
0 0.360031 0.616187 0.014711 0.011021
0 0.586268 0.574281 0.016254 0.011735
0 0.405846 0.425633 0.019264 0.016259
0 0.360578 0.394495 0.014448 0.011510
0 0.384991 0.512813 0.012902 0.008539
0 0.766257 0.622102 0.015750 0.011724
0 0.469659 0.559412 0.014703 0.011142
0 0.501733 0.358093 0.018032 0.014638
0 0.266393 0.810162 0.014353 0.010849
0 0.590851 0.713866 0.017288 0.011896
0 0.357463 0.599506 0.017281 0.014184
0 0.315587 0.433485 0.017799 0.014222
0 0.428909 0.543920 0.015706 0.011135
0 0.642161 0.747144 0.018718 0.014233
0 0.574939 0.467522 0.017056 0.014465
0 0.267164 0.664232 0.015282 0.011150
0 0.810419 0.417548 0.016115 0.012618
0 0.767610 0.590084 0.016765 0.012199
0 0.184894 0.627941 0.015774 0.012597
0 0.519601 0.695280 0.014786 0.011381
0 0.487433 0.747289 0.018276 0.014111
0 0.428445 0.411221 0.019809 0.016963
0 0.626140 0.637106 0.017788 0.012712
0 0.848874 0.464986 0.019047 0.013030
0 0.538809 0.909493 0.020683 0.016360
0 0.446694 0.800351 0.019747 0.015969
0 0.242733 0.701878 0.012043 0.009220
0 0.785659 0.430511 0.024840 0.012511
0 0.915241 0.570197 0.016304 0.013065
0 0.265383 0.539231 0.013347 0.010157
0 0.360383 0.576420 0.015683 0.014100
0 0.316303 0.413874 0.016532 0.012910
0 0.416630 0.487404 0.014036 0.010627
0 0.281455 0.634817 0.011836 0.009095
0 0.230971 0.734980 0.013596 0.010638
0 0.860264 0.644685 0.021507 0.012584
0 0.598349 0.715837 0.024665 0.012691
0 0.533974 0.592177 0.012371 0.009220
0 0.862292 0.461899 0.019183 0.014487
0 0.186258 0.647594 0.013798 0.010276
0 0.431805 0.415314 0.020264 0.015039
0 0.465158 0.518027 0.014996 0.011113
0 0.595259 0.595797 0.015520 0.010198
0 0.729281 0.874129 0.020268 0.013840
0 0.384836 0.660709 0.016759 0.013739
0 0.604908 0.355242 0.014532 0.014278
0 0.884714 0.738284 0.014137 0.011490
0 0.850403 0.616940 0.026466 0.013382