0 0.731291 0.545501 0.016962 0.012993
0 0.657300 0.685996 0.015965 0.012433
0 0.679288 0.516716 0.016957 0.012997
0 0.815444 0.765573 0.017027 0.013339
0 0.774142 0.800677 0.017599 0.013181
0 0.485665 0.570715 0.018621 0.015479
0 0.776773 0.748155 0.020573 0.016370
0 0.566697 0.477204 0.015094 0.011439
0 0.530069 0.847188 0.021143 0.015812
0 0.575974 0.406227 0.015307 0.012213
0 0.597380 0.429835 0.019459 0.013953
0 0.895312 0.645071 0.012911 0.009803
0 0.374823 0.657360 0.019062 0.013878
0 0.539893 0.760753 0.017014 0.012727
0 0.315407 0.594150 0.013413 0.011694
0 0.349640 0.683542 0.013997 0.011428
0 0.337477 0.666477 0.016786 0.014192
0 0.634709 0.518849 0.014747 0.013490
0 0.782686 0.451088 0.014122 0.011414
0 0.481277 0.661569 0.015642 0.012499
0 0.500517 0.363020 0.014690 0.012140
0 0.247431 0.537008 0.013806 0.012538
0 0.575663 0.338674 0.013931 0.011117
0 0.443942 0.727252 0.016087 0.013347
0 0.875755 0.682169 0.014811 0.011700
0 0.820767 0.522585 0.017983 0.014435
0 0.561554 0.770575 0.013948 0.011425
0 0.618552 0.381510 0.015166 0.012224
0 0.898271 0.502618 0.012766 0.010149
0 0.747853 0.633853 0.015091 0.011561
0 0.847734 0.494673 0.015936 0.012754
0 0.354823 0.597050 0.016699 0.013052
0 0.780977 0.507283 0.015839 0.013587
0 0.503135 0.446805 0.015733 0.013750
0 0.553095 0.591943 0.011917 0.009767
0 0.651673 0.730759 0.016399 0.013686
0 0.552775 0.629834 0.014302 0.011598
0 0.291223 0.454905 0.013918 0.012328
0 0.755540 0.663360 0.015486 0.012820
0 0.522185 0.389446 0.013627 0.010764
0 0.231715 0.622261 0.014091 0.011043
1 0.560767 0.381218 0.045401 0.034870
0 0.719149 0.427391 0.018611 0.012418
0 0.398524 0.342580 0.018353 0.015504
0 0.421857 0.539749 0.014718 0.010966
0 0.347616 0.540209 0.013811 0.011774
0 0.565209 0.355374 0.014320 0.010361
0 0.543353 0.513922 0.016475 0.013102
0 0.706901 0.367453 0.014764 0.012256
0 0.476012 0.334468 0.023672 0.020388
0 0.648564 0.587468 0.017033 0.014697
0 0.480209 0.456379 0.015872 0.013893
0 0.393458 0.567967 0.013644 0.011882
0 0.375176 0.478635 0.016507 0.014583
0 0.429453 0.609813 0.023847 0.016514
0 0.302951 0.619660 0.013732 0.010662
0 0.729834 0.377926 0.015130 0.012222
0 0.638305 0.665895 0.014458 0.011332
0 0.449044 0.533065 0.018718 0.011359
0 0.822500 0.567317 0.025860 0.011918
0 0.621757 0.327805 0.014606 0.011803
0 0.436631 0.556840 0.016269 0.012401
0 0.286354 0.622297 0.013894 0.010334
0 0.826661 0.462169 0.013019 0.009175
0 0.276182 0.407544 0.013526 0.011910
0 0.397889 0.773129 0.013681 0.010344
1 0.694932 0.407438 0.030477 0.019952
0 0.483470 0.511521 0.016287 0.014330
0 0.539729 0.448653 0.023634 0.020836
0 0.634195 0.327751 0.015605 0.011167
0 0.435866 0.432448 0.017601 0.014202
1 0.809260 0.359469 0.031594 0.024471
0 0.340289 0.442083 0.014577 0.010719
0 0.538029 0.677130 0.014438 0.010793
0 0.311849 0.721535 0.013027 0.010842
0 0.836128 0.381271 0.017215 0.012253
1 0.809974 0.359557 0.029997 0.021209
1 0.695532 0.407126 0.033131 0.020725
0 0.340202 0.631050 0.013651 0.010870
0 0.908976 0.447093 0.016751 0.013338
1 0.278212 0.496063 0.053365 0.040023