0 0.412026 0.467033 0.016660 0.013068
0 0.221381 0.673360 0.021661 0.016346
0 0.556165 0.597395 0.017992 0.013901
0 0.519857 0.567309 0.017418 0.013102
0 0.312348 0.877764 0.022442 0.017297
0 0.407673 0.539897 0.017502 0.014101
1 0.463741 0.528573 0.019652 0.015822
0 0.481528 0.470362 0.014484 0.011103
0 0.692606 0.510391 0.018591 0.013947
0 0.220564 0.442209 0.017572 0.012413
0 0.546277 0.468630 0.015988 0.011781
0 0.769478 0.428879 0.019273 0.014795
0 0.566308 0.447081 0.019761 0.014462
0 0.563302 0.371271 0.017234 0.012910
0 0.730237 0.443725 0.017297 0.013047
0 0.315579 0.484142 0.016449 0.012708
0 0.182895 0.478036 0.015470 0.012187
0 0.452738 0.870046 0.024131 0.018139
0 0.532223 0.416844 0.021966 0.015211
0 0.435336 0.385474 0.020353 0.014183
0 0.357893 0.878016 0.022080 0.017180
0 0.282401 0.705997 0.024139 0.018180
0 0.709455 0.596355 0.018800 0.014070
0 0.379270 0.419990 0.021084 0.015809
0 0.437807 0.746745 0.020924 0.017316
0 0.530109 0.721634 0.019691 0.014840
0 0.683049 0.418615 0.018915 0.015302
1 0.470842 0.410981 0.041882 0.032692
1 0.670178 0.759052 0.042398 0.034372
0 0.199226 0.804419 0.017525 0.014255
0 0.282813 0.500014 0.020110 0.016448
0 0.393320 0.378068 0.015986 0.011272
0 0.427062 0.489210 0.019701 0.017107
0 0.467138 0.899000 0.028103 0.021167
0 0.499833 0.534580 0.015268 0.011137
0 0.464887 0.454335 0.013209 0.010970
0 0.341637 0.600587 0.014565 0.012699
0 0.656673 0.564833 0.016094 0.013381
0 0.600980 0.422197 0.015609 0.012256
0 0.394713 0.589732 0.020518 0.014897
0 0.734700 0.488137 0.018007 0.014848
1 0.260002 0.565044 0.029808 0.023741
0 0.759218 0.660995 0.018456 0.014194
0 0.533255 0.616073 0.018239 0.013380
0 0.217468 0.819359 0.016363 0.012685
0 0.379211 0.835391 0.017266 0.014159
0 0.695449 0.798358 0.021466 0.018617
0 0.232180 0.844576 0.020322 0.021673
0 0.715917 0.465215 0.016159 0.012654
0 0.751205 0.411600 0.016564 0.013951
0 0.778139 0.632616 0.015572 0.013430
0 0.368408 0.534220 0.015307 0.011413
0 0.242435 0.425234 0.014701 0.012700
0 0.531674 0.676144 0.020497 0.015576
0 0.377598 0.636072 0.016011 0.012606
0 0.600607 0.553482 0.015806 0.011622
0 0.515183 0.357163 0.018953 0.013881
0 0.400751 0.405732 0.020179 0.014005
0 0.393380 0.323912 0.014384 0.011365
0 0.442260 0.319553 0.015418 0.011883
0 0.624343 0.405911 0.018877 0.016689
0 0.566968 0.855026 0.019046 0.017204
0 0.241240 0.732465 0.014868 0.013696
0 0.492514 0.938689 0.033513 0.024264
0 0.484091 0.520708 0.015802 0.013226
0 0.321453 0.359244 0.015433 0.012731
0 0.212544 0.412186 0.020699 0.018532
0 0.239493 0.805686 0.018431 0.014967
0 0.468435 0.612534 0.018212 0.013450
0 0.539002 0.671313 0.020623 0.017244
0 0.463154 0.636055 0.013245 0.009779
1 0.835000 0.564657 0.038968 0.026919