0 0.461330 0.775225 0.014358 0.011050
0 0.458936 0.738002 0.013737 0.011019
0 0.228965 0.565453 0.020287 0.013784
0 0.060470 0.468041 0.017668 0.014550
0 0.376614 0.414658 0.014193 0.010468
0 0.336595 0.406264 0.013105 0.010157
1 0.236275 0.459639 0.048681 0.036927
0 0.151686 0.461114 0.013174 0.010148
0 0.177774 0.553379 0.015864 0.012518
0 0.500899 0.382652 0.014586 0.011258
1 0.688613 0.416407 0.047455 0.036597
0 0.524602 0.489657 0.014190 0.010870
0 0.497416 0.714212 0.012732 0.009968
0 0.412239 0.551605 0.013321 0.010916
1 0.143684 0.599288 0.052087 0.041056
0 0.474926 0.336805 0.014484 0.010702
0 0.327282 0.736579 0.011680 0.009769
0 0.064368 0.418298 0.018135 0.013748
0 0.418167 0.283036 0.012767 0.010587
0 0.252363 0.664409 0.016143 0.012891
0 0.142293 0.360799 0.013998 0.011910
0 0.096475 0.464739 0.014582 0.010688
0 0.200161 0.534151 0.015320 0.011643
0 0.344325 0.589265 0.014759 0.011296
0 0.418969 0.695563 0.013074 0.009557
0 0.412686 0.741504 0.013392 0.010750
0 0.379408 0.771571 0.016240 0.012739
0 0.127098 0.485669 0.017569 0.015833
0 0.092711 0.654225 0.012611 0.010186
0 0.294664 0.725668 0.013263 0.010999
0 0.697856 0.634822 0.013334 0.010946
0 0.107164 0.575733 0.011564 0.009617
0 0.168338 0.439069 0.013802 0.010467
0 0.497493 0.454558 0.016679 0.010991
0 0.331749 0.602478 0.014254 0.011230
0 0.540322 0.599102 0.014181 0.010698
0 0.206468 0.332499 0.013062 0.010608
0 0.284220 0.851003 0.021234 0.015747
0 0.681634 0.670238 0.013690 0.010685
0 0.367569 0.563966 0.016535 0.014322
0 0.275399 0.778235 0.017129 0.013033
0 0.454111 0.420121 0.013128 0.009206
0 0.479632 0.541401 0.020646 0.013442
0 0.530006 0.656921 0.013256 0.010678
0 0.432615 0.681096 0.013129 0.010572
0 0.209124 0.504984 0.020782 0.014020
0 0.604688 0.355301 0.017030 0.012368
0 0.475508 0.505230 0.017228 0.014648
0 0.254774 0.635321 0.016233 0.011825
0 0.172236 0.508959 0.014841 0.012080
0 0.357246 0.429968 0.013569 0.010162
0 0.088337 0.390399 0.021969 0.016278
0 0.382203 0.515280 0.012094 0.009466
0 0.304597 0.691258 0.013887 0.011307
0 0.533349 0.468986 0.016717 0.015088
0 0.545692 0.427213 0.015876 0.012067
0 0.156528 0.413135 0.024687 0.015610
0 0.284182 0.570976 0.015073 0.015091
0 0.209886 0.375851 0.016037 0.011512
0 0.508757 0.558918 0.015960 0.013857
1 0.050074 0.571319 0.050046 0.038722
0 0.511096 0.581983 0.018934 0.014076
0 0.577234 0.476095 0.012152 0.009341
0 0.459343 0.381891 0.017935 0.018610
0 0.248398 0.388776 0.016863 0.013383
1 0.181517 0.716153 0.049017 0.040747
0 0.605813 0.615955 0.011219 0.008987
0 0.684717 0.651040 0.012873 0.009614
0 0.570249 0.658134 0.011947 0.009185
0 0.486601 0.359839 0.015677 0.010184
0 0.341073 0.748899 0.011067 0.009496
0 0.313826 0.827372 0.017621 0.012001
0 0.649555 0.617905 0.011126 0.009004
0 0.513811 0.675477 0.014790 0.013123
0 0.147398 0.670419 0.014919 0.011512
0 0.445591 0.660391 0.012201 0.008956
0 0.552235 0.740329 0.016070 0.010730
0 0.587510 0.406754 0.020194 0.014390
0 0.188014 0.652380 0.013780 0.010356
0 0.531099 0.572521 0.014493 0.012061
0 0.450231 0.284821 0.011863 0.009501
0 0.654154 0.590773 0.012626 0.010064
0 0.065458 0.510282 0.013064 0.010557
0 0.433485 0.435446 0.015214 0.011091
0 0.519663 0.747860 0.011532 0.009235
0 0.258707 0.329033 0.013475 0.013019
0 0.595713 0.801322 0.016064 0.012515
0 0.185954 0.484496 0.020939 0.013024
0 0.391706 0.438039 0.013990 0.010393
0 0.513098 0.698834 0.013855 0.012091
0 0.186335 0.799431 0.013850 0.010696
0 0.610351 0.445489 0.012091 0.010008
0 0.270938 0.822918 0.015245 0.010938
0 0.506523 0.770011 0.017138 0.012822
0 0.533911 0.370551 0.021220 0.015577
0 0.446469 0.623540 0.013149 0.010056
0 0.423175 0.652456 0.014407 0.012226
0 0.277597 0.605992 0.016766 0.012318
0 0.468189 0.646642 0.014177 0.012325
0 0.276127 0.387084 0.016857 0.015940
0 0.529629 0.442442 0.013253 0.011222
0 0.105311 0.435204 0.013682 0.012037
0 0.639385 0.652873 0.010931 0.009651
0 0.515178 0.798265 0.015522 0.013031
0 0.585949 0.642881 0.012805 0.010770
0 0.547681 0.772080 0.018770 0.012728
0 0.306763 0.416634 0.013564 0.010067
0 0.590925 0.453337 0.013321 0.010749
0 0.571021 0.623583 0.011505 0.009818
0 0.065681 0.637786 0.012463 0.010261
0 0.083199 0.618043 0.014495 0.012015
0 0.638860 0.500373 0.012689 0.010423
0 0.333240 0.827994 0.017778 0.012727
0 0.123468 0.704919 0.011422 0.009131
0 0.414752 0.624388 0.013405 0.012889
0 0.649652 0.466597 0.011987 0.009349
0 0.376200 0.363098 0.020410 0.018314
0 0.425257 0.388464 0.017141 0.013551
0 0.148303 0.686012 0.013190 0.010604
0 0.413789 0.513242 0.020769 0.016672
0 0.496905 0.431979 0.020359 0.012394
0 0.297436 0.818151 0.015443 0.010103
0 0.469718 0.302632 0.011147 0.009612
0 0.248944 0.840073 0.021773 0.016944
0 0.282651 0.740559 0.016726 0.010404
0 0.537229 0.308451 0.015022 0.012762
0 0.425042 0.363964 0.026581 0.017460
0 0.299887 0.367589 0.018878 0.017470
0 0.302669 0.597767 0.018941 0.014300
0 0.639145 0.641108 0.011773 0.008797
0 0.514668 0.355793 0.016404 0.011824
0 0.025406 0.646735 0.011658 0.009558
0 0.243264 0.597792 0.010238 0.009009
0 0.559619 0.523660 0.020674 0.015262
1 0.189023 0.760976 0.047212 0.035088
0 0.582003 0.812624 0.013535 0.011533
0 0.363882 0.279444 0.012739 0.009681
0 0.486207 0.525345 0.013184 0.010599
0 0.399575 0.595403 0.011374 0.009258
0 0.156575 0.392942 0.011671 0.009479
1 0.300991 0.526766 0.049798 0.042017
1 0.371019 0.652817 0.003112 0.000000
1 0.750726 0.490585 0.040461 0.030345
1 0.498571 0.827645 0.060680 0.049011