0 0.415343 0.697093 0.021254 0.017171
0 0.479948 0.521086 0.020722 0.016251
0 0.366112 0.842190 0.024499 0.018836
0 0.765368 0.623713 0.020991 0.015459
0 0.460846 0.421114 0.022461 0.017767
0 0.427565 0.372575 0.018237 0.014392
0 0.724758 0.484320 0.020704 0.016383
0 0.589169 0.492452 0.022194 0.016766
0 0.279322 0.732430 0.024502 0.017280
0 0.516500 0.422111 0.022058 0.017530
0 0.390357 0.818956 0.024654 0.018892
0 0.659525 0.847454 0.027854 0.022350
0 0.806853 0.669432 0.020791 0.017457
0 0.505775 0.481588 0.019836 0.014367
0 0.401037 0.770923 0.021100 0.016161
0 0.602027 0.598527 0.020518 0.015240
0 0.757629 0.674837 0.021000 0.015766
0 0.690644 0.435402 0.023085 0.015456
0 0.678256 0.523801 0.018810 0.014485
0 0.322710 0.539622 0.024011 0.017168
0 0.755774 0.572176 0.019226 0.014792
0 0.222719 0.627208 0.021074 0.015797
0 0.297976 0.600204 0.023365 0.017567
0 0.719108 0.807626 0.025132 0.020864
0 0.521145 0.505152 0.021480 0.016235
0 0.850333 0.666061 0.021591 0.016699
0 0.341830 0.387050 0.018046 0.015513
0 0.324396 0.639834 0.019677 0.016009
0 0.426910 0.558923 0.021151 0.016024
0 0.768664 0.797663 0.023348 0.018781
0 0.348945 0.755364 0.025439 0.020056
0 0.549642 0.772629 0.025164 0.019863
0 0.764330 0.591675 0.019921 0.015520
0 0.301811 0.448039 0.025726 0.020203
0 0.475247 0.737467 0.033470 0.021038
1 0.426516 0.608144 0.048383 0.037518
0 0.585076 0.572008 0.019164 0.015345
1 0.647606 0.543583 0.022921 0.022553
0 0.498785 0.456097 0.016576 0.011732
0 0.257487 0.465112 0.016523 0.013833
0 0.298640 0.659946 0.019337 0.014772
0 0.757299 0.719170 0.024321 0.019062
0 0.711396 0.615711 0.018835 0.015944
0 0.657720 0.412708 0.014397 0.012862
0 0.617724 0.367273 0.015971 0.013358
0 0.261051 0.508462 0.018597 0.015123
0 0.512375 0.522551 0.020023 0.014043
0 0.443067 0.645358 0.015667 0.012744
0 0.534576 0.647136 0.016350 0.014519
0 0.494489 0.584851 0.014626 0.012018
0 0.493868 0.599921 0.014296 0.012595
1 0.645962 0.721253 0.059450 0.063924
0 0.720865 0.589297 0.017230 0.013144
0 0.728931 0.523936 0.016019 0.013587
0 0.363364 0.602850 0.033786 0.025922
0 0.553108 0.923778 0.025640 0.017264
0 0.398743 0.387442 0.015575 0.014095
0 0.837791 0.558368 0.019475 0.014793
0 0.496601 0.759493 0.033770 0.029119
0 0.673436 0.630086 0.017170 0.014238
0 0.714960 0.858624 0.019313 0.016065
0 0.519451 0.336212 0.016151 0.011852
0 0.834295 0.535015 0.017639 0.013983
0 0.312537 0.577625 0.018656 0.014623
0 0.531933 0.863546 0.026934 0.022007
0 0.671869 0.667888 0.032497 0.023965
0 0.513757 0.682186 0.018719 0.016062
0 0.515079 0.517132 0.021923 0.020930
0 0.815624 0.583942 0.016556 0.014619
1 0.851229 0.719557 0.001205 0.000000