0 0.946304 0.075293 0.025945 0.030583
0 0.302149 0.432352 0.024283 0.028018
0 0.572267 0.967209 0.018374 0.021453
0 0.402221 0.532797 0.021780 0.025754
0 0.287893 0.870606 0.017931 0.021646
0 0.603301 0.796019 0.019374 0.022289
0 0.455567 0.531933 0.021136 0.024454
0 0.492716 0.693987 0.021884 0.025900
0 0.721032 0.471405 0.021316 0.024962
0 0.792097 0.439784 0.023739 0.026422
0 0.274411 0.554801 0.030885 0.029547
0 0.821796 0.546924 0.020632 0.023866
0 0.180835 0.224683 0.024161 0.027812
0 0.769449 0.462314 0.024106 0.027862
0 0.153354 0.500939 0.019825 0.021696
0 0.396970 0.232373 0.022881 0.026052
0 0.434645 0.703413 0.021410 0.024129
0 0.504877 0.896852 0.021851 0.026798
0 0.251358 0.247966 0.026287 0.027844
0 0.479658 0.651765 0.019294 0.021779
0 0.576901 0.880751 0.016250 0.018781
0 0.846727 0.435311 0.019249 0.023259
0 0.543600 0.358322 0.031487 0.035331
0 0.552230 0.688039 0.018554 0.024411
0 0.665624 0.793962 0.015731 0.018053
0 0.678798 0.417854 0.021933 0.024397
0 0.411825 0.416507 0.028505 0.031975
0 0.437576 0.747874 0.018692 0.022131
0 0.317610 0.750597 0.018417 0.022554
0 0.860111 0.508292 0.020721 0.024585
0 0.878980 0.806473 0.016774 0.018841
0 0.986029 0.211767 0.021715 0.025690
0 0.696933 0.500828 0.019606 0.022940
0 0.288588 0.668616 0.019522 0.022887
0 0.576826 0.075484 0.023886 0.026086
0 0.767179 0.673467 0.016357 0.019563
0 0.779314 0.556449 0.019162 0.023765
0 0.858194 0.684315 0.016255 0.017785
0 0.376285 0.297022 0.026018 0.030918
0 0.795805 0.362258 0.021672 0.026389
1 0.841908 0.329794 0.050020 0.055089
0 0.511094 0.042684 0.023550 0.025677
0 0.264180 0.760491 0.016687 0.019934
0 0.534542 0.711060 0.019525 0.025026
0 0.888443 0.690826 0.015957 0.018929
0 0.683983 0.605212 0.021116 0.025411
0 0.480616 0.242971 0.023433 0.028440
0 0.532615 0.662086 0.017515 0.023020
0 0.142634 0.569371 0.019940 0.022653
0 0.985207 0.414169 0.019949 0.023905
0 0.982235 0.669236 0.018230 0.020152
0 0.460586 0.819638 0.016488 0.017825
0 0.955791 0.344349 0.019734 0.024857
0 0.964052 0.440596 0.018618 0.023217
0 0.798656 0.702934 0.016455 0.018913
0 0.692367 0.677253 0.018976 0.024317
0 0.859038 0.871574 0.015734 0.018046
0 0.835839 0.471197 0.019389 0.022531
0 0.823828 0.709926 0.017802 0.020340
0 0.649245 0.199192 0.024580 0.028558
0 0.937110 0.593993 0.014900 0.016887
0 0.528193 0.766264 0.016243 0.019064
0 0.549334 0.761611 0.015376 0.017473
0 0.795117 0.654914 0.023238 0.021418
0 0.954824 0.719759 0.014976 0.017264
0 0.715029 0.746826 0.022502 0.020799
0 0.962175 0.792132 0.017001 0.023737
0 0.552494 0.138959 0.023016 0.026326
0 0.892741 0.952389 0.015745 0.017584
0 0.359376 0.857158 0.018050 0.021238
0 0.578692 0.765826 0.018001 0.021160
0 0.493089 0.820080 0.016580 0.020250
0 0.716214 0.634850 0.024801 0.022905
0 0.297948 0.728305 0.015958 0.018086
0 0.638906 0.810675 0.015755 0.019182
0 0.974576 0.637170 0.015601 0.017088
0 0.395759 0.989468 0.020332 0.021064
0 0.400961 0.142523 0.018949 0.022653
0 0.633921 0.706248 0.016241 0.018090
0 0.908456 0.878735 0.015131 0.016894
0 0.422649 0.123173 0.018208 0.019456
0 0.267276 0.681144 0.016646 0.018253
0 0.748986 0.865055 0.014141 0.016261
0 0.750357 0.832945 0.016055 0.017715
0 0.768310 0.367573 0.026383 0.027099
0 0.692700 0.451478 0.021789 0.023667
0 0.235734 0.789829 0.015539 0.016945
0 0.372320 0.196310 0.023028 0.026064
0 0.719954 0.601482 0.022769 0.028496
0 0.832206 0.892615 0.014175 0.015855
0 0.174290 0.363573 0.019195 0.021542
0 0.976599 0.481410 0.016785 0.019775
0 0.590153 0.935614 0.015620 0.018065
0 0.228726 0.704051 0.028129 0.029282
0 0.922799 0.357869 0.023808 0.028859
0 0.389149 0.646831 0.018484 0.023914
0 0.978691 0.585655 0.017675 0.021191
0 0.145182 0.626554 0.020591 0.021961
0 0.610205 0.986121 0.019712 0.021887
0 0.957144 0.571791 0.019812 0.022701
0 0.421843 0.592811 0.020891 0.024188
0 0.830266 0.861708 0.014509 0.016677
0 0.501956 0.603967 0.017560 0.021977
0 0.758527 0.566701 0.022676 0.025168
0 0.786571 0.852492 0.015285 0.016333
0 0.330477 0.207468 0.019459 0.022192
0 0.731777 0.813842 0.015843 0.017898
0 0.972293 0.029932 0.022833 0.026525
0 0.113821 0.245900 0.017448 0.019596
0 0.396041 0.676155 0.021422 0.024299
0 0.136832 0.540918 0.016701 0.020906
0 0.628937 0.674682 0.016212 0.017623
0 0.814140 0.955100 0.014341 0.016494
0 0.239767 0.645789 0.026466 0.029194
0 0.341125 0.130264 0.020743 0.023073
0 0.366122 0.580613 0.024015 0.031418
0 0.146919 0.267627 0.022270 0.024213
0 0.771977 0.753561 0.014583 0.015949
0 0.443131 0.279918 0.033492 0.042997
0 0.394564 0.921648 0.023835 0.021347
0 0.772547 0.958214 0.014830 0.015855
0 0.357612 0.161890 0.022382 0.021240
0 0.927854 0.227248 0.020909 0.023749
0 0.405402 0.630031 0.023795 0.028088
0 0.710192 0.839307 0.014194 0.015260
0 0.346926 0.357692 0.025175 0.035801
0 0.710884 0.802611 0.014736 0.014920
0 0.275179 0.792126 0.021276 0.023695
0 0.564981 0.802764 0.016376 0.022581
0 0.664642 0.454553 0.020880 0.024408
0 0.926083 0.711349 0.015112 0.017281
1 0.581495 0.018230 0.069447 0.036460
0 0.249764 0.820996 0.016656 0.017474
0 0.411142 0.863592 0.019283 0.021529
0 0.831633 0.760491 0.014956 0.017280
0 0.633285 0.742540 0.025679 0.023071
0 0.857708 0.786903 0.015123 0.016983
0 0.642780 0.740108 0.028047 0.022371
0 0.760074 0.790728 0.018400 0.023728
0 0.873246 0.554514 0.019325 0.024873
0 0.918991 0.779636 0.015339 0.016798
0 0.967985 0.147487 0.022101 0.025678
0 0.902466 0.554682 0.018043 0.023461
0 0.469397 0.891728 0.016348 0.019332
0 0.103796 0.566502 0.017540 0.020325
0 0.841890 0.654103 0.018788 0.022007
0 0.514379 0.826716 0.018686 0.023185
0 0.879267 0.245821 0.023177 0.023550
0 0.961779 0.506155 0.020650 0.018542
0 0.731280 0.891894 0.013848 0.014839
0 0.894088 0.374645 0.019526 0.022553
0 0.859526 0.599796 0.023287 0.030240
0 0.470173 0.938072 0.020284 0.026374
0 0.447923 0.079381 0.021138 0.025511
0 0.744773 0.548288 0.016926 0.023564
0 0.909705 0.531335 0.018144 0.021449
0 0.773409 0.905332 0.014094 0.017032
0 0.985770 0.534890 0.020443 0.023310
0 0.518307 0.621072 0.017301 0.021135
1 0.593545 0.556052 0.154950 0.159188
0 0.924333 0.462504 0.018697 0.025359
0 0.306660 0.030024 0.022855 0.025243
0 0.805923 0.904040 0.015535 0.018358
0 0.197719 0.394180 0.024688 0.027161
0 0.788099 0.957110 0.013960 0.013850
0 0.635606 0.867611 0.015305 0.017144
0 0.374668 0.933467 0.018351 0.020974
0 0.722764 0.575420 0.018069 0.021313
0 0.794939 0.735942 0.020468 0.025642
0 0.314945 0.331563 0.020125 0.025653
0 0.936586 0.008268 0.024994 0.016536
0 0.345720 0.330398 0.020918 0.028820
0 0.447433 0.913002 0.015808 0.018315
0 0.719761 0.938211 0.014141 0.016112
0 0.303379 0.304128 0.030576 0.035740
0 0.662250 0.668604 0.022347 0.032541
0 0.176018 0.182573 0.018071 0.020850
0 0.270829 0.809943 0.020304 0.031079
0 0.793847 0.994682 0.013126 0.010636
0 0.862195 0.648823 0.014828 0.017437
0 0.864665 0.275331 0.018251 0.024102
0 0.994612 0.465291 0.010775 0.021309
0 0.405604 0.604666 0.019345 0.022474
0 0.938947 0.168295 0.035085 0.042784
0 0.182667 0.340840 0.017183 0.019512
0 0.272082 0.216001 0.025279 0.026054
0 0.395926 0.863844 0.018565 0.019441
0 0.878062 0.637404 0.014408 0.016837
0 0.805598 0.748690 0.016634 0.017787
0 0.907920 0.606784 0.015070 0.019490
0 0.958576 0.852840 0.019027 0.027883
0 0.412182 0.313178 0.021728 0.025111
0 0.633277 0.624782 0.015718 0.017381
0 0.670452 0.823063 0.018678 0.018100
0 0.247279 0.150835 0.016741 0.018631
0 0.425742 0.048681 0.016232 0.016902
0 0.699561 0.539851 0.019999 0.022525
0 0.386270 0.730088 0.021759 0.024707
0 0.402714 0.076647 0.021064 0.025674
0 0.925770 0.270977 0.022254 0.022761
0 0.512398 0.131243 0.022703 0.027817
0 0.901437 0.615367 0.017230 0.018870
0 0.508592 0.840668 0.021350 0.024955
0 0.738600 0.954996 0.013320 0.014851
0 0.578292 0.836272 0.015659 0.019473
0 0.895873 0.653605 0.015418 0.016549
0 0.486982 0.066173 0.022340 0.022972
0 0.900282 0.482128 0.018667 0.020071
0 0.955730 0.538417 0.015070 0.015868
0 0.722424 0.983707 0.016331 0.020749
0 0.315736 0.679814 0.020932 0.026480
0 0.666090 0.658385 0.025663 0.036080
0 0.704851 0.750005 0.019114 0.019323
0 0.497320 0.181925 0.024072 0.026204
0 0.469073 0.730625 0.028519 0.026698
0 0.772774 0.854903 0.015909 0.014651
0 0.753645 0.560566 0.026069 0.030459
0 0.381088 0.107293 0.016176 0.016639
0 0.605674 0.852534 0.019020 0.020008
0 0.993729 0.894171 0.012541 0.015536
0 0.883027 0.772957 0.015729 0.016607
0 0.479084 0.154012 0.022827 0.026046
0 0.762983 0.889414 0.013418 0.014073
0 0.277556 0.211142 0.021504 0.022902
0 0.892582 0.737342 0.016139 0.019218
0 0.344000 0.344411 0.025749 0.042349
0 0.586972 0.812897 0.015364 0.015573
1 0.583731 0.553350 0.216641 0.276518
1 0.607126 0.490686 0.110313 0.077482
0 0.265582 0.131615 0.014774 0.016007
0 0.969717 0.240360 0.017854 0.022536
0 0.671610 0.009129 0.036125 0.018257
0 0.373804 0.068661 0.016384 0.019678
0 0.388396 0.925199 0.021506 0.021578
0 0.431230 0.269767 0.036017 0.038462
0 0.691863 0.987070 0.014470 0.017439
0 0.875332 0.493552 0.015895 0.018463
0 0.453318 0.072380 0.022521 0.025498