0 0.581913 0.432259 0.016371 0.012873
0 0.148788 0.554207 0.017097 0.014230
0 0.491764 0.584623 0.021614 0.016406
1 0.470286 0.760992 0.047893 0.038047
0 0.230797 0.541205 0.019304 0.015230
0 0.492030 0.791878 0.019923 0.015046
0 0.657463 0.758666 0.019583 0.014978
0 0.397743 0.542078 0.017532 0.013429
0 0.479288 0.651599 0.018729 0.014282
1 0.702575 0.540676 0.048221 0.038108
0 0.680480 0.731258 0.017454 0.013313
0 0.383208 0.624248 0.016868 0.013429
0 0.482963 0.348322 0.017384 0.016594
0 0.520464 0.324307 0.016175 0.012531
0 0.255184 0.371800 0.018902 0.015071
0 0.508790 0.669037 0.018379 0.014489
0 0.462507 0.427338 0.017749 0.013449
0 0.619689 0.411810 0.019748 0.014123
0 0.437856 0.597477 0.021856 0.016146
0 0.582055 0.362336 0.018065 0.013751
0 0.299645 0.466737 0.016196 0.013243
0 0.253097 0.676235 0.015354 0.011948
0 0.538331 0.720213 0.017753 0.013635
0 0.431064 0.834980 0.020859 0.016557
0 0.457301 0.684114 0.018399 0.014307
0 0.227828 0.685183 0.014055 0.010692
0 0.394858 0.567542 0.019335 0.014367
0 0.299466 0.399741 0.017677 0.014240
0 0.396033 0.521959 0.016473 0.012716
0 0.464549 0.468755 0.019254 0.015828
0 0.586545 0.387026 0.015002 0.011884
0 0.292731 0.589269 0.019088 0.014755
0 0.528626 0.522697 0.021500 0.015824
0 0.430214 0.309059 0.018719 0.014257
0 0.401899 0.479683 0.015362 0.012041
0 0.152064 0.386813 0.017127 0.015199
0 0.435387 0.564121 0.016361 0.012598
0 0.348096 0.857489 0.028924 0.021616
0 0.240722 0.460231 0.013656 0.013252
0 0.634531 0.365916 0.016528 0.013583
0 0.328342 0.365067 0.016535 0.012485
0 0.379173 0.649704 0.017091 0.012917
1 0.388269 0.414972 0.041012 0.028546
0 0.398860 0.434945 0.016263 0.011652
0 0.615868 0.514823 0.018232 0.014291
0 0.122923 0.726750 0.014468 0.011193
0 0.150388 0.443360 0.017205 0.013895
0 0.197289 0.468146 0.017582 0.014213
0 0.299263 0.352819 0.019491 0.015320
0 0.499311 0.303515 0.018321 0.015219
0 0.191757 0.583257 0.013834 0.011635
0 0.451809 0.545032 0.015858 0.012497
0 0.331126 0.389310 0.021877 0.018574
0 0.458409 0.863535 0.025796 0.020185
0 0.257329 0.347613 0.021467 0.012644
0 0.111550 0.642728 0.017040 0.014792
0 0.232407 0.573305 0.013106 0.009715
0 0.074913 0.729852 0.014404 0.011596
0 0.415057 0.288220 0.017243 0.013831
0 0.109844 0.405902 0.015899 0.013569
0 0.101639 0.490802 0.017438 0.012728
0 0.356450 0.681664 0.017340 0.012920
0 0.293615 0.334116 0.016098 0.016043
0 0.426544 0.336691 0.014063 0.013878
0 0.140511 0.660332 0.014161 0.011722
0 0.119661 0.435976 0.017017 0.013894
0 0.341012 0.426778 0.016603 0.013423
0 0.325115 0.657468 0.016137 0.012785
1 0.305468 0.649143 0.076326 0.092997
0 0.072454 0.460701 0.014049 0.011514
0 0.188788 0.562771 0.014770 0.011066