0 0.511341 0.234708 0.016665 0.013296
0 0.492498 0.603491 0.015229 0.012619
0 0.630422 0.263687 0.017673 0.012770
0 0.532227 0.730297 0.018838 0.014174
0 0.561821 0.654515 0.016389 0.012309
0 0.210705 0.352674 0.020848 0.015936
0 0.767751 0.609355 0.017602 0.013814
0 0.423758 0.238897 0.016896 0.013618
0 0.628407 0.659793 0.017282 0.012242
0 0.562472 0.165890 0.017391 0.013092
0 0.706671 0.450944 0.014814 0.011417
0 0.419547 0.524152 0.016557 0.013247
0 0.384112 0.251427 0.015158 0.012272
0 0.581774 0.590647 0.016281 0.012933
0 0.552502 0.389134 0.017360 0.013013
0 0.315028 0.532841 0.019526 0.015029
0 0.846983 0.345592 0.020059 0.015479
0 0.865197 0.531983 0.016311 0.011547
0 0.256839 0.469584 0.014947 0.011389
0 0.292364 0.555615 0.017941 0.013157
0 0.481654 0.204239 0.017489 0.013879
0 0.228351 0.437830 0.015162 0.012087
0 0.679454 0.732098 0.019625 0.013574
0 0.590609 0.204695 0.017679 0.015854
0 0.723857 0.197176 0.018191 0.014713
0 0.693538 0.302870 0.020070 0.014180
0 0.246230 0.343892 0.019122 0.015436
0 0.869090 0.360303 0.016618 0.012899
0 0.674160 0.176565 0.016940 0.013671
0 0.733544 0.383115 0.016389 0.013799
0 0.378502 0.510844 0.022260 0.015965
0 0.465109 0.613157 0.017437 0.013519
0 0.540372 0.255686 0.015033 0.012355
0 0.607231 0.737527 0.018282 0.013556
0 0.652733 0.568628 0.014508 0.010458
0 0.520661 0.406052 0.019937 0.016558
0 0.415363 0.423203 0.019835 0.015357
0 0.438506 0.334631 0.024761 0.019110
0 0.634523 0.163027 0.015650 0.012195
0 0.601626 0.675943 0.016553 0.012323
0 0.260073 0.557134 0.015256 0.011581
0 0.732157 0.624849 0.016511 0.013437
0 0.568272 0.754418 0.023098 0.017426
0 0.268224 0.398446 0.020608 0.015861
0 0.734986 0.690577 0.017203 0.013375
0 0.873210 0.276316 0.018064 0.014159
0 0.773225 0.243547 0.019794 0.015623
0 0.875606 0.336545 0.015871 0.012727
0 0.447742 0.541151 0.019326 0.015207
0 0.348575 0.590991 0.015306 0.011923
0 0.628083 0.724763 0.024563 0.016234
0 0.559894 0.414393 0.018041 0.012868
0 0.309740 0.310226 0.013343 0.010938
0 0.775761 0.656771 0.018206 0.013473
0 0.283307 0.507008 0.013431 0.010169
0 0.918674 0.377558 0.014809 0.012114
0 0.794473 0.227243 0.023114 0.018445
0 0.301260 0.285491 0.016664 0.012124
0 0.550973 0.486007 0.017630 0.014220
0 0.398972 0.320230 0.012481 0.009999
0 0.637659 0.584528 0.018949 0.015872
0 0.458503 0.256034 0.022905 0.015811
0 0.733544 0.592851 0.015614 0.012295
0 0.225823 0.473327 0.014460 0.011766
0 0.462508 0.297712 0.021033 0.014584
0 0.507548 0.676407 0.019932 0.015094
0 0.232795 0.293380 0.017347 0.013446
0 0.484505 0.552683 0.015850 0.012618
0 0.402391 0.589122 0.017685 0.013483
1 0.870337 0.484199 0.052390 0.041211
0 0.600475 0.452534 0.017595 0.014400
0 0.822554 0.446445 0.014256 0.011153
0 0.356647 0.436722 0.024352 0.018351
0 0.303640 0.251891 0.016280 0.012500
0 0.282457 0.596416 0.015503 0.012783
0 0.332360 0.571631 0.019097 0.014089
0 0.749166 0.419891 0.019837 0.015962
0 0.616559 0.642492 0.011269 0.008851
0 0.509731 0.323495 0.022506 0.017506
0 0.442749 0.360728 0.015775 0.013097
0 0.575550 0.256856 0.013715 0.011584
0 0.563844 0.504025 0.015762 0.011915
0 0.598015 0.175410 0.013558 0.012258
0 0.620322 0.596437 0.016206 0.011537
0 0.363499 0.238733 0.013375 0.010665
0 0.787492 0.464559 0.027390 0.017847
0 0.909653 0.338555 0.018933 0.016119
0 0.537391 0.187417 0.015402 0.015453
0 0.695455 0.270796 0.022026 0.020278
0 0.279758 0.307700 0.013777 0.010504
0 0.446221 0.198058 0.023882 0.016945
0 0.813915 0.482639 0.016508 0.012395
0 0.795274 0.286871 0.015000 0.012326
0 0.701539 0.325772 0.014122 0.010408
0 0.722986 0.307976 0.018270 0.017035
0 0.418261 0.647636 0.018680 0.015087
0 0.610753 0.711576 0.016432 0.013494
0 0.607407 0.362121 0.020544 0.015055
0 0.785253 0.347046 0.018124 0.014778
0 0.462073 0.278939 0.019060 0.014894
0 0.652515 0.386502 0.019433 0.013048
0 0.352677 0.397145 0.015482 0.013873
0 0.250867 0.368159 0.015363 0.011459
0 0.740845 0.513423 0.018883 0.014529
0 0.293130 0.267197 0.016241 0.012722
0 0.756520 0.664618 0.019225 0.013365
0 0.506070 0.542377 0.021098 0.017492
0 0.411314 0.354827 0.014764 0.011121
0 0.281751 0.643304 0.016537 0.012969
0 0.508875 0.619139 0.012987 0.010340
0 0.777450 0.423449 0.019942 0.013797
0 0.365052 0.529948 0.014092 0.010138
0 0.298368 0.612896 0.018078 0.015945
0 0.672641 0.673337 0.022782 0.018035
0 0.684006 0.534593 0.011937 0.009900
0 0.632184 0.502984 0.022967 0.016891
0 0.499901 0.569785 0.014352 0.010777
0 0.805857 0.561342 0.014798 0.010874
0 0.865113 0.571055 0.016550 0.013148
0 0.204225 0.486135 0.015284 0.011738
0 0.441011 0.498938 0.011859 0.008844
0 0.657572 0.250773 0.013811 0.010948
0 0.414717 0.615292 0.012240 0.009684
0 0.338731 0.618558 0.013995 0.010760
0 0.467754 0.168142 0.013411 0.011048
0 0.701428 0.692996 0.013798 0.010452
0 0.958018 0.432322 0.014452 0.011636
0 0.492166 0.424390 0.013343 0.011542
0 0.557447 0.704740 0.015197 0.012261
0 0.332401 0.644421 0.020077 0.022092
0 0.256066 0.528376 0.014204 0.012549
0 0.564673 0.682097 0.021770 0.015609
0 0.371967 0.275023 0.014677 0.011771
0 0.647008 0.308982 0.014724 0.012690
0 0.524485 0.433773 0.013097 0.010644
0 0.550849 0.620030 0.010766 0.008213
0 0.924059 0.435892 0.013908 0.010530
0 0.798979 0.527383 0.012439 0.010616
0 0.745959 0.640230 0.014931 0.011012
0 0.424463 0.406021 0.014830 0.011344
0 0.300718 0.449911 0.014152 0.011719
0 0.734679 0.539057 0.016162 0.012569
0 0.618656 0.687268 0.013444 0.009396
0 0.737365 0.500638 0.018394 0.015711
0 0.910392 0.428156 0.013384 0.010817
0 0.316301 0.343195 0.013558 0.010849
0 0.615103 0.554941 0.012019 0.009900
0 0.487622 0.511236 0.016253 0.016483
0 0.267061 0.264317 0.017811 0.014145
0 0.646514 0.352514 0.026741 0.021470
0 0.831982 0.565491 0.016149 0.014321
0 0.583328 0.693958 0.018131 0.014105
0 0.692369 0.507757 0.018111 0.017052
0 0.856170 0.633975 0.015394 0.009994
0 0.314015 0.656838 0.015664 0.011635
0 0.251746 0.485993 0.013241 0.010270
0 0.642747 0.605005 0.013169 0.010185
0 0.920242 0.459952 0.022734 0.017050
0 0.944600 0.713880 0.000000 0.001218