0 0.142621 0.666096 0.017687 0.013579
0 0.399914 0.358365 0.018117 0.013634
0 0.311908 0.456068 0.017384 0.012131
0 0.219458 0.772306 0.020635 0.015343
0 0.502727 0.519690 0.018789 0.013894
0 0.279472 0.438792 0.020741 0.014456
0 0.082549 0.634532 0.019769 0.014716
0 0.552012 0.379620 0.019607 0.014860
0 0.307387 0.796246 0.022363 0.016753
0 0.042571 0.658623 0.019151 0.014440
0 0.516608 0.317791 0.017038 0.013323
0 0.248112 0.752001 0.018915 0.013835
0 0.469001 0.810852 0.023620 0.017215
0 0.515540 0.417637 0.018432 0.014109
0 0.263657 0.462297 0.019271 0.013450
0 0.383187 0.433800 0.018285 0.014410
0 0.262169 0.784039 0.021444 0.015403
0 0.613031 0.400241 0.019345 0.014143
0 0.322590 0.635093 0.015752 0.011977
0 0.335742 0.561285 0.015209 0.012252
0 0.248121 0.501107 0.019886 0.014016
0 0.692026 0.653340 0.021561 0.015968
0 0.497831 0.491384 0.017500 0.013228
0 0.360927 0.489471 0.017344 0.012826
0 0.631888 0.381025 0.019230 0.014410
0 0.475387 0.429435 0.016322 0.012388
0 0.398629 0.637905 0.017827 0.013507
0 0.206293 0.623716 0.015545 0.012113
0 0.469307 0.327168 0.019737 0.015748
0 0.470798 0.357583 0.019090 0.013584
0 0.533139 0.342396 0.016758 0.013213
0 0.274108 0.483857 0.016328 0.012123
0 0.274705 0.518161 0.023646 0.015291
0 0.135618 0.616654 0.015593 0.011530
0 0.336808 0.603942 0.016904 0.013007
1 0.452609 0.556457 0.050993 0.037974
0 0.373209 0.800464 0.023022 0.017251
0 0.457591 0.483180 0.023822 0.017552
0 0.134892 0.692790 0.020539 0.014286
0 0.383468 0.537108 0.015650 0.011847
0 0.424112 0.691197 0.019909 0.016011
1 0.264112 0.661756 0.055300 0.054680
0 0.414813 0.289678 0.016404 0.013848
0 0.715405 0.573123 0.018849 0.014218
0 0.507587 0.438027 0.018215 0.013334
0 0.162406 0.689463 0.018220 0.013061
0 0.423611 0.411762 0.016899 0.014271
0 0.208076 0.409203 0.019449 0.015711
0 0.117068 0.723523 0.018208 0.014308
0 0.405119 0.745929 0.021226 0.015203
0 0.602676 0.436844 0.030253 0.015607
0 0.097286 0.670090 0.018466 0.014609
0 0.405599 0.445050 0.017624 0.012477
0 0.043212 0.396301 0.021558 0.017250
0 0.494748 0.346989 0.019039 0.014372
0 0.633836 0.488732 0.017572 0.014076
0 0.497834 0.754171 0.019049 0.013461
0 0.301499 0.541230 0.021700 0.012819
0 0.186435 0.574276 0.018600 0.013719
0 0.709299 0.411400 0.017919 0.014136
0 0.145362 0.319374 0.025411 0.019755
0 0.268737 0.607642 0.016570 0.016431
0 0.375510 0.748249 0.019980 0.015649
1 0.401628 0.243651 0.077776 0.040782
0 0.358543 0.575904 0.014209 0.010929
0 0.283736 0.556594 0.016541 0.011762
0 0.315814 0.275662 0.013517 0.011639
0 0.494605 0.708350 0.016313 0.012546
0 0.274011 0.378280 0.017102 0.014533
0 0.440888 0.348564 0.015214 0.011524
0 0.413716 0.728003 0.018465 0.014227
0 0.683358 0.621798 0.020625 0.015034
0 0.366070 0.679775 0.012204 0.009628
0 0.276054 0.309109 0.014826 0.012195
0 0.699744 0.595844 0.020801 0.016909
0 0.454388 0.733957 0.019903 0.015242
0 0.663653 0.597115 0.019585 0.014180
0 0.262540 0.574506 0.017696 0.014215
0 0.657793 0.341243 0.026378 0.021111
0 0.292640 0.723845 0.020496 0.014755
0 0.339901 0.295922 0.013846 0.012001
0 0.566003 0.803118 0.016788 0.012972
0 0.278034 0.584353 0.015846 0.010880
0 0.719265 0.497233 0.014381 0.011508
0 0.157621 0.426698 0.017311 0.013386
0 0.276185 0.694052 0.015937 0.011841
0 0.471594 0.279868 0.022359 0.018587
0 0.351959 0.626792 0.016396 0.013125
0 0.541465 0.561143 0.018827 0.016422
0 0.382603 0.693509 0.014390 0.011401
0 0.096035 0.660991 0.017563 0.016925
0 0.256425 0.295479 0.023289 0.018995
0 0.625415 0.710842 0.020235 0.019327
0 0.046593 0.703855 0.017833 0.012717
0 0.275742 0.761971 0.015033 0.012100
0 0.536199 0.793776 0.017571 0.013873
0 0.513665 0.789390 0.015876 0.011177
0 0.759476 0.506341 0.017882 0.014709
0 0.331146 0.492044 0.017471 0.013088
0 0.136845 0.773267 0.015765 0.011926
0 0.626101 0.725469 0.019643 0.020714
0 0.400581 0.823378 0.031257 0.020271
0 0.557628 0.770324 0.017977 0.014931
0 0.171567 0.737669 0.016043 0.013353
0 0.572419 0.516237 0.017624 0.013834
0 0.668203 0.403717 0.016233 0.013478
0 0.708159 0.377482 0.032485 0.019271
0 0.559487 0.289988 0.012636 0.010978
0 0.397207 0.721419 0.017171 0.012822
0 0.600864 0.727297 0.020164 0.014215
0 0.335212 0.248028 0.012880 0.010156
0 0.479362 0.460037 0.017917 0.011199
0 0.099857 0.336178 0.016638 0.015262
0 0.313690 0.381065 0.029154 0.026094
0 0.425092 0.393272 0.012915 0.011066
1 0.433629 0.867414 0.039216 0.016807