0 0.774954 0.401504 0.021441 0.026786
0 0.798551 0.518139 0.022824 0.026652
0 0.428563 0.803279 0.022703 0.027340
0 0.887219 0.359341 0.021579 0.026622
0 0.254454 0.514811 0.022653 0.025665
0 0.811309 0.608858 0.022798 0.028070
0 0.947169 0.677497 0.021619 0.025229
0 0.730346 0.769626 0.021613 0.026164
0 0.654507 0.434908 0.022876 0.026862
0 0.954217 0.314278 0.022799 0.027501
0 0.854119 0.209185 0.021386 0.024726
0 0.331479 0.502435 0.018584 0.021173
0 0.251426 0.650240 0.022349 0.025643
0 0.399166 0.760755 0.020422 0.023547
0 0.646044 0.600222 0.022167 0.026550
0 0.473692 0.849581 0.023519 0.028876
0 0.532097 0.613081 0.023426 0.026711
0 0.759111 0.629410 0.021524 0.024033
0 0.908992 0.249931 0.019839 0.023856
0 0.384811 0.325398 0.025441 0.029601
1 0.770686 0.707334 0.074466 0.071214
0 0.272544 0.316714 0.023465 0.026636
0 0.571784 0.527182 0.021511 0.025302
0 0.822754 0.928253 0.025523 0.029910
0 0.706956 0.791403 0.021582 0.026826
0 0.378436 0.922007 0.024458 0.028989
0 0.862492 0.453183 0.024754 0.029896
0 0.419337 0.547763 0.023340 0.026576
0 0.581858 0.640705 0.024295 0.030066
0 0.983696 0.890076 0.024444 0.029108
0 0.331361 0.945475 0.022380 0.026648
0 0.774966 0.173928 0.020334 0.025202
0 0.646470 0.910346 0.028613 0.029960
0 0.521644 0.662066 0.026366 0.030341
0 0.328239 0.982556 0.021721 0.025643
0 0.839533 0.886560 0.028845 0.034484
0 0.697807 0.319810 0.027541 0.030504
0 0.910942 0.694245 0.025907 0.031341
0 0.678110 0.483694 0.023917 0.027783
0 0.287463 0.680672 0.020691 0.025207
0 0.304409 0.616455 0.021828 0.031910
0 0.291820 0.535309 0.024523 0.026629
0 0.985599 0.275442 0.024354 0.029361
0 0.702770 0.689089 0.020844 0.025517
0 0.675806 0.796050 0.022472 0.031047
0 0.463131 0.687996 0.021785 0.026059
0 0.867599 0.748023 0.022856 0.030753
0 0.142812 0.372134 0.018661 0.021889
0 0.280957 0.895754 0.024493 0.032453
0 0.875112 0.299450 0.015482 0.018649
0 0.766504 0.980807 0.024054 0.027694
0 0.175785 0.378355 0.020538 0.024138
0 0.782286 0.245428 0.020622 0.024466
0 0.871105 0.574152 0.031690 0.040069
0 0.735258 0.207298 0.018818 0.022533
0 0.646360 0.518078 0.030031 0.036244
0 0.495530 0.151092 0.025196 0.027592
0 0.834437 0.231224 0.021926 0.030058
0 0.233948 0.822327 0.020984 0.027636
0 0.310125 0.358258 0.021640 0.025224
0 0.815791 0.328331 0.017808 0.022084
0 0.616659 0.564576 0.033987 0.035460
0 0.805567 0.875757 0.024895 0.038143
0 0.407135 0.657330 0.020416 0.022344
0 0.722302 0.667911 0.025195 0.033652
0 0.800696 0.468445 0.024794 0.032342
0 0.231790 0.779571 0.016913 0.021072
0 0.866400 0.992812 0.019769 0.014376
0 0.873493 0.239860 0.018287 0.023240
0 0.618248 0.763640 0.019693 0.024718
0 0.492310 0.862497 0.020973 0.026151
0 0.801615 0.764783 0.020988 0.026541
0 0.801168 0.276808 0.016355 0.021032
0 0.568063 0.935283 0.023855 0.032076
0 0.106095 0.422671 0.017784 0.021262
0 0.913486 0.856365 0.019377 0.024399
0 0.692385 0.516399 0.023796 0.029614
0 0.819724 0.157997 0.018280 0.023483
0 0.315129 0.395257 0.034238 0.039762
0 0.381744 0.835782 0.024105 0.029608
0 0.348765 0.770351 0.021696 0.024483
0 0.860851 0.793895 0.016832 0.020914
0 0.301502 0.459917 0.019918 0.022315
0 0.651058 0.372187 0.017097 0.021778
0 0.199459 0.796958 0.020053 0.025728
0 0.525754 0.850737 0.019176 0.027098
0 0.887508 0.120780 0.013524 0.018182