0 0.499655 0.383124 0.016214 0.012124
0 0.398584 0.358844 0.017448 0.012933
0 0.567516 0.480439 0.013974 0.010961
0 0.595126 0.468058 0.016519 0.012171
0 0.660384 0.446564 0.016668 0.011982
0 0.693361 0.545786 0.013829 0.010709
0 0.564666 0.644620 0.013899 0.011323
0 0.717390 0.466889 0.013399 0.010725
0 0.533365 0.406874 0.013912 0.010853
0 0.697151 0.589487 0.014654 0.010556
0 0.475170 0.675768 0.014420 0.011575
0 0.558186 0.210878 0.015036 0.012487
0 0.291513 0.422149 0.015280 0.011780
0 0.349190 0.335767 0.017306 0.012628
0 0.869657 0.573580 0.012453 0.009402
0 0.815991 0.409055 0.016212 0.011976
0 0.946721 0.323709 0.018551 0.014452
0 0.851799 0.271628 0.015375 0.012339
1 0.435008 0.537627 0.045379 0.038364
0 0.796020 0.329833 0.014643 0.011284
0 0.731962 0.570237 0.012067 0.008956
0 0.541371 0.288144 0.016076 0.012230
0 0.612387 0.217888 0.013686 0.011623
0 0.333663 0.392078 0.016083 0.012418
0 0.382163 0.320387 0.015777 0.012296
0 0.311778 0.296578 0.015722 0.011688
0 0.462275 0.448760 0.017495 0.012950
0 0.826308 0.452698 0.014278 0.010290
0 0.661560 0.483248 0.018953 0.014641
0 0.891849 0.416821 0.015543 0.011810
0 0.780843 0.275700 0.015975 0.011957
1 0.979296 0.518140 0.041408 0.044031
0 0.931294 0.470305 0.013515 0.009924
0 0.595602 0.572745 0.015417 0.012314
0 0.584331 0.509571 0.012510 0.009796
0 0.764626 0.534031 0.013178 0.010745
0 0.712937 0.266498 0.014864 0.011741
0 0.878124 0.521413 0.011455 0.009691
0 0.740280 0.301516 0.013730 0.011053
1 0.491305 0.592922 0.055502 0.037219
0 0.713383 0.603036 0.011788 0.008625
0 0.565496 0.254436 0.016272 0.013011
0 0.448729 0.212513 0.014226 0.012009
0 0.420186 0.242648 0.015202 0.011306
0 0.696232 0.718370 0.018220 0.014204
0 0.838944 0.437710 0.015607 0.010811
0 0.504526 0.473818 0.014177 0.010467
0 0.899984 0.398997 0.015331 0.011688
1 0.801444 0.535348 0.040272 0.034429
0 0.956325 0.477141 0.013217 0.010103
0 0.975059 0.411274 0.017729 0.014306
0 0.912807 0.500448 0.012002 0.008716
0 0.359328 0.315438 0.016650 0.012436
0 0.747964 0.366502 0.017015 0.013007
0 0.564081 0.616852 0.011445 0.009845
0 0.947091 0.380186 0.015087 0.011043
0 0.311673 0.475750 0.013442 0.010098
0 0.869237 0.623528 0.013004 0.009495
0 0.722351 0.643828 0.013111 0.009955
0 0.648607 0.546101 0.014197 0.010407
0 0.618343 0.153785 0.011942 0.010225
0 0.788831 0.502494 0.017094 0.013299
0 0.500969 0.317749 0.014089 0.010517
1 0.674050 0.410646 0.082389 0.039251
0 0.694984 0.684449 0.013870 0.010361
0 0.375255 0.622459 0.011960 0.009164
0 0.409380 0.622617 0.011592 0.009306
0 0.517118 0.186498 0.012949 0.010879
0 0.506015 0.450465 0.013717 0.010079
0 0.882589 0.484459 0.013739 0.011446
0 0.674251 0.676096 0.012429 0.010131
1 0.524961 0.706283 0.052184 0.042049
0 0.902914 0.528315 0.011650 0.008821
1 0.276841 0.510775 0.050920 0.039685
1 0.807573 0.582848 0.049131 0.035006
1 0.507637 0.350815 0.072929 0.043177
0 0.467880 0.408246 0.019912 0.015067
0 0.856681 0.327928 0.017380 0.013694
0 0.634328 0.297489 0.014915 0.011263
0 0.682872 0.343960 0.017619 0.014308
0 0.714823 0.326224 0.022649 0.016835
0 0.393437 0.511525 0.013711 0.010380
0 0.760587 0.553327 0.012731 0.009226
0 0.418089 0.332990 0.016384 0.012422
0 0.781717 0.669919 0.014072 0.010599
0 0.763804 0.581643 0.011887 0.008858
0 0.487332 0.292029 0.016333 0.011690
0 0.467104 0.191641 0.016100 0.012867
0 0.590417 0.386399 0.018869 0.013039
1 0.535725 0.743518 0.046892 0.036833
0 0.949853 0.447021 0.013729 0.012506
1 0.381808 0.277054 0.044443 0.036113
0 0.559542 0.725733 0.013804 0.011912
0 0.725172 0.702327 0.017378 0.012703
0 0.771119 0.480983 0.017227 0.014373
0 0.513611 0.639330 0.015372 0.012583
0 0.312484 0.403818 0.021243 0.014880
1 0.819821 0.664120 0.043691 0.036497
0 0.338009 0.596484 0.013408 0.010182
0 0.813529 0.426654 0.017620 0.013656
1 0.791022 0.607381 0.045467 0.036425
0 0.612467 0.606659 0.017045 0.011441
0 0.511232 0.621343 0.014345 0.012086
0 0.498891 0.427790 0.016641 0.011709
0 0.566754 0.307330 0.013756 0.011008
0 0.435954 0.635075 0.016714 0.010911
0 0.424401 0.345360 0.015341 0.012272
0 0.486234 0.528238 0.013556 0.011298
0 0.797217 0.635638 0.012769 0.008767
0 0.673251 0.293954 0.016527 0.013421
0 0.825365 0.290503 0.020062 0.018316
0 0.501880 0.217611 0.019645 0.015012
0 0.831958 0.609691 0.012936 0.010230
0 0.656825 0.217080 0.014229 0.010151
1 0.832651 0.198891 0.069840 0.042969
0 0.616528 0.652870 0.013393 0.011003
0 0.980043 0.348233 0.016333 0.013440
1 0.549737 0.328620 0.044462 0.036812
0 0.894278 0.445306 0.015991 0.013378
0 0.815114 0.235929 0.011540 0.010520
0 0.593989 0.531782 0.012957 0.009678
0 0.988893 0.386920 0.018023 0.014477
0 0.428361 0.426306 0.014335 0.010741
0 0.590515 0.423315 0.014974 0.011347
0 0.651369 0.309105 0.017575 0.014839
0 0.470135 0.174804 0.018396 0.013603
1 0.481231 0.715252 0.047644 0.038848
0 0.701887 0.433129 0.017662 0.012852
0 0.752288 0.349015 0.018949 0.017111
0 0.616454 0.436750 0.016724 0.016272
0 0.615682 0.179447 0.011868 0.009840
0 0.774130 0.253612 0.015250 0.011031
0 0.441336 0.287623 0.015146 0.015400
0 0.433764 0.484014 0.014758 0.011609
0 0.737243 0.727352 0.017394 0.013877
1 0.378163 0.236988 0.042282 0.032453
0 0.809295 0.350411 0.019656 0.016105
0 0.925958 0.570699 0.010902 0.008405
1 0.255713 0.613829 0.039842 0.034133
0 0.225494 0.402874 0.014971 0.011790
0 0.755826 0.721833 0.014478 0.011536
0 0.615534 0.449991 0.015547 0.013613
0 0.904562 0.597760 0.013185 0.009292
1 0.566239 0.165421 0.068569 0.050353
0 0.444079 0.418771 0.016298 0.011860
0 0.407569 0.289099 0.015331 0.015445
0 0.692999 0.625740 0.013452 0.012982
0 0.648034 0.249040 0.014745 0.010369
0 0.764530 0.627565 0.012605 0.009318
0 0.287179 0.585534 0.012958 0.010433
1 0.402074 0.717745 0.039835 0.030618
0 0.281513 0.278951 0.024458 0.018705
0 0.381440 0.574879 0.012388 0.009670
0 0.484066 0.516468 0.014070 0.014540
0 0.410985 0.462736 0.018047 0.011094
0 0.303490 0.252506 0.019039 0.016241
0 0.488190 0.486261 0.013304 0.009753
1 0.203586 0.474216 0.038629 0.039076
0 0.597760 0.242371 0.013829 0.011202
0 0.489857 0.564857 0.011675 0.008769
0 0.420339 0.567846 0.013488 0.010623
0 0.643950 0.471107 0.017965 0.010266
0 0.774254 0.687017 0.013049 0.009993
0 0.485189 0.522128 0.013770 0.019642
0 0.687266 0.338599 0.017157 0.013553
0 0.747949 0.441567 0.012675 0.009962
0 0.325096 0.261385 0.015556 0.013333
0 0.752929 0.262863 0.014462 0.011833
0 0.531096 0.587274 0.012754 0.011720
0 0.582912 0.343713 0.014478 0.010524
0 0.397619 0.462148 0.016808 0.010911
0 0.881348 0.282794 0.013851 0.011684
1 0.666205 0.191553 0.043376 0.037817
0 0.855021 0.471591 0.016914 0.013905
0 0.628446 0.552928 0.012938 0.010376
1 0.781631 0.229915 0.042460 0.029262
0 0.422288 0.340323 0.017010 0.021551
0 0.839301 0.539436 0.014241 0.010807
0 0.443923 0.292135 0.018024 0.013261
0 0.752055 0.333802 0.013727 0.011358
0 0.743115 0.627999 0.012679 0.011156
0 0.706614 0.295086 0.018412 0.014351
1 0.643402 0.271105 0.043252 0.034194
0 0.456370 0.687302 0.012350 0.011110
0 0.754775 0.196356 0.041662 0.031321
0 0.474945 0.317899 0.013976 0.009813
1 0.753908 0.195390 0.045949 0.031948
0 0.431468 0.423564 0.017448 0.012347
1 0.302818 0.654019 0.044139 0.048383