0 0.436968 0.830647 0.015636 0.021103
0 0.233730 0.397075 0.011898 0.016476
0 0.381478 0.498886 0.011955 0.017271
0 0.415030 0.801188 0.014892 0.020145
0 0.436153 0.475502 0.011789 0.016374
1 0.296780 0.175872 0.053784 0.066170
0 0.343107 0.349390 0.011905 0.016248
0 0.377138 0.308684 0.011700 0.016467
0 0.409880 0.440399 0.012322 0.016547
0 0.288470 0.565100 0.011091 0.014210
0 0.280261 0.592793 0.010256 0.014054
0 0.208850 0.377054 0.010885 0.015112
0 0.304483 0.601331 0.012550 0.018619
0 0.288748 0.697774 0.012461 0.016908
0 0.561582 0.664333 0.014642 0.019433
0 0.580692 0.643179 0.013258 0.018005
0 0.250890 0.797927 0.012293 0.016210
0 0.304251 0.651902 0.012065 0.015962
0 0.623942 0.621036 0.014163 0.019385
0 0.319388 0.274348 0.011362 0.016437
0 0.474845 0.449119 0.012887 0.017640
0 0.361592 0.576012 0.013305 0.019672
0 0.294277 0.324372 0.013406 0.019226
0 0.357952 0.334169 0.012201 0.017062
0 0.580145 0.469633 0.013487 0.019836
0 0.359444 0.860032 0.017443 0.022000
0 0.259689 0.545862 0.012215 0.016854
0 0.380835 0.240608 0.011468 0.016234
0 0.536551 0.279163 0.011107 0.016475
0 0.399556 0.189453 0.011410 0.016850
0 0.319867 0.664054 0.010577 0.014799
0 0.133285 0.416938 0.011903 0.016467
0 0.263874 0.847128 0.013885 0.016926
0 0.438412 0.162132 0.011608 0.017224
0 0.350476 0.311399 0.011815 0.015460
1 0.385945 0.436501 0.032817 0.051364
0 0.564362 0.634239 0.013423 0.017684
0 0.451792 0.678698 0.010331 0.013481
0 0.487693 0.689371 0.011419 0.014930
0 0.327997 0.853304 0.015143 0.022749
0 0.131709 0.391066 0.011181 0.015907
0 0.393626 0.286208 0.014534 0.021117
0 0.372835 0.666840 0.012264 0.017651
0 0.362797 0.197636 0.009999 0.016905
0 0.573401 0.528596 0.009871 0.013525
0 0.305822 0.377264 0.012413 0.016580
0 0.424715 0.595023 0.012753 0.017943
0 0.317348 0.340829 0.015507 0.020791
0 0.464054 0.563257 0.012564 0.019346
0 0.357395 0.473581 0.010182 0.014747
0 0.238242 0.816125 0.012182 0.016794
0 0.244694 0.478085 0.009126 0.013129
0 0.276859 0.544243 0.011451 0.014589
1 0.633233 0.448442 0.039130 0.055661
0 0.627152 0.522553 0.010775 0.014851
0 0.463190 0.543907 0.011518 0.018256
0 0.279485 0.446288 0.012129 0.016733
0 0.531189 0.428616 0.012494 0.017867
0 0.425759 0.722862 0.010897 0.015304
0 0.463787 0.848958 0.015545 0.023148
0 0.344238 0.427338 0.012408 0.017238
0 0.382857 0.847712 0.013967 0.018803
0 0.463462 0.229483 0.010717 0.016790
0 0.239558 0.749682 0.009943 0.013317
0 0.513450 0.616182 0.010686 0.014549
0 0.462591 0.422990 0.010147 0.014163
0 0.461514 0.295532 0.012079 0.017407
0 0.385297 0.552652 0.010989 0.016357
0 0.395817 0.148777 0.012515 0.017131
0 0.224550 0.292086 0.008326 0.014284
1 0.431037 0.303474 0.036846 0.039019
0 0.482936 0.803901 0.013020 0.016898
0 0.488853 0.406246 0.011693 0.015536
0 0.157456 0.522230 0.011892 0.015465
0 0.382516 0.825327 0.011728 0.017552
0 0.438827 0.752426 0.011472 0.016030
0 0.230700 0.671690 0.009490 0.013355
0 0.555528 0.589152 0.010271 0.013350
0 0.508610 0.702519 0.012462 0.020246
0 0.645723 0.591338 0.011894 0.015620
0 0.277429 0.637563 0.008989 0.012205
0 0.202161 0.750794 0.011089 0.015592
0 0.329269 0.403475 0.009496 0.012539
0 0.509310 0.691285 0.012592 0.020324
0 0.532344 0.359408 0.011054 0.015574
0 0.268933 0.777111 0.013305 0.015294
0 0.209694 0.668452 0.009200 0.013482
0 0.466052 0.662096 0.012943 0.016979
0 0.374193 0.686616 0.013483 0.017583
0 0.267075 0.327577 0.009981 0.015177
0 0.482788 0.829015 0.012382 0.016193
0 0.488163 0.580877 0.011744 0.015919
0 0.583820 0.287746 0.010336 0.016308
0 0.363714 0.560714 0.011385 0.019113
0 0.182526 0.457833 0.009616 0.014800
1 0.244361 0.324095 0.032065 0.054548