0 0.480620 0.533245 0.018378 0.014268
0 0.746908 0.590667 0.021443 0.015554
0 0.837182 0.346128 0.016834 0.013167
0 0.724241 0.259800 0.018439 0.014252
0 0.383966 0.534605 0.018458 0.014355
0 0.896857 0.361904 0.018074 0.013637
0 0.820890 0.415541 0.018938 0.014367
0 0.395117 0.501232 0.016538 0.011927
0 0.307407 0.411474 0.018507 0.013650
0 0.313177 0.547215 0.017217 0.012691
0 0.823871 0.456889 0.020146 0.015662
0 0.714212 0.416960 0.016965 0.013278
0 0.650722 0.149207 0.017315 0.014179
0 0.752703 0.330958 0.018511 0.014872
0 0.863914 0.358993 0.016543 0.012813
0 0.878153 0.446055 0.019129 0.015105
0 0.353561 0.234402 0.018550 0.014628
0 0.715015 0.208287 0.017141 0.013736
0 0.755961 0.198476 0.017388 0.013997
0 0.720712 0.462216 0.016524 0.011955
1 0.590411 0.608266 0.047948 0.041214
0 0.694606 0.238320 0.020355 0.016816
0 0.576037 0.135687 0.019159 0.015061
0 0.339077 0.283731 0.020427 0.016053
0 0.523913 0.407558 0.017233 0.013557
0 0.825622 0.317449 0.015557 0.011452
0 0.810834 0.570408 0.016237 0.012609
0 0.705324 0.300952 0.018125 0.013222
0 0.552671 0.234369 0.019387 0.014596
1 0.915188 0.272398 0.046341 0.033719
0 0.606495 0.522539 0.018123 0.015270
0 0.780801 0.162688 0.017827 0.014243
0 0.811490 0.394124 0.018017 0.014436
0 0.640332 0.230963 0.019353 0.014927
0 0.677616 0.373614 0.017047 0.012257
0 0.306536 0.308924 0.020785 0.014099
0 0.310742 0.434155 0.015759 0.012041
0 0.692864 0.198866 0.021224 0.015181
0 0.744477 0.162064 0.014759 0.011735
0 0.557480 0.212227 0.016665 0.012915
0 0.675916 0.349168 0.016392 0.012025
0 0.554204 0.549447 0.016326 0.012262
0 0.481911 0.146643 0.015858 0.013419
0 0.615517 0.404987 0.019585 0.015409
0 0.424872 0.550668 0.016350 0.013362
0 0.696246 0.122548 0.015849 0.013372
0 0.308742 0.456654 0.014727 0.011527
0 0.774736 0.441471 0.017562 0.015428
0 0.660980 0.406411 0.019213 0.017378
0 0.230544 0.318485 0.020845 0.016284
0 0.424687 0.233228 0.019142 0.015659
0 0.834529 0.297155 0.014584 0.011094
0 0.923548 0.351845 0.013533 0.010823
0 0.766984 0.123536 0.016973 0.013754
0 0.650453 0.321734 0.018237 0.013950
0 0.654184 0.621364 0.030298 0.028729
0 0.518806 0.189098 0.016207 0.013575
0 0.932152 0.300052 0.014951 0.011594
0 0.649766 0.095838 0.015884 0.012609
0 0.502984 0.494034 0.014042 0.011537
0 0.630498 0.289760 0.016187 0.012961
0 0.693743 0.524456 0.016262 0.012686
0 0.678678 0.256500 0.018264 0.014489
0 0.376175 0.573303 0.016997 0.012376
0 0.621440 0.613632 0.018433 0.015078
0 0.597740 0.149799 0.015723 0.013703
0 0.283213 0.408038 0.015418 0.012038
0 0.707446 0.325778 0.016734 0.013528
0 0.386977 0.173714 0.013547 0.011869
0 0.943497 0.316873 0.013696 0.011190
0 0.229574 0.266511 0.018129 0.014179
0 0.649767 0.290236 0.016684 0.013084
0 0.681773 0.204274 0.020583 0.013275
0 0.362797 0.467770 0.014276 0.011544
0 0.416165 0.440778 0.019049 0.013181
0 0.472007 0.172713 0.017537 0.012884
0 0.728995 0.300243 0.017077 0.015047
0 0.443583 0.578362 0.019495 0.014174
0 0.721987 0.481782 0.017546 0.012652