0 0.299668 0.782911 0.020842 0.016624
0 0.358852 0.572787 0.020392 0.015682
0 0.557638 0.639277 0.017581 0.014348
1 0.600717 0.759979 0.043902 0.036513
0 0.336387 0.458428 0.021444 0.017013
0 0.539182 0.805437 0.019035 0.015205
0 0.718065 0.713179 0.020246 0.015412
0 0.448892 0.489401 0.020933 0.016234
1 0.515443 0.701599 0.070855 0.044284
1 0.225025 0.725425 0.044520 0.036421
0 0.136272 0.524036 0.016972 0.012797
0 0.631043 0.841528 0.020097 0.015671
0 0.601028 0.806370 0.021552 0.017264
0 0.391577 0.556595 0.016504 0.013968
0 0.239559 0.473333 0.024494 0.017524
0 0.357297 0.758854 0.021111 0.016391
0 0.387303 0.816461 0.019842 0.015495
0 0.154329 0.652628 0.028495 0.015941
0 0.401759 0.837271 0.017464 0.013339
0 0.508895 0.897696 0.022952 0.017516
0 0.624985 0.608163 0.028070 0.022528
0 0.706276 0.637570 0.018495 0.014133
0 0.698094 0.514940 0.019608 0.014184
0 0.745041 0.569091 0.016291 0.013958
0 0.431843 0.388421 0.020464 0.012806
1 0.251925 0.696916 0.031283 0.028540
0 0.075581 0.561100 0.015980 0.013700
0 0.603119 0.494459 0.016266 0.012171
0 0.197688 0.945490 0.021280 0.016678
0 0.338157 0.631952 0.016191 0.012731
1 0.374091 0.715227 0.045232 0.037615
0 0.741509 0.601477 0.015863 0.013767
0 0.040950 0.741180 0.015849 0.012780
0 0.268394 0.977904 0.019994 0.013516
0 0.442222 0.863901 0.017919 0.015223
0 0.181568 0.686780 0.027148 0.019873
0 0.374877 0.647132 0.015581 0.013014
0 0.355386 0.652809 0.015990 0.011920
0 0.340994 0.555822 0.018315 0.015515
0 0.802728 0.671750 0.031124 0.021786
0 0.057838 0.771346 0.026974 0.021786