0 0.541730 0.709375 0.018233 0.013696
0 0.496275 0.780251 0.020061 0.015355
0 0.658677 0.747652 0.019575 0.014602
0 0.495816 0.576613 0.021162 0.015861
0 0.584264 0.426674 0.016020 0.013161
0 0.483251 0.641598 0.017757 0.014397
0 0.157684 0.547177 0.015839 0.013026
0 0.590318 0.380958 0.015098 0.012333
0 0.681799 0.720896 0.016920 0.013144
0 0.401796 0.535020 0.017387 0.013949
0 0.306661 0.394154 0.017300 0.014001
0 0.466689 0.421783 0.018127 0.014762
0 0.306823 0.460992 0.016861 0.013140
1 0.703623 0.533409 0.047915 0.036018
0 0.525044 0.319898 0.015744 0.013102
0 0.239083 0.534530 0.018559 0.014469
0 0.622292 0.405710 0.019174 0.013340
0 0.443264 0.589302 0.023260 0.015754
1 0.473775 0.750248 0.046614 0.038694
0 0.262131 0.366968 0.018918 0.014776
0 0.585609 0.356090 0.017518 0.013825
0 0.440631 0.556205 0.016290 0.012321
0 0.436333 0.823073 0.021205 0.016146
0 0.457113 0.537782 0.015993 0.012347
0 0.486424 0.343458 0.016212 0.016429
0 0.407668 0.473397 0.015737 0.012117
0 0.161009 0.382031 0.017322 0.014669
0 0.260279 0.667210 0.013909 0.010527
0 0.468556 0.461830 0.017799 0.014634
0 0.512148 0.659185 0.019221 0.014167
0 0.248797 0.453989 0.014718 0.012716
0 0.461448 0.674964 0.018240 0.014903
0 0.236516 0.674976 0.014240 0.010491
0 0.333581 0.359684 0.015895 0.012157
0 0.390493 0.614648 0.016021 0.012781
0 0.399990 0.560353 0.017678 0.013983
0 0.361136 0.671347 0.016659 0.012738
0 0.534431 0.516485 0.019110 0.013511
0 0.112792 0.485161 0.017056 0.011707
0 0.401026 0.515486 0.015383 0.011320
0 0.304881 0.348846 0.019487 0.013820
0 0.301811 0.582689 0.017277 0.013599
0 0.119853 0.634592 0.016947 0.014626
0 0.406763 0.428926 0.017166 0.012942
1 0.394876 0.409208 0.037778 0.028270
0 0.355022 0.848773 0.030115 0.023005
0 0.436172 0.304811 0.019952 0.014422
0 0.131160 0.717610 0.013985 0.010598
0 0.504437 0.299275 0.017175 0.014943
0 0.158640 0.438010 0.016999 0.013351
0 0.384259 0.640046 0.014926 0.011586
0 0.202395 0.348445 0.013036 0.011388
0 0.205694 0.461973 0.017562 0.015010
0 0.346591 0.421624 0.015992 0.012028
0 0.266266 0.343205 0.022020 0.013195
0 0.118204 0.400056 0.017754 0.014314
0 0.739031 0.451148 0.014520 0.011915
0 0.083519 0.721560 0.014038 0.011212
0 0.332163 0.648680 0.015199 0.012730
0 0.431952 0.331401 0.014362 0.012950
0 0.624592 0.747765 0.017565 0.012655
0 0.549116 0.402393 0.016675 0.016151
0 0.349086 0.771577 0.015518 0.012648
0 0.371523 0.734704 0.013258 0.010954
0 0.337313 0.384915 0.022312 0.017335
0 0.199219 0.575020 0.014123 0.011674
0 0.392489 0.592278 0.013505 0.011583
0 0.127295 0.429605 0.015971 0.013359
0 0.525907 0.515363 0.021677 0.013505
0 0.040870 0.441851 0.019762 0.017468
0 0.516407 0.808963 0.016416 0.013423
0 0.114806 0.583949 0.016617 0.012897
0 0.619326 0.507909 0.019274 0.014214
0 0.097251 0.653366 0.014796 0.011112
0 0.364775 0.775191 0.016371 0.011876
0 0.592077 0.444995 0.013596 0.011498