0 0.376599 0.638934 0.024794 0.017108
0 0.332174 0.606916 0.024208 0.016411
0 0.316449 0.543825 0.018620 0.015187
0 0.423799 0.475969 0.015921 0.012558
0 0.222280 0.616302 0.019751 0.015244
0 0.459259 0.528104 0.021557 0.016715
0 0.707720 0.926413 0.018353 0.014646
0 0.233727 0.829061 0.031801 0.021972
0 0.612134 0.985515 0.024968 0.018270
0 0.681087 0.495136 0.020452 0.016302
0 0.203953 0.795912 0.018397 0.014056
0 0.624278 0.819065 0.024521 0.018674
0 0.250261 0.513870 0.020124 0.015946
1 0.747465 0.679302 0.082166 0.045550
0 0.491824 0.443840 0.014775 0.013016
0 0.587357 0.775475 0.030810 0.020802
0 0.191600 0.643478 0.020856 0.016008
0 0.508922 0.589101 0.023615 0.016089
0 0.645596 0.993227 0.019420 0.012485
0 0.435251 0.800810 0.035579 0.021428
0 0.790268 0.740426 0.020356 0.015950
0 0.416208 0.752290 0.019998 0.015469
0 0.707386 0.792364 0.020700 0.017861
0 0.231137 0.678582 0.023345 0.018180
0 0.600393 0.677972 0.017739 0.014356
0 0.560207 0.427471 0.020353 0.016366
0 0.479099 0.596334 0.018516 0.014607
1 0.307676 0.723122 0.047724 0.041693
0 0.577109 0.649401 0.031240 0.017628
0 0.555985 0.806791 0.037430 0.016756
0 0.634738 0.435636 0.018122 0.015248
0 0.491339 0.988204 0.022953 0.015380
0 0.632586 0.730059 0.018855 0.015616
0 0.644557 0.893560 0.030820 0.020984
0 0.494718 0.637872 0.017093 0.013621
0 0.801237 0.702029 0.015314 0.011321
0 0.196648 0.671084 0.021770 0.017636
0 0.563098 0.729306 0.015946 0.011328
0 0.680345 0.953969 0.018724 0.016142
0 0.727778 0.808903 0.024076 0.016841
0 0.734553 0.848291 0.022516 0.017156
0 0.842962 0.580558 0.019763 0.014908
0 0.592819 0.839531 0.020778 0.014685
0 0.718050 0.570458 0.017581 0.014630
0 0.773482 0.910971 0.015352 0.011721
0 0.350529 0.895191 0.037348 0.023810
0 0.519530 0.746732 0.065359 0.051821