0 0.612429 0.456241 0.019350 0.014043
0 0.769561 0.616888 0.023415 0.017716
0 0.699798 0.543556 0.021912 0.016763
0 0.603982 0.495220 0.020356 0.016256
0 0.660091 0.613715 0.018476 0.013776
0 0.595690 0.659014 0.020850 0.015185
0 0.679265 0.594156 0.019836 0.014061
0 0.556926 0.441049 0.018892 0.014391
0 0.216219 0.597498 0.022729 0.017075
0 0.711360 0.765423 0.018987 0.013367
0 0.425348 0.804198 0.025545 0.019477
0 0.741469 0.663524 0.018020 0.013430
0 0.483977 0.619580 0.018406 0.014416
0 0.359639 0.550685 0.020624 0.013776
0 0.455473 0.861149 0.025044 0.018099
0 0.487963 0.857070 0.021757 0.016323
0 0.646996 0.828437 0.020808 0.016466
0 0.751793 0.688206 0.021311 0.016399
0 0.578461 0.723588 0.019053 0.013927
0 0.447894 0.416292 0.025538 0.019408
1 0.783917 0.788629 0.039623 0.036295
0 0.601684 0.420244 0.015629 0.011839
0 0.325193 0.577358 0.026345 0.021180
0 0.213051 0.656817 0.019692 0.015055
0 0.248509 0.716437 0.020805 0.015568
0 0.577065 0.464605 0.018862 0.014082
0 0.641163 0.426057 0.016512 0.012963
0 0.297092 0.672383 0.018067 0.013167
0 0.139666 0.630670 0.022509 0.016909
1 0.702116 0.793017 0.042910 0.036590
0 0.701107 0.586487 0.017287 0.013246
0 0.542857 0.711446 0.022333 0.017272
1 0.316304 0.817160 0.057755 0.045157
0 0.258802 0.345395 0.018129 0.014192
0 0.615763 0.624692 0.016752 0.013089
0 0.731841 0.465892 0.018992 0.015297
0 0.840542 0.540221 0.015524 0.011665
0 0.258192 0.735506 0.022290 0.015350
0 0.274690 0.719631 0.022879 0.016587
1 0.836285 0.613275 0.040583 0.031427
0 0.514480 0.851792 0.018761 0.013991
0 0.557304 0.493265 0.019220 0.016998
0 0.841335 0.569817 0.012825 0.009321
0 0.361427 0.823254 0.020107 0.015797
0 0.260168 0.487024 0.020275 0.019991
0 0.578094 0.504235 0.017566 0.012836
0 0.512851 0.880704 0.022617 0.016170
0 0.548741 0.558562 0.017889 0.014678
0 0.430079 0.648707 0.017579 0.012224
0 0.276524 0.574204 0.016886 0.013073
0 0.527366 0.587960 0.015613 0.013180
0 0.443857 0.302706 0.021228 0.015893
0 0.555811 0.472002 0.017356 0.013825
0 0.593494 0.757300 0.018553 0.014331
0 0.302775 0.851243 0.024658 0.017733
0 0.796387 0.706406 0.015350 0.012483
0 0.776636 0.400274 0.017649 0.014734
0 0.519606 0.686975 0.016198 0.013542
0 0.392849 0.285406 0.019731 0.014398
0 0.768311 0.488445 0.017223 0.014102
0 0.547761 0.645802 0.014676 0.011570
0 0.473094 0.632838 0.016726 0.012472
0 0.566908 0.693960 0.016883 0.014187
0 0.556304 0.317274 0.027459 0.029781
0 0.472181 0.280323 0.017506 0.012911
0 0.386011 0.859064 0.017927 0.013520
0 0.653651 0.495791 0.017047 0.012650
1 0.409778 0.518345 0.046136 0.027187