0 0.573510 0.904056 0.020964 0.019048
0 0.543253 0.496069 0.021201 0.021029
0 0.342029 0.489918 0.023542 0.021600
0 0.450233 0.302874 0.019145 0.019398
1 0.123254 0.821122 0.045966 0.046724
0 0.812926 0.657893 0.020043 0.020120
1 0.508604 0.706498 0.067948 0.061544
0 0.253881 0.270095 0.022000 0.023869
0 0.677426 0.954047 0.023235 0.020753
0 0.755501 0.606311 0.018927 0.018769
0 0.361434 0.334014 0.020495 0.018965
0 0.783005 0.654952 0.019872 0.019878
0 0.640261 0.634250 0.017749 0.017678
0 0.614830 0.365034 0.016824 0.016010
0 0.340824 0.943253 0.018892 0.019735
0 0.841491 0.596159 0.024298 0.020514
0 0.853996 0.518303 0.020352 0.020792
0 0.575442 0.510785 0.018624 0.018569
0 0.341125 0.740727 0.016128 0.015325
0 0.510672 0.381648 0.018930 0.017608
0 0.220733 0.396838 0.017985 0.018260
0 0.412255 0.328828 0.016036 0.015182
0 0.235369 0.911601 0.017083 0.015133
0 0.614024 0.653590 0.018888 0.020924
0 0.184071 0.368125 0.018102 0.015930
0 0.031148 0.729609 0.020538 0.019572
0 0.415031 0.301295 0.020366 0.019883
0 0.529931 0.263822 0.019839 0.019868
0 0.448424 0.341554 0.016671 0.015148
0 0.640539 0.301908 0.015368 0.014196
0 0.696566 0.342272 0.021482 0.022749
0 0.237625 0.841038 0.014928 0.015089
0 0.838702 0.766225 0.021516 0.024290
0 0.570207 0.253021 0.019869 0.020740
0 0.359709 0.645944 0.018274 0.016857
0 0.409090 0.944988 0.019877 0.019918
0 0.481070 0.356781 0.017839 0.018786
0 0.886557 0.564181 0.020206 0.018816
0 0.378491 0.917879 0.017927 0.016552
0 0.370571 0.943916 0.018993 0.019116
0 0.156283 0.981137 0.017653 0.019033
0 0.329439 0.853845 0.013925 0.013690
1 0.720067 0.832441 0.047457 0.045465
0 0.286951 0.242120 0.020215 0.019043
0 0.553449 0.756747 0.017865 0.017618
0 0.424073 0.849429 0.017823 0.016897
0 0.708961 0.302823 0.018869 0.018768
0 0.782639 0.321176 0.020395 0.021318
0 0.183629 0.739195 0.018919 0.017761
0 0.445493 0.500503 0.019153 0.018450
0 0.341920 0.886435 0.015210 0.014326
0 0.449372 0.534121 0.020448 0.019775
0 0.528690 0.563963 0.013574 0.024926
0 0.666483 0.289159 0.015391 0.013480
0 0.513587 0.817631 0.015641 0.014902
0 0.275417 0.923129 0.015045 0.015585
0 0.409158 0.754691 0.015290 0.013959
0 0.601747 0.488612 0.015708 0.013792
0 0.193608 0.443283 0.019769 0.019711
0 0.458830 0.737901 0.018819 0.017589
0 0.575284 0.784664 0.016497 0.016437
0 0.491830 0.556227 0.021307 0.021387
0 0.407666 0.708437 0.018738 0.020086
0 0.903540 0.610337 0.018166 0.017823
0 0.440289 0.424078 0.018006 0.017409
0 0.219596 0.349970 0.016220 0.014530
0 0.071420 0.746781 0.017726 0.017144
0 0.756898 0.651478 0.018155 0.018920
0 0.458296 0.770779 0.018758 0.019119
0 0.336330 0.453686 0.019439 0.019049
0 0.518340 0.419417 0.019982 0.019714
0 0.660326 0.852242 0.015127 0.013869
0 0.487776 0.276662 0.016780 0.017064
0 0.288584 0.941769 0.014457 0.013876
0 0.392473 0.734049 0.015639 0.016132
1 0.198933 0.493844 0.055212 0.052445
0 0.378151 0.820839 0.021056 0.019362
0 0.599976 0.293804 0.015996 0.014500
0 0.340415 0.666741 0.016077 0.016049
0 0.598928 0.539309 0.016334 0.015919
0 0.613446 0.583721 0.015703 0.014771
0 0.619618 0.560874 0.018967 0.017126
0 0.809432 0.369675 0.017703 0.017495
0 0.442871 0.608330 0.016255 0.015671
0 0.287710 0.868290 0.020614 0.017792
0 0.603249 0.608085 0.015282 0.014994
0 0.536819 0.927508 0.020891 0.018842
0 0.327938 0.396699 0.015089 0.016083
0 0.675593 0.870128 0.015342 0.014667
0 0.198467 0.717031 0.019467 0.017452
0 0.292470 0.296443 0.016745 0.016842
0 0.625986 0.407227 0.019341 0.021131
1 0.163790 0.520245 0.055314 0.054656
0 0.332197 0.537877 0.017326 0.017858
0 0.285502 0.971738 0.019699 0.018342
0 0.204110 0.944739 0.017628 0.017484
0 0.731059 0.394661 0.018140 0.018537
0 0.585044 0.435404 0.020037 0.020540
0 0.305246 0.725481 0.020700 0.017388
0 0.628409 0.251438 0.018356 0.019667
0 0.273991 0.338487 0.016627 0.014735
0 0.036534 0.787221 0.017677 0.016741
0 0.134324 0.757601 0.019338 0.019944
0 0.213374 0.595457 0.019100 0.016848
0 0.375697 0.406549 0.015690 0.015151
0 0.370598 0.866116 0.015659 0.014956
0 0.520794 0.362895 0.016705 0.015776
0 0.485822 0.776536 0.017999 0.018586
0 0.031315 0.534546 0.020001 0.019952
0 0.570631 0.718034 0.014954 0.013698
0 0.395612 0.555088 0.019024 0.018240
0 0.511278 0.216847 0.015613 0.014184
0 0.729760 0.326808 0.015699 0.015151
0 0.647476 0.222512 0.015808 0.015021
0 0.689415 0.246510 0.026303 0.024859
0 0.641523 0.275352 0.014853 0.012543
0 0.130084 0.735154 0.018126 0.017909
0 0.394131 0.431609 0.018462 0.019737
0 0.241836 0.346195 0.020205 0.018268
0 0.318129 0.989298 0.018229 0.017157
0 0.155162 0.562838 0.029661 0.019376
0 0.417602 0.619537 0.018689 0.018072
0 0.611051 0.517555 0.015391 0.013619
0 0.514970 0.764036 0.018982 0.017480
1 0.222082 0.198427 0.049764 0.042306
0 0.665421 0.321107 0.016909 0.016309
0 0.576511 0.540965 0.015198 0.014739
0 0.600766 0.717068 0.018594 0.018888
0 0.620047 0.814795 0.014023 0.013275
0 0.224924 0.427521 0.016262 0.014937
0 0.193668 0.542897 0.015392 0.014728
0 0.418760 0.572492 0.020389 0.023482
0 0.571092 0.344792 0.017828 0.017488
0 0.598064 0.849742 0.015262 0.015750
1 0.184801 0.507923 0.079690 0.065824
0 0.189940 0.898575 0.014979 0.014422
0 0.485018 0.833121 0.022388 0.022510
0 0.566783 0.821333 0.015613 0.014875
0 0.798917 0.618345 0.020528 0.021822
0 0.660991 0.882332 0.020533 0.019622
0 0.230250 0.653767 0.014763 0.012270
1 0.165862 0.400244 0.032072 0.042876
0 0.345087 0.846372 0.015022 0.014343
0 0.221693 0.782755 0.015897 0.015701
0 0.543307 0.637408 0.016632 0.016389
0 0.396111 0.368112 0.015729 0.014324
0 0.425966 0.493329 0.015884 0.014222
0 0.221308 0.708624 0.017752 0.018227
0 0.539538 0.404297 0.014775 0.014078
0 0.246375 0.711358 0.016877 0.017506
0 0.429238 0.992136 0.017150 0.013636
0 0.159000 0.647854 0.017873 0.018139
0 0.621465 0.451292 0.016939 0.014572
0 0.733260 0.271076 0.019271 0.016512
0 0.558611 0.612047 0.016326 0.017603
0 0.395159 0.263089 0.019013 0.018798
0 0.231549 0.322937 0.021601 0.018734
0 0.481103 0.232163 0.022259 0.018596
0 0.641656 0.742267 0.018672 0.015653
0 0.394957 0.887965 0.014705 0.012477
0 0.123172 0.288694 0.018024 0.018365
0 0.360570 0.989976 0.018859 0.018836
0 0.217103 0.672953 0.021803 0.018214
0 0.339639 0.608826 0.020055 0.020257
0 0.518680 0.515909 0.015065 0.012606
0 0.142180 0.638951 0.016698 0.017372
0 0.292104 0.601710 0.015290 0.015542
0 0.272126 0.698141 0.015042 0.014794
0 0.408451 0.391228 0.016126 0.014796
0 0.597105 0.819474 0.017341 0.019240
0 0.304609 0.338000 0.021352 0.018958
0 0.632599 0.668397 0.016646 0.013942
0 0.375505 0.293767 0.018737 0.016066
0 0.323126 0.563872 0.016905 0.018185
0 0.630601 0.689748 0.016326 0.013353
0 0.654259 0.404055 0.015742 0.014573
0 0.613011 0.221938 0.018127 0.018510
0 0.211014 0.675763 0.021629 0.018498
0 0.096730 0.844867 0.016612 0.015360
0 0.766348 0.376939 0.018643 0.017720
0 0.622963 0.747689 0.015840 0.015625
0 0.258138 0.415618 0.016118 0.014044
0 0.328396 0.771117 0.016007 0.016081
0 0.467422 0.802609 0.016329 0.015641
0 0.674373 0.819473 0.013742 0.013029
0 0.218913 0.626871 0.018326 0.014539
0 0.007902 0.559600 0.015803 0.021784
0 0.282016 0.618427 0.014110 0.013458
0 0.271706 0.460549 0.019945 0.020645
0 0.252489 0.799793 0.016206 0.015527
0 0.717057 0.867686 0.014840 0.014271
0 0.258552 0.596713 0.020823 0.015295
0 0.508374 0.283434 0.016456 0.015160
0 0.726995 0.606351 0.018843 0.019693
0 0.464718 0.458578 0.021291 0.018890
0 0.442878 0.775740 0.017757 0.016432
0 0.377515 0.456582 0.015945 0.014094
0 0.688249 0.418998 0.019197 0.020085
0 0.340154 0.911278 0.017218 0.013464
0 0.352503 0.709663 0.014914 0.013732
0 0.282246 0.660031 0.016593 0.016440
0 0.257582 0.905224 0.013581 0.011562
0 0.305218 0.432160 0.015294 0.015275
0 0.610280 0.465549 0.015389 0.013391
0 0.546676 0.318515 0.016275 0.019236
0 0.583370 0.208027 0.014877 0.015053
0 0.271254 0.221721 0.013969 0.014691
0 0.109741 0.783990 0.014533 0.014073
0 0.354968 0.304491 0.021438 0.016988
0 0.630635 0.716247 0.020718 0.015861
0 0.539204 0.174407 0.016189 0.017070
0 0.566265 0.469351 0.022149 0.015662
0 0.284341 0.377626 0.016994 0.015681
0 0.646680 0.822729 0.014119 0.013257
0 0.537152 0.289456 0.017360 0.015136
0 0.644134 0.430301 0.019328 0.017551
0 0.382722 0.385344 0.016182 0.015181
0 0.354112 0.456443 0.021973 0.016216
0 0.300172 0.403248 0.015472 0.014880
0 0.228161 0.979942 0.018649 0.017454
0 0.571449 0.183147 0.015802 0.015129
0 0.556064 0.337332 0.017389 0.018303
0 0.431824 0.467602 0.017949 0.018147
0 0.676537 0.801908 0.012804 0.013137
0 0.523870 0.743472 0.020692 0.020485
0 0.576776 0.687506 0.018666 0.018467
0 0.397263 0.530274 0.019403 0.020021
0 0.704335 0.400596 0.015610 0.015144
0 0.277118 0.785738 0.014467 0.012644
0 0.443032 0.178085 0.013114 0.012315
0 0.415263 0.277241 0.015073 0.013761
0 0.236901 0.601140 0.015187 0.012704
0 0.301379 0.835765 0.016439 0.014757
0 0.911500 0.685955 0.019409 0.019230
0 0.677884 0.399031 0.014629 0.015466
0 0.551006 0.421737 0.017672 0.018505
0 0.221278 0.560305 0.015159 0.015907
0 0.083967 0.803398 0.019009 0.016703
0 0.246001 0.890712 0.014582 0.013594
0 0.921921 0.654132 0.018958 0.017459
0 0.654103 0.802427 0.015194 0.014823
0 0.453482 0.635549 0.018039 0.016546
0 0.375189 0.211701 0.018576 0.023245
0 0.397772 0.454839 0.017062 0.017127
0 0.379278 0.389239 0.018445 0.020378
0 0.182419 0.941902 0.014346 0.013146
0 0.550055 0.805295 0.017617 0.017716
0 0.086466 0.769476 0.016488 0.016134
0 0.293495 0.765475 0.014649 0.014004
0 0.548133 0.324981 0.016835 0.019800
0 0.095121 0.755627 0.016253 0.017794
0 0.337337 0.336913 0.016053 0.014784
0 0.279762 0.556988 0.016566 0.018358
0 0.633623 0.745113 0.027949 0.017259
0 0.178647 0.627753 0.018364 0.015300
0 0.632376 0.510134 0.018883 0.017889
0 0.680080 0.491748 0.012920 0.012920
0 0.667657 0.451498 0.013914 0.009938
0 0.298943 0.189124 0.015901 0.015901
0 0.284533 0.182664 0.018883 0.018883
0 0.316833 0.175707 0.011926 0.016895
0 0.375966 0.182664 0.014908 0.008945
0 0.363543 0.173720 0.023852 0.024846
0 0.388389 0.151358 0.021864 0.013914
0 0.421186 0.154837 0.017889 0.016895
0 0.439075 0.142414 0.023852 0.007951
0 0.491748 0.163781 0.015901 0.016895
0 0.690019 0.682068 0.008945 0.015901
0 0.680577 0.660204 0.021864 0.015901
0 0.052968 0.954085 0.018883 0.013914
0 0.046509 0.933214 0.021864 0.021864
0 0.078311 0.899424 0.011926 0.015901
0 0.049987 0.900417 0.014908 0.013914
0 0.029613 0.884516 0.019877 0.017889
0 0.053465 0.871099 0.015901 0.012920
0 0.335715 0.822898 0.015901 0.017889
0 0.340188 0.794077 0.022858 0.013914
0 0.459448 0.915325 0.020871 0.017889
0 0.436590 0.944146 0.012920 0.011926
0 0.427149 0.927251 0.013914 0.013914
0 0.555354 0.878056 0.013914 0.012920
0 0.592126 0.879547 0.013914 0.019877
0 0.607530 0.877062 0.018883 0.012920
0 0.720828 0.755814 0.010932 0.024846
0 0.695982 0.745379 0.012920 0.013914
0 0.675608 0.743391 0.007951 0.017889
0 0.656228 0.717054 0.018883 0.014908
0 0.683062 0.705625 0.020871 0.017889
0 0.725300 0.685748 0.015901 0.017889
0 0.405284 0.658915 0.017889 0.015901
0 0.390377 0.676804 0.019877 0.013914
0 0.380935 0.703141 0.020871 0.016895
0 0.160303 0.882031 0.014908 0.010932
0 0.655731 0.590340 0.015901 0.017889
0 0.428142 0.245478 0.017889 0.019877
0 0.132476 0.247466 0.020871 0.025840