1 0.750020 0.685541 0.050489 0.034058
1 0.575916 0.932273 0.056810 0.036431
0 0.640727 0.553003 0.024844 0.016677
1 0.203160 0.642367 0.081598 0.054561
0 0.839347 0.547195 0.020743 0.015901
0 0.415248 0.492370 0.024996 0.018254
1 0.559471 0.819919 0.061413 0.042908
0 0.667757 0.645056 0.024518 0.017290
0 0.646415 0.589190 0.019388 0.013850
0 0.493172 0.670315 0.028119 0.021164
0 0.313903 0.458243 0.027728 0.020401
0 0.517514 0.584439 0.020139 0.015244
0 0.790349 0.531411 0.018711 0.013534
0 0.139945 0.591469 0.017075 0.012130
0 0.571641 0.642866 0.019289 0.013476
0 0.616625 0.613980 0.019758 0.013714
0 0.767427 0.518026 0.022528 0.015230
0 0.362353 0.516621 0.019149 0.013090
0 0.256945 0.444708 0.018067 0.012992
0 0.539177 0.588534 0.019763 0.014611
0 0.626726 0.682450 0.020225 0.015307
0 0.296440 0.769810 0.021694 0.015640
0 0.436727 0.360522 0.023287 0.015018
0 0.315168 0.402420 0.018828 0.012939
0 0.624691 0.703653 0.018771 0.013446
0 0.436128 0.390189 0.015243 0.011290
0 0.291597 0.415692 0.018197 0.012145
0 0.462384 0.486930 0.020742 0.012687
0 0.842778 0.582321 0.018580 0.012922
0 0.321191 0.434576 0.019399 0.013918
0 0.285504 0.505900 0.016989 0.012511
0 0.549732 0.489983 0.031835 0.019795
0 0.255350 0.712504 0.015277 0.011130
0 0.374114 0.651196 0.015510 0.012229
0 0.316494 0.703586 0.017233 0.011058
0 0.692767 0.621073 0.020229 0.011580
0 0.815012 0.756348 0.011820 0.011968
1 0.723114 0.657292 0.049867 0.035738