0 0.493274 0.695479 0.020951 0.017104
0 0.099503 0.600966 0.020798 0.016023
0 0.460547 0.424551 0.018670 0.016383
0 0.140449 0.678429 0.020980 0.016691
0 0.416475 0.658022 0.017074 0.014176
0 0.265419 0.771304 0.018937 0.014850
0 0.333532 0.564843 0.018897 0.016027
0 0.099283 0.540599 0.026189 0.022444
0 0.301072 0.655531 0.017776 0.014943
0 0.570423 0.564943 0.017948 0.014509
0 0.292996 0.812851 0.025361 0.018795
0 0.480029 0.745472 0.018287 0.015138
0 0.378948 0.466715 0.025414 0.018063
0 0.354267 0.408616 0.021530 0.017322
0 0.435011 0.599211 0.016697 0.013854
0 0.530937 0.451848 0.020813 0.018962
0 0.279956 0.692051 0.016462 0.013038
0 0.435938 0.390223 0.019985 0.015301
0 0.209301 0.468212 0.022757 0.020445
0 0.273485 0.414148 0.018256 0.014531
0 0.641964 0.438850 0.015591 0.012657
0 0.564589 0.847453 0.022160 0.020911
0 0.599386 0.422561 0.025370 0.019166
0 0.726411 0.592790 0.019860 0.017516
0 0.498315 0.495603 0.016390 0.013673
0 0.388313 0.539647 0.023595 0.016530
0 0.286089 0.401126 0.023142 0.017004
0 0.073221 0.611228 0.018786 0.015611
0 0.582981 0.871923 0.024371 0.019713
0 0.447121 0.663623 0.017250 0.013211
0 0.365056 0.944142 0.024141 0.017559
0 0.617334 0.639448 0.022924 0.015781
0 0.343847 0.932239 0.025629 0.020730
0 0.046896 0.708309 0.017833 0.013784
0 0.438783 0.557106 0.023581 0.020198
0 0.606462 0.696234 0.019090 0.024079