1 0.716182 0.373317 0.065358 0.056357
1 0.572807 0.583370 0.053911 0.036547
1 0.761907 0.501772 0.053160 0.032200
1 0.321432 0.382519 0.048559 0.033506
0 0.389032 0.545023 0.017552 0.012648
1 0.488522 0.664997 0.058913 0.039398
0 0.577299 0.527403 0.015075 0.010049
0 0.432665 0.448057 0.020113 0.014620
0 0.343030 0.548679 0.017062 0.010873
0 0.398806 0.462751 0.018674 0.012112
0 0.257379 0.382059 0.024000 0.017828
0 0.564159 0.454399 0.016504 0.011189
0 0.540175 0.541188 0.016581 0.011775
0 0.474088 0.529302 0.016892 0.011235
0 0.711831 0.559349 0.013878 0.008972
1 0.864558 0.399000 0.035916 0.023943
0 0.574777 0.478477 0.014904 0.010116
0 0.547901 0.489623 0.017932 0.011146
1 0.426138 0.605818 0.055767 0.038679
0 0.351136 0.495882 0.018089 0.013262
0 0.585595 0.553875 0.014543 0.009479
1 0.614134 0.175394 0.080230 0.054317
0 0.246427 0.441008 0.017459 0.012786
1 0.240706 0.185853 0.055240 0.042138
0 0.750881 0.528100 0.014986 0.010110
0 0.419150 0.557964 0.018308 0.012012
0 0.568182 0.268608 0.022957 0.016599
0 0.189874 0.490007 0.017359 0.011775
0 0.528319 0.406213 0.017866 0.011574
0 0.679447 0.502760 0.014114 0.009578
0 0.713947 0.420663 0.017176 0.010790
0 0.330141 0.509705 0.015249 0.009539
0 0.474163 0.450118 0.017158 0.012006
0 0.704744 0.541100 0.013045 0.008455
0 0.514210 0.488328 0.014937 0.009780
0 0.606070 0.520607 0.017915 0.012507
0 0.395233 0.509817 0.018794 0.011888
0 0.518995 0.352977 0.020726 0.012937
0 0.506798 0.462279 0.017576 0.013394
0 0.672105 0.525388 0.013903 0.008911
0 0.300157 0.495171 0.015625 0.010188
0 0.474009 0.332522 0.021993 0.015366
0 0.753005 0.414556 0.014996 0.010170
0 0.704048 0.526614 0.012858 0.009467
0 0.488121 0.498038 0.015562 0.011470
0 0.289850 0.396225 0.017891 0.011611
0 0.265644 0.427258 0.020117 0.011518
0 0.292274 0.540513 0.015541 0.011521
0 0.277987 0.362817 0.022129 0.014099
0 0.632504 0.443025 0.016077 0.010728
0 0.198554 0.531358 0.018122 0.010585
0 0.562625 0.418338 0.017071 0.011285
0 0.646129 0.460023 0.013975 0.008967
0 0.256637 0.562560 0.017927 0.011627
0 0.509523 0.529326 0.015584 0.009851
0 0.365209 0.475207 0.015408 0.011083
0 0.562242 0.633090 0.016619 0.011655
0 0.363511 0.515865 0.014540 0.009440
0 0.659011 0.548420 0.017439 0.010880
0 0.363886 0.447777 0.016525 0.010532
0 0.220246 0.485883 0.017572 0.012349
0 0.708211 0.405174 0.016836 0.009466
0 0.388564 0.436538 0.018622 0.011480
0 0.629071 0.487059 0.015004 0.011266
0 0.406038 0.557478 0.018394 0.011251
0 0.620206 0.575697 0.018308 0.012793
0 0.613530 0.498290 0.013310 0.008502
0 0.242841 0.540764 0.013633 0.009624
0 0.280199 0.513268 0.014361 0.009802
0 0.449199 0.210906 0.031992 0.023726
0 0.747612 0.435055 0.013637 0.009752
0 0.321946 0.465290 0.016896 0.009968
0 0.564809 0.503596 0.014583 0.010107
0 0.260829 0.512274 0.015663 0.009531
0 0.544530 0.293790 0.024830 0.017765
0 0.314295 0.548692 0.017126 0.010500
0 0.462467 0.504819 0.014665 0.011723
0 0.812396 0.423962 0.013500 0.008577
0 0.374000 0.503299 0.015134 0.009422
0 0.695962 0.597524 0.013637 0.010355
0 0.452468 0.554587 0.015997 0.009927
0 0.638396 0.410010 0.014872 0.009838
0 0.722772 0.445990 0.018621 0.010987
0 0.736931 0.470338 0.017156 0.011096
0 0.461281 0.433854 0.014918 0.009422
0 0.387658 0.489726 0.015984 0.011284
0 0.679573 0.611640 0.016296 0.012438
0 0.537617 0.452369 0.015011 0.009046
0 0.588303 0.384760 0.018043 0.015587
0 0.550495 0.509848 0.017921 0.010806
0 0.588651 0.434350 0.015449 0.010387
0 0.326433 0.488257 0.017218 0.010562
0 0.356323 0.323351 0.024071 0.017893
0 0.484043 0.483625 0.019328 0.010633
0 0.262116 0.533937 0.014299 0.008854
0 0.648132 0.599396 0.015758 0.010321
0 0.371594 0.417348 0.017002 0.012013
0 0.309552 0.523115 0.013947 0.008806
0 0.647039 0.495017 0.013286 0.009115
0 0.525479 0.437513 0.019511 0.012772
0 0.341045 0.192280 0.025278 0.019191
0 0.756202 0.454604 0.014422 0.009574
0 0.499451 0.421817 0.019505 0.013460
0 0.684781 0.431921 0.020221 0.014113
0 0.218263 0.550114 0.016591 0.011472
0 0.429335 0.407394 0.014353 0.010876
0 0.709555 0.486987 0.021115 0.012719
0 0.333434 0.412072 0.016727 0.010403
0 0.630600 0.472526 0.011315 0.010012
0 0.603585 0.657971 0.020922 0.014004
0 0.480681 0.366697 0.017402 0.012105
0 0.297705 0.422675 0.016476 0.010837
0 0.547961 0.337972 0.019511 0.012659
0 0.626635 0.335875 0.019011 0.013436
0 0.322916 0.569495 0.015985 0.011209
0 0.483437 0.416349 0.020214 0.013281
0 0.546153 0.643994 0.017363 0.012870
0 0.523907 0.504022 0.016793 0.009966
0 0.694848 0.463200 0.018483 0.011977
0 0.797842 0.394434 0.020550 0.013356
0 0.462280 0.517942 0.012405 0.012772