0 0.641771 0.584739 0.014608 0.020019
0 0.580905 0.532023 0.011515 0.015160
0 0.258176 0.507465 0.013388 0.019066
0 0.328901 0.516807 0.012873 0.017259
0 0.442953 0.725668 0.017976 0.023130
0 0.532763 0.488576 0.011530 0.014744
0 0.619692 0.546146 0.014036 0.019158
0 0.574848 0.655483 0.012345 0.016806
0 0.642376 0.461799 0.014222 0.019825
0 0.307347 0.618788 0.014377 0.019272
0 0.526374 0.696521 0.015239 0.021042
0 0.305439 0.367500 0.012626 0.017622
0 0.290389 0.339471 0.011933 0.015738
0 0.631087 0.428801 0.011315 0.015746
0 0.493882 0.297664 0.013286 0.019228
0 0.441008 0.781879 0.020257 0.026012
0 0.373525 0.506245 0.011497 0.015350
0 0.642431 0.352044 0.010037 0.015172
0 0.398357 0.228155 0.011085 0.016257
0 0.399681 0.286304 0.012490 0.018399
0 0.515644 0.415895 0.009869 0.014134
0 0.453217 0.412574 0.011512 0.015378
0 0.414744 0.333518 0.011779 0.016321
0 0.294538 0.517519 0.010762 0.014702
0 0.264852 0.576744 0.014138 0.020141
0 0.236212 0.453282 0.011549 0.016115
0 0.206115 0.501429 0.012189 0.017748
0 0.241297 0.593198 0.019072 0.026991
0 0.643729 0.394999 0.010391 0.013971
1 0.680273 0.283497 0.026014 0.037673
0 0.464383 0.200332 0.010340 0.015090
0 0.720031 0.604611 0.013686 0.019523
0 0.348723 0.707287 0.017426 0.024623
0 0.252134 0.378009 0.009571 0.013659
0 0.561671 0.340775 0.012612 0.018828
0 0.382447 0.743338 0.025924 0.028116
0 0.292519 0.575939 0.011201 0.014354
0 0.597591 0.536146 0.011263 0.015091
0 0.336434 0.592571 0.011203 0.015050
0 0.530910 0.757994 0.025726 0.033286
0 0.436846 0.632192 0.012243 0.017015
1 0.457540 0.290533 0.023882 0.036577
0 0.673196 0.682386 0.019556 0.025224
0 0.456874 0.678786 0.017259 0.023270
0 0.684508 0.406329 0.011926 0.016073
0 0.568721 0.388109 0.010484 0.014787
0 0.304485 0.451852 0.010145 0.013207
0 0.374642 0.409759 0.011583 0.017234
0 0.562652 0.630874 0.012093 0.017607
0 0.628734 0.480050 0.011147 0.015110
0 0.362954 0.625983 0.012307 0.018829
0 0.577374 0.488076 0.010523 0.014398
0 0.508752 0.354240 0.010015 0.014000
0 0.396723 0.431781 0.011819 0.016344
0 0.365902 0.466168 0.010420 0.014090
0 0.666620 0.482465 0.013975 0.020008
0 0.431374 0.199842 0.009857 0.015177
0 0.241724 0.518076 0.012043 0.018194
0 0.392241 0.545433 0.010210 0.014273
0 0.424668 0.529141 0.010722 0.014460
0 0.284730 0.313596 0.012279 0.016843
0 0.492267 0.546861 0.010711 0.015629
0 0.258381 0.445792 0.010314 0.015390
0 0.338529 0.622056 0.014820 0.021039
0 0.465062 0.627222 0.011570 0.015534
0 0.733523 0.615703 0.013747 0.018333
0 0.629106 0.602743 0.013398 0.018892
0 0.502799 0.612864 0.013370 0.017728
0 0.448535 0.356729 0.011848 0.016580
0 0.512452 0.271493 0.012195 0.016195
0 0.679630 0.415359 0.011715 0.017206
0 0.354502 0.304402 0.011627 0.017000
0 0.353703 0.416186 0.010637 0.014749
0 0.511461 0.563612 0.009691 0.013970
1 0.335604 0.209094 0.022918 0.025465