0 0.366189 0.342610 0.017532 0.017257
0 0.524571 0.458611 0.017115 0.018071
1 0.206002 0.503283 0.151082 0.154514
0 0.797135 0.783488 0.018895 0.020325
0 0.534067 0.653824 0.017078 0.017681
1 0.740420 0.541404 0.043029 0.045268
0 0.516652 0.267740 0.019113 0.019719
1 0.552878 0.335798 0.047114 0.042903
0 0.323581 0.195676 0.019165 0.019787
0 0.447656 0.486849 0.017379 0.017228
0 0.715668 0.467838 0.019043 0.018618
0 0.602595 0.372519 0.018529 0.018958
0 0.254881 0.192578 0.018501 0.017857
0 0.432489 0.520650 0.019282 0.020470
0 0.092853 0.215937 0.014633 0.016017
0 0.831418 0.213839 0.015782 0.016369
0 0.469449 0.795705 0.018237 0.019323
0 0.816432 0.318903 0.012572 0.016563
0 0.346213 0.663650 0.020022 0.020503
0 0.694418 0.100557 0.014586 0.016283
0 0.142888 0.205987 0.014779 0.015248
0 0.531887 0.861202 0.021595 0.021272
0 0.636374 0.531065 0.016119 0.017559
0 0.418807 0.111207 0.015872 0.017198
0 0.197168 0.661541 0.016774 0.018234
0 0.449592 0.045853 0.014512 0.016337
0 0.658456 0.666477 0.019813 0.019848
0 0.414495 0.790528 0.018127 0.018811
0 0.517846 0.151261 0.021038 0.018261
0 0.197361 0.355979 0.014335 0.015232
0 0.198176 0.588596 0.017831 0.016675
0 0.343759 0.112000 0.015960 0.017991
0 0.584712 0.715647 0.018485 0.018481
0 0.567402 0.509598 0.015689 0.015969
0 0.685907 0.332433 0.022610 0.020382
0 0.478387 0.540732 0.017521 0.017058
0 0.330118 0.384293 0.014943 0.015572
0 0.747757 0.184542 0.017912 0.018993
0 0.283398 0.114302 0.019865 0.019451
0 0.394142 0.191287 0.016578 0.017423
0 0.580395 0.832211 0.018199 0.018176
0 0.636331 0.348207 0.015702 0.016165
0 0.582258 0.268271 0.016099 0.017692
0 0.557982 0.405626 0.020565 0.020554
0 0.146430 0.260002 0.015355 0.017005
0 0.782638 0.501487 0.015498 0.016992
0 0.708207 0.484983 0.017662 0.016572
0 0.826198 0.621366 0.014390 0.016085
0 0.349461 0.175618 0.019608 0.020064
0 0.207109 0.191733 0.019769 0.022282
0 0.442264 0.364289 0.018338 0.017581
0 0.880667 0.583767 0.019882 0.020072
0 0.276363 0.396808 0.013095 0.013366
0 0.279482 0.814984 0.018420 0.017582
0 0.704932 0.800595 0.017867 0.019120
0 0.250643 0.810953 0.016217 0.016543
0 0.404964 0.055576 0.020578 0.017463
0 0.479355 0.053246 0.015155 0.016379
0 0.495749 0.879218 0.020513 0.019799
0 0.857389 0.257518 0.016827 0.017682
0 0.717498 0.433034 0.018114 0.016882
0 0.230115 0.627036 0.016337 0.017137
0 0.327257 0.608471 0.016522 0.017679
0 0.371230 0.160345 0.019628 0.020131
0 0.263176 0.793271 0.017655 0.017362
0 0.711912 0.476543 0.020112 0.023154
0 0.927277 0.529145 0.015488 0.015638
0 0.257216 0.254611 0.018512 0.018418
0 0.142253 0.634793 0.017203 0.017971
0 0.614156 0.264182 0.020698 0.021997
0 0.584662 0.419447 0.017627 0.021051
0 0.134179 0.227986 0.015438 0.015399
0 0.562183 0.399849 0.019128 0.017746
0 0.614960 0.224610 0.015505 0.016407
0 0.797997 0.702856 0.062784 0.048295
1 0.948678 0.838082 0.000966 0.000000
1 0.792406 0.232804 0.059757 0.048553