0 0.685635 0.522202 0.017237 0.013442
0 0.663236 0.694137 0.015475 0.011800
0 0.779817 0.811270 0.018259 0.013524
0 0.507638 0.364839 0.014358 0.012212
0 0.822306 0.776201 0.016166 0.012593
0 0.531079 0.856513 0.021591 0.016538
0 0.489607 0.575379 0.018834 0.015439
0 0.739831 0.551370 0.016716 0.012770
0 0.582405 0.409407 0.016024 0.012720
0 0.483147 0.667822 0.015381 0.012611
0 0.642713 0.673500 0.015593 0.012426
0 0.782690 0.758405 0.020684 0.017111
0 0.375383 0.663658 0.017971 0.012831
0 0.337146 0.672031 0.016670 0.014075
0 0.557415 0.636306 0.014639 0.011849
0 0.316254 0.598423 0.013996 0.012239
0 0.604674 0.432704 0.020666 0.014162
0 0.349154 0.544779 0.014583 0.012146
0 0.445099 0.734433 0.016756 0.014293
0 0.350073 0.689853 0.013548 0.011196
0 0.791828 0.456182 0.014021 0.011134
0 0.762397 0.671925 0.016495 0.013618
0 0.716418 0.371281 0.014827 0.012593
0 0.908777 0.508758 0.014714 0.010850
0 0.564648 0.778497 0.015374 0.011810
0 0.626429 0.384166 0.015489 0.013333
0 0.573533 0.481749 0.013884 0.010495
0 0.584091 0.341402 0.013582 0.011407
0 0.440298 0.561174 0.018168 0.014267
0 0.831021 0.528725 0.018426 0.015451
0 0.658170 0.739057 0.016859 0.013507
0 0.541855 0.769386 0.015975 0.012448
0 0.292929 0.456065 0.014145 0.011986
0 0.884475 0.691504 0.014391 0.010736
0 0.356596 0.601192 0.017327 0.013693
0 0.727842 0.431422 0.018932 0.012382
0 0.558362 0.597586 0.011317 0.009984
0 0.248172 0.540046 0.014151 0.012646
0 0.527668 0.392382 0.014255 0.011262
0 0.378575 0.481212 0.017232 0.014593
0 0.905028 0.653667 0.013230 0.010334
1 0.565885 0.383675 0.043637 0.034350
0 0.487339 0.515595 0.017924 0.014140
0 0.857847 0.500513 0.015399 0.013250
0 0.481998 0.335670 0.022560 0.019961
0 0.403506 0.343624 0.018031 0.014775
0 0.829927 0.574047 0.026113 0.012852
0 0.508698 0.450393 0.015597 0.013881
0 0.756103 0.641517 0.014607 0.011925
0 0.429956 0.615773 0.023780 0.016144
1 0.704690 0.410847 0.039869 0.023892
0 0.484491 0.459389 0.015217 0.013288
0 0.655753 0.595013 0.016586 0.013914
0 0.645518 0.330078 0.014012 0.010973
0 0.573407 0.357369 0.014481 0.010272
0 0.302784 0.623992 0.013752 0.010644
0 0.629260 0.330331 0.014423 0.011498
0 0.509444 0.526802 0.013797 0.012247
0 0.641335 0.523906 0.014479 0.015030
0 0.740403 0.381784 0.014412 0.011898
1 0.820112 0.363257 0.036608 0.026356
0 0.849293 0.384319 0.017998 0.011940
0 0.550254 0.518464 0.021405 0.013534
0 0.543744 0.447582 0.024347 0.022468
0 0.695737 0.314998 0.020293 0.014773
0 0.453501 0.536825 0.020194 0.011999
0 0.789771 0.514168 0.015149 0.012963
0 0.330455 0.462825 0.016053 0.013524
0 0.230184 0.626160 0.014096 0.011558
0 0.563177 0.519599 0.018209 0.012728
0 0.311114 0.727781 0.012542 0.010374
0 0.396401 0.572750 0.013606 0.011568
0 0.689363 0.491993 0.014736 0.011989
0 0.442318 0.452601 0.014359 0.013364
0 0.522522 0.475528 0.017067 0.015193
0 0.741131 0.312650 0.014243 0.012048
0 0.246550 0.425116 0.017074 0.013810
0 0.866225 0.449020 0.012091 0.009734
0 0.398421 0.780603 0.024899 0.012210
0 0.363946 0.847399 0.022984 0.007901
0 0.320373 0.805741 0.018195 0.015083
0 0.256690 0.752233 0.015322 0.008619
0 0.287334 0.758338 0.011492 0.010774
0 0.280152 0.712730 0.016280 0.007182
0 0.540951 0.685437 0.016280 0.010055
0 0.450134 0.414183 0.015322 0.010055
0 0.378311 0.433216 0.007661 0.016519
0 0.335696 0.416337 0.018195 0.008619
0 0.424757 0.544183 0.020111 0.011492
1 0.281706 0.497643 0.059222 0.034445