0 0.497969 0.867638 0.026953 0.021102
0 0.277079 0.436916 0.016857 0.013082
0 0.356439 0.603870 0.015026 0.012250
0 0.242415 0.803692 0.021861 0.017678
0 0.541058 0.425779 0.017565 0.014259
0 0.298010 0.383202 0.018110 0.015305
0 0.612277 0.718900 0.023682 0.019217
0 0.383300 0.368897 0.013922 0.012501
0 0.349310 0.391312 0.016066 0.014300
0 0.550698 0.469691 0.016633 0.014115
0 0.219748 0.541088 0.018807 0.015177
0 0.569694 0.589149 0.018714 0.015088
0 0.284527 0.717125 0.019795 0.016722
0 0.225727 0.502131 0.021380 0.016769
0 0.451018 0.556582 0.016847 0.014454
0 0.350067 0.766223 0.014841 0.011833
0 0.339919 0.850411 0.024544 0.019155
0 0.310937 0.549373 0.015116 0.011669
0 0.531127 0.488051 0.020464 0.018468
0 0.584033 0.458054 0.014898 0.012032
0 0.211332 0.624309 0.021688 0.017124
0 0.165146 0.824683 0.018780 0.014621
1 0.073854 0.612927 0.045628 0.033984
0 0.492068 0.648796 0.015698 0.013070
0 0.617995 0.537491 0.018111 0.014587
0 0.482412 0.469937 0.018533 0.016170
0 0.374580 0.458018 0.021890 0.016626
0 0.493627 0.817210 0.023922 0.023853
0 0.319856 0.638550 0.018584 0.015076
0 0.164854 0.527016 0.017787 0.015034
0 0.298113 0.633595 0.016271 0.013936
0 0.610986 0.627172 0.016804 0.013673
0 0.282010 0.613334 0.014055 0.011032
0 0.724115 0.578160 0.019552 0.016800
0 0.393255 0.848957 0.035858 0.033208
0 0.503017 0.736414 0.019513 0.019294
0 0.367248 0.819513 0.018631 0.015283
0 0.437259 0.653484 0.019899 0.015241
0 0.650352 0.446408 0.016628 0.013640
0 0.350353 0.464834 0.022573 0.017989
0 0.671996 0.639117 0.017592 0.014122
1 0.667193 0.504908 0.034882 0.027006
0 0.681510 0.758651 0.016923 0.012981
0 0.454475 0.605619 0.017525 0.012590
0 0.325649 0.818363 0.015099 0.012306
0 0.215685 0.380642 0.016774 0.013746
0 0.696073 0.592968 0.017442 0.013488
0 0.331468 0.740700 0.014300 0.011992
0 0.215911 0.416794 0.014903 0.016815
0 0.454541 0.635617 0.020290 0.015936
0 0.645340 0.553285 0.016909 0.015025
0 0.723198 0.523432 0.017277 0.016455
0 0.151855 0.754685 0.016025 0.013482
0 0.430392 0.600937 0.014844 0.012547
0 0.304445 0.527087 0.015639 0.011530
0 0.736507 0.545107 0.018426 0.014521
0 0.493106 0.825073 0.021274 0.022367
0 0.526454 0.401737 0.015630 0.013425
0 0.720606 0.652603 0.018761 0.016046