0 0.304338 0.506458 0.012861 0.018193
0 0.357879 0.503711 0.014073 0.017943
0 0.297804 0.573660 0.012067 0.015675
0 0.344878 0.609028 0.013346 0.018282
0 0.347287 0.344730 0.013487 0.018317
0 0.318239 0.312548 0.013350 0.018674
0 0.431682 0.388181 0.012659 0.017796
0 0.458013 0.505899 0.011818 0.015565
0 0.551985 0.497828 0.015625 0.020885
0 0.474616 0.481530 0.013951 0.019633
0 0.268534 0.290126 0.014050 0.021481
0 0.220780 0.296247 0.013209 0.017482
0 0.477945 0.163753 0.013485 0.018146
0 0.249738 0.413014 0.011596 0.015609
0 0.376194 0.421767 0.013038 0.018601
0 0.547409 0.457298 0.012163 0.016018
1 0.357027 0.136159 0.035356 0.050118
0 0.408199 0.578009 0.011394 0.016075
0 0.273366 0.225111 0.014966 0.019507
0 0.336023 0.564587 0.012735 0.016881
0 0.388584 0.619829 0.013576 0.018831
0 0.414265 0.281346 0.012593 0.017973
0 0.327047 0.204516 0.011936 0.017238
0 0.399538 0.126016 0.013008 0.018945
0 0.149141 0.418403 0.013156 0.017293
0 0.366777 0.527006 0.011408 0.015271
0 0.435006 0.544718 0.014413 0.018547
0 0.343121 0.755731 0.016627 0.021706
0 0.215220 0.096621 0.013936 0.019116
0 0.386416 0.445813 0.012433 0.016364
0 0.408907 0.458419 0.011768 0.016682
0 0.196656 0.118196 0.012254 0.017035
0 0.363253 0.578727 0.012046 0.017068
0 0.631690 0.222928 0.013494 0.018957
0 0.316622 0.238978 0.012862 0.018143
0 0.520762 0.516416 0.016450 0.024510
0 0.303401 0.716627 0.015251 0.019127
0 0.143319 0.243950 0.013927 0.020077
0 0.591041 0.426997 0.013513 0.021191
0 0.244963 0.087465 0.011812 0.016310
0 0.257915 0.061655 0.011954 0.017819
0 0.386900 0.146674 0.012682 0.017755
0 0.101236 0.284249 0.014125 0.020917
0 0.618238 0.348485 0.011320 0.016147
0 0.489738 0.303998 0.012085 0.015922
0 0.241236 0.655120 0.013451 0.017918
0 0.495622 0.219869 0.016254 0.022780
0 0.347423 0.301923 0.012043 0.016476
0 0.593414 0.499834 0.016735 0.020532
0 0.150379 0.494638 0.011033 0.014375
0 0.150989 0.532590 0.012602 0.015524
0 0.635796 0.261230 0.014663 0.021147
0 0.365328 0.631162 0.011930 0.014815
0 0.133521 0.470536 0.015054 0.017607
0 0.457341 0.444212 0.011003 0.015656
0 0.464900 0.225088 0.014743 0.024003
0 0.328619 0.666400 0.013522 0.019567
0 0.547886 0.228681 0.015535 0.021635
0 0.586506 0.283411 0.012745 0.018000
0 0.589645 0.236983 0.011883 0.015245
0 0.604312 0.497220 0.015675 0.019479
0 0.590689 0.264621 0.012727 0.019294
0 0.392713 0.279164 0.011007 0.016869
0 0.343528 0.091352 0.010233 0.015574
0 0.460790 0.537634 0.012948 0.017189
0 0.282075 0.165059 0.013497 0.019991
0 0.237199 0.444699 0.010631 0.014166
0 0.487055 0.069421 0.010718 0.017026
0 0.278460 0.689634 0.012916 0.017512
0 0.512795 0.105905 0.009485 0.014105
0 0.255538 0.485040 0.010539 0.014893
0 0.111875 0.215172 0.014302 0.020226
0 0.332882 0.682222 0.015419 0.023649
0 0.417806 0.182011 0.010629 0.014890
0 0.529138 0.226848 0.012380 0.017670