0 0.391654 0.835552 0.017747 0.013159
0 0.356294 0.631815 0.015804 0.012339
0 0.341175 0.583793 0.017692 0.014534
0 0.305012 0.546138 0.017556 0.013595
0 0.375157 0.542670 0.015811 0.013120
0 0.473205 0.964766 0.023948 0.017995
0 0.656981 0.661496 0.019054 0.013832
0 0.412438 0.519727 0.018141 0.013792
0 0.661328 0.580052 0.019669 0.014953
0 0.129909 0.732029 0.018098 0.013544
0 0.512554 0.953018 0.022227 0.017056
0 0.364619 0.952724 0.023031 0.017371
0 0.546620 0.868818 0.018799 0.014713
0 0.664174 0.721873 0.015947 0.012386
0 0.628856 0.645068 0.015890 0.012142
0 0.756502 0.710081 0.016680 0.012692
0 0.491316 0.890293 0.019578 0.015047
0 0.736022 0.841901 0.018756 0.015005
0 0.625365 0.957637 0.021158 0.016142
0 0.295223 0.505906 0.017585 0.014180
0 0.235281 0.658201 0.015815 0.011573
0 0.663562 0.749122 0.014889 0.011590
1 0.300257 0.722595 0.058260 0.063972
0 0.628974 0.670847 0.017835 0.013135
1 0.288599 0.668988 0.047187 0.044270
0 0.591848 0.956764 0.021461 0.016735
0 0.610051 0.602453 0.019292 0.015587
0 0.559176 0.694644 0.015157 0.012374
0 0.154487 0.523084 0.019910 0.015388
0 0.197258 0.691039 0.016473 0.012317
0 0.217212 0.615060 0.016301 0.013260
0 0.496830 0.864977 0.016660 0.012911
0 0.717635 0.644664 0.019365 0.014476
0 0.373695 0.515007 0.014072 0.012222
0 0.132186 0.558223 0.022993 0.017783
0 0.685286 0.618851 0.016847 0.012498
0 0.423692 0.789727 0.015443 0.012203
0 0.740489 0.688434 0.013674 0.012093
0 0.526239 0.848995 0.018944 0.014227
0 0.667277 0.821896 0.014950 0.012524
0 0.245808 0.686960 0.016922 0.012219
0 0.601006 0.803384 0.014593 0.012442
0 0.748256 0.633358 0.018665 0.016652
0 0.657930 0.949633 0.020090 0.013670
0 0.778983 0.730937 0.015808 0.011909
0 0.271661 0.446270 0.021704 0.016066
0 0.799280 0.820186 0.016051 0.012259
0 0.624419 0.789253 0.014330 0.010639
0 0.484117 0.705794 0.019077 0.015567
1 0.575182 0.763129 0.046693 0.038288
0 0.244364 0.519280 0.016294 0.012870
0 0.380993 0.794582 0.017477 0.016543
0 0.819954 0.834260 0.017515 0.013323
0 0.510073 0.647234 0.015599 0.012532
0 0.194224 0.589428 0.017001 0.014017
0 0.252162 0.478838 0.016887 0.013243
1 0.501661 0.797604 0.119670 0.096974
0 0.192489 0.559991 0.016638 0.013820
0 0.201273 0.465090 0.024196 0.021563
0 0.184008 0.665318 0.015139 0.012038
1 0.111622 0.763802 0.053581 0.036348
0 0.239697 0.789538 0.017352 0.013549
0 0.346300 0.862525 0.018598 0.014507
1 0.483016 0.674653 0.051337 0.039866
0 0.564134 0.409110 0.018338 0.014050
0 0.786455 0.667991 0.015176 0.011004
0 0.605034 0.664323 0.017072 0.012663
0 0.213927 0.881391 0.018114 0.014852
0 0.707549 0.849870 0.018778 0.014644
0 0.541240 0.538084 0.015583 0.012098
0 0.416172 0.591633 0.015874 0.011976
0 0.442236 0.447393 0.012475 0.011406
0 0.454485 0.538603 0.018293 0.016004
0 0.315706 0.416520 0.023036 0.015344
0 0.446785 0.900526 0.018026 0.014128
1 0.402026 0.613660 0.039566 0.034932
0 0.768524 0.857311 0.019948 0.014919
0 0.232035 0.539212 0.019374 0.016622
0 0.692327 0.636409 0.017895 0.013164
0 0.150999 0.770079 0.015576 0.012543
0 0.504537 0.382560 0.014409 0.010796
0 0.399346 0.568592 0.014073 0.010887
0 0.644083 0.693890 0.018608 0.015038
0 0.624217 0.763149 0.014051 0.012061
0 0.713410 0.709476 0.013459 0.010859
0 0.188306 0.762808 0.019790 0.014253
0 0.369161 0.592594 0.015824 0.011930
0 0.785059 0.847758 0.018070 0.013033
0 0.213871 0.794963 0.016377 0.013240
0 0.560112 0.383047 0.021443 0.015094
0 0.645293 0.798903 0.013981 0.011379
0 0.564788 0.836691 0.014492 0.011635
0 0.408471 0.453774 0.013889 0.012343
1 0.603734 0.563872 0.030330 0.026320
0 0.477251 0.504928 0.015206 0.012100
0 0.441788 0.665092 0.014681 0.012287
0 0.622645 0.858825 0.016167 0.013578
0 0.757409 0.774617 0.014027 0.010756
0 0.867735 0.712481 0.014366 0.010971
0 0.126140 0.653047 0.016373 0.012414
1 0.538697 0.762181 0.044091 0.038465
0 0.399810 0.857707 0.016412 0.012929
0 0.447673 0.573212 0.013820 0.011127
0 0.804025 0.716883 0.019108 0.016004
0 0.795447 0.775652 0.018358 0.011604
0 0.430016 0.556787 0.016169 0.013966
0 0.777349 0.605828 0.014616 0.012586
0 0.632656 0.587242 0.017116 0.012205
0 0.372054 0.495188 0.015389 0.011323
0 0.566724 0.909825 0.017302 0.014253
0 0.074875 0.702458 0.015553 0.013867
0 0.876865 0.658816 0.015351 0.011556
0 0.431801 0.826627 0.014807 0.012650
0 0.078205 0.673831 0.015255 0.013138
0 0.713916 0.819807 0.013607 0.010428
0 0.221644 0.921029 0.018364 0.013730
0 0.215915 0.440420 0.016523 0.014070
0 0.394799 0.638607 0.016319 0.011436
1 0.554652 0.591097 0.050601 0.033433
1 0.513689 0.574832 0.053010 0.033433
1 0.479955 0.589289 0.048191 0.026204
1 0.371525 0.471371 0.050601 0.028915
1 0.529552 0.509037 0.063853 0.033164
1 0.413250 0.409996 0.064211 0.039047