0 0.420354 0.347102 0.012275 0.010280
0 0.543857 0.428967 0.015140 0.011868
0 0.571184 0.415492 0.012203 0.012891
0 0.433723 0.572411 0.019989 0.015778
0 0.553814 0.396136 0.014821 0.014006
0 0.505241 0.437442 0.016160 0.012222
0 0.527670 0.542849 0.011291 0.011313
0 0.219207 0.308557 0.011567 0.008412
0 0.606743 0.467992 0.015620 0.011311
0 0.381476 0.366615 0.014555 0.009379
0 0.162753 0.324488 0.014410 0.011487
0 0.493977 0.401934 0.015883 0.013026
0 0.633150 0.602656 0.019972 0.014833
0 0.230724 0.655194 0.017533 0.012941
0 0.397994 0.333917 0.015092 0.010996
0 0.227914 0.237197 0.011942 0.009999
0 0.469415 0.421400 0.015196 0.009834
0 0.379642 0.268868 0.016007 0.014716
0 0.229575 0.395942 0.014432 0.011748
0 0.237535 0.255487 0.011701 0.012477
0 0.342834 0.452477 0.015294 0.012624
0 0.566344 0.353840 0.013184 0.011379
0 0.622664 0.487200 0.014546 0.009657
0 0.312001 0.349188 0.015235 0.012329
0 0.146066 0.439196 0.016128 0.012895
0 0.315170 0.469277 0.015979 0.014936
0 0.075146 0.396826 0.013319 0.009535
0 0.203555 0.403467 0.019947 0.012965
0 0.535412 0.403971 0.011688 0.008673
0 0.520030 0.422123 0.011132 0.007082
0 0.620852 0.620117 0.016320 0.010675
0 0.624939 0.421625 0.016744 0.011941
0 0.212712 0.452415 0.017068 0.012122
0 0.688079 0.562776 0.010045 0.009111
0 0.256452 0.646698 0.015759 0.010512
1 0.405321 0.628521 0.048513 0.041080
1 0.479656 0.543427 0.043818 0.044601
1 0.715962 0.388498 0.040689 0.035211
1 0.478091 0.357394 0.034429 0.031690
1 0.163537 0.367371 0.062598 0.058685
1 0.161189 0.269366 0.064163 0.043427
1 0.321596 0.229460 0.046948 0.041080