0 0.540885 0.496648 0.012755 0.018651
0 0.548596 0.681545 0.012132 0.015583
0 0.695880 0.358202 0.014630 0.021513
0 0.458003 0.372859 0.010198 0.014271
0 0.327375 0.301247 0.013787 0.018805
0 0.414428 0.528023 0.011193 0.014861
0 0.593402 0.406134 0.012278 0.017579
0 0.494436 0.544839 0.010291 0.014371
0 0.400674 0.647998 0.009552 0.013714
0 0.330295 0.364726 0.010882 0.016350
0 0.413538 0.297433 0.011791 0.018132
0 0.422298 0.868946 0.012143 0.017138
0 0.402951 0.851334 0.011761 0.015744
0 0.414202 0.429661 0.012698 0.017206
0 0.592633 0.776740 0.010565 0.014069
0 0.527489 0.843873 0.010108 0.014352
0 0.313092 0.603957 0.010527 0.014922
0 0.496411 0.512465 0.012885 0.016173
0 0.268705 0.411452 0.012870 0.015899
0 0.708578 0.473333 0.014230 0.019183
0 0.405004 0.604090 0.009794 0.013392
0 0.348021 0.448272 0.009890 0.013003
0 0.304557 0.863512 0.013714 0.018037
0 0.618996 0.825757 0.013633 0.019517
0 0.714050 0.377452 0.012783 0.019038
0 0.443729 0.765291 0.012137 0.015792
0 0.507989 0.437420 0.012441 0.017900
0 0.366363 0.351848 0.013814 0.018607
0 0.668814 0.365147 0.013689 0.020163
0 0.342911 0.545025 0.009864 0.014276
0 0.423061 0.473093 0.014244 0.017301
0 0.324919 0.460261 0.010781 0.014741
0 0.438803 0.905589 0.011741 0.015380
0 0.467015 0.462101 0.011104 0.016648
0 0.309475 0.329972 0.013385 0.018108
0 0.427885 0.662417 0.009080 0.010818
0 0.443804 0.305189 0.012301 0.020335
0 0.471516 0.585029 0.011651 0.016280
0 0.375727 0.656854 0.010388 0.014084
0 0.468912 0.658669 0.012612 0.016561
0 0.267015 0.469167 0.011498 0.015737
0 0.561580 0.802946 0.011745 0.015610
0 0.645524 0.332502 0.010112 0.014425
0 0.375119 0.608365 0.011852 0.014896
0 0.412939 0.811914 0.010671 0.014882
0 0.668745 0.446813 0.014306 0.018979
0 0.611527 0.387380 0.015089 0.016598
0 0.244017 0.567751 0.015080 0.018320
0 0.734622 0.430818 0.013533 0.019145
0 0.517248 0.915988 0.010617 0.013960
0 0.483119 0.716890 0.011980 0.018533
0 0.261117 0.510518 0.013271 0.020003
0 0.507876 0.626550 0.015511 0.021986
0 0.353259 0.894766 0.010933 0.014192
1 0.579674 0.550411 0.037528 0.048028
0 0.552430 0.912773 0.016975 0.023019
0 0.510646 0.721925 0.013390 0.017738
0 0.340948 0.489705 0.009752 0.012811
0 0.485641 0.832423 0.009930 0.014248
0 0.362952 0.586242 0.010474 0.013904
0 0.412180 0.722001 0.009737 0.014156
0 0.650562 0.452126 0.013085 0.018159
0 0.670562 0.321252 0.011670 0.015087
0 0.497225 0.657696 0.013701 0.016161
0 0.537389 0.426602 0.011436 0.016106
0 0.392592 0.700938 0.009274 0.013986
0 0.591387 0.738293 0.012749 0.017125
0 0.230379 0.435872 0.011791 0.019525
0 0.615009 0.360866 0.013679 0.018915
0 0.630793 0.438199 0.012115 0.016836
0 0.224702 0.695275 0.011849 0.016552
1 0.771852 0.573167 0.034552 0.045868
0 0.403345 0.505521 0.011284 0.017325
0 0.462314 0.812107 0.011424 0.017126
0 0.363522 0.538725 0.012482 0.019659
0 0.452285 0.859564 0.014057 0.022187
0 0.242732 0.713903 0.010598 0.016107
0 0.395464 0.915472 0.011126 0.015152
0 0.304120 0.814310 0.010786 0.015124
0 0.664158 0.639385 0.015873 0.019350
0 0.455891 0.943608 0.014062 0.020247
0 0.575260 0.589745 0.011036 0.015115
0 0.362095 0.325503 0.013977 0.016510
0 0.604598 0.492512 0.010242 0.014447
0 0.436574 0.438709 0.012741 0.019248
0 0.399172 0.950635 0.014085 0.019173
0 0.616625 0.796923 0.010752 0.013964
0 0.579127 0.723687 0.013205 0.017872
0 0.266816 0.560682 0.009493 0.013048
0 0.382350 0.549233 0.009350 0.013413
0 0.449555 0.688774 0.008558 0.012288
0 0.364461 0.759348 0.009746 0.013292
0 0.522241 0.955342 0.012468 0.016517
0 0.608351 0.910195 0.012475 0.015300
0 0.430203 0.398345 0.014506 0.020826
0 0.561783 0.356870 0.012330 0.016785
1 0.496239 0.402199 0.036091 0.044669
0 0.309094 0.653209 0.014727 0.020964
0 0.426709 0.561046 0.009364 0.014170
0 0.485452 0.213437 0.011524 0.017311
0 0.339214 0.885496 0.011225 0.015925
0 0.414930 0.954833 0.014173 0.017767
0 0.451293 0.513586 0.010736 0.019663
0 0.249067 0.377063 0.011866 0.017169
0 0.437258 0.590668 0.008082 0.011267
0 0.634694 0.748641 0.014165 0.017430
0 0.453110 0.990032 0.014692 0.018134
0 0.320012 0.833313 0.010421 0.013949
0 0.574374 0.295131 0.012615 0.021495
0 0.227601 0.585165 0.011229 0.016090
0 0.644937 0.718698 0.012649 0.017872
0 0.626532 0.897122 0.014320 0.018629
0 0.268468 0.358434 0.012005 0.017446
0 0.513252 0.885874 0.009948 0.013012
0 0.336477 0.850875 0.010284 0.014102
0 0.516911 0.578435 0.012442 0.016266
0 0.530842 0.283975 0.011608 0.017629
0 0.429841 0.839685 0.011610 0.018798
0 0.443098 0.286084 0.009455 0.015568
1 0.507676 0.300865 0.029844 0.050875
0 0.353585 0.708010 0.009810 0.013681
0 0.454577 0.399307 0.009972 0.012983
0 0.669639 0.680583 0.016215 0.019271
0 0.584782 0.444463 0.015275 0.017457
0 0.624879 0.722787 0.010232 0.014869
0 0.675252 0.397213 0.011756 0.015492
0 0.602592 0.850765 0.012622 0.015890
1 0.316044 0.506863 0.027037 0.034758
0 0.593343 0.452987 0.011159 0.016189
0 0.593991 0.602562 0.011345 0.016616
0 0.477448 0.897770 0.014105 0.017644
0 0.480230 0.295286 0.010776 0.018340
0 0.608676 0.751618 0.011917 0.017016
0 0.301719 0.308804 0.013211 0.018853
0 0.264989 0.760710 0.014641 0.020957
0 0.500762 0.972160 0.018477 0.021326
0 0.378701 0.469344 0.012565 0.015876
0 0.608732 0.320978 0.012781 0.015855
0 0.534119 0.415380 0.010700 0.017532
0 0.364472 0.853716 0.012478 0.016441
0 0.490808 0.941487 0.012908 0.018808
0 0.263907 0.727764 0.008845 0.012805
0 0.481319 0.867029 0.009635 0.015840
0 0.394012 0.355134 0.012889 0.022972
0 0.583644 0.825489 0.011667 0.018123
0 0.624438 0.422203 0.012911 0.018894
0 0.577304 0.803543 0.014330 0.016697
0 0.438681 0.256886 0.008938 0.015937
0 0.398272 0.344788 0.011051 0.016436
0 0.676101 0.884599 0.010595 0.014107
1 0.307840 0.728073 0.036540 0.051160
0 0.383055 0.524107 0.008852 0.011847
0 0.530878 0.983731 0.010767 0.015691
0 0.418515 0.693028 0.012196 0.014090
0 0.444425 0.619601 0.009479 0.016138
1 0.496069 0.761655 0.027978 0.034931
0 0.489985 0.909199 0.009747 0.013734
0 0.474860 0.612517 0.010099 0.015891
0 0.355297 0.253884 0.015256 0.021686
0 0.739106 0.450416 0.015811 0.018142
0 0.472125 0.959071 0.013344 0.017614
0 0.601463 0.932702 0.012188 0.016545
0 0.556992 0.993663 0.012432 0.012117
0 0.414376 0.691809 0.011867 0.013276
0 0.295717 0.392753 0.009315 0.013633
0 0.521459 0.660133 0.011329 0.014094
0 0.571577 0.419245 0.008826 0.013924
0 0.575085 0.365598 0.010489 0.014641
0 0.636711 0.376173 0.009569 0.012300
0 0.322823 0.776706 0.009479 0.013301
0 0.287504 0.503449 0.009482 0.013186
0 0.684011 0.672751 0.011053 0.014671
0 0.755640 0.511422 0.012269 0.016195
0 0.328386 0.425680 0.009190 0.011878
0 0.419285 0.932485 0.011262 0.016699
0 0.652411 0.855462 0.012936 0.015449
0 0.631460 0.914679 0.016176 0.014494
0 0.443193 0.962004 0.012874 0.016757
0 0.454337 0.326478 0.009643 0.013547
0 0.362906 0.677587 0.010842 0.013529
0 0.686833 0.389513 0.012090 0.015513
0 0.624266 0.276799 0.010790 0.017427
0 0.646187 0.879165 0.010721 0.014624
0 0.477208 0.629083 0.009717 0.015853
0 0.521556 0.237665 0.008611 0.013670
0 0.397723 0.563631 0.011177 0.014395
0 0.600063 0.801235 0.011326 0.015004
0 0.475706 0.623732 0.009363 0.018478
0 0.436827 0.503964 0.010941 0.016685
0 0.342964 0.769110 0.009239 0.014557
0 0.272343 0.447364 0.010477 0.013537
0 0.629246 0.667822 0.011057 0.015818
0 0.491195 0.993665 0.014114 0.012669
0 0.301241 0.480363 0.011979 0.016976
0 0.192192 0.585636 0.011187 0.016933