0 0.126356 0.747736 0.020759 0.016159
0 0.571553 0.666273 0.016769 0.011179
0 0.340337 0.470394 0.016810 0.012522
0 0.573471 0.844337 0.015532 0.013083
0 0.259453 0.598987 0.016308 0.012235
0 0.519516 0.828936 0.015442 0.013033
0 0.375393 0.435534 0.014425 0.011631
0 0.571625 0.462907 0.014844 0.011984
0 0.747284 0.528134 0.016681 0.012402
0 0.646709 0.525084 0.016003 0.012906
0 0.365866 0.653585 0.015915 0.009894
0 0.405201 0.831685 0.017965 0.014205
0 0.557895 0.413302 0.020002 0.013550
0 0.491901 0.814636 0.019942 0.013388
0 0.328083 0.765850 0.018267 0.013451
0 0.191192 0.564646 0.018917 0.013003
0 0.327197 0.499321 0.013806 0.009688
0 0.128180 0.508713 0.016936 0.013618
0 0.136742 0.714580 0.021293 0.015143
0 0.431070 0.852730 0.022460 0.013858
0 0.491357 0.674172 0.015599 0.014584
0 0.288249 0.472184 0.012342 0.007979
0 0.547667 0.566554 0.018585 0.012215
0 0.443846 0.827528 0.020131 0.013287
0 0.624017 0.667448 0.016446 0.011761
0 0.326512 0.441321 0.015428 0.012153
0 0.427456 0.774319 0.015509 0.011776
0 0.337266 0.814204 0.022526 0.019686
0 0.419385 0.357507 0.015060 0.010667
0 0.555968 0.514765 0.014206 0.008924
0 0.187379 0.342741 0.019382 0.015241
0 0.280653 0.510105 0.015046 0.013047
0 0.416707 0.714817 0.013847 0.010704
0 0.338063 0.531202 0.014126 0.010626
0 0.299280 0.529138 0.012024 0.008398
0 0.223207 0.471858 0.011410 0.009017
0 0.241717 0.530250 0.014721 0.009586
0 0.306799 0.356088 0.016555 0.011330
0 0.347393 0.692988 0.015841 0.009894
0 0.261314 0.473858 0.011986 0.009730
0 0.296951 0.446571 0.017323 0.012438
0 0.600424 0.352575 0.013581 0.008977
0 0.297316 0.409539 0.016456 0.011627
0 0.558172 0.815790 0.017139 0.010761
0 0.377004 0.799657 0.019994 0.016559
0 0.573341 0.635504 0.013734 0.010167
0 0.166752 0.529868 0.015873 0.011644
0 0.173119 0.482270 0.013834 0.011485
0 0.540142 0.480691 0.017380 0.014793
0 0.715325 0.423784 0.025143 0.017812
0 0.594217 0.620379 0.016451 0.014385
0 0.305705 0.574362 0.013947 0.010067
0 0.557708 0.532177 0.015385 0.010647
0 0.215733 0.565892 0.017597 0.013626
0 0.301831 0.641512 0.016548 0.014038
0 0.643506 0.502121 0.016189 0.010687
0 0.110465 0.579976 0.012086 0.010997
0 0.374184 0.746046 0.019876 0.013118
0 0.564825 0.479702 0.018851 0.010879
0 0.477724 0.303361 0.012757 0.010636
0 0.297674 0.375576 0.015387 0.010023
0 0.581574 0.529435 0.015982 0.011088
0 0.216356 0.754635 0.014571 0.013594
0 0.358205 0.328878 0.010805 0.008791
0 0.453766 0.346474 0.015126 0.011231
0 0.445638 0.671815 0.016413 0.010451
0 0.776310 0.499437 0.018289 0.011734
0 0.392634 0.610154 0.016705 0.013771
0 0.640517 0.784663 0.015202 0.010360
0 0.159699 0.501697 0.016886 0.010140
0 0.474172 0.658915 0.017402 0.011147
0 0.442345 0.727379 0.014588 0.010434
0 0.430826 0.608776 0.014307 0.009261
0 0.605811 0.813620 0.017687 0.014760
0 0.512059 0.458964 0.010657 0.008485
0 0.435420 0.587707 0.011901 0.009343
0 0.160536 0.446553 0.012992 0.011281
0 0.651609 0.716061 0.017270 0.012486
0 0.655258 0.644447 0.014604 0.010815
0 0.598167 0.852117 0.015445 0.013828
0 0.606943 0.773699 0.015873 0.012017
0 0.357172 0.306321 0.009320 0.008527
0 0.770760 0.554147 0.024536 0.014983
0 0.745785 0.433414 0.016668 0.010473
0 0.326644 0.365479 0.015128 0.010783
0 0.303243 0.590883 0.014874 0.009194
0 0.584500 0.477231 0.013141 0.009427
0 0.198103 0.501368 0.012248 0.009720
0 0.149255 0.745308 0.015455 0.012612
0 0.347953 0.547529 0.013632 0.009673
0 0.664834 0.558826 0.017683 0.013339
0 0.604499 0.425432 0.023346 0.015330
0 0.395660 0.358719 0.011978 0.009265
0 0.214213 0.422700 0.013381 0.010642
0 0.350863 0.857760 0.021095 0.015673
0 0.169023 0.548016 0.015282 0.011371
0 0.568337 0.552301 0.017948 0.010696
0 0.466529 0.737005 0.014497 0.011926
0 0.409768 0.375269 0.020386 0.010502
0 0.017954 0.560276 0.018039 0.012151
0 0.675608 0.473204 0.021062 0.013804
0 0.276592 0.582239 0.012988 0.008425
0 0.040593 0.504932 0.018272 0.012793
0 0.115690 0.471772 0.012503 0.008781
0 0.392395 0.571239 0.024055 0.013215
0 0.098883 0.532014 0.020336 0.012389
0 0.423256 0.286701 0.012998 0.008088
0 0.339497 0.289980 0.014256 0.009469
0 0.702917 0.453188 0.013862 0.008788
0 0.514900 0.854575 0.016211 0.012461
0 0.245390 0.506060 0.014473 0.011685
0 0.485357 0.613444 0.022541 0.013824
0 0.197799 0.378911 0.013722 0.010081
0 0.684770 0.731691 0.011553 0.006579
0 0.089963 0.509963 0.013074 0.009885
0 0.478942 0.636083 0.015978 0.010508
0 0.286712 0.490260 0.011095 0.007519
0 0.450710 0.315008 0.011531 0.010457
0 0.051841 0.663122 0.012513 0.009526
0 0.214202 0.382184 0.014073 0.008571
0 0.385389 0.720048 0.012192 0.008259
0 0.127515 0.447973 0.011329 0.011202
0 0.748800 0.451417 0.013684 0.009251
0 0.261277 0.528477 0.013396 0.010494
0 0.111091 0.547756 0.013373 0.009624
0 0.313481 0.656984 0.013279 0.010061
0 0.754563 0.494488 0.011318 0.008969
0 0.612141 0.430217 0.015010 0.011566
0 0.567846 0.332307 0.021599 0.013951
0 0.140805 0.416119 0.011280 0.011007
0 0.355899 0.481414 0.015574 0.011121
0 0.590717 0.375325 0.022796 0.011163
0 0.118933 0.529628 0.014614 0.010993
0 0.212741 0.326797 0.018849 0.014600
0 0.399336 0.609177 0.022608 0.013246
0 0.695225 0.688968 0.015556 0.011396
0 0.667600 0.384154 0.009435 0.011299
0 0.072652 0.724713 0.016306 0.011272
0 0.635955 0.781197 0.018586 0.013020
0 0.097556 0.460046 0.014684 0.012782
0 0.700179 0.449374 0.013835 0.013021
0 0.180525 0.450862 0.013788 0.012023
0 0.384266 0.573277 0.024996 0.015208
0 0.518326 0.657185 0.014107 0.011871
0 0.622237 0.753681 0.013562 0.008958
0 0.565970 0.474279 0.016392 0.016095
0 0.479152 0.610840 0.023706 0.013330
0 0.406411 0.327626 0.016278 0.011452
0 0.304719 0.314083 0.012582 0.010900
0 0.356244 0.313339 0.010911 0.016655
0 0.501356 0.428370 0.010720 0.009762
0 0.280739 0.646181 0.014071 0.010605
0 0.375571 0.287234 0.017482 0.010171
0 0.314845 0.588142 0.013401 0.008907
0 0.304806 0.578144 0.017435 0.016409
0 0.445920 0.722755 0.019752 0.019550
0 0.167159 0.448566 0.022106 0.011675
0 0.135349 0.429454 0.010898 0.014006
0 0.332468 0.311222 0.011730 0.009987
0 0.536203 0.667584 0.013500 0.012639
0 0.636363 0.488317 0.013277 0.010185
1 0.057121 0.614437 0.068858 0.036385
1 0.298905 0.691901 0.057903 0.038732
1 0.757433 0.738263 0.048513 0.039906