1 0.256232 0.521272 0.055369 0.034689
1 0.137895 0.924156 0.058186 0.043504
1 0.223984 0.665148 0.062427 0.043842
1 0.130228 0.554821 0.062653 0.038494
1 0.565212 0.625061 0.056454 0.039496
1 0.618038 0.671604 0.051059 0.036136
0 0.604851 0.476925 0.019368 0.014058
0 0.256055 0.596803 0.017803 0.012786
1 0.255391 0.401351 0.041498 0.027884
0 0.642416 0.843728 0.017976 0.012364
0 0.423052 0.644813 0.016969 0.011514
0 0.655626 0.494829 0.018161 0.012963
1 0.515152 0.978515 0.046459 0.037251
0 0.495013 0.845447 0.019718 0.013890
0 0.572134 0.761246 0.016743 0.011718
0 0.200587 0.880050 0.019032 0.013487
1 0.429146 0.683003 0.045052 0.033925
1 0.261720 0.476816 0.047044 0.034072
0 0.530751 0.498644 0.020707 0.014681
0 0.130542 0.697652 0.019173 0.012395
0 0.472743 0.776978 0.020115 0.014629
0 0.280043 0.825562 0.020802 0.014070
0 0.208110 0.708862 0.019040 0.013489
1 0.732453 0.487874 0.048627 0.039579
0 0.780334 0.547949 0.020128 0.015563
0 0.444376 0.609888 0.017681 0.012443
0 0.114357 0.620993 0.017715 0.012484
0 0.367323 0.554336 0.018127 0.012338
0 0.565657 0.504728 0.019380 0.013699
0 0.502301 0.756963 0.017850 0.012730
0 0.656324 0.679285 0.016779 0.012811
0 0.555108 0.398637 0.025938 0.020874
1 0.355695 0.444266 0.043575 0.026264
1 0.475955 0.960272 0.053952 0.041552
0 0.684812 0.810654 0.018323 0.013395
0 0.637606 0.794485 0.016646 0.012099
0 0.329197 0.872989 0.024142 0.016147
0 0.472418 0.713718 0.017057 0.011527
0 0.081948 0.543214 0.015741 0.010967
0 0.512995 0.890933 0.019925 0.013568
1 0.413242 0.385382 0.050087 0.030717
0 0.206515 0.557021 0.016986 0.011945
0 0.351842 0.733224 0.020132 0.015016
0 0.556657 0.653935 0.016109 0.010352
0 0.231340 0.620074 0.016890 0.011447
0 0.625571 0.512216 0.018778 0.013353
0 0.717743 0.723815 0.016568 0.012463
0 0.061738 0.616957 0.017737 0.012073
0 0.086314 0.727356 0.018101 0.012832
0 0.046971 0.711205 0.019503 0.015047
1 0.359954 0.416438 0.041736 0.028181
0 0.607593 0.562530 0.024485 0.018107
0 0.026434 0.720070 0.018531 0.013553
0 0.236590 0.551687 0.015546 0.011158
0 0.156623 0.703621 0.016428 0.012997
0 0.469059 0.733862 0.016724 0.011826
1 0.348656 0.676688 0.086991 0.042976
0 0.489040 0.795182 0.019115 0.014059
1 0.354533 0.498119 0.048808 0.030678
0 0.472559 0.655183 0.017268 0.012038
0 0.090530 0.582858 0.017938 0.012551
0 0.671240 0.788276 0.017124 0.011958
0 0.325674 0.753712 0.019216 0.013594
0 0.462441 0.493921 0.019704 0.015285
0 0.182794 0.569939 0.016874 0.011425
0 0.426669 0.582830 0.025115 0.016235
0 0.426109 0.525256 0.020515 0.016630
0 0.144234 0.883980 0.015839 0.010257
0 0.663420 0.594091 0.016767 0.011515
0 0.474008 0.625221 0.017905 0.011771
0 0.012247 0.595186 0.017496 0.012457
0 0.575546 0.850240 0.018023 0.013036
0 0.685357 0.704264 0.015791 0.010826
0 0.103708 0.532710 0.015488 0.010745
1 0.684625 0.915481 0.044901 0.033575
0 0.626807 0.722177 0.016067 0.010997
0 0.576332 0.466465 0.017951 0.012251
0 0.496708 0.512783 0.017361 0.013265
0 0.173717 0.713724 0.018662 0.012962
0 0.518136 0.664928 0.015625 0.010062
0 0.543305 0.697079 0.019838 0.014644
0 0.746456 0.741608 0.016708 0.011023
0 0.189023 0.777313 0.019671 0.014079
0 0.644607 0.869304 0.022673 0.013056
0 0.717647 0.590787 0.015281 0.010490
0 0.677632 0.730777 0.015690 0.010235
0 0.284662 0.611142 0.016998 0.012181
0 0.145331 0.656331 0.016081 0.010904
0 0.126365 0.488201 0.016155 0.011873
0 0.486057 0.671467 0.019436 0.014050
0 0.519114 0.644334 0.015284 0.010401
0 0.426108 0.710987 0.015523 0.010453
0 0.654652 0.816587 0.017130 0.011554
0 0.695078 0.648442 0.017368 0.012863
1 0.542839 0.933300 0.039615 0.028515
0 0.105595 0.669334 0.015464 0.010707
0 0.451613 0.398793 0.016380 0.013023
0 0.056794 0.569478 0.016064 0.012255
0 0.371687 0.574692 0.015881 0.012087
0 0.693933 0.753584 0.015862 0.010886
0 0.518122 0.625597 0.016935 0.012396
0 0.521042 0.384303 0.016352 0.012474
0 0.094110 0.606787 0.015215 0.009228
0 0.296641 0.425961 0.013836 0.009500
0 0.327372 0.571056 0.015460 0.012134
0 0.320230 0.991232 0.023218 0.012592
0 0.530579 0.854391 0.019433 0.012314
0 0.297948 0.575439 0.016221 0.011692
0 0.398183 0.725976 0.016997 0.010946
0 0.465493 0.688932 0.016170 0.010410
0 0.408719 0.549689 0.015962 0.011073
0 0.270505 0.687972 0.015750 0.011758
0 0.580626 0.677722 0.016158 0.010571
0 0.746840 0.527612 0.018521 0.012029
0 0.310160 0.799422 0.017526 0.013255
0 0.423026 0.870433 0.020251 0.015875
0 0.481864 0.438654 0.016698 0.012284
0 0.662847 0.635648 0.015216 0.010504
0 0.184248 0.630890 0.015212 0.010277
0 0.645274 0.776804 0.016478 0.010783
0 0.179265 0.916800 0.015805 0.010463
0 0.680510 0.763862 0.015169 0.009806
0 0.481559 0.566124 0.020956 0.013878
0 0.307101 0.534573 0.014789 0.009207
0 0.072292 0.674352 0.016587 0.011529
0 0.378628 0.527009 0.017476 0.010954
0 0.586233 0.790254 0.015485 0.010346
0 0.519230 0.823995 0.019219 0.012528
0 0.539429 0.747791 0.016648 0.012746
0 0.810276 0.685151 0.018792 0.011523
0 0.806123 0.645541 0.023260 0.013833
0 0.420967 0.462866 0.016862 0.012522
0 0.489057 0.486426 0.020444 0.013048
0 0.665350 0.619425 0.016409 0.010340
0 0.282420 0.451982 0.014070 0.008986
0 0.478027 0.544534 0.014454 0.010713
0 0.470525 0.753916 0.013298 0.009351
0 0.415658 0.428770 0.016761 0.011899