0 0.266392 0.980606 0.027706 0.019474
0 0.282277 0.927346 0.027390 0.020498
0 0.228324 0.697783 0.017260 0.013311
0 0.655927 0.787426 0.021007 0.015092
0 0.274152 0.732851 0.016885 0.012887
1 0.453978 0.806860 0.051112 0.038077
0 0.581380 0.935829 0.023124 0.018195
0 0.225990 0.833844 0.025666 0.019810
0 0.417974 0.558610 0.023108 0.016881
0 0.719458 0.774776 0.036336 0.024530
0 0.360838 0.864594 0.022440 0.017393
0 0.413881 0.727827 0.017648 0.013321
0 0.577353 0.763305 0.018061 0.013778
0 0.364844 0.938330 0.027620 0.018973
0 0.626522 0.812420 0.018514 0.012804
0 0.574347 0.872180 0.026542 0.019633
1 0.525636 0.895633 0.041057 0.033644
0 0.548427 0.605206 0.020861 0.019049
1 0.640041 0.913617 0.038705 0.034400
0 0.363904 0.776351 0.034202 0.022156
0 0.300650 0.634581 0.025556 0.016017
0 0.308531 0.599776 0.036362 0.024445
0 0.703677 0.529928 0.018021 0.013992
0 0.564749 0.911810 0.027787 0.020443
0 0.751009 0.645887 0.020718 0.017492
1 0.609129 0.844764 0.044482 0.034204
0 0.681861 0.703575 0.031551 0.023931
0 0.236056 0.779908 0.023752 0.018897
0 0.549132 0.770043 0.022140 0.016295
0 0.514453 0.626914 0.016607 0.013816
1 0.166338 0.039552 0.101866 0.067465
0 0.593585 0.819426 0.015369 0.013243
0 0.240680 0.986480 0.019912 0.015997
0 0.440903 0.596312 0.020578 0.018330
0 0.564061 0.507635 0.013478 0.011458
0 0.141320 0.936519 0.015239 0.011819
0 0.447487 0.873439 0.034562 0.025307
0 0.322055 0.683625 0.023806 0.014890
0 0.284979 0.679442 0.020314 0.012866
0 0.315868 0.570905 0.013924 0.011714
0 0.491731 0.950000 0.018925 0.016189
1 0.272130 0.527394 0.044577 0.028915
1 0.544411 0.744556 0.042167 0.027108