0 0.459643 0.496612 0.016269 0.013685
0 0.669261 0.398529 0.015998 0.013335
0 0.489809 0.677039 0.015866 0.012308
0 0.298760 0.503315 0.018170 0.014162
0 0.622813 0.630370 0.015869 0.011752
0 0.376130 0.425442 0.016606 0.013444
0 0.592002 0.846128 0.020043 0.015360
0 0.247321 0.556342 0.014721 0.011272
0 0.286339 0.444568 0.014064 0.012371
0 0.509229 0.492692 0.015043 0.011373
0 0.246386 0.448335 0.013895 0.010920
1 0.426872 0.675008 0.043844 0.042949
0 0.670086 0.628780 0.014659 0.011258
0 0.560585 0.691187 0.013312 0.010220
0 0.340365 0.694938 0.014048 0.011144
0 0.837826 0.585567 0.016069 0.012856
0 0.614892 0.866968 0.020251 0.014096
0 0.191784 0.593807 0.015200 0.013126
0 0.520140 0.703618 0.014685 0.013131
0 0.519222 0.869023 0.020273 0.015007
0 0.604855 0.560652 0.015320 0.012290
0 0.364691 0.455319 0.017321 0.012360
1 0.811916 0.612144 0.041448 0.027728
0 0.340963 0.443252 0.015994 0.012762
0 0.634778 0.508946 0.016309 0.013508
0 0.856787 0.518765 0.013559 0.010611
0 0.337039 0.632269 0.015935 0.014815
0 0.442644 0.627800 0.015164 0.015573
0 0.535760 0.657313 0.013621 0.010144
0 0.774254 0.502137 0.015120 0.013661
0 0.563924 0.582348 0.014654 0.011765
0 0.484522 0.311971 0.014422 0.012858
0 0.278831 0.809719 0.015833 0.012267
0 0.624528 0.457015 0.014645 0.012290
0 0.698351 0.526873 0.014042 0.010884
0 0.456129 0.709500 0.012730 0.010011
0 0.696937 0.586343 0.016013 0.012566
0 0.458563 0.604680 0.014895 0.011880
0 0.808602 0.401162 0.017172 0.013268
0 0.523488 0.636650 0.014267 0.014749
0 0.450672 0.321294 0.014736 0.013522
0 0.829565 0.485684 0.015554 0.011328
0 0.683866 0.681635 0.012948 0.010965
0 0.296526 0.392652 0.013081 0.010665
0 0.601463 0.603458 0.014491 0.011281
0 0.642177 0.344927 0.013984 0.012849
0 0.657140 0.668685 0.014304 0.011582
0 0.868794 0.569471 0.012767 0.010415
0 0.727739 0.593962 0.014792 0.013108
0 0.380937 0.818727 0.018296 0.014311
0 0.773977 0.540818 0.012212 0.009796
0 0.668380 0.560016 0.014753 0.013029
0 0.767679 0.567483 0.014218 0.010762
0 0.578384 0.508691 0.016685 0.012195
0 0.659018 0.705150 0.013211 0.009981
0 0.537605 0.352426 0.016516 0.011786
0 0.672681 0.523024 0.014918 0.013901
0 0.901830 0.610905 0.013695 0.010916
0 0.146562 0.505486 0.015533 0.011934
0 0.470844 0.722160 0.013658 0.010875
0 0.817750 0.467104 0.012812 0.009807
0 0.585782 0.607446 0.015228 0.012404
0 0.508698 0.427552 0.015307 0.013179
0 0.580744 0.297546 0.017030 0.012197
0 0.384521 0.566384 0.013239 0.011010
0 0.596661 0.401341 0.017277 0.014141
0 0.804386 0.731448 0.015472 0.012372
0 0.823913 0.571668 0.011788 0.009447
1 0.401639 0.356020 0.033980 0.025700
0 0.449084 0.555047 0.013461 0.013811
1 0.395912 0.528534 0.026725 0.022808
0 0.349392 0.583154 0.016125 0.012142
0 0.744042 0.502658 0.013934 0.010771
0 0.798470 0.588361 0.014045 0.011533
0 0.592320 0.511089 0.016277 0.012277
0 0.584977 0.378349 0.016229 0.014897
0 0.840341 0.421863 0.017529 0.013930
0 0.580859 0.720999 0.011997 0.010310
0 0.219514 0.551217 0.014753 0.012781
0 0.773830 0.590317 0.018003 0.012595
0 0.697897 0.552810 0.019355 0.014100
0 0.400981 0.356429 0.028204 0.023903
0 0.399391 0.525625 0.030963 0.025581
0 0.406345 0.592703 0.017478 0.015543
0 0.523954 0.642215 0.015069 0.014739
0 0.588220 0.686603 0.014368 0.011865
0 0.432355 0.447230 0.013211 0.010782
0 0.769869 0.368699 0.015221 0.011815
0 0.478614 0.529447 0.014091 0.011514
0 0.428916 0.753548 0.011729 0.009628
0 0.510519 0.381434 0.017009 0.018117
1 0.494027 0.553760 0.000958 0.000000