0 0.572158 0.787384 0.024255 0.018431
1 0.685977 0.445848 0.051636 0.044852
0 0.597908 0.736595 0.024619 0.016327
0 0.172585 0.803789 0.019030 0.014727
0 0.157694 0.730469 0.017507 0.013357
1 0.250242 0.691976 0.053920 0.045012
0 0.436947 0.595900 0.020483 0.015246
0 0.113417 0.702836 0.022103 0.015150
0 0.682887 0.679221 0.021967 0.017120
0 0.226395 0.634231 0.023452 0.017002
0 0.359283 0.583259 0.018175 0.014349
0 0.367358 0.539688 0.020441 0.015725
0 0.297854 0.647508 0.018828 0.014381
0 0.621274 0.528683 0.022199 0.016479
0 0.079737 0.584438 0.022919 0.017193
0 0.231989 0.462824 0.020179 0.015990
0 0.624563 0.669411 0.019594 0.016162
0 0.395326 0.654418 0.019574 0.015710
0 0.589646 0.564185 0.026051 0.019562
0 0.722339 0.670038 0.018500 0.013729
0 0.661646 0.627921 0.019775 0.014967
1 0.498592 0.696691 0.054443 0.041824
0 0.173980 0.466261 0.017931 0.014145
0 0.692836 0.741535 0.019846 0.014862
0 0.600306 0.515408 0.018298 0.013928
0 0.138057 0.446377 0.019089 0.015338
0 0.209979 0.496644 0.017837 0.013723
0 0.235179 0.612942 0.019058 0.015030
0 0.490577 0.469774 0.018258 0.014274
0 0.348581 0.759273 0.018838 0.015177
0 0.501356 0.410399 0.019449 0.016021
0 0.532451 0.412425 0.019241 0.016024
0 0.443345 0.381070 0.019640 0.014026
0 0.287157 0.738537 0.018102 0.013653
0 0.398157 0.745562 0.022165 0.021216
0 0.687666 0.632319 0.019104 0.015406
0 0.294019 0.721404 0.018802 0.014915
0 0.065751 0.518223 0.022187 0.014154
1 0.180935 0.761797 0.046477 0.037648
0 0.327620 0.841247 0.028904 0.020245
1 0.158997 0.382538 0.047209 0.039185
0 0.532229 0.563066 0.016456 0.013134
0 0.114033 0.413560 0.016546 0.014281
0 0.496310 0.630331 0.022835 0.019124
0 0.260243 0.444784 0.018184 0.014865
0 0.474600 0.532373 0.020520 0.013402
0 0.590776 0.492369 0.015275 0.013471
0 0.514051 0.480996 0.018348 0.014952
0 0.338701 0.287311 0.023072 0.015131
0 0.756694 0.651067 0.014939 0.011431
0 0.479920 0.398592 0.018178 0.014064
0 0.602039 0.824969 0.018078 0.014327
0 0.325805 0.602782 0.022817 0.016500