0 0.642165 0.582260 0.014223 0.018865
0 0.257207 0.511974 0.013032 0.018818
0 0.443601 0.728518 0.012684 0.019157
0 0.720490 0.600134 0.011853 0.016051
0 0.674612 0.680606 0.014470 0.020011
0 0.580197 0.531117 0.011452 0.015906
0 0.619023 0.543348 0.013801 0.019419
0 0.302804 0.372400 0.011803 0.016166
0 0.307366 0.623073 0.011955 0.016292
0 0.527418 0.696015 0.012392 0.017121
0 0.287299 0.343004 0.011412 0.015704
0 0.371427 0.509711 0.011483 0.015381
0 0.410853 0.882744 0.017855 0.024689
0 0.640797 0.458137 0.013487 0.019816
0 0.326591 0.520601 0.011820 0.017102
0 0.532566 0.489014 0.010929 0.014496
0 0.442359 0.783570 0.012903 0.016596
0 0.640349 0.349001 0.009798 0.014395
0 0.490749 0.296540 0.013505 0.020331
0 0.333752 0.596913 0.011642 0.015563
0 0.232875 0.458547 0.011383 0.015721
0 0.575944 0.654763 0.010002 0.013467
0 0.665730 0.479035 0.013142 0.017474
0 0.596956 0.535840 0.011711 0.016319
0 0.394940 0.287635 0.012725 0.019393
0 0.394024 0.229513 0.010979 0.016012
0 0.629674 0.426219 0.010777 0.015753
0 0.513583 0.415021 0.010184 0.014333
1 0.679133 0.279613 0.030243 0.036590
0 0.528793 0.879695 0.018419 0.029979
1 0.454553 0.291304 0.025997 0.037925
0 0.733289 0.612778 0.010852 0.014633
0 0.270790 0.766860 0.012402 0.016214
0 0.459853 0.200195 0.009838 0.014900
0 0.567133 0.385592 0.011038 0.015323
0 0.204321 0.507185 0.011604 0.016204
0 0.451279 0.412823 0.011473 0.015830
0 0.446949 0.816524 0.014076 0.019104
0 0.559508 0.340163 0.013001 0.018780
0 0.423463 0.530418 0.010583 0.014557
0 0.362670 0.629220 0.011954 0.018024
0 0.319265 0.273812 0.010522 0.015453
0 0.436530 0.634362 0.010916 0.014994
0 0.372117 0.412032 0.011391 0.016247
0 0.427643 0.199460 0.008973 0.014532
0 0.542823 0.862396 0.013069 0.020825
0 0.456543 0.678640 0.013478 0.018892
0 0.562662 0.630190 0.010808 0.016217
0 0.411358 0.333710 0.011941 0.016229
0 0.464931 0.629194 0.011204 0.015520
0 0.249243 0.382387 0.010249 0.013523
1 0.566176 0.856637 0.031517 0.048721
0 0.541504 0.749075 0.011440 0.016185
0 0.637819 0.725507 0.012759 0.018342
0 0.255627 0.451576 0.009787 0.015281
0 0.565638 0.751629 0.011213 0.015545
0 0.649564 0.761098 0.012282 0.017941
0 0.261277 0.583957 0.012909 0.018053
0 0.239221 0.598298 0.016759 0.022913
0 0.338271 0.625430 0.013454 0.018798
0 0.348005 0.711306 0.010145 0.015709
0 0.239401 0.522675 0.011209 0.015270
0 0.629188 0.600558 0.011175 0.015601
0 0.281038 0.316610 0.012515 0.016989
0 0.394764 0.750168 0.010561 0.015217
0 0.362806 0.880241 0.016196 0.023050
0 0.385995 0.849905 0.013414 0.018328
0 0.480384 0.649910 0.013979 0.016315
0 0.379406 0.744556 0.011788 0.016894
1 0.330825 0.212362 0.023158 0.028998
0 0.678520 0.411858 0.010474 0.016455
0 0.384839 0.616167 0.011947 0.017690
0 0.568062 0.883435 0.015466 0.016877
0 0.690741 0.635243 0.014398 0.018187