0 0.514889 0.657561 0.016878 0.012366
0 0.291198 0.835181 0.023460 0.017451
0 0.513479 0.803905 0.023313 0.018613
0 0.384144 0.506899 0.018033 0.013990
0 0.389742 0.555456 0.017968 0.013490
0 0.426654 0.671728 0.017659 0.012818
0 0.539616 0.476519 0.018431 0.013484
0 0.441552 0.641750 0.015452 0.012402
0 0.336297 0.569111 0.019762 0.015288
0 0.401810 0.717910 0.016092 0.012228
0 0.782795 0.553003 0.019175 0.014672
0 0.444789 0.828789 0.020640 0.016630
0 0.595185 0.572401 0.020509 0.016815
0 0.545391 0.391288 0.018128 0.013736
0 0.479511 0.647222 0.016087 0.012353
0 0.563344 0.559955 0.021077 0.015393
0 0.199255 0.420006 0.019870 0.015295
0 0.485319 0.714088 0.017428 0.012957
0 0.451845 0.466849 0.019594 0.014517
0 0.442696 0.872613 0.023998 0.017948
0 0.371984 0.463920 0.018875 0.014030
0 0.550065 0.722106 0.017486 0.013446
0 0.095710 0.666309 0.019328 0.014004
0 0.269588 0.390301 0.019642 0.015083
0 0.547473 0.502497 0.018999 0.013545
0 0.437343 0.546659 0.016613 0.012608
0 0.602777 0.416123 0.019826 0.014757
0 0.158431 0.427046 0.020214 0.015740
0 0.255331 0.459918 0.021892 0.016410
0 0.385635 0.438257 0.020992 0.017568
0 0.399395 0.801393 0.024359 0.019159
0 0.237256 0.696296 0.020417 0.015314
0 0.482553 0.525565 0.017066 0.013393
0 0.418232 0.462184 0.018181 0.014811
0 0.485621 0.739178 0.016040 0.011720
0 0.807907 0.536890 0.017551 0.013518
0 0.465614 0.316412 0.019238 0.015747
0 0.574709 0.725298 0.018900 0.014907
0 0.406829 0.745161 0.016031 0.011765
0 0.523087 0.502340 0.017814 0.012815
0 0.451770 0.726699 0.015505 0.010951
0 0.279887 0.330083 0.022484 0.017056
0 0.401343 0.395957 0.017168 0.012868
0 0.597291 0.364471 0.020641 0.015526
0 0.416186 0.564170 0.017192 0.012694
0 0.521472 0.348032 0.023079 0.018446
0 0.710358 0.601743 0.025932 0.015508
0 0.422117 0.605219 0.020071 0.014946
0 0.507029 0.549365 0.018229 0.015096
0 0.548409 0.603363 0.018927 0.015269
0 0.473688 0.435228 0.017280 0.013979
0 0.554874 0.424901 0.017870 0.014500
0 0.683619 0.597924 0.017510 0.013590
0 0.543078 0.745301 0.020152 0.013912
0 0.390426 0.650521 0.017349 0.014560
0 0.690620 0.658868 0.024251 0.018867
0 0.371153 0.740437 0.015167 0.010981
0 0.237399 0.621529 0.023998 0.017514
0 0.401926 0.627696 0.016339 0.013269
0 0.334477 0.471945 0.017534 0.014426
0 0.499908 0.763468 0.017793 0.013113
0 0.688338 0.414590 0.019487 0.014863
1 0.064975 0.748110 0.057313 0.048191
0 0.570296 0.787412 0.018032 0.014128
0 0.776735 0.443193 0.025724 0.020567
0 0.488801 0.784780 0.019420 0.013706
0 0.148978 0.564780 0.026481 0.019491
0 0.121134 0.687438 0.016632 0.012740
0 0.347618 0.370370 0.014316 0.010965
0 0.554119 0.673889 0.016266 0.014169
0 0.615638 0.655179 0.018435 0.015323
0 0.468524 0.758821 0.020815 0.013675
0 0.174470 0.383996 0.017253 0.014667
0 0.574960 0.417776 0.016574 0.012269
0 0.430740 0.748591 0.017487 0.014589
0 0.283378 0.440944 0.019902 0.015643
0 0.742948 0.616239 0.019057 0.015262
0 0.420739 0.706463 0.019743 0.013035
0 0.464754 0.552767 0.016270 0.012797
0 0.318181 0.761684 0.022010 0.019435
0 0.528289 0.744024 0.020028 0.013339
0 0.079247 0.553928 0.022598 0.017816
0 0.720442 0.441277 0.018042 0.014471
0 0.361149 0.578794 0.016585 0.013214
0 0.677677 0.791874 0.021182 0.016033
0 0.379828 0.852945 0.024342 0.020158
0 0.615048 0.564523 0.017882 0.013854
0 0.527357 0.552247 0.016746 0.012914
0 0.795724 0.589621 0.021972 0.017162
0 0.051121 0.525628 0.021715 0.017142
0 0.503269 0.692125 0.012769 0.009031
0 0.618959 0.611059 0.014042 0.010975
0 0.451401 0.747668 0.016329 0.012241
0 0.442593 0.587812 0.018853 0.015999
0 0.798291 0.621034 0.018577 0.015056
0 0.439348 0.582564 0.017468 0.013657
0 0.294537 0.404551 0.018815 0.015145
0 0.210517 0.640104 0.038143 0.024957
0 0.270913 0.783394 0.015419 0.012279
0 0.453934 0.419081 0.024760 0.018648
0 0.690936 0.478995 0.016415 0.014274
0 0.458619 0.487207 0.013924 0.010928
0 0.489229 0.612983 0.018049 0.012334
0 0.460225 0.602691 0.016598 0.011470
0 0.408193 0.714991 0.023460 0.015543
0 0.300142 0.660638 0.016964 0.014513
0 0.455905 0.852029 0.023482 0.016559
0 0.314500 0.693941 0.014662 0.012727
0 0.377144 0.292632 0.022338 0.014622
0 0.453515 0.564241 0.016529 0.013465
1 0.072337 0.791241 0.040963 0.027108