0 0.359381 0.474755 0.020984 0.020746
0 0.554172 0.481060 0.021135 0.019989
0 0.465276 0.293348 0.019096 0.017868
0 0.817110 0.638735 0.020804 0.021079
0 0.761511 0.589135 0.018672 0.017637
0 0.462972 0.331202 0.016830 0.015628
0 0.586382 0.496052 0.019784 0.018789
0 0.625469 0.353873 0.016286 0.015429
0 0.890205 0.547164 0.018010 0.017497
0 0.683868 0.927138 0.024244 0.021736
0 0.845694 0.578175 0.025495 0.019116
1 0.147150 0.796437 0.046421 0.048137
0 0.583412 0.877568 0.023058 0.020583
1 0.522373 0.686533 0.072846 0.067445
0 0.178328 0.953785 0.016817 0.016367
0 0.378770 0.323063 0.019089 0.018836
0 0.858119 0.502892 0.019756 0.019817
0 0.788951 0.310182 0.018843 0.020912
0 0.428292 0.318623 0.015843 0.015245
0 0.787288 0.635817 0.020002 0.019005
0 0.675634 0.280075 0.014912 0.013691
0 0.055699 0.518106 0.020431 0.020154
0 0.423115 0.916766 0.021047 0.018785
0 0.459877 0.486186 0.019604 0.018445
0 0.055217 0.707265 0.019991 0.018922
0 0.623626 0.633319 0.018222 0.019935
0 0.502531 0.268076 0.016695 0.016203
0 0.648575 0.616650 0.018830 0.017827
0 0.306111 0.234317 0.019060 0.019084
0 0.205891 0.717601 0.018670 0.019274
0 0.841893 0.744396 0.023099 0.025896
0 0.495746 0.345904 0.017313 0.017990
0 0.650617 0.292352 0.014182 0.013482
0 0.273774 0.261540 0.019862 0.023224
0 0.523506 0.370153 0.017816 0.016437
0 0.303485 0.942899 0.020652 0.019361
0 0.472071 0.716207 0.019881 0.018496
0 0.525635 0.208290 0.014590 0.014900
0 0.650887 0.266577 0.014268 0.013045
0 0.704131 0.332636 0.017737 0.019033
0 0.716729 0.293070 0.015179 0.014556
0 0.542817 0.545186 0.018705 0.019188
0 0.356786 0.916389 0.021080 0.022125
0 0.595654 0.422781 0.019391 0.019937
0 0.242643 0.384144 0.017278 0.017818
1 0.212321 0.485721 0.076579 0.071388
0 0.431112 0.291547 0.019188 0.018478
0 0.582253 0.244198 0.018667 0.019416
0 0.543671 0.255720 0.018033 0.018392
0 0.814464 0.358542 0.015186 0.015767
0 0.205961 0.356744 0.016800 0.015476
0 0.531173 0.406533 0.019429 0.019221
0 0.358099 0.859940 0.016512 0.015702
0 0.215823 0.429294 0.020207 0.019470
0 0.905330 0.593324 0.017718 0.017660
0 0.455538 0.411658 0.017617 0.017209
0 0.350144 0.520772 0.016583 0.017574
0 0.736639 0.316530 0.015036 0.013713
0 0.762722 0.632482 0.017718 0.018566
0 0.547755 0.900795 0.021476 0.019386
1 0.724812 0.808977 0.051090 0.047286
0 0.153763 0.713681 0.018477 0.018119
0 0.354230 0.440730 0.020365 0.019183
0 0.255588 0.883839 0.017358 0.016368
0 0.612969 0.590473 0.015115 0.014243
0 0.463679 0.519253 0.020085 0.018949
0 0.375276 0.292648 0.015722 0.015060
0 0.534334 0.352240 0.016910 0.015497
0 0.680887 0.845259 0.018785 0.018542
0 0.610740 0.474604 0.015556 0.013588
0 0.433913 0.554827 0.020574 0.022673
0 0.505966 0.540777 0.022751 0.024995
0 0.423329 0.687838 0.018524 0.019413
0 0.439073 0.823518 0.017577 0.016859
0 0.636220 0.395040 0.019468 0.019966
0 0.030244 0.542834 0.024710 0.022497
0 0.638217 0.243847 0.016219 0.017233
0 0.394117 0.890446 0.016425 0.015018
0 0.657980 0.214010 0.015192 0.013477
0 0.673736 0.311151 0.015918 0.015160
0 0.608248 0.523785 0.016043 0.016302
0 0.563640 0.734494 0.018048 0.018269
0 0.408037 0.712647 0.017824 0.017133
0 0.243686 0.687026 0.017890 0.017691
0 0.497012 0.224215 0.020284 0.018155
0 0.120220 0.820095 0.017989 0.018025
0 0.457266 0.591605 0.015976 0.014921
0 0.472703 0.747904 0.018292 0.019131
0 0.629120 0.544106 0.017976 0.016430
0 0.411026 0.254403 0.019242 0.019145
0 0.446443 0.454674 0.017662 0.018452
0 0.095041 0.724659 0.017856 0.017090
0 0.241072 0.338430 0.016089 0.014502
0 0.358885 0.718413 0.017710 0.015743
0 0.158137 0.734833 0.019799 0.019692
0 0.410586 0.418043 0.018053 0.018214
1 0.241631 0.189990 0.049289 0.038629
0 0.324001 0.419124 0.015448 0.014584
0 0.014427 0.721175 0.017748 0.018722
1 0.185219 0.507830 0.051444 0.047800
0 0.663157 0.391341 0.015952 0.013816
0 0.216404 0.526082 0.016491 0.014747
0 0.236036 0.577509 0.015978 0.014141
0 0.108390 0.779821 0.017101 0.016196
0 0.424251 0.732718 0.015479 0.014364
0 0.178311 0.546326 0.027408 0.020045
0 0.741644 0.262605 0.021463 0.016773
0 0.611494 0.284400 0.016092 0.015041
0 0.258289 0.815295 0.014969 0.014809
0 0.608521 0.695547 0.018798 0.019483
0 0.630605 0.438571 0.015079 0.015141
0 0.479289 0.445205 0.021754 0.017684
0 0.531340 0.501264 0.015263 0.013151
0 0.385048 0.916334 0.018008 0.017662
0 0.430455 0.267891 0.014986 0.013195
0 0.345691 0.384882 0.015147 0.015467
0 0.697163 0.237942 0.023974 0.024078
0 0.268485 0.691593 0.017417 0.021025
0 0.694483 0.405047 0.019524 0.018324
0 0.306365 0.913780 0.015160 0.013274
0 0.391629 0.392892 0.016814 0.017052
1 0.197487 0.388746 0.048179 0.041630
0 0.498572 0.809189 0.021341 0.020004
0 0.145397 0.278142 0.016203 0.015954
0 0.386526 0.840053 0.015645 0.013818
0 0.621255 0.503292 0.015666 0.013750
0 0.412464 0.356830 0.015644 0.014880
0 0.803582 0.600210 0.019204 0.019624
0 0.394081 0.795888 0.020628 0.020367
0 0.652453 0.416512 0.018774 0.016782
0 0.552002 0.392642 0.014048 0.013090
0 0.623552 0.567351 0.014216 0.012390
0 0.239962 0.651922 0.019944 0.017609
1 0.222204 0.479935 0.049064 0.043335
0 0.680453 0.795909 0.014158 0.012590
0 0.559935 0.307713 0.017225 0.019347
0 0.587480 0.525541 0.015682 0.014823
0 0.624997 0.214068 0.016043 0.016043
0 0.124240 0.881199 0.017571 0.017381
0 0.667583 0.853778 0.020927 0.019915
0 0.319977 0.328127 0.018957 0.016976
0 0.424019 0.379377 0.015924 0.014205
0 0.443132 0.964669 0.015228 0.015216
0 0.246164 0.414470 0.015648 0.015777
0 0.212279 0.872674 0.015452 0.015562
0 0.498916 0.753017 0.018046 0.018985
0 0.457175 0.753408 0.017736 0.015459
0 0.060879 0.762995 0.018644 0.018138
0 0.324634 0.703282 0.018610 0.016987
0 0.377885 0.962068 0.020048 0.023392
0 0.454407 0.992945 0.019825 0.012547
0 0.392779 0.202745 0.017140 0.022474
0 0.165386 0.619208 0.018051 0.017767
0 0.220882 0.695460 0.019026 0.016693
0 0.525452 0.794075 0.015561 0.015628
0 0.410661 0.539193 0.016692 0.018163
0 0.583432 0.175217 0.015701 0.014821
0 0.584830 0.761726 0.016725 0.015930
0 0.241163 0.609068 0.017515 0.015092
0 0.595583 0.199789 0.013917 0.013940
0 0.260503 0.333144 0.020020 0.023311
0 0.373832 0.443434 0.018054 0.015814
0 0.074979 0.311896 0.016934 0.016872
0 0.258752 0.581970 0.016114 0.013320
0 0.570566 0.596142 0.016346 0.017089
0 0.251964 0.634549 0.014179 0.012876
0 0.626914 0.791003 0.013559 0.012501
0 0.295620 0.327546 0.015693 0.014123
0 0.198751 0.984856 0.019824 0.020915
0 0.252333 0.312942 0.021593 0.020225
0 0.621717 0.452037 0.016945 0.013752
0 0.410006 0.512304 0.019324 0.017302
0 0.121669 0.261900 0.017898 0.017737
0 0.290067 0.982979 0.024341 0.026885
0 0.924424 0.635203 0.015896 0.016007
0 0.275985 0.578088 0.018484 0.013787
0 0.151562 0.237939 0.018185 0.015715
0 0.458174 0.170813 0.012312 0.013022
0 0.722112 0.843444 0.015796 0.015612
0 0.733318 0.588074 0.018539 0.019942
0 0.097973 0.870646 0.013413 0.013335
0 0.645064 0.494007 0.016967 0.015949
0 0.371226 0.755904 0.019309 0.019408
0 0.393731 0.284183 0.016700 0.014335
0 0.641185 0.648020 0.015864 0.013932
0 0.311195 0.583437 0.015426 0.015733
0 0.432162 0.602180 0.018883 0.019208
0 0.526456 0.743113 0.015776 0.017280
0 0.302108 0.599001 0.015050 0.013128
0 0.638503 0.670890 0.017695 0.016977
0 0.393838 0.443504 0.016267 0.013932
0 0.653935 0.797955 0.014121 0.012584
0 0.666241 0.827039 0.014364 0.014033
0 0.572133 0.329450 0.022801 0.020105
0 0.341927 0.545376 0.016599 0.018938
0 0.310310 0.287255 0.015253 0.016482
0 0.673615 0.850678 0.024374 0.019806
0 0.284149 0.624565 0.014949 0.014226
0 0.339565 0.333069 0.019521 0.018935
0 0.229587 0.657723 0.015876 0.014465
0 0.552201 0.167433 0.013720 0.015306
0 0.334713 0.961278 0.020319 0.020425
0 0.630991 0.726872 0.015198 0.014426
0 0.441275 0.478980 0.015413 0.013371
0 0.369113 0.688783 0.015207 0.014697
0 0.376925 0.626741 0.017436 0.016999
0 0.399185 0.373630 0.015049 0.013926
0 0.260949 0.608336 0.015409 0.013404
0 0.652269 0.993344 0.020822 0.012751
0 0.913392 0.666834 0.019379 0.019026
0 0.223433 0.916264 0.015171 0.016082
0 0.298230 0.540381 0.017640 0.020264
0 0.682529 0.778140 0.013302 0.012659
0 0.711094 0.422357 0.014308 0.014282
0 0.578130 0.456197 0.021541 0.015188
0 0.639266 0.695257 0.020175 0.017136
0 0.550308 0.280152 0.015942 0.012659
0 0.649709 0.721002 0.016930 0.016164