0 0.273258 0.511461 0.012670 0.018542
0 0.456872 0.730410 0.012658 0.018153
0 0.547516 0.493481 0.011390 0.015093
0 0.387422 0.509681 0.012333 0.016782
0 0.657256 0.588933 0.013852 0.019485
0 0.595153 0.535777 0.011149 0.014087
0 0.657553 0.465014 0.013699 0.020120
0 0.507676 0.300099 0.014142 0.019673
0 0.321988 0.622482 0.011882 0.016438
0 0.736803 0.608854 0.011111 0.015432
0 0.422575 0.884513 0.018316 0.023577
0 0.342642 0.520428 0.011662 0.016988
0 0.540622 0.701145 0.011727 0.015660
0 0.412985 0.290274 0.012751 0.018967
0 0.646882 0.432325 0.011040 0.015760
0 0.319848 0.372423 0.011409 0.015764
0 0.589402 0.661022 0.009839 0.013743
0 0.455194 0.786609 0.010918 0.016020
0 0.634834 0.550716 0.013820 0.018336
0 0.305178 0.343632 0.011822 0.016497
0 0.284641 0.765793 0.012417 0.016116
0 0.657841 0.355836 0.010110 0.014662
0 0.612472 0.541796 0.011591 0.015615
0 0.478693 0.632944 0.011206 0.015141
0 0.388306 0.413050 0.012205 0.017823
0 0.467267 0.416412 0.011712 0.015589
0 0.412334 0.231873 0.010696 0.016517
0 0.681965 0.486946 0.012921 0.018362
0 0.541630 0.885734 0.018182 0.026620
0 0.689295 0.689031 0.013331 0.018970
0 0.529671 0.419421 0.009550 0.013963
0 0.592364 0.491503 0.010945 0.015595
0 0.749585 0.620889 0.010726 0.014527
1 0.578222 0.863407 0.032377 0.049899
1 0.696640 0.285178 0.026348 0.037500
0 0.575433 0.341882 0.013413 0.020828
0 0.651560 0.731985 0.012552 0.017308
1 0.472113 0.293855 0.027318 0.035192
0 0.583262 0.390417 0.010356 0.014895
0 0.376846 0.631463 0.011786 0.018119
0 0.250040 0.458307 0.012247 0.017881
0 0.469303 0.682924 0.013404 0.018788
0 0.445061 0.204890 0.010161 0.010611
0 0.349098 0.596726 0.010962 0.014317
0 0.643738 0.483171 0.011301 0.015687
0 0.299309 0.316996 0.013695 0.019448
0 0.351544 0.625397 0.013075 0.018468
0 0.554339 0.867622 0.013542 0.020363
0 0.477461 0.202864 0.009553 0.015044
0 0.578546 0.757890 0.011195 0.015820
0 0.449662 0.637341 0.010411 0.014086
0 0.411728 0.392393 0.010068 0.014952
0 0.278553 0.579734 0.011652 0.017580
0 0.373923 0.882767 0.013219 0.019240
0 0.491257 0.464195 0.010438 0.014564
0 0.273013 0.451017 0.010540 0.015443
0 0.663266 0.768905 0.011574 0.016715
0 0.549910 0.548555 0.011305 0.017321
0 0.664785 0.264742 0.011427 0.017685
0 0.255451 0.595446 0.014045 0.021111
0 0.260203 0.340474 0.011812 0.018204
0 0.539307 0.912993 0.017557 0.021484
1 0.347398 0.214006 0.027688 0.024227