0 0.531323 0.814833 0.021276 0.016928
0 0.313123 0.750868 0.021843 0.016522
0 0.380090 0.549072 0.023352 0.016695
1 0.587281 0.948228 0.048581 0.043041
0 0.256392 0.553378 0.019277 0.015180
0 0.282967 0.626936 0.024936 0.018525
1 0.491185 0.885739 0.076838 0.050227
0 0.664205 0.671036 0.024304 0.019189
0 0.074913 0.711525 0.019435 0.014802
0 0.010430 0.755737 0.019732 0.016872
0 0.565566 0.651495 0.022352 0.015482
0 0.294196 0.817614 0.018726 0.014065
0 0.261729 0.993168 0.022460 0.013664
1 0.177458 0.930462 0.047027 0.041061
0 0.273193 0.498613 0.020636 0.017550
0 0.707743 0.886180 0.020027 0.014756
0 0.403334 0.653785 0.022572 0.017316
0 0.718397 0.727225 0.019674 0.015407
0 0.181697 0.651013 0.027291 0.020296
0 0.096542 0.853432 0.033897 0.018983
0 0.313574 0.840251 0.018418 0.013733
0 0.127132 0.890435 0.029544 0.022361
0 0.448475 0.538981 0.018304 0.014310
0 0.347475 0.731388 0.018300 0.014069
0 0.335264 0.833767 0.017903 0.014368
0 0.235424 0.533316 0.014033 0.012407
0 0.686847 0.803070 0.021529 0.016610
0 0.598813 0.775693 0.028199 0.023195
0 0.323681 0.963125 0.024476 0.020326
0 0.684137 0.596604 0.022933 0.016310
0 0.333865 0.855518 0.016772 0.012061
0 0.045422 0.615998 0.018425 0.014422
1 0.205676 0.897102 0.036266 0.033312
0 0.727817 0.665673 0.023485 0.017416
0 0.477540 0.586279 0.015385 0.012873
0 0.711560 0.610751 0.019423 0.015706
0 0.292402 0.733140 0.020108 0.016363
0 0.594117 0.995271 0.018264 0.009422
1 0.783899 0.834577 0.035832 0.026874
1 0.344962 0.906241 0.063701 0.058226