0 0.327240 0.817104 0.017922 0.013804
0 0.657524 0.710559 0.018438 0.013761
0 0.474695 0.658371 0.016709 0.013040
0 0.233173 0.594590 0.016427 0.013220
0 0.459371 0.852739 0.017880 0.013922
0 0.692215 0.809459 0.021972 0.016520
0 0.338312 0.657753 0.015356 0.011841
0 0.558280 0.957901 0.021738 0.016979
0 0.336069 0.750067 0.019153 0.015519
0 0.625126 0.688479 0.016341 0.012043
0 0.167108 0.508061 0.016423 0.013484
0 0.563736 0.911906 0.018541 0.013630
0 0.348779 0.518804 0.014846 0.012943
0 0.480869 0.499751 0.017923 0.014139
0 0.220380 0.722396 0.018257 0.014019
0 0.306470 0.708664 0.022036 0.015579
0 0.169789 0.744928 0.016842 0.013587
0 0.395439 0.941907 0.019372 0.014610
0 0.082746 0.572059 0.018825 0.016057
0 0.434719 0.841885 0.016731 0.013399
1 0.286867 0.912822 0.050375 0.037392
0 0.577615 0.785356 0.022070 0.016322
0 0.663268 0.537164 0.019449 0.012947
0 0.500181 0.532692 0.017421 0.014437
0 0.378532 0.717183 0.021673 0.019068
0 0.297191 0.627902 0.019157 0.014494
0 0.691795 0.513091 0.016822 0.014196
0 0.558009 0.545120 0.015855 0.012502
0 0.264227 0.517306 0.015461 0.012820
0 0.232927 0.745817 0.015959 0.012586
0 0.356341 0.890067 0.022063 0.017056
0 0.488835 0.774839 0.023523 0.018266
1 0.177809 0.902146 0.051228 0.041128
0 0.523539 0.487858 0.016451 0.013078
0 0.323118 0.889548 0.014516 0.010883
0 0.365129 0.595160 0.012877 0.010421
0 0.432364 0.801213 0.014907 0.011720
0 0.687995 0.733508 0.015234 0.012545
0 0.516704 0.548885 0.014464 0.011020
0 0.518024 0.663524 0.015365 0.012392
0 0.709185 0.738828 0.015475 0.011714
0 0.640964 0.746172 0.018788 0.013830
0 0.742709 0.545242 0.016661 0.015969
0 0.559841 0.618309 0.019351 0.017786
0 0.724429 0.652461 0.014059 0.011214
0 0.368536 0.918340 0.017403 0.012498
0 0.282586 0.653054 0.017123 0.013362
0 0.165990 0.871835 0.014370 0.011187
1 0.436780 0.426566 0.038742 0.040966
0 0.329535 0.963303 0.020147 0.016774
1 0.413677 0.557579 0.044966 0.030896
0 0.280100 0.871816 0.014746 0.011502
0 0.673034 0.637590 0.018722 0.014979
0 0.114658 0.591346 0.015626 0.012739
0 0.374607 0.632985 0.013533 0.011053
0 0.210510 0.922939 0.015371 0.012237
0 0.565752 0.493266 0.013715 0.011309
0 0.476444 0.417026 0.016571 0.013693
0 0.257763 0.578606 0.014262 0.011619
0 0.378029 0.615221 0.013142 0.011136
0 0.356455 0.476780 0.018451 0.015193
0 0.357538 0.765791 0.015410 0.013305
0 0.702134 0.568921 0.021432 0.015669
0 0.522375 0.791186 0.015491 0.012726
0 0.402223 0.583470 0.014520 0.010571
0 0.392942 0.811448 0.014744 0.013345
0 0.223362 0.531733 0.013880 0.012113
0 0.628154 0.556293 0.014115 0.011262
0 0.299215 0.564641 0.013472 0.010832
0 0.368673 0.791707 0.014904 0.010674
0 0.265816 0.610063 0.021475 0.015794
0 0.584571 0.905408 0.020439 0.014252
0 0.375337 0.434740 0.013134 0.014641
0 0.589047 0.459373 0.019748 0.014832
0 0.598282 0.637547 0.017295 0.015059
0 0.579777 0.649648 0.014985 0.010462
0 0.482426 0.883106 0.015478 0.012406
0 0.400024 0.828684 0.016116 0.011461
0 0.618835 0.473955 0.013527 0.013838
0 0.122260 0.643387 0.013878 0.011110
0 0.103014 0.755334 0.013477 0.010563
0 0.515484 0.680014 0.016289 0.012523
0 0.644841 0.924969 0.017827 0.015324
0 0.552944 0.634827 0.019142 0.012040
0 0.727453 0.589429 0.013938 0.014224
0 0.420869 0.719529 0.013048 0.009520
0 0.195690 0.626786 0.017387 0.015896
0 0.103875 0.675288 0.018545 0.014306
0 0.081328 0.691516 0.014887 0.012584
0 0.370878 0.966292 0.020291 0.015031
0 0.455434 0.742525 0.014922 0.011100
0 0.293981 0.939367 0.018437 0.013473