0 0.255591 0.628186 0.014974 0.013118
0 0.836969 0.442293 0.012239 0.009944
0 0.870990 0.557366 0.019085 0.014863
0 0.568331 0.365964 0.014449 0.012248
0 0.571261 0.582011 0.017659 0.014126
0 0.282525 0.446153 0.017427 0.014089
0 0.521432 0.326092 0.015067 0.011058
0 0.622519 0.395553 0.019080 0.014833
0 0.355691 0.578057 0.020979 0.014630
0 0.677740 0.491093 0.020777 0.014683
0 0.320039 0.496037 0.017263 0.014322
0 0.306001 0.620572 0.017247 0.013887
0 0.593909 0.519900 0.018145 0.014629
0 0.426494 0.341084 0.019695 0.013282
0 0.787500 0.477016 0.018005 0.013172
0 0.816906 0.493676 0.021324 0.014903
0 0.689744 0.366593 0.019131 0.015094
0 0.718740 0.430394 0.019262 0.015493
0 0.311995 0.341509 0.012420 0.010136
0 0.389423 0.427904 0.019041 0.014152
0 0.375951 0.553439 0.020808 0.014346
0 0.516158 0.483185 0.017320 0.013249
0 0.608485 0.282468 0.017021 0.013153
0 0.305131 0.680533 0.017224 0.010605
0 0.603523 0.252032 0.013192 0.010306
0 0.567785 0.470864 0.016388 0.013064
0 0.179722 0.403852 0.015748 0.011884
0 0.573455 0.330308 0.017624 0.013149
0 0.722042 0.531451 0.017822 0.013354
0 0.518875 0.741089 0.027117 0.021125
0 0.734440 0.298024 0.018631 0.013710
0 0.797175 0.593750 0.012645 0.009984
0 0.519852 0.399399 0.017146 0.015153
0 0.770825 0.566615 0.011668 0.010169
0 0.498772 0.678340 0.019204 0.014476
0 0.728166 0.328213 0.012738 0.009252
0 0.596676 0.633370 0.015940 0.010766
0 0.560928 0.628383 0.015972 0.011446
0 0.326089 0.388129 0.020100 0.014229
0 0.542089 0.704506 0.021044 0.014417
0 0.679208 0.656378 0.015470 0.010149
0 0.268527 0.514437 0.016201 0.011155
0 0.740375 0.372502 0.018850 0.013690
0 0.405580 0.473542 0.016557 0.012813
0 0.688733 0.703802 0.015727 0.009794
0 0.665334 0.577427 0.015641 0.011713
0 0.658041 0.309856 0.016527 0.013285
0 0.577311 0.393576 0.019765 0.014639
0 0.834438 0.345818 0.012323 0.010838
0 0.495671 0.183625 0.012717 0.010531
0 0.683674 0.524779 0.017673 0.013877
0 0.388072 0.457621 0.016675 0.012731
0 0.701486 0.336331 0.018116 0.014029
0 0.442206 0.422489 0.018018 0.014186
0 0.418263 0.689163 0.018513 0.013754
0 0.446767 0.258426 0.018777 0.012364
0 0.425589 0.605433 0.018773 0.012638
0 0.799981 0.531075 0.017935 0.015228
0 0.764166 0.281773 0.014880 0.010174
0 0.735126 0.712900 0.012697 0.009673
0 0.191786 0.328059 0.014234 0.018011
0 0.652630 0.736155 0.018217 0.015935
0 0.665973 0.209920 0.013299 0.012302
0 0.548954 0.420749 0.015009 0.011961
0 0.388385 0.725046 0.018058 0.011885
0 0.670259 0.325753 0.014607 0.010526
0 0.538974 0.284789 0.014312 0.010682
0 0.467719 0.269037 0.016814 0.013561
0 0.569937 0.694178 0.017731 0.012602
0 0.735676 0.270226 0.020074 0.012483
0 0.448579 0.282131 0.022944 0.016040
0 0.688176 0.740384 0.012110 0.008223
0 0.460246 0.187446 0.017699 0.011800
0 0.341191 0.384074 0.025641 0.015472
0 0.489012 0.215282 0.015310 0.011828
0 0.406668 0.260763 0.015297 0.011310
0 0.450264 0.321487 0.017059 0.012130
0 0.637232 0.707740 0.016702 0.011403
0 0.639387 0.711847 0.023305 0.015765
0 0.612034 0.554130 0.015051 0.009657
0 0.536442 0.679865 0.019647 0.013142
1 0.394366 0.631455 0.057903 0.039906
1 0.629890 0.672535 0.046948 0.070423