0 0.694916 0.933051 0.023701 0.018364
0 0.559778 0.525034 0.024534 0.018045
0 0.632203 0.964145 0.026237 0.020099
0 0.505435 0.448481 0.021597 0.016010
0 0.781996 0.673227 0.020837 0.016276
0 0.676346 0.630639 0.028568 0.020143
0 0.851960 0.576684 0.018387 0.014680
0 0.829185 0.623548 0.019044 0.014441
0 0.431338 0.514209 0.019997 0.015877
0 0.677939 0.782661 0.026231 0.019826
0 0.655875 0.588804 0.019040 0.014510
0 0.243557 0.659827 0.024322 0.018076
0 0.548355 0.483117 0.017920 0.014415
0 0.470169 0.527076 0.024052 0.020656
0 0.715843 0.695419 0.022968 0.017794
0 0.575030 0.477137 0.016079 0.013124
0 0.360673 0.843394 0.027926 0.020218
0 0.367686 0.678040 0.030656 0.021936
0 0.603298 0.858243 0.020826 0.016292
0 0.425843 0.883376 0.026248 0.019525
0 0.776852 0.832433 0.033123 0.023046
0 0.445036 0.774795 0.028427 0.018960
0 0.601197 0.902894 0.019917 0.016262
0 0.202585 0.731031 0.026539 0.018642
0 0.683501 0.716601 0.019673 0.015920
0 0.652074 0.924111 0.020750 0.017910
0 0.579889 0.710138 0.025576 0.017795
1 0.350079 0.611853 0.059417 0.039630
0 0.456131 0.610370 0.026584 0.018944
0 0.553069 0.706389 0.022290 0.017520
0 0.472622 0.932990 0.023277 0.018689
0 0.542930 0.618666 0.020246 0.016460
0 0.272478 0.669874 0.018543 0.015020
0 0.447855 0.826387 0.017897 0.014725
0 0.288870 0.520736 0.016751 0.014014
0 0.705019 0.461035 0.023316 0.014976
0 0.667212 0.846492 0.022309 0.018947
0 0.702841 0.511753 0.033558 0.024846
0 0.544754 0.578612 0.018051 0.013666
0 0.752002 0.713075 0.033070 0.024776
0 0.791085 0.871516 0.021172 0.017403
0 0.378227 0.852165 0.022578 0.017991
0 0.660846 0.995102 0.023347 0.009607
0 0.803572 0.545965 0.018551 0.015525
0 0.826663 0.510769 0.023026 0.017012
0 0.500885 0.773457 0.017648 0.015237
0 0.766564 0.589606 0.017352 0.013953