0 0.552299 0.822453 0.024848 0.018810
0 0.707192 0.843552 0.029105 0.021179
0 0.598545 0.716505 0.025384 0.019969
0 0.739343 0.810216 0.025449 0.019391
0 0.571467 0.782823 0.023939 0.019008
0 0.395505 0.830228 0.023409 0.019343
0 0.533503 0.770037 0.022372 0.017921
0 0.177896 0.788939 0.029345 0.022329
0 0.620208 0.855492 0.036286 0.024110
0 0.663857 0.655628 0.018388 0.013895
0 0.442920 0.813910 0.022209 0.017394
0 0.721391 0.792186 0.026246 0.020554
0 0.174442 0.845821 0.020265 0.015754
0 0.744416 0.609676 0.018655 0.014952
0 0.343106 0.788484 0.033913 0.028050
0 0.259345 0.880167 0.032474 0.024677
0 0.645890 0.635890 0.017806 0.014359
0 0.532120 0.910070 0.034467 0.027030
0 0.621471 0.698107 0.020128 0.015400
0 0.701788 0.731993 0.032023 0.025171
0 0.247602 0.673903 0.029151 0.017272
0 0.217176 0.622332 0.035483 0.024817
0 0.346369 0.539703 0.018739 0.014185
0 0.228106 0.649578 0.017471 0.013724
0 0.645263 0.752476 0.019098 0.014264
0 0.532543 0.504926 0.026407 0.017678
0 0.375262 0.502085 0.022259 0.016195
0 0.480342 0.947404 0.028325 0.019192
0 0.422698 0.599945 0.017792 0.012979
0 0.359951 0.685599 0.025442 0.016933
0 0.582668 0.586296 0.037136 0.021694
0 0.454275 0.501577 0.028209 0.016493
0 0.243564 0.466442 0.027671 0.018102
0 0.488814 0.598378 0.028565 0.018778
0 0.175211 0.638953 0.015556 0.011733
1 0.749622 0.503384 0.016920 0.025381