0 0.380541 0.432266 0.017214 0.012646
0 0.449099 0.670567 0.017743 0.012574
0 0.331621 0.496029 0.014993 0.011048
0 0.341790 0.528824 0.015280 0.012689
0 0.497549 0.814804 0.020738 0.015954
0 0.632416 0.667165 0.017246 0.013324
0 0.302028 0.442327 0.017368 0.013413
0 0.345979 0.467235 0.017546 0.013195
0 0.131529 0.505386 0.017613 0.013402
0 0.194175 0.560823 0.019410 0.014552
0 0.262432 0.597137 0.019746 0.014824
0 0.377668 0.746865 0.021110 0.015081
0 0.573753 0.549473 0.020638 0.013335
0 0.369786 0.651724 0.015936 0.012650
0 0.301670 0.406249 0.015053 0.011326
0 0.407773 0.832662 0.020223 0.014815
0 0.265091 0.471545 0.012716 0.009983
0 0.162945 0.498176 0.018406 0.013001
0 0.332378 0.763953 0.017198 0.012816
0 0.554125 0.565151 0.019743 0.015386
0 0.285075 0.507074 0.015608 0.014435
0 0.177568 0.479399 0.017558 0.012858
0 0.525139 0.830462 0.019886 0.015708
0 0.657965 0.715146 0.019695 0.015772
0 0.579311 0.634278 0.016269 0.011904
0 0.579248 0.458656 0.015981 0.011994
0 0.448858 0.828017 0.019445 0.015255
0 0.370295 0.389609 0.019268 0.015093
0 0.341386 0.813613 0.021238 0.017947
0 0.362902 0.323300 0.013730 0.011123
0 0.293331 0.470373 0.013977 0.010565
0 0.354303 0.860003 0.021192 0.016245
0 0.480881 0.659245 0.017778 0.013492
0 0.381705 0.800255 0.017664 0.015824
0 0.435357 0.854121 0.023567 0.016474
0 0.565171 0.409189 0.018223 0.013384
0 0.398939 0.607560 0.021681 0.016842
0 0.512487 0.405423 0.020995 0.015687
0 0.301219 0.369944 0.017482 0.012635
0 0.227692 0.470478 0.012721 0.009222
0 0.546451 0.477909 0.018262 0.014698
0 0.458682 0.341617 0.017267 0.014353
0 0.302281 0.526977 0.012940 0.009984
0 0.673182 0.557248 0.018084 0.014755
1 0.056194 0.615332 0.056117 0.041642
0 0.613517 0.773424 0.019290 0.013889
0 0.219691 0.562153 0.018261 0.014088
0 0.663140 0.643255 0.015546 0.012187
0 0.563541 0.510481 0.016375 0.012170
0 0.726811 0.419360 0.023055 0.016359
0 0.248220 0.501761 0.016319 0.013710
0 0.432445 0.774970 0.016677 0.013190
0 0.309634 0.572911 0.014565 0.011710
0 0.656084 0.523074 0.015552 0.011874
0 0.496823 0.671304 0.018116 0.015637
0 0.612305 0.811248 0.019609 0.017107
0 0.581777 0.845588 0.018107 0.014190
0 0.332737 0.437073 0.014882 0.012050
0 0.779531 0.552207 0.025589 0.017477
0 0.246978 0.528198 0.014493 0.010647
0 0.482678 0.634961 0.018034 0.013369
0 0.578547 0.666590 0.020552 0.017994
0 0.484085 0.297263 0.014586 0.012323
0 0.421168 0.713850 0.014166 0.010631
0 0.518016 0.455695 0.015106 0.012404
0 0.604854 0.853878 0.020676 0.016481
1 0.772012 0.743856 0.045682 0.038163
0 0.440336 0.586012 0.014448 0.012745
0 0.564620 0.815904 0.017962 0.013975
0 0.429657 0.280969 0.013920 0.009854
1 0.305235 0.690187 0.048027 0.036474
0 0.182895 0.447496 0.017847 0.011797
0 0.351658 0.692833 0.014916 0.010930
0 0.683865 0.468844 0.024119 0.017675
0 0.423887 0.352763 0.016919 0.013752
0 0.489699 0.611932 0.021059 0.013808
0 0.360345 0.478712 0.015658 0.011562
0 0.330581 0.363890 0.015646 0.018752
0 0.786404 0.495084 0.022183 0.017262
0 0.588527 0.526811 0.017728 0.012324
0 0.363216 0.302011 0.012127 0.009823
0 0.602274 0.618438 0.016796 0.015008
0 0.312575 0.351182 0.017748 0.012935
0 0.642836 0.484110 0.015610 0.012289
0 0.353245 0.544466 0.013167 0.010056
0 0.758881 0.524530 0.014434 0.011105
0 0.446458 0.726843 0.015861 0.012162
0 0.760097 0.448112 0.018833 0.013978
0 0.645704 0.783613 0.017096 0.013788
0 0.456417 0.310534 0.014894 0.012202
0 0.217183 0.420827 0.015584 0.011862
0 0.416405 0.371433 0.022396 0.014611
0 0.650551 0.497217 0.016882 0.013004
0 0.542075 0.649028 0.022574 0.020337
0 0.436608 0.605401 0.015642 0.011243
0 0.101247 0.456768 0.017597 0.011796
0 0.711467 0.446780 0.016422 0.014577
0 0.306116 0.639779 0.013688 0.011022
0 0.628334 0.756428 0.015973 0.010981
0 0.142255 0.415457 0.019698 0.014724
0 0.693190 0.732093 0.014699 0.011170
0 0.459462 0.714447 0.018344 0.014355
0 0.471792 0.737865 0.015496 0.012634
0 0.113819 0.545032 0.014869 0.010689
0 0.129898 0.746674 0.018226 0.014562
0 0.310138 0.588546 0.020465 0.011528
0 0.572365 0.475807 0.016958 0.011915
0 0.137571 0.712089 0.018311 0.014089
0 0.203714 0.374836 0.016374 0.011406
0 0.596483 0.368603 0.019557 0.013649
0 0.611405 0.418955 0.020385 0.016485
0 0.190274 0.339138 0.019054 0.014636
0 0.412561 0.319853 0.016478 0.014267
0 0.564891 0.528378 0.016561 0.012706
0 0.043228 0.501948 0.016084 0.012606
0 0.396987 0.570308 0.025465 0.014523
0 0.170702 0.543220 0.015923 0.013168
0 0.202564 0.499238 0.011145 0.008314
0 0.401279 0.353621 0.014839 0.010894
0 0.019172 0.558768 0.017238 0.013920
0 0.280010 0.579485 0.014208 0.010668
0 0.216947 0.377095 0.016309 0.010463
0 0.590661 0.474996 0.013558 0.011075
0 0.702948 0.687995 0.017032 0.013050
0 0.168920 0.529759 0.017118 0.013458
0 0.748066 0.697122 0.016342 0.012951
0 0.103968 0.530236 0.018424 0.013110
0 0.327434 0.837768 0.016996 0.012940
0 0.564865 0.325164 0.025930 0.013297
0 0.388659 0.719893 0.012221 0.009393
0 0.113840 0.578042 0.013679 0.010929
0 0.756518 0.430004 0.019132 0.015495
0 0.465197 0.717096 0.021555 0.015290
0 0.382675 0.282732 0.016623 0.010621
0 0.151921 0.744891 0.014965 0.011319
0 0.308639 0.308576 0.014004 0.013237
0 0.166400 0.444685 0.015646 0.010485
0 0.396848 0.552556 0.016377 0.012304
0 0.608489 0.314714 0.016536 0.012459
0 0.094813 0.507575 0.012258 0.011549
0 0.369958 0.635758 0.013295 0.010914
0 0.641308 0.775429 0.015021 0.012918
0 0.505668 0.424669 0.015507 0.011410
0 0.263411 0.526614 0.014792 0.009629
0 0.290815 0.488035 0.013278 0.013993
0 0.335814 0.305474 0.011996 0.009960
0 0.526430 0.378349 0.013566 0.011504
0 0.677410 0.378768 0.014472 0.012565
0 0.041852 0.489833 0.015552 0.013715
0 0.522833 0.658059 0.014233 0.011912
0 0.111063 0.541001 0.016092 0.014472
1 0.257078 0.313875 0.059560 0.037563