0 0.512237 0.446377 0.011667 0.015912
0 0.598678 0.415639 0.012396 0.016572
0 0.376892 0.697295 0.012156 0.016303
0 0.420749 0.773376 0.012830 0.016361
0 0.458961 0.376411 0.011071 0.014558
0 0.569735 0.705294 0.013686 0.018823
0 0.372939 0.407023 0.012325 0.017001
0 0.351943 0.358530 0.012222 0.017204
0 0.566323 0.530612 0.012790 0.017663
0 0.405960 0.690846 0.012256 0.015946
0 0.418471 0.467802 0.010521 0.013786
0 0.420539 0.840726 0.014166 0.020221
0 0.561307 0.762929 0.016863 0.022586
0 0.498157 0.392690 0.012523 0.015658
0 0.604268 0.498167 0.013922 0.018569
0 0.409844 0.254871 0.014407 0.017986
0 0.449131 0.699796 0.012028 0.015840
0 0.430494 0.808024 0.013995 0.018386
0 0.442644 0.296351 0.013233 0.018494
0 0.713116 0.411521 0.011547 0.016175
0 0.466308 0.768780 0.013099 0.017229
0 0.479841 0.326251 0.011789 0.016292
0 0.550123 0.542138 0.010764 0.014838
0 0.498814 0.650891 0.012566 0.016716
0 0.590135 0.477838 0.012452 0.016923
0 0.244529 0.413915 0.012837 0.017367
0 0.696964 0.451848 0.011688 0.015268
0 0.398096 0.385883 0.013534 0.017660
0 0.493049 0.856213 0.015283 0.020250
0 0.542243 0.485362 0.012530 0.017509
0 0.535096 0.342286 0.013493 0.020901
0 0.512489 0.836897 0.013778 0.018300
0 0.520122 0.616740 0.011993 0.015934
0 0.381627 0.478219 0.012778 0.016561
0 0.363577 0.746741 0.012386 0.016233
0 0.543118 0.218171 0.010662 0.016083
0 0.672561 0.381661 0.011899 0.016873
0 0.573936 0.865248 0.014025 0.018119
0 0.484376 0.817426 0.013416 0.017457
0 0.591554 0.848561 0.013492 0.018213
0 0.583829 0.242825 0.012272 0.016140
0 0.389216 0.654212 0.010988 0.015316
0 0.321822 0.341829 0.012088 0.016306
0 0.283813 0.534302 0.013101 0.017455
0 0.462760 0.476074 0.011367 0.013846
0 0.370449 0.829782 0.015150 0.021108
0 0.440065 0.589695 0.010315 0.014653
0 0.664124 0.347243 0.011328 0.015497
0 0.240172 0.586789 0.013144 0.019073
0 0.352066 0.306816 0.013808 0.018355
0 0.359170 0.806199 0.012535 0.015939
0 0.263694 0.652720 0.012251 0.016994
0 0.430317 0.515812 0.010938 0.014966
0 0.471198 0.401248 0.011619 0.014180
0 0.570877 0.456174 0.014340 0.018136
0 0.495063 0.171903 0.010792 0.016527
1 0.460684 0.447860 0.034859 0.042771
0 0.312378 0.430761 0.011531 0.015371
0 0.433994 0.646310 0.013853 0.021009
0 0.616212 0.795564 0.013066 0.018953
0 0.601000 0.326616 0.011960 0.016229
0 0.552539 0.313816 0.013410 0.017616
0 0.336125 0.304817 0.014009 0.017502
0 0.274377 0.494300 0.013185 0.019250
0 0.514923 0.308990 0.016216 0.020143
0 0.618746 0.717531 0.013412 0.017914
0 0.313476 0.311954 0.012399 0.016707
0 0.299143 0.342872 0.012856 0.017161
0 0.431792 0.404090 0.010747 0.016445
0 0.383380 0.847521 0.012985 0.017162
0 0.536956 0.261929 0.012387 0.019092
0 0.369764 0.334195 0.015098 0.022383
0 0.456095 0.793234 0.013092 0.018492
0 0.289317 0.401871 0.011327 0.015478
0 0.415048 0.178392 0.009766 0.014751
0 0.502648 0.488001 0.014820 0.017954
0 0.413600 0.279367 0.010358 0.014463
1 0.668226 0.808874 0.031353 0.046281
0 0.262072 0.357229 0.011267 0.015665
0 0.281766 0.672515 0.012071 0.015662
0 0.278583 0.335047 0.011644 0.015990
0 0.410341 0.395775 0.011764 0.016026
0 0.588059 0.741896 0.012221 0.017578
0 0.353350 0.765073 0.011915 0.014530
0 0.672389 0.311849 0.014258 0.019198
0 0.345712 0.527507 0.012559 0.019526
0 0.369881 0.785444 0.012653 0.016932
0 0.281427 0.703976 0.012629 0.017250
0 0.398538 0.521617 0.012573 0.018029
0 0.402778 0.838450 0.013229 0.018697
0 0.524922 0.731626 0.013558 0.020744
0 0.487612 0.347612 0.011470 0.014240
0 0.224925 0.376534 0.016714 0.023185
0 0.489538 0.237791 0.010953 0.015307
0 0.451501 0.733238 0.016864 0.019219
0 0.566513 0.315530 0.012068 0.015467
0 0.612062 0.577556 0.011106 0.016430
0 0.613341 0.294363 0.009764 0.015169
0 0.520517 0.275591 0.013125 0.015383
0 0.540328 0.457013 0.011416 0.016873
0 0.455985 0.221022 0.014014 0.018648
0 0.655910 0.611146 0.015303 0.021450
0 0.658861 0.688080 0.013032 0.017164
0 0.504126 0.553054 0.014094 0.017828
0 0.582753 0.637469 0.014203 0.019073
0 0.201100 0.425358 0.012862 0.019174
0 0.315149 0.554970 0.010968 0.014677
0 0.474628 0.582993 0.013992 0.020210
0 0.664102 0.644552 0.016401 0.022338
0 0.616646 0.849591 0.013268 0.016651
0 0.281128 0.641638 0.016236 0.018032
0 0.370384 0.855897 0.012893 0.016243
0 0.241746 0.379097 0.013409 0.019440
0 0.350627 0.455590 0.009823 0.014246
0 0.544724 0.671144 0.010988 0.015725
0 0.635566 0.681593 0.016545 0.019362
0 0.579261 0.293029 0.009747 0.013632
0 0.433713 0.665763 0.011764 0.014892
0 0.372879 0.578858 0.013536 0.016606
0 0.703449 0.546051 0.014050 0.019495
1 0.320509 0.709451 0.025944 0.039638
0 0.510866 0.897283 0.013463 0.017319
0 0.534257 0.180312 0.009333 0.015398
0 0.404962 0.506209 0.010394 0.013840
0 0.623525 0.375660 0.010485 0.016536
0 0.742241 0.376447 0.014298 0.019590
0 0.559504 0.801761 0.014372 0.016604
0 0.521210 0.578390 0.012700 0.016824
0 0.739451 0.475318 0.012855 0.020275
0 0.358274 0.486628 0.018186 0.022888
0 0.690120 0.615445 0.013049 0.017709
0 0.644499 0.319960 0.010648 0.014720
0 0.534945 0.888271 0.015777 0.018714
0 0.375019 0.760790 0.011424 0.016474
0 0.682124 0.699791 0.010647 0.015383
0 0.599007 0.212198 0.021185 0.027036
0 0.628735 0.520489 0.012664 0.019072
0 0.681265 0.645254 0.012122 0.016250
0 0.248273 0.675289 0.011667 0.016226
1 0.628061 0.335246 0.025955 0.038357
0 0.432269 0.491928 0.009835 0.013325
0 0.636237 0.431615 0.015215 0.022497
0 0.563347 0.458395 0.015225 0.014904
0 0.620151 0.820498 0.010979 0.014875
0 0.494676 0.476074 0.012383 0.018058
0 0.558779 0.314137 0.021203 0.016334
0 0.329067 0.445381 0.013922 0.020469
0 0.533857 0.608165 0.011016 0.017898