1 0.468917 0.641963 0.056310 0.040275
1 0.521499 0.758236 0.051724 0.036824
1 0.503581 0.371538 0.039949 0.031094
0 0.601359 0.331388 0.016269 0.012081
0 0.572545 0.398189 0.016264 0.012303
1 0.455782 0.342914 0.088534 0.042931
0 0.563869 0.320348 0.017855 0.011764
0 0.522897 0.507258 0.019431 0.014818
0 0.410303 0.421458 0.017999 0.011869
0 0.495943 0.560759 0.017840 0.012524
0 0.526462 0.479334 0.016709 0.010960
0 0.161966 0.565432 0.015355 0.010464
0 0.541602 0.418520 0.019766 0.013909
0 0.608459 0.385213 0.017308 0.011997
0 0.378439 0.383718 0.017398 0.012323
0 0.498689 0.702430 0.015670 0.010064
0 0.602313 0.727747 0.014643 0.009719
0 0.640458 0.334886 0.018700 0.011837
0 0.829674 0.405899 0.018477 0.013250
0 0.453673 0.578416 0.015433 0.010777
0 0.545546 0.450324 0.020860 0.015022
1 0.509275 0.803868 0.060103 0.034869
0 0.320610 0.501730 0.015087 0.010548
0 0.389601 0.286607 0.015586 0.011143
1 0.450286 0.700839 0.058740 0.043757
0 0.297085 0.523933 0.013638 0.009824
0 0.578136 0.424077 0.019003 0.012984
0 0.293186 0.396913 0.017245 0.010760
0 0.290475 0.444063 0.017647 0.012538
0 0.458649 0.553607 0.014518 0.010016
0 0.551411 0.292468 0.017012 0.011126
0 0.388090 0.334429 0.015919 0.010710
0 0.552925 0.520476 0.018725 0.011405
0 0.431360 0.484410 0.017918 0.012457
0 0.331419 0.387620 0.017093 0.012201
0 0.354590 0.297013 0.017170 0.012152
0 0.405820 0.314880 0.013777 0.009299
0 0.839552 0.515472 0.016484 0.012810
0 0.764194 0.683749 0.017011 0.012183
0 0.489901 0.616459 0.015530 0.009632
0 0.744930 0.691070 0.012836 0.008680
0 0.573324 0.468426 0.017077 0.012916
0 0.407027 0.382671 0.016961 0.013456
0 0.592818 0.372430 0.015929 0.010620
0 0.764613 0.572275 0.014427 0.010819
0 0.736546 0.429661 0.015750 0.011999
0 0.307989 0.419611 0.017648 0.012475
0 0.279699 0.493052 0.015912 0.011887
0 0.778275 0.542598 0.013923 0.009843
0 0.443479 0.307577 0.016633 0.009912
0 0.228647 0.491194 0.017011 0.012051
0 0.302382 0.687733 0.013445 0.009903
0 0.654063 0.313521 0.019238 0.013113
0 0.366887 0.354449 0.015040 0.010676
0 0.468290 0.595439 0.015258 0.010115
0 0.748100 0.544698 0.018193 0.010824
0 0.395338 0.511834 0.016732 0.013891
0 0.504836 0.408699 0.016773 0.010180
0 0.786787 0.500127 0.017609 0.011075
0 0.803359 0.445840 0.018522 0.012741
0 0.234187 0.647320 0.016151 0.013079
0 0.317830 0.366547 0.019288 0.013133
0 0.442531 0.658425 0.013897 0.008869
0 0.781095 0.472192 0.013738 0.008745
0 0.590002 0.677321 0.015142 0.012265
0 0.454381 0.523451 0.015625 0.010233
0 0.457665 0.458760 0.018189 0.011700
0 0.480088 0.507484 0.020189 0.013927
0 0.208565 0.527073 0.016471 0.011209
0 0.643808 0.497462 0.017312 0.012290
0 0.437169 0.285273 0.013367 0.010063
0 0.427605 0.561794 0.015619 0.013492
0 0.474862 0.262638 0.013482 0.012670
0 0.376358 0.605493 0.013745 0.009311
0 0.430299 0.365894 0.021908 0.009924
0 0.559206 0.665266 0.015300 0.010224
0 0.217815 0.395726 0.016765 0.010844
0 0.194118 0.396272 0.017897 0.013587
0 0.528577 0.388895 0.016637 0.011790
0 0.704206 0.717523 0.014202 0.010312
0 0.745546 0.467868 0.016997 0.013340
0 0.583684 0.594513 0.014242 0.009921
0 0.507942 0.662099 0.013919 0.008893
0 0.521830 0.577180 0.009442 0.012209
0 0.218238 0.341612 0.023118 0.016150
0 0.278276 0.501910 0.014205 0.011972
0 0.155551 0.467498 0.015346 0.012341
0 0.573249 0.355116 0.024709 0.014491
0 0.354838 0.274461 0.019787 0.014548
0 0.636605 0.366938 0.017203 0.011137
0 0.621142 0.407574 0.015873 0.011371
0 0.274399 0.423891 0.015363 0.012466
0 0.803587 0.589515 0.012899 0.009215
0 0.528185 0.348988 0.013887 0.009800
0 0.732127 0.533220 0.014558 0.009701
0 0.719003 0.687419 0.014355 0.010659
0 0.543207 0.535348 0.018302 0.010189
0 0.624063 0.531348 0.019254 0.011177
0 0.812418 0.476006 0.015403 0.010213
0 0.620967 0.351105 0.014737 0.009793
0 0.230114 0.412294 0.016617 0.011452
0 0.567984 0.497026 0.021299 0.015108
0 0.831760 0.437416 0.016175 0.011045
0 0.629269 0.745852 0.014859 0.010425
0 0.761842 0.502355 0.015027 0.010274
0 0.616536 0.456060 0.020241 0.011813
0 0.780385 0.660690 0.011974 0.007664
0 0.472277 0.389444 0.014949 0.010294
0 0.645940 0.372731 0.017332 0.011552
0 0.526529 0.645341 0.013648 0.009749
0 0.787677 0.637596 0.012893 0.008935
0 0.482492 0.669582 0.014345 0.008511
0 0.849642 0.468775 0.020204 0.014086
0 0.779807 0.596827 0.013129 0.009057
0 0.413621 0.399762 0.016486 0.011012
0 0.311213 0.747814 0.013828 0.009082
0 0.279196 0.595258 0.016003 0.012620
0 0.506691 0.527662 0.015338 0.011428
0 0.414089 0.750561 0.014638 0.010928
0 0.561036 0.266047 0.015186 0.010951
0 0.700963 0.557123 0.013777 0.010648
0 0.456441 0.421823 0.016222 0.011870
0 0.565885 0.754473 0.014502 0.009604
0 0.194284 0.516269 0.013337 0.009818
0 0.680066 0.505513 0.015981 0.012235
0 0.481580 0.406985 0.014963 0.012591
0 0.540918 0.595680 0.015529 0.012691
0 0.759433 0.407299 0.017051 0.010833
0 0.209991 0.429779 0.016642 0.010788
0 0.369063 0.320704 0.016001 0.013514
0 0.123424 0.497433 0.020582 0.014157
0 0.578930 0.570021 0.013713 0.009945
0 0.387404 0.469915 0.018574 0.012698
0 0.487106 0.433349 0.015597 0.011527
0 0.234369 0.435809 0.015919 0.012610
0 0.280628 0.718145 0.014375 0.011065
0 0.646503 0.571759 0.015492 0.009998
0 0.737794 0.672098 0.012940 0.009126
0 0.412292 0.532946 0.014472 0.010068
0 0.636111 0.295463 0.014420 0.012167
0 0.329964 0.613195 0.013965 0.009854
0 0.376669 0.404558 0.016794 0.013420
0 0.217441 0.663977 0.017020 0.010081
0 0.660086 0.549843 0.017715 0.013410
0 0.797067 0.521776 0.012177 0.008537
0 0.513672 0.714820 0.013241 0.008598
0 0.477492 0.294349 0.015145 0.012994
0 0.425755 0.501260 0.018029 0.014633
0 0.661776 0.398257 0.017294 0.012339
0 0.279124 0.599539 0.013609 0.011841
0 0.336405 0.670635 0.011858 0.010518
0 0.248279 0.543078 0.013737 0.009626
0 0.386671 0.664153 0.015447 0.010048
0 0.588527 0.756807 0.018362 0.011752
0 0.619104 0.763386 0.017518 0.010063
0 0.600022 0.554145 0.016290 0.009783
0 0.206801 0.643467 0.013847 0.010068
0 0.532535 0.702957 0.015617 0.009868
0 0.572309 0.375934 0.014785 0.008925
0 0.747853 0.589462 0.014440 0.010398
0 0.795987 0.422913 0.019037 0.012015
0 0.188862 0.599274 0.016656 0.011274
0 0.563894 0.354130 0.015573 0.013097
0 0.528819 0.698857 0.015955 0.011365
0 0.603879 0.436745 0.018077 0.011864
1 0.458254 0.709977 0.045661 0.025753
0 0.129642 0.459288 0.015387 0.010584
0 0.281229 0.309279 0.017005 0.012784
0 0.374487 0.639789 0.016385 0.012176
0 0.349397 0.525602 0.007915 0.005238
0 0.351958 0.504127 0.008380 0.006285
0 0.347302 0.511111 0.007449 0.004190
0 0.359407 0.511111 0.008380 0.004190
0 0.350096 0.489287 0.011174 0.007333
0 0.361037 0.483700 0.007915 0.007333
0 0.373608 0.477414 0.007915 0.004539
0 0.395257 0.483001 0.007449 0.005238
0 0.409690 0.480731 0.006518 0.005587
0 0.436694 0.513555 0.009312 0.008380
0 0.417140 0.518618 0.012105 0.002444
0 0.378729 0.530840 0.013502 0.005238
0 0.370116 0.536776 0.010243 0.006635
0 0.378263 0.544109 0.012571 0.004539
0 0.388273 0.552140 0.004656 0.005238
0 0.380126 0.552664 0.007915 0.004889
0 0.364529 0.552315 0.005587 0.006285
0 0.358709 0.538173 0.005121 0.005936
0 0.351027 0.536252 0.009312 0.003492
0 0.337059 0.536601 0.012105 0.004190
0 0.336128 0.546029 0.009312 0.005587
0 0.353122 0.566980 0.006053 0.004889
0 0.364529 0.563838 0.007449 0.007682
0 0.398516 0.557029 0.009312 0.005936
0 0.388972 0.560870 0.007915 0.005238
0 0.391300 0.569425 0.008846 0.004190
0 0.385014 0.572393 0.011174 0.003841
0 0.412716 0.577281 0.009777 0.005936
0 0.399680 0.579027 0.005121 0.003841
0 0.393162 0.583741 0.010708 0.003492
0 0.418769 0.585138 0.008846 0.006285
0 0.423658 0.591074 0.009312 0.006984
0 0.434133 0.551791 0.010708 0.003841
0 0.443678 0.591773 0.008380 0.004889
0 0.452757 0.592297 0.006984 0.005936
0 0.446238 0.597185 0.006984 0.005936
0 0.414812 0.602423 0.008380 0.005238
0 0.394093 0.593344 0.013502 0.005238
0 0.350794 0.583741 0.006053 0.005587
0 0.358243 0.583567 0.006984 0.003841
0 0.362899 0.573790 0.006984 0.003841
0 0.327049 0.577805 0.009777 0.006984
0 0.316574 0.579027 0.010243 0.003841
0 0.324489 0.559822 0.010243 0.006635
0 0.310987 0.555807 0.006518 0.006285
0 0.320066 0.517396 0.007915 0.006984
0 0.300278 0.544982 0.009312 0.005587
0 0.277232 0.557902 0.006984 0.006984
0 0.287475 0.562092 0.009777 0.005587
0 0.290036 0.553886 0.010243 0.005238
0 0.303538 0.566806 0.008380 0.008730
0 0.293528 0.575536 0.009777 0.007333
0 0.265825 0.571695 0.007449 0.003841
0 0.261402 0.557552 0.006984 0.007682
0 0.269550 0.539046 0.011174 0.005587
0 0.258376 0.528919 0.008380 0.006984
0 0.242314 0.520190 0.006053 0.006285
0 0.320298 0.476017 0.006518 0.005936
0 0.338922 0.470256 0.008380 0.006984
0 0.327282 0.460479 0.013036 0.004889
0 0.341715 0.451749 0.010243 0.009079
0 0.352889 0.457336 0.009312 0.005587
0 0.350096 0.443194 0.009312 0.005936
0 0.336594 0.439527 0.008380 0.007682
0 0.361270 0.428004 0.013036 0.006984
0 0.410156 0.457685 0.007449 0.005587
0 0.414346 0.466415 0.008380 0.006984
0 0.403172 0.472002 0.009312 0.009777
0 0.462999 0.449305 0.009777 0.006285
0 0.471380 0.462225 0.010708 0.010476
0 0.469285 0.490159 0.006518 0.007682
0 0.397818 0.540792 0.000466 0.006984
0 0.553555 0.551791 0.010243 0.007333
0 0.544011 0.546902 0.006984 0.003841
0 0.537260 0.559648 0.013036 0.008380
0 0.575903 0.558425 0.004656 0.006635
0 0.565195 0.555108 0.008380 0.006984
0 0.619435 0.568901 0.008846 0.004539
0 0.603605 0.573440 0.009777 0.003143
0 0.615710 0.577631 0.007915 0.005936
0 0.594992 0.581821 0.008380 0.004539
0 0.622461 0.588979 0.008380 0.006285
0 0.628979 0.581297 0.006518 0.003492
0 0.642481 0.471303 0.008380 0.006984
0 0.642481 0.483874 0.014899 0.005587
0 0.615943 0.470954 0.006518 0.006984
0 0.657613 0.441099 0.012571 0.004539
0 0.659475 0.436036 0.010708 0.006285
0 0.663898 0.428004 0.007449 0.006285
0 0.647603 0.422243 0.007449 0.006635
0 0.638989 0.421370 0.007915 0.005587
0 0.629910 0.430449 0.011174 0.005587
0 0.645740 0.429750 0.007449 0.006984
0 0.681124 0.419624 0.006518 0.006285
0 0.684849 0.403910 0.006518 0.007682
0 0.701843 0.395879 0.007915 0.006984
0 0.689039 0.382959 0.009312 0.009777
0 0.679029 0.379817 0.011640 0.005587
0 0.663898 0.530840 0.011174 0.006635
0 0.652258 0.514603 0.007449 0.009079
0 0.638989 0.518793 0.011640 0.005587
0 0.642248 0.539220 0.011640 0.008730
0 0.725820 0.552489 0.009312 0.007333
0 0.727915 0.565933 0.013502 0.007682
0 0.328213 0.647255 0.008380 0.005238
0 0.327748 0.657207 0.007449 0.006984
0 0.307728 0.644985 0.013967 0.004190
0 0.323325 0.638700 0.010708 0.004190
0 0.349165 0.633986 0.006518 0.006635
0 0.360339 0.608845 0.009312 0.008730
0 0.376634 0.623161 0.006518 0.008031
0 0.390601 0.685142 0.011174 0.006285
0 0.353588 0.707839 0.009777 0.004190
0 0.635497 0.712553 0.014899 0.010825
0 0.631773 0.698586 0.008380 0.004539
0 0.632704 0.691253 0.006518 0.005238
0 0.639920 0.658778 0.010708 0.010825
0 0.624323 0.651969 0.013036 0.012571
0 0.614779 0.644112 0.007915 0.004539
0 0.633868 0.631018 0.006984 0.004889
0 0.647370 0.618796 0.011640 0.002793
0 0.638989 0.626304 0.006984 0.003841
0 0.612451 0.622114 0.012571 0.008031
0 0.598018 0.625955 0.009777 0.003143
0 0.599415 0.630320 0.011640 0.006285
0 0.578929 0.636780 0.008846 0.005238
0 0.570549 0.645509 0.005121 0.005238
0 0.548434 0.642192 0.009312 0.005587
0 0.556581 0.643763 0.006053 0.007333
0 0.551227 0.617225 0.010243 0.006635
0 0.625720 0.684094 0.007449 0.005587
0 0.621064 0.699459 0.011174 0.005587
0 0.619668 0.717092 0.009312 0.005238
0 0.593828 0.685491 0.008846 0.011174
0 0.578696 0.713077 0.012105 0.006285
0 0.585447 0.730711 0.006053 0.006635
0 0.569385 0.738917 0.008380 0.004190
0 0.557978 0.733504 0.007915 0.005238
0 0.546338 0.724775 0.008846 0.005238
0 0.701144 0.746948 0.008380 0.006984
0 0.729079 0.743631 0.008380 0.007333
0 0.751660 0.741710 0.008846 0.009777
0 0.722561 0.726695 0.005587 0.006984
0 0.745840 0.719362 0.012105 0.006984
0 0.734899 0.711505 0.010708 0.013618
0 0.717905 0.701554 0.016761 0.013269
0 0.723492 0.704871 0.000000 0.000349
0 0.777034 0.728790 0.007449 0.006984
0 0.713715 0.764407 0.012105 0.003492
0 0.718604 0.755154 0.007915 0.008730
0 0.697187 0.775581 0.012571 0.006984
0 0.625022 0.786231 0.009777 0.007333
0 0.613615 0.785533 0.008380 0.004539
0 0.425054 0.770763 0.008380 0.004889
0 0.460439 0.746320 0.004656 0.005587
0 0.466957 0.756621 0.007449 0.007333
0 0.362201 0.798698 0.016761 0.005587
0 0.368253 0.792588 0.009312 0.005936
0 0.303770 0.793111 0.007915 0.008380
0 0.317971 0.786651 0.012105 0.008031
0 0.420631 0.616669 0.009777 0.006984
0 0.414113 0.634303 0.008846 0.006635
0 0.401077 0.625573 0.008846 0.003841
0 0.398051 0.618938 0.006518 0.005936
0 0.395490 0.610034 0.011640 0.004889
0 0.498849 0.574417 0.011640 0.007682
0 0.532138 0.574592 0.010243 0.009428
0 0.542847 0.609336 0.011174 0.002793
0 0.641783 0.600781 0.011640 0.002444
0 0.642714 0.584543 0.009777 0.004190
0 0.715345 0.606542 0.008846 0.005587
0 0.724889 0.614399 0.009312 0.008031
0 0.721397 0.601479 0.006053 0.005238
0 0.768188 0.642159 0.011174 0.006285
0 0.682754 0.337631 0.012571 0.007333
0 0.698351 0.330647 0.008380 0.009428
0 0.676701 0.330472 0.008846 0.006984
0 0.692764 0.318949 0.008380 0.006984
0 0.678797 0.316156 0.007449 0.006984
0 0.671580 0.292236 0.008846 0.004539
0 0.682288 0.293109 0.004190 0.002095
0 0.681590 0.276697 0.009312 0.006984
0 0.665062 0.283332 0.006053 0.005587
0 0.651793 0.282983 0.004656 0.007682
0 0.667390 0.265349 0.009777 0.004539
0 0.644111 0.262206 0.009777 0.003841
0 0.623858 0.267968 0.012105 0.006285
0 0.593828 0.266571 0.008846 0.010476
0 0.580093 0.281062 0.010243 0.004539
0 0.590336 0.293808 0.010243 0.004889
0 0.484416 0.307775 0.011640 0.004889
0 0.535863 0.284380 0.009312 0.005587
0 0.509092 0.266571 0.011640 0.005587
0 0.522827 0.252080 0.008380 0.004539
0 0.539122 0.250159 0.008380 0.005587
0 0.554253 0.248763 0.009777 0.004889
0 0.326584 0.301664 0.014433 0.003841
0 0.333102 0.286649 0.011640 0.008031
0 0.335895 0.314410 0.007915 0.005587
0 0.325885 0.332393 0.009312 0.003841
0 0.328912 0.338678 0.007915 0.007333
0 0.364529 0.336758 0.008380 0.005587
0 0.319135 0.348804 0.006984 0.004539
0 0.308193 0.353169 0.007449 0.006984
0 0.307029 0.342519 0.008846 0.008031
0 0.293062 0.329425 0.008846 0.008380
0 0.280258 0.360502 0.007449 0.004889
0 0.242779 0.345138 0.007915 0.009079
0 0.254884 0.326107 0.007915 0.007333
0 0.262566 0.372200 0.008380 0.003841
0 0.248832 0.368708 0.006053 0.005936
0 0.238123 0.373946 0.012571 0.008031
0 0.240684 0.380755 0.010243 0.005587
0 0.253022 0.387739 0.007915 0.003492
0 0.247435 0.393151 0.014433 0.003143
0 0.277232 0.383199 0.007915 0.004889
0 0.269317 0.388786 0.008846 0.008380
0 0.263730 0.403452 0.006984 0.005587
0 0.256514 0.407293 0.015830 0.006285
0 0.289105 0.460370 0.010243 0.005587
0 0.279327 0.467877 0.010243 0.007333
0 0.262799 0.471020 0.010708 0.003841
0 0.263265 0.487781 0.007915 0.005936
0 0.255117 0.478178 0.007449 0.004190
0 0.229510 0.582099 0.006518 0.010476
0 0.233700 0.571973 0.010243 0.006285
0 0.247202 0.558180 0.004656 0.005936
0 0.252324 0.583671 0.005587 0.002444
0 0.217638 0.546133 0.010708 0.005587
0 0.159440 0.531816 0.007915 0.005587
0 0.166656 0.512436 0.014899 0.008031
0 0.156646 0.504056 0.006984 0.005238
0 0.167820 0.624176 0.011640 0.005936
0 0.192031 0.614399 0.007915 0.008031
0 0.187142 0.650191 0.011174 0.006984
0 0.157345 0.659619 0.013036 0.005587
0 0.153155 0.630287 0.016761 0.005587
0 0.168984 0.684236 0.012105 0.006635
0 0.187840 0.700473 0.009777 0.004190
0 0.335197 0.595892 0.009312 0.007333
0 0.349630 0.596940 0.010243 0.005936