0 0.607886 0.416185 0.016693 0.017190
0 0.244478 0.452499 0.016859 0.017802
0 0.795036 0.488492 0.016499 0.017842
0 0.756909 0.617585 0.015706 0.016751
0 0.703203 0.355449 0.017619 0.016791
0 0.323423 0.798536 0.015182 0.015776
0 0.691182 0.548751 0.016057 0.016588
0 0.849636 0.410813 0.014967 0.015044
0 0.417610 0.310061 0.013913 0.014984
0 0.716230 0.454850 0.015543 0.015783
0 0.723737 0.646302 0.017826 0.017252
0 0.092939 0.795691 0.014163 0.014733
0 0.325166 0.954973 0.014659 0.016223
0 0.855295 0.555188 0.016196 0.015670
0 0.847293 0.650849 0.013613 0.014000
0 0.661353 0.420725 0.014821 0.015273
0 0.706469 0.432589 0.014911 0.015359
0 0.634967 0.817215 0.014732 0.014655
0 0.719191 0.534798 0.017498 0.017672
0 0.269720 0.757739 0.018931 0.020114
0 0.728901 0.421318 0.015314 0.015138
0 0.172347 0.441213 0.015933 0.016922
0 0.603796 0.814338 0.015408 0.015807
0 0.637700 0.308652 0.014808 0.015168
0 0.649566 0.457954 0.013999 0.015101
0 0.713304 0.310214 0.014394 0.015717
0 0.882123 0.666424 0.012851 0.013883
0 0.693130 0.863093 0.011989 0.011819
0 0.195847 0.469901 0.015342 0.016845
0 0.653540 0.541693 0.018553 0.020283
0 0.169915 0.979272 0.015009 0.014250
0 0.595816 0.488222 0.016832 0.015920
0 0.519707 0.837409 0.016205 0.018065
0 0.877591 0.563389 0.016669 0.016307
1 0.131806 0.373518 0.050867 0.049890
0 0.361421 0.320223 0.017129 0.019988
0 0.572188 0.286364 0.015650 0.017968
0 0.357294 0.875691 0.013653 0.013216
0 0.914353 0.563900 0.018748 0.018402
0 0.331138 0.653715 0.015080 0.015725
0 0.447370 0.776893 0.014739 0.014146
0 0.542812 0.176620 0.012989 0.013988
0 0.886628 0.532041 0.017894 0.020816
0 0.594179 0.375420 0.017363 0.015987
0 0.580867 0.240699 0.014212 0.015313
0 0.636617 0.414066 0.016868 0.017819
0 0.286660 0.700645 0.014379 0.014004
0 0.692172 0.477906 0.019823 0.016200
0 0.827734 0.932799 0.010815 0.011402
0 0.242154 0.890107 0.013989 0.015036
0 0.376078 0.796784 0.013329 0.013765
0 0.300786 0.928282 0.012790 0.013717
0 0.110406 0.463933 0.013183 0.014200
0 0.796952 0.861425 0.011035 0.011696
0 0.849003 0.465300 0.013311 0.013991
0 0.676367 0.528339 0.014516 0.014079
0 0.819952 0.556031 0.014164 0.014506
0 0.388095 0.368926 0.014850 0.013478
0 0.645429 0.762386 0.014947 0.015857
0 0.300104 0.383841 0.018493 0.021821
0 0.101775 0.392118 0.013681 0.013808
0 0.401675 0.900120 0.016670 0.016523
0 0.785789 0.668522 0.013143 0.014189
0 0.627452 0.356211 0.017896 0.016114
0 0.316144 0.521284 0.014952 0.015390
0 0.218167 0.985147 0.013720 0.015026
0 0.158162 0.614239 0.016843 0.017548
0 0.800662 0.681490 0.013239 0.013954
0 0.458400 0.570269 0.015703 0.015597
0 0.345928 0.677682 0.013739 0.013994
0 0.352692 0.933998 0.014694 0.015099
0 0.780369 0.771459 0.013274 0.013780
0 0.654051 0.591777 0.018999 0.017413
0 0.238630 0.963866 0.013818 0.014095
0 0.628972 0.287591 0.016753 0.016180
0 0.711634 0.628251 0.017029 0.015239
0 0.214917 0.347057 0.012171 0.014169
0 0.387700 0.665460 0.021246 0.019892
0 0.163664 0.535250 0.013727 0.014380
0 0.430095 0.660018 0.015876 0.016034
0 0.591140 0.563139 0.015407 0.017268
0 0.487348 0.701802 0.015212 0.015889
0 0.207083 0.531936 0.015411 0.016673
0 0.523539 0.374436 0.013434 0.014528
0 0.327363 0.850391 0.014877 0.014890
0 0.647616 0.503417 0.015553 0.014526
0 0.531592 0.288053 0.011989 0.012782
0 0.786844 0.634399 0.013464 0.014544
0 0.774851 0.954150 0.012690 0.011904
0 0.514154 0.237065 0.013634 0.012505
0 0.175113 0.953904 0.012957 0.014901
0 0.473079 0.727780 0.013613 0.014822
0 0.206108 0.594480 0.014906 0.015036
0 0.474161 0.447304 0.014649 0.014204
0 0.577070 0.332733 0.015587 0.016905
0 0.140509 0.706303 0.011909 0.013131
0 0.486695 0.166089 0.013095 0.012639
0 0.411619 0.248231 0.011903 0.014640
0 0.618606 0.576494 0.017826 0.017461
0 0.362993 0.819445 0.014083 0.014295
0 0.568785 0.955750 0.012327 0.012320
0 0.502582 0.606172 0.019463 0.017077
0 0.381354 0.240674 0.012190 0.013668
0 0.461480 0.492516 0.017577 0.018550
0 0.866748 0.632444 0.013335 0.013592
0 0.818647 0.578520 0.012709 0.014970
0 0.233833 0.554694 0.014607 0.014160
0 0.362295 0.979956 0.013907 0.013956
0 0.280501 0.351108 0.013004 0.014900
0 0.505602 0.277922 0.012346 0.013566
0 0.207690 0.289981 0.014336 0.017769
0 0.467333 0.271400 0.014423 0.015398
0 0.432497 0.472290 0.016327 0.016080
0 0.795492 0.596554 0.013736 0.014252
0 0.627894 0.794357 0.015570 0.014937
0 0.850581 0.731163 0.011112 0.011317
0 0.862920 0.859195 0.013416 0.014648
1 0.628608 0.698046 0.083162 0.086495
0 0.604870 0.994570 0.013854 0.010651
0 0.254910 0.280047 0.015948 0.016356
0 0.759199 0.459671 0.023212 0.019152
0 0.347074 0.704817 0.013543 0.013492
0 0.481365 0.339650 0.016020 0.013798
0 0.419806 0.434821 0.015805 0.017618
0 0.561454 0.834424 0.013940 0.015335
0 0.254713 0.504830 0.015912 0.016992
0 0.281254 0.235432 0.011260 0.018458
0 0.489990 0.845758 0.018578 0.016672
0 0.529179 0.208504 0.016929 0.017646
0 0.548912 0.257130 0.013838 0.015347
0 0.015981 0.674504 0.012621 0.013685
0 0.175612 0.891377 0.012015 0.014136
0 0.493322 0.293253 0.017312 0.013901
0 0.611985 0.270046 0.015949 0.017477
0 0.301773 0.658172 0.015300 0.016407
0 0.724344 0.285690 0.018133 0.017477
0 0.126137 0.816172 0.012918 0.012682
0 0.820940 0.990162 0.012929 0.012753
0 0.760380 0.820777 0.012171 0.012126
0 0.593277 0.967108 0.013017 0.013143
0 0.564309 0.572877 0.013899 0.015001
0 0.134618 0.771773 0.016093 0.016765
0 0.833685 0.721769 0.012337 0.014036
0 0.432333 0.877119 0.022655 0.019603
0 0.817126 0.880803 0.010510 0.010672
0 0.643733 0.731772 0.015154 0.015969
0 0.468744 0.149304 0.010965 0.012587
0 0.781156 0.295354 0.013846 0.016051
0 0.553123 0.232541 0.012876 0.013398
0 0.511113 0.918633 0.014060 0.016858
0 0.853376 0.787152 0.010699 0.011015
0 0.784579 0.537528 0.017520 0.016335
0 0.327944 0.351295 0.013561 0.015621
0 0.327360 0.605199 0.016032 0.015825
0 0.803725 0.791078 0.011664 0.012519
0 0.763437 0.546906 0.016284 0.015304
0 0.782576 0.989973 0.013482 0.012748
0 0.375315 0.482415 0.017563 0.018049
0 0.249384 0.943668 0.012935 0.013086
0 0.423121 0.582431 0.013247 0.015646
0 0.745320 0.375859 0.013659 0.016879
0 0.284484 0.902329 0.014969 0.015688
0 0.761595 0.643719 0.017043 0.015660
0 0.719056 0.562477 0.015643 0.013670
0 0.854475 0.700725 0.012615 0.011896
0 0.018128 0.499989 0.013246 0.015169
0 0.551738 0.297534 0.015070 0.016795
0 0.900255 0.793305 0.014290 0.012671
0 0.228111 0.842134 0.016779 0.017093
0 0.698977 0.814141 0.012064 0.014890
0 0.615348 0.782974 0.013659 0.014719
0 0.201822 0.492499 0.014247 0.013856
0 0.359538 0.172134 0.013120 0.015402
0 0.333902 0.552138 0.018277 0.017676
0 0.347493 0.627856 0.016334 0.015293
0 0.629780 0.468417 0.014215 0.015452
0 0.688966 0.751029 0.012553 0.013676
0 0.305410 0.621154 0.015423 0.016116
0 0.287363 0.547004 0.013912 0.014837
0 0.811408 0.631759 0.013583 0.013288
0 0.515467 0.307314 0.012419 0.014004
0 0.230092 0.777491 0.013710 0.015702
0 0.295967 0.677331 0.017363 0.017772
0 0.004737 0.511201 0.009473 0.013273
0 0.835711 0.907748 0.009595 0.010960
0 0.325448 0.577638 0.014506 0.015627
0 0.796376 0.955531 0.010432 0.011514
0 0.391480 0.608525 0.015338 0.015745
0 0.450028 0.321268 0.022469 0.014371
0 0.460245 0.347499 0.014733 0.016107