0 0.360568 0.703132 0.018256 0.013594
0 0.376205 0.738297 0.016400 0.012695
0 0.273056 0.659722 0.017533 0.013528
0 0.425044 0.976713 0.025018 0.020177
0 0.465452 0.957687 0.022014 0.017175
0 0.376675 0.553849 0.015454 0.012666
0 0.429929 0.613895 0.016535 0.012208
0 0.414590 0.512060 0.017716 0.013676
0 0.627980 0.619323 0.018107 0.014147
0 0.546841 0.902735 0.024140 0.016978
0 0.592455 0.873408 0.017616 0.012787
0 0.390082 0.827115 0.016480 0.014449
0 0.642984 0.833548 0.017307 0.012828
0 0.323786 0.877114 0.020868 0.014008
0 0.453461 0.652675 0.014134 0.011023
0 0.393979 0.762327 0.021627 0.014805
0 0.740432 0.764524 0.015852 0.012797
0 0.487698 0.597996 0.018602 0.015303
0 0.658098 0.507564 0.017626 0.013550
0 0.452801 0.578468 0.021535 0.015964
0 0.488630 0.550201 0.014983 0.011379
0 0.515320 0.437745 0.017081 0.014620
0 0.748589 0.655378 0.020191 0.014909
0 0.391150 0.610877 0.016024 0.012700
0 0.458889 0.798522 0.016074 0.013304
0 0.681804 0.467266 0.019428 0.013799
0 0.642666 0.658690 0.017429 0.013162
0 0.262011 0.926493 0.017217 0.013194
0 0.341362 0.796687 0.015518 0.011924
0 0.328324 0.654870 0.015273 0.012256
0 0.462640 0.927296 0.018415 0.013596
0 0.652826 0.449397 0.024854 0.016294
0 0.279997 0.629662 0.018290 0.014134
0 0.334276 0.768565 0.015293 0.012354
0 0.474313 0.710366 0.019533 0.015249
0 0.268083 0.778886 0.015227 0.012057
0 0.768175 0.753292 0.014503 0.011067
0 0.548803 0.560701 0.016472 0.012713
0 0.462894 0.483397 0.015362 0.012103
1 0.153230 0.905173 0.044696 0.041738
0 0.523251 0.613101 0.016122 0.011450
0 0.385128 0.791255 0.014148 0.011229
0 0.543327 0.625036 0.015033 0.011155
1 0.288006 0.810705 0.051875 0.042439
0 0.251465 0.884612 0.015197 0.011804
0 0.699722 0.606665 0.014971 0.012155
0 0.680820 0.910881 0.016080 0.011421
0 0.301509 0.556397 0.025858 0.015578
0 0.722980 0.544674 0.014552 0.011856
0 0.461078 0.444364 0.013716 0.012307
0 0.653192 0.863844 0.026303 0.018768
0 0.314877 0.535548 0.018938 0.017780
0 0.592557 0.831053 0.018230 0.015093
0 0.559787 0.875515 0.016478 0.012695
0 0.576075 0.438899 0.020983 0.016882
0 0.303809 0.769656 0.017519 0.012262
0 0.564298 0.961332 0.023150 0.017574
0 0.630788 0.746044 0.015138 0.011984
0 0.231038 0.538759 0.019863 0.014972
0 0.690437 0.670730 0.019429 0.016035
0 0.379647 0.508721 0.016509 0.013682
0 0.167959 0.669833 0.016312 0.012479
0 0.681199 0.488683 0.018805 0.014555
0 0.312298 0.849968 0.017656 0.012819
0 0.300981 0.908075 0.035652 0.025966
0 0.567506 0.776233 0.020086 0.015143
0 0.417680 0.545191 0.019828 0.015687
0 0.438049 0.527268 0.017559 0.014831
0 0.326716 0.754521 0.015202 0.011348
0 0.767833 0.677652 0.015838 0.012229
1 0.583618 0.550263 0.038528 0.030260
0 0.764785 0.623819 0.014625 0.011593
1 0.574538 0.651643 0.037830 0.034743
0 0.252424 0.500892 0.025788 0.017890
0 0.674608 0.763271 0.014619 0.011905
0 0.499255 0.895666 0.016968 0.015974
0 0.626630 0.425217 0.014268 0.012320
1 0.500676 0.694208 0.023344 0.026901
0 0.728771 0.628756 0.019447 0.016993
0 0.689611 0.753778 0.016318 0.014372
0 0.256102 0.554950 0.018343 0.016819
0 0.436118 0.501409 0.013945 0.011703
0 0.329555 0.759821 0.014848 0.015717
0 0.142002 0.526220 0.015810 0.013656
0 0.185883 0.709663 0.014739 0.012296
0 0.211154 0.570758 0.020217 0.020081
0 0.468321 0.458277 0.012048 0.010894
1 0.775644 0.805466 0.049549 0.027563
0 0.146989 0.540315 0.013832 0.012750
1 0.537729 0.768975 0.031424 0.019942