0 0.518175 0.831190 0.016570 0.016959
0 0.525309 0.917060 0.016664 0.016503
0 0.572671 0.330425 0.014221 0.013856
0 0.206569 0.761432 0.016934 0.016785
0 0.643978 0.768639 0.017484 0.018174
0 0.405478 0.381938 0.014053 0.014168
0 0.581677 0.485466 0.014892 0.017133
0 0.600804 0.389809 0.013830 0.013952
0 0.467268 0.922547 0.018740 0.019017
0 0.293730 0.797030 0.019281 0.018975
0 0.218884 0.832947 0.015932 0.016418
0 0.375495 0.978598 0.018329 0.018832
0 0.617108 0.923553 0.017098 0.018536
0 0.473801 0.961590 0.015285 0.015583
0 0.311526 0.303413 0.013777 0.014584
0 0.527864 0.728511 0.017154 0.016838
0 0.666504 0.893971 0.015753 0.015495
0 0.406033 0.972608 0.015858 0.016689
0 0.599349 0.317786 0.015367 0.018035
0 0.963527 0.560972 0.014249 0.014374
0 0.195234 0.497527 0.014406 0.014928
0 0.655614 0.250991 0.014512 0.014712
0 0.344304 0.904946 0.017928 0.017959
0 0.508578 0.969392 0.015360 0.015427
0 0.563506 0.834036 0.017810 0.019976
0 0.364165 0.888439 0.017498 0.017159
0 0.943559 0.411221 0.015501 0.015951
0 0.156090 0.450328 0.013298 0.013198
0 0.682910 0.696430 0.016007 0.016079
1 0.457889 0.489727 0.053263 0.056316
0 0.431256 0.427749 0.014671 0.014425
0 0.511452 0.764771 0.016989 0.017561
0 0.874172 0.494437 0.014222 0.014710
0 0.713147 0.773383 0.015782 0.016213
0 0.528691 0.431560 0.018993 0.018581
0 0.579202 0.743972 0.018008 0.016942
0 0.647608 0.394697 0.014856 0.014840
0 0.294677 0.480806 0.018459 0.018716
0 0.585511 0.705100 0.019215 0.019536
0 0.767462 0.457203 0.017034 0.015904
0 0.536914 0.646572 0.024584 0.019276
0 0.315968 0.984035 0.017031 0.017307
0 0.739114 0.511887 0.012766 0.012681
0 0.642561 0.887539 0.014397 0.014027
0 0.780933 0.964589 0.014109 0.014602
0 0.935220 0.610806 0.015467 0.015389
0 0.643246 0.282617 0.013246 0.013022
0 0.548425 0.695386 0.015037 0.014938
0 0.744529 0.245231 0.012864 0.013248
0 0.803550 0.859620 0.014125 0.014575
0 0.581695 0.636686 0.015423 0.015184
0 0.626103 0.510930 0.016523 0.015964
0 0.443019 0.346586 0.014281 0.014538
0 0.938454 0.693336 0.013245 0.012887
0 0.587324 0.555223 0.017438 0.017591
1 0.399942 0.282296 0.045784 0.044706
0 0.471235 0.369638 0.014491 0.013822
0 0.917831 0.472991 0.013532 0.014105
0 0.718990 0.483039 0.014196 0.014566
0 0.706408 0.527089 0.013873 0.013671
0 0.393699 0.329290 0.013155 0.014381
0 0.720632 0.418887 0.015454 0.015256
0 0.981467 0.621239 0.014758 0.015484
0 0.432828 0.238544 0.012986 0.014218
0 0.342394 0.276375 0.012654 0.013653
0 0.634848 0.646497 0.017003 0.017737
0 0.658983 0.944552 0.017853 0.016976
0 0.719402 0.563272 0.016114 0.016026
0 0.556399 0.672562 0.014576 0.015344
0 0.238451 0.789393 0.016338 0.016203
0 0.780426 0.899391 0.013626 0.013728
0 0.469373 0.284676 0.012652 0.013996
0 0.549526 0.410495 0.014038 0.016043
0 0.155199 0.615696 0.014590 0.014525
1 0.133434 0.409292 0.048135 0.047808
0 0.511567 0.790183 0.016851 0.016457
0 0.220855 0.370069 0.013921 0.014055
1 0.567289 0.264883 0.045580 0.048192
0 0.350779 0.360281 0.015225 0.016389
0 0.806162 0.261728 0.014012 0.015206
0 0.588477 0.910552 0.018933 0.017238
0 0.986423 0.579436 0.014448 0.014690
0 0.562955 0.433232 0.016296 0.019050
0 0.389244 0.676108 0.018709 0.018539
0 0.579124 0.402614 0.015458 0.018066
0 0.219341 0.472945 0.013847 0.013497
0 0.542393 0.359892 0.015050 0.015373
0 0.768291 0.919787 0.014574 0.014773
0 0.751198 0.965101 0.014375 0.015332
0 0.907747 0.644684 0.012986 0.013426
0 0.590067 0.770689 0.020502 0.020338
0 0.831916 0.977565 0.014652 0.015127
0 0.619261 0.701545 0.016898 0.016886
0 0.601576 0.748359 0.017708 0.017009
0 0.638210 0.845338 0.016926 0.017888
0 0.629905 0.367842 0.014792 0.014052
0 0.730766 0.854172 0.014526 0.014413
0 0.902896 0.701688 0.018116 0.018866
0 0.617758 0.194310 0.011460 0.012489
0 0.180510 0.948012 0.014680 0.014772
0 0.895472 0.670214 0.015636 0.015113
0 0.287768 0.881941 0.015660 0.015805
0 0.908395 0.387491 0.014151 0.015005
0 0.690551 0.779700 0.016192 0.016476
0 0.981526 0.653053 0.014045 0.014989
0 0.405144 0.615524 0.017613 0.018684
0 0.243741 0.463491 0.015528 0.015540
0 0.513855 0.473649 0.014183 0.014980
0 0.374600 0.358166 0.013087 0.012996
0 0.699777 0.264774 0.017032 0.015958
0 0.697532 0.453075 0.016984 0.019674
0 0.695486 0.630368 0.016254 0.016150
0 0.535635 0.496248 0.013710 0.014153
0 0.689828 0.930479 0.015560 0.015774
0 0.190603 0.861649 0.015069 0.014408
0 0.194655 0.568774 0.012975 0.013773
0 0.945992 0.847259 0.012613 0.013021
0 0.500493 0.550954 0.017304 0.017695
0 0.952495 0.593423 0.014925 0.020109
0 0.475246 0.405967 0.016387 0.017021
0 0.654309 0.416091 0.016949 0.016282
0 0.771596 0.504706 0.020983 0.015353
0 0.757427 0.286772 0.012991 0.013360
0 0.768612 0.995138 0.015165 0.009724
0 0.764850 0.539442 0.014672 0.014120
0 0.212152 0.865918 0.014342 0.014313
0 0.561765 0.894697 0.017923 0.019167
0 0.450477 0.259840 0.013483 0.015178
0 0.062091 0.642275 0.014352 0.014535
0 0.140324 0.484365 0.014478 0.014414
0 0.605045 0.842494 0.015158 0.015827
0 0.146818 0.790838 0.014622 0.015835
0 0.746254 0.900388 0.016963 0.021997
0 0.641769 0.221776 0.013304 0.014091
0 0.707175 0.991306 0.020370 0.015414
0 0.755016 0.839517 0.019949 0.016175
0 0.481685 0.453893 0.016625 0.014948
0 0.597676 0.952882 0.017760 0.019705
0 0.953243 0.657992 0.016845 0.015895
0 0.163123 0.651326 0.014758 0.014393
0 0.257497 0.803278 0.015354 0.015829
0 0.818142 0.371010 0.017454 0.019206
0 0.694282 0.588702 0.016536 0.019493
0 0.374514 0.402952 0.014324 0.015516
0 0.705271 0.237258 0.011930 0.011808
0 0.502312 0.221799 0.012143 0.013691
0 0.784106 0.549961 0.015800 0.014422
0 0.774857 0.243232 0.013412 0.013526
0 0.685362 0.227049 0.012374 0.013622
0 0.438398 0.195220 0.012222 0.013032
0 0.132266 0.572375 0.013053 0.014859
0 0.932078 0.443779 0.013902 0.015076
0 0.515444 0.349132 0.017699 0.021735
0 0.938141 0.883766 0.012711 0.013778
0 0.234878 0.514500 0.016679 0.021003
0 0.930124 0.657789 0.014838 0.013836
0 0.497303 0.279729 0.014217 0.015453
0 0.605986 0.506956 0.014212 0.013300
0 0.824992 0.456487 0.016391 0.018822
0 0.918235 0.596279 0.014656 0.014404
0 0.448579 0.319836 0.012332 0.016868
0 0.782565 0.356955 0.016199 0.019721
0 0.625477 0.477197 0.020600 0.014528
0 0.533657 0.317554 0.013596 0.013636
0 0.695261 0.346630 0.013097 0.015542
0 0.754588 0.267539 0.011825 0.012794
0 0.083325 0.535300 0.015725 0.015406
0 0.738033 0.294876 0.013557 0.017343
0 0.713986 0.308920 0.014881 0.018409
0 0.270851 0.993979 0.015477 0.011831
0 0.478130 0.347289 0.013820 0.016363
0 0.779947 0.608689 0.017630 0.019735
0 0.862622 0.396100 0.013869 0.015551
0 0.977944 0.847084 0.013794 0.013924
0 0.618796 0.223901 0.011700 0.015605
0 0.896932 0.781411 0.011339 0.012008
0 0.752852 0.335737 0.013807 0.015871
0 0.402830 0.429274 0.017342 0.021997
0 0.237786 0.337258 0.013198 0.013397
0 0.691001 0.810668 0.020077 0.016633
0 0.939128 0.784338 0.012766 0.012912
0 0.581690 0.880476 0.013940 0.014961
0 0.558606 0.531733 0.020659 0.014567
1 0.278165 0.647881 0.038134 0.045143
0 0.511337 0.875560 0.015815 0.015177
0 0.969730 0.711447 0.016591 0.016849
0 0.139946 0.774720 0.014131 0.015539
0 0.972764 0.492753 0.017063 0.019000
0 0.568926 0.560650 0.017472 0.019258
0 0.115687 0.606616 0.014544 0.014530
0 0.598593 0.223958 0.010309 0.012423
0 0.355838 0.472817 0.015425 0.015984
0 0.533746 0.522157 0.015791 0.014664
0 0.503342 0.198226 0.011888 0.015626
0 0.485278 0.305657 0.014364 0.013704
0 0.297478 0.242179 0.013826 0.015669
0 0.176938 0.375340 0.012053 0.012429
0 0.722144 0.213784 0.012386 0.013559
0 0.775598 0.290007 0.011494 0.011593
0 0.802102 0.589732 0.015527 0.016107
0 0.304585 0.375246 0.016392 0.016602
0 0.476649 0.244065 0.012038 0.012052
0 0.174847 0.347437 0.014782 0.016363
0 0.587215 0.455483 0.014218 0.013970
0 0.848188 0.714764 0.014708 0.015221
0 0.236580 0.429660 0.015347 0.016859
0 0.701894 0.858783 0.018196 0.018143
0 0.964707 0.427289 0.015506 0.016663
0 0.553133 0.507620 0.013735 0.013134
0 0.317196 0.411626 0.014382 0.014680
0 0.414757 0.344479 0.012955 0.012328
0 0.889871 0.388843 0.012649 0.012947
0 0.563997 0.959322 0.018201 0.018244
0 0.844183 0.995066 0.013423 0.009867
0 0.660360 0.852001 0.016753 0.017866
0 0.847649 0.345468 0.012808 0.015169
0 0.421209 0.928965 0.015317 0.017632
0 0.560554 0.203260 0.011199 0.014557
0 0.590099 0.531899 0.018155 0.016340
0 0.692660 0.573716 0.016070 0.019877
0 0.186036 0.587207 0.012324 0.012008
0 0.654500 0.503306 0.015244 0.016354
0 0.256969 0.376373 0.017542 0.017307
0 0.799072 0.403888 0.017241 0.019954
0 0.773483 0.386079 0.013155 0.014282
0 0.705268 0.287506 0.017070 0.017477
0 0.501685 0.316258 0.013036 0.013084
0 0.099910 0.471348 0.014851 0.018058
0 0.170201 0.427261 0.011396 0.011456
0 0.334842 0.409339 0.014203 0.014642
0 0.538691 0.573789 0.016346 0.017317
0 0.679542 0.858629 0.018180 0.017173
0 0.303930 0.342838 0.013615 0.014010
0 0.954836 0.766345 0.014240 0.014976
0 0.846685 0.633726 0.012153 0.013065
0 0.836563 0.864347 0.013618 0.014885
0 0.460001 0.406042 0.017108 0.023018
0 0.743768 0.390387 0.015639 0.017217
0 0.327533 0.466282 0.014673 0.015063
1 0.190859 0.906538 0.019808 0.027155
0 0.520166 0.308952 0.020369 0.014357
0 0.426734 0.322686 0.012069 0.013072
0 0.153027 0.872540 0.015334 0.015617
0 0.529377 0.313878 0.018801 0.015989
0 0.945468 0.457147 0.013926 0.015875
0 0.355956 0.318673 0.015668 0.015058
0 0.284679 0.347021 0.014598 0.014662
0 0.702188 0.293206 0.015487 0.019260
0 0.399648 0.420106 0.016927 0.022916
0 0.725445 0.616127 0.016635 0.016948
0 0.613660 0.477438 0.018304 0.014322
0 0.702224 0.553236 0.016158 0.014730
0 0.342278 0.320461 0.016254 0.015912
0 0.577216 0.396278 0.015648 0.016787
0 0.961497 0.720295 0.015793 0.015314
0 0.561784 0.798995 0.014161 0.015677
0 0.263163 0.359676 0.016995 0.017337
0 0.700866 0.880928 0.014672 0.013600
0 0.581101 0.528828 0.018297 0.014881
0 0.793981 0.537485 0.016359 0.017264
0 0.276536 0.283726 0.014307 0.013979
0 0.836438 0.439872 0.015342 0.017750
0 0.603761 0.993822 0.017081 0.011985
0 0.143444 0.637291 0.014445 0.016084
1 0.817196 0.708780 0.038541 0.039481