0 0.401065 0.560141 0.012115 0.009815
0 0.635742 0.606495 0.013825 0.010212
0 0.736392 0.458984 0.015310 0.011228
0 0.716251 0.381982 0.015950 0.011789
0 0.756069 0.531981 0.016856 0.012795
0 0.493229 0.348726 0.013950 0.010517
0 0.685252 0.619228 0.012999 0.009603
0 0.545343 0.615488 0.013483 0.009701
0 0.507499 0.630671 0.012472 0.009863
0 0.659689 0.320023 0.015513 0.012492
0 0.294998 0.373868 0.017131 0.014001
0 0.609988 0.463102 0.014416 0.011121
0 0.633641 0.743058 0.015199 0.012233
0 0.787932 0.541748 0.016411 0.012415
0 0.747256 0.620902 0.014230 0.011160
0 0.813740 0.528509 0.014857 0.011111
0 0.541363 0.773084 0.015733 0.011652
0 0.527721 0.652979 0.012844 0.009667
0 0.602606 0.304303 0.013570 0.010228
0 0.301122 0.483731 0.011011 0.008261
0 0.443767 0.509373 0.012506 0.010084
0 0.670307 0.756162 0.020985 0.015402
0 0.710045 0.610609 0.014976 0.010927
0 0.576873 0.415080 0.013546 0.010049
0 0.827536 0.567237 0.014111 0.011273
0 0.914192 0.373331 0.016461 0.012112
0 0.561018 0.755277 0.015576 0.010930
0 0.901624 0.566027 0.012338 0.009629
0 0.578652 0.380894 0.013750 0.011153
0 0.591582 0.663944 0.012139 0.009463
0 0.705057 0.339363 0.015185 0.011642
0 0.618009 0.701164 0.012589 0.009707
0 0.806863 0.587599 0.014567 0.010991
0 0.817536 0.379416 0.016625 0.012672
0 0.862643 0.405030 0.013156 0.009794
0 0.686330 0.398982 0.014944 0.011368
0 0.665727 0.426132 0.012576 0.009274
0 0.560777 0.461980 0.015055 0.013053
0 0.719112 0.513792 0.018539 0.014840
0 0.578412 0.479716 0.013927 0.010354
0 0.372251 0.692415 0.013381 0.010392
0 0.489132 0.474332 0.013891 0.010663
0 0.539073 0.336004 0.016040 0.012382
0 0.787898 0.457505 0.012898 0.008724
0 0.419810 0.440226 0.014406 0.010597
0 0.760951 0.739390 0.016293 0.012492
0 0.370384 0.420033 0.013571 0.008434
0 0.585586 0.695025 0.011900 0.008769
0 0.716377 0.355148 0.013965 0.009382
0 0.745675 0.500157 0.014833 0.010923
0 0.556144 0.540341 0.013947 0.010207
0 0.504095 0.736167 0.017665 0.013661
0 0.663469 0.714390 0.012656 0.009558
0 0.392741 0.586860 0.011531 0.008374
0 0.884780 0.534246 0.012888 0.011015
0 0.594093 0.715062 0.011875 0.008844
0 0.396387 0.408528 0.012569 0.009470
0 0.841155 0.685521 0.016581 0.012386
0 0.319027 0.433946 0.011892 0.008550
0 0.422004 0.603263 0.012057 0.008530
0 0.659296 0.283210 0.013176 0.010575
0 0.783540 0.631444 0.015192 0.010454
0 0.785239 0.608146 0.014592 0.010638
0 0.616339 0.671234 0.011942 0.009736
0 0.803174 0.555346 0.014268 0.010462
0 0.572029 0.575609 0.014157 0.009499
0 0.919316 0.543412 0.011631 0.008808
0 0.918031 0.592947 0.013035 0.009948
0 0.365735 0.591828 0.011761 0.009034
0 0.527519 0.598358 0.012252 0.009597
0 0.412985 0.708527 0.013372 0.009792
0 0.525240 0.476875 0.013079 0.009481
0 0.863450 0.548051 0.015072 0.012342
0 0.609281 0.635591 0.013449 0.010248
0 0.440265 0.659346 0.014860 0.010743
0 0.726959 0.639994 0.018167 0.012772
0 0.541947 0.297964 0.014118 0.010191
0 0.742984 0.731753 0.014893 0.010997
0 0.413594 0.348162 0.018873 0.013813
0 0.791109 0.411144 0.016319 0.012115
0 0.855635 0.388334 0.013894 0.010406
0 0.758876 0.288273 0.018947 0.011601
0 0.826707 0.289840 0.013959 0.011623
0 0.764638 0.655673 0.012842 0.009456
0 0.680522 0.342324 0.013067 0.009367
0 0.568024 0.735124 0.013943 0.010520
0 0.690421 0.281417 0.012590 0.009630
0 0.859787 0.438877 0.016353 0.013220
0 0.433427 0.385611 0.011639 0.009063
0 0.580856 0.628161 0.012273 0.009587
0 0.484026 0.313053 0.013664 0.010107
0 0.752069 0.380632 0.021356 0.013483
0 0.612588 0.243203 0.013060 0.009904
0 0.391991 0.606514 0.011458 0.008802
0 0.322306 0.395320 0.013198 0.008904
0 0.810707 0.358441 0.012959 0.009724
0 0.473401 0.523588 0.013726 0.010745
0 0.557567 0.487014 0.013288 0.009475
1 0.287650 0.533130 0.042802 0.031096
0 0.807230 0.632969 0.013880 0.010090
0 0.333377 0.496027 0.013521 0.008430
0 0.377245 0.311826 0.014778 0.012105
0 0.526280 0.378043 0.013219 0.011424
0 0.396916 0.328312 0.014355 0.010487
0 0.563526 0.328581 0.016483 0.012283
0 0.848609 0.477802 0.012787 0.009101
0 0.647260 0.445887 0.015538 0.011107
0 0.878647 0.602693 0.013244 0.010119
0 0.632199 0.346455 0.012040 0.009566
0 0.572276 0.601400 0.014298 0.013669
0 0.562032 0.688952 0.011410 0.008631
0 0.595565 0.396056 0.011327 0.009067
0 0.407608 0.394617 0.012559 0.010144
0 0.610273 0.273746 0.012972 0.010399
0 0.744260 0.354264 0.019220 0.012400
0 0.497024 0.551356 0.013527 0.009182
0 0.385425 0.518616 0.012298 0.008789
0 0.461299 0.672048 0.011483 0.009143
0 0.619252 0.651777 0.012180 0.008765
0 0.874264 0.503620 0.011555 0.009393
0 0.802434 0.487459 0.015135 0.010665
0 0.527075 0.714433 0.013841 0.010490
0 0.520781 0.418611 0.013260 0.010207
0 0.941377 0.476467 0.011942 0.009076
0 0.502178 0.701847 0.011478 0.008910
0 0.765174 0.499440 0.015128 0.011039
0 0.648500 0.363280 0.012166 0.009523
0 0.602661 0.336042 0.017512 0.012154
0 0.469825 0.409635 0.016690 0.011400
0 0.851501 0.533333 0.011539 0.009250
0 0.515409 0.554781 0.014810 0.010686
0 0.737788 0.760532 0.016812 0.011304
0 0.412891 0.478318 0.012807 0.009443
0 0.424468 0.634547 0.011518 0.008008
0 0.535915 0.400734 0.015112 0.009919
0 0.351037 0.479820 0.014691 0.012056
0 0.318728 0.510657 0.011847 0.008743
0 0.396961 0.744579 0.013024 0.009311
0 0.514176 0.434715 0.012897 0.009353
0 0.891760 0.419793 0.013045 0.011764
0 0.430404 0.683963 0.013029 0.011925
0 0.422035 0.722276 0.014861 0.011804
0 0.398065 0.368665 0.012905 0.008954
0 0.877529 0.486858 0.010626 0.008477
0 0.240610 0.457592 0.014092 0.012068
0 0.376513 0.442098 0.011103 0.008751
0 0.495168 0.282889 0.015774 0.014770
0 0.544341 0.420405 0.012409 0.008681
0 0.270480 0.387907 0.014917 0.011207
0 0.915452 0.465598 0.011704 0.008991
0 0.809425 0.415458 0.015163 0.011584
0 0.776092 0.356358 0.017814 0.015704
0 0.623647 0.364876 0.013487 0.010489
0 0.446601 0.344837 0.013548 0.010349
0 0.600068 0.258003 0.013697 0.009344
0 0.361213 0.535068 0.012174 0.008869
0 0.396332 0.490718 0.012973 0.009791
0 0.473677 0.631122 0.015270 0.011053
0 0.585585 0.788223 0.020952 0.013479
0 0.659745 0.658394 0.018888 0.010473
0 0.435106 0.294475 0.014122 0.010404
0 0.323241 0.454482 0.011279 0.008604
0 0.416022 0.575219 0.011614 0.008633
0 0.509729 0.402305 0.012125 0.008923
0 0.691876 0.690735 0.014051 0.010408
0 0.272695 0.435238 0.011871 0.009160
0 0.512841 0.509075 0.017968 0.011272
0 0.789145 0.345737 0.013468 0.010857
0 0.293685 0.396690 0.013290 0.009811
0 0.553978 0.519734 0.013451 0.009151
0 0.361959 0.327477 0.015147 0.011590
0 0.696623 0.743354 0.015149 0.013033
0 0.289246 0.462996 0.014828 0.009157
0 0.524055 0.284079 0.012995 0.010590
0 0.687335 0.313138 0.018898 0.013818
0 0.485605 0.655264 0.014334 0.011161
0 0.655031 0.457987 0.012590 0.010141
0 0.515355 0.569709 0.011934 0.008508
0 0.411008 0.503300 0.011157 0.007670
0 0.471235 0.510317 0.012117 0.010161
0 0.894795 0.496974 0.010245 0.008329
0 0.494941 0.387482 0.015781 0.010488
0 0.746143 0.685086 0.015421 0.011144
0 0.890248 0.518284 0.011614 0.008765
0 0.584674 0.449123 0.013767 0.010647
0 0.684211 0.728206 0.017669 0.012994
0 0.753452 0.762805 0.016873 0.011314
0 0.387618 0.643119 0.013292 0.010752
0 0.670065 0.295632 0.012700 0.009629
0 0.833573 0.599535 0.016985 0.012710
0 0.456593 0.429748 0.013260 0.011482
0 0.718566 0.264404 0.013858 0.012611
0 0.455359 0.398520 0.011685 0.008596
0 0.487194 0.588291 0.013655 0.009147
0 0.327881 0.672643 0.012191 0.008922
0 0.678574 0.365572 0.019908 0.011766
0 0.540593 0.669051 0.010672 0.008128
0 0.532876 0.750174 0.016254 0.013648
0 0.532443 0.355570 0.014901 0.011462
0 0.517518 0.308406 0.013747 0.013340
0 0.525702 0.447430 0.013643 0.010603
0 0.345708 0.449458 0.013313 0.011535
0 0.432730 0.361838 0.012057 0.009754
0 0.288228 0.416729 0.013844 0.010594
0 0.473951 0.689740 0.010734 0.009723
0 0.616190 0.526691 0.011693 0.009683
0 0.471072 0.698373 0.011766 0.010387
0 0.796023 0.502922 0.011934 0.008955
0 0.550344 0.720778 0.012825 0.011088
0 0.606960 0.438093 0.012644 0.010249
0 0.529642 0.691232 0.012170 0.009220
0 0.533529 0.692755 0.014183 0.008362
0 0.606651 0.616702 0.013325 0.011029
0 0.639925 0.402993 0.015146 0.012514
0 0.331084 0.323431 0.014833 0.012852
0 0.930389 0.516484 0.011834 0.009115
0 0.586917 0.648323 0.011675 0.009102
0 0.939931 0.560268 0.013813 0.010859
0 0.594273 0.339138 0.017436 0.012278
0 0.631363 0.442136 0.014763 0.009263
0 0.454780 0.452836 0.013293 0.010860
0 0.566620 0.231759 0.012815 0.009842
0 0.561147 0.267121 0.011771 0.009144
0 0.544841 0.576713 0.015688 0.011680
0 0.410780 0.296109 0.017701 0.015487
0 0.597079 0.761661 0.015603 0.013945
0 0.496009 0.722076 0.011653 0.008959
0 0.449058 0.604488 0.011735 0.009779
0 0.698882 0.651047 0.012923 0.010190
0 0.560631 0.389758 0.012451 0.011200
0 0.668298 0.683565 0.014150 0.009243
0 0.340026 0.718453 0.013158 0.010210
0 0.961856 0.527257 0.015632 0.010179
0 0.253804 0.412527 0.015833 0.012974
0 0.537624 0.524837 0.014895 0.010089
0 0.758648 0.261128 0.015859 0.010345
0 0.830968 0.427342 0.013780 0.016410
0 0.472243 0.694927 0.011831 0.011751
0 0.333371 0.533183 0.014332 0.013116
0 0.941506 0.601130 0.014075 0.009523
0 0.536200 0.460508 0.013851 0.009611
0 0.723383 0.273760 0.012307 0.010445
0 0.344330 0.596440 0.011377 0.010141
0 0.669523 0.397890 0.012439 0.008658
0 0.490006 0.444611 0.016736 0.010486
0 0.562185 0.313331 0.012933 0.011804
0 0.320216 0.581117 0.013281 0.008914
0 0.567982 0.279881 0.012038 0.009735
0 0.311394 0.572388 0.012549 0.010682
0 0.326668 0.685655 0.013102 0.009109
0 0.309722 0.651991 0.011152 0.008775
0 0.670985 0.521268 0.014193 0.012876
0 0.411342 0.667802 0.011922 0.009588
0 0.505509 0.593912 0.012624 0.007660
0 0.469984 0.593764 0.013207 0.008913
0 0.584388 0.289138 0.014414 0.010206
0 0.893345 0.457515 0.012079 0.008731
0 0.971712 0.505115 0.012833 0.010986
0 0.428424 0.326383 0.014995 0.014940
0 0.540394 0.267299 0.012490 0.009221
0 0.640049 0.644073 0.010983 0.007620
0 0.715197 0.666821 0.012275 0.011055
0 0.387189 0.675819 0.017286 0.010473
0 0.802635 0.616989 0.013139 0.010850
0 0.981272 0.485216 0.010871 0.009041
0 0.715742 0.678138 0.012232 0.009168
0 0.510614 0.263542 0.014091 0.011460
0 0.270595 0.582716 0.013007 0.011255
0 0.371352 0.462901 0.012771 0.011802
0 0.599291 0.601580 0.012907 0.011088
0 0.369518 0.522958 0.011371 0.007809
0 0.307537 0.552273 0.011168 0.007984
0 0.538927 0.561203 0.015080 0.010158
0 0.943250 0.502359 0.014322 0.009870
0 0.315718 0.348760 0.014898 0.011650
0 0.994937 0.539390 0.008800 0.008153
0 0.404003 0.465272 0.015257 0.011111
0 0.293932 0.598226 0.011885 0.008910
0 0.308812 0.626304 0.011960 0.013570
0 0.830145 0.454352 0.016404 0.014267
0 0.364664 0.676273 0.011411 0.008886
0 0.378645 0.345188 0.013731 0.009407
0 0.969067 0.457126 0.013180 0.010430
0 0.636714 0.443856 0.026805 0.009542
0 0.694002 0.379209 0.012278 0.011773
0 0.806708 0.402206 0.014187 0.011023
0 0.262435 0.402630 0.013462 0.011566
0 0.871298 0.456534 0.012366 0.010032
0 0.762282 0.586638 0.013184 0.010626
0 0.354728 0.371490 0.012160 0.009542
0 0.443160 0.619431 0.012635 0.012208
0 0.612656 0.426889 0.014031 0.011999
0 0.969702 0.553329 0.011732 0.009434
0 0.572260 0.800395 0.019061 0.012235
0 0.235398 0.517851 0.013381 0.011145
0 0.923371 0.497617 0.011777 0.008907
0 0.587069 0.698567 0.012541 0.018262
1 0.438638 0.264650 0.035478 0.027184
0 0.373085 0.365519 0.021917 0.010518
0 0.433178 0.329408 0.025527 0.013759
0 0.893574 0.664716 0.015196 0.010235
0 0.832990 0.473527 0.013409 0.010415
0 0.280169 0.561643 0.012382 0.010640
0 0.252735 0.486885 0.011364 0.010776
0 0.237511 0.470459 0.015941 0.012576
0 0.597287 0.753276 0.013949 0.012531
0 0.447085 0.638881 0.011824 0.009142
0 0.471834 0.257943 0.013322 0.009997
0 0.921923 0.479533 0.010141 0.008338
0 0.724687 0.616280 0.013586 0.010332
0 0.343244 0.624645 0.011525 0.008407
0 0.443704 0.332099 0.015639 0.012359
0 0.855116 0.458880 0.017132 0.011099
0 0.285152 0.446527 0.012282 0.008250
0 0.510864 0.460941 0.014149 0.009163
0 0.485015 0.391293 0.014861 0.010200
0 0.353154 0.483954 0.014078 0.012115
0 0.524256 0.254199 0.013011 0.011263
0 0.690640 0.666339 0.017184 0.009810
0 0.637889 0.392526 0.012379 0.008691
0 0.445580 0.616230 0.014471 0.010686
0 0.293199 0.425381 0.012420 0.011244
0 0.472146 0.514992 0.012226 0.023266
1 0.363062 0.638748 0.043666 0.020468