0 0.622660 0.380556 0.014075 0.017945
0 0.523204 0.367977 0.012694 0.016694
0 0.449045 0.731399 0.009875 0.014111
0 0.446583 0.484408 0.010968 0.014805
0 0.324021 0.512961 0.014110 0.018270
0 0.521405 0.314889 0.011727 0.016287
0 0.430577 0.656769 0.012312 0.016627
0 0.506108 0.296139 0.011482 0.017415
0 0.521888 0.643658 0.010270 0.013404
0 0.524587 0.426347 0.010754 0.014560
0 0.679256 0.507991 0.012354 0.016565
0 0.532218 0.595871 0.011345 0.016215
0 0.225783 0.623310 0.015877 0.017848
0 0.447919 0.214947 0.011195 0.014647
0 0.501006 0.731011 0.011635 0.015194
0 0.505887 0.454716 0.012272 0.017062
0 0.260986 0.681899 0.014373 0.020054
0 0.557570 0.394824 0.013680 0.021642
0 0.420591 0.495766 0.011993 0.016975
0 0.647471 0.474836 0.013485 0.018513
0 0.427296 0.606557 0.010973 0.013908
0 0.309547 0.823584 0.014226 0.018081
0 0.329562 0.564253 0.013600 0.018145
0 0.348013 0.533899 0.014666 0.018932
0 0.566297 0.555977 0.013576 0.018102
0 0.525403 0.484765 0.011203 0.015479
0 0.498013 0.544243 0.012357 0.016964
0 0.467184 0.652402 0.012313 0.016006
0 0.486636 0.905041 0.014217 0.019451
0 0.500836 0.503766 0.009965 0.013547
0 0.616683 0.344697 0.015338 0.020661
0 0.486133 0.314129 0.012795 0.016811
0 0.692369 0.531599 0.011425 0.015821
0 0.485981 0.436617 0.013356 0.017022
0 0.271183 0.811455 0.015263 0.018125
0 0.551007 0.610925 0.009564 0.012801
0 0.618762 0.500863 0.010076 0.014947
0 0.545936 0.506242 0.012157 0.017338
0 0.473151 0.348521 0.012076 0.017287
0 0.443158 0.259426 0.011342 0.017481
0 0.619949 0.309156 0.011813 0.015359
0 0.479054 0.505247 0.012807 0.018380
0 0.486970 0.588920 0.009867 0.014696
0 0.411690 0.689279 0.013469 0.017903
0 0.723282 0.696319 0.012806 0.017228
0 0.291350 0.847781 0.013951 0.017927
0 0.493374 0.821628 0.012586 0.015356
0 0.621911 0.775293 0.009837 0.013993
0 0.504027 0.792110 0.009406 0.013412
0 0.395700 0.513691 0.015986 0.020066
0 0.487174 0.272795 0.013726 0.017297
0 0.572595 0.333174 0.016259 0.024054
0 0.538781 0.565643 0.010408 0.013892
0 0.685871 0.778781 0.010255 0.014170
0 0.606732 0.486027 0.011216 0.015223
0 0.597351 0.587847 0.010001 0.014277
0 0.247929 0.395537 0.017376 0.023438
0 0.599269 0.748525 0.012085 0.017834
1 0.536741 0.879155 0.041927 0.057729
1 0.751790 0.571817 0.037449 0.051545
0 0.579292 0.426408 0.013266 0.016534
0 0.632377 0.408690 0.010169 0.014323
0 0.339712 0.851186 0.014381 0.021746
0 0.413167 0.781614 0.010456 0.014334
0 0.471721 0.403370 0.010755 0.015034
0 0.582650 0.503995 0.010224 0.014150
0 0.673541 0.393753 0.011612 0.015686
0 0.305519 0.437977 0.015634 0.017723
0 0.396108 0.342105 0.010430 0.014139
0 0.326873 0.906625 0.012165 0.015446
0 0.383902 0.845848 0.012921 0.018568
1 0.404260 0.267743 0.035385 0.050503
0 0.398861 0.889043 0.014862 0.019227
0 0.384143 0.415302 0.012003 0.023262
0 0.439965 0.845471 0.011609 0.014837
0 0.313180 0.270576 0.010198 0.015494
1 0.394893 0.584050 0.035988 0.053186
0 0.499881 0.656075 0.011120 0.016963
0 0.675428 0.807950 0.010613 0.014131
0 0.725517 0.394110 0.015965 0.022815
0 0.569982 0.829382 0.012859 0.016903
0 0.678061 0.594682 0.011723 0.015780
0 0.372136 0.876575 0.014494 0.017442
0 0.653069 0.528147 0.012894 0.015694
0 0.212287 0.457241 0.016815 0.021460
0 0.361442 0.514046 0.013126 0.019432
0 0.436252 0.401283 0.009683 0.014269
0 0.442327 0.820511 0.010492 0.014748
0 0.480129 0.958285 0.012878 0.018228
0 0.480115 0.796189 0.010674 0.015134
0 0.483606 0.779348 0.010070 0.013491
0 0.535854 0.270602 0.015958 0.016954
0 0.563279 0.633459 0.013223 0.014968
0 0.286009 0.387972 0.014702 0.021759
0 0.595162 0.351618 0.013475 0.018340
0 0.462247 0.839690 0.011030 0.014377
0 0.485835 0.684859 0.012417 0.016626
1 0.447706 0.966083 0.047843 0.064736
0 0.373967 0.603779 0.010960 0.014625
0 0.412874 0.472285 0.012101 0.016216
0 0.545164 0.796533 0.009453 0.012168
0 0.407999 0.653032 0.012202 0.016726
0 0.467045 0.743393 0.011414 0.015360
0 0.459603 0.764041 0.012193 0.015409
0 0.480960 0.756407 0.010351 0.013419
0 0.572210 0.684460 0.015153 0.020906
0 0.399950 0.819909 0.010128 0.013321
0 0.583284 0.767721 0.009380 0.011799
0 0.313891 0.368243 0.011841 0.018625
0 0.426561 0.872816 0.012519 0.017303
0 0.417429 0.335337 0.009985 0.013997
0 0.345505 0.423023 0.009421 0.013932
0 0.420191 0.828961 0.009924 0.014561
0 0.662002 0.410869 0.010217 0.013520
0 0.348925 0.922987 0.012791 0.018066
0 0.446958 0.642350 0.011606 0.016870
0 0.402494 0.321939 0.010340 0.015494
0 0.619941 0.826109 0.012083 0.019979
0 0.562519 0.773654 0.008767 0.013617
0 0.658113 0.375358 0.013071 0.019999
0 0.519153 0.701573 0.011427 0.015698
0 0.543446 0.757299 0.009934 0.013546
0 0.223986 0.489050 0.019199 0.031988
0 0.706375 0.405099 0.011293 0.016598
0 0.608215 0.797851 0.011768 0.019923
0 0.704592 0.727694 0.011281 0.015535
0 0.710488 0.554475 0.009420 0.013288
0 0.282753 0.666530 0.013321 0.019253
0 0.672036 0.548270 0.008573 0.010476
0 0.679890 0.856819 0.010678 0.014048
0 0.374774 0.646139 0.014726 0.018580
0 0.357597 0.303560 0.009368 0.017571
0 0.612063 0.893196 0.012758 0.015990
0 0.421003 0.434914 0.009502 0.012890
0 0.332898 0.255772 0.012506 0.016823
0 0.296982 0.747569 0.012700 0.019804
0 0.398546 0.956595 0.012225 0.016021
0 0.230336 0.667736 0.016081 0.024371
0 0.266451 0.852974 0.014767 0.020172
0 0.678079 0.632883 0.010671 0.016064
0 0.412756 0.911588 0.013772 0.019202
0 0.424968 0.239807 0.008810 0.011765
0 0.514804 0.970371 0.012898 0.017377
0 0.598375 0.843005 0.010734 0.015429
0 0.316587 0.885099 0.011372 0.015995
0 0.319781 0.471992 0.010276 0.013295
0 0.457566 0.274169 0.009032 0.013607
0 0.338172 0.663500 0.012701 0.026683
0 0.286372 0.350002 0.011608 0.016189
0 0.371350 0.753978 0.008385 0.011783
0 0.373870 0.271952 0.010105 0.014506
0 0.361560 0.704086 0.011970 0.022752
0 0.475508 0.850723 0.009325 0.013252
0 0.272333 0.339212 0.017339 0.018454
0 0.390033 0.801075 0.008632 0.011968
0 0.560875 0.441059 0.011225 0.014236
0 0.488081 0.680233 0.012418 0.017606
0 0.571871 0.456780 0.010610 0.018003
0 0.557112 0.694765 0.009282 0.013062
0 0.611599 0.595519 0.009066 0.012303
0 0.514336 0.226418 0.008342 0.013514
0 0.235339 0.673920 0.017589 0.020239
0 0.460423 0.335870 0.010898 0.014596
1 0.351701 0.354289 0.031250 0.033487
0 0.466884 0.307452 0.012879 0.024804
0 0.244076 0.473347 0.012266 0.017441
0 0.571839 0.468915 0.009416 0.018348
0 0.419455 0.814938 0.009756 0.017794
0 0.684619 0.742956 0.010867 0.013403
0 0.342522 0.717491 0.010203 0.015870
0 0.722923 0.758440 0.011139 0.017303
0 0.703853 0.584365 0.016728 0.021028
0 0.286874 0.593150 0.009717 0.014231
0 0.687252 0.373758 0.011543 0.016919
0 0.650553 0.869231 0.009842 0.012696
0 0.633337 0.903143 0.012107 0.014088
0 0.563799 0.788236 0.008120 0.015505
0 0.374120 0.666444 0.013702 0.018592
0 0.605108 0.455050 0.009326 0.015250
0 0.414486 0.519901 0.009791 0.011424
0 0.391617 0.290890 0.010356 0.012633
0 0.595303 0.439274 0.009515 0.012864
0 0.324430 0.388933 0.009196 0.012882
0 0.595279 0.552422 0.010406 0.014522
0 0.371262 0.278069 0.009311 0.013101
0 0.628047 0.651630 0.012478 0.015146
0 0.731440 0.651701 0.008643 0.013529
0 0.362875 0.577752 0.011851 0.013710
0 0.701036 0.744387 0.011893 0.015468
0 0.525502 0.701168 0.013494 0.013890
0 0.556626 0.811053 0.010345 0.016094
0 0.666531 0.327883 0.021941 0.028597
0 0.556055 0.510571 0.010307 0.014001
0 0.359345 0.748552 0.010205 0.013456
0 0.591174 0.873366 0.014277 0.017232
0 0.386526 0.224451 0.013328 0.016543
0 0.573807 0.538644 0.012755 0.014330
0 0.623620 0.539166 0.009238 0.013634
0 0.415186 0.869344 0.013888 0.018772
0 0.221487 0.420890 0.012709 0.018095