1 0.735680 0.454847 0.047490 0.045770
0 0.593362 0.761436 0.019569 0.014344
0 0.615490 0.792978 0.018937 0.014270
0 0.596806 0.608025 0.017274 0.012937
0 0.589794 0.349541 0.016092 0.012257
1 0.688685 0.637008 0.048999 0.034383
0 0.355976 0.404828 0.020421 0.015887
1 0.124382 0.654487 0.049994 0.048822
1 0.301717 0.792170 0.039967 0.033217
0 0.472104 0.710950 0.014231 0.011240
0 0.509480 0.319221 0.015689 0.012417
0 0.466879 0.346888 0.019668 0.014589
0 0.439761 0.518272 0.015713 0.012640
1 0.684406 0.679001 0.051164 0.036769
0 0.388581 0.366466 0.013933 0.011411
0 0.564891 0.663221 0.017525 0.012497
0 0.424188 0.480821 0.014163 0.011298
0 0.250297 0.540738 0.017338 0.013988
1 0.502170 0.869740 0.048540 0.040261
0 0.381665 0.660630 0.022288 0.015363
0 0.388378 0.739317 0.020016 0.014178
0 0.340658 0.599255 0.013076 0.010931
0 0.131194 0.478778 0.017771 0.014241
0 0.425357 0.350832 0.016365 0.014382
0 0.383120 0.819480 0.026510 0.020945
0 0.265315 0.647875 0.014865 0.011643
0 0.563923 0.750672 0.016253 0.012062
0 0.222924 0.610025 0.014679 0.011411
0 0.300322 0.764416 0.013927 0.010468
0 0.439481 0.871445 0.024327 0.019266
0 0.429946 0.795184 0.019081 0.013112
0 0.248406 0.613706 0.021339 0.015714
0 0.384894 0.764458 0.015875 0.011097
0 0.618747 0.626424 0.015872 0.011644
0 0.089399 0.445112 0.024359 0.017484
0 0.330120 0.843874 0.027424 0.020837
0 0.481536 0.393887 0.017306 0.013669
0 0.608584 0.517228 0.016060 0.012675
0 0.719943 0.596604 0.011592 0.008249
0 0.383892 0.786175 0.016641 0.013530
0 0.198799 0.359062 0.013783 0.011812
0 0.234408 0.687600 0.014581 0.011725
1 0.632629 0.448295 0.048323 0.035099
0 0.644329 0.785535 0.013908 0.011110
0 0.217699 0.634922 0.013306 0.010285
0 0.356289 0.780411 0.020864 0.015151
0 0.690386 0.608789 0.014841 0.012082
0 0.534176 0.509081 0.016539 0.013484
0 0.377135 0.542045 0.022459 0.014814
0 0.329468 0.803166 0.016683 0.012780
0 0.477951 0.321585 0.012926 0.011368
0 0.236306 0.345370 0.037127 0.025135
0 0.354347 0.676767 0.015528 0.011009
0 0.283538 0.659659 0.015396 0.012291
0 0.242624 0.826811 0.017132 0.013328
0 0.394107 0.466524 0.017763 0.012879
0 0.725171 0.578142 0.014575 0.010964
0 0.613228 0.424759 0.012942 0.010182
1 0.294698 0.508383 0.064605 0.039225