0 0.656069 0.172886 0.017819 0.017472
0 0.437073 0.234576 0.018687 0.019811
0 0.905584 0.713297 0.015171 0.014895
0 0.203431 0.477874 0.017724 0.016876
0 0.767850 0.712123 0.018199 0.018590
0 0.617230 0.349346 0.017869 0.019013
0 0.929607 0.441915 0.018137 0.018245
0 0.118402 0.610791 0.017004 0.017077
0 0.217575 0.827618 0.018009 0.018469
0 0.717189 0.148867 0.016812 0.017085
1 0.876984 0.280414 0.045093 0.043847
0 0.511897 0.867012 0.021610 0.022601
0 0.828197 0.350758 0.018986 0.017697
0 0.600606 0.168716 0.020562 0.018670
0 0.359852 0.711815 0.017183 0.019456
0 0.379416 0.547867 0.018047 0.016989
0 0.712992 0.261351 0.018199 0.019415
0 0.354099 0.424677 0.017228 0.017130
0 0.315144 0.346835 0.018446 0.018220
0 0.951826 0.360626 0.016638 0.015651
0 0.566026 0.509324 0.020006 0.021127
0 0.693432 0.318297 0.018736 0.019528
0 0.623018 0.562219 0.017060 0.017411
1 0.430197 0.975671 0.043648 0.043651
0 0.198379 0.348772 0.021835 0.022668
0 0.511609 0.440618 0.022169 0.020855
0 0.232862 0.543649 0.020166 0.019679
0 0.299892 0.411214 0.018231 0.019281
0 0.219052 0.852972 0.016689 0.017170
1 0.698575 0.953058 0.040510 0.043293
0 0.685958 0.191802 0.016643 0.017979
0 0.179386 0.298818 0.015738 0.016064
0 0.781508 0.201553 0.016279 0.016076
0 0.424115 0.421673 0.016586 0.016928
0 0.920042 0.732158 0.014802 0.013951
0 0.683392 0.079363 0.015131 0.016489
0 0.940227 0.389960 0.022335 0.022069
0 0.233426 0.325981 0.025986 0.022498
0 0.327746 0.704816 0.016123 0.016470
0 0.226537 0.659294 0.016815 0.017370
0 0.613077 0.617549 0.020689 0.019877
0 0.850711 0.497661 0.016810 0.017654
0 0.277255 0.314824 0.019360 0.019435
0 0.437735 0.689336 0.019785 0.019633
0 0.745756 0.876318 0.019453 0.020196
0 0.378675 0.395613 0.017468 0.018308
0 0.528925 0.961528 0.022764 0.023021
0 0.314173 0.060219 0.016065 0.017140
0 0.517636 0.540545 0.018503 0.019831
0 0.370820 0.169012 0.019078 0.020244
0 0.311182 0.723163 0.020196 0.020991
0 0.444197 0.125528 0.018934 0.018947
0 0.580437 0.456955 0.017837 0.018038
0 0.723395 0.509103 0.017052 0.018374
0 0.787870 0.227786 0.016679 0.016658
0 0.575581 0.851877 0.018512 0.019641
0 0.177121 0.201193 0.018026 0.018605
0 0.512397 0.015190 0.012743 0.015037
0 0.360720 0.152974 0.018740 0.018738
0 0.269447 0.462857 0.017748 0.017753
0 0.444956 0.786562 0.017224 0.017907
0 0.181954 0.767744 0.016702 0.018198
0 0.694243 0.117752 0.017342 0.018353
0 0.180428 0.253654 0.014458 0.016213
0 0.396459 0.121443 0.017548 0.016839
1 0.699388 0.644853 0.066731 0.069024
0 0.484778 0.540267 0.015912 0.017402
0 0.558863 0.308156 0.018996 0.023956
0 0.549383 0.339408 0.017703 0.017674
0 0.715047 0.190191 0.015681 0.015767
0 0.489698 0.168564 0.025279 0.029204
1 0.255759 0.739418 0.039777 0.042578
0 0.527088 0.144538 0.014593 0.014961
0 0.324394 0.161978 0.015641 0.016596
1 0.102939 0.486113 0.033296 0.035256
0 0.419309 0.891995 0.018374 0.019362
0 0.103139 0.486057 0.033867 0.035073
0 0.268659 0.088954 0.017496 0.018537
0 0.325535 0.573522 0.018255 0.018578
0 0.822411 0.535493 0.019424 0.020515
0 0.230351 0.380942 0.020285 0.019134
0 0.282772 0.254276 0.021801 0.018223