1 0.616850 0.607179 0.056103 0.041715
1 0.245519 0.373740 0.070362 0.053666
0 0.854063 0.457990 0.021223 0.016337
0 0.842702 0.395407 0.019073 0.014550
0 0.869562 0.346353 0.016876 0.013002
0 0.851540 0.416018 0.019788 0.014948
0 0.774633 0.591410 0.022143 0.016716
0 0.749167 0.462553 0.018009 0.013773
0 0.506001 0.531435 0.019671 0.015422
0 0.735364 0.300134 0.020130 0.015649
0 0.753838 0.258456 0.019521 0.014954
0 0.783079 0.329785 0.017687 0.014416
0 0.506293 0.361220 0.021858 0.017475
0 0.929153 0.361672 0.017383 0.013002
0 0.580025 0.549613 0.018450 0.014188
0 0.908412 0.446350 0.020300 0.015319
0 0.707824 0.372923 0.017515 0.013287
0 0.741484 0.417651 0.017087 0.013586
0 0.613658 0.081644 0.026552 0.018262
0 0.895086 0.359719 0.016562 0.012721
1 0.946495 0.270424 0.048361 0.030967
0 0.858210 0.317672 0.015079 0.011956
0 0.688190 0.405246 0.019506 0.017403
0 0.642348 0.403663 0.021917 0.017292
0 0.805065 0.440327 0.018314 0.014998
0 0.799371 0.120905 0.022448 0.015502
0 0.403652 0.570020 0.018852 0.012573
0 0.550079 0.406875 0.016921 0.013327
0 0.470091 0.576884 0.021786 0.015571
0 0.736091 0.324331 0.019986 0.016025
0 0.918919 0.496110 0.016346 0.012599
0 0.340489 0.545683 0.016414 0.011858