0 0.547112 0.381721 0.016446 0.012175
0 0.412296 0.565766 0.012971 0.010985
0 0.781849 0.458332 0.014635 0.011230
0 0.314658 0.647174 0.014371 0.011425
0 0.566418 0.536650 0.014211 0.011262
0 0.382785 0.382682 0.014942 0.011307
0 0.534188 0.579318 0.013823 0.011490
0 0.543335 0.485764 0.015052 0.011231
0 0.647613 0.521041 0.014551 0.011536
0 0.459064 0.430476 0.015781 0.011842
0 0.406662 0.632784 0.012828 0.010309
0 0.410450 0.426796 0.016870 0.012503
0 0.348475 0.430009 0.015318 0.011981
0 0.358075 0.481456 0.014614 0.011186
0 0.318838 0.448989 0.015289 0.011587
1 0.439037 0.373876 0.059994 0.048363
0 0.684372 0.522741 0.014785 0.011583
0 0.322994 0.748312 0.015881 0.012464
0 0.366521 0.569507 0.013231 0.010616
0 0.221460 0.385124 0.016956 0.012667
0 0.274578 0.641515 0.014191 0.011695
0 0.463218 0.558904 0.012768 0.009076
0 0.184583 0.354760 0.017136 0.014060
0 0.465353 0.626944 0.013809 0.010497
1 0.212891 0.465267 0.053371 0.040184
0 0.375935 0.323566 0.015080 0.011215
0 0.680621 0.680411 0.014383 0.011198
0 0.644252 0.671935 0.012088 0.010451
0 0.249233 0.342508 0.016172 0.013187
0 0.732268 0.410683 0.014587 0.011268
0 0.177166 0.403199 0.016778 0.013132
1 0.295224 0.574689 0.053902 0.056730
0 0.350776 0.765563 0.015023 0.011638
0 0.330185 0.266412 0.015886 0.012979
1 0.771661 0.561652 0.075983 0.051918
0 0.740620 0.348897 0.013678 0.011006
0 0.600604 0.568242 0.013899 0.011961
1 0.828313 0.398495 0.043550 0.041588
0 0.448893 0.244953 0.015695 0.013602
0 0.544172 0.355511 0.014890 0.011260
1 0.511441 0.663405 0.074655 0.044068
0 0.539756 0.513781 0.016251 0.012451
1 0.632641 0.441407 0.047202 0.038790
0 0.450896 0.282329 0.015816 0.012482
1 0.360376 0.683498 0.049637 0.037417
0 0.523403 0.548544 0.012112 0.011214
0 0.579780 0.266719 0.017247 0.013857
0 0.409787 0.239035 0.014769 0.012021
1 0.649887 0.620585 0.046695 0.036431
1 0.866375 0.568458 0.052524 0.036960
0 0.353699 0.585297 0.013825 0.010130
0 0.610240 0.373213 0.019240 0.014557
0 0.357131 0.453524 0.013336 0.010363
0 0.545197 0.688360 0.013303 0.009642
0 0.140362 0.409639 0.019701 0.014919
0 0.222211 0.603479 0.013369 0.011264
0 0.499493 0.384555 0.014208 0.012291
0 0.434859 0.491252 0.014099 0.011918
0 0.625006 0.282198 0.015573 0.012957
0 0.492171 0.260166 0.013506 0.010376
0 0.669755 0.644786 0.013139 0.009839
1 0.524179 0.278717 0.043510 0.037970
0 0.669268 0.590583 0.016869 0.013149
1 0.601775 0.777921 0.050468 0.040126
0 0.328271 0.334622 0.014873 0.011534
0 0.684410 0.291261 0.018057 0.015558
0 0.401498 0.777097 0.016942 0.013514
0 0.615573 0.634571 0.012689 0.009834
0 0.476277 0.289069 0.019413 0.014332
0 0.706102 0.417336 0.014210 0.011006
1 0.476727 0.464929 0.047246 0.035946
0 0.759470 0.427310 0.015514 0.013073
0 0.848528 0.418104 0.014251 0.011143
0 0.408578 0.672745 0.011622 0.009170
0 0.586660 0.710520 0.015741 0.012595
0 0.601565 0.588057 0.013197 0.010197
0 0.359635 0.302681 0.018378 0.013046
0 0.266840 0.322119 0.017650 0.013120
1 0.468570 0.529614 0.045059 0.034331
0 0.456857 0.586745 0.020038 0.014820
0 0.424265 0.335827 0.015418 0.012475
0 0.221058 0.527812 0.014609 0.011844
1 0.714941 0.507445 0.037860 0.029375
0 0.501791 0.740140 0.012414 0.009991
0 0.832018 0.470734 0.012499 0.010222
0 0.788944 0.518943 0.014443 0.011208
0 0.553629 0.335689 0.016413 0.015301
0 0.611418 0.324058 0.017271 0.013830
0 0.348406 0.286689 0.014697 0.012742
0 0.329585 0.473577 0.014748 0.011609
0 0.522397 0.532738 0.012289 0.010744
0 0.573013 0.752703 0.013008 0.010688
0 0.481805 0.506862 0.014140 0.010461
0 0.384832 0.599806 0.012252 0.013362
0 0.657053 0.466160 0.014424 0.012885
0 0.434318 0.739203 0.015541 0.012714
0 0.429234 0.768928 0.018762 0.014375
0 0.753828 0.367400 0.012680 0.009343
0 0.541315 0.244025 0.011588 0.010156
0 0.288313 0.297345 0.015112 0.011041
0 0.468774 0.751386 0.014266 0.010133
0 0.572786 0.438217 0.015986 0.012403
0 0.304813 0.322154 0.016483 0.014195
0 0.343438 0.659108 0.012481 0.010299
0 0.458345 0.648363 0.014022 0.010942
0 0.593447 0.346489 0.015298 0.013163
0 0.403147 0.403423 0.017421 0.011711
1 0.386392 0.525320 0.043435 0.033747
0 0.806305 0.308382 0.016807 0.013585
0 0.200757 0.532401 0.014290 0.011893
0 0.351796 0.250083 0.015872 0.013251
0 0.282468 0.446424 0.013942 0.011563
0 0.712168 0.543343 0.019497 0.012960
0 0.379414 0.629596 0.013647 0.010998
0 0.778115 0.621668 0.009409 0.008250
0 0.621691 0.242139 0.011977 0.009760
0 0.290345 0.700611 0.012652 0.010830
0 0.690980 0.637083 0.011351 0.009202
0 0.386903 0.219534 0.016456 0.013734
0 0.702605 0.381104 0.014364 0.010680
0 0.806519 0.625357 0.009975 0.008031
0 0.822069 0.372838 0.012410 0.009261
0 0.468811 0.732127 0.013002 0.010688
0 0.254911 0.619724 0.014798 0.012621
0 0.385007 0.591081 0.013023 0.012047
0 0.423607 0.282596 0.016342 0.012571
0 0.728045 0.251272 0.016164 0.012725
0 0.550182 0.207293 0.014031 0.012982
0 0.575780 0.205624 0.013613 0.010960
0 0.256974 0.584399 0.013072 0.010919
0 0.525321 0.772718 0.015622 0.013315
0 0.851342 0.475575 0.012344 0.009832
0 0.276466 0.272014 0.014143 0.011024
0 0.374338 0.732857 0.012094 0.009530
0 0.327245 0.297245 0.014374 0.011509
0 0.540201 0.459969 0.022223 0.013747
0 0.268253 0.729236 0.013735 0.011077
0 0.573488 0.294188 0.012618 0.010476
0 0.233123 0.307416 0.013730 0.011512
0 0.547524 0.637614 0.014144 0.010385
0 0.189584 0.605300 0.016764 0.014681
0 0.647893 0.408444 0.012812 0.009805
0 0.526579 0.761283 0.015550 0.014861
0 0.514908 0.495893 0.013859 0.011794
0 0.751829 0.480110 0.014553 0.011528
0 0.585914 0.421565 0.011883 0.009432
0 0.707849 0.737354 0.013532 0.009944
0 0.304236 0.515419 0.013355 0.010822
0 0.765883 0.271559 0.022002 0.017494
0 0.444135 0.451746 0.014053 0.010185
0 0.660259 0.449942 0.010120 0.011254
0 0.596536 0.453171 0.020139 0.014861
0 0.885080 0.408744 0.015944 0.014564
0 0.534812 0.741409 0.017365 0.013047
0 0.412877 0.398335 0.013519 0.010505
0 0.480488 0.770616 0.014928 0.011760
0 0.297574 0.282832 0.013510 0.010660
0 0.616707 0.583871 0.011548 0.008720
0 0.676578 0.267396 0.012741 0.011476
0 0.423601 0.208858 0.012529 0.011158
0 0.717547 0.385393 0.014014 0.009995
0 0.282969 0.688296 0.011960 0.009921
0 0.436456 0.501459 0.011790 0.013225
0 0.204949 0.537938 0.014326 0.012545
0 0.408157 0.400778 0.022003 0.012339
0 0.783685 0.483584 0.010565 0.009104
0 0.400956 0.346913 0.019282 0.011539
0 0.396179 0.259380 0.017318 0.012053
1 0.667456 0.219120 0.047377 0.021320
1 0.199098 0.312014 0.033841 0.036548
1 0.190299 0.694078 0.035195 0.028426