0 0.243752 0.524906 0.017591 0.013261
0 0.441088 0.325121 0.015539 0.011837
0 0.190955 0.745755 0.017669 0.014161
0 0.198589 0.373581 0.016906 0.013356
0 0.109923 0.458170 0.016556 0.012637
0 0.225691 0.608012 0.016409 0.012048
1 0.737808 0.527497 0.042179 0.034457
0 0.287452 0.742440 0.017457 0.013778
0 0.280922 0.354751 0.015769 0.011858
0 0.347070 0.727216 0.018479 0.013774
0 0.310269 0.829198 0.024155 0.020283
0 0.218879 0.518809 0.016489 0.013983
0 0.079588 0.547469 0.018421 0.014488
1 0.443790 0.549815 0.035044 0.030174
0 0.367816 0.555222 0.018804 0.015074
0 0.330896 0.396544 0.015597 0.011633
0 0.240794 0.358352 0.022346 0.016472
0 0.405313 0.489857 0.014725 0.011405
1 0.278320 0.506711 0.034839 0.030561
0 0.540941 0.485729 0.015300 0.012418
0 0.491949 0.551762 0.017559 0.014722
0 0.695362 0.580068 0.014589 0.011396
0 0.557450 0.386590 0.014154 0.010779
0 0.157371 0.705441 0.015477 0.011972
0 0.375372 0.309548 0.016535 0.013197
0 0.362089 0.512971 0.016483 0.012646
0 0.246759 0.627459 0.016679 0.013005
0 0.585321 0.575643 0.019226 0.015184
0 0.548450 0.431799 0.014827 0.010876
0 0.568389 0.693485 0.014214 0.010976
0 0.102112 0.659236 0.014136 0.011039
0 0.334432 0.696223 0.016060 0.011862
0 0.193900 0.530150 0.016297 0.013003
0 0.671914 0.492570 0.013897 0.010694
0 0.425987 0.423529 0.015584 0.013390
0 0.267414 0.831407 0.022380 0.016549
0 0.049336 0.570791 0.014641 0.011594
0 0.028162 0.446480 0.017664 0.014733
0 0.226854 0.485799 0.016722 0.014621
0 0.300956 0.805725 0.020356 0.014430
0 0.449472 0.641030 0.016623 0.012924
0 0.321238 0.382258 0.016106 0.012261
0 0.446195 0.487328 0.014619 0.011171
0 0.584699 0.479691 0.016819 0.014099
0 0.200572 0.334862 0.013183 0.011154
0 0.360783 0.417839 0.020179 0.015964
0 0.368494 0.449031 0.015891 0.012746
0 0.343596 0.830405 0.020476 0.015746
0 0.545854 0.360835 0.015450 0.012083
0 0.383094 0.346906 0.019097 0.016005
0 0.129568 0.561621 0.015817 0.011812
0 0.342433 0.649300 0.015939 0.013248
0 0.082376 0.409725 0.014518 0.012310
0 0.565342 0.446486 0.015849 0.013105
0 0.390519 0.585733 0.016153 0.012639
0 0.595027 0.397954 0.016496 0.013155
0 0.574770 0.631538 0.015137 0.012690
0 0.103513 0.501938 0.017433 0.013394
0 0.633451 0.496791 0.014675 0.011747