0 0.777458 0.516222 0.015722 0.012298
0 0.267848 0.618564 0.017162 0.013677
0 0.442060 0.669508 0.016359 0.014710
0 0.591286 0.490556 0.015237 0.013053
0 0.325842 0.559845 0.014145 0.011899
0 0.614287 0.460579 0.021545 0.014117
0 0.350490 0.609481 0.016489 0.013203
0 0.437906 0.801350 0.017824 0.013842
0 0.261399 0.740635 0.014119 0.011132
0 0.364483 0.584439 0.016135 0.013185
0 0.191461 0.613431 0.016455 0.012387
0 0.655976 0.875916 0.018213 0.013744
0 0.596710 0.526940 0.017306 0.013361
0 0.344061 0.567907 0.015286 0.012012
0 0.279430 0.680326 0.015291 0.011621
0 0.827272 0.477357 0.015362 0.012669
0 0.689491 0.878684 0.015129 0.011724
0 0.530734 0.709642 0.015824 0.011973
0 0.817008 0.567460 0.014386 0.011926
0 0.401100 0.886010 0.017433 0.012996
0 0.802714 0.531731 0.013531 0.010727
0 0.659731 0.501456 0.017445 0.013602
0 0.482720 0.483654 0.015194 0.011937
0 0.188381 0.671853 0.015432 0.011338
0 0.876916 0.752390 0.017466 0.012105
0 0.597149 0.910584 0.020544 0.015927
0 0.781863 0.702312 0.016139 0.012550
0 0.658708 0.578161 0.018799 0.013097
0 0.511327 0.666320 0.016079 0.012432
0 0.596627 0.567651 0.017729 0.014964
0 0.635926 0.897914 0.022870 0.017886
0 0.741131 0.568810 0.016263 0.011955
0 0.348487 0.476776 0.015775 0.012949
0 0.679934 0.702900 0.016733 0.014809
0 0.309034 0.706750 0.015936 0.013352
0 0.636707 0.410739 0.014116 0.010990
0 0.269161 0.867599 0.014633 0.011405
0 0.878630 0.646188 0.013481 0.010966
0 0.523378 0.449880 0.017800 0.013225
0 0.749200 0.482132 0.015395 0.012259
0 0.821062 0.798515 0.017069 0.011851
0 0.604099 0.856355 0.017704 0.014336
0 0.424406 0.573254 0.014550 0.011833
0 0.609977 0.500601 0.013320 0.010815
0 0.458111 0.411909 0.019400 0.018175
0 0.551481 0.691922 0.020195 0.015686
0 0.312354 0.884463 0.016954 0.012843
0 0.846397 0.684013 0.014423 0.010645
0 0.819582 0.616621 0.014652 0.011962
0 0.873612 0.501035 0.019245 0.015378
0 0.829329 0.458059 0.015757 0.013167
0 0.697491 0.481204 0.016828 0.012545
0 0.750254 0.455351 0.014186 0.011253
0 0.531452 0.499280 0.016170 0.014608
0 0.439612 0.538889 0.017563 0.012769
0 0.531379 0.468954 0.014155 0.011202
0 0.756303 0.849334 0.012860 0.009425
0 0.851631 0.525035 0.014651 0.011827
1 0.226652 0.466416 0.034557 0.027142
0 0.259656 0.508940 0.019430 0.013428
0 0.274338 0.484214 0.014745 0.012841
0 0.708807 0.542692 0.017631 0.014314
0 0.532019 0.633942 0.017607 0.013770
0 0.434303 0.702998 0.014561 0.011689
0 0.733370 0.660240 0.017795 0.013390
0 0.764580 0.833048 0.014474 0.010231
1 0.793279 0.778213 0.039026 0.030765
0 0.561591 0.584491 0.018084 0.014915
0 0.511799 0.562696 0.014508 0.011291
0 0.392530 0.688785 0.011475 0.009149
0 0.763287 0.878818 0.018705 0.013980
0 0.381816 0.460211 0.015260 0.013367
0 0.581429 0.755500 0.013726 0.011292
0 0.637133 0.639080 0.019992 0.013804
0 0.379397 0.923389 0.018472 0.013494
0 0.832637 0.787480 0.014490 0.010832
0 0.774344 0.597897 0.013626 0.010983
0 0.492417 0.517084 0.015130 0.013765
0 0.627029 0.923684 0.027153 0.019216
0 0.397013 0.795009 0.022388 0.012461
1 0.516984 0.350963 0.050216 0.024562
1 0.921256 0.581300 0.043666 0.031112