0 0.149802 0.507364 0.017229 0.012878
0 0.561035 0.456455 0.015743 0.011549
0 0.168406 0.536360 0.016648 0.012525
0 0.279948 0.717846 0.019432 0.014604
0 0.285690 0.755229 0.018103 0.013534
0 0.663798 0.686460 0.016499 0.012189
0 0.599210 0.695304 0.016178 0.012371
0 0.211671 0.544330 0.016947 0.012598
0 0.203427 0.745091 0.018236 0.013118
0 0.214623 0.699414 0.017602 0.013294
0 0.249951 0.483773 0.018464 0.015284
0 0.254911 0.434611 0.017327 0.013079
0 0.194323 0.561262 0.017493 0.013181
0 0.233747 0.357784 0.015172 0.012323
1 0.671334 0.510067 0.069404 0.067620
0 0.585530 0.473182 0.014158 0.011086
0 0.202303 0.778736 0.017250 0.012549
0 0.546923 0.414134 0.016669 0.012199
0 0.270214 0.406856 0.016393 0.012335
0 0.421470 0.500352 0.016040 0.012815
0 0.641083 0.451810 0.013793 0.010701
0 0.188772 0.591680 0.019255 0.014159
0 0.347310 0.572170 0.016199 0.012771
0 0.558699 0.494073 0.014432 0.011391
0 0.476552 0.401545 0.017784 0.012640
0 0.350630 0.765349 0.017412 0.013562
0 0.119514 0.586254 0.016460 0.013009
0 0.294338 0.801981 0.018284 0.013923
0 0.562554 0.551707 0.015351 0.011390
0 0.457002 0.436849 0.017490 0.012306
0 0.629540 0.739463 0.018845 0.013613
0 0.447194 0.403365 0.016460 0.012575
0 0.464069 0.565615 0.015819 0.011745
0 0.247226 0.761281 0.017731 0.013727
0 0.160851 0.774866 0.014880 0.011710
1 0.342765 0.310915 0.058614 0.038666
0 0.490055 0.552096 0.014374 0.011186
0 0.691421 0.406988 0.016039 0.012581
0 0.458642 0.529742 0.013044 0.010795
0 0.547545 0.671556 0.017956 0.012827
0 0.280836 0.664202 0.015068 0.011134
0 0.302179 0.654792 0.017650 0.013688
0 0.628554 0.558879 0.019014 0.013062
0 0.434474 0.752109 0.018220 0.013684
0 0.146757 0.607926 0.018255 0.012430
0 0.324287 0.397097 0.018019 0.013978
0 0.680436 0.432816 0.015508 0.010871
0 0.256579 0.556005 0.014702 0.011697
0 0.504626 0.480045 0.016178 0.013443
0 0.161201 0.591199 0.018630 0.014104
0 0.416422 0.555940 0.014259 0.011456
0 0.396808 0.397072 0.018445 0.014717
0 0.393173 0.357643 0.015728 0.012706
0 0.357199 0.448716 0.015402 0.013021
0 0.087658 0.422646 0.017900 0.013920
0 0.400134 0.273184 0.015385 0.012016
0 0.388606 0.815681 0.020527 0.016040
0 0.594613 0.583568 0.016589 0.012792
0 0.394781 0.774420 0.017007 0.012330
0 0.627948 0.654761 0.014735 0.011477
0 0.352851 0.609189 0.015770 0.011227
0 0.598769 0.416453 0.015319 0.012282
0 0.327552 0.818153 0.016725 0.012180
0 0.562576 0.380611 0.019101 0.014956
0 0.723902 0.401309 0.016944 0.012745
0 0.414650 0.726908 0.017661 0.013938
0 0.330418 0.615309 0.015863 0.013230
0 0.287878 0.439382 0.016766 0.011786
0 0.356515 0.591035 0.016655 0.012883
0 0.206982 0.316900 0.016704 0.013904
0 0.515883 0.821599 0.017292 0.013772
0 0.662043 0.342097 0.022072 0.014834
0 0.225736 0.398551 0.014044 0.010664
0 0.305450 0.457203 0.018426 0.014860
0 0.686872 0.614562 0.017976 0.014067
0 0.598156 0.378701 0.019640 0.012949
0 0.277368 0.293315 0.013597 0.010313
0 0.138807 0.673923 0.014154 0.011063
0 0.612712 0.580883 0.017372 0.012028
0 0.641031 0.711131 0.017941 0.012501
0 0.357556 0.801534 0.020345 0.018029
0 0.367487 0.285697 0.013245 0.009268
1 0.346441 0.849090 0.067745 0.031630
0 0.602233 0.430245 0.013525 0.011399
0 0.511987 0.414955 0.018688 0.015365
0 0.399022 0.584844 0.018229 0.014351
0 0.119439 0.425315 0.016942 0.013801
0 0.315940 0.488293 0.014303 0.011950
0 0.538750 0.547722 0.015970 0.012645
0 0.190838 0.394982 0.016582 0.012049
0 0.390663 0.543976 0.016109 0.013405
0 0.356480 0.784568 0.016509 0.012898
0 0.430441 0.357303 0.013014 0.010025
0 0.348187 0.649411 0.013430 0.010929
0 0.331794 0.628190 0.013559 0.012040
0 0.054684 0.524086 0.020145 0.014718
0 0.484185 0.627382 0.012046 0.009820
0 0.501322 0.379584 0.017129 0.009832
0 0.583891 0.357740 0.012805 0.010234
0 0.579595 0.716078 0.020779 0.014765
0 0.767871 0.447237 0.016883 0.014991
0 0.534521 0.517020 0.014526 0.011308
0 0.348436 0.539529 0.015583 0.011611
0 0.697238 0.695894 0.016714 0.012050
0 0.368425 0.629854 0.015486 0.011898
0 0.274562 0.830905 0.016885 0.012746
0 0.044497 0.503911 0.020978 0.014666
0 0.677686 0.579161 0.013382 0.010823
0 0.588101 0.766151 0.015838 0.012082
0 0.183596 0.364426 0.017224 0.013504
0 0.053963 0.466504 0.016041 0.012684
0 0.224431 0.801747 0.016098 0.012752
0 0.391105 0.596481 0.015193 0.011838
0 0.561754 0.527182 0.014298 0.011859
0 0.500308 0.696193 0.020141 0.018083
0 0.519908 0.532768 0.014471 0.011448
0 0.324987 0.529992 0.018501 0.014214
0 0.625106 0.528326 0.013929 0.010571
0 0.558712 0.651408 0.018538 0.015192
0 0.511287 0.277436 0.013405 0.011153
0 0.040225 0.450730 0.017896 0.015149
0 0.253561 0.595487 0.011868 0.009503
0 0.233068 0.301873 0.014250 0.011075
0 0.173674 0.792665 0.014980 0.012568
0 0.651265 0.428085 0.012647 0.008967
0 0.318487 0.690211 0.021851 0.011597
0 0.410304 0.625336 0.015900 0.014449
0 0.614684 0.487340 0.013557 0.011013
0 0.454320 0.460700 0.012150 0.010804
0 0.713706 0.625082 0.014247 0.010665
0 0.441386 0.283614 0.014790 0.012506
0 0.484386 0.317983 0.020142 0.018970
0 0.488975 0.311712 0.017741 0.017233
0 0.043181 0.575727 0.011501 0.009063
0 0.361969 0.823093 0.019919 0.018024
0 0.112395 0.496955 0.012779 0.010081
0 0.606773 0.594956 0.015160 0.010415
0 0.732395 0.499023 0.011099 0.008399
0 0.664855 0.771320 0.013665 0.009760
0 0.645352 0.665922 0.013268 0.009819
0 0.708188 0.361573 0.022887 0.016612
0 0.206502 0.548037 0.023413 0.022510
0 0.352435 0.400725 0.015265 0.013951
0 0.764406 0.519396 0.012582 0.009203
0 0.289808 0.319763 0.022227 0.012555
0 0.578370 0.784856 0.015423 0.011614
0 0.531220 0.770899 0.014907 0.012218
1 0.550620 0.321187 0.026589 0.027194