0 0.516167 0.271193 0.015890 0.012337
0 0.481360 0.283063 0.016765 0.013021
0 0.487388 0.310339 0.015370 0.012066
0 0.549929 0.354999 0.015518 0.012608
0 0.432577 0.434999 0.013444 0.010740
0 0.143271 0.315252 0.016582 0.013521
0 0.148927 0.623523 0.016229 0.013853
0 0.230075 0.420354 0.016946 0.012415
0 0.566048 0.336519 0.015813 0.013075
0 0.623350 0.353217 0.017409 0.013738
0 0.703574 0.320743 0.017200 0.013470
0 0.321861 0.281696 0.014595 0.012466
0 0.375452 0.210877 0.014592 0.012624
0 0.269772 0.442821 0.012748 0.009573
0 0.623689 0.299695 0.015357 0.011905
0 0.077364 0.482907 0.012290 0.009612
0 0.456791 0.225353 0.013170 0.010891
0 0.453070 0.197217 0.012956 0.010369
0 0.389664 0.631970 0.010920 0.008764
0 0.195799 0.433199 0.014504 0.010439
0 0.226375 0.382607 0.017903 0.013493
0 0.466631 0.410156 0.018071 0.013684
0 0.631218 0.464312 0.014737 0.011364
0 0.268628 0.502905 0.012387 0.010290
0 0.661147 0.385100 0.016331 0.011875
0 0.682563 0.430253 0.013690 0.011124
0 0.272555 0.300748 0.018437 0.013302
0 0.095628 0.446534 0.013880 0.010380
0 0.164661 0.532769 0.014083 0.010747
0 0.545428 0.298026 0.021896 0.013770
0 0.242993 0.616136 0.012753 0.011329
0 0.405335 0.327347 0.017292 0.015667
0 0.217243 0.454022 0.017551 0.012108
0 0.481497 0.465734 0.013479 0.011039
0 0.160932 0.285902 0.018404 0.017446
0 0.265578 0.262917 0.016204 0.013565
0 0.099720 0.332336 0.022521 0.017237
0 0.191247 0.662880 0.013819 0.011384
1 0.734119 0.477204 0.048827 0.037451
0 0.550213 0.428473 0.013169 0.010524
0 0.701465 0.443991 0.012560 0.009771
0 0.287000 0.343872 0.012571 0.009639
0 0.332353 0.649711 0.012202 0.009884
1 0.606228 0.545055 0.041580 0.036256
0 0.608421 0.380597 0.014663 0.012215
0 0.361261 0.637570 0.011445 0.009651
0 0.245535 0.711104 0.017651 0.014410
0 0.430427 0.628278 0.011374 0.009210
0 0.131333 0.361594 0.014910 0.011486
0 0.263736 0.327190 0.014170 0.011018
1 0.582885 0.576513 0.044285 0.033132
0 0.484368 0.436069 0.012952 0.010004
0 0.343963 0.757211 0.020291 0.015487
0 0.575630 0.275442 0.023067 0.020816
0 0.674517 0.479755 0.012565 0.010178
0 0.333307 0.521594 0.016352 0.014456
0 0.442758 0.278655 0.014368 0.011937
0 0.224432 0.622010 0.011889 0.009430
0 0.718987 0.627401 0.015091 0.010538
0 0.731291 0.563249 0.013188 0.009351
0 0.386044 0.414768 0.015024 0.011335
0 0.113600 0.601706 0.015911 0.011655
0 0.280549 0.658291 0.011834 0.009264
0 0.247769 0.561980 0.016930 0.012767
0 0.145405 0.586885 0.011382 0.009040
0 0.335287 0.480536 0.011286 0.009332
0 0.641750 0.493213 0.014056 0.011376
0 0.372097 0.231511 0.012989 0.010952
0 0.493312 0.366583 0.018877 0.012761
0 0.591978 0.450032 0.012712 0.010964
0 0.293157 0.632059 0.013655 0.012800
0 0.265699 0.473017 0.012110 0.010395
0 0.503833 0.562316 0.010894 0.009192
0 0.489844 0.651960 0.011600 0.009259
0 0.767246 0.379402 0.014947 0.011653
1 0.667739 0.285026 0.047802 0.033908
0 0.171059 0.652684 0.013767 0.010589
0 0.458677 0.591711 0.016303 0.014300
0 0.428238 0.545241 0.012990 0.011049
0 0.180144 0.303708 0.015883 0.014082
0 0.455220 0.466650 0.012279 0.009260
0 0.203995 0.594101 0.019077 0.011944
0 0.367721 0.754907 0.023192 0.015423
0 0.543897 0.572707 0.011187 0.009329
0 0.447621 0.263488 0.015607 0.011372
1 0.339574 0.414011 0.044471 0.037750
0 0.560777 0.627700 0.014481 0.011756
0 0.622541 0.647129 0.016304 0.011653
0 0.194972 0.283084 0.017214 0.014983
0 0.411614 0.684261 0.010935 0.008995
0 0.691830 0.596864 0.013170 0.010458
0 0.450320 0.717158 0.012713 0.009802
0 0.193498 0.322384 0.013861 0.010787
0 0.469182 0.377817 0.013838 0.009529
0 0.380834 0.321371 0.017758 0.014028
0 0.166176 0.435798 0.017097 0.013573
0 0.721771 0.332956 0.017049 0.012700
0 0.467329 0.355756 0.022493 0.015961
0 0.670294 0.537217 0.012724 0.010518
0 0.344699 0.672389 0.014053 0.012969
0 0.432469 0.665001 0.011151 0.009332
0 0.490174 0.600343 0.010981 0.009453
0 0.663797 0.317684 0.015895 0.012273
1 0.411691 0.277756 0.037183 0.034557
0 0.640017 0.542862 0.012164 0.009360
0 0.429875 0.722716 0.013016 0.009067
0 0.424315 0.358895 0.016367 0.012317
0 0.300743 0.451413 0.010113 0.008081
0 0.677122 0.498611 0.012611 0.009952
0 0.527242 0.213564 0.015931 0.012777
0 0.249599 0.391687 0.014453 0.010967
0 0.523501 0.728014 0.011207 0.008896
0 0.118442 0.665486 0.016523 0.012494
1 0.185456 0.495892 0.044949 0.033977
0 0.450393 0.635931 0.012417 0.010188
0 0.661524 0.420587 0.016525 0.010469
0 0.400355 0.525749 0.012547 0.010770
0 0.568746 0.542556 0.018773 0.013982
0 0.114309 0.303948 0.016366 0.014774
0 0.132907 0.282108 0.016967 0.011557
0 0.289602 0.479744 0.012161 0.009830
0 0.480685 0.744227 0.013921 0.011670
0 0.265936 0.408167 0.016050 0.012148
0 0.642287 0.620619 0.013613 0.012320
0 0.667758 0.449304 0.012539 0.009261
0 0.154277 0.366015 0.012543 0.008948
0 0.460951 0.545473 0.016312 0.014429
0 0.514329 0.498676 0.020555 0.011913
0 0.629129 0.705425 0.012416 0.009764
0 0.593147 0.626469 0.012151 0.010252
0 0.076678 0.389342 0.014058 0.011875
0 0.629168 0.599146 0.014211 0.011489
0 0.375959 0.594460 0.017468 0.013801
0 0.482271 0.507688 0.017753 0.012829
0 0.477686 0.533299 0.016345 0.010863
0 0.255438 0.643698 0.012988 0.009189
0 0.678283 0.568413 0.010145 0.008780
0 0.440660 0.342167 0.014365 0.012100
0 0.299966 0.236082 0.028815 0.023073
0 0.705420 0.606995 0.012824 0.010071
0 0.335593 0.635123 0.010497 0.008808
0 0.494089 0.584857 0.012405 0.011924
0 0.218287 0.647150 0.010890 0.008243
0 0.770555 0.414768 0.014416 0.011100
0 0.536880 0.380516 0.011124 0.008926
0 0.665427 0.582125 0.011130 0.008923
0 0.124152 0.385541 0.015011 0.011149
0 0.557802 0.214531 0.014929 0.014906
0 0.122403 0.491368 0.012896 0.010631
0 0.376884 0.505628 0.023045 0.014033
0 0.569854 0.404204 0.011667 0.009487
0 0.152526 0.420485 0.012609 0.010713
0 0.255828 0.681600 0.013128 0.009840
0 0.592954 0.334570 0.012721 0.009343
0 0.411213 0.496236 0.016475 0.016457
0 0.318067 0.206821 0.016486 0.012415
0 0.618111 0.278391 0.014328 0.012047
0 0.237711 0.345116 0.016578 0.012656
0 0.270105 0.381750 0.012269 0.010092
0 0.080776 0.404485 0.012416 0.010955
0 0.384295 0.722951 0.011501 0.009192
0 0.388176 0.264288 0.019413 0.014880
0 0.183495 0.610468 0.012402 0.009291
0 0.358445 0.284641 0.021335 0.011834
0 0.250160 0.489250 0.015475 0.011474
1 0.623077 0.678121 0.041551 0.031300
0 0.542111 0.627270 0.012831 0.011468
0 0.393412 0.469930 0.017931 0.012262
0 0.285741 0.700581 0.016274 0.012142
0 0.296460 0.372430 0.015034 0.012133
0 0.515542 0.766211 0.015099 0.011129
0 0.747341 0.441360 0.011713 0.009941
0 0.682274 0.617124 0.019429 0.013491
0 0.125948 0.433540 0.013687 0.009768
0 0.412321 0.184305 0.014018 0.009332
0 0.346527 0.214583 0.012398 0.009653
0 0.464365 0.334804 0.015664 0.011253
0 0.275532 0.608510 0.014288 0.010170
0 0.106628 0.544583 0.014839 0.012979
0 0.434383 0.395721 0.024785 0.015743
1 0.648557 0.241468 0.029537 0.024213
0 0.107378 0.365018 0.013755 0.010758
0 0.232000 0.266930 0.012151 0.009867
0 0.656937 0.461504 0.012832 0.010021
0 0.717270 0.532771 0.011042 0.009052
0 0.506726 0.213146 0.012146 0.011035
0 0.540507 0.590409 0.010638 0.008474
0 0.273703 0.672734 0.013453 0.009629
0 0.516555 0.688922 0.012304 0.011223
0 0.606077 0.603753 0.016420 0.010865
0 0.042665 0.381465 0.016039 0.015829
0 0.189243 0.268197 0.016185 0.013165