0 0.684156 0.879493 0.022608 0.022033
1 0.394852 0.538163 0.059131 0.072674
1 0.167498 0.394661 0.118826 0.119797
0 0.760932 0.964524 0.022362 0.023454
0 0.429181 0.446672 0.031417 0.027345
0 0.553113 0.605560 0.030568 0.027937
0 0.657593 0.746440 0.028766 0.025461
0 0.502292 0.592225 0.029659 0.033215
1 0.249776 0.286716 0.064171 0.054527
0 0.501522 0.216665 0.027000 0.026940
0 0.558718 0.891396 0.034419 0.025883
0 0.453171 0.210389 0.022863 0.021170
0 0.391321 0.956648 0.018400 0.018308
0 0.307339 0.607302 0.027138 0.030291
0 0.285145 0.468406 0.031552 0.026381
1 0.646440 0.490647 0.091226 0.087892
0 0.818265 0.461969 0.014884 0.015849
0 0.880950 0.450448 0.016864 0.016925
0 0.634616 0.648327 0.016607 0.017947
0 0.713653 0.877452 0.017148 0.017047
0 0.426652 0.737884 0.028974 0.027166
0 0.603658 0.653755 0.029273 0.031380
0 0.315401 0.295383 0.028480 0.027161
0 0.476361 0.805076 0.029346 0.027233
0 0.444933 0.638222 0.014823 0.016021
0 0.238149 0.504701 0.020721 0.021491
1 0.682095 0.641835 0.042313 0.038518
1 0.947015 0.680088 0.051082 0.046074
1 0.945513 0.760717 0.060096 0.033053
1 0.876903 0.579427 0.047075 0.029046