0 0.514831 0.381215 0.012243 0.017196
0 0.496984 0.309474 0.012485 0.016667
0 0.211515 0.645727 0.014675 0.018893
0 0.518111 0.500946 0.011924 0.015895
0 0.513122 0.327964 0.011519 0.016865
0 0.498029 0.470464 0.012993 0.016897
0 0.477732 0.328029 0.012740 0.017864
0 0.311721 0.530649 0.014613 0.018801
0 0.493361 0.520112 0.010026 0.014198
0 0.411397 0.512558 0.012422 0.017428
0 0.433122 0.270925 0.011930 0.017242
0 0.317828 0.584686 0.012970 0.017092
0 0.517790 0.441581 0.010540 0.014620
0 0.560530 0.573502 0.013472 0.017949
0 0.550160 0.408055 0.014497 0.021731
0 0.675133 0.523265 0.011583 0.015536
0 0.616371 0.392849 0.013960 0.018228
0 0.494329 0.755049 0.011824 0.015889
0 0.609786 0.356726 0.014929 0.020265
0 0.532516 0.583724 0.010124 0.014136
0 0.260304 0.839072 0.015008 0.017335
0 0.559375 0.652504 0.011662 0.015842
1 0.529828 0.907811 0.043707 0.062684
0 0.421492 0.678687 0.012935 0.017386
0 0.402773 0.712872 0.013637 0.018492
0 0.459711 0.673711 0.011664 0.015212
0 0.440398 0.754674 0.010664 0.014067
0 0.476600 0.454209 0.012836 0.017510
0 0.235123 0.412596 0.016313 0.023875
0 0.464174 0.362565 0.011709 0.016146
0 0.612993 0.321908 0.010830 0.015518
0 0.471148 0.521002 0.012385 0.018811
0 0.333439 0.439501 0.010063 0.014526
0 0.642948 0.489176 0.013986 0.018992
0 0.479948 0.608638 0.010233 0.014737
0 0.437850 0.226306 0.010226 0.014508
0 0.298761 0.851248 0.014227 0.017843
0 0.565106 0.346570 0.016401 0.022953
0 0.720810 0.406382 0.017009 0.024663
0 0.668532 0.406299 0.011684 0.016412
0 0.336188 0.552660 0.014942 0.019942
0 0.595611 0.771100 0.013070 0.017582
0 0.480602 0.933652 0.013708 0.019142
0 0.478319 0.285419 0.013597 0.019050
0 0.526284 0.614436 0.011223 0.016213
0 0.373781 0.430914 0.012651 0.023632
0 0.514939 0.664257 0.010101 0.012583
0 0.540918 0.523121 0.013723 0.017512
0 0.390253 0.917586 0.016287 0.020274
0 0.418861 0.627661 0.010970 0.013979
0 0.573657 0.440964 0.013401 0.016617
0 0.247885 0.705394 0.014207 0.020581
1 0.393310 0.280776 0.034765 0.049960
0 0.432060 0.872582 0.012899 0.016661
0 0.329902 0.879057 0.015065 0.022906
0 0.688395 0.547240 0.010975 0.015926
0 0.293243 0.454011 0.014860 0.017989
0 0.492982 0.677380 0.012373 0.018186
0 0.273605 0.403829 0.013943 0.021648
0 0.625898 0.422589 0.010775 0.014922
0 0.280061 0.876084 0.014019 0.018705
0 0.402764 0.488281 0.012140 0.015338
0 0.613575 0.517058 0.010009 0.013792
0 0.433658 0.845901 0.011027 0.015809
0 0.385919 0.531129 0.015966 0.021373
0 0.618387 0.798213 0.010387 0.015530
0 0.490619 0.562007 0.012178 0.016446
0 0.486941 0.847899 0.011757 0.014897
0 0.437829 0.500150 0.010755 0.014336
0 0.721299 0.716868 0.012750 0.017949
0 0.438794 0.663749 0.010858 0.016989
0 0.375022 0.873096 0.014175 0.019790
0 0.579762 0.791513 0.009759 0.013118
0 0.391604 0.336134 0.011106 0.016977
0 0.462946 0.418576 0.010346 0.015211
0 0.427946 0.417863 0.010479 0.014766
0 0.600975 0.502317 0.011694 0.014827
0 0.346632 0.319516 0.011318 0.017716
0 0.567144 0.706714 0.016078 0.022879
0 0.300816 0.284479 0.010992 0.015801
0 0.208566 0.401013 0.012924 0.019463
0 0.197654 0.475439 0.016929 0.021839
0 0.317295 0.936864 0.011506 0.015543
1 0.444692 0.980285 0.046789 0.038957
0 0.683050 0.802112 0.010597 0.013894
1 0.382530 0.604404 0.036331 0.052495
0 0.545397 0.629985 0.009031 0.012984
0 0.649282 0.544828 0.012309 0.015358
0 0.363158 0.905170 0.014202 0.017777
0 0.592990 0.606949 0.009313 0.014271
0 0.565057 0.465519 0.010914 0.015513
0 0.459670 0.767750 0.010663 0.016611
0 0.576980 0.520573 0.009639 0.013739
0 0.673512 0.830884 0.011166 0.015058
0 0.587550 0.364295 0.013533 0.018127
0 0.472724 0.822998 0.010474 0.014016
0 0.497778 0.817358 0.009992 0.013405
0 0.538417 0.781018 0.010340 0.013947
0 0.300716 0.383943 0.012338 0.019120
0 0.403723 0.808167 0.010979 0.014388
0 0.525573 0.282740 0.017191 0.017457
0 0.674738 0.651224 0.011778 0.017099
0 0.411611 0.450374 0.009921 0.014006
0 0.386753 0.357364 0.010258 0.014376
0 0.350286 0.531844 0.012840 0.019588
0 0.591036 0.570382 0.010434 0.014726
0 0.706758 0.570806 0.010531 0.014295
0 0.454808 0.867654 0.010400 0.014428
0 0.364169 0.689131 0.013110 0.016775
0 0.207411 0.438952 0.012340 0.017590
0 0.468402 0.878862 0.010095 0.016025
0 0.399073 0.673661 0.013935 0.017677
0 0.350382 0.726989 0.013298 0.025921
0 0.390385 0.987473 0.012489 0.016032
0 0.269517 0.689901 0.013658 0.019852
0 0.566229 0.854515 0.013041 0.016375
0 0.451288 0.788453 0.011346 0.015787
0 0.473576 0.780915 0.010975 0.014926
0 0.480768 0.702673 0.012697 0.018360
0 0.675365 0.612417 0.012366 0.017593
0 0.616782 0.851632 0.012055 0.020627
0 0.274399 0.612824 0.010363 0.015638
0 0.339078 0.953898 0.013181 0.019048
0 0.259054 0.353644 0.016251 0.019235
0 0.285540 0.773758 0.013273 0.020103
0 0.651927 0.389171 0.013704 0.018750
0 0.326748 0.687995 0.013190 0.025207
0 0.321049 0.268089 0.013163 0.017669
0 0.380725 0.827004 0.008945 0.012739
0 0.363187 0.624210 0.011208 0.014227
0 0.701440 0.419752 0.012095 0.018105
0 0.474188 0.987481 0.013799 0.018261
0 0.457536 0.320852 0.013983 0.026617
0 0.411281 0.853119 0.010054 0.017883
0 0.306256 0.914446 0.011351 0.016307
0 0.406589 0.349739 0.010508 0.015490
0 0.307590 0.489282 0.010182 0.013385
0 0.656674 0.424490 0.011598 0.014892
0 0.256234 0.883412 0.016134 0.019063
0 0.405794 0.938092 0.012919 0.018007
0 0.702891 0.747687 0.011934 0.016658
0 0.558912 0.798684 0.009242 0.014988
0 0.619059 0.555808 0.009788 0.014510
0 0.210798 0.507547 0.015798 0.028989
0 0.476652 0.805009 0.009455 0.013153
0 0.729752 0.670317 0.009999 0.014902
0 0.383065 0.652606 0.009370 0.012294
0 0.355993 0.993537 0.011694 0.012926
0 0.364971 0.667160 0.012519 0.016963
1 0.749213 0.588252 0.036378 0.049774
0 0.624697 0.670688 0.011990 0.015965
0 0.539894 0.822593 0.009487 0.011968
0 0.604867 0.822234 0.011324 0.018992
0 0.608894 0.918805 0.012718 0.015892
0 0.216061 0.688681 0.013752 0.019150
0 0.722122 0.780314 0.012296 0.017410
0 0.230708 0.491824 0.010893 0.016168
0 0.560175 0.814355 0.009527 0.015384
0 0.517213 0.721056 0.014786 0.017380
0 0.411441 0.844341 0.010890 0.018052
0 0.506120 0.239326 0.008754 0.014623
0 0.405630 0.898392 0.014273 0.020009
0 0.678313 0.881182 0.011950 0.014469
0 0.594394 0.868581 0.011558 0.016187
0 0.390681 0.846896 0.009254 0.012105
0 0.405317 0.536458 0.010407 0.012092
0 0.669436 0.565409 0.008502 0.010754
0 0.597118 0.473677 0.009899 0.016603
0 0.321080 0.361536 0.011790 0.016433
0 0.641912 0.360873 0.014124 0.021644
0 0.594099 0.478756 0.010067 0.016258
0 0.698503 0.766184 0.011656 0.015605
0 0.376064 0.237396 0.012893 0.016697
0 0.681840 0.764266 0.010609 0.013502
0 0.224866 0.696641 0.015816 0.020291
0 0.348264 0.773855 0.010123 0.014408
0 0.417974 0.900267 0.012448 0.018836
0 0.568826 0.504642 0.009639 0.014832
0 0.664144 0.686578 0.009986 0.013979
0 0.448182 0.286943 0.008033 0.013116
0 0.653460 0.851435 0.013178 0.017964
0 0.361149 0.779497 0.008831 0.012992
1 0.339984 0.368325 0.030183 0.037155
0 0.220608 0.692958 0.018573 0.022036
0 0.273947 0.364859 0.011805 0.016494
0 0.682786 0.387724 0.012160 0.018749
0 0.648965 0.893434 0.009760 0.014065
0 0.646631 0.701151 0.010562 0.014482
0 0.660894 0.874246 0.010056 0.014165
0 0.641245 0.441401 0.009487 0.012718
0 0.361573 0.286697 0.009521 0.014966
0 0.351758 0.597455 0.010601 0.014721
0 0.630778 0.929803 0.012545 0.013915
1 0.418046 0.874909 0.000659 0.000000