0 0.767455 0.583563 0.019483 0.015919
0 0.606401 0.406888 0.020701 0.015908
0 0.593102 0.472723 0.020995 0.016224
0 0.714494 0.794124 0.023039 0.018520
0 0.489273 0.814584 0.026075 0.018291
0 0.603937 0.696756 0.020031 0.014958
0 0.574399 0.682819 0.020615 0.016103
0 0.460504 0.482930 0.018933 0.014735
0 0.659695 0.451130 0.019618 0.015609
0 0.779890 0.777673 0.020052 0.014449
0 0.863777 0.493733 0.019749 0.015547
0 0.836515 0.726266 0.019904 0.014857
0 0.510998 0.840816 0.025786 0.019131
0 0.507157 0.630302 0.019207 0.015223
0 0.474666 0.307876 0.015696 0.013377
0 0.555012 0.531354 0.018354 0.014444
0 0.839212 0.424730 0.019730 0.014966
0 0.665036 0.405723 0.018511 0.014605
0 0.545885 0.738154 0.022807 0.017660
0 0.389553 0.644339 0.021642 0.017517
1 0.817574 0.674056 0.049073 0.035046
0 0.645332 0.783523 0.022692 0.016796
0 0.399329 0.488818 0.018365 0.014571
0 0.647697 0.553600 0.021467 0.017269
0 0.664951 0.821812 0.025276 0.019326
1 0.873131 0.646557 0.046597 0.036113
0 0.766089 0.495389 0.020175 0.016401
1 0.252806 0.610915 0.066726 0.047067
0 0.299041 0.462019 0.017631 0.013813
0 0.266323 0.670458 0.016451 0.013343
0 0.717674 0.543362 0.016032 0.013119
0 0.474530 0.386079 0.016360 0.013660
0 0.291117 0.664838 0.017201 0.013587
0 0.523107 0.446480 0.025842 0.019784
0 0.470579 0.357239 0.018090 0.014637
0 0.542325 0.590130 0.018119 0.015236
1 0.236799 0.568084 0.039263 0.031216
0 0.731594 0.470289 0.023297 0.016575
0 0.353099 0.751587 0.015274 0.011792
1 0.776207 0.536380 0.046160 0.034184
0 0.588703 0.540421 0.019698 0.015628
0 0.507070 0.741921 0.019991 0.016346
0 0.796359 0.385833 0.015772 0.012493
0 0.635890 0.293178 0.023446 0.020655
0 0.873506 0.749657 0.020533 0.014816
0 0.603205 0.525287 0.018847 0.016998
0 0.468835 0.764754 0.018714 0.013261
0 0.361952 0.375036 0.016984 0.014087
0 0.792710 0.503877 0.016770 0.013792
0 0.491468 0.767677 0.019550 0.016217
1 0.401288 0.374937 0.031129 0.021872
0 0.544320 0.446063 0.018651 0.013984
0 0.832260 0.602774 0.014476 0.011258
0 0.315614 0.687117 0.015764 0.011905
0 0.920387 0.499021 0.019553 0.016147
0 0.545336 0.756283 0.020154 0.016220
0 0.803147 0.602002 0.017101 0.014217
0 0.240727 0.445398 0.019375 0.016395
1 0.211112 0.590128 0.033863 0.026115
0 0.331390 0.774353 0.013630 0.010106
0 0.698080 0.676440 0.018768 0.015502
0 0.979221 0.533654 0.018383 0.013696