0 0.355118 0.388248 0.016763 0.013898
0 0.524788 0.421338 0.021106 0.017262
0 0.489183 0.518967 0.017052 0.013301
0 0.471469 0.421106 0.021067 0.016792
0 0.728613 0.482540 0.022030 0.016474
0 0.839101 0.732981 0.015830 0.011094
0 0.379170 0.833649 0.017744 0.011188
0 0.609252 0.594936 0.019588 0.013456
0 0.771738 0.619591 0.018866 0.013251
0 0.237273 0.622792 0.012749 0.011779
0 0.595421 0.490970 0.019885 0.014474
0 0.773611 0.791958 0.019708 0.013465
0 0.624121 0.368153 0.015456 0.013092
0 0.438484 0.372967 0.013201 0.010844
0 0.760211 0.569754 0.019977 0.012244
0 0.438783 0.556825 0.017830 0.012005
0 0.512239 0.480220 0.021081 0.013651
0 0.593073 0.567988 0.019467 0.013321
0 0.725386 0.801070 0.020941 0.014616
0 0.696914 0.434562 0.027416 0.016553
0 0.662011 0.412636 0.022087 0.014828
0 0.335653 0.536547 0.024507 0.014550
0 0.667423 0.840334 0.020568 0.014713
0 0.685062 0.521549 0.018295 0.012244
0 0.401394 0.810438 0.018150 0.011287
0 0.426906 0.691341 0.017372 0.013703
0 0.505248 0.581844 0.014104 0.010725
0 0.769442 0.589347 0.020061 0.013727
0 0.560060 0.766138 0.019344 0.013221
0 0.679804 0.347519 0.018346 0.013423
0 0.811125 0.665301 0.014504 0.010809
0 0.733812 0.521273 0.017137 0.010308
0 0.292471 0.727482 0.018928 0.011178
0 0.834506 0.751790 0.013104 0.008751
0 0.761890 0.669656 0.018885 0.011580
0 0.854854 0.660357 0.016304 0.009448
0 0.524121 0.676613 0.021268 0.016115
0 0.519613 0.519926 0.020407 0.010645
0 0.720106 0.851713 0.013679 0.010201
0 0.693843 0.882797 0.016187 0.010605
0 0.480990 0.708372 0.019339 0.010797
0 0.413090 0.764943 0.017287 0.010779
0 0.505075 0.456304 0.017020 0.011647
0 0.630457 0.898858 0.023550 0.015754
0 0.361064 0.749912 0.015986 0.012267
0 0.800923 0.397980 0.016029 0.013810
0 0.496785 0.727086 0.017010 0.012247
1 0.651800 0.713615 0.065728 0.063380
1 0.433490 0.606221 0.051643 0.036385