0 0.598927 0.519861 0.022620 0.017052
0 0.659764 0.559539 0.022807 0.018006
0 0.617265 0.580569 0.024056 0.018344
0 0.120627 0.585616 0.024625 0.017491
0 0.192395 0.908471 0.025885 0.018636
0 0.364816 0.467037 0.027433 0.020753
0 0.387072 0.593179 0.029370 0.022433
0 0.133701 0.846409 0.025012 0.018001
0 0.201674 0.758108 0.025222 0.018754
0 0.275787 0.886144 0.028918 0.020078
0 0.301145 0.631324 0.025524 0.018050
0 0.263128 0.677707 0.027212 0.020798
0 0.525265 0.761574 0.025886 0.018046
0 0.552516 0.611421 0.025006 0.017398
0 0.271371 0.538772 0.029550 0.020273
0 0.171951 0.556299 0.024528 0.019084
0 0.017655 0.637631 0.020919 0.015618
0 0.041752 0.566540 0.027470 0.020299
1 0.713652 0.669375 0.040733 0.039545
0 0.436209 0.446095 0.017378 0.012990
0 0.052309 0.661696 0.025526 0.018080
0 0.273928 0.410160 0.016471 0.013743
0 0.285441 0.796940 0.027716 0.019174
0 0.386020 0.447049 0.020503 0.014917
0 0.168697 0.762704 0.029869 0.019162
0 0.293658 0.659179 0.019920 0.013542
0 0.458427 0.822688 0.026090 0.018113
0 0.584844 0.576137 0.021961 0.016834
0 0.644931 0.862252 0.035365 0.021990
0 0.364845 0.376187 0.016506 0.012166
0 0.213221 0.492168 0.029889 0.020346
0 0.356275 0.433688 0.016769 0.012535
0 0.541943 0.789868 0.026376 0.018265
0 0.487498 0.382619 0.022919 0.016144
0 0.104025 0.903747 0.017599 0.012647
0 0.423221 0.514295 0.030873 0.024932
0 0.744444 0.595453 0.017348 0.013250
0 0.093448 0.668190 0.016227 0.013393
0 0.587112 0.435020 0.014985 0.012296
0 0.229448 0.520895 0.018519 0.013732
0 0.755282 0.654582 0.022203 0.017145
0 0.254205 0.516216 0.021103 0.014675
0 0.463042 0.925910 0.026462 0.018679
0 0.196363 0.688536 0.026709 0.020100
0 0.672013 0.674206 0.022871 0.015913
0 0.623517 0.729083 0.033991 0.023213
0 0.160804 0.677199 0.038626 0.023105
0 0.479880 0.949482 0.027156 0.019482
1 0.577197 0.969618 0.037037 0.017361