0 0.463613 0.347346 0.017569 0.013635
0 0.632184 0.489982 0.019320 0.014605
0 0.274014 0.553400 0.024361 0.018267
0 0.304478 0.426520 0.015425 0.011402
0 0.660231 0.502851 0.021014 0.015632
0 0.527701 0.560650 0.020573 0.015245
0 0.311877 0.473508 0.018219 0.014391
0 0.515510 0.326923 0.018359 0.014617
0 0.453898 0.589677 0.024521 0.018709
0 0.347042 0.555098 0.021431 0.018065
0 0.378993 0.539680 0.018040 0.013659
0 0.352830 0.487165 0.016464 0.013081
0 0.689590 0.433708 0.018276 0.013849
1 0.394240 0.284876 0.067580 0.043550
0 0.603154 0.477428 0.017979 0.013402
0 0.273201 0.437196 0.016763 0.012993
0 0.598694 0.565790 0.025679 0.019452
0 0.301913 0.541937 0.018582 0.014308
0 0.672269 0.230551 0.017521 0.014818
0 0.303771 0.458963 0.015774 0.010946
0 0.433863 0.533157 0.020121 0.015809
0 0.225777 0.488582 0.018017 0.012965
0 0.465538 0.264078 0.018285 0.014908
1 0.418603 0.155179 0.050258 0.036656
0 0.166877 0.502836 0.017371 0.012980
0 0.419297 0.329619 0.015385 0.011376
0 0.567524 0.423300 0.015067 0.012622
0 0.624402 0.389585 0.014615 0.011451
0 0.435037 0.386693 0.019365 0.017605
0 0.676329 0.395940 0.019007 0.015403
0 0.172979 0.479764 0.015078 0.011548
0 0.461541 0.461210 0.015409 0.011743
0 0.524980 0.211548 0.013240 0.012321
0 0.529516 0.388515 0.015109 0.011805
0 0.575050 0.183272 0.015906 0.013437
0 0.303745 0.307327 0.016441 0.012636
0 0.308594 0.592162 0.020368 0.015350
0 0.558353 0.592293 0.030001 0.021443
1 0.211958 0.254718 0.044205 0.034803
0 0.164803 0.407765 0.017048 0.014857
0 0.144452 0.314391 0.017782 0.014929
0 0.631940 0.169624 0.018304 0.013948
0 0.187740 0.424618 0.013270 0.009696
0 0.484569 0.378392 0.014781 0.011355
0 0.284589 0.480234 0.014006 0.010945
1 0.415316 0.445469 0.051085 0.038607
0 0.633710 0.412086 0.019241 0.015905
0 0.498622 0.544583 0.019155 0.014805
0 0.531238 0.252078 0.015996 0.015057
0 0.404540 0.460228 0.016192 0.012153
0 0.624865 0.339056 0.017829 0.016847
0 0.241802 0.433253 0.013435 0.010178
0 0.650428 0.302363 0.015555 0.012647
0 0.622236 0.357138 0.017562 0.016883
0 0.700039 0.257934 0.013547 0.012210
0 0.454196 0.618841 0.024775 0.018185
0 0.621107 0.362447 0.015327 0.012995
0 0.210724 0.448747 0.014244 0.011990
0 0.559017 0.486049 0.019392 0.015094
0 0.434289 0.324683 0.016988 0.013577
0 0.209533 0.538370 0.018586 0.014188
0 0.367067 0.351007 0.014038 0.010587
0 0.307847 0.467216 0.019628 0.023058
0 0.472484 0.244765 0.018842 0.011605