0 0.494207 0.369769 0.017899 0.015586
0 0.585338 0.355336 0.018278 0.014637
0 0.120170 0.303950 0.021281 0.016869
0 0.091453 0.285042 0.020864 0.015746
0 0.656989 0.447215 0.022694 0.016720
0 0.491127 0.424248 0.022634 0.017515
0 0.399994 0.123040 0.017400 0.014359
0 0.319591 0.409671 0.019540 0.015372
0 0.436910 0.357488 0.020336 0.015849
0 0.685123 0.192809 0.019024 0.015194
0 0.452902 0.498978 0.022848 0.016795
0 0.190856 0.361905 0.022996 0.019508
0 0.282429 0.376570 0.019860 0.013821
0 0.539323 0.401837 0.015679 0.012481
0 0.171699 0.444801 0.030340 0.023407
0 0.528633 0.096319 0.021242 0.017000
0 0.242081 0.284361 0.019334 0.015767
0 0.179151 0.160719 0.017326 0.014832
0 0.199076 0.108960 0.016919 0.014806
0 0.432887 0.136036 0.015651 0.012753
0 0.713919 0.417399 0.015671 0.011838
0 0.294488 0.442201 0.018550 0.014359
0 0.074311 0.322616 0.023047 0.016413
0 0.428981 0.466947 0.019889 0.016388
0 0.532296 0.266603 0.016848 0.014012
0 0.270171 0.185468 0.022728 0.014969
0 0.418644 0.402777 0.020991 0.018630
0 0.368067 0.192505 0.019658 0.016259
0 0.348800 0.502897 0.030182 0.023432
0 0.159884 0.313553 0.017344 0.013297
0 0.348937 0.168060 0.013733 0.010099
0 0.321922 0.499870 0.030129 0.021530
0 0.467176 0.323221 0.015329 0.012776
0 0.514541 0.163596 0.023013 0.017208
0 0.377965 0.454307 0.019939 0.014912
0 0.041871 0.309947 0.021303 0.015767
0 0.357381 0.331807 0.021141 0.019452
0 0.357069 0.145113 0.016170 0.013940
0 0.448545 0.117743 0.015787 0.012615
0 0.608300 0.293158 0.015126 0.012268
0 0.310194 0.228455 0.017311 0.014110
0 0.085564 0.214519 0.015127 0.011254
0 0.206269 0.324365 0.018967 0.015157
0 0.304635 0.341272 0.015923 0.012192
0 0.415532 0.438789 0.021019 0.015498
0 0.114422 0.254467 0.015776 0.012849
0 0.323540 0.178323 0.015219 0.011852
0 0.393150 0.210497 0.015473 0.012483
0 0.527122 0.460753 0.018692 0.015611
0 0.588320 0.212009 0.013808 0.011679
0 0.449427 0.436375 0.017589 0.014878
0 0.509863 0.257302 0.019800 0.014821
0 0.385757 0.475188 0.019086 0.015101
0 0.321813 0.444998 0.020864 0.015845
0 0.603219 0.313924 0.016544 0.012780
0 0.397804 0.162640 0.015625 0.012818
0 0.027059 0.249125 0.015347 0.012139
0 0.549957 0.258198 0.016660 0.011646
0 0.498739 0.488291 0.018312 0.015662
0 0.361207 0.261538 0.014146 0.012641
0 0.301395 0.400295 0.015843 0.012720
0 0.289583 0.217652 0.016075 0.013036
0 0.328399 0.349297 0.017713 0.013455
0 0.707966 0.396739 0.018598 0.012869
0 0.593453 0.231498 0.013115 0.010205
0 0.069651 0.353381 0.022005 0.015037
0 0.634120 0.422942 0.016884 0.012888
0 0.405871 0.238043 0.017479 0.014354
0 0.436071 0.273642 0.012932 0.010700