0 0.789555 0.492764 0.016609 0.012632
0 0.390251 0.443884 0.015973 0.012274
0 0.678665 0.535565 0.016254 0.012473
0 0.611758 0.666672 0.017600 0.013667
0 0.325149 0.494962 0.020203 0.016068
0 0.623897 0.557312 0.013709 0.010801
0 0.360188 0.448100 0.017624 0.013406
0 0.617138 0.521823 0.013431 0.010536
0 0.567572 0.157932 0.013504 0.010953
0 0.379010 0.254817 0.017962 0.013452
0 0.388170 0.343702 0.016615 0.012271
0 0.587981 0.501795 0.017569 0.012728
0 0.703629 0.258314 0.014580 0.010011
0 0.315474 0.559265 0.015229 0.011987
0 0.472589 0.199608 0.015622 0.012371
0 0.403555 0.642472 0.014686 0.011196
0 0.392259 0.591232 0.013315 0.011126
0 0.808459 0.537074 0.018920 0.013500
0 0.549936 0.216354 0.012967 0.010494
0 0.414343 0.496574 0.015826 0.011484
0 0.542095 0.703119 0.019063 0.014230
0 0.432431 0.607236 0.012185 0.009755
0 0.590784 0.383030 0.015218 0.011646
0 0.757946 0.334138 0.013870 0.010742
0 0.458060 0.488812 0.013690 0.010569
0 0.745643 0.450254 0.014195 0.010945
0 0.393671 0.505319 0.016525 0.011944
0 0.476614 0.686222 0.022869 0.016359
0 0.436856 0.583943 0.011984 0.009469
0 0.708323 0.451838 0.015387 0.012032
0 0.517987 0.169706 0.013102 0.010880
0 0.470336 0.333584 0.015622 0.011624
0 0.643126 0.411302 0.017583 0.012431
0 0.417386 0.277254 0.018151 0.014666
0 0.742859 0.276405 0.014178 0.010757
0 0.539274 0.623712 0.012289 0.009296
0 0.423370 0.474604 0.016007 0.011344
0 0.611533 0.284769 0.013936 0.010363
0 0.253728 0.489075 0.020677 0.014873
0 0.464311 0.399694 0.015833 0.011044
0 0.589681 0.477659 0.017013 0.012469
0 0.181082 0.366624 0.017003 0.011717
0 0.665510 0.299024 0.015304 0.012287
0 0.692095 0.231999 0.013469 0.010727
0 0.726134 0.615673 0.014797 0.011802
0 0.307369 0.273006 0.019029 0.014395
0 0.316891 0.448715 0.018592 0.014987
0 0.678093 0.342248 0.012149 0.009549
0 0.412614 0.359198 0.014252 0.010754
0 0.518520 0.549059 0.013990 0.010465
0 0.848610 0.296865 0.017705 0.013840
0 0.741629 0.213264 0.016370 0.013179
0 0.516220 0.214343 0.013115 0.010353
0 0.581241 0.339221 0.016682 0.011528
0 0.674383 0.404044 0.016142 0.012119
0 0.719318 0.400354 0.014893 0.011320
0 0.740759 0.566267 0.015695 0.014953
0 0.449274 0.376873 0.014167 0.011579
0 0.556025 0.295510 0.013182 0.009333
0 0.548638 0.658713 0.014374 0.011251
0 0.765875 0.431948 0.016031 0.011746
0 0.535437 0.235960 0.012792 0.009968
0 0.597373 0.322814 0.012522 0.009571
0 0.696800 0.649283 0.016913 0.012846
0 0.285240 0.568198 0.013562 0.010824
0 0.719127 0.369620 0.014715 0.010833
0 0.448471 0.333224 0.012781 0.009237
0 0.209510 0.378880 0.018867 0.015489
0 0.560873 0.523184 0.017903 0.012687
0 0.640450 0.683751 0.015964 0.012289
0 0.769061 0.296326 0.020307 0.015311
0 0.593880 0.574042 0.011711 0.009170
0 0.385815 0.302966 0.014208 0.010354
0 0.839981 0.461335 0.012643 0.009983
0 0.631409 0.234785 0.015598 0.013464
0 0.675867 0.563485 0.018356 0.011941
0 0.567048 0.568467 0.014299 0.011343
0 0.298522 0.597703 0.016596 0.011955
0 0.382007 0.406177 0.014474 0.010627
0 0.443452 0.440632 0.016177 0.012749
0 0.540873 0.356826 0.014773 0.012245
0 0.623683 0.259045 0.017096 0.013999
0 0.419837 0.561293 0.011682 0.008281
0 0.447819 0.521867 0.014142 0.010672
0 0.696367 0.678811 0.015529 0.012071
0 0.244492 0.584873 0.016480 0.012897
0 0.600854 0.690508 0.019074 0.012620
0 0.810089 0.300576 0.016218 0.014386
0 0.589388 0.534959 0.016315 0.011414
0 0.508238 0.627265 0.012378 0.010578
0 0.642062 0.159279 0.014709 0.011411
0 0.389481 0.617351 0.014086 0.009729
0 0.551278 0.546186 0.013673 0.009922
0 0.506685 0.325853 0.014802 0.010088
0 0.576876 0.250065 0.018169 0.015080
0 0.366867 0.285494 0.020324 0.012610
0 0.504317 0.243289 0.017715 0.014517
0 0.364216 0.238314 0.021475 0.013868
0 0.729211 0.193712 0.016815 0.013066
0 0.781765 0.605792 0.016870 0.013104
0 0.532724 0.283873 0.015496 0.012094
0 0.834107 0.486094 0.013682 0.010530
0 0.700255 0.581664 0.012544 0.009993
0 0.561689 0.386483 0.016718 0.013857
0 0.357215 0.590247 0.013541 0.011862
0 0.320971 0.196541 0.015532 0.011838
0 0.308243 0.245463 0.023254 0.016455
0 0.484270 0.430549 0.016060 0.012129
0 0.433558 0.315587 0.016714 0.011635
0 0.155181 0.397156 0.018068 0.013749
0 0.453731 0.595449 0.012305 0.008938
0 0.435761 0.356882 0.012678 0.009345
0 0.584523 0.223512 0.012577 0.010036
0 0.655628 0.176113 0.012665 0.009868
0 0.417290 0.403182 0.014750 0.010344
0 0.317502 0.619922 0.018833 0.014570
0 0.297059 0.193639 0.014887 0.013015
0 0.339465 0.358010 0.016107 0.012063
0 0.780522 0.461522 0.014337 0.011821
0 0.764032 0.238033 0.016292 0.012451
0 0.483745 0.225485 0.013793 0.009755
0 0.339524 0.249080 0.017639 0.013805
0 0.585315 0.287917 0.014169 0.011376
0 0.829726 0.407595 0.010477 0.007740
0 0.683867 0.279834 0.014230 0.013701
0 0.594156 0.270577 0.014348 0.010955
0 0.360092 0.358434 0.016168 0.013627
0 0.184166 0.383829 0.014290 0.011294
0 0.660154 0.317826 0.012341 0.009113
0 0.729859 0.348810 0.016513 0.012048
0 0.379223 0.688332 0.017965 0.014421
0 0.176603 0.422058 0.015821 0.012348
0 0.533939 0.190726 0.017442 0.012513
0 0.408246 0.709838 0.018226 0.013706
0 0.749175 0.352889 0.013890 0.010184
0 0.478570 0.444556 0.015427 0.012109
0 0.600520 0.168231 0.013320 0.010725
0 0.526359 0.683552 0.018312 0.013912
0 0.423575 0.432074 0.015489 0.013106
0 0.686374 0.423541 0.014971 0.011363
0 0.642691 0.354550 0.012244 0.010054
0 0.641218 0.532978 0.013745 0.010313
0 0.842148 0.421316 0.011063 0.007761
0 0.760649 0.391848 0.012859 0.008961
0 0.532408 0.325969 0.016594 0.010102
0 0.513281 0.292649 0.017011 0.012024
0 0.829385 0.440698 0.011689 0.008733
0 0.768463 0.258697 0.018247 0.014519
0 0.297980 0.623146 0.015762 0.010968
0 0.807899 0.257899 0.022339 0.014752
0 0.626729 0.302151 0.013707 0.013226
0 0.832295 0.337661 0.012228 0.009625
0 0.377565 0.544457 0.015625 0.012006
0 0.341286 0.647201 0.014607 0.012027
0 0.523101 0.142357 0.017788 0.011722
0 0.691046 0.609889 0.014837 0.009350
0 0.548098 0.596628 0.012409 0.009204
0 0.461742 0.649153 0.013044 0.010673
0 0.862195 0.309865 0.017772 0.013924
0 0.363729 0.623152 0.013966 0.011687
0 0.369401 0.373052 0.014142 0.010664
0 0.765138 0.585779 0.024956 0.011902
0 0.699039 0.200136 0.015043 0.011603
0 0.856994 0.430683 0.011482 0.008985
0 0.568930 0.358754 0.013492 0.009985
0 0.397041 0.375392 0.013819 0.011023
0 0.153580 0.426202 0.016890 0.012372
0 0.493962 0.279746 0.018076 0.012640
0 0.699615 0.634912 0.014105 0.010586
0 0.614726 0.594495 0.013027 0.013185
0 0.519120 0.363074 0.012826 0.009833
0 0.420771 0.658417 0.014637 0.010301
0 0.134243 0.409702 0.017264 0.013764
0 0.837300 0.528179 0.018366 0.011683
0 0.330632 0.579752 0.016197 0.011581
0 0.451020 0.627559 0.015063 0.009601
0 0.581548 0.636101 0.011257 0.008506
0 0.490227 0.410612 0.014561 0.011209
0 0.338446 0.638315 0.013913 0.013379
0 0.648965 0.377101 0.016611 0.009692
0 0.563486 0.590731 0.012264 0.009703
0 0.393722 0.150148 0.015814 0.012552
0 0.337334 0.604073 0.015990 0.012526
0 0.690178 0.182243 0.016536 0.013309
0 0.696715 0.328622 0.016088 0.011446
0 0.797879 0.416639 0.013037 0.010954
0 0.413362 0.315577 0.016307 0.012320
0 0.437108 0.660408 0.014757 0.010642
0 0.706242 0.332898 0.016759 0.012742
0 0.516483 0.571472 0.013727 0.011090
0 0.702218 0.608779 0.017793 0.009866
0 0.476426 0.612991 0.010775 0.008612
0 0.585130 0.598862 0.011413 0.008775
0 0.838153 0.271958 0.020108 0.014339
0 0.529482 0.259305 0.017393 0.013823
0 0.347154 0.561852 0.016321 0.011878
0 0.456643 0.541922 0.017602 0.011636
0 0.351154 0.412550 0.013412 0.010428
0 0.264926 0.233490 0.024720 0.013694
0 0.433883 0.403016 0.014067 0.009426
0 0.394931 0.326093 0.014256 0.010054
0 0.491017 0.654460 0.020506 0.013398
0 0.481698 0.557351 0.014186 0.010414
0 0.465586 0.627692 0.014658 0.009659
0 0.647905 0.554137 0.014012 0.011364
0 0.857423 0.389062 0.014379 0.009588
0 0.529360 0.298901 0.013693 0.010656
1 0.275814 0.647727 0.045830 0.030166
0 0.701716 0.330495 0.021379 0.012885
0 0.563021 0.374241 0.015818 0.013932
0 0.666546 0.579269 0.014854 0.009374
0 0.483243 0.588583 0.013724 0.011081
0 0.463649 0.664737 0.014104 0.011897
0 0.517125 0.590184 0.013342 0.010841
0 0.838634 0.377800 0.011970 0.008595
0 0.627857 0.698398 0.019375 0.012637
0 0.404494 0.537767 0.014974 0.012606
0 0.645318 0.595548 0.012481 0.013710
0 0.819545 0.275709 0.017912 0.012334
0 0.590886 0.456159 0.014071 0.011585
0 0.801427 0.427056 0.011432 0.009940
0 0.507202 0.640163 0.011402 0.010224
0 0.870388 0.450271 0.013330 0.010412
0 0.619255 0.636996 0.012675 0.009364
0 0.480552 0.353266 0.014919 0.009435
0 0.589167 0.165162 0.014278 0.011289
0 0.635525 0.313860 0.013826 0.008138
0 0.435146 0.531178 0.014645 0.009706
0 0.193442 0.448659 0.014370 0.011971
0 0.685616 0.383987 0.013160 0.010821
0 0.473055 0.546025 0.017155 0.011154
0 0.171756 0.471508 0.015211 0.010482
0 0.535647 0.645457 0.011915 0.009404
0 0.625422 0.311139 0.019338 0.011066
0 0.157042 0.458208 0.016085 0.013996
0 0.387759 0.389988 0.013669 0.011702
0 0.566914 0.364174 0.013609 0.015052
0 0.488053 0.591302 0.016693 0.010123
0 0.777114 0.392057 0.015194 0.008832
0 0.517106 0.662078 0.015801 0.011478
0 0.688098 0.370914 0.012852 0.008848
0 0.569883 0.278578 0.014714 0.011235
0 0.591444 0.275663 0.015038 0.019545
0 0.703557 0.373058 0.013664 0.010845
0 0.363874 0.565661 0.012022 0.010280