0 0.687924 0.470579 0.014331 0.010988
0 0.420890 0.356600 0.015845 0.011238
0 0.677051 0.748406 0.017417 0.011886
0 0.475610 0.335461 0.018290 0.012571
0 0.555618 0.258835 0.014036 0.011087
0 0.527015 0.434419 0.017395 0.012110
0 0.744926 0.586213 0.014267 0.009914
0 0.563536 0.435131 0.015292 0.010381
0 0.505665 0.705523 0.016795 0.009885
0 0.655519 0.490977 0.015932 0.010705
0 0.709442 0.349499 0.015955 0.010815
0 0.614794 0.276118 0.016900 0.011281
1 0.762510 0.322850 0.048331 0.035423
0 0.479629 0.694129 0.016821 0.011418
0 0.721140 0.516235 0.013354 0.009877
0 0.436711 0.274560 0.016261 0.011693
0 0.345009 0.527798 0.016313 0.010740
0 0.525942 0.719249 0.013891 0.009738
1 0.217148 0.501382 0.046796 0.034382
0 0.577583 0.740206 0.014868 0.009208
0 0.805537 0.666779 0.014916 0.010160
0 0.361659 0.683318 0.013318 0.009382
0 0.276356 0.533291 0.014585 0.009838
0 0.545567 0.398837 0.014897 0.010174
0 0.850326 0.531325 0.012352 0.008552
0 0.789566 0.345246 0.014187 0.009540
0 0.659288 0.653568 0.014063 0.009239
0 0.514001 0.400530 0.014177 0.010179
1 0.567692 0.616219 0.063421 0.036191
0 0.533089 0.488304 0.015045 0.009992
0 0.571100 0.461706 0.018014 0.015088
0 0.462568 0.278123 0.016039 0.011776
0 0.720830 0.433246 0.015967 0.010140
0 0.757050 0.397523 0.015917 0.011085
0 0.634562 0.365653 0.017075 0.010724
0 0.557000 0.326091 0.017007 0.011181
0 0.500701 0.309033 0.021402 0.014719
0 0.750528 0.547011 0.012635 0.009535
0 0.504792 0.445089 0.015800 0.012253
0 0.657211 0.596236 0.015288 0.009594
0 0.405023 0.557037 0.013074 0.008503
0 0.546830 0.779108 0.020197 0.014868
0 0.750161 0.378593 0.016182 0.011566
0 0.687090 0.681252 0.013222 0.008629
0 0.442406 0.351616 0.015882 0.011291
0 0.577458 0.535064 0.014183 0.009526
0 0.802952 0.425476 0.014967 0.010888
0 0.246989 0.352423 0.015539 0.010151
0 0.651307 0.329233 0.016381 0.010908
0 0.667437 0.360378 0.014943 0.011042
0 0.726532 0.389808 0.014642 0.009817
0 0.693558 0.376016 0.014932 0.009935
0 0.718832 0.367587 0.013990 0.009442
0 0.707116 0.273062 0.016711 0.013776
0 0.554622 0.721048 0.013714 0.008895
0 0.777205 0.655332 0.015254 0.011359
0 0.460505 0.459054 0.016108 0.012138
0 0.655410 0.515178 0.013997 0.009325
0 0.701070 0.734713 0.013990 0.011171
0 0.614148 0.583575 0.016250 0.010674
0 0.685608 0.716385 0.013122 0.008503
0 0.349123 0.638221 0.013351 0.008055
0 0.263764 0.325681 0.016610 0.010948
0 0.648532 0.760999 0.014312 0.010301
0 0.671637 0.699012 0.013016 0.008789
0 0.603135 0.316696 0.016563 0.010959
0 0.691975 0.426855 0.015667 0.011095
0 0.888800 0.396697 0.016340 0.012614
0 0.726050 0.674718 0.015505 0.009407
0 0.745518 0.676153 0.015076 0.009078
1 0.572747 0.562728 0.038313 0.029615
0 0.487260 0.491714 0.016249 0.012285
0 0.518656 0.516506 0.014925 0.010210
0 0.788328 0.459051 0.012816 0.009314
1 0.290064 0.711244 0.050079 0.028937
0 0.788870 0.365653 0.015193 0.008728
0 0.622299 0.521813 0.013900 0.011526
0 0.601896 0.761354 0.017075 0.012735
0 0.535697 0.366416 0.015001 0.009617
0 0.266432 0.602874 0.013318 0.008859
0 0.255902 0.510841 0.014681 0.009288
0 0.729383 0.531829 0.015432 0.009636
0 0.851648 0.363944 0.017717 0.012096
0 0.654354 0.283621 0.014864 0.010807
0 0.221914 0.559072 0.013843 0.009194
0 0.560558 0.697463 0.016609 0.011247
0 0.636121 0.545407 0.015307 0.009483
0 0.664841 0.633504 0.012368 0.007255
0 0.664069 0.612245 0.013706 0.009155
0 0.715243 0.653781 0.012315 0.007466
0 0.369918 0.331365 0.016151 0.011295
0 0.594475 0.691587 0.014214 0.010732
0 0.558684 0.229694 0.014855 0.010328
0 0.817602 0.510936 0.009389 0.007821
0 0.627784 0.403847 0.016545 0.011526
0 0.560402 0.509244 0.017031 0.010793
0 0.477456 0.427904 0.019705 0.011922
0 0.845679 0.553395 0.013267 0.008263
0 0.228829 0.387610 0.014482 0.010175
0 0.393427 0.249121 0.018371 0.014076
0 0.632327 0.695607 0.013901 0.009015
0 0.483861 0.646995 0.015148 0.011687
0 0.756315 0.566928 0.012446 0.008942
0 0.731695 0.704949 0.015042 0.010032
0 0.290009 0.617114 0.013872 0.009144
0 0.639319 0.560732 0.013992 0.008858
0 0.412998 0.335228 0.015796 0.011112
0 0.298489 0.640751 0.013230 0.007394
0 0.552640 0.591049 0.014524 0.009697
0 0.504080 0.350586 0.015784 0.012383
0 0.341429 0.581263 0.016261 0.011590
0 0.661748 0.260173 0.014543 0.010444
0 0.542217 0.311689 0.015320 0.014232
1 0.588122 0.787044 0.041517 0.032527
0 0.751583 0.347419 0.012894 0.008515
0 0.511319 0.502243 0.014258 0.010526
0 0.734805 0.731733 0.016785 0.010542
0 0.547834 0.290089 0.016997 0.010711
0 0.610672 0.389675 0.015840 0.010916
0 0.249811 0.554410 0.017209 0.010008
0 0.648442 0.416454 0.015771 0.010629
0 0.593562 0.241676 0.016670 0.011515
0 0.601247 0.354755 0.019401 0.015161
0 0.519867 0.759539 0.017377 0.012678
0 0.502099 0.551703 0.013114 0.009015
0 0.416496 0.532747 0.014803 0.010857
0 0.852080 0.415628 0.015733 0.010667
0 0.522538 0.538260 0.015950 0.009575
0 0.295570 0.518617 0.013445 0.009568
0 0.664152 0.395465 0.018874 0.011343
0 0.333668 0.278490 0.017316 0.011460
0 0.847679 0.595193 0.012967 0.008147
0 0.715019 0.753925 0.016303 0.010191
0 0.680265 0.555121 0.012834 0.008852
0 0.687770 0.630894 0.013481 0.008034
0 0.835925 0.376561 0.015242 0.010189
0 0.210065 0.530781 0.013382 0.009249
0 0.814162 0.368651 0.014438 0.010041
0 0.580091 0.389513 0.020100 0.013186
0 0.515692 0.464517 0.013211 0.009131
0 0.853266 0.483146 0.013437 0.009109
0 0.630829 0.447350 0.015184 0.009083
0 0.332377 0.406026 0.016044 0.012091
0 0.686144 0.299525 0.015926 0.012516
0 0.718317 0.717298 0.013871 0.009027
0 0.482457 0.620648 0.016548 0.010799
0 0.394247 0.270878 0.015466 0.010300
0 0.828644 0.542170 0.014538 0.008727
0 0.464612 0.506956 0.015200 0.009311
0 0.833751 0.573991 0.013939 0.010261
0 0.386789 0.348370 0.015736 0.010494
0 0.589088 0.433570 0.015414 0.010524
0 0.370139 0.705847 0.012089 0.008673
0 0.641310 0.465383 0.014994 0.012869
0 0.638035 0.338745 0.014691 0.008396
0 0.587114 0.595802 0.012414 0.007542
0 0.785616 0.510708 0.014635 0.009986
0 0.636838 0.721345 0.012918 0.008000
0 0.185678 0.534349 0.013087 0.009745
0 0.817995 0.348582 0.013450 0.011210
0 0.486044 0.567267 0.015623 0.011119
0 0.208986 0.342428 0.019582 0.012941
0 0.356215 0.603693 0.012969 0.008307
0 0.630457 0.776573 0.017484 0.009559
0 0.672568 0.426568 0.015711 0.013513
0 0.693684 0.649262 0.014240 0.009047
0 0.723989 0.598506 0.012595 0.007905
0 0.249534 0.569986 0.015621 0.008991
0 0.561159 0.734328 0.015648 0.007666
0 0.448780 0.321283 0.018198 0.011006
0 0.267644 0.654130 0.017428 0.011171
0 0.646679 0.314808 0.014825 0.010488
0 0.827231 0.401322 0.013774 0.008143
0 0.685051 0.664847 0.011412 0.008254
0 0.351897 0.266238 0.016863 0.011170
0 0.803158 0.484645 0.014412 0.009676
0 0.613228 0.535315 0.013501 0.008370
0 0.553615 0.484758 0.014892 0.008915
0 0.595421 0.301351 0.014068 0.010216
0 0.722441 0.489904 0.012221 0.008044
0 0.264452 0.621624 0.012837 0.008748
0 0.617591 0.490269 0.015158 0.009680
0 0.442350 0.322822 0.019965 0.012069
0 0.814529 0.557562 0.011722 0.008165
0 0.531539 0.640676 0.018880 0.011302
0 0.639039 0.733872 0.017585 0.008697
0 0.454239 0.388794 0.014968 0.010586
0 0.535184 0.456645 0.014407 0.009023
0 0.539003 0.340001 0.016558 0.009702
0 0.555279 0.364572 0.014384 0.010765
0 0.612370 0.467993 0.017273 0.011123
0 0.506942 0.336924 0.016858 0.011692
0 0.824066 0.484732 0.013852 0.008733
0 0.275908 0.372060 0.017454 0.014596
0 0.415324 0.578267 0.015421 0.009804
0 0.606712 0.617682 0.012290 0.007766
0 0.674473 0.512683 0.014336 0.013333
0 0.583953 0.273035 0.015442 0.011782
0 0.491776 0.511063 0.015282 0.008444
0 0.252829 0.571770 0.012490 0.007874
0 0.170685 0.489020 0.014842 0.010967
0 0.380322 0.578411 0.014680 0.009917
0 0.637218 0.618122 0.013139 0.011313
0 0.617774 0.419982 0.014590 0.010185
0 0.876506 0.573669 0.012465 0.008909
0 0.685953 0.578403 0.014786 0.009795
0 0.804903 0.445555 0.015337 0.010411
0 0.630849 0.734350 0.015851 0.009948
0 0.684589 0.762802 0.014012 0.007991
0 0.374210 0.376670 0.017399 0.013538
0 0.707388 0.625362 0.011829 0.007712
0 0.386798 0.624269 0.016885 0.013120
0 0.370479 0.368861 0.017750 0.013312
0 0.751308 0.527990 0.014562 0.008497
0 0.845902 0.515759 0.011866 0.009045
0 0.548811 0.650535 0.016681 0.011288
0 0.879608 0.429402 0.015295 0.009865
0 0.708355 0.570500 0.016087 0.008607
0 0.672132 0.571379 0.012211 0.009145
0 0.627014 0.655665 0.018098 0.009045
0 0.804141 0.524916 0.014223 0.008381
0 0.207086 0.358857 0.019167 0.010481
0 0.371370 0.552086 0.012091 0.007327
0 0.601403 0.645094 0.011543 0.007902
0 0.767379 0.497645 0.012758 0.008919
0 0.895575 0.418706 0.015249 0.011832
0 0.839608 0.435381 0.015379 0.012447
0 0.601196 0.665243 0.012138 0.010378
0 0.404739 0.298426 0.019738 0.010383
0 0.481136 0.285831 0.013308 0.009533
0 0.620401 0.639952 0.012230 0.007988
0 0.764790 0.599479 0.012292 0.009604
0 0.559542 0.278433 0.014624 0.012301
0 0.716102 0.567458 0.016167 0.011604
0 0.534719 0.211826 0.016152 0.011044
0 0.638246 0.659517 0.012848 0.008016
0 0.324070 0.660286 0.015198 0.013922
0 0.304268 0.396762 0.018016 0.013284
0 0.591443 0.382684 0.016272 0.012578
0 0.675918 0.292350 0.019678 0.010782
0 0.596415 0.493147 0.014075 0.009920
0 0.552752 0.529802 0.013738 0.012440
0 0.593236 0.452026 0.013892 0.009180
0 0.344212 0.708450 0.012568 0.009064
0 0.200410 0.359259 0.023374 0.013247
0 0.777639 0.574389 0.019050 0.009301
0 0.893858 0.527271 0.012089 0.007991
0 0.578478 0.504523 0.012629 0.007695
0 0.762755 0.603459 0.013573 0.009920
0 0.440763 0.236930 0.015567 0.012908
0 0.760130 0.623864 0.024349 0.014276
0 0.752485 0.424670 0.017381 0.011449
0 0.578821 0.670713 0.012890 0.007378
0 0.325083 0.261984 0.020179 0.014911
0 0.594947 0.577365 0.019875 0.008605
0 0.816246 0.443757 0.016856 0.011710
0 0.503814 0.345549 0.016811 0.013944
0 0.307572 0.564548 0.014039 0.010505
0 0.276990 0.494221 0.016930 0.010251
0 0.168605 0.574289 0.012920 0.008398
0 0.150517 0.578811 0.019811 0.009690
0 0.148363 0.558463 0.015504 0.015504
0 0.134582 0.544897 0.018949 0.009044
0 0.127692 0.521318 0.013781 0.010982
0 0.446229 0.537439 0.007875 0.004799
0 0.481420 0.522120 0.005414 0.004430
0 0.384705 0.536147 0.010828 0.007383
0 0.446721 0.580997 0.010828 0.009967
0 0.456811 0.586904 0.005414 0.006275
0 0.418420 0.608683 0.012305 0.005537
0 0.374862 0.597424 0.009844 0.005906
0 0.360588 0.592072 0.006891 0.008490
0 0.349268 0.594102 0.009844 0.005168
0 0.334502 0.598347 0.012797 0.005537
0 0.334256 0.604622 0.008367 0.005537
0 0.322690 0.594656 0.009844 0.006275
0 0.307186 0.600193 0.010336 0.004061
0 0.321213 0.612928 0.006891 0.005906
0 0.300295 0.619757 0.011320 0.006275
0 0.278147 0.635999 0.005414 0.004799
0 0.272241 0.638029 0.011320 0.008859
0 0.465178 0.710900 0.007383 0.004430
0 0.450658 0.684691 0.010828 0.007383
0 0.460010 0.664204 0.007875 0.004061
0 0.355666 0.750213 0.010828 0.004061
0 0.422604 0.733602 0.009844 0.009228
0 0.501354 0.646485 0.013781 0.009228
0 0.516611 0.607541 0.011812 0.008121
0 0.518334 0.586684 0.008367 0.004799
0 0.618740 0.723266 0.007383 0.006275
0 0.598560 0.679154 0.008367 0.004430
0 0.712994 0.773654 0.008859 0.005168
0 0.724560 0.766086 0.008367 0.006275
0 0.790021 0.735448 0.007383 0.007752
0 0.796173 0.728065 0.006891 0.004799
0 0.796665 0.741723 0.009844 0.009228
0 0.465670 0.788235 0.006398 0.006275
0 0.476498 0.776607 0.010336 0.005168
0 0.463701 0.765533 0.008367 0.006645
0 0.308662 0.669741 0.011320 0.006275
0 0.318752 0.673986 0.010828 0.006645
0 0.260674 0.674355 0.007875 0.005168
0 0.211702 0.657928 0.008367 0.005537
0 0.216378 0.695027 0.008859 0.008859
0 0.580349 0.654975 0.011320 0.006275
0 0.599299 0.654791 0.006891 0.005168
0 0.645072 0.605326 0.006891 0.005906
0 0.713240 0.704071 0.007383 0.006275
0 0.648271 0.689305 0.009352 0.005537
0 0.651470 0.697980 0.011812 0.005906
0 0.450658 0.556675 0.011812 0.005537
0 0.507752 0.529543 0.011812 0.004430
0 0.532115 0.532680 0.010336 0.007014
0 0.466408 0.567564 0.008859 0.004430
0 0.478959 0.596357 0.010336 0.005168
0 0.439584 0.551322 0.006398 0.005906
0 0.656146 0.385838 0.012305 0.006645
0 0.654177 0.435118 0.010336 0.007014
0 0.648271 0.448038 0.010336 0.004799
0 0.618740 0.314778 0.008367 0.008490
0 0.611357 0.305734 0.008367 0.005168
0 0.540975 0.328731 0.008367 0.005537
0 0.523256 0.341466 0.005414 0.007383
0 0.447213 0.297354 0.016734 0.006275
0 0.419158 0.325224 0.007875 0.005168
0 0.442537 0.331684 0.011320 0.004799
0 0.381260 0.317841 0.008859 0.005906
0 0.436631 0.294031 0.010336 0.007752
0 0.312600 0.321902 0.007383 0.005906
0 0.305709 0.334637 0.007383 0.004061
0 0.328104 0.352725 0.004922 0.005537
0 0.335487 0.369705 0.011812 0.006275
0 0.340162 0.375796 0.009352 0.005906
0 0.352467 0.383917 0.011320 0.008859
0 0.366740 0.390192 0.011320 0.008859
0 0.289959 0.373581 0.007383 0.006645
0 0.251815 0.373950 0.005906 0.006645
0 0.241479 0.302153 0.007875 0.005537
0 0.224499 0.329838 0.009352 0.012182
0 0.585025 0.227402 0.007875 0.008121
0 0.598560 0.231278 0.008367 0.006275
0 0.632275 0.235892 0.012797 0.005906
0 0.639166 0.246966 0.013781 0.004430
0 0.631291 0.257302 0.010828 0.005168
0 0.610373 0.246043 0.011320 0.007752
0 0.567553 0.400788 0.012305 0.007014
0 0.815369 0.704994 0.009844 0.008859
0 0.843669 0.693550 0.009352 0.009598
0 0.884029 0.659405 0.009352 0.008490
0 0.877630 0.647039 0.005414 0.008859
0 0.895103 0.632458 0.006891 0.004799
0 0.891657 0.622676 0.006891 0.007383
0 0.881568 0.616216 0.008367 0.006275
0 0.885997 0.609571 0.008367 0.008490
0 0.891904 0.599235 0.008367 0.004799
0 0.882552 0.585762 0.007383 0.005906
0 0.872708 0.590560 0.007383 0.005906
0 0.845884 0.627844 0.010828 0.008859
0 0.916513 0.541171 0.009352 0.007752
0 0.892150 0.552429 0.011812 0.005168
0 0.915775 0.531942 0.009844 0.005537
0 0.908884 0.511455 0.008859 0.010336
0 0.895349 0.512378 0.006398 0.006275
0 0.927833 0.503149 0.010336 0.005537
0 0.912329 0.478417 0.011812 0.009967
0 0.887474 0.469373 0.004430 0.009598
0 0.881075 0.488384 0.012305 0.006275
0 0.869263 0.497981 0.006398 0.004799
0 0.857450 0.505364 0.007383 0.005537
0 0.850560 0.499642 0.008367 0.005906
0 0.842685 0.496689 0.006398 0.007383
0 0.837025 0.503149 0.010828 0.009228
0 0.797158 0.504626 0.004922 0.004799
0 0.886982 0.458852 0.009352 0.007752
0 0.907900 0.456822 0.005906 0.006645
0 0.914544 0.459037 0.008367 0.005168
0 0.906423 0.447963 0.011812 0.005906
0 0.901009 0.440949 0.006891 0.004430
0 0.888704 0.445933 0.014766 0.006275
0 0.810201 0.539140 0.011320 0.004430
0 0.763197 0.508133 0.011812 0.006645
0 0.759998 0.517361 0.014273 0.004430
0 0.821767 0.328396 0.005906 0.003322
0 0.832841 0.339286 0.012305 0.009598
0 0.854251 0.333010 0.007875 0.008121
0 0.808232 0.316953 0.006398 0.007014
0 0.773287 0.281700 0.016242 0.008121
0 0.688630 0.247924 0.015258 0.011443
0 0.646302 0.349622 0.006398 0.004430
0 0.654670 0.373247 0.009352 0.005906
0 0.613326 0.374723 0.009352 0.004430
0 0.807001 0.387458 0.012797 0.006275
0 0.824474 0.390596 0.011320 0.006645