0 0.694168 0.521671 0.016433 0.013070
0 0.225573 0.411804 0.017574 0.013487
0 0.712580 0.553166 0.019091 0.014938
0 0.358229 0.410380 0.019679 0.014587
0 0.436109 0.611114 0.017150 0.012484
0 0.160796 0.416772 0.016363 0.012776
0 0.393673 0.640408 0.014740 0.011959
0 0.173147 0.475130 0.018747 0.013540
0 0.221732 0.531143 0.019931 0.016577
0 0.129981 0.416966 0.017588 0.012767
0 0.590030 0.776069 0.017010 0.013089
0 0.204037 0.610619 0.013755 0.010656
1 0.493951 0.658467 0.048871 0.036037
0 0.586473 0.323565 0.014312 0.011827
1 0.403506 0.528598 0.046425 0.034386
1 0.634983 0.284345 0.049654 0.034867
0 0.505795 0.635402 0.014982 0.011718
0 0.185130 0.442429 0.016067 0.013718
0 0.308508 0.391975 0.019698 0.015288
0 0.669195 0.422971 0.015853 0.012548
0 0.548279 0.598545 0.014896 0.011668
0 0.263882 0.521901 0.016222 0.013239
0 0.170691 0.622997 0.017257 0.012302
0 0.118710 0.504698 0.017305 0.014258
0 0.574607 0.349551 0.014448 0.012032
0 0.684107 0.570484 0.019322 0.014012
0 0.465151 0.544099 0.014984 0.011219
0 0.281953 0.366008 0.018224 0.013899
0 0.291017 0.413032 0.022914 0.014966
0 0.548983 0.798022 0.025632 0.018627
0 0.578982 0.561962 0.016572 0.012514
0 0.264758 0.602783 0.014024 0.010992
0 0.103363 0.438143 0.017607 0.015535
0 0.469224 0.730668 0.014996 0.011694
0 0.455464 0.362025 0.014001 0.011302
0 0.759400 0.547985 0.014409 0.012015
0 0.227141 0.613955 0.012147 0.009716
0 0.247360 0.484739 0.014007 0.011384
0 0.366458 0.457724 0.019284 0.014597
0 0.279646 0.624301 0.014040 0.011580
0 0.259242 0.580162 0.018311 0.014493
0 0.496707 0.361889 0.014497 0.011879
0 0.567441 0.776558 0.017341 0.013022
0 0.775014 0.518640 0.017019 0.013204
0 0.204855 0.775501 0.015412 0.012206
0 0.795823 0.626305 0.014956 0.011543
0 0.204768 0.735556 0.013576 0.010004
0 0.638810 0.392103 0.015642 0.012277
0 0.716264 0.576268 0.014863 0.010891
0 0.301705 0.768441 0.020893 0.013786
0 0.380365 0.347724 0.015473 0.012315
0 0.690812 0.388890 0.013971 0.012049
0 0.415983 0.423306 0.016406 0.014254
0 0.240818 0.398532 0.014395 0.012827
0 0.509715 0.701971 0.018469 0.014349
0 0.288825 0.472331 0.014828 0.010614
0 0.343968 0.390087 0.012243 0.009385
0 0.339923 0.735340 0.014185 0.011675
0 0.577936 0.541741 0.015291 0.012057
0 0.277570 0.764739 0.015142 0.013878
0 0.183320 0.582741 0.020361 0.013556
0 0.688793 0.498715 0.014911 0.012454
0 0.358219 0.324965 0.016983 0.018872
0 0.551796 0.560241 0.015338 0.011148
0 0.355817 0.454953 0.021276 0.014045
0 0.478728 0.446183 0.019233 0.013551
0 0.159629 0.350725 0.013718 0.012727
0 0.235305 0.401739 0.018544 0.014791
0 0.577040 0.775663 0.032090 0.013859
0 0.477504 0.456758 0.017301 0.014320
0 0.524653 0.573828 0.016817 0.013230
0 0.548509 0.528529 0.014484 0.011073
0 0.735188 0.496073 0.014536 0.011759
0 0.419487 0.438756 0.021293 0.016593
0 0.295576 0.439591 0.017028 0.011917