0 0.466179 0.672946 0.013947 0.011307
0 0.531072 0.520209 0.013829 0.010155
0 0.398100 0.631969 0.015278 0.012439
0 0.518820 0.556783 0.014673 0.010821
0 0.396245 0.572521 0.012612 0.010171
0 0.328625 0.421560 0.010807 0.012963
0 0.152709 0.579410 0.012747 0.009663
0 0.257326 0.636301 0.013083 0.010559
0 0.500406 0.461613 0.014370 0.010543
0 0.252145 0.541394 0.014964 0.012160
0 0.265599 0.514370 0.013749 0.011069
0 0.301327 0.506876 0.013190 0.010997
0 0.310283 0.536777 0.013094 0.010442
0 0.318538 0.564464 0.014872 0.011483
0 0.332593 0.356095 0.013412 0.011057
0 0.502542 0.489144 0.014545 0.012276
0 0.623940 0.375863 0.015938 0.013658
0 0.298482 0.354106 0.016664 0.012333
0 0.552072 0.467649 0.014199 0.010381
0 0.220969 0.597796 0.013246 0.010298
0 0.489947 0.567357 0.015385 0.012623
0 0.345457 0.491807 0.014636 0.011630
0 0.560674 0.535964 0.013076 0.010249
0 0.305035 0.833375 0.015726 0.011497
0 0.387743 0.760285 0.011903 0.009486
0 0.508786 0.742601 0.012408 0.009673
1 0.139763 0.511261 0.051362 0.035179
0 0.437485 0.563038 0.013819 0.010351
0 0.258170 0.344669 0.014369 0.011845
0 0.256305 0.700197 0.013753 0.010513
0 0.381009 0.645267 0.012720 0.009395
0 0.219090 0.477543 0.016819 0.012498
0 0.209900 0.358907 0.015809 0.012800
0 0.334395 0.385003 0.012548 0.009655
0 0.504468 0.801334 0.013374 0.009693
0 0.281406 0.274893 0.017733 0.012761
0 0.197317 0.526792 0.011218 0.009221
0 0.577361 0.490713 0.014900 0.012270
0 0.335482 0.544288 0.015303 0.013086
0 0.660789 0.502686 0.018342 0.011990
0 0.431047 0.441021 0.014331 0.010827
0 0.179284 0.728921 0.012195 0.010029
1 0.531428 0.355045 0.047166 0.039543
0 0.429081 0.810520 0.013604 0.009985
0 0.193498 0.383723 0.018259 0.013186
0 0.076804 0.758220 0.014439 0.011255
0 0.439292 0.473634 0.013056 0.010997
0 0.402813 0.377186 0.017814 0.013720
0 0.360075 0.468204 0.017638 0.014764
0 0.377629 0.439913 0.017937 0.015172
0 0.288835 0.320465 0.017736 0.014349
0 0.534329 0.766639 0.012310 0.009636
1 0.657090 0.697225 0.051430 0.036979
0 0.105999 0.549749 0.013862 0.010268
0 0.291785 0.580668 0.012943 0.010912
0 0.331525 0.276541 0.016309 0.012800
0 0.189175 0.561190 0.019787 0.012549
0 0.416901 0.595174 0.013165 0.009586
0 0.460723 0.504274 0.018889 0.013724
0 0.399226 0.689286 0.012707 0.010610
0 0.113919 0.650272 0.013141 0.010558
0 0.380098 0.360859 0.013763 0.011159
0 0.365804 0.586040 0.012259 0.009820
0 0.385318 0.512488 0.012091 0.010304
0 0.486829 0.762883 0.012525 0.008609
0 0.377015 0.281837 0.012040 0.010199
0 0.345825 0.659486 0.013047 0.009722
0 0.576077 0.759947 0.013666 0.009983
0 0.617841 0.445550 0.015090 0.013103
0 0.258046 0.460220 0.011697 0.009738
0 0.074103 0.430737 0.016507 0.012717
0 0.117363 0.598186 0.011825 0.009366
0 0.658924 0.415877 0.020717 0.016748
0 0.039050 0.665883 0.011848 0.009790
0 0.588567 0.378549 0.015202 0.011143
0 0.554652 0.707343 0.014226 0.010149
0 0.133859 0.785322 0.016092 0.012478
0 0.638050 0.619211 0.014749 0.010357
0 0.174839 0.431566 0.017682 0.014824
0 0.164668 0.407107 0.014674 0.011051
0 0.244547 0.487752 0.015634 0.014383
0 0.101912 0.335046 0.013240 0.012023
0 0.608142 0.486683 0.017049 0.014300
0 0.467130 0.378188 0.018242 0.013328
0 0.022835 0.432987 0.017558 0.013629
0 0.176736 0.660288 0.012945 0.011600
0 0.431769 0.719349 0.013557 0.011077
0 0.619190 0.641724 0.012952 0.010057
0 0.364333 0.343035 0.017053 0.013141
0 0.042592 0.511470 0.012761 0.010195
0 0.506826 0.584505 0.011714 0.009470
0 0.367276 0.531887 0.013466 0.013683
0 0.638391 0.576269 0.013931 0.010464
0 0.618969 0.665706 0.012293 0.009766
0 0.492000 0.600097 0.011960 0.009266
0 0.172684 0.367458 0.014532 0.010970
0 0.576177 0.413558 0.019153 0.017360
0 0.285867 0.685276 0.013651 0.010986
0 0.597070 0.399881 0.014261 0.011070
0 0.013411 0.485401 0.013152 0.009626
0 0.189560 0.403228 0.013605 0.010173
0 0.106201 0.453935 0.016499 0.012024
0 0.370715 0.772161 0.011129 0.008255
0 0.189357 0.447347 0.012568 0.010005
0 0.313167 0.440275 0.013142 0.009197
0 0.105965 0.418223 0.018702 0.014765
0 0.031060 0.552115 0.011415 0.008998
0 0.466131 0.567300 0.014447 0.011986
0 0.083605 0.728736 0.012454 0.009936
0 0.195015 0.604832 0.013206 0.010035
0 0.429079 0.777321 0.013410 0.009742
0 0.683902 0.521455 0.012496 0.009285
0 0.258999 0.364427 0.015553 0.014656
0 0.007056 0.570486 0.012136 0.010523
0 0.359933 0.299117 0.012155 0.011134
0 0.145798 0.339002 0.016138 0.012270
0 0.561516 0.649475 0.013361 0.009268
0 0.147985 0.367917 0.013343 0.011086
0 0.238398 0.521734 0.012421 0.009504
1 0.370072 0.840098 0.051232 0.039821
0 0.647858 0.396119 0.016426 0.012635
0 0.372513 0.731753 0.011672 0.009046
0 0.318760 0.256811 0.016844 0.012166
0 0.448524 0.810000 0.014868 0.011105
0 0.212361 0.546272 0.012920 0.009233
0 0.175806 0.632794 0.014377 0.012253
0 0.597121 0.437649 0.013486 0.010860
0 0.575339 0.476414 0.013180 0.010942
0 0.478143 0.786836 0.013325 0.013906
1 0.490224 0.429280 0.040334 0.036138
0 0.608386 0.709026 0.012228 0.008950
0 0.148543 0.540300 0.015867 0.011766
0 0.043272 0.586257 0.019600 0.011833
0 0.362324 0.801450 0.021144 0.014914
0 0.426711 0.290558 0.010974 0.010948
0 0.104840 0.486431 0.013689 0.010825
0 0.318996 0.467336 0.015467 0.009808
0 0.595155 0.653525 0.014129 0.010297
0 0.553051 0.445313 0.013118 0.009228
0 0.243353 0.318398 0.012283 0.009341
0 0.287438 0.478505 0.021709 0.012828
0 0.586599 0.595261 0.016167 0.011571
0 0.328650 0.615456 0.018517 0.011695
0 0.290903 0.766047 0.016864 0.014190
0 0.242333 0.670329 0.010645 0.007894
0 0.224880 0.565386 0.012766 0.009919
0 0.432302 0.532005 0.013655 0.009628
0 0.071287 0.673676 0.017984 0.010373
0 0.218278 0.425886 0.011841 0.009100
0 0.235215 0.610976 0.010935 0.009117
0 0.101668 0.357761 0.013807 0.012214
0 0.296404 0.663188 0.020186 0.013305
0 0.550558 0.589646 0.013340 0.011897
0 0.081006 0.621642 0.012841 0.010521
0 0.445640 0.777507 0.012713 0.009086
0 0.438596 0.362901 0.013378 0.010235
0 0.456361 0.312511 0.022748 0.015512
0 0.161750 0.783286 0.015710 0.011246
0 0.023658 0.641576 0.010365 0.008661
0 0.319650 0.710806 0.013661 0.009860
0 0.412055 0.789533 0.012704 0.011348
0 0.022768 0.614034 0.011595 0.010160
0 0.658005 0.457766 0.023169 0.017286
0 0.603626 0.460847 0.012734 0.008095
0 0.337133 0.638393 0.012860 0.009718
0 0.137047 0.455332 0.017985 0.012736
0 0.581535 0.620556 0.012783 0.011075
0 0.427721 0.837208 0.015764 0.011948
0 0.235778 0.365093 0.014327 0.010895
0 0.296887 0.454628 0.012460 0.009954
0 0.142679 0.558292 0.013424 0.010018
1 0.429436 0.415508 0.052194 0.028379
0 0.333473 0.591017 0.011379 0.009604
0 0.434342 0.595945 0.013893 0.009890
0 0.630647 0.474139 0.012417 0.008727
0 0.568985 0.740405 0.017622 0.011014
0 0.422092 0.270842 0.013076 0.010910
0 0.474450 0.589579 0.011308 0.008859
0 0.390210 0.317579 0.012405 0.010835
0 0.496221 0.825171 0.015774 0.010558
1 0.583224 0.788405 0.047710 0.027454
0 0.066980 0.366030 0.014110 0.012654
0 0.273266 0.838115 0.017704 0.018545
0 0.333075 0.823342 0.012601 0.011811
0 0.342523 0.696011 0.020972 0.011176
0 0.638613 0.552139 0.012197 0.009449
0 0.304218 0.744779 0.010364 0.008361
0 0.513265 0.721059 0.009501 0.008395
0 0.455964 0.825883 0.016753 0.010448
0 0.384264 0.305444 0.011450 0.010748
0 0.357001 0.710294 0.010709 0.008397
0 0.202062 0.674223 0.010302 0.008089
0 0.198310 0.291380 0.024975 0.014038
0 0.552598 0.633879 0.009547 0.007830
0 0.137441 0.324809 0.013682 0.013971
0 0.493836 0.314447 0.014713 0.012069
0 0.265807 0.433768 0.012220 0.011618
0 0.086459 0.511080 0.024390 0.015637
0 0.028796 0.377453 0.017220 0.013736
0 0.611904 0.620941 0.013493 0.011807
0 0.477744 0.827540 0.017953 0.009570
0 0.266161 0.396607 0.014339 0.013349
0 0.302003 0.395774 0.013263 0.010816
0 0.534056 0.803343 0.015750 0.012258
0 0.189916 0.338126 0.018110 0.012265
0 0.336929 0.461071 0.014417 0.010105
0 0.324523 0.664001 0.013057 0.010819
0 0.610067 0.726780 0.017556 0.012556
0 0.631548 0.417456 0.013525 0.011083
0 0.127700 0.627973 0.011052 0.008529
0 0.301014 0.660185 0.020651 0.014505
0 0.521131 0.651436 0.010919 0.010881
0 0.561582 0.429133 0.013742 0.011281
0 0.220145 0.710542 0.010874 0.008516
0 0.334528 0.804847 0.011581 0.009351
0 0.315197 0.375412 0.011909 0.009637
0 0.048602 0.752143 0.014175 0.011858
0 0.256626 0.736090 0.013811 0.011034
0 0.229463 0.385504 0.014237 0.011459
1 0.080166 0.491188 0.029762 0.021391
1 0.431108 0.344238 0.034722 0.028832
1 0.643162 0.732538 0.039683 0.024182