0 0.368575 0.604628 0.017480 0.013841
0 0.166962 0.445413 0.016004 0.012175
0 0.226898 0.585369 0.017455 0.012722
0 0.563994 0.504392 0.017262 0.013546
0 0.747947 0.417611 0.018358 0.014381
0 0.489592 0.533555 0.015902 0.012139
0 0.314877 0.666957 0.018369 0.013888
0 0.656539 0.350729 0.016757 0.012741
0 0.484874 0.466131 0.016320 0.013212
0 0.659532 0.540973 0.018226 0.014009
0 0.687356 0.478217 0.018203 0.014620
0 0.194935 0.428044 0.016473 0.012261
0 0.424847 0.627682 0.015938 0.012690
0 0.443598 0.390030 0.018895 0.014020
0 0.678940 0.331751 0.018585 0.014115
0 0.377118 0.579801 0.016915 0.013203
0 0.147898 0.465111 0.016579 0.012319
0 0.532750 0.286499 0.017538 0.014115
0 0.537441 0.410084 0.015551 0.011881
0 0.467562 0.553133 0.015154 0.012736
0 0.715457 0.533881 0.017376 0.014305
0 0.248052 0.438416 0.018751 0.013225
0 0.562699 0.462837 0.016966 0.012375
0 0.210245 0.547603 0.016701 0.012996
0 0.365684 0.643463 0.015055 0.011932
0 0.492986 0.224560 0.015055 0.012490
0 0.411808 0.359196 0.017690 0.013250
0 0.643644 0.517212 0.016826 0.013056
0 0.499369 0.677518 0.017315 0.013421
0 0.637829 0.466907 0.015344 0.011791
0 0.334675 0.730151 0.021710 0.016050
0 0.583016 0.727211 0.021166 0.016829
0 0.706177 0.401972 0.015522 0.011964
1 0.474406 0.275092 0.051757 0.041613
0 0.538225 0.740484 0.021770 0.016628
0 0.309379 0.729552 0.019592 0.015359
0 0.189804 0.323382 0.018358 0.014343
0 0.418828 0.742239 0.023379 0.018298
0 0.159306 0.365774 0.015607 0.012920
0 0.624451 0.565055 0.016250 0.012880
0 0.728266 0.342646 0.015391 0.011938
0 0.188643 0.565483 0.016383 0.012043
0 0.655459 0.648203 0.016582 0.012904
0 0.583711 0.343267 0.015794 0.012510
0 0.668071 0.290544 0.016321 0.013459
0 0.263636 0.349714 0.017165 0.013360
0 0.518854 0.719749 0.020842 0.016674
0 0.173697 0.527540 0.015668 0.012480
0 0.375644 0.270032 0.015034 0.012750
0 0.619655 0.736442 0.018362 0.013625
0 0.754866 0.527545 0.016490 0.013394
0 0.533380 0.671992 0.020523 0.017874
0 0.695220 0.548656 0.017619 0.013208
0 0.724443 0.383383 0.015469 0.011304
0 0.532395 0.538802 0.015141 0.011599
0 0.352983 0.511658 0.015623 0.013895
0 0.623140 0.273657 0.016061 0.012537
0 0.517243 0.656873 0.016810 0.011963
0 0.256560 0.300810 0.019421 0.016495
0 0.597520 0.264245 0.013905 0.011512
0 0.739069 0.553038 0.016757 0.012524
0 0.727338 0.570478 0.017365 0.013579
0 0.483537 0.711788 0.020244 0.015999
0 0.408078 0.416229 0.021972 0.017036
0 0.552502 0.444442 0.016320 0.011892
0 0.430903 0.667504 0.016137 0.011673
0 0.534580 0.451678 0.018004 0.015927
0 0.301795 0.476625 0.014405 0.012613
0 0.389929 0.681010 0.014532 0.011335
0 0.223029 0.408619 0.019171 0.013260
0 0.665188 0.673081 0.017008 0.013187
0 0.222610 0.674319 0.015029 0.011495
0 0.164957 0.621631 0.015655 0.012489
0 0.551220 0.216897 0.015008 0.011914
0 0.378698 0.399492 0.018029 0.013455
0 0.772350 0.463676 0.014290 0.011391
0 0.354814 0.527423 0.015211 0.012422
0 0.396928 0.385510 0.015395 0.011513
0 0.517404 0.215559 0.013049 0.011472
0 0.463233 0.323525 0.015163 0.013219
0 0.706506 0.436658 0.014373 0.011588
0 0.319995 0.583081 0.014272 0.011517
0 0.304020 0.506559 0.013748 0.010140
0 0.325464 0.611761 0.013852 0.010489
0 0.103347 0.388899 0.017188 0.015540
0 0.695670 0.614709 0.014409 0.011646
0 0.444367 0.525347 0.013860 0.010783
0 0.242231 0.369053 0.018615 0.013082