0 0.325686 0.415884 0.016984 0.012981
0 0.299269 0.347978 0.016655 0.012966
0 0.265697 0.509853 0.014620 0.011431
0 0.467498 0.667981 0.013588 0.010921
0 0.319115 0.560002 0.015584 0.011165
0 0.532192 0.515384 0.013258 0.010266
0 0.437674 0.557676 0.013523 0.009356
0 0.503129 0.483780 0.014269 0.011793
0 0.429659 0.435637 0.014849 0.011138
0 0.518021 0.551727 0.014023 0.010661
0 0.257882 0.631610 0.013047 0.010502
0 0.380543 0.640092 0.011857 0.009937
0 0.252019 0.536281 0.015142 0.011217
0 0.661707 0.497924 0.018651 0.011673
0 0.396742 0.568225 0.012647 0.009499
0 0.493499 0.594976 0.012630 0.009326
0 0.490831 0.562460 0.014666 0.011753
0 0.153401 0.574349 0.012187 0.009824
0 0.310411 0.532289 0.013068 0.009660
0 0.257442 0.338975 0.015097 0.011658
0 0.509531 0.737623 0.012245 0.009323
0 0.399450 0.684976 0.012764 0.010201
0 0.301904 0.501684 0.012966 0.011050
0 0.291603 0.576026 0.012559 0.010761
0 0.578246 0.485875 0.016255 0.013084
0 0.197490 0.521992 0.011829 0.008945
0 0.398718 0.626631 0.014775 0.012295
0 0.561316 0.530815 0.012727 0.009553
0 0.386010 0.507425 0.012289 0.010097
0 0.331512 0.270711 0.016290 0.012299
0 0.377958 0.434536 0.019122 0.015244
0 0.209706 0.353616 0.014997 0.012711
0 0.105785 0.545292 0.015071 0.010116
0 0.388143 0.755610 0.011767 0.008979
0 0.218936 0.472740 0.016238 0.011983
1 0.658171 0.691831 0.053825 0.037639
0 0.429592 0.805495 0.014255 0.010652
0 0.346194 0.487671 0.014749 0.011741
0 0.501478 0.456169 0.012530 0.010466
0 0.381054 0.354935 0.014698 0.011578
0 0.289518 0.314279 0.017277 0.013584
0 0.335654 0.539108 0.015457 0.012776
0 0.076708 0.753377 0.014915 0.011652
0 0.360294 0.463508 0.018103 0.014739
0 0.304808 0.828470 0.014744 0.011193
0 0.625414 0.369888 0.015594 0.013876
0 0.404037 0.371815 0.018109 0.013962
0 0.220648 0.593395 0.012939 0.010056
0 0.256290 0.695435 0.013218 0.010841
0 0.553685 0.463097 0.013900 0.009623
0 0.195477 0.377992 0.019155 0.013719
0 0.439758 0.468286 0.013760 0.011564
0 0.462586 0.498816 0.018658 0.014232
0 0.114614 0.645397 0.012722 0.010073
0 0.487418 0.757926 0.013019 0.008972
0 0.505373 0.796481 0.013628 0.009839
0 0.334646 0.379516 0.012394 0.009835
0 0.376900 0.276264 0.012048 0.010252
0 0.346207 0.654110 0.012412 0.009311
1 0.139407 0.506265 0.053151 0.031838
0 0.117026 0.593571 0.011421 0.009455
0 0.171929 0.362215 0.015133 0.010890
0 0.563092 0.644609 0.012906 0.009308
0 0.577046 0.754626 0.012516 0.009549
0 0.660041 0.410641 0.019086 0.015837
0 0.535562 0.761349 0.013124 0.009449
0 0.188369 0.441866 0.013887 0.011118
0 0.590068 0.373375 0.014312 0.011144
0 0.313246 0.434938 0.014471 0.010007
0 0.245450 0.482578 0.015791 0.014108
0 0.133602 0.780384 0.016125 0.012290
0 0.365859 0.581471 0.011384 0.009431
0 0.039350 0.661670 0.012167 0.009108
0 0.371826 0.766056 0.011109 0.008653
0 0.101050 0.329365 0.014470 0.012388
0 0.147251 0.362915 0.013863 0.011562
0 0.281603 0.268316 0.017709 0.013180
0 0.639459 0.613874 0.015215 0.010125
0 0.332523 0.350281 0.013770 0.011413
0 0.640160 0.570941 0.013736 0.011371
0 0.177635 0.655616 0.013964 0.011755
0 0.608878 0.480604 0.017118 0.015449
0 0.577494 0.408555 0.018504 0.017496
0 0.212276 0.542153 0.012573 0.009556
0 0.189507 0.556349 0.021013 0.013756
0 0.011817 0.480261 0.012884 0.009680
0 0.365253 0.337020 0.017069 0.013280
0 0.619613 0.660777 0.012126 0.009840
0 0.478933 0.781877 0.014382 0.012636
0 0.178909 0.724853 0.011180 0.009564
0 0.467857 0.372948 0.018518 0.013988
0 0.146849 0.534736 0.015290 0.011394
1 0.369571 0.834880 0.053661 0.037693
0 0.174940 0.627917 0.014605 0.012457
0 0.618722 0.440946 0.014354 0.012101
0 0.368101 0.525874 0.013948 0.012467
0 0.337649 0.632908 0.012784 0.009794
1 0.490458 0.424412 0.042752 0.038423
0 0.598609 0.394104 0.013355 0.010947
0 0.417394 0.590307 0.013157 0.009394
0 0.631732 0.469027 0.012436 0.009143
0 0.598905 0.432430 0.013162 0.010369
0 0.507878 0.579879 0.011425 0.009519
0 0.554849 0.439190 0.012598 0.009490
0 0.609583 0.703812 0.012208 0.009635
0 0.073307 0.425403 0.015613 0.011956
0 0.103879 0.413223 0.017956 0.013924
0 0.174143 0.426559 0.016807 0.013988
0 0.103338 0.448689 0.015463 0.011202
0 0.022342 0.427699 0.017405 0.013171
1 0.532244 0.349420 0.048673 0.040648
0 0.620106 0.636938 0.012574 0.010104
0 0.373060 0.726633 0.011840 0.009151
0 0.431519 0.772909 0.014547 0.009740
0 0.550533 0.583908 0.013449 0.012170
0 0.595113 0.648826 0.013311 0.009950
0 0.361995 0.797121 0.020133 0.014517
0 0.360403 0.292858 0.012329 0.011212
0 0.431814 0.713885 0.014327 0.011053
0 0.042138 0.506610 0.012719 0.010536
0 0.083839 0.724453 0.012668 0.010266
0 0.164470 0.402042 0.014254 0.011219
0 0.266531 0.391560 0.015354 0.013256
0 0.195064 0.599992 0.012736 0.009695
0 0.188418 0.397748 0.014328 0.010659
0 0.258437 0.454612 0.011859 0.009692
0 0.357173 0.704667 0.011076 0.008939
0 0.006743 0.565740 0.012446 0.012126
0 0.658175 0.452214 0.023712 0.016512
1 0.584172 0.783977 0.048352 0.028768
0 0.285639 0.679627 0.012690 0.010374
0 0.445639 0.772229 0.012366 0.009109
0 0.450176 0.806730 0.015408 0.011817
0 0.080192 0.616052 0.012295 0.009627
0 0.290686 0.761002 0.016555 0.013765
0 0.587642 0.590196 0.016845 0.011827
0 0.639591 0.546380 0.011491 0.008869
0 0.142673 0.553935 0.012868 0.010381
0 0.222019 0.705214 0.011115 0.008663
0 0.427162 0.284924 0.011185 0.012082
0 0.224386 0.561879 0.012762 0.009895
0 0.101989 0.352434 0.013385 0.011824
0 0.242824 0.665585 0.010763 0.007948
0 0.466461 0.563001 0.012881 0.011487
0 0.319875 0.462130 0.013775 0.009498
0 0.685661 0.516790 0.011295 0.008885
1 0.429976 0.409854 0.050630 0.032900
0 0.432277 0.527498 0.012988 0.009536
0 0.288402 0.473727 0.022397 0.012090
0 0.022458 0.609755 0.011603 0.010552
0 0.555712 0.703412 0.013753 0.010619
0 0.423446 0.263115 0.013864 0.010975
0 0.143666 0.478703 0.011477 0.008756
0 0.649399 0.390108 0.016105 0.012690
0 0.571042 0.734439 0.014573 0.009671
0 0.427694 0.832010 0.015553 0.011851
0 0.325804 0.609377 0.019557 0.012816
0 0.457384 0.306178 0.022830 0.015656
0 0.259975 0.359089 0.016442 0.014171
0 0.412624 0.784474 0.012382 0.011655
0 0.391029 0.311675 0.012900 0.010928
0 0.318366 0.250252 0.016729 0.012738
0 0.272758 0.834046 0.016964 0.017103
0 0.217669 0.420703 0.012230 0.008989
0 0.576786 0.471197 0.013417 0.011158
0 0.042633 0.581455 0.017879 0.011497
0 0.066258 0.359965 0.014907 0.013302
0 0.023267 0.637212 0.009897 0.007977
0 0.137930 0.322048 0.016623 0.013861
0 0.235953 0.359487 0.015345 0.011422
0 0.317606 0.704931 0.013341 0.009556
0 0.071766 0.669754 0.018876 0.010102
0 0.238173 0.517032 0.011233 0.009566
0 0.144203 0.332541 0.016806 0.013190
0 0.583569 0.618255 0.014623 0.011765
0 0.296861 0.657623 0.021194 0.014555
0 0.304966 0.739451 0.010577 0.008729
0 0.200729 0.670329 0.009914 0.007791
0 0.342623 0.691198 0.019176 0.011387
0 0.029811 0.547136 0.010692 0.008971
0 0.029027 0.371979 0.017315 0.014137
0 0.049061 0.747641 0.013808 0.011557
0 0.333018 0.818873 0.010623 0.011418
0 0.091741 0.642713 0.010712 0.008664
0 0.162316 0.778208 0.016253 0.010930
0 0.453955 0.513932 0.014741 0.010826
0 0.243118 0.313221 0.012044 0.009697
0 0.297953 0.450843 0.010852 0.009758
0 0.436362 0.591529 0.013312 0.010245
0 0.140765 0.327219 0.016579 0.019433
0 0.263151 0.721635 0.011733 0.010088
0 0.324335 0.659390 0.013402 0.011198
0 0.610306 0.721720 0.016623 0.011164
0 0.556491 0.740729 0.014464 0.010714
0 0.477299 0.823205 0.015572 0.010112
0 0.104604 0.480717 0.013407 0.009703
0 0.192677 0.331291 0.018992 0.012296
0 0.284799 0.594049 0.013621 0.009658
0 0.125303 0.403378 0.012026 0.009681
0 0.229141 0.379069 0.014139 0.010911
0 0.265626 0.427900 0.011851 0.012707
1 0.643649 0.726685 0.034563 0.027876
0 0.495539 0.686353 0.011801 0.012650
0 0.455158 0.642767 0.009870 0.007960
0 0.373537 0.495071 0.011846 0.009179
0 0.117064 0.531411 0.014233 0.010231
0 0.561677 0.424534 0.013997 0.010223
0 0.498519 0.821044 0.015362 0.009782
0 0.334090 0.585364 0.011803 0.009469
0 0.337362 0.744294 0.019339 0.013083
0 0.462997 0.358248 0.013654 0.010169
0 0.384909 0.298964 0.010817 0.009821
0 0.126790 0.623570 0.010056 0.008242
0 0.138121 0.448143 0.018432 0.014084
0 0.088093 0.507018 0.023168 0.015222
0 0.439079 0.357941 0.014180 0.008987
1 0.434723 0.338075 0.040809 0.028296
0 0.339891 0.637061 0.012014 0.018171
0 0.003707 0.694138 0.007414 0.010339
1 0.077648 0.486589 0.033333 0.020833