0 0.679869 0.936574 0.020231 0.019834
0 0.552978 0.960943 0.019685 0.019838
0 0.594607 0.416921 0.017585 0.017421
0 0.609475 0.810832 0.019046 0.019415
0 0.854582 0.584151 0.018248 0.018218
0 0.673846 0.289247 0.015522 0.015485
0 0.512466 0.222226 0.014944 0.016056
0 0.788687 0.255144 0.015215 0.015507
0 0.627406 0.433270 0.016149 0.016782
0 0.568927 0.303027 0.015318 0.015313
0 0.474362 0.246461 0.014634 0.015215
0 0.573584 0.340509 0.016867 0.017418
0 0.509231 0.259678 0.015048 0.015066
0 0.399940 0.403152 0.017861 0.017805
0 0.724877 0.246117 0.015571 0.016301
0 0.801194 0.531845 0.016536 0.016253
0 0.241669 0.637717 0.017135 0.016944
0 0.866706 0.299784 0.014671 0.014564
0 0.768993 0.230056 0.014846 0.014992
0 0.541972 0.276715 0.014515 0.014901
0 0.701806 0.227043 0.014348 0.014478
0 0.593090 0.184339 0.016810 0.017517
0 0.580807 0.480535 0.016760 0.018400
0 0.728122 0.214692 0.013377 0.013052
0 0.631701 0.176114 0.015848 0.018739
0 0.354798 0.157312 0.017026 0.017515
0 0.824717 0.580593 0.018108 0.018936
0 0.698682 0.354375 0.017500 0.017508
0 0.423652 0.250140 0.016691 0.015816
0 0.707295 0.863657 0.019567 0.019700
0 0.654544 0.411500 0.014962 0.014395
0 0.555590 0.724918 0.015880 0.016623
0 0.712010 0.146138 0.013860 0.014586
0 0.662170 0.216792 0.015949 0.014533
0 0.550212 0.196946 0.013956 0.015961
0 0.703358 0.199796 0.013108 0.013125
0 0.710233 0.328630 0.015350 0.015448
0 0.885751 0.524345 0.022312 0.019183
0 0.478919 0.920930 0.021440 0.021355
0 0.285828 0.802455 0.015465 0.015379
0 0.659509 0.572691 0.015456 0.019071
0 0.468817 0.531716 0.016230 0.017035
0 0.387895 0.782528 0.014140 0.014698
0 0.755958 0.268535 0.020455 0.023615
0 0.503614 0.677962 0.018000 0.017384
0 0.509663 0.095429 0.013247 0.014076
0 0.458311 0.180580 0.017992 0.017800
0 0.478474 0.219004 0.015556 0.015837
0 0.499647 0.417831 0.016389 0.017127
0 0.580411 0.282527 0.014568 0.014657
1 0.556995 0.621852 0.074131 0.080318
0 0.476511 0.987116 0.017703 0.018060
0 0.635617 0.758962 0.016421 0.017660
0 0.626466 0.976333 0.016697 0.018038
0 0.576666 0.136733 0.013946 0.014175
1 0.183929 0.712518 0.041294 0.042656
0 0.606475 0.530274 0.014995 0.016795
0 0.279341 0.609726 0.017018 0.017456
0 0.595287 0.960363 0.019336 0.023080
0 0.792913 0.197254 0.015716 0.014939
0 0.901716 0.446393 0.017270 0.019383
0 0.092915 0.621906 0.017710 0.016934
0 0.661932 0.965857 0.017745 0.018953
0 0.384706 0.838146 0.016161 0.017642
0 0.469083 0.750955 0.016991 0.016741
0 0.648305 0.129174 0.014173 0.015192
0 0.250792 0.278174 0.015716 0.015729
0 0.425465 0.720988 0.018530 0.017650
0 0.691911 0.175896 0.016865 0.019250
0 0.468010 0.889742 0.016188 0.017436
0 0.449603 0.842452 0.017598 0.016786
0 0.396499 0.368179 0.017645 0.017805
0 0.501837 0.452710 0.018509 0.018808
0 0.286469 0.308119 0.015030 0.016302
0 0.678421 0.144366 0.017386 0.017930
0 0.451738 0.347190 0.015481 0.016695
0 0.527646 0.739481 0.019136 0.020057
0 0.393955 0.573331 0.015934 0.017112
0 0.456704 0.617271 0.015778 0.017583
0 0.519369 0.377829 0.017040 0.017936
0 0.686264 0.556070 0.014826 0.015395
0 0.543872 0.473436 0.018032 0.020490
0 0.931785 0.494615 0.016201 0.016078
0 0.320465 0.185124 0.017807 0.022494
0 0.799934 0.575923 0.016289 0.017358
0 0.606909 0.342218 0.015485 0.018720
0 0.193508 0.653981 0.016459 0.018218
1 0.262971 0.402480 0.052891 0.051978
0 0.281136 0.933757 0.014562 0.015475
0 0.605642 0.094912 0.015040 0.016764
0 0.154365 0.735173 0.015062 0.014774
0 0.874351 0.690330 0.022005 0.025262
0 0.841620 0.249897 0.018235 0.018174
0 0.459764 0.588878 0.016129 0.016683
0 0.497901 0.342900 0.014767 0.014815
0 0.650422 0.461794 0.015468 0.016924
1 0.226916 0.429356 0.048173 0.047293
0 0.412764 0.839438 0.015100 0.015131
0 0.900151 0.355704 0.014953 0.014292
0 0.338996 0.565682 0.017690 0.018038
1 0.290970 0.113696 0.043419 0.049218
0 0.307526 0.258534 0.017351 0.016973
0 0.490366 0.154533 0.016123 0.019623
0 0.357329 0.210061 0.014570 0.015501
0 0.331143 0.862490 0.015654 0.016976
0 0.587822 0.983506 0.018986 0.020006
0 0.503529 0.646653 0.016988 0.016924
0 0.478998 0.194718 0.014368 0.013451
0 0.488104 0.102217 0.012176 0.013213
0 0.657118 0.727970 0.014640 0.015901
0 0.636994 0.103939 0.014929 0.015296
0 0.285803 0.261735 0.015236 0.015350
0 0.629283 0.265646 0.018390 0.017633
0 0.539224 0.148385 0.016579 0.016025
0 0.572370 0.831455 0.018986 0.018881
0 0.206432 0.868327 0.014838 0.016526
0 0.189483 0.632185 0.017726 0.019599
0 0.596039 0.669235 0.015706 0.016735
0 0.411699 0.555133 0.015345 0.015951
0 0.657879 0.990350 0.020058 0.019299
0 0.367830 0.252037 0.018973 0.017225
0 0.322258 0.977864 0.017747 0.020282
0 0.421448 0.814791 0.014629 0.014555
0 0.608006 0.238950 0.018200 0.020763
0 0.442255 0.131492 0.017215 0.021167
0 0.695870 0.766056 0.015996 0.016331
0 0.422536 0.217375 0.015783 0.015907
0 0.192680 0.196178 0.013402 0.014700
0 0.691464 0.717399 0.016600 0.017751
0 0.456022 0.816449 0.021675 0.022144
0 0.024710 0.605694 0.018181 0.018699
0 0.323494 0.816042 0.014227 0.015012
0 0.374204 0.122130 0.014113 0.016333
0 0.169049 0.181131 0.016797 0.018304
0 0.599018 0.209497 0.015689 0.015049
0 0.359436 0.629397 0.017464 0.017674
0 0.945913 0.541501 0.015618 0.015855
0 0.662711 0.505546 0.013738 0.015142
0 0.662835 0.441714 0.013520 0.015194
0 0.675677 0.373903 0.015697 0.016349
0 0.456822 0.285665 0.013780 0.015030
0 0.314995 0.898364 0.020170 0.023375
0 0.257970 0.352898 0.017719 0.017261
0 0.615458 0.695890 0.015786 0.017019
0 0.291328 0.736102 0.013824 0.015751
0 0.571147 0.435842 0.013237 0.013504
0 0.455474 0.368705 0.015355 0.016963
0 0.682629 0.332335 0.016663 0.017101
0 0.772717 0.531931 0.017053 0.019433
0 0.098361 0.434725 0.016704 0.017127
1 0.242839 0.421211 0.077040 0.075349
0 0.471731 0.484700 0.016950 0.018586
0 0.274301 0.500974 0.016574 0.016448
0 0.571498 0.204106 0.014820 0.015999
0 0.024922 0.631835 0.018884 0.019770
0 0.232933 0.306011 0.026417 0.031050
0 0.338749 0.135161 0.013853 0.016300
0 0.608375 0.390892 0.019594 0.014748
0 0.558043 0.083370 0.013479 0.015129
0 0.435837 0.322374 0.014705 0.016180
0 0.708629 0.784871 0.016567 0.018973
0 0.199246 0.157022 0.017637 0.016793
0 0.414932 0.130840 0.014679 0.017534
0 0.695886 0.792198 0.022560 0.021067
0 0.681146 0.658082 0.015182 0.015960
0 0.490810 0.066988 0.013388 0.012517
0 0.711952 0.731864 0.013933 0.016651
0 0.256611 0.449017 0.014843 0.015524
0 0.610911 0.231566 0.016794 0.021707
0 0.486048 0.386391 0.013935 0.016327
0 0.747870 0.167141 0.019722 0.019269
0 0.243249 0.789545 0.013935 0.015198
0 0.567518 0.654442 0.020608 0.019716
0 0.302803 0.614486 0.016550 0.018965
0 0.702962 0.789092 0.022989 0.021172
0 0.296774 0.967898 0.016606 0.017908
0 0.524422 0.979987 0.015182 0.016396
0 0.367280 0.345211 0.014306 0.015754
0 0.628442 0.461631 0.014184 0.015482
0 0.569112 0.369802 0.016129 0.016670
0 0.672845 0.608613 0.014878 0.015766
0 0.349408 0.964473 0.015689 0.016466
0 0.596701 0.326984 0.015728 0.014079
0 0.664441 0.389303 0.014203 0.014914
0 0.529881 0.684895 0.015986 0.018097
0 0.121546 0.230362 0.016117 0.017665
0 0.781883 0.940694 0.016472 0.015623
0 0.511313 0.708553 0.016900 0.016060
0 0.676510 0.587980 0.014386 0.015814
0 0.743434 0.342818 0.019898 0.020089
0 0.493846 0.523145 0.014108 0.015553
0 0.402460 0.885967 0.016397 0.019678
0 0.348639 0.289548 0.017826 0.017549
0 0.334125 0.835829 0.013370 0.014119
0 0.667600 0.483813 0.016747 0.015842
0 0.605517 0.731549 0.015969 0.017036
0 0.345389 0.712164 0.017385 0.018013
0 0.671110 0.189777 0.013910 0.014269
0 0.277950 0.679261 0.015129 0.018303
0 0.600785 0.122404 0.012914 0.014418
0 0.615654 0.260770 0.017392 0.016423
0 0.751383 0.782814 0.017179 0.016964
0 0.650505 0.528745 0.013496 0.013921
0 0.481276 0.410427 0.014709 0.015362
0 0.131847 0.641553 0.016899 0.017950
0 0.055598 0.635447 0.016086 0.017097
0 0.742791 0.624819 0.015899 0.016189
0 0.734554 0.326757 0.016784 0.016950
0 0.886383 0.321109 0.016115 0.015270
0 0.734468 0.664079 0.017572 0.016782
0 0.219883 0.549933 0.016221 0.016105
0 0.416105 0.764811 0.015749 0.015541
0 0.271615 0.577152 0.022019 0.017238
0 0.713461 0.720055 0.013418 0.016558
0 0.305060 0.946063 0.015118 0.015403
0 0.557710 0.674549 0.015852 0.017231
0 0.442826 0.640594 0.014926 0.015866
0 0.675463 0.349291 0.015520 0.016060
0 0.640410 0.358373 0.015778 0.018660
0 0.441949 0.211200 0.014943 0.014721
0 0.458563 0.066526 0.013281 0.011899
0 0.388931 0.312289 0.014425 0.016081
0 0.213679 0.468465 0.019438 0.018147
0 0.393542 0.645835 0.013751 0.015617
0 0.391426 0.088764 0.018182 0.018853
1 0.756508 0.750179 0.039062 0.040148
1 0.398978 0.938947 0.059679 0.049913