0 0.480944 0.698712 0.016393 0.012993
0 0.446160 0.587277 0.013974 0.010725
0 0.271433 0.606769 0.017509 0.013635
0 0.491843 0.483191 0.014182 0.012213
0 0.597604 0.563337 0.015059 0.011569
0 0.380839 0.596262 0.014418 0.011086
0 0.358734 0.409202 0.018493 0.013889
0 0.495583 0.573063 0.014453 0.011709
0 0.442102 0.393285 0.016002 0.013769
0 0.494732 0.395378 0.015674 0.012350
0 0.303736 0.572798 0.015073 0.011720
0 0.490747 0.361147 0.015654 0.013076
0 0.467637 0.516867 0.014196 0.011577
0 0.347326 0.590987 0.014029 0.011052
0 0.615752 0.493982 0.016246 0.012734
0 0.293004 0.596904 0.016936 0.012621
0 0.627915 0.521186 0.015353 0.011692
0 0.639158 0.759975 0.017710 0.013089
0 0.789718 0.714270 0.016045 0.012751
0 0.350462 0.509218 0.013284 0.011009
0 0.693480 0.530881 0.016270 0.012476
0 0.603997 0.779696 0.018389 0.013822
0 0.489385 0.614043 0.014066 0.011469
0 0.713577 0.325271 0.018369 0.014152
0 0.580787 0.733083 0.014376 0.011070
0 0.536332 0.747588 0.017624 0.013949
0 0.451168 0.672644 0.015317 0.011757
0 0.419137 0.651121 0.016127 0.012836
0 0.466886 0.624030 0.015305 0.011664
0 0.724672 0.572303 0.019587 0.013768
0 0.259445 0.668436 0.020188 0.016774
0 0.672450 0.636141 0.015628 0.011450
0 0.201347 0.617860 0.015166 0.012476
0 0.401879 0.608014 0.014328 0.011717
0 0.505826 0.653132 0.018353 0.013769
0 0.395945 0.761255 0.020502 0.015677
0 0.319882 0.547857 0.014659 0.011106
0 0.520593 0.341057 0.018591 0.017598
0 0.547246 0.484357 0.018849 0.014749
0 0.568263 0.608044 0.013693 0.010973
0 0.419637 0.342059 0.019618 0.015329
0 0.450665 0.741364 0.016970 0.013822
0 0.618993 0.305256 0.018464 0.015149
0 0.782834 0.656493 0.012102 0.010246
0 0.416999 0.536405 0.013725 0.011100
0 0.738586 0.485250 0.014666 0.011123
0 0.630179 0.557526 0.016577 0.011969
0 0.281113 0.360437 0.017540 0.014014
0 0.765483 0.379234 0.014757 0.011755
0 0.526743 0.673480 0.014422 0.011151
0 0.630288 0.716094 0.014464 0.011563
0 0.573876 0.445386 0.014754 0.011616
0 0.665075 0.481580 0.016857 0.014151
0 0.574517 0.538112 0.013838 0.010399
0 0.736293 0.701926 0.015121 0.012168
0 0.818199 0.514696 0.014336 0.011474
0 0.268651 0.445224 0.014886 0.012587
0 0.384027 0.463128 0.013568 0.011183
0 0.655514 0.738281 0.014230 0.010999
0 0.795721 0.524005 0.012623 0.009479
0 0.819073 0.546803 0.011530 0.009526
0 0.495992 0.519966 0.013995 0.010839
0 0.557293 0.280227 0.016687 0.012749
0 0.391309 0.409220 0.014162 0.012239
0 0.661171 0.540629 0.017347 0.012900
0 0.287376 0.510828 0.013409 0.010408
0 0.350408 0.492219 0.011965 0.009684
0 0.673833 0.669035 0.019091 0.015658
0 0.367122 0.695823 0.015384 0.012804
0 0.843507 0.504637 0.012002 0.009310
0 0.730314 0.664564 0.014198 0.012186
0 0.500891 0.539453 0.012778 0.010577
0 0.555217 0.307730 0.013949 0.012047
0 0.861195 0.431976 0.020424 0.016556
0 0.451054 0.489073 0.015596 0.012772
0 0.674488 0.791604 0.021287 0.014543
0 0.419530 0.460318 0.018119 0.013916
0 0.569318 0.515128 0.013467 0.010682
0 0.766571 0.744181 0.015626 0.011941
0 0.822032 0.490786 0.012621 0.009617
0 0.390127 0.622572 0.013588 0.010562
0 0.731596 0.620086 0.013367 0.011512
0 0.433346 0.492323 0.016817 0.013487
0 0.374689 0.489294 0.014062 0.012676
0 0.367224 0.379253 0.020990 0.018131
0 0.690929 0.581599 0.014727 0.011699
0 0.461408 0.832064 0.021379 0.017847
0 0.363631 0.719102 0.018486 0.012645
0 0.804479 0.470968 0.013393 0.011310
0 0.748613 0.402025 0.015565 0.012594
0 0.365460 0.577865 0.013305 0.010698
0 0.459584 0.798788 0.017500 0.014297
0 0.395252 0.366279 0.017727 0.013857
0 0.572854 0.418681 0.015488 0.011968
0 0.415379 0.739718 0.016339 0.012702
0 0.354302 0.647475 0.014593 0.010759
0 0.756613 0.344244 0.018568 0.014641
0 0.683580 0.311383 0.018838 0.015558
0 0.633832 0.329953 0.016222 0.015553
0 0.745694 0.785171 0.017069 0.012965
0 0.788932 0.616979 0.013407 0.010282
0 0.788780 0.458801 0.013949 0.011751
0 0.497100 0.428575 0.016774 0.015114
0 0.700250 0.735102 0.017206 0.014606
0 0.652334 0.647140 0.013229 0.010274
0 0.484227 0.587372 0.013413 0.009370
0 0.619181 0.588207 0.017987 0.012631
0 0.391761 0.499760 0.013896 0.010780
0 0.190160 0.438335 0.017071 0.016584
0 0.394959 0.647330 0.014460 0.010939
0 0.497144 0.633662 0.014963 0.011761
0 0.582879 0.667988 0.015750 0.012558
0 0.407967 0.376455 0.014556 0.012896
0 0.299299 0.549678 0.015172 0.011510
0 0.242671 0.388415 0.016136 0.014657
0 0.265110 0.508645 0.014158 0.012472
0 0.540983 0.720053 0.013538 0.010525
0 0.355718 0.525926 0.012752 0.010859
0 0.306437 0.418227 0.014413 0.013947
0 0.214351 0.456538 0.014125 0.011713
0 0.241542 0.520969 0.015377 0.013786
0 0.294034 0.467208 0.014171 0.010690
0 0.390246 0.732551 0.018931 0.015169
0 0.217104 0.428003 0.018408 0.013779
0 0.603109 0.710002 0.014196 0.013151
0 0.536617 0.798097 0.019894 0.017323
0 0.387912 0.396112 0.014356 0.011532
0 0.687611 0.443196 0.014670 0.011239
0 0.709359 0.495336 0.015045 0.014567
0 0.766511 0.419271 0.013602 0.010174
0 0.378128 0.740724 0.019070 0.014367
0 0.540019 0.838180 0.034300 0.028042
0 0.730606 0.758360 0.012850 0.010272
0 0.342979 0.369373 0.014457 0.010201
0 0.412705 0.634173 0.014664 0.011776
0 0.710314 0.690842 0.013028 0.011027
0 0.431988 0.294345 0.015362 0.012722
0 0.248675 0.393209 0.018324 0.014627
0 0.467243 0.666036 0.013415 0.011107
0 0.792546 0.388864 0.013445 0.011615
0 0.727386 0.472216 0.015676 0.013185
0 0.295822 0.531209 0.015987 0.010328
0 0.654255 0.604851 0.012464 0.009514
0 0.549866 0.654815 0.019714 0.013970
0 0.384891 0.736359 0.021490 0.015501
0 0.252777 0.397562 0.014160 0.011656
0 0.435197 0.458753 0.015762 0.012266
0 0.523401 0.470128 0.012638 0.008866
0 0.658424 0.459812 0.014745 0.011786
0 0.577109 0.480179 0.018475 0.014390
0 0.565556 0.322736 0.014615 0.013289
0 0.476370 0.534026 0.013505 0.011086
0 0.708788 0.748911 0.014417 0.011689
0 0.766076 0.459739 0.013105 0.010623