1 0.511829 0.720159 0.057693 0.057333
0 0.505967 0.543022 0.014784 0.011379
0 0.482530 0.847338 0.014110 0.010981
0 0.136190 0.657300 0.012383 0.009726
0 0.615496 0.566881 0.014441 0.012043
0 0.407436 0.771460 0.014004 0.010927
0 0.544759 0.441513 0.015152 0.012018
0 0.182015 0.573617 0.014747 0.011689
0 0.427820 0.550597 0.015753 0.013308
0 0.274806 0.590809 0.017379 0.014010
0 0.501098 0.472095 0.013989 0.011221
0 0.338329 0.711490 0.015754 0.011870
0 0.622816 0.531904 0.015862 0.012672
0 0.331650 0.644374 0.013351 0.009825
0 0.631575 0.482074 0.017218 0.011749
0 0.228381 0.659252 0.016620 0.012069
0 0.664453 0.713637 0.015495 0.011158
0 0.298590 0.566128 0.014227 0.011680
0 0.217257 0.746121 0.011755 0.009522
0 0.591791 0.548000 0.013000 0.010567
0 0.512665 0.603026 0.013743 0.011487
0 0.498513 0.394404 0.014698 0.012695
0 0.468296 0.794608 0.013492 0.011805
1 0.460266 0.661666 0.052985 0.035395
0 0.433856 0.678896 0.014182 0.011400
0 0.663191 0.510211 0.013235 0.009408
0 0.284546 0.883453 0.020017 0.014247
0 0.547387 0.375789 0.018428 0.013324
0 0.580334 0.829596 0.013736 0.009885
0 0.478317 0.590920 0.012453 0.010125
0 0.162840 0.678068 0.012829 0.009663
0 0.345546 0.592328 0.014195 0.010355
0 0.558738 0.403369 0.021935 0.016262
0 0.514332 0.850698 0.013781 0.011050
0 0.631659 0.425805 0.018220 0.014160
0 0.307909 0.660705 0.012804 0.010645
0 0.470301 0.514338 0.020171 0.015299
0 0.553442 0.548901 0.021791 0.013941
0 0.222545 0.501622 0.019326 0.014865
0 0.522746 0.340146 0.014486 0.012540
0 0.372572 0.591722 0.014705 0.011336
0 0.321697 0.729891 0.016051 0.013238
0 0.091884 0.561845 0.013328 0.010772
0 0.649255 0.385643 0.019164 0.015737
0 0.653253 0.537941 0.013491 0.010485
0 0.487224 0.367759 0.012843 0.010042
0 0.709928 0.507676 0.013031 0.009917
1 0.729835 0.766380 0.045981 0.038617
0 0.682323 0.542868 0.011796 0.009348
0 0.350921 0.332112 0.014798 0.012406
0 0.573296 0.706215 0.013748 0.011277
0 0.110189 0.740867 0.012678 0.010448
0 0.408014 0.721339 0.016715 0.011459
0 0.725884 0.643380 0.012275 0.009857
0 0.327752 0.461986 0.014002 0.010392
0 0.372122 0.425125 0.016895 0.014315
0 0.564851 0.760603 0.011109 0.009310
0 0.682143 0.431531 0.015087 0.011016
0 0.246655 0.778144 0.011972 0.009653
0 0.495508 0.329008 0.017200 0.013278
0 0.337136 0.871379 0.019834 0.014050
0 0.093015 0.495539 0.014029 0.011076
0 0.467251 0.562611 0.012129 0.009363
0 0.446888 0.907474 0.020067 0.016218
0 0.623318 0.693654 0.012999 0.009645
0 0.424130 0.529639 0.015671 0.012137
0 0.580427 0.648129 0.013527 0.010820
0 0.402916 0.633238 0.012412 0.011023
1 0.385126 0.663401 0.046619 0.036947
0 0.706195 0.469321 0.014933 0.011372
0 0.155576 0.457850 0.016617 0.012898
0 0.162407 0.535022 0.015702 0.011550
0 0.657075 0.804660 0.013745 0.010226
0 0.552299 0.870437 0.020799 0.012714
0 0.458012 0.867536 0.015839 0.012718
0 0.745745 0.461369 0.020300 0.016198
0 0.360631 0.840527 0.014608 0.013230
0 0.115819 0.588584 0.013780 0.010994
0 0.626707 0.584592 0.013239 0.011003
0 0.638350 0.642440 0.018232 0.012321
0 0.250195 0.396289 0.016487 0.013911
0 0.133166 0.717485 0.011196 0.009585
0 0.372583 0.905139 0.020063 0.017791
0 0.040669 0.653573 0.013785 0.010833
0 0.134087 0.448294 0.015036 0.012580
0 0.428574 0.474131 0.012811 0.011003
0 0.170301 0.473270 0.016776 0.012287
0 0.670290 0.785748 0.014801 0.009596
0 0.298485 0.678950 0.014135 0.010548
0 0.384298 0.542938 0.016123 0.013465
0 0.013631 0.547438 0.018361 0.013858
0 0.595408 0.626447 0.020622 0.014511
0 0.623921 0.509927 0.014471 0.009608
0 0.332332 0.528656 0.017092 0.013487
1 0.173345 0.401224 0.067822 0.044265
0 0.414658 0.698364 0.012058 0.009349
0 0.717465 0.671751 0.017281 0.012631
0 0.461997 0.490389 0.014272 0.011469
0 0.594665 0.798961 0.014158 0.011163
0 0.190409 0.867654 0.020684 0.015328
0 0.594672 0.863475 0.015892 0.013349
0 0.445283 0.429708 0.014723 0.011206
1 0.368781 0.466497 0.039524 0.038525
1 0.377778 0.383648 0.067546 0.037180
0 0.047892 0.482196 0.021878 0.014726
0 0.406395 0.915984 0.024673 0.017967
0 0.689145 0.400363 0.016706 0.013129
0 0.081723 0.433109 0.014836 0.012379
0 0.613602 0.661589 0.013847 0.014455
1 0.272345 0.446220 0.043617 0.030408
0 0.185206 0.841524 0.013613 0.010928
0 0.531174 0.815387 0.016240 0.014826
0 0.257056 0.749207 0.017792 0.011675
0 0.503463 0.879974 0.016070 0.011935
0 0.447469 0.397877 0.020345 0.013884
0 0.196258 0.506700 0.017458 0.014038
0 0.183649 0.542172 0.012699 0.009445
0 0.065636 0.577352 0.013425 0.010526
0 0.245462 0.864015 0.017368 0.012603
0 0.300236 0.376541 0.011711 0.009779
0 0.458960 0.708163 0.013704 0.011748
0 0.638012 0.733610 0.015008 0.010629
1 0.245090 0.549650 0.041522 0.030110
0 0.409614 0.743686 0.017755 0.012880
0 0.347652 0.423377 0.014779 0.011623
0 0.281733 0.675779 0.014060 0.010032
0 0.724963 0.577657 0.018409 0.015231
0 0.144132 0.684047 0.011505 0.009190
0 0.183854 0.430538 0.015535 0.012461
0 0.066598 0.663101 0.014781 0.010446
0 0.391911 0.811480 0.011133 0.009434
0 0.112775 0.621543 0.022493 0.015368
0 0.569491 0.445486 0.014220 0.010339
1 0.243244 0.359756 0.040785 0.035203
0 0.603592 0.520569 0.012908 0.008966
0 0.215512 0.842109 0.014080 0.012844
0 0.612023 0.722697 0.011612 0.009589
0 0.256578 0.690439 0.012797 0.009849
0 0.314189 0.842184 0.011992 0.010059
0 0.739393 0.493427 0.016115 0.012470
0 0.271471 0.845761 0.014558 0.011459
0 0.221671 0.466519 0.020337 0.017761
0 0.417089 0.435767 0.013448 0.010023
0 0.301359 0.858803 0.017544 0.014957
0 0.053429 0.631712 0.013558 0.010478
0 0.660734 0.677254 0.011812 0.009939
0 0.263340 0.648093 0.015929 0.010715
0 0.361879 0.694741 0.013881 0.011855
0 0.385290 0.518936 0.014942 0.011844
0 0.553000 0.843994 0.013008 0.009654
0 0.649920 0.491171 0.014314 0.011157
0 0.275051 0.515650 0.012284 0.010451
0 0.694892 0.642920 0.012502 0.010547
0 0.692499 0.606028 0.021922 0.014650
0 0.550786 0.728825 0.011173 0.009711
0 0.384650 0.328840 0.014169 0.010832
0 0.532570 0.497400 0.020622 0.014253
0 0.542607 0.422496 0.014036 0.011182
0 0.678381 0.755144 0.011203 0.009530
0 0.063358 0.526323 0.017035 0.015751
0 0.273519 0.410263 0.015639 0.016347
0 0.029058 0.599010 0.012205 0.010761
0 0.691897 0.484640 0.012364 0.009375
0 0.407892 0.488325 0.012474 0.009983
0 0.186448 0.662627 0.014774 0.010711
0 0.576892 0.671840 0.009962 0.007987
0 0.336477 0.689559 0.013258 0.009104
0 0.651704 0.556306 0.011269 0.008537
0 0.667759 0.412517 0.015208 0.012060
0 0.107497 0.456136 0.015513 0.011540
0 0.123214 0.561235 0.017056 0.013327
0 0.573486 0.348952 0.013619 0.012256
0 0.456046 0.411819 0.016176 0.012491
0 0.111245 0.695861 0.011463 0.008941
0 0.222555 0.403606 0.012804 0.010606
0 0.358704 0.688451 0.012877 0.013750
0 0.537695 0.797218 0.013024 0.009862
0 0.691811 0.571113 0.012493 0.009466
0 0.489239 0.497669 0.014782 0.011856
0 0.556177 0.820927 0.013184 0.014656
0 0.349238 0.742917 0.013411 0.011396
0 0.365552 0.633016 0.013165 0.010964
0 0.594937 0.440758 0.013172 0.011789
0 0.004936 0.671821 0.009872 0.009455
0 0.150832 0.599788 0.013032 0.010953
0 0.330983 0.603711 0.011260 0.008945
0 0.521917 0.790150 0.012908 0.009735
0 0.720985 0.431486 0.021392 0.012315
0 0.079433 0.706819 0.019414 0.014792
0 0.048919 0.712505 0.014572 0.011193
0 0.034480 0.507736 0.022229 0.015547
0 0.122605 0.814493 0.013825 0.010241
0 0.180957 0.759442 0.011184 0.010069
0 0.405448 0.515251 0.014703 0.010012
0 0.349745 0.350451 0.013450 0.010998
0 0.343456 0.535152 0.016426 0.013821
0 0.482122 0.816695 0.010206 0.008201
0 0.183275 0.732689 0.011608 0.010248
0 0.173413 0.510478 0.014011 0.010110
0 0.328075 0.432452 0.014713 0.010596
0 0.610370 0.749515 0.012130 0.011798
0 0.195152 0.611226 0.016652 0.018506
0 0.239956 0.721724 0.012308 0.011125
0 0.206312 0.439562 0.013115 0.009965
0 0.362181 0.863768 0.017890 0.014211
0 0.116068 0.485620 0.013269 0.011602
0 0.471534 0.616842 0.011277 0.009459
0 0.531325 0.479862 0.016270 0.011300
0 0.502691 0.616318 0.012399 0.009531
0 0.194419 0.617592 0.016452 0.014501
0 0.678399 0.813672 0.012491 0.008915
0 0.470801 0.471220 0.016766 0.014916
0 0.422082 0.412533 0.012194 0.009766
0 0.566824 0.495288 0.014400 0.015808
0 0.187819 0.796008 0.014775 0.012405
0 0.312337 0.905646 0.018572 0.013938
0 0.286768 0.534690 0.011717 0.009261
0 0.763483 0.616322 0.013498 0.012047
0 0.236807 0.479748 0.015929 0.012129
0 0.090730 0.764884 0.011698 0.010114
0 0.709445 0.429720 0.019684 0.012538
0 0.299448 0.423699 0.013727 0.011667
0 0.571413 0.466866 0.011438 0.008683
0 0.594473 0.386207 0.012352 0.009818
0 0.572439 0.362981 0.012607 0.011468
0 0.598270 0.347875 0.015828 0.012740
0 0.449959 0.457937 0.022321 0.017507
0 0.280761 0.864292 0.018044 0.014159
0 0.318929 0.403878 0.016508 0.011510
0 0.361802 0.493608 0.014270 0.011072
0 0.455309 0.727887 0.011327 0.009171
0 0.099948 0.433551 0.015761 0.010736
0 0.465516 0.881951 0.015643 0.012451
0 0.230584 0.704210 0.012413 0.008945
0 0.653008 0.614680 0.018021 0.013539
0 0.711644 0.540379 0.012039 0.008876
0 0.035942 0.736307 0.017894 0.013606
0 0.532868 0.396719 0.013604 0.011153
0 0.252688 0.897138 0.016363 0.011242
0 0.004455 0.570136 0.008910 0.011190
0 0.271113 0.343405 0.019933 0.012909
0 0.426907 0.516281 0.013610 0.010094
0 0.460786 0.691739 0.012248 0.007780