0 0.289106 0.279781 0.017541 0.013620
0 0.548337 0.392611 0.016101 0.012606
0 0.359259 0.510310 0.018741 0.014105
0 0.471998 0.169269 0.017354 0.014329
0 0.407270 0.214646 0.018186 0.013721
0 0.328791 0.291223 0.018509 0.016229
0 0.375424 0.294292 0.019000 0.016268
0 0.376400 0.438341 0.016151 0.012684
0 0.323499 0.626075 0.028081 0.022873
0 0.434213 0.270264 0.019004 0.015341
0 0.524964 0.418366 0.015845 0.012416
0 0.205051 0.436762 0.017729 0.013627
0 0.273884 0.233796 0.018441 0.014687
0 0.631509 0.351457 0.018959 0.014041
0 0.301324 0.540282 0.015078 0.011548
0 0.375764 0.484955 0.016844 0.014617
0 0.431469 0.356681 0.021205 0.016928
0 0.624009 0.399609 0.016104 0.012751
0 0.525634 0.457120 0.019843 0.016228
0 0.368187 0.156507 0.013132 0.011582
0 0.175079 0.557857 0.017230 0.014582
0 0.285229 0.484415 0.019592 0.015435
0 0.348905 0.244387 0.020879 0.017212
0 0.574471 0.453712 0.018229 0.013904
0 0.588854 0.281460 0.017972 0.014568
0 0.629166 0.219607 0.017436 0.013933
0 0.643715 0.443679 0.022262 0.017115
0 0.456519 0.355840 0.015662 0.011914
0 0.478388 0.483594 0.017993 0.016143
0 0.255514 0.262108 0.018785 0.014431
0 0.184103 0.497304 0.015925 0.013012
0 0.481373 0.250112 0.021441 0.016607
0 0.688847 0.450010 0.022058 0.017600
0 0.427857 0.244324 0.020433 0.014960
0 0.541231 0.361709 0.014311 0.011503
0 0.538682 0.201126 0.017176 0.013241
0 0.302157 0.574713 0.023259 0.017146
0 0.005110 0.359614 0.010220 0.011159
0 0.490300 0.543823 0.030416 0.021757
0 0.531559 0.567090 0.021103 0.016609
0 0.532610 0.225957 0.021091 0.017562
0 0.561517 0.428075 0.014903 0.012028
0 0.517848 0.386438 0.018275 0.013883
0 0.114761 0.548267 0.016153 0.012932
0 0.341576 0.388272 0.016322 0.014055
0 0.170219 0.371767 0.022064 0.020263
0 0.144182 0.390226 0.014941 0.011761
0 0.310897 0.182527 0.022436 0.020117
0 0.630085 0.514623 0.019986 0.016610
0 0.520557 0.494607 0.016018 0.012961
0 0.165984 0.483760 0.017013 0.013968
0 0.107734 0.256066 0.021165 0.014800
0 0.670883 0.254281 0.017483 0.014138
0 0.261673 0.412035 0.017767 0.014189
0 0.527820 0.302568 0.016573 0.013853
0 0.598709 0.252318 0.022369 0.013521
0 0.583807 0.493916 0.016706 0.014640
0 0.651442 0.246500 0.016224 0.014205
0 0.236769 0.202325 0.020744 0.017063
0 0.363893 0.457600 0.016705 0.011893
0 0.209642 0.538901 0.012366 0.009303
0 0.077043 0.450555 0.015631 0.011488
0 0.118693 0.227214 0.017602 0.014743
0 0.621512 0.310998 0.015545 0.012551
0 0.491987 0.146037 0.014858 0.015224