0 0.687941 0.873115 0.021625 0.021805
1 0.398350 0.530747 0.062313 0.072600
0 0.395049 0.948619 0.020208 0.019772
1 0.171074 0.390090 0.116431 0.120143
0 0.267921 0.623236 0.017594 0.018285
0 0.554770 0.599019 0.030476 0.029361
1 0.650395 0.484239 0.095665 0.088182
0 0.607544 0.647835 0.026451 0.031360
0 0.824095 0.454002 0.016335 0.016989
0 0.504535 0.208424 0.024480 0.023318
0 0.660595 0.740097 0.028761 0.026545
0 0.311453 0.599040 0.025873 0.027935
0 0.504689 0.585563 0.030386 0.031713
0 0.455773 0.202694 0.021488 0.020654
0 0.449232 0.631690 0.019160 0.019859
0 0.432765 0.439786 0.034181 0.025197
0 0.318796 0.287818 0.029248 0.027202
0 0.723711 0.550588 0.023842 0.023813
0 0.242480 0.497441 0.020004 0.020493
0 0.552121 0.756047 0.020280 0.020229
0 0.288304 0.461706 0.032531 0.027244
0 0.561526 0.885525 0.033754 0.025601
1 0.253799 0.281774 0.061833 0.052179
0 0.633242 0.823471 0.017472 0.017927
0 0.688243 0.635134 0.038843 0.034333
0 0.886724 0.443109 0.016452 0.016949
0 0.456571 0.960994 0.022710 0.021786
0 0.591670 0.429113 0.037829 0.028477
0 0.638105 0.642058 0.018072 0.019068
0 0.480669 0.633358 0.018699 0.020077
0 0.268601 0.761403 0.021694 0.022278
0 0.428481 0.732411 0.025546 0.022445
0 0.737014 0.344762 0.049269 0.034843
0 0.321422 0.676705 0.018731 0.019037
0 0.763886 0.958396 0.018682 0.019528
0 0.888230 0.574860 0.039529 0.032769
0 0.310697 0.917918 0.022432 0.023398
1 0.686003 0.634895 0.041246 0.038669
0 0.736384 0.471466 0.017036 0.017178
0 0.223251 0.918019 0.016237 0.016411
0 0.376103 0.258321 0.017440 0.017550
1 0.950482 0.674874 0.050223 0.053943
1 0.949087 0.752069 0.060454 0.031622