0 0.474601 0.417407 0.018358 0.017623
0 0.714963 0.372331 0.019094 0.017646
0 0.342793 0.718310 0.018777 0.018916
0 0.367634 0.329763 0.016077 0.017929
1 0.911699 0.516653 0.044453 0.043228
0 0.423138 0.278287 0.017041 0.019461
0 0.789147 0.496866 0.013856 0.013797
0 0.328179 0.329247 0.015625 0.015666
0 0.201341 0.490608 0.018098 0.018157
0 0.241606 0.397893 0.019027 0.022752
0 0.348862 0.525138 0.020667 0.020087
0 0.131554 0.667078 0.018819 0.019415
0 0.262766 0.561042 0.018576 0.019784
0 0.579503 0.674281 0.017691 0.017197
0 0.858286 0.383701 0.021398 0.021259
0 0.832539 0.592435 0.013639 0.014418
0 0.350964 0.393248 0.024240 0.026054
0 0.512062 0.525131 0.017939 0.016217
0 0.716001 0.727751 0.014985 0.014324
0 0.863854 0.487127 0.013787 0.013801
0 0.749971 0.838874 0.012755 0.013978
0 0.927037 0.586635 0.014423 0.013589
0 0.216207 0.315853 0.020998 0.019287
0 0.787737 0.339294 0.014385 0.016688
0 0.393796 0.391444 0.015701 0.017063
0 0.443902 0.521327 0.015379 0.015814
0 0.457147 0.554309 0.016204 0.016892
0 0.517291 0.428966 0.016955 0.016007
0 0.554123 0.268649 0.012195 0.013549
0 0.885119 0.603316 0.017211 0.017641
0 0.940609 0.782487 0.012452 0.012134
0 0.287526 0.295627 0.028143 0.031484
0 0.398856 0.614241 0.016459 0.016846
0 0.257439 0.513962 0.019376 0.018918
0 0.495877 0.497772 0.027649 0.023780
0 0.904266 0.972895 0.012612 0.014024
0 0.677069 0.565050 0.015753 0.015207
0 0.706643 0.499748 0.020633 0.019218
0 0.707167 0.552241 0.017684 0.016312
0 0.833169 0.425300 0.013565 0.015282
0 0.496831 0.283048 0.014927 0.015701
0 0.894171 0.694121 0.014729 0.014704
1 0.900912 0.784788 0.030566 0.035506
0 0.757621 0.684823 0.018201 0.018771
0 0.667479 0.470298 0.014158 0.016054
0 0.909040 0.953529 0.012992 0.013426
0 0.733078 0.745228 0.015441 0.018795
0 0.823122 0.502974 0.016147 0.017767
0 0.402768 0.578460 0.016636 0.017203
0 0.797552 0.585503 0.016156 0.017205
0 0.414110 0.733549 0.016452 0.016903
0 0.743371 0.577530 0.016430 0.016070
0 0.671396 0.764582 0.013904 0.016148
0 0.632125 0.279343 0.013224 0.015771
0 0.066655 0.640395 0.015902 0.016966
0 0.836557 0.993921 0.012221 0.011370
0 0.980379 0.570973 0.014496 0.015274
0 0.750652 0.546605 0.017390 0.014138
0 0.817422 0.951561 0.011637 0.012749
0 0.654367 0.635536 0.019097 0.018093
0 0.736552 0.502640 0.017655 0.018267
0 0.697948 0.440533 0.019304 0.018967
0 0.721171 0.847208 0.012450 0.014504
0 0.506795 0.244737 0.012283 0.013209
0 0.996014 0.749758 0.007972 0.012397
0 0.297560 0.434850 0.015799 0.016490
0 0.184342 0.637172 0.018073 0.018252
0 0.454909 0.691213 0.017348 0.022004
0 0.379453 0.665682 0.020715 0.018809
0 0.530596 0.370287 0.023770 0.020039
0 0.431542 0.971844 0.015347 0.015844
0 0.900230 0.846178 0.016020 0.014606
0 0.449887 0.403389 0.015676 0.014337
0 0.273241 0.672011 0.014767 0.014881
0 0.971174 0.596687 0.019155 0.017718
0 0.470368 0.325374 0.014341 0.014229
1 0.651339 0.914399 0.038642 0.031082