0 0.132096 0.741273 0.014394 0.020213
1 0.422439 0.338648 0.038459 0.060464
0 0.441326 0.448400 0.020265 0.025521
0 0.296022 0.256009 0.018472 0.024954
0 0.247383 0.212204 0.014365 0.020722
0 0.196155 0.361810 0.017675 0.023576
1 0.516864 0.728872 0.036487 0.041631
0 0.402449 0.772693 0.016788 0.022739
0 0.344462 0.754609 0.025350 0.028694
0 0.413156 0.838696 0.016718 0.022814
0 0.329845 0.637121 0.014227 0.019912
0 0.559038 0.411806 0.017883 0.023078
0 0.198811 0.448673 0.019800 0.022637
0 0.111376 0.720476 0.012980 0.017313
0 0.471514 0.564087 0.015564 0.019167
0 0.487667 0.461782 0.015237 0.020342
0 0.217663 0.280434 0.014351 0.020811
0 0.327597 0.726312 0.017013 0.022209
0 0.226822 0.734990 0.021883 0.029539
0 0.341191 0.502715 0.017693 0.023916
0 0.314040 0.535549 0.012753 0.018237
0 0.226614 0.656573 0.017903 0.024258
0 0.469903 0.597031 0.014798 0.019246
0 0.292266 0.471684 0.013651 0.019905
0 0.360136 0.539570 0.018198 0.024149
0 0.264035 0.451265 0.019040 0.026760
0 0.305856 0.801416 0.017775 0.024852
0 0.264849 0.366271 0.018412 0.030526
0 0.267193 0.233396 0.013641 0.018255
0 0.320822 0.413502 0.013057 0.018562
0 0.209655 0.425641 0.019024 0.025790
0 0.118842 0.817428 0.018544 0.025128
0 0.239100 0.854134 0.022966 0.028720
0 0.378611 0.567716 0.019090 0.028450
0 0.294001 0.339826 0.013353 0.019857
0 0.171967 0.350818 0.014109 0.025800
0 0.553154 0.298663 0.023541 0.036400
0 0.270962 0.348330 0.017306 0.029867
0 0.156019 0.452214 0.013789 0.019454
0 0.240088 0.469792 0.015265 0.023054
0 0.100644 0.486730 0.012329 0.017769
1 0.109354 0.588274 0.043478 0.039526
1 0.460303 0.705765 0.029944 0.026350