0 0.597841 0.367185 0.013852 0.017942
0 0.514740 0.650151 0.015817 0.019623
0 0.511506 0.350929 0.015210 0.020296
0 0.280529 0.106809 0.017230 0.021357
0 0.637840 0.382827 0.011604 0.015488
0 0.605522 0.541663 0.014458 0.018524
0 0.297599 0.203720 0.011866 0.016536
0 0.629331 0.477982 0.014191 0.019209
0 0.406762 0.285202 0.015344 0.021472
0 0.371911 0.537308 0.012462 0.017189
0 0.335103 0.256839 0.012912 0.016090
0 0.300169 0.146235 0.014570 0.017556
0 0.529881 0.566374 0.016407 0.020810
0 0.365325 0.446231 0.012983 0.015705
0 0.582579 0.202505 0.016485 0.019993
0 0.620794 0.276296 0.013690 0.017338
0 0.720489 0.105867 0.014368 0.018620
0 0.684264 0.177509 0.014241 0.017938
0 0.567275 0.078567 0.015881 0.021265
0 0.624925 0.331540 0.011783 0.016540
0 0.693340 0.458266 0.014708 0.019591
0 0.474498 0.528400 0.012895 0.018116
0 0.170705 0.082334 0.017549 0.022978
0 0.620061 0.581599 0.015903 0.019930
0 0.442754 0.434323 0.013633 0.017799
0 0.728227 0.432856 0.013667 0.016898
0 0.570422 0.518206 0.015261 0.019430
0 0.322351 0.645860 0.014088 0.016924
0 0.415542 0.140195 0.014540 0.019676
0 0.131226 0.237729 0.014403 0.019559
0 0.585875 0.653667 0.016605 0.022958
0 0.340640 0.073242 0.015293 0.019354
0 0.448442 0.516976 0.012591 0.016401
0 0.376444 0.114779 0.014503 0.019179
0 0.333566 0.716699 0.020985 0.026941
1 0.240404 0.292601 0.052357 0.063351
0 0.144483 0.156597 0.017245 0.022883
0 0.044878 0.173340 0.013490 0.017758
0 0.566072 0.153601 0.013942 0.017526
0 0.427407 0.064765 0.018813 0.020474
0 0.316246 0.078936 0.016330 0.020156
0 0.544468 0.172948 0.013585 0.019164
0 0.515803 0.506730 0.015974 0.018643
0 0.742604 0.315037 0.014833 0.019890
0 0.509481 0.223553 0.013759 0.016620
0 0.391194 0.336082 0.013036 0.016339
0 0.607431 0.064745 0.017592 0.019819
0 0.330831 0.549578 0.013764 0.017614
0 0.061915 0.319832 0.013202 0.018341
0 0.186140 0.321790 0.011693 0.015327
0 0.110643 0.425575 0.015581 0.019373
0 0.451187 0.039783 0.015969 0.019879
0 0.299989 0.355632 0.014217 0.018173
0 0.306720 0.028673 0.015864 0.017614
0 0.245968 0.375840 0.014470 0.019934
0 0.457758 0.463862 0.012091 0.015739
0 0.251471 0.011608 0.016305 0.021328
0 0.290436 0.699367 0.019822 0.023876
0 0.569713 0.007209 0.013022 0.014418
0 0.534573 0.621307 0.015282 0.022344
0 0.573887 0.338891 0.011060 0.014954
0 0.702008 0.062990 0.013570 0.019016
0 0.694482 0.370771 0.014471 0.019991
0 0.394633 0.585804 0.015470 0.021794
0 0.516742 0.086839 0.013352 0.017595
0 0.350138 0.505346 0.012065 0.015599
0 0.562104 0.408981 0.013768 0.016826
0 0.296373 0.462165 0.016526 0.021888
0 0.343749 0.359399 0.014825 0.021421
0 0.505962 0.389408 0.012785 0.017184
0 0.589499 0.021647 0.016024 0.020731
0 0.323933 0.230715 0.012159 0.017769
0 0.269510 0.601471 0.015871 0.021447
0 0.290152 0.658663 0.018120 0.022709
0 0.357419 0.103320 0.015198 0.023798
0 0.119738 0.134047 0.013748 0.018886
0 0.619842 0.409086 0.013085 0.016847
0 0.502415 0.122761 0.013752 0.016998
0 0.555424 0.457018 0.014864 0.019166
0 0.549471 0.300584 0.015542 0.021849
0 0.423818 0.034002 0.017574 0.022092
0 0.073315 0.275926 0.015719 0.017355
0 0.405976 0.643649 0.024312 0.025757
0 0.202469 0.186545 0.014969 0.017015
0 0.706422 0.130446 0.012585 0.016869
0 0.488867 0.274952 0.018797 0.024254
0 0.476367 0.318717 0.015946 0.017302
0 0.560833 0.110711 0.013810 0.016558
0 0.313966 0.690420 0.019053 0.024536
0 0.468607 0.378591 0.013790 0.017763
0 0.346849 0.610176 0.013548 0.021320
0 0.167534 0.206537 0.015884 0.024734
0 0.676262 0.212010 0.013531 0.019115
0 0.208535 0.262555 0.014025 0.016276
0 0.605100 0.621620 0.015176 0.023739
0 0.611536 0.146572 0.011809 0.015720
0 0.393628 0.023978 0.014358 0.018357
0 0.475462 0.625014 0.014558 0.020355
0 0.276904 0.395554 0.016897 0.021011
0 0.079444 0.430960 0.013643 0.016852
0 0.629313 0.553988 0.012449 0.015059
0 0.110881 0.208470 0.012790 0.016762
0 0.652056 0.123653 0.011471 0.014559
0 0.332942 0.463874 0.012613 0.019046
0 0.216620 0.331575 0.014642 0.019754
0 0.652622 0.241519 0.013087 0.017350
0 0.711315 0.497012 0.017717 0.021151
0 0.312840 0.438311 0.012924 0.015964
0 0.655519 0.158307 0.015468 0.018733
0 0.080905 0.391816 0.015499 0.018943
0 0.542104 0.500481 0.011303 0.013774
0 0.231204 0.558848 0.011621 0.015109
0 0.447428 0.152960 0.015067 0.017962
0 0.290630 0.273921 0.010972 0.013514
0 0.305585 0.391275 0.013113 0.015850
0 0.484883 0.180612 0.018350 0.022189
0 0.439553 0.280033 0.014473 0.020822
0 0.214922 0.586749 0.015272 0.022419
0 0.731465 0.397549 0.012061 0.016387
0 0.376119 0.354518 0.013079 0.016191
0 0.025026 0.307955 0.012132 0.014600
0 0.411848 0.514709 0.011683 0.018157
0 0.427783 0.627456 0.012865 0.017988
0 0.095464 0.241665 0.020729 0.023333
0 0.659803 0.477524 0.013112 0.017257
0 0.658116 0.036228 0.012064 0.015851
0 0.481207 0.136131 0.017132 0.023947
0 0.356045 0.005324 0.013011 0.010648
0 0.736198 0.004222 0.014001 0.008444
0 0.780040 0.115311 0.016295 0.020829
0 0.433005 0.549293 0.013441 0.018781
0 0.506865 0.609626 0.017777 0.019451
0 0.771965 0.073178 0.020123 0.024203
0 0.392949 0.529592 0.010907 0.015241
0 0.195973 0.100296 0.012694 0.016831
0 0.113853 0.282338 0.016313 0.017434
1 0.098415 0.549247 0.051374 0.072347
0 0.533973 0.042966 0.021103 0.029736
0 0.335648 0.168701 0.020653 0.022377
0 0.479959 0.671138 0.013963 0.018591
0 0.426719 0.484635 0.012303 0.018178
0 0.240254 0.662285 0.018554 0.022401
0 0.443276 0.211831 0.020318 0.023101
0 0.705340 0.294989 0.015446 0.022043
0 0.231776 0.041539 0.016019 0.021627
0 0.356623 0.046129 0.015299 0.020228
0 0.216295 0.021890 0.016476 0.021170
0 0.084214 0.188455 0.015739 0.021192
0 0.194987 0.369692 0.017158 0.025085
0 0.034931 0.213914 0.012687 0.016359
0 0.163473 0.620938 0.013303 0.017997
0 0.145402 0.017749 0.017203 0.023255
0 0.030925 0.358834 0.011921 0.015922
0 0.624346 0.251700 0.011655 0.015002
0 0.185623 0.174264 0.013434 0.016243
0 0.356034 0.219392 0.016805 0.016853
0 0.369208 0.213913 0.013103 0.016998
0 0.716250 0.268075 0.014690 0.018969
0 0.177179 0.568257 0.014485 0.018854
0 0.336594 0.140156 0.015784 0.020100
0 0.596982 0.492468 0.014440 0.017536
0 0.572480 0.604378 0.017604 0.022501
0 0.010919 0.179018 0.012777 0.015407
0 0.766470 0.349085 0.015180 0.019640
0 0.239435 0.345283 0.015761 0.021587
0 0.385843 0.264655 0.012901 0.019205
0 0.414811 0.212597 0.014388 0.020545
0 0.767747 0.150774 0.011900 0.015946
0 0.745719 0.145564 0.013822 0.019543
0 0.399935 0.181430 0.014032 0.019635
0 0.036216 0.015390 0.017729 0.021528
0 0.782548 0.032446 0.018956 0.022893
0 0.476188 0.008880 0.010708 0.014396
1 0.168519 0.467395 0.058224 0.079065
0 0.255121 0.233057 0.017037 0.024448
0 0.343167 0.166490 0.025085 0.023172
0 0.367190 0.618329 0.014822 0.023210
0 0.032970 0.242699 0.012665 0.016267
0 0.386042 0.292307 0.012381 0.016003
0 0.644628 0.199831 0.012312 0.016782
0 0.003748 0.328299 0.007496 0.015172
0 0.090238 0.322144 0.012457 0.016057
0 0.240061 0.160990 0.012933 0.018666
0 0.675626 0.483615 0.013627 0.017115
0 0.358294 0.710629 0.015643 0.017602
0 0.726588 0.301381 0.013101 0.014984
0 0.391663 0.631945 0.023748 0.027456
0 0.745846 0.020151 0.012516 0.016315
0 0.337217 0.432862 0.010722 0.013934
0 0.254450 0.549230 0.022081 0.020917
0 0.363217 0.636870 0.014294 0.018412
0 0.010007 0.352847 0.012513 0.015695
0 0.578732 0.238592 0.013697 0.019688
0 0.480452 0.591966 0.013784 0.016869
0 0.230995 0.478961 0.010999 0.017708
0 0.339216 0.327474 0.013853 0.016738
0 0.159390 0.561824 0.015038 0.021074
0 0.673796 0.102322 0.010255 0.013545
0 0.757509 0.257488 0.012579 0.022176
0 0.739305 0.186920 0.011028 0.013147
0 0.408565 0.425207 0.011293 0.016528
0 0.653631 0.015914 0.012313 0.017010