0 0.243877 0.753488 0.019007 0.014133
0 0.214641 0.773419 0.020230 0.014998
0 0.256906 0.785633 0.021183 0.015384
0 0.268888 0.517908 0.024387 0.013963
0 0.273886 0.438289 0.019419 0.014525
0 0.379524 0.537011 0.016749 0.012381
0 0.499075 0.518917 0.019545 0.014779
0 0.303096 0.797603 0.022887 0.017033
0 0.307159 0.455871 0.017897 0.013299
0 0.257716 0.461702 0.018374 0.013475
0 0.454289 0.481555 0.024305 0.018304
0 0.036358 0.660241 0.017781 0.013027
0 0.511317 0.416833 0.019303 0.013636
0 0.317890 0.635616 0.016250 0.012463
0 0.396614 0.357129 0.017851 0.013396
0 0.332694 0.604307 0.017272 0.013165
0 0.136870 0.667700 0.017408 0.012481
0 0.331653 0.561914 0.016145 0.012456
0 0.512983 0.316142 0.017743 0.013058
0 0.077107 0.635783 0.020499 0.014153
0 0.548839 0.377205 0.019696 0.015911
0 0.241613 0.501225 0.019431 0.013849
0 0.609362 0.397917 0.018904 0.014416
0 0.356359 0.489141 0.017006 0.012438
0 0.379079 0.432915 0.018170 0.013471
0 0.465443 0.812788 0.024221 0.018967
0 0.529222 0.339833 0.018496 0.013569
0 0.466654 0.355972 0.019013 0.014573
0 0.628711 0.379067 0.020068 0.015076
0 0.394622 0.638539 0.018293 0.013422
0 0.129045 0.693970 0.019907 0.013559
0 0.156937 0.690491 0.017674 0.012764
0 0.267144 0.483661 0.017333 0.012064
1 0.448328 0.555607 0.050544 0.038462
0 0.493866 0.490326 0.017110 0.012830
0 0.296054 0.542254 0.020357 0.012610
1 0.395090 0.241654 0.077121 0.039326
0 0.400427 0.444538 0.017748 0.013425
0 0.689730 0.652828 0.020978 0.015470
0 0.112028 0.725206 0.017843 0.012793
0 0.600121 0.435605 0.028856 0.015789
0 0.418620 0.410917 0.018212 0.014586
0 0.263294 0.608552 0.018524 0.016297
1 0.258292 0.662077 0.056258 0.052847
0 0.465164 0.325773 0.018888 0.014462
0 0.502977 0.436825 0.019224 0.014474
0 0.630949 0.488713 0.017955 0.013637
0 0.180887 0.575164 0.018733 0.013724
0 0.450494 0.734002 0.020659 0.016067
0 0.408997 0.288032 0.014388 0.012850
0 0.419999 0.692283 0.019268 0.015512
0 0.266665 0.377076 0.017713 0.014519
0 0.492686 0.345829 0.021867 0.015132
0 0.200299 0.625049 0.017129 0.012809
0 0.202227 0.409068 0.019047 0.015321
0 0.092278 0.671510 0.018503 0.013816
0 0.409474 0.728318 0.018749 0.013647
0 0.435011 0.347135 0.016032 0.012119
0 0.354398 0.576136 0.015182 0.010788
0 0.138665 0.318688 0.024170 0.019081
0 0.130728 0.617556 0.013776 0.010399
0 0.288239 0.725411 0.021124 0.015737
0 0.165581 0.739159 0.015873 0.012618
0 0.398145 0.746570 0.021788 0.015861
0 0.666203 0.401882 0.016839 0.013905
0 0.707821 0.409549 0.018155 0.014958
0 0.273534 0.585808 0.015730 0.011314
0 0.369268 0.802322 0.022357 0.017402
0 0.271955 0.694676 0.015562 0.011391
0 0.257923 0.573679 0.017111 0.015303
0 0.370506 0.749237 0.019830 0.015193
0 0.035550 0.396413 0.021684 0.017477
0 0.563776 0.803643 0.016696 0.012688
0 0.278249 0.556543 0.017634 0.011611
0 0.272213 0.763270 0.017295 0.012956
0 0.712413 0.572126 0.017931 0.013909
0 0.534104 0.794727 0.017836 0.014352
0 0.333280 0.294607 0.014320 0.012813
0 0.477076 0.458579 0.021208 0.012812
0 0.560056 0.508514 0.017647 0.013145
0 0.599020 0.727750 0.020196 0.014338
0 0.681509 0.620844 0.019200 0.014506
0 0.377173 0.693814 0.013579 0.011680
0 0.495182 0.754830 0.018436 0.013710
0 0.697561 0.595603 0.020315 0.016176
0 0.347920 0.627606 0.016856 0.012946
0 0.757387 0.505065 0.018704 0.015017
0 0.467158 0.278353 0.021219 0.017358
0 0.538907 0.560558 0.019888 0.016595
0 0.309369 0.273980 0.011752 0.011260
0 0.040352 0.706049 0.016441 0.012665
0 0.395904 0.824027 0.033702 0.022345
0 0.090383 0.661964 0.016892 0.015767
0 0.706400 0.377046 0.025898 0.017348
0 0.654699 0.339712 0.024846 0.019853
0 0.252537 0.292445 0.020170 0.017728
0 0.150664 0.426813 0.016302 0.013800
0 0.623212 0.711783 0.020539 0.018438
0 0.717102 0.495818 0.015408 0.012598
0 0.156007 0.632758 0.014483 0.011032
0 0.269555 0.307631 0.014038 0.011504
0 0.051431 0.728446 0.014928 0.011415
0 0.491801 0.708430 0.015328 0.012100
0 0.392607 0.721999 0.018052 0.012372
0 0.384118 0.573971 0.012801 0.009668