0 0.634740 0.434879 0.013402 0.010685
0 0.348317 0.231849 0.016951 0.013382
0 0.355688 0.368878 0.013937 0.010116
0 0.424094 0.224251 0.014718 0.012505
0 0.437970 0.538742 0.012666 0.010797
0 0.630624 0.364695 0.013548 0.011162
0 0.563206 0.522863 0.013827 0.010710
1 0.768346 0.386821 0.046349 0.036052
0 0.483964 0.583500 0.011744 0.009893
0 0.508028 0.376298 0.013726 0.011563
1 0.826736 0.456395 0.049615 0.038649
0 0.499194 0.211756 0.015709 0.012544
0 0.406836 0.510193 0.011416 0.009001
0 0.458217 0.368028 0.013311 0.010620
0 0.317419 0.441780 0.015703 0.012440
0 0.510021 0.351326 0.011868 0.008688
0 0.268062 0.644527 0.013971 0.012217
0 0.533584 0.394765 0.011937 0.009709
0 0.236336 0.486481 0.011444 0.008844
0 0.616509 0.214449 0.015442 0.011503
0 0.238362 0.581244 0.011856 0.009362
0 0.116022 0.371538 0.015732 0.013123
0 0.323275 0.513401 0.011466 0.010512
0 0.410349 0.730247 0.017646 0.013449
0 0.301296 0.307959 0.014259 0.010220
1 0.526140 0.440040 0.063239 0.035443
0 0.308412 0.202855 0.015185 0.012494
0 0.625913 0.496139 0.010830 0.008736
0 0.410749 0.246702 0.012937 0.010334
0 0.297123 0.484731 0.014814 0.010414
0 0.464767 0.487065 0.013433 0.011647
0 0.729883 0.543584 0.012981 0.009939
0 0.208782 0.616119 0.011881 0.009969
0 0.514931 0.250266 0.016785 0.014548
0 0.496767 0.553757 0.012095 0.008974
0 0.474515 0.448729 0.013282 0.010307
1 0.603594 0.306711 0.047642 0.037640
0 0.631371 0.389105 0.013803 0.010441
0 0.262296 0.537926 0.013232 0.009649
0 0.485214 0.336899 0.013645 0.010171
0 0.749663 0.429626 0.010997 0.009373
0 0.378747 0.723868 0.019001 0.014417
0 0.560677 0.209195 0.013598 0.010350
0 0.337289 0.252050 0.015511 0.011485
0 0.658843 0.378147 0.013469 0.010255
0 0.267388 0.237938 0.017155 0.013468
0 0.333593 0.616026 0.013381 0.010903
0 0.308162 0.409417 0.011882 0.009452
0 0.684459 0.322382 0.012148 0.009361
0 0.448487 0.246058 0.012704 0.010031
0 0.289855 0.394191 0.012111 0.009815
0 0.335854 0.427174 0.012624 0.009311
0 0.248413 0.280016 0.014040 0.010973
0 0.690866 0.437805 0.013432 0.010885
0 0.315423 0.225765 0.016548 0.013326
0 0.461161 0.390568 0.013698 0.012670
0 0.567851 0.420677 0.011459 0.009273
0 0.529270 0.527032 0.012904 0.010219
0 0.424289 0.488425 0.011708 0.009626
0 0.382023 0.348508 0.014623 0.010385
0 0.721784 0.502313 0.010854 0.008533
0 0.378317 0.608625 0.010345 0.008218
0 0.681207 0.407465 0.011144 0.008837
1 0.222575 0.420199 0.040395 0.028010
0 0.367111 0.330408 0.014463 0.011710
0 0.384330 0.529048 0.013105 0.010695
0 0.233638 0.629923 0.015758 0.010943
0 0.301702 0.541862 0.010124 0.008911
0 0.348464 0.713260 0.018845 0.015377
0 0.592006 0.513786 0.012460 0.010626
0 0.752095 0.303296 0.015790 0.011590
1 0.335691 0.331931 0.036514 0.026344
0 0.261201 0.456998 0.010849 0.009372
0 0.575024 0.566510 0.011688 0.009262
0 0.188262 0.259338 0.015383 0.012369
0 0.592807 0.573611 0.013822 0.011096
0 0.366083 0.522593 0.012246 0.010457
0 0.410564 0.419426 0.015092 0.012337
0 0.274495 0.597833 0.011098 0.009449
0 0.287822 0.583173 0.011563 0.008802
0 0.358762 0.503045 0.013602 0.010036
0 0.471207 0.286449 0.013560 0.012550
0 0.596141 0.405805 0.015750 0.011375
0 0.749133 0.280732 0.015245 0.012397
0 0.414387 0.531971 0.011629 0.009281
0 0.253369 0.265036 0.013346 0.010795
0 0.264295 0.212324 0.014926 0.012011
0 0.365788 0.695137 0.014844 0.011148
0 0.425724 0.282554 0.017705 0.011708
0 0.765300 0.329357 0.015181 0.012321
0 0.190015 0.279478 0.020504 0.015690
0 0.499705 0.456529 0.012950 0.009497
0 0.640982 0.462742 0.010393 0.007873
0 0.557834 0.552891 0.011316 0.009387
0 0.602470 0.423392 0.012105 0.009534
0 0.089559 0.382029 0.017419 0.014675
0 0.298720 0.356533 0.014511 0.015541
0 0.747241 0.453039 0.011644 0.009053
0 0.272790 0.332698 0.013528 0.009429
0 0.482977 0.473417 0.013407 0.011224
0 0.664123 0.303775 0.014972 0.011368
0 0.456068 0.194420 0.013126 0.013093
0 0.697442 0.494593 0.010155 0.008518
0 0.678395 0.281329 0.017108 0.013947
0 0.391219 0.406545 0.013624 0.012343
0 0.277303 0.510128 0.014999 0.011319
0 0.511949 0.501574 0.012972 0.009754
0 0.712692 0.627897 0.013816 0.010258
0 0.699782 0.604596 0.011635 0.009609
0 0.218312 0.530707 0.011528 0.010140
0 0.619672 0.584887 0.011279 0.009148
0 0.438013 0.162525 0.016341 0.011908
0 0.111235 0.405291 0.013809 0.010587
0 0.446555 0.306285 0.012567 0.009368
0 0.515072 0.265173 0.014404 0.011716
0 0.701157 0.361147 0.014543 0.012408
0 0.605196 0.470361 0.011486 0.009151
0 0.534569 0.409648 0.011140 0.009529
0 0.464233 0.322939 0.015907 0.009911
0 0.194756 0.485874 0.013074 0.010225
0 0.765740 0.291722 0.016366 0.012418
0 0.615932 0.377151 0.011915 0.009128
0 0.133391 0.508990 0.014002 0.011705
0 0.730769 0.371146 0.011699 0.008639
0 0.556568 0.234215 0.022484 0.022517
0 0.555781 0.497338 0.011092 0.010403
0 0.531973 0.498172 0.012532 0.010284
0 0.590983 0.531978 0.011671 0.009131
0 0.342035 0.385246 0.010926 0.007945
0 0.234648 0.252554 0.015547 0.012443
0 0.387240 0.706927 0.017599 0.012853
0 0.367769 0.396477 0.015119 0.015050
0 0.149984 0.306251 0.017214 0.013912
0 0.512471 0.535879 0.011977 0.010118
0 0.431659 0.259313 0.013212 0.013494
0 0.341301 0.664214 0.015036 0.010524
0 0.563186 0.325093 0.011860 0.008730
0 0.597419 0.498518 0.012139 0.010862
0 0.404910 0.372163 0.015033 0.009352
0 0.632565 0.196932 0.015855 0.013129
0 0.423250 0.577319 0.013708 0.010720
0 0.254439 0.668621 0.013111 0.009938
0 0.169972 0.340270 0.013767 0.011079
0 0.370938 0.461139 0.010422 0.008765
1 0.571909 0.635757 0.038904 0.029766
0 0.476431 0.527490 0.015242 0.012235
0 0.468969 0.255704 0.012393 0.011380
0 0.680623 0.383577 0.012746 0.009627
0 0.278543 0.558284 0.009741 0.008192
0 0.417751 0.468526 0.011428 0.008698
0 0.714110 0.401462 0.009386 0.007502
0 0.477796 0.608731 0.013598 0.010961
0 0.716554 0.324436 0.014037 0.012140
0 0.448523 0.587021 0.012425 0.011272
0 0.631360 0.534018 0.011219 0.009424
0 0.145876 0.476760 0.010998 0.008975
0 0.432237 0.325871 0.013956 0.013053
0 0.386170 0.371250 0.013036 0.010014
0 0.456114 0.461088 0.010322 0.008274
0 0.420552 0.438589 0.012038 0.008733
0 0.715060 0.430695 0.009989 0.008444
0 0.514716 0.225771 0.015580 0.012027
0 0.303531 0.668055 0.013189 0.011840
0 0.377432 0.680739 0.011189 0.009141
0 0.466788 0.353733 0.010699 0.008709
0 0.421082 0.596424 0.011409 0.009049
0 0.441648 0.714542 0.016060 0.011894
0 0.652970 0.416316 0.013376 0.009408
0 0.399738 0.483244 0.013538 0.010744
0 0.623846 0.483987 0.010504 0.010253
0 0.319575 0.692517 0.015811 0.011449
0 0.426866 0.554923 0.010581 0.008442
0 0.357162 0.297336 0.011637 0.010068
0 0.741572 0.338201 0.012724 0.009994
0 0.429669 0.351291 0.016987 0.011004
0 0.530346 0.337605 0.011836 0.012772
0 0.261937 0.692061 0.015313 0.011644
0 0.802159 0.347548 0.016354 0.016923
0 0.615374 0.522559 0.011443 0.009299
0 0.736191 0.447162 0.010868 0.008126
0 0.239302 0.357614 0.014628 0.009813
0 0.628264 0.565827 0.014517 0.010501
0 0.125288 0.388118 0.013658 0.011079
0 0.455038 0.505031 0.011039 0.007717
0 0.398977 0.633678 0.010625 0.009432
0 0.481141 0.551311 0.012060 0.008985
0 0.147982 0.377850 0.011252 0.009520
0 0.265688 0.378733 0.019970 0.009453
0 0.787658 0.429602 0.011343 0.009296
0 0.414480 0.698331 0.013475 0.011943
0 0.683471 0.251452 0.017729 0.013556
0 0.416798 0.390168 0.010583 0.008142
0 0.659657 0.437676 0.011412 0.010698
0 0.685667 0.545650 0.010613 0.008551
0 0.113873 0.479561 0.012260 0.009578
0 0.191738 0.399763 0.013577 0.010919
0 0.436015 0.492720 0.014667 0.008635
0 0.218866 0.639609 0.012054 0.009245
0 0.566634 0.191029 0.014273 0.010759
0 0.403471 0.307504 0.012457 0.009262
0 0.265194 0.286447 0.014110 0.010819
0 0.200423 0.306867 0.015397 0.010754
0 0.389912 0.199316 0.013441 0.012434
0 0.355989 0.595225 0.012856 0.009206
0 0.494826 0.277488 0.014783 0.011536
0 0.385279 0.277842 0.012514 0.010090
0 0.598904 0.231141 0.012790 0.018481
0 0.767635 0.350254 0.010006 0.008054
0 0.569894 0.373973 0.016838 0.014415
0 0.251580 0.311881 0.011128 0.011352
0 0.389070 0.590862 0.013089 0.009081
0 0.381380 0.305410 0.012563 0.010831
0 0.479191 0.168478 0.013714 0.013029
0 0.156285 0.552205 0.012244 0.011080
0 0.293806 0.465994 0.014871 0.010034
0 0.096795 0.354563 0.017230 0.015972
0 0.514580 0.402293 0.011889 0.009112
0 0.133902 0.547213 0.012565 0.010269
0 0.674150 0.355320 0.015377 0.014601
0 0.393526 0.323216 0.014501 0.010272
0 0.537292 0.289831 0.012056 0.009899
0 0.401595 0.336116 0.013680 0.010893
0 0.250667 0.307200 0.011222 0.012704