0 0.357566 0.733188 0.022256 0.017056
0 0.590772 0.660478 0.023370 0.018244
0 0.246517 0.790422 0.025059 0.018649
0 0.517871 0.651448 0.022134 0.016741
0 0.391226 0.674532 0.020281 0.016216
0 0.400924 0.696849 0.020237 0.015297
0 0.258033 0.607970 0.020866 0.016703
0 0.683306 0.671377 0.022767 0.017714
0 0.081210 0.658721 0.020599 0.016222
0 0.295936 0.568220 0.019410 0.014898
0 0.437057 0.589073 0.019896 0.015067
0 0.560245 0.523331 0.023943 0.016296
0 0.460923 0.765511 0.019326 0.014519
0 0.668199 0.633977 0.020044 0.016026
0 0.605303 0.563674 0.028011 0.018313
0 0.558485 0.676046 0.019417 0.015864
0 0.526064 0.473691 0.017679 0.014566
0 0.307081 0.826607 0.020769 0.016278
0 0.507868 0.623780 0.019055 0.015288
0 0.500655 0.735482 0.020624 0.016228
0 0.550703 0.828804 0.024594 0.019199
0 0.722505 0.663075 0.020916 0.016192
0 0.581630 0.470978 0.020508 0.015765
0 0.302617 0.897369 0.022711 0.018503
0 0.168840 0.863637 0.019294 0.015123
0 0.553105 0.604880 0.018790 0.015068
0 0.475011 0.515551 0.019740 0.016714
0 0.528215 0.725312 0.019121 0.015316
0 0.312543 0.937256 0.024943 0.018888
0 0.102944 0.823035 0.014255 0.010723
0 0.277909 0.842435 0.018430 0.014131
0 0.401296 0.413545 0.018560 0.016117
0 0.480680 0.702501 0.018769 0.015490
0 0.231689 0.723567 0.017303 0.014400
0 0.132785 0.757503 0.020066 0.020062
0 0.322577 0.537373 0.018717 0.015386
0 0.284685 0.671601 0.018099 0.015049
0 0.408622 0.790356 0.016833 0.015454
0 0.309109 0.661767 0.016893 0.014916
0 0.522493 0.763190 0.021545 0.016386
0 0.129113 0.714955 0.020223 0.015908
0 0.388663 0.592995 0.016427 0.014291
0 0.619252 0.689761 0.019181 0.015803
0 0.335834 0.954019 0.021412 0.016583
0 0.457000 0.833614 0.017401 0.014868