0 0.155803 0.668798 0.023491 0.017908
0 0.293292 0.497183 0.019263 0.015045
0 0.242979 0.537562 0.026183 0.017590
1 0.482800 0.899304 0.047369 0.042425
0 0.729598 0.895541 0.034192 0.023825
0 0.745670 0.780303 0.015197 0.011320
0 0.570164 0.949936 0.038612 0.024688
0 0.776533 0.616248 0.012466 0.009901
0 0.807020 0.605393 0.012164 0.009443
0 0.195381 0.587069 0.019742 0.015397
0 0.574717 0.825762 0.017076 0.014063
0 0.787794 0.599597 0.013251 0.010203
0 0.518979 0.903503 0.013954 0.012056
0 0.436378 0.408231 0.016439 0.012551
1 0.430099 0.919278 0.033525 0.032328
1 0.299591 0.896829 0.038314 0.026940
1 0.648610 0.420446 0.037117 0.022450