0 0.488680 0.384599 0.019851 0.015523
0 0.674787 0.684320 0.017208 0.013974
0 0.619500 0.701296 0.014972 0.011783
0 0.436823 0.527677 0.020572 0.014750
0 0.576590 0.296768 0.017816 0.015450
0 0.895006 0.574558 0.015538 0.011045
0 0.764443 0.457882 0.014922 0.011559
0 0.506135 0.774265 0.017179 0.014630
0 0.435916 0.726462 0.015937 0.012983
0 0.661413 0.489578 0.016269 0.011815
0 0.731052 0.686774 0.014959 0.011930
0 0.358067 0.700114 0.014146 0.010894
0 0.224247 0.602429 0.016336 0.014129
0 0.559740 0.612815 0.018117 0.014213
0 0.538860 0.575211 0.018149 0.013763
0 0.558936 0.324153 0.016569 0.014024
0 0.434361 0.610510 0.017260 0.013331
0 0.751975 0.553413 0.015916 0.012786
0 0.753044 0.356772 0.019935 0.014863
0 0.887203 0.514393 0.015249 0.011455
0 0.622741 0.285785 0.021181 0.016684
0 0.746450 0.525256 0.015454 0.011377
0 0.502822 0.581937 0.017239 0.013311
0 0.356632 0.541986 0.015884 0.012948
0 0.354818 0.751687 0.014923 0.010691
0 0.831112 0.749450 0.014654 0.010756
0 0.792689 0.470161 0.020745 0.016197
0 0.460764 0.722941 0.015148 0.012496
0 0.364369 0.455675 0.017770 0.012908
0 0.797197 0.691703 0.014579 0.010521
0 0.724979 0.634894 0.015021 0.012271
0 0.499626 0.331135 0.016375 0.013986
0 0.399425 0.449838 0.015957 0.012842
0 0.490451 0.700994 0.017769 0.013014
0 0.567505 0.548190 0.021179 0.016071
0 0.460390 0.645794 0.016337 0.013397
0 0.350597 0.664536 0.015041 0.012343
0 0.740752 0.796789 0.020333 0.012945
0 0.789246 0.592558 0.014450 0.011217
0 0.677486 0.648927 0.015390 0.015709
0 0.618667 0.481315 0.015706 0.012569
0 0.675140 0.463564 0.013890 0.010904
0 0.699512 0.500747 0.015117 0.012544
0 0.831357 0.690507 0.012881 0.010123
0 0.339008 0.590327 0.020151 0.013036
0 0.541540 0.760808 0.021000 0.014901
0 0.808312 0.673069 0.014219 0.012513
0 0.710468 0.476573 0.014008 0.011067
0 0.575836 0.646828 0.015291 0.012437
0 0.495819 0.736046 0.016032 0.012109
0 0.458560 0.661597 0.016053 0.013349
0 0.719048 0.514135 0.013832 0.010876
0 0.524485 0.310852 0.015729 0.014105
0 0.162557 0.558442 0.014087 0.011298
0 0.614915 0.644226 0.015942 0.012908
0 0.221268 0.637671 0.013709 0.011076
0 0.536098 0.791137 0.019756 0.017696
0 0.162598 0.610515 0.016787 0.012583
0 0.346753 0.525982 0.014806 0.013780
0 0.848367 0.613486 0.013412 0.010448
0 0.792752 0.712489 0.015532 0.012456
0 0.433951 0.444169 0.025405 0.014761
0 0.379616 0.517507 0.015431 0.011806
0 0.451140 0.481517 0.014599 0.012929
0 0.507235 0.630647 0.017230 0.013987
0 0.664926 0.347716 0.015006 0.013409
0 0.536869 0.621036 0.019970 0.015235
0 0.410710 0.563410 0.015918 0.013357
0 0.663683 0.799244 0.016011 0.013033
0 0.679453 0.517656 0.015495 0.012000
0 0.266681 0.561051 0.017742 0.012879
0 0.484435 0.452503 0.016210 0.013254
0 0.678457 0.642010 0.015498 0.013826
0 0.660674 0.562203 0.021867 0.020413
0 0.778302 0.761914 0.016213 0.012539
0 0.679053 0.654533 0.015466 0.013285