0 0.399624 0.611518 0.010344 0.013641
0 0.506656 0.685965 0.011077 0.015667
0 0.482042 0.729311 0.012159 0.016382
0 0.430656 0.577512 0.011798 0.016499
0 0.571840 0.646993 0.013548 0.018047
0 0.450621 0.634914 0.011372 0.014064
0 0.593342 0.641680 0.011557 0.015719
0 0.196543 0.688573 0.011105 0.014674
0 0.464577 0.803318 0.021412 0.023947
0 0.328917 0.577174 0.012058 0.015295
0 0.166714 0.545090 0.013518 0.017484
0 0.410231 0.488019 0.012209 0.016171
0 0.183061 0.270004 0.013432 0.017813
0 0.229310 0.433926 0.010859 0.014917
0 0.181289 0.348425 0.009644 0.013906
0 0.462021 0.665079 0.010436 0.018284
0 0.439350 0.488620 0.011023 0.016767
0 0.442587 0.665683 0.011963 0.017828
0 0.146809 0.431455 0.012696 0.018607
0 0.324383 0.671978 0.016223 0.025515
0 0.500729 0.704641 0.010999 0.014344
0 0.441261 0.426620 0.013106 0.017433
0 0.419757 0.662787 0.012927 0.019755
0 0.481839 0.701295 0.011529 0.016294
0 0.227190 0.187557 0.011443 0.016285
0 0.342054 0.756076 0.012647 0.018589
0 0.536581 0.526909 0.018090 0.023782
1 0.530852 0.755553 0.047577 0.062460
1 0.581723 0.732130 0.042454 0.052701