0 0.378356 0.573446 0.018113 0.012973
0 0.655464 0.681749 0.024894 0.018239
0 0.293384 0.449539 0.017920 0.013121
0 0.260281 0.510935 0.017385 0.013546
0 0.297255 0.523290 0.017352 0.013153
0 0.692868 0.520258 0.017182 0.013407
0 0.409652 0.353675 0.018037 0.013880
0 0.461151 0.562279 0.016395 0.012781
0 0.500947 0.485309 0.017068 0.013313
0 0.549770 0.481681 0.015567 0.012127
0 0.716190 0.491992 0.017358 0.013785
0 0.559366 0.577121 0.017298 0.012758
0 0.428567 0.533344 0.019082 0.014380
0 0.757369 0.345517 0.015607 0.012577
0 0.279167 0.333125 0.016031 0.012242
0 0.579219 0.429766 0.017592 0.013587
0 0.617372 0.546592 0.017991 0.014616
0 0.382630 0.327160 0.017218 0.013571
0 0.391466 0.217445 0.018072 0.015369
0 0.498392 0.534515 0.015689 0.012806
0 0.550804 0.267455 0.018663 0.015425
0 0.244058 0.547085 0.016009 0.012176
0 0.612275 0.568136 0.017795 0.013484
0 0.798829 0.283186 0.015522 0.012072
0 0.748689 0.527083 0.017262 0.013146
0 0.453045 0.363791 0.017004 0.013053
0 0.513613 0.453643 0.017533 0.014306
0 0.573285 0.376552 0.015727 0.011691
0 0.634737 0.426914 0.016343 0.012807
0 0.742372 0.233799 0.015347 0.012503
0 0.222221 0.364331 0.018467 0.013708
0 0.373440 0.542591 0.014518 0.011385
0 0.415236 0.619184 0.018451 0.015335
0 0.409364 0.552164 0.016708 0.012801
0 0.509408 0.266132 0.016912 0.013872
0 0.456862 0.383524 0.016167 0.012926
0 0.514381 0.205241 0.015554 0.013024
0 0.372431 0.309655 0.015631 0.012511
0 0.776564 0.302061 0.014308 0.011356
0 0.532695 0.330611 0.015432 0.012347
0 0.745773 0.582414 0.017757 0.013422
0 0.535868 0.639640 0.019532 0.014622
0 0.239651 0.475318 0.015425 0.012038
0 0.403245 0.516673 0.018313 0.012582
0 0.732974 0.291922 0.014635 0.011921
0 0.680116 0.443428 0.017457 0.013466
0 0.364408 0.685841 0.019218 0.013822
0 0.890027 0.411305 0.018839 0.013895
0 0.578730 0.406917 0.014883 0.011441
0 0.232900 0.396279 0.019815 0.014956
0 0.716905 0.208566 0.015595 0.012510
0 0.417586 0.407890 0.017346 0.015907
0 0.835642 0.568908 0.019850 0.017008
0 0.840259 0.381915 0.016595 0.013162
0 0.779343 0.422052 0.015618 0.012424
1 0.883307 0.328331 0.042342 0.032897
0 0.781847 0.555694 0.016754 0.012603
0 0.625885 0.220159 0.019486 0.013521
0 0.694794 0.435073 0.014870 0.012468
0 0.562819 0.603312 0.019340 0.015345
0 0.210243 0.459169 0.014327 0.011417
0 0.473101 0.519000 0.014793 0.012403
0 0.204874 0.523611 0.014891 0.011231
0 0.406225 0.481719 0.015441 0.011794
0 0.425532 0.563904 0.016178 0.012129
0 0.824442 0.321540 0.012976 0.010918
0 0.576907 0.191958 0.014617 0.012767
0 0.296498 0.421117 0.016685 0.011780
0 0.354640 0.649660 0.016962 0.012976
0 0.275041 0.374475 0.013273 0.011129
0 0.387865 0.265094 0.014789 0.011611
0 0.662476 0.419468 0.015802 0.011601
0 0.194555 0.374498 0.018811 0.016390
1 0.657131 0.318977 0.045352 0.030004
0 0.281472 0.246600 0.017055 0.014624
0 0.901083 0.349018 0.015124 0.012567
0 0.214674 0.549695 0.014806 0.012522
0 0.353885 0.669263 0.019087 0.013220
0 0.783656 0.651088 0.016166 0.011754
0 0.874758 0.546857 0.014270 0.011295
0 0.753939 0.599715 0.018605 0.014923
0 0.255204 0.595760 0.014363 0.011786
0 0.688179 0.439308 0.023977 0.016796
0 0.890615 0.492134 0.018618 0.014633