0 0.777010 0.516465 0.015653 0.012354
0 0.266905 0.619080 0.017347 0.013956
0 0.441388 0.669861 0.016080 0.014589
0 0.324649 0.560422 0.014283 0.012029
0 0.613777 0.460624 0.020782 0.014218
0 0.591077 0.490727 0.015168 0.013322
0 0.437292 0.802060 0.018523 0.014593
0 0.349383 0.610299 0.016349 0.013512
0 0.260722 0.741186 0.014203 0.011267
0 0.816820 0.567755 0.014529 0.011887
0 0.278566 0.680370 0.015818 0.012543
0 0.191162 0.613498 0.016177 0.012272
0 0.826913 0.477482 0.015548 0.012886
0 0.596334 0.527244 0.017342 0.013377
0 0.655539 0.876211 0.017970 0.013376
0 0.530459 0.710060 0.016531 0.012412
0 0.343696 0.568433 0.015209 0.012250
0 0.802452 0.532063 0.013351 0.010763
0 0.481842 0.483915 0.015150 0.011893
0 0.782060 0.702834 0.015991 0.012697
0 0.688989 0.879200 0.015042 0.011533
0 0.679977 0.703660 0.017190 0.014765
0 0.660285 0.501826 0.018240 0.013860
0 0.876820 0.753115 0.017524 0.012088
0 0.658916 0.578486 0.019252 0.013195
0 0.595164 0.568843 0.018885 0.015217
0 0.187241 0.672658 0.014737 0.010820
0 0.363589 0.584709 0.015844 0.012819
0 0.740617 0.568791 0.016157 0.012011
0 0.510633 0.666581 0.015923 0.012218
0 0.348151 0.476930 0.015388 0.012750
0 0.268813 0.868324 0.014579 0.011546
0 0.523206 0.449750 0.016741 0.013091
0 0.596200 0.911072 0.020385 0.016024
0 0.708800 0.543255 0.017592 0.014172
0 0.819264 0.617004 0.014563 0.011615
0 0.603536 0.856995 0.017246 0.014323
0 0.312316 0.885485 0.016629 0.012886
0 0.635593 0.898577 0.024319 0.019963
0 0.529175 0.471473 0.014538 0.011107
0 0.308277 0.707320 0.015364 0.013484
0 0.439737 0.538748 0.017672 0.012733
0 0.400226 0.886741 0.016707 0.012640
0 0.609187 0.500995 0.013038 0.010650
0 0.636258 0.411325 0.012981 0.010691
0 0.879307 0.646925 0.013261 0.011317
0 0.551161 0.692801 0.019681 0.015369
0 0.258289 0.509190 0.019246 0.013167
0 0.846967 0.684082 0.014134 0.010653
0 0.828939 0.458029 0.015723 0.013349
0 0.820626 0.798475 0.017401 0.011559
0 0.733564 0.660164 0.017349 0.012737
0 0.531166 0.500025 0.016097 0.014727
1 0.792805 0.778869 0.039344 0.030709
0 0.423937 0.573727 0.014391 0.011937
0 0.762860 0.878856 0.018063 0.013591
0 0.791566 0.621932 0.014116 0.011298
0 0.832841 0.789969 0.014711 0.011768
0 0.491192 0.517855 0.014692 0.013057
0 0.851421 0.525094 0.013218 0.011521
0 0.873060 0.501308 0.020195 0.015934
1 0.225358 0.466471 0.035040 0.027946
0 0.506436 0.586092 0.017420 0.011401
0 0.274136 0.484718 0.014959 0.012811
0 0.756056 0.850408 0.012587 0.009620
0 0.511421 0.563084 0.014476 0.011224
0 0.434062 0.703747 0.015041 0.011915
0 0.668872 0.421394 0.016634 0.013893
0 0.396047 0.795710 0.021443 0.012412
0 0.774409 0.598481 0.013711 0.010942
0 0.626018 0.924238 0.026544 0.018797
0 0.532080 0.634340 0.017712 0.013822
0 0.381476 0.460077 0.015199 0.013226
0 0.749097 0.483069 0.015365 0.012621
0 0.392747 0.689657 0.011879 0.009839
0 0.700016 0.482085 0.018900 0.013561
0 0.749990 0.455435 0.014398 0.011305
1 0.920999 0.582084 0.033525 0.027838
1 0.512714 0.352648 0.035920 0.023348