0 0.277352 0.408261 0.020019 0.016016
0 0.274907 0.693926 0.019349 0.014885
0 0.319779 0.376909 0.019959 0.015419
0 0.309862 0.604898 0.022608 0.017751
0 0.640428 0.663576 0.020324 0.016446
0 0.624077 0.477870 0.018248 0.015109
0 0.488596 0.411608 0.021614 0.016387
0 0.435930 0.528126 0.018670 0.015110
0 0.415200 0.421322 0.021628 0.016984
0 0.405176 0.358527 0.017268 0.013703
0 0.531163 0.694655 0.021946 0.018411
0 0.493813 0.309412 0.020964 0.016181
0 0.582042 0.670156 0.022800 0.018670
0 0.518984 0.314914 0.019416 0.015699
0 0.269413 0.323165 0.017995 0.015110
0 0.682123 0.493607 0.017127 0.014063
0 0.401940 0.780282 0.021453 0.016011
0 0.713991 0.422568 0.021791 0.017284
0 0.471480 0.755563 0.022754 0.018176
0 0.307107 0.404779 0.018302 0.014528
0 0.149732 0.440521 0.017804 0.014348
0 0.338955 0.719286 0.022397 0.018683
0 0.499586 0.759615 0.020983 0.016585
0 0.289389 0.659895 0.017854 0.014520
0 0.376202 0.238071 0.015798 0.012366
0 0.557901 0.348553 0.024553 0.018813
0 0.272046 0.725753 0.020294 0.015400
0 0.477205 0.539256 0.021932 0.019024
0 0.497680 0.617295 0.020128 0.018033
0 0.606627 0.538435 0.017855 0.015713
0 0.667633 0.697999 0.022447 0.018262
0 0.607298 0.438107 0.017696 0.015785
0 0.115735 0.462422 0.022171 0.019321
0 0.441550 0.664024 0.016678 0.013329
0 0.657770 0.362936 0.017120 0.014807
0 0.683966 0.347706 0.032533 0.024533
0 0.483569 0.342602 0.017784 0.015399
0 0.243984 0.717366 0.016406 0.013619
0 0.801875 0.407673 0.020670 0.016699
0 0.240253 0.426213 0.015412 0.013835
0 0.561824 0.640899 0.014952 0.011716
0 0.681105 0.474480 0.015392 0.013834
0 0.272074 0.306040 0.021746 0.013935
0 0.457832 0.464739 0.014899 0.013480
0 0.443081 0.275545 0.017764 0.017477
0 0.534675 0.276170 0.015160 0.013048
0 0.665276 0.589067 0.017176 0.014852