0 0.324767 0.491623 0.022745 0.019960
0 0.555598 0.906124 0.021191 0.020255
0 0.433778 0.305102 0.019202 0.019276
0 0.011869 0.731534 0.020665 0.018574
0 0.598470 0.368160 0.016531 0.014834
0 0.324221 0.946006 0.019394 0.020091
0 0.795454 0.659460 0.020896 0.020972
0 0.526260 0.498698 0.020639 0.019345
0 0.344298 0.335912 0.019063 0.018562
0 0.559413 0.512940 0.018387 0.018123
0 0.622302 0.637429 0.018713 0.016992
1 0.105891 0.823307 0.044987 0.046512
0 0.165891 0.742236 0.020184 0.018978
0 0.463985 0.359514 0.016414 0.016991
0 0.138926 0.983646 0.017803 0.019134
0 0.835360 0.519417 0.020069 0.020518
0 0.659013 0.955624 0.023729 0.022369
0 0.597425 0.656181 0.019730 0.020109
0 0.737884 0.607958 0.018425 0.018297
0 0.396160 0.331025 0.016522 0.014769
1 0.182652 0.496776 0.056612 0.047648
0 0.430948 0.343753 0.017858 0.017816
0 0.823648 0.596900 0.023294 0.019922
0 0.397685 0.303207 0.019832 0.019044
0 0.649085 0.292936 0.015377 0.014058
0 0.204450 0.398230 0.018130 0.018404
0 0.237053 0.270787 0.021776 0.023027
0 0.513235 0.267077 0.019880 0.018791
0 0.764705 0.323559 0.019202 0.020574
1 0.496356 0.710066 0.070991 0.078317
0 0.623435 0.305293 0.014804 0.013959
0 0.820463 0.767799 0.023711 0.026552
0 0.868435 0.565850 0.019242 0.018543
0 0.551773 0.256378 0.018166 0.018870
0 0.493866 0.384835 0.018119 0.018229
0 0.362267 0.919687 0.016971 0.016938
0 0.763975 0.657186 0.019274 0.019757
0 0.221320 0.843625 0.015216 0.014676
0 0.324388 0.743152 0.016193 0.014602
0 0.016948 0.789848 0.018950 0.017403
0 0.166355 0.369104 0.016324 0.015904
0 0.536046 0.758945 0.019464 0.018499
0 0.218919 0.913321 0.016763 0.015059
0 0.428375 0.502815 0.019674 0.018941
0 0.324779 0.888551 0.015592 0.014193
0 0.884272 0.612888 0.019684 0.019207
0 0.691283 0.305963 0.016963 0.016368
0 0.441573 0.739581 0.018666 0.017072
0 0.471588 0.278933 0.018768 0.018724
0 0.392483 0.946768 0.020461 0.020266
1 0.701759 0.834248 0.049253 0.044213
0 0.204633 0.710993 0.018987 0.019306
0 0.608896 0.411239 0.020504 0.020944
0 0.584034 0.491718 0.015522 0.013936
0 0.052639 0.750012 0.018418 0.018188
0 0.678572 0.345342 0.018569 0.020847
0 0.376561 0.736672 0.016213 0.016016
0 0.139028 0.564156 0.026672 0.019521
0 0.432669 0.537123 0.019723 0.019223
0 0.026769 0.956244 0.015869 0.014714
0 0.271789 0.944073 0.014901 0.013829
0 0.258514 0.925782 0.017148 0.015740
0 0.610996 0.254349 0.018578 0.019446
0 0.391299 0.710532 0.018279 0.019623
0 0.343075 0.648165 0.018329 0.016718
0 0.289438 0.726871 0.020098 0.016859
0 0.315803 0.539779 0.019393 0.018780
0 0.269544 0.973136 0.020357 0.019460
0 0.354139 0.868652 0.015271 0.014980
0 0.442278 0.773007 0.018884 0.018946
0 0.582790 0.296753 0.016609 0.015515
0 0.176586 0.544092 0.016185 0.015149
0 0.513058 0.563864 0.017384 0.018221
0 0.623488 0.278201 0.014308 0.012585
0 0.585777 0.611260 0.016301 0.015782
1 0.144537 0.524903 0.050900 0.044834
0 0.105602 0.289528 0.018454 0.018818
0 0.408173 0.850756 0.016736 0.014774
0 0.711603 0.330414 0.015618 0.014614
0 0.012520 0.536542 0.020994 0.020654
0 0.519657 0.930457 0.020933 0.019078
0 0.503461 0.364763 0.016148 0.015450
0 0.300772 0.990753 0.017029 0.015311
0 0.173645 0.900968 0.015130 0.014226
0 0.174884 0.447225 0.019363 0.020719
0 0.790852 0.372592 0.015403 0.016006
0 0.269854 0.244571 0.020020 0.019370
0 0.474474 0.559568 0.021209 0.023059
0 0.582386 0.542403 0.015874 0.016311
0 0.393134 0.757248 0.015530 0.014504
0 0.201872 0.351474 0.016057 0.014148
0 0.271781 0.869775 0.020966 0.017840
0 0.208455 0.429110 0.016573 0.015222
0 0.353504 0.946007 0.016596 0.016289
0 0.056785 0.899502 0.014601 0.014014
0 0.320555 0.456338 0.020886 0.019179
0 0.557631 0.786231 0.017453 0.016731
0 0.522594 0.407931 0.015281 0.014397
0 0.496826 0.820429 0.015627 0.014887
0 0.596318 0.587036 0.015853 0.014049
1 0.203843 0.199056 0.049297 0.040325
0 0.593772 0.520731 0.015524 0.014972
0 0.500882 0.518997 0.015113 0.013919
0 0.274192 0.299141 0.015972 0.016111
0 0.422835 0.426941 0.016997 0.015257
0 0.568256 0.437695 0.018306 0.019242
0 0.582815 0.719370 0.017841 0.019185
0 0.600826 0.816609 0.014011 0.013576
0 0.559831 0.543601 0.016215 0.014892
0 0.307592 0.564413 0.018388 0.020117
0 0.124069 0.641378 0.017405 0.017617
0 0.641749 0.854153 0.015223 0.014662
0 0.078766 0.847131 0.015758 0.015944
0 0.670960 0.249914 0.024118 0.024153
0 0.116854 0.759505 0.021159 0.020128
0 0.027776 0.934132 0.014341 0.015062
0 0.501067 0.422516 0.019419 0.019118
0 0.230125 0.714196 0.018144 0.019858
0 0.461442 0.233709 0.023347 0.019500
0 0.600894 0.563869 0.019424 0.017341
0 0.211329 0.981995 0.018578 0.018221
0 0.656241 0.871788 0.015736 0.015050
0 0.205395 0.784274 0.017786 0.018601
0 0.111519 0.738604 0.020403 0.018002
0 0.627030 0.433189 0.019215 0.019038
0 0.593267 0.468233 0.015764 0.014799
0 0.739337 0.653490 0.017352 0.017336
0 0.213388 0.655784 0.014956 0.013640
0 0.187386 0.947918 0.018233 0.018348
0 0.401867 0.574624 0.020137 0.023787
0 0.647435 0.324348 0.016757 0.015322
0 0.643162 0.882723 0.019470 0.020777
0 0.409674 0.495766 0.016401 0.015118
0 0.494164 0.219542 0.015471 0.014180
0 0.636761 0.406596 0.015762 0.014813
0 0.781006 0.619756 0.021395 0.021487
0 0.357740 0.295614 0.020749 0.016985
0 0.468882 0.778847 0.019201 0.018752
0 0.554253 0.347139 0.016376 0.015615
0 0.542427 0.615303 0.015542 0.015921
0 0.397692 0.278957 0.015519 0.013820
0 0.193785 0.678973 0.023381 0.017986
0 0.425325 0.778451 0.016993 0.014860
0 0.076517 0.758065 0.016743 0.016881
0 0.180996 0.719488 0.019766 0.016974
0 0.247018 0.645861 0.014391 0.013406
0 0.335391 0.711513 0.015232 0.014449
0 0.194734 0.597035 0.018194 0.016905
0 0.611754 0.692547 0.017120 0.013999
0 0.580496 0.851181 0.014838 0.013993
0 0.361374 0.822422 0.020784 0.019661
0 0.376253 0.266143 0.018025 0.018080
0 0.085175 0.909264 0.018431 0.017472
0 0.603867 0.452895 0.014524 0.013813
0 0.656186 0.821535 0.013525 0.012237
0 0.275394 0.604017 0.015594 0.014912
0 0.521560 0.177488 0.017854 0.019937
0 0.630576 0.225376 0.015505 0.013739
0 0.312356 0.857670 0.014049 0.013762
0 0.224111 0.347591 0.020044 0.018118
0 0.359300 0.408352 0.016185 0.015497
1 0.159346 0.513370 0.078273 0.065251
0 0.287953 0.434018 0.015301 0.015695
0 0.414203 0.469922 0.017313 0.018165
0 0.080442 0.274563 0.019323 0.018132
0 0.200663 0.630845 0.016571 0.015039
0 0.713043 0.398275 0.017375 0.017127
0 0.425603 0.180039 0.013412 0.013364
0 0.468288 0.835829 0.022095 0.021698
0 0.496953 0.767369 0.017000 0.015303
0 0.376943 0.433359 0.018393 0.019195
0 0.009468 0.884221 0.015096 0.013646
0 0.262840 0.557711 0.018057 0.018961
0 0.343964 0.989553 0.019005 0.018894
0 0.551898 0.471813 0.021951 0.016583
0 0.033000 0.325253 0.018441 0.019133
0 0.536929 0.339556 0.018697 0.017542
0 0.258493 0.339960 0.018158 0.014106
0 0.446662 0.461713 0.019221 0.016919
0 0.310109 0.398581 0.015947 0.015661
0 0.391595 0.392692 0.016374 0.015309
0 0.328059 0.848379 0.015622 0.015156
0 0.412518 0.993772 0.017178 0.011704
0 0.493661 0.286551 0.016546 0.015518
0 0.425875 0.611139 0.015587 0.015628
0 0.322530 0.913487 0.017460 0.012788
0 0.160871 0.631076 0.017747 0.016472
0 0.283987 0.340587 0.022400 0.018104
0 0.715684 0.275513 0.021524 0.017680
0 0.657442 0.803721 0.013605 0.013022
0 0.380967 0.532695 0.021931 0.021102
0 0.140907 0.650716 0.018708 0.016746
0 0.063588 0.804801 0.020712 0.018236
0 0.407610 0.543108 0.016215 0.013940
0 0.235632 0.802593 0.018363 0.017741
0 0.324596 0.668471 0.017055 0.016882
0 0.605251 0.749730 0.016043 0.015656
0 0.229744 0.517841 0.018059 0.017821
0 0.379532 0.370530 0.015424 0.014896
0 0.134280 0.606607 0.016476 0.016021
0 0.618812 0.509793 0.016158 0.014430
0 0.378458 0.557379 0.018060 0.017418
0 0.635653 0.805184 0.016626 0.016764
0 0.165683 0.944864 0.014501 0.014324
0 0.614979 0.670544 0.015788 0.014308
0 0.363405 0.388731 0.017770 0.015894
0 0.623491 0.744952 0.016969 0.016808
0 0.229204 0.893890 0.014651 0.014264
0 0.577937 0.821227 0.015534 0.017398
0 0.359219 0.214761 0.018417 0.023211
0 0.256407 0.701882 0.015258 0.015003
0 0.628932 0.823678 0.013985 0.011983
0 0.497597 0.451298 0.016942 0.017703
0 0.539420 0.878709 0.013983 0.012225
0 0.378272 0.889710 0.014254 0.011965
0 0.396765 0.920551 0.020834 0.021341
0 0.323528 0.609876 0.019946 0.019398
0 0.171228 0.797583 0.013915 0.014305
0 0.109125 0.908571 0.014262 0.014383
0 0.532928 0.313211 0.015445 0.019526
0 0.536682 0.471492 0.019711 0.015143
0 0.213825 0.325587 0.020827 0.019618
0 0.526295 0.640979 0.016649 0.015724
0 0.092286 0.787238 0.015147 0.015054
0 0.408465 0.239343 0.017297 0.020487
0 0.255172 0.461414 0.020453 0.021554
0 0.051764 0.945811 0.014770 0.015429
0 0.241123 0.417461 0.015805 0.014032
0 0.400845 0.622413 0.018551 0.018439
0 0.558870 0.690226 0.018078 0.017892
0 0.240562 0.599239 0.018813 0.015027
0 0.255695 0.224492 0.015030 0.016290
0 0.340316 0.304298 0.018075 0.015714
0 0.596015 0.224889 0.016817 0.018430
0 0.379774 0.454925 0.018288 0.019736
0 0.198975 0.675416 0.020433 0.016884
0 0.566444 0.210424 0.014641 0.014114
0 0.336605 0.781388 0.018702 0.019691
0 0.303214 0.347645 0.020761 0.019785
0 0.698368 0.869667 0.017792 0.017689
0 0.311005 0.774933 0.017808 0.018987
0 0.146303 0.760488 0.015145 0.013429
1 0.149091 0.397504 0.032353 0.035044
0 0.443034 0.410914 0.019175 0.021644
0 0.546684 0.343847 0.027638 0.020250
0 0.445032 0.917465 0.014960 0.013616
0 0.456757 0.464301 0.024061 0.019152
0 0.891965 0.687696 0.018795 0.019204
0 0.747721 0.379479 0.016595 0.016983
0 0.274553 0.704787 0.018029 0.018040
0 0.110526 0.249644 0.017236 0.016993
0 0.266108 0.620727 0.015236 0.013443
0 0.338900 0.458848 0.020473 0.016903
0 0.285008 0.838307 0.016737 0.014886
0 0.026894 0.900619 0.013031 0.013568
0 0.140726 0.845827 0.023863 0.025089
0 0.518543 0.545789 0.015097 0.015616
0 0.660237 0.402774 0.016672 0.016566
0 0.709808 0.607139 0.018203 0.018604
0 0.306213 0.720839 0.015327 0.013886
0 0.216127 0.481525 0.015945 0.015581
0 0.903787 0.655164 0.019456 0.018359
0 0.611093 0.719489 0.020084 0.015724
0 0.205057 0.626321 0.016693 0.016465
0 0.223245 0.628618 0.015795 0.012395
0 0.450158 0.805088 0.015509 0.014849
0 0.846842 0.445627 0.020698 0.017903
0 0.685020 0.405502 0.015912 0.016398
0 0.534418 0.423452 0.016478 0.017650
0 0.458415 0.658052 0.017184 0.015028