1 0.781230 0.544490 0.066665 0.059489
0 0.388570 0.734742 0.021203 0.015860
0 0.381837 0.777245 0.020068 0.016014
1 0.190986 0.873330 0.090524 0.072309
0 0.432615 0.821623 0.019987 0.015238
0 0.248724 0.782426 0.018367 0.014131
0 0.389578 0.618413 0.020372 0.015389
0 0.549695 0.656577 0.020152 0.016977
0 0.578604 0.829100 0.030595 0.029580
0 0.326565 0.521091 0.019818 0.015908
0 0.390759 0.415786 0.020443 0.016045
0 0.505412 0.346394 0.016564 0.011870
0 0.207029 0.452507 0.015037 0.012817
1 0.549811 0.758106 0.043586 0.039374
0 0.157161 0.571808 0.016228 0.013477
0 0.736212 0.454608 0.017586 0.013867
0 0.225340 0.798259 0.016299 0.012994
0 0.209097 0.727313 0.018110 0.014019
0 0.437556 0.777474 0.018582 0.013993
0 0.266676 0.627536 0.019440 0.016289
0 0.277987 0.553895 0.018302 0.014060
0 0.223658 0.520037 0.018035 0.014923
0 0.444597 0.522982 0.020020 0.014582
0 0.307985 0.614339 0.019711 0.015901
0 0.394382 0.379904 0.014543 0.010972
1 0.430150 0.859465 0.052631 0.047073
0 0.632988 0.661634 0.020847 0.016459
0 0.298697 0.830821 0.019987 0.016107
0 0.242830 0.451336 0.016205 0.013111
0 0.581874 0.562247 0.018966 0.015032
0 0.457998 0.657897 0.018983 0.015694
0 0.466650 0.378698 0.026207 0.019334
0 0.414454 0.338362 0.014366 0.011144
0 0.222415 0.603446 0.018166 0.014883
0 0.182894 0.530332 0.017004 0.013189
0 0.377120 0.642807 0.017668 0.014285
0 0.630814 0.622571 0.019525 0.015229
0 0.400270 0.534036 0.027507 0.020999
0 0.601217 0.445862 0.018726 0.014817
0 0.468365 0.604499 0.018243 0.016068
0 0.300180 0.526342 0.018606 0.014990
0 0.333836 0.693874 0.021348 0.019225
1 0.596294 0.355053 0.109954 0.059028