0 0.567787 0.370067 0.018191 0.013558
0 0.373345 0.567566 0.017595 0.013197
0 0.456786 0.555904 0.017413 0.013803
0 0.554662 0.571072 0.019562 0.014374
0 0.527787 0.323546 0.015096 0.011446
0 0.544168 0.475552 0.017999 0.013862
0 0.496303 0.478397 0.019631 0.015086
0 0.630065 0.420984 0.018888 0.014630
0 0.531315 0.632611 0.022392 0.016922
0 0.687075 0.513969 0.019608 0.014310
0 0.404546 0.346629 0.019105 0.014304
0 0.710384 0.485848 0.019241 0.014609
0 0.508329 0.447506 0.020455 0.017226
0 0.728007 0.285478 0.014910 0.011676
0 0.493528 0.527630 0.017370 0.013894
0 0.397479 0.509501 0.018760 0.013364
0 0.613747 0.539933 0.022265 0.015384
0 0.448245 0.356663 0.018146 0.013966
0 0.256346 0.504792 0.017574 0.013693
0 0.607167 0.562019 0.018914 0.013616
0 0.366412 0.302468 0.014214 0.010714
0 0.546049 0.261269 0.018875 0.014322
0 0.743165 0.520635 0.020085 0.014884
0 0.573583 0.400524 0.017352 0.012974
0 0.377190 0.320568 0.015309 0.012002
0 0.573745 0.423870 0.020069 0.014765
0 0.508745 0.197530 0.015274 0.013417
0 0.412183 0.400963 0.019324 0.015737
0 0.367720 0.536093 0.015088 0.011197
0 0.751837 0.339396 0.016027 0.012698
0 0.385572 0.210021 0.017353 0.013947
0 0.288600 0.443331 0.017804 0.012573
0 0.451631 0.377124 0.017784 0.013754
0 0.408953 0.612367 0.019563 0.015810
0 0.403918 0.546289 0.018273 0.013297
0 0.423850 0.526838 0.021417 0.014225
0 0.291507 0.517120 0.015568 0.012123
0 0.290823 0.413925 0.017582 0.012543
0 0.273730 0.325568 0.016109 0.012510
0 0.657240 0.412914 0.017334 0.013524
0 0.233464 0.468362 0.015075 0.011832
0 0.349222 0.642688 0.016079 0.012173
0 0.558179 0.597105 0.022525 0.016458
0 0.399148 0.474822 0.018514 0.013206
0 0.674589 0.437536 0.018059 0.013567
0 0.216762 0.357271 0.018156 0.014063
0 0.420199 0.557721 0.017345 0.012312
0 0.359800 0.679364 0.018739 0.014413
0 0.648366 0.674409 0.028289 0.022566
0 0.239414 0.541321 0.014886 0.011451
0 0.227534 0.389642 0.020775 0.014505
0 0.775274 0.549036 0.018431 0.014430
0 0.230326 0.317961 0.015157 0.011862
0 0.198904 0.516810 0.014129 0.010711
0 0.771096 0.295072 0.014473 0.011764
0 0.468566 0.513077 0.015037 0.011550
0 0.382992 0.259513 0.016964 0.013112
0 0.209418 0.543251 0.015216 0.011874
0 0.883988 0.405261 0.017966 0.014409
0 0.189865 0.367036 0.018338 0.017227
0 0.689652 0.428053 0.016093 0.012953
1 0.878370 0.320009 0.043068 0.031678
0 0.774575 0.415302 0.015493 0.012445
0 0.793290 0.276768 0.014329 0.010540
0 0.504502 0.258883 0.016973 0.013917
0 0.739692 0.576117 0.023195 0.017345
0 0.269232 0.367500 0.014407 0.010679
0 0.712415 0.201520 0.016145 0.012486
0 0.833749 0.375763 0.017680 0.014426
0 0.249120 0.589074 0.015071 0.011784
0 0.573230 0.184223 0.012508 0.012053
0 0.619700 0.213262 0.022349 0.011943
0 0.275212 0.238884 0.017269 0.014978
0 0.736623 0.227072 0.013366 0.011288
0 0.511785 0.574289 0.014221 0.010812
1 0.652078 0.311693 0.046760 0.030884
0 0.828612 0.561361 0.023289 0.018216
0 0.204251 0.453092 0.013810 0.010775
0 0.200836 0.332633 0.017843 0.013028
0 0.704478 0.550069 0.015669 0.011982
0 0.745633 0.591134 0.026236 0.023988
0 0.258304 0.474267 0.015174 0.014798
0 0.349853 0.661156 0.017694 0.013846
0 0.336271 0.222341 0.017826 0.016270
0 0.883836 0.485982 0.021221 0.017942
0 0.380337 0.354892 0.014840 0.011387
0 0.249051 0.606626 0.014924 0.011488