0 0.316156 0.826279 0.012343 0.018506
0 0.341328 0.174753 0.011011 0.019494
0 0.382642 0.447421 0.012641 0.016856
0 0.320652 0.661340 0.012149 0.015662
0 0.545026 0.483794 0.016922 0.020083
0 0.237139 0.576988 0.010575 0.012071
0 0.478981 0.559796 0.014162 0.021445
0 0.377852 0.506031 0.009591 0.016630
0 0.353653 0.871532 0.013063 0.014840
0 0.328374 0.516861 0.011627 0.016975
0 0.271250 0.671456 0.009910 0.013292
0 0.392962 0.268622 0.009229 0.010344
0 0.394766 0.877694 0.013753 0.016460
0 0.375485 0.627281 0.011903 0.016741
0 0.494599 0.625664 0.012215 0.016922
0 0.497622 0.388919 0.012420 0.014947
0 0.384665 0.288870 0.009973 0.014236
0 0.477777 0.328297 0.012501 0.018332
0 0.603527 0.851767 0.008370 0.010709
0 0.386736 0.396155 0.012529 0.015410
0 0.496967 0.354838 0.012511 0.017926
0 0.487112 0.163153 0.012001 0.016702
0 0.478930 0.649251 0.012964 0.018399
0 0.403203 0.168564 0.009382 0.015679
0 0.509713 0.551500 0.010960 0.014940
0 0.475158 0.402275 0.009294 0.010732
0 0.419463 0.540955 0.011725 0.015622
0 0.297241 0.665630 0.011287 0.015391
0 0.401949 0.628876 0.011297 0.017793
0 0.483212 0.366738 0.009303 0.011207
0 0.433110 0.237068 0.013634 0.017055
0 0.421617 0.195886 0.008721 0.010123
0 0.464119 0.677867 0.011040 0.013332
0 0.616516 0.317146 0.014421 0.018249
0 0.406965 0.353173 0.012111 0.014040
0 0.366471 0.410809 0.008450 0.009840
0 0.349709 0.476059 0.010939 0.012972
0 0.574077 0.587866 0.011011 0.015326
0 0.284024 0.325831 0.008958 0.010202
0 0.391507 0.494174 0.009584 0.012929
0 0.521894 0.845204 0.013504 0.016761
0 0.294097 0.478470 0.008967 0.011068
0 0.390507 0.836066 0.012717 0.016979
0 0.388258 0.655169 0.011285 0.013925
0 0.464060 0.357408 0.011419 0.020050
0 0.419578 0.684419 0.010662 0.012823
0 0.376428 0.702229 0.010130 0.013732
0 0.353827 0.676736 0.010682 0.014815
0 0.555464 0.626610 0.011477 0.014755
0 0.433349 0.666715 0.012629 0.018799
0 0.611499 0.791055 0.009147 0.010002
0 0.388381 0.219403 0.012163 0.016650
0 0.409243 0.303791 0.009515 0.013680
0 0.373775 0.272000 0.008792 0.013159
0 0.583979 0.822568 0.008311 0.013216
0 0.439304 0.272234 0.010737 0.016666
0 0.421088 0.320650 0.012509 0.012613
0 0.323713 0.342177 0.011355 0.018329
0 0.340700 0.556277 0.009960 0.015130
0 0.429562 0.301913 0.009227 0.011820
0 0.496134 0.677416 0.012186 0.013392
0 0.423520 0.657758 0.012448 0.015924
0 0.360383 0.745909 0.009775 0.011171
0 0.379494 0.180418 0.016666 0.015656
0 0.573124 0.539054 0.011865 0.015506
0 0.289804 0.555173 0.011399 0.013245
0 0.531234 0.657933 0.011843 0.015231
0 0.246716 0.469245 0.009587 0.013549
0 0.460133 0.171505 0.009877 0.013827
0 0.336580 0.784447 0.011811 0.013658
0 0.493039 0.203684 0.009304 0.012213
0 0.378785 0.655246 0.011056 0.013582
0 0.353064 0.479954 0.009590 0.013117
0 0.330328 0.866070 0.010568 0.013418
0 0.340217 0.498407 0.007550 0.012268
0 0.372277 0.542241 0.009779 0.014596
0 0.478286 0.610003 0.008249 0.012142
0 0.417813 0.153162 0.009496 0.012024
0 0.303423 0.378151 0.008144 0.010321
0 0.416874 0.378217 0.009537 0.011498
0 0.316466 0.403545 0.010748 0.014050
0 0.329272 0.704428 0.013295 0.014421
0 0.358585 0.438104 0.009675 0.012599
0 0.228594 0.548964 0.007640 0.012123
0 0.420887 0.246398 0.010379 0.010651
0 0.679050 0.444858 0.012713 0.017997
0 0.297363 0.400725 0.008985 0.013557
0 0.324637 0.208667 0.006484 0.012047
0 0.616965 0.349291 0.009982 0.016297
0 0.500702 0.310891 0.011539 0.014423
0 0.659249 0.393057 0.008771 0.013251
0 0.321753 0.337313 0.011496 0.017485
0 0.250986 0.599116 0.011424 0.015898
0 0.543377 0.645918 0.010586 0.012373
0 0.376808 0.718479 0.009998 0.014749
0 0.503033 0.742935 0.013800 0.019396
0 0.267954 0.378888 0.008210 0.012334
0 0.309369 0.345232 0.010972 0.016461
0 0.306127 0.242923 0.008045 0.014763
0 0.566030 0.687137 0.010266 0.014527
0 0.349010 0.281273 0.010289 0.015747
0 0.470139 0.763426 0.009261 0.013589
0 0.523956 0.350551 0.014372 0.015023
0 0.380416 0.574704 0.011463 0.013359
0 0.544998 0.598081 0.010394 0.015305
0 0.463128 0.347212 0.010891 0.017389
1 0.366637 0.349765 0.039613 0.044601
1 0.239877 0.332160 0.036092 0.042254
1 0.285211 0.431925 0.035211 0.032864
1 0.437060 0.734742 0.027289 0.046948
1 0.266725 0.820423 0.040493 0.053991
1 0.499120 0.884390 0.047535 0.057512
1 0.327905 0.300469 0.041373 0.044601