0 0.591634 0.489162 0.017374 0.013264
0 0.067754 0.609182 0.018014 0.013880
0 0.542795 0.492621 0.014942 0.011985
1 0.228285 0.579667 0.082712 0.042537
0 0.408372 0.490917 0.018119 0.014243
0 0.336985 0.456318 0.015127 0.011547
0 0.613452 0.804559 0.018328 0.013101
0 0.694683 0.490308 0.019733 0.014732
0 0.426549 0.517304 0.016171 0.011571
0 0.490293 0.392965 0.018656 0.014617
0 0.265591 0.544682 0.013682 0.010800
0 0.300433 0.431146 0.019849 0.014418
0 0.721236 0.465833 0.016940 0.012746
0 0.541949 0.410717 0.018822 0.015562
0 0.097500 0.620660 0.018475 0.013683
0 0.381364 0.356207 0.018066 0.015057
0 0.506087 0.418507 0.016670 0.012478
0 0.492898 0.544192 0.014503 0.010657
0 0.449322 0.557949 0.018946 0.015445
0 0.658812 0.574917 0.021180 0.016544
0 0.368741 0.401136 0.017081 0.012728
0 0.218380 0.542353 0.018676 0.013867
0 0.569687 0.563971 0.015486 0.011161
0 0.512736 0.461528 0.017728 0.013507
0 0.467192 0.317681 0.013988 0.011388
0 0.531520 0.576493 0.018412 0.014475
0 0.767281 0.451892 0.017991 0.013672
0 0.690046 0.369126 0.018304 0.014295
0 0.622246 0.629865 0.022288 0.017403
0 0.386447 0.559933 0.017717 0.012501
0 0.508472 0.506760 0.018406 0.014797
0 0.331862 0.830614 0.028646 0.016271
0 0.368347 0.547445 0.015414 0.012523
0 0.545528 0.335423 0.018214 0.013489
0 0.671487 0.767737 0.019977 0.014651
0 0.231158 0.827482 0.019203 0.013897
0 0.686811 0.421767 0.020586 0.015346
0 0.248306 0.807876 0.016958 0.012283
0 0.427552 0.590547 0.025367 0.019181
0 0.656195 0.359473 0.016674 0.013187
0 0.315821 0.555417 0.016162 0.012010
1 0.737509 0.524126 0.059582 0.039222
0 0.514093 0.331805 0.015482 0.012231
0 0.336400 0.793255 0.019521 0.014902
0 0.542093 0.385054 0.016850 0.012202
0 0.474113 0.371664 0.016242 0.012192
0 0.251134 0.789970 0.017045 0.012888
0 0.408150 0.543648 0.014131 0.011457
0 0.405198 0.443259 0.018865 0.014156
0 0.411097 0.329508 0.017838 0.011979
0 0.323458 0.501919 0.017775 0.012396
0 0.542575 0.776294 0.016420 0.012847
0 0.297356 0.844442 0.018029 0.012530
0 0.456259 0.387749 0.018031 0.015881
0 0.307601 0.569887 0.016841 0.013277
0 0.682524 0.566063 0.017271 0.012091
0 0.404409 0.301287 0.015673 0.012252
0 0.776227 0.430243 0.022548 0.015913
0 0.456769 0.636050 0.018254 0.014739
0 0.316059 0.474862 0.014597 0.011039
0 0.588222 0.454877 0.018842 0.015417
0 0.539740 0.454643 0.017430 0.016584
0 0.481732 0.521813 0.020279 0.015048
0 0.542571 0.659861 0.022701 0.017190
0 0.385474 0.323333 0.014527 0.010969
0 0.475575 0.485487 0.013774 0.011345
0 0.343054 0.746474 0.020111 0.014564
1 0.251197 0.494097 0.047528 0.043994
0 0.485103 0.340491 0.012960 0.010480
0 0.495849 0.480359 0.015211 0.011038
0 0.118029 0.615343 0.015911 0.011310
0 0.569314 0.819027 0.031389 0.020189
0 0.344165 0.521434 0.013627 0.011363
0 0.511273 0.752734 0.018945 0.016093
0 0.307870 0.455165 0.014104 0.010940
0 0.489987 0.450958 0.018278 0.011709
0 0.148633 0.657103 0.017475 0.013697
0 0.692319 0.631872 0.028408 0.022168
0 0.726562 0.428564 0.018421 0.011923
0 0.368187 0.593337 0.015761 0.011151
0 0.710495 0.781515 0.017514 0.014272
0 0.517843 0.806890 0.023874 0.017674
0 0.387742 0.524989 0.020084 0.013262
0 0.338106 0.580534 0.017484 0.012481
0 0.332707 0.531106 0.015971 0.011080
0 0.452889 0.333600 0.012699 0.010359
0 0.798037 0.457706 0.018418 0.014410
0 0.353275 0.576825 0.016172 0.012214
0 0.477732 0.857273 0.031651 0.019614
0 0.494071 0.611580 0.014378 0.012187
0 0.536142 0.429836 0.015455 0.010835
0 0.488069 0.840456 0.021802 0.016968
0 0.576525 0.814142 0.032639 0.023545
0 0.149248 0.689705 0.017660 0.013426
0 0.407523 0.447745 0.017594 0.014589
0 0.586134 0.443576 0.016941 0.012930
0 0.406678 0.419471 0.013880 0.012464
0 0.524382 0.386844 0.015852 0.011624
0 0.304407 0.332679 0.021083 0.020476
0 0.394000 0.518730 0.018370 0.014385
0 0.345469 0.579391 0.028109 0.012478
0 0.050372 0.587476 0.016796 0.013559
0 0.644345 0.590049 0.018393 0.013338
0 0.331917 0.503789 0.020734 0.010591
0 0.311110 0.507352 0.014158 0.010426
1 0.474400 0.732946 0.040709 0.018858
1 0.357661 0.723966 0.044301 0.022450