0 0.274565 0.506836 0.022628 0.016702
0 0.296624 0.542199 0.019689 0.015820
0 0.460674 0.592237 0.018482 0.013811
0 0.257778 0.620507 0.023682 0.017189
0 0.325529 0.719307 0.026229 0.020667
0 0.446788 0.627849 0.021075 0.015941
0 0.318707 0.482945 0.023763 0.017568
0 0.469614 0.553468 0.018905 0.014128
0 0.658992 0.480643 0.021372 0.016690
0 0.558924 0.564222 0.021404 0.017499
0 0.230002 0.379221 0.017298 0.013649
0 0.376362 0.576136 0.017544 0.013112
0 0.674630 0.683132 0.027647 0.021920
0 0.343572 0.410271 0.017788 0.014303
0 0.296476 0.446202 0.020036 0.015164
0 0.470044 0.459198 0.019279 0.014370
0 0.444019 0.473980 0.022120 0.018105
0 0.481224 0.643084 0.016518 0.012821
0 0.407836 0.428568 0.020036 0.016192
0 0.769751 0.591284 0.023093 0.017564
0 0.723108 0.498864 0.023508 0.020004
0 0.713808 0.650844 0.022783 0.016492
1 0.531861 0.634000 0.040506 0.034705
0 0.405995 0.768779 0.029142 0.022157
0 0.657920 0.449673 0.018148 0.014469
0 0.198158 0.406660 0.017914 0.013713
0 0.474071 0.506507 0.019263 0.016528
0 0.440557 0.364195 0.018149 0.015596
0 0.314478 0.328113 0.020625 0.015946
0 0.593599 0.698720 0.023771 0.017906
0 0.452062 0.661974 0.019337 0.014901
0 0.448527 0.514431 0.016600 0.012386
0 0.684220 0.626281 0.025839 0.023692
0 0.607462 0.393411 0.021150 0.016968
0 0.746746 0.677376 0.023094 0.018507
0 0.460376 0.778298 0.026510 0.019447
0 0.195581 0.431735 0.022918 0.020959
0 0.269543 0.768798 0.026695 0.020476
0 0.252949 0.590624 0.024828 0.020620
0 0.323787 0.459603 0.016228 0.012793
0 0.365018 0.534512 0.016611 0.013869
0 0.109274 0.647241 0.022493 0.017484
0 0.632117 0.374452 0.020777 0.017034
0 0.619807 0.663766 0.022709 0.018605
0 0.171299 0.484715 0.030533 0.022819
1 0.491886 0.665477 0.017960 0.025046
0 0.642134 0.546038 0.017483 0.014114
0 0.669401 0.569668 0.025473 0.018585
0 0.301937 0.652007 0.022357 0.017769
0 0.089063 0.663570 0.021182 0.016687
0 0.035413 0.589010 0.022301 0.016159
0 0.129569 0.451327 0.018969 0.015788