0 0.845930 0.667907 0.014008 0.008705
0 0.771262 0.771321 0.013822 0.009390
0 0.260529 0.476567 0.015549 0.012000
0 0.451961 0.798254 0.016171 0.013605
0 0.721992 0.715552 0.014178 0.010366
0 0.798374 0.664939 0.012252 0.010949
0 0.207855 0.524751 0.017072 0.011737
0 0.830042 0.739234 0.006822 0.003912
1 0.620501 0.860915 0.053208 0.045775
1 0.591549 0.783451 0.048513 0.031690
1 0.661189 0.680164 0.056338 0.034038
1 0.595462 0.598592 0.053208 0.042254
1 0.314554 0.738850 0.032864 0.031690
1 0.154930 0.665493 0.042254 0.030516