0 0.468525 0.363706 0.010970 0.017667
0 0.480029 0.308580 0.011448 0.016442
0 0.447682 0.420921 0.011286 0.015396
0 0.394999 0.263981 0.014176 0.019556
0 0.560455 0.277206 0.012339 0.018295
0 0.352226 0.547061 0.008941 0.012342
0 0.320209 0.345354 0.011286 0.015031
0 0.421499 0.483050 0.012021 0.016484
0 0.511420 0.203869 0.012311 0.018413
0 0.606910 0.236196 0.011182 0.017404
0 0.382455 0.402220 0.010448 0.014984
0 0.375729 0.448571 0.011087 0.014769
0 0.422351 0.718348 0.010069 0.014886
0 0.534551 0.326719 0.012607 0.018094
0 0.582492 0.197643 0.011158 0.016899
0 0.430141 0.400096 0.011554 0.017005
0 0.484665 0.206258 0.011515 0.015370
0 0.399377 0.368763 0.011402 0.017499
0 0.585187 0.511120 0.013268 0.020439
0 0.585941 0.352394 0.013663 0.020536
0 0.503761 0.675043 0.011378 0.017124
0 0.314458 0.377965 0.010704 0.016024
0 0.519196 0.645308 0.009439 0.013459
0 0.344281 0.652504 0.010916 0.014466
0 0.568941 0.183709 0.010179 0.014827
0 0.610738 0.274235 0.009695 0.013986
0 0.357301 0.245703 0.013740 0.019638
0 0.535899 0.519795 0.012115 0.017833
0 0.333412 0.371689 0.011361 0.014144
0 0.361726 0.823991 0.012174 0.014374
0 0.380948 0.576048 0.011310 0.016258
0 0.556249 0.239819 0.012921 0.020286
0 0.461003 0.235121 0.009958 0.017542
0 0.344942 0.443722 0.011763 0.015652
0 0.543389 0.904258 0.012529 0.017576
0 0.702995 0.315720 0.015077 0.018783
0 0.625009 0.869347 0.013573 0.017959
0 0.302879 0.296876 0.013156 0.019158
0 0.395729 0.452310 0.010924 0.014920
0 0.657110 0.773244 0.010612 0.014723
0 0.572283 0.441704 0.012441 0.016485
0 0.538542 0.163620 0.013209 0.016008
0 0.461977 0.803460 0.011942 0.016433
0 0.510475 0.871368 0.016352 0.022178
0 0.531727 0.431680 0.010167 0.013833
1 0.246031 0.440211 0.014516 0.014753
0 0.451171 0.549162 0.011063 0.016990
0 0.546201 0.369956 0.012287 0.017454
0 0.545223 0.490935 0.010016 0.015671
0 0.652719 0.384558 0.014097 0.020592
0 0.355342 0.396342 0.016416 0.017467
0 0.296476 0.634193 0.010095 0.014447
0 0.263238 0.571997 0.008686 0.012539
0 0.494613 0.806223 0.011685 0.015932
0 0.354732 0.276840 0.012537 0.014794
0 0.310423 0.699614 0.008802 0.015778
0 0.607583 0.760389 0.011938 0.016284
0 0.339171 0.290250 0.010289 0.013898
0 0.525885 0.397854 0.010412 0.016861
0 0.621029 0.197274 0.012321 0.017620
0 0.500554 0.467437 0.010182 0.015878
0 0.389583 0.299758 0.010187 0.015919
0 0.499854 0.171657 0.010111 0.014918
0 0.338486 0.581606 0.009872 0.013946
0 0.630338 0.822521 0.013908 0.020845
0 0.463714 0.329505 0.010027 0.014360
0 0.526196 0.896619 0.014232 0.019210
0 0.610472 0.325695 0.010955 0.013917
0 0.426846 0.774367 0.012856 0.016640
0 0.496783 0.607637 0.011386 0.014452
0 0.478323 0.734509 0.010929 0.014270
0 0.495955 0.781051 0.008479 0.012675
0 0.374588 0.677630 0.011018 0.016383
0 0.489587 0.689796 0.008097 0.010443
0 0.654416 0.694540 0.008711 0.012546
0 0.417380 0.370658 0.009947 0.015987
0 0.492133 0.735681 0.009212 0.012978
0 0.403406 0.312757 0.011368 0.017154
0 0.396905 0.540227 0.010807 0.017001
0 0.454501 0.685201 0.010155 0.013653
0 0.524369 0.474963 0.010105 0.014505
0 0.248889 0.384847 0.012465 0.020707
0 0.580253 0.324543 0.009396 0.013116
0 0.644197 0.787254 0.011055 0.014711
0 0.674482 0.415558 0.010806 0.016230
0 0.651155 0.214646 0.011203 0.015902
0 0.518045 0.684320 0.008836 0.015010
0 0.731731 0.465547 0.010583 0.016557
0 0.693369 0.347091 0.012359 0.015654
0 0.620823 0.569349 0.008245 0.011568
0 0.346416 0.499238 0.009782 0.016051
0 0.708024 0.368404 0.011675 0.018959
0 0.403088 0.340262 0.013479 0.017293
0 0.474845 0.661289 0.008131 0.012433
0 0.667013 0.527621 0.010130 0.015298
0 0.424684 0.674884 0.009207 0.013531
0 0.541080 0.557226 0.013701 0.016160
0 0.320742 0.480788 0.008666 0.012912
0 0.278968 0.556589 0.008810 0.012041
0 0.382707 0.885538 0.013586 0.016423
0 0.391091 0.488137 0.010256 0.013272
1 0.302872 0.455918 0.014361 0.020114
0 0.399419 0.879733 0.013721 0.018272