0 0.502420 0.598606 0.019110 0.013885
0 0.488681 0.634417 0.020577 0.015750
0 0.511168 0.559558 0.018225 0.013922
0 0.447526 0.774732 0.022366 0.016848
0 0.601847 0.571812 0.019065 0.015530
0 0.456935 0.824668 0.027849 0.020950
0 0.502000 0.785262 0.019961 0.015172
0 0.493576 0.668433 0.017885 0.013474
0 0.510367 0.464978 0.019314 0.013925
0 0.523189 0.649646 0.017825 0.013638
0 0.483859 0.479193 0.021220 0.017579
1 0.572997 0.640842 0.041960 0.035381
0 0.532269 0.903516 0.025695 0.018643
0 0.310029 0.773749 0.024745 0.018610
0 0.298584 0.624849 0.019614 0.015223
0 0.339031 0.547873 0.019079 0.015353
0 0.356930 0.687768 0.018498 0.014656
0 0.418239 0.582491 0.016689 0.013007
0 0.317429 0.661559 0.020716 0.016031
1 0.598723 0.875143 0.056933 0.039865
0 0.366327 0.724785 0.022888 0.017338
0 0.676892 0.379087 0.019992 0.015034
0 0.517594 0.511999 0.018936 0.016960
0 0.295853 0.592722 0.021075 0.017483
0 0.449182 0.433285 0.017747 0.015157
0 0.359646 0.487158 0.020712 0.015258
1 0.537080 0.674119 0.039067 0.031920
0 0.315808 0.511608 0.019210 0.014720
0 0.426917 0.891149 0.027875 0.021039
0 0.568309 0.522546 0.018047 0.014368
0 0.650575 0.397888 0.017126 0.014459
0 0.257060 0.768694 0.015543 0.012052
0 0.259459 0.821056 0.021312 0.014962
0 0.547909 0.722259 0.016501 0.013812
0 0.481447 0.369032 0.014568 0.012954
0 0.292998 0.597675 0.020619 0.017241
0 0.618227 0.436133 0.017628 0.014452