0 0.422252 0.405616 0.011863 0.015573
0 0.663334 0.494396 0.012505 0.018148
0 0.345124 0.528986 0.011474 0.015024
0 0.361939 0.330631 0.011168 0.016717
0 0.468949 0.865521 0.009822 0.013862
0 0.545044 0.392372 0.010760 0.015034
0 0.426830 0.577375 0.010825 0.015170
0 0.526075 0.478714 0.011308 0.015249
0 0.559412 0.901156 0.013915 0.018548
0 0.572489 0.479501 0.012540 0.017315
0 0.431170 0.320020 0.010474 0.018002
0 0.527001 0.300613 0.010465 0.015751
0 0.526707 0.571213 0.010552 0.014428
0 0.585006 0.550842 0.013325 0.017767
0 0.774679 0.505854 0.014267 0.021745
0 0.685963 0.486542 0.012128 0.016046
0 0.447149 0.260619 0.011835 0.016064
0 0.410572 0.615764 0.009622 0.013243
0 0.538585 0.727107 0.013967 0.016815
0 0.351970 0.803707 0.012178 0.017043
0 0.467937 0.325762 0.012860 0.018038
0 0.342831 0.381801 0.011962 0.015951
0 0.397922 0.403940 0.011787 0.015058
0 0.704488 0.567846 0.013385 0.019158
0 0.487723 0.422023 0.013206 0.018007
0 0.409677 0.494238 0.013343 0.018226
0 0.484368 0.465707 0.014235 0.019653
0 0.443283 0.680679 0.009954 0.013705
0 0.399266 0.689711 0.010552 0.014374
0 0.369350 0.872019 0.012203 0.016325
0 0.538548 0.539435 0.013670 0.018200
0 0.697590 0.463500 0.013147 0.017558
0 0.417777 0.801122 0.011135 0.016942
0 0.594061 0.987890 0.013823 0.018472
0 0.238188 0.565001 0.012764 0.016865
0 0.458333 0.512626 0.011486 0.014572
0 0.373758 0.772413 0.011176 0.015804
1 0.605739 0.620498 0.036847 0.051081
0 0.433137 0.832031 0.010070 0.014748
0 0.469394 0.662598 0.012836 0.016930
0 0.646489 0.581423 0.010724 0.015470
0 0.414489 0.747714 0.012218 0.016370
0 0.721977 0.572961 0.012984 0.018145
0 0.747515 0.497368 0.012365 0.018766
0 0.535877 0.913938 0.012776 0.017269
1 0.781014 0.748309 0.035254 0.047911
0 0.549382 0.840914 0.010373 0.013987
0 0.603896 0.485004 0.010955 0.016206
0 0.294651 0.459641 0.015852 0.022368
0 0.559704 0.804970 0.012575 0.016204
0 0.552399 0.323213 0.012168 0.016988
0 0.496363 0.676292 0.013219 0.017195
0 0.470142 0.942422 0.015748 0.022458
0 0.735420 0.454190 0.010107 0.013435
0 0.596011 0.807956 0.011502 0.015552
0 0.465460 0.723482 0.012708 0.019193
0 0.652260 0.793599 0.013716 0.019492
0 0.597553 0.838265 0.015319 0.020984
1 0.574023 0.440510 0.038222 0.042946
0 0.394834 0.837574 0.015420 0.022713
0 0.648492 0.540603 0.011633 0.015211
0 0.762810 0.458078 0.012177 0.017763
0 0.402957 0.438412 0.010359 0.013005
0 0.616632 0.816302 0.013052 0.019855
0 0.242995 0.516224 0.011308 0.015735
0 0.744091 0.530923 0.011222 0.013832
0 0.572531 0.825985 0.012542 0.017843
0 0.248823 0.591390 0.011367 0.015254
0 0.553130 0.783621 0.013825 0.018543
0 0.512708 0.847137 0.011627 0.016330
0 0.511293 0.402380 0.015161 0.019159
0 0.315919 0.465132 0.010559 0.014301
0 0.260326 0.759818 0.013152 0.018713
0 0.386671 0.660025 0.009453 0.013985
0 0.324097 0.571453 0.018116 0.021057
0 0.273420 0.467056 0.012400 0.017909
0 0.515809 0.653801 0.016749 0.019950
0 0.472876 0.299508 0.011727 0.015069
0 0.492649 0.595648 0.012752 0.018082
0 0.325567 0.416053 0.012683 0.021454
0 0.565369 0.873659 0.012460 0.015463
0 0.388508 0.490594 0.009990 0.013606
0 0.431009 0.643100 0.009002 0.012384
0 0.656747 0.937332 0.013038 0.017687
0 0.282545 0.741774 0.011164 0.014076
0 0.364354 0.829849 0.011246 0.014684
0 0.257379 0.432198 0.014517 0.020813
0 0.293559 0.765951 0.010762 0.014061
0 0.411676 0.374080 0.009837 0.013505
0 0.646317 0.432712 0.013077 0.014783
0 0.455753 0.486819 0.011223 0.017614
0 0.752439 0.620827 0.011908 0.015987
1 0.614482 0.349522 0.032258 0.049702
0 0.380455 0.808247 0.013835 0.019413
0 0.489238 0.344678 0.012327 0.016256
0 0.488670 0.742950 0.013729 0.017965
0 0.319518 0.334337 0.011740 0.017274
0 0.423162 0.277616 0.012021 0.019827
0 0.659006 0.752830 0.015068 0.020091
0 0.505721 0.442568 0.015070 0.019773
0 0.395663 0.538281 0.010129 0.013008
0 0.687779 0.524182 0.012285 0.016467
0 0.284425 0.798966 0.011496 0.016975
0 0.344007 0.585141 0.010432 0.014772
0 0.423697 0.516148 0.010326 0.013815
0 0.519678 0.693136 0.012024 0.014663
0 0.562567 0.275129 0.009918 0.018137
0 0.487819 0.821057 0.008406 0.012135
0 0.385264 0.608552 0.010626 0.014979
0 0.442886 0.895493 0.010779 0.014886
0 0.418285 0.455951 0.009110 0.012391
0 0.588898 0.330287 0.010951 0.016678
0 0.731269 0.391395 0.013178 0.017979
0 0.526147 0.880778 0.012886 0.018233
0 0.242868 0.450017 0.011491 0.017280
0 0.687928 0.544772 0.012094 0.017452
0 0.399576 0.564540 0.010858 0.015939
0 0.322751 0.695434 0.010549 0.014820
0 0.460503 0.581496 0.009185 0.012588
0 0.786583 0.534161 0.011314 0.016619
0 0.351492 0.425462 0.009450 0.012029
0 0.542592 0.974362 0.015463 0.022358
0 0.437362 0.925861 0.009587 0.012600
0 0.624316 0.974253 0.011426 0.015736
0 0.273825 0.714858 0.010116 0.015981
0 0.637158 0.493647 0.009566 0.014331
0 0.555414 0.348078 0.010093 0.013633
0 0.392825 0.327039 0.009548 0.015375
0 0.703685 0.423904 0.013904 0.015306
0 0.445205 0.442627 0.011524 0.018380
0 0.419179 0.861659 0.010679 0.018012
0 0.456904 0.614508 0.009898 0.012920
0 0.370226 0.623388 0.012664 0.016008
0 0.527935 0.854186 0.014002 0.018001
0 0.453354 0.392613 0.009820 0.013225
0 0.548312 0.867099 0.011047 0.014670
0 0.460447 0.553024 0.009561 0.016197
0 0.354616 0.363253 0.012184 0.016681
0 0.533696 0.414586 0.009365 0.012153
0 0.713296 0.490607 0.008804 0.011193
0 0.668071 0.794585 0.011484 0.016035
0 0.559512 0.304805 0.009780 0.014186
0 0.229956 0.652976 0.012301 0.017818
0 0.411706 0.663464 0.013259 0.014728
0 0.603479 0.678511 0.010059 0.014419
0 0.316946 0.784211 0.012867 0.015778
0 0.645293 0.300762 0.009830 0.015317
0 0.373122 0.917660 0.013434 0.018381
1 0.376809 0.440110 0.023638 0.031861
0 0.503748 0.571915 0.009296 0.012834
0 0.264337 0.615318 0.008723 0.013546
0 0.292120 0.418760 0.016943 0.018644
0 0.507567 0.233001 0.014781 0.015242
0 0.569325 0.963850 0.011947 0.016962
0 0.678082 0.380577 0.014364 0.019585
0 0.327084 0.859684 0.010864 0.017194
0 0.656913 0.447269 0.009871 0.013055
0 0.498751 0.510417 0.013006 0.025326
0 0.430283 0.994100 0.011912 0.011800
0 0.488157 0.628217 0.011986 0.020172
0 0.320308 0.891042 0.013653 0.017281
0 0.603651 0.474664 0.011042 0.017859
0 0.254560 0.644080 0.015311 0.020230
0 0.641554 0.522575 0.013480 0.018675
0 0.345004 0.697305 0.010777 0.014638
1 0.464192 0.774643 0.031842 0.036892
0 0.293946 0.815328 0.011454 0.015268
0 0.498583 0.336665 0.011410 0.016031
0 0.366095 0.510056 0.008585 0.012045
0 0.404574 0.964893 0.015985 0.022027
0 0.510163 0.986157 0.011747 0.019739
0 0.415062 0.666378 0.011984 0.013831
0 0.431842 0.535546 0.010745 0.015634
0 0.406436 0.888857 0.015661 0.016877
0 0.333099 0.903197 0.013532 0.014746
0 0.765728 0.600126 0.008811 0.012117
0 0.617695 0.759152 0.010895 0.014881
0 0.589540 0.656805 0.009485 0.013435
0 0.446191 0.457437 0.010635 0.015523
0 0.542160 0.659531 0.015692 0.017356
0 0.639877 0.346761 0.010829 0.015321
0 0.605243 0.909567 0.014253 0.017897
0 0.420341 0.714345 0.008541 0.014450
0 0.610500 0.928940 0.011353 0.016497
0 0.632383 0.606609 0.013656 0.015771
0 0.491709 0.267417 0.008051 0.012307
0 0.523872 0.971425 0.011921 0.015412
0 0.512467 0.739313 0.013726 0.019993
0 0.789305 0.595144 0.011448 0.016253
0 0.343535 0.886057 0.011572 0.016444
0 0.506558 0.261462 0.008728 0.018199
0 0.555303 0.791959 0.015291 0.029810
0 0.648220 0.848398 0.012285 0.017233
0 0.757345 0.529920 0.010812 0.012879
0 0.405117 0.935276 0.014272 0.021750
0 0.373895 0.406395 0.014704 0.013487
0 0.524580 0.784952 0.009224 0.013233
0 0.256784 0.688661 0.010029 0.014946
0 0.519271 0.627724 0.017635 0.016451
0 0.357044 0.927010 0.012534 0.018029
0 0.362885 0.598399 0.009493 0.014961
0 0.643560 0.528791 0.017026 0.025720
1 0.306445 0.639562 0.041399 0.036048