0 0.680490 0.628681 0.016202 0.012225
0 0.561859 0.431686 0.019514 0.014307
0 0.155436 0.753630 0.016196 0.010996
0 0.494333 0.435751 0.016330 0.012081
0 0.507479 0.418823 0.013173 0.011033
0 0.583598 0.717604 0.015315 0.011358
0 0.488660 0.383932 0.023147 0.014699
0 0.425378 0.370209 0.016475 0.012671
0 0.394968 0.290606 0.011495 0.010074
0 0.211919 0.801222 0.018389 0.013932
0 0.431762 0.395730 0.018325 0.011639
0 0.225039 0.392720 0.020778 0.015144
0 0.454927 0.660263 0.013270 0.010702
0 0.215419 0.356978 0.017742 0.011299
0 0.388350 0.366970 0.017404 0.012036
0 0.644804 0.515858 0.013168 0.009887
0 0.147276 0.377490 0.018947 0.016459
0 0.397876 0.316622 0.013035 0.009705
0 0.353353 0.712262 0.011786 0.009161
0 0.622040 0.549597 0.014911 0.010695
0 0.320700 0.305253 0.014149 0.012163
0 0.377465 0.765036 0.013266 0.009362
0 0.463327 0.637847 0.013215 0.009292
0 0.113779 0.381537 0.019639 0.018446
0 0.542401 0.521631 0.015073 0.011583
0 0.436762 0.542249 0.015375 0.011633
0 0.459284 0.358666 0.016618 0.010880
0 0.227419 0.528071 0.011878 0.008916
0 0.453979 0.728252 0.014112 0.011420
0 0.298790 0.290146 0.014886 0.011686
0 0.135044 0.742740 0.014000 0.009691
0 0.625049 0.502708 0.015759 0.011157
0 0.501617 0.504355 0.014736 0.009421
0 0.645488 0.665135 0.015003 0.011340
0 0.705313 0.484380 0.016663 0.013462
0 0.687756 0.510670 0.015717 0.011425
0 0.579600 0.535148 0.017214 0.011271
0 0.254450 0.716032 0.014601 0.011803
0 0.122502 0.621589 0.012218 0.009154
0 0.075569 0.695749 0.015834 0.011547
0 0.410387 0.543606 0.013261 0.009806
0 0.217791 0.416372 0.016196 0.012480
0 0.634983 0.401264 0.015507 0.011654
0 0.530982 0.723534 0.009728 0.008159
0 0.393665 0.706852 0.012117 0.009852
0 0.088022 0.454329 0.016911 0.011343
0 0.514354 0.362393 0.025880 0.024895
0 0.080128 0.581756 0.015567 0.011938
0 0.054132 0.540004 0.016960 0.012526
0 0.503783 0.646188 0.013438 0.007900
0 0.552439 0.457966 0.013737 0.010629
0 0.374301 0.441946 0.017176 0.013168
0 0.603242 0.460626 0.014648 0.010608
0 0.522262 0.700620 0.017585 0.011006
0 0.181752 0.471697 0.017420 0.012980
0 0.205785 0.703089 0.013157 0.010259
0 0.396957 0.744885 0.011685 0.009077
0 0.700580 0.451365 0.014248 0.010143
0 0.324491 0.719809 0.011809 0.009398
0 0.223319 0.557474 0.013595 0.009768
0 0.106410 0.677984 0.012793 0.008936
0 0.228595 0.588610 0.014231 0.011294
0 0.621119 0.650884 0.011863 0.008897
0 0.602464 0.690443 0.015433 0.012427
0 0.387920 0.621962 0.011298 0.008507
0 0.154190 0.520159 0.015198 0.010538
0 0.310209 0.756078 0.017326 0.015095
0 0.293949 0.563018 0.011283 0.008204
0 0.318386 0.325274 0.013230 0.010965
0 0.221949 0.494527 0.017680 0.010629
0 0.095409 0.408739 0.016898 0.011926
0 0.634662 0.635958 0.013822 0.009497
0 0.257740 0.534515 0.010925 0.007203
0 0.272665 0.373085 0.013342 0.009298
0 0.415719 0.716856 0.014735 0.010574
0 0.623439 0.606348 0.014329 0.010708
0 0.181659 0.735820 0.012419 0.007471
0 0.219804 0.770198 0.013810 0.009357
0 0.593895 0.614461 0.013077 0.008595
0 0.292217 0.602579 0.015733 0.011244
0 0.392728 0.352791 0.011652 0.010169
0 0.377031 0.788394 0.013539 0.010033
0 0.204728 0.478381 0.014926 0.010078
0 0.606405 0.494043 0.016440 0.008958
0 0.355665 0.414942 0.015584 0.013765
0 0.493351 0.303635 0.019655 0.017788
0 0.329340 0.585293 0.013864 0.010617
0 0.612517 0.521314 0.019098 0.009970
0 0.245318 0.745120 0.012210 0.009359
0 0.133862 0.395563 0.016908 0.013202
0 0.437997 0.515047 0.011963 0.010045
0 0.387683 0.515041 0.011436 0.008175
0 0.063671 0.637653 0.014596 0.012317
0 0.296530 0.733655 0.013863 0.008690
0 0.247667 0.563406 0.013012 0.010596
0 0.555001 0.697630 0.011215 0.009529
0 0.185106 0.709336 0.011591 0.008660
0 0.669011 0.600042 0.012673 0.008802
0 0.419337 0.796968 0.012722 0.011405
0 0.341242 0.496682 0.012357 0.008837
0 0.241302 0.432524 0.011409 0.007228
0 0.353076 0.276595 0.011926 0.007794
0 0.033751 0.575143 0.013621 0.010437
0 0.354835 0.806411 0.011707 0.009552
0 0.263066 0.299150 0.014309 0.011257
0 0.654906 0.409364 0.013646 0.009565
0 0.570188 0.675655 0.014603 0.012330
0 0.238146 0.759304 0.013769 0.008738
0 0.628010 0.568146 0.014957 0.009522
0 0.504458 0.703147 0.010577 0.009345
0 0.452877 0.678209 0.012599 0.007921
0 0.592815 0.565753 0.014443 0.008907
0 0.279886 0.709286 0.011959 0.010540
0 0.598778 0.398743 0.013974 0.011353
0 0.560307 0.383050 0.013926 0.011639
0 0.226857 0.467969 0.012841 0.010989
0 0.588003 0.670545 0.014684 0.010976
0 0.208178 0.573758 0.015983 0.010763
0 0.132630 0.603919 0.013647 0.010460
0 0.292550 0.309387 0.010160 0.005668
0 0.058081 0.488631 0.017431 0.009384
0 0.553751 0.365948 0.011685 0.009294
0 0.698318 0.421426 0.013833 0.013327
0 0.634499 0.479363 0.013329 0.011617
0 0.643205 0.610078 0.012215 0.007586
0 0.502154 0.665094 0.011020 0.007066
0 0.111387 0.510904 0.011984 0.011422
0 0.555213 0.352430 0.009573 0.014360
0 0.187744 0.807006 0.014595 0.008958
0 0.020730 0.530239 0.011779 0.009398
0 0.445859 0.304139 0.013081 0.010473
0 0.196430 0.662188 0.010823 0.007463
0 0.467487 0.303476 0.024230 0.013100
0 0.220267 0.729822 0.016227 0.008788
0 0.381873 0.805745 0.013441 0.011079
0 0.389728 0.426003 0.012195 0.010066
0 0.296361 0.693709 0.011939 0.009885
0 0.083987 0.525142 0.012042 0.009854
0 0.684021 0.492885 0.014240 0.010077
0 0.251091 0.789409 0.016326 0.011850
0 0.398659 0.803383 0.014348 0.011324
0 0.066730 0.402227 0.009916 0.012266
0 0.369417 0.659161 0.008559 0.007042
0 0.062318 0.459233 0.015189 0.012438
0 0.444624 0.496752 0.012944 0.010398
0 0.486594 0.458145 0.010548 0.007311
0 0.054227 0.425856 0.018553 0.013319
0 0.649557 0.667406 0.017664 0.013782
0 0.210767 0.509347 0.014403 0.008658
0 0.535033 0.415602 0.011362 0.007341
0 0.143378 0.700325 0.008389 0.008545
0 0.222400 0.750412 0.014822 0.010650
0 0.398078 0.772472 0.015377 0.010890
0 0.447246 0.820262 0.015070 0.013932
0 0.555023 0.684100 0.012646 0.011700
0 0.570211 0.513736 0.010899 0.007930
0 0.235426 0.458758 0.016247 0.010311
0 0.189443 0.811065 0.013599 0.010025
0 0.320368 0.662843 0.012193 0.010381
0 0.447842 0.528765 0.010656 0.009241
0 0.390447 0.359007 0.018435 0.019253
0 0.732078 0.500834 0.013032 0.011955
0 0.036892 0.497348 0.012346 0.010968
0 0.254315 0.698994 0.000745 0.000000
1 0.588419 0.752934 0.054773 0.031690
1 0.536005 0.645505 0.051420 0.031858
1 0.561715 0.613647 0.050674 0.028504
1 0.673124 0.544063 0.052910 0.035770
1 0.135081 0.583746 0.061853 0.036888
1 0.297910 0.500189 0.043222 0.031858
1 0.355291 0.367448 0.044713 0.033535
1 0.597113 0.366050 0.039496 0.028504
1 0.583699 0.330839 0.035025 0.029622