0 0.331588 0.270518 0.019808 0.016607
0 0.364993 0.848138 0.018681 0.015482
0 0.335891 0.828608 0.019190 0.016313
0 0.700834 0.302808 0.018888 0.016309
0 0.485735 0.228429 0.020096 0.017051
0 0.282921 0.887696 0.021207 0.017868
0 0.640975 0.460591 0.018607 0.015306
0 0.132570 0.283883 0.020848 0.017061
0 0.255760 0.266177 0.020581 0.017639
0 0.282803 0.770815 0.019188 0.017130
0 0.648664 0.399245 0.018483 0.015683
0 0.288772 0.847947 0.021978 0.017592
0 0.396046 0.784014 0.019965 0.016714
0 0.362724 0.685798 0.018919 0.015436
0 0.682053 0.239577 0.018848 0.015670
0 0.739627 0.358721 0.018287 0.015568
0 0.361869 0.035462 0.021391 0.017551
0 0.101818 0.229714 0.020613 0.016843
0 0.903916 0.393465 0.021341 0.016818
0 0.732739 0.417620 0.019848 0.016694
0 0.851909 0.256014 0.019712 0.016572
0 0.117248 0.174292 0.023838 0.019765
0 0.486026 0.559210 0.020664 0.016445
0 0.512280 0.154744 0.018602 0.015485
0 0.581585 0.423499 0.022589 0.016791
0 0.481902 0.766147 0.018729 0.015734
0 0.366142 0.902546 0.026100 0.023254
0 0.581120 0.216965 0.017588 0.015275
0 0.385532 0.204858 0.020963 0.017794
0 0.524324 0.289401 0.017895 0.014704
0 0.944484 0.176482 0.023607 0.018028
0 0.123471 0.252577 0.019040 0.015251
1 0.104777 0.623633 0.068820 0.058357
0 0.642938 0.231161 0.020067 0.016015
0 0.213977 0.242424 0.019530 0.017137
0 0.479129 0.443981 0.018529 0.015834
0 0.478102 0.492357 0.016811 0.014358
0 0.335155 0.542217 0.017753 0.014703
0 0.820146 0.391582 0.022025 0.019416
0 0.191391 0.214411 0.020472 0.017057
0 0.659845 0.265990 0.019386 0.015362
0 0.373837 0.380386 0.020040 0.017214
0 0.391937 0.743356 0.017663 0.014803
0 0.904632 0.564489 0.016789 0.014239
0 0.044652 0.844597 0.019930 0.017166
0 0.723746 0.685638 0.017027 0.014010
0 0.702505 0.157990 0.020779 0.017124
0 0.456514 0.181489 0.019148 0.015616
0 0.477308 0.079928 0.018002 0.016603
0 0.048716 0.377701 0.018105 0.015521
0 0.540649 0.746521 0.021152 0.017280
0 0.233458 0.592307 0.018698 0.016384
0 0.406112 0.871614 0.018479 0.016518
0 0.700475 0.377878 0.020040 0.016306
0 0.750957 0.312761 0.020811 0.015673
0 0.658204 0.155098 0.019438 0.015608
0 0.462776 0.924481 0.023136 0.020024
0 0.319728 0.934581 0.022642 0.019464
0 0.387093 0.054432 0.018085 0.015940
0 0.877255 0.110777 0.019990 0.017002
0 0.836945 0.143941 0.019240 0.016183
0 0.932943 0.534446 0.017822 0.014559
1 0.315229 0.157508 0.069850 0.060307
0 0.484491 0.669370 0.017092 0.014919
0 0.838449 0.178402 0.018702 0.015899
0 0.536934 0.201048 0.019602 0.020277
0 0.589446 0.807664 0.017998 0.016286
0 0.270546 0.330568 0.019303 0.015874
0 0.903082 0.327990 0.018219 0.015437
0 0.444095 0.741250 0.019794 0.016725
0 0.428246 0.715225 0.019378 0.015290
0 0.439191 0.137902 0.019221 0.016150
0 0.486189 0.184089 0.018224 0.015168
0 0.357391 0.350243 0.020131 0.018154
0 0.648234 0.912276 0.020688 0.016843
0 0.126632 0.497785 0.016470 0.014330
0 0.199064 0.555617 0.017304 0.014629
0 0.359161 0.314802 0.025032 0.017875
0 0.579988 0.530891 0.021265 0.015989
0 0.730509 0.480843 0.023651 0.017482
0 0.629952 0.156677 0.019793 0.015390
0 0.792623 0.481797 0.018919 0.016715
0 0.271519 0.588624 0.019232 0.015179
0 0.536287 0.939330 0.020838 0.016295
0 0.590451 0.332071 0.016599 0.014517
0 0.211646 0.916835 0.020229 0.017419
0 0.601552 0.260469 0.019668 0.021340
1 0.581294 0.606809 0.064370 0.050639
0 0.417474 0.247983 0.023065 0.019524
0 0.826072 0.346239 0.020094 0.014357
0 0.705225 0.544411 0.017078 0.013697
0 0.269697 0.808679 0.019997 0.016962
0 0.699667 0.096537 0.018937 0.015117
0 0.100954 0.349834 0.019324 0.016073
0 0.835996 0.227414 0.017686 0.015638
0 0.613658 0.200837 0.028645 0.019637
0 0.934691 0.728127 0.018725 0.015662
0 0.957372 0.322511 0.020141 0.016360
0 0.543940 0.681319 0.016958 0.014768
0 0.411326 0.016011 0.020271 0.017571
0 0.714659 0.119041 0.023070 0.017319
0 0.960182 0.588437 0.017776 0.014552
0 0.536629 0.332799 0.017229 0.015406
0 0.425690 0.510263 0.018696 0.015462
1 0.737402 0.633629 0.081358 0.067338
0 0.300458 0.370799 0.027016 0.020168
0 0.673262 0.096390 0.019112 0.015431
0 0.347238 0.489831 0.020388 0.016256
0 0.593461 0.891591 0.020332 0.016417
0 0.688020 0.358064 0.019143 0.016282
0 0.283657 0.689453 0.023385 0.016877
0 0.491577 0.856101 0.022150 0.022557
0 0.596245 0.178280 0.018103 0.014850
0 0.434931 0.066332 0.024209 0.021486
0 0.096337 0.318797 0.018649 0.015464
0 0.882529 0.180363 0.020203 0.016683
0 0.933573 0.667847 0.016365 0.013603
0 0.889208 0.668837 0.016920 0.014185
0 0.436673 0.649592 0.019833 0.015774
0 0.920895 0.466186 0.020527 0.017971
0 0.399726 0.545611 0.021453 0.016906
0 0.057876 0.399820 0.018307 0.015944
0 0.894429 0.497067 0.018435 0.015656
0 0.813334 0.318614 0.016455 0.013844
0 0.846465 0.708781 0.018097 0.015225
0 0.450744 0.297962 0.019351 0.015285
0 0.744858 0.809511 0.021683 0.018237
0 0.577703 0.155697 0.022913 0.018830
0 0.404292 0.114890 0.020774 0.019320
0 0.562604 0.116856 0.017847 0.014563
0 0.431022 0.618737 0.018626 0.014647
0 0.805310 0.119336 0.020429 0.017942
0 0.860122 0.376641 0.018254 0.014868
0 0.181265 0.611916 0.021182 0.016541
0 0.838748 0.734261 0.017217 0.013770
0 0.554055 0.142933 0.019107 0.016366
0 0.380009 0.139110 0.017396 0.014344
0 0.890550 0.705839 0.015825 0.013460
0 0.542006 0.866266 0.024804 0.016807
0 0.762158 0.670143 0.016833 0.014370
0 0.552133 0.844983 0.018907 0.016087
0 0.860233 0.352863 0.020821 0.016698
0 0.506502 0.054541 0.019703 0.017518
0 0.810759 0.519893 0.021785 0.017023
0 0.482571 0.327848 0.018595 0.015954
0 0.123911 0.355392 0.019419 0.015273
0 0.911723 0.305502 0.022011 0.015770
0 0.889739 0.157660 0.020855 0.018046
0 0.028364 0.605234 0.016164 0.014063
0 0.700573 0.432830 0.017433 0.014881
0 0.543723 0.462730 0.016717 0.014161
0 0.863988 0.471236 0.016946 0.013851
0 0.214471 0.299137 0.016704 0.014930
0 0.569507 0.769093 0.020567 0.014824
0 0.522095 0.905685 0.021634 0.016969
0 0.569680 0.277157 0.019345 0.016838
0 0.373943 0.621304 0.021072 0.017104
0 0.484806 0.707043 0.018781 0.017211
0 0.645283 0.178106 0.018796 0.015116
0 0.543989 0.357068 0.019120 0.015686
0 0.718008 0.182532 0.025019 0.022448
1 0.443267 0.371368 0.083526 0.054684
0 0.574120 0.483199 0.025450 0.023582
0 0.604856 0.733410 0.019529 0.019118
0 0.411243 0.649211 0.019176 0.015376
0 0.916082 0.630771 0.015951 0.012371
0 0.891420 0.599493 0.015868 0.013264
0 0.078750 0.146452 0.022805 0.019805
0 0.831350 0.557209 0.014993 0.013214
0 0.414756 0.417361 0.021520 0.015944
0 0.553645 0.380492 0.021518 0.019034
0 0.760353 0.419197 0.017176 0.013787
0 0.545869 0.270820 0.019326 0.019252
0 0.349843 0.426605 0.020996 0.018928
0 0.257392 0.305797 0.018517 0.015046
0 0.112065 0.408642 0.020650 0.016328
0 0.984253 0.529918 0.019520 0.016263
0 0.136877 0.318824 0.019092 0.015000
0 0.175877 0.373281 0.020999 0.016490
0 0.131402 0.425264 0.017510 0.015062
0 0.216854 0.432944 0.017908 0.015378
0 0.206074 0.593030 0.018100 0.015749
0 0.383152 0.442544 0.019354 0.014953
0 0.185238 0.428128 0.018511 0.015551
0 0.292152 0.439603 0.016712 0.013432
0 0.743443 0.537612 0.017044 0.014960
0 0.339517 0.513555 0.018772 0.015653
0 0.788494 0.554482 0.021350 0.021542
0 0.248787 0.692458 0.026039 0.024151
0 0.415882 0.445647 0.024731 0.015469
0 0.835855 0.033031 0.028882 0.024983
0 0.233143 0.326285 0.025069 0.015044
0 0.954129 0.371533 0.017937 0.016106
0 0.512868 0.089239 0.026614 0.020509
0 0.488599 0.536128 0.017510 0.014523
0 0.388801 0.669444 0.023621 0.015386
0 0.769911 0.846910 0.020241 0.017568
0 0.540290 0.574064 0.020274 0.014565
0 0.782969 0.132370 0.021617 0.020069
0 0.962061 0.448717 0.019681 0.021084
0 0.372513 0.287536 0.017358 0.015732
0 0.089733 0.434773 0.017622 0.014533
0 0.344799 0.457656 0.017190 0.014550
0 0.889153 0.251467 0.018352 0.015133
0 0.251025 0.507830 0.016350 0.013610
0 0.705214 0.457640 0.020019 0.015854
0 0.016763 0.627436 0.017486 0.014546
0 0.756036 0.386006 0.017449 0.015677
0 0.793259 0.335908 0.021051 0.014672
0 0.675252 0.040703 0.023153 0.018933
0 0.132709 0.660450 0.017731 0.015610
0 0.666558 0.530821 0.015901 0.013566
0 0.458311 0.596318 0.021673 0.023690
0 0.512645 0.656467 0.019581 0.016362
0 0.756561 0.507988 0.017352 0.013900
0 0.546422 0.522350 0.019063 0.013646
0 0.799096 0.605471 0.017861 0.016656
0 0.688272 0.066617 0.019615 0.014359
0 0.959813 0.630157 0.014665 0.012419
0 0.502030 0.909572 0.020400 0.016140
0 0.637332 0.735366 0.017213 0.014353
0 0.759814 0.561680 0.017003 0.013876
0 0.528088 0.407944 0.019706 0.018474
0 0.485996 0.817315 0.025908 0.015869
0 0.169244 0.454297 0.023197 0.016633
0 0.482051 0.727116 0.019346 0.016635
0 0.343981 0.575294 0.027894 0.015681
0 0.586748 0.932988 0.021108 0.017122
0 0.252533 0.699421 0.025994 0.025153
0 0.462124 0.426592 0.019011 0.016589
0 0.284119 0.821188 0.017010 0.015131
0 0.988767 0.189484 0.017197 0.017595
0 0.561858 0.889498 0.022488 0.017188
0 0.038694 0.439071 0.019746 0.017352
0 0.517492 0.368788 0.026363 0.018438
0 0.202919 0.471132 0.019245 0.015530
0 0.570298 0.553812 0.017191 0.013756
0 0.640002 0.817780 0.023302 0.018850
0 0.716718 0.716403 0.017142 0.014822
0 0.940404 0.246330 0.022540 0.018521
0 0.070962 0.008613 0.025777 0.017226
0 0.517646 0.570780 0.018187 0.013514
0 0.681064 0.928715 0.020489 0.016769
0 0.897097 0.754130 0.016724 0.014590
0 0.257512 0.533117 0.027752 0.019565
0 0.377748 0.101743 0.022506 0.019031
0 0.701502 0.728840 0.018277 0.013363
0 0.490069 0.591961 0.017924 0.016029
1 0.681417 0.605361 0.064306 0.046612
0 0.283661 0.946380 0.019183 0.015886
0 0.619277 0.925936 0.021496 0.018106
0 0.277610 0.353859 0.023474 0.016357
0 0.508336 0.371955 0.021540 0.017515
0 0.154283 0.480274 0.022047 0.016315
0 0.799810 0.844867 0.018908 0.016778
0 0.993266 0.400334 0.013468 0.016285
0 0.072113 0.464456 0.017404 0.015032
0 0.879315 0.509564 0.015433 0.013396
0 0.641700 0.046873 0.027675 0.023812
0 0.241381 0.422568 0.016127 0.013875
0 0.300137 0.510840 0.018286 0.016470
0 0.693481 0.765488 0.017138 0.015291
0 0.878957 0.211210 0.023493 0.020896
0 0.463358 0.410348 0.020590 0.018783
0 0.682234 0.445954 0.016068 0.012950
0 0.509653 0.907566 0.030134 0.015363
0 0.070089 0.420934 0.020770 0.015118
1 0.638810 0.574597 0.103321 0.052024
0 0.335245 0.212964 0.026221 0.019938
0 0.259676 0.439765 0.016208 0.015497
0 0.152966 0.540061 0.018749 0.014949
0 0.698431 0.787043 0.019687 0.015289
0 0.904661 0.215373 0.018070 0.015604
0 0.932830 0.249933 0.028440 0.018376
0 0.789289 0.658557 0.015143 0.013554
0 0.934376 0.303352 0.020187 0.015997
0 0.882121 0.788400 0.018962 0.016068
0 0.361834 0.172200 0.018676 0.014776
0 0.056106 0.679517 0.020190 0.017663
0 0.978325 0.323694 0.016309 0.013680
0 0.101597 0.678993 0.017169 0.015511
0 0.547230 0.914015 0.017526 0.014456
0 0.736082 0.585804 0.020702 0.014867
0 0.537125 0.397808 0.022358 0.018133
0 0.925450 0.448036 0.017742 0.017385
0 0.968171 0.275712 0.023603 0.014667
0 0.488338 0.615484 0.019219 0.015624
0 0.034703 0.713091 0.021218 0.017769
0 0.189637 0.370023 0.024955 0.017561
0 0.474458 0.818169 0.020506 0.015433
0 0.066577 0.507628 0.021548 0.015793
0 0.484436 0.718758 0.020497 0.028186
0 0.040890 0.248125 0.035726 0.026402
0 0.247771 0.136277 0.027189 0.022866
0 0.831200 0.800644 0.017231 0.015379
0 0.448518 0.477581 0.014146 0.012474
0 0.436043 0.331536 0.018821 0.013777
0 0.177711 0.545043 0.020136 0.013723
0 0.577705 0.660104 0.025558 0.024671
0 0.410801 0.591419 0.015248 0.013103
0 0.008152 0.557888 0.015427 0.015255
0 0.672217 0.752890 0.016737 0.014407
0 0.772904 0.719463 0.015427 0.014386
0 0.526137 0.096279 0.021010 0.015923
0 0.924437 0.253586 0.022193 0.016703
0 0.169826 0.479616 0.020717 0.014708
0 0.458352 0.607111 0.019380 0.020325
0 0.606603 0.456985 0.015598 0.012619
0 0.182952 0.524417 0.021031 0.017075
0 0.015619 0.784908 0.017799 0.014796
0 0.803746 0.139797 0.024248 0.020101
0 0.424616 0.102400 0.018002 0.016256
1 0.667114 0.650949 0.059249 0.047259