0 0.305745 0.511277 0.012757 0.018810
0 0.359339 0.508968 0.013313 0.016997
0 0.320083 0.316594 0.013184 0.018168
0 0.346355 0.614258 0.013965 0.018517
0 0.270797 0.295475 0.014456 0.021328
0 0.222805 0.300507 0.014202 0.018023
0 0.329879 0.208871 0.012761 0.017706
0 0.476363 0.486743 0.013442 0.019528
0 0.479654 0.167758 0.013383 0.017882
0 0.348810 0.349498 0.013366 0.017636
0 0.367928 0.532113 0.011835 0.015979
0 0.411042 0.463528 0.012054 0.017043
0 0.299041 0.578629 0.011196 0.015931
0 0.199269 0.122306 0.012748 0.019081
0 0.433740 0.393410 0.012612 0.018037
1 0.359396 0.140912 0.036716 0.049643
0 0.151527 0.422915 0.013684 0.018595
0 0.344486 0.760991 0.016451 0.021207
0 0.553417 0.502434 0.014579 0.019003
0 0.633313 0.227495 0.014043 0.018801
0 0.401180 0.130336 0.012846 0.018563
0 0.260309 0.065462 0.013026 0.017833
0 0.247831 0.091402 0.012341 0.016594
0 0.390221 0.624649 0.012954 0.017923
0 0.415922 0.286290 0.011648 0.016776
0 0.435874 0.549478 0.015090 0.019069
0 0.377484 0.425885 0.013245 0.018318
0 0.275540 0.229477 0.016339 0.020437
0 0.104515 0.287808 0.014420 0.022083
0 0.459373 0.510167 0.012049 0.015060
0 0.522010 0.521088 0.016564 0.025203
0 0.318490 0.242751 0.013116 0.017972
0 0.591597 0.433879 0.013746 0.020446
0 0.364924 0.582572 0.012014 0.017245
0 0.548274 0.462345 0.011861 0.016824
0 0.217397 0.100123 0.013768 0.019449
0 0.491415 0.309186 0.012103 0.016127
0 0.144865 0.248219 0.014029 0.019779
0 0.349479 0.305482 0.012150 0.017218
0 0.252115 0.416824 0.011495 0.015590
0 0.467453 0.228913 0.014286 0.021852
0 0.410173 0.582869 0.011227 0.015766
0 0.458219 0.450419 0.011452 0.015609
0 0.304993 0.722463 0.014791 0.019491
0 0.619098 0.353933 0.011759 0.016062
0 0.497383 0.224435 0.016609 0.023017
0 0.591939 0.241830 0.011969 0.016225
0 0.242798 0.659963 0.012794 0.017267
0 0.337683 0.569725 0.011817 0.016013
0 0.601316 0.502386 0.020448 0.020808
0 0.394441 0.282600 0.011580 0.016527
0 0.607544 0.397313 0.011550 0.015351
0 0.136787 0.475541 0.013748 0.018334
0 0.387841 0.449403 0.012989 0.016448
0 0.636632 0.265539 0.014781 0.021700
0 0.153501 0.537479 0.012650 0.016631
0 0.462192 0.542574 0.013700 0.018582
0 0.151924 0.498462 0.010959 0.014211
0 0.345641 0.096617 0.010391 0.015167
0 0.591434 0.269225 0.012276 0.018253
0 0.388440 0.149389 0.011866 0.016749
0 0.380068 0.689299 0.014405 0.017019
0 0.548352 0.231976 0.016698 0.023916
0 0.587781 0.289517 0.012363 0.017251
0 0.280108 0.496934 0.010963 0.016353
0 0.330369 0.671046 0.012902 0.018300
0 0.284903 0.168213 0.013920 0.019813
0 0.530318 0.230111 0.012210 0.017824
0 0.333039 0.680415 0.017131 0.028235
0 0.257679 0.488995 0.010455 0.014807
0 0.371532 0.751424 0.018432 0.025111
0 0.569028 0.581402 0.010526 0.015441
0 0.411832 0.260885 0.012035 0.017293
0 0.239192 0.449608 0.010352 0.013717
0 0.113708 0.218559 0.014122 0.019861
0 0.279802 0.694677 0.012672 0.019034
0 0.574149 0.181689 0.009670 0.014476
0 0.366673 0.635731 0.011234 0.014190
0 0.334826 0.687950 0.014225 0.020462
0 0.300403 0.681238 0.011725 0.016114