0 0.315848 0.480852 0.018119 0.013338
0 0.587495 0.409533 0.020944 0.015618
0 0.251811 0.594177 0.017807 0.014283
0 0.359284 0.619039 0.016531 0.012799
0 0.596591 0.273242 0.017982 0.013734
0 0.671700 0.634629 0.018136 0.013965
0 0.399145 0.321686 0.018908 0.015615
0 0.289730 0.701401 0.017806 0.013104
0 0.740253 0.552493 0.019438 0.014402
0 0.364909 0.363228 0.018944 0.014670
0 0.471207 0.713277 0.017629 0.013907
0 0.333157 0.583259 0.016410 0.013730
0 0.684086 0.314556 0.023024 0.017706
0 0.478831 0.341202 0.020000 0.014859
0 0.711623 0.461701 0.016174 0.012060
0 0.629296 0.463133 0.016432 0.012229
0 0.346147 0.289838 0.018311 0.013427
0 0.609112 0.447281 0.016266 0.012300
1 0.560418 0.619322 0.053907 0.040126
0 0.504592 0.466759 0.018628 0.015990
0 0.374328 0.726085 0.019759 0.015094
0 0.167436 0.306484 0.017692 0.014421
0 0.348813 0.401943 0.017937 0.013603
0 0.608544 0.314439 0.019281 0.016011
0 0.232314 0.607693 0.018588 0.012995
0 0.472602 0.452974 0.020987 0.013773
0 0.708916 0.511372 0.015745 0.011445
1 0.185197 0.253046 0.060087 0.044469
0 0.781955 0.371830 0.021884 0.016692
0 0.683883 0.356336 0.021232 0.016076
0 0.523028 0.213254 0.016856 0.015408
0 0.662899 0.560293 0.018712 0.014394
0 0.665327 0.227106 0.018412 0.014880
0 0.625884 0.534890 0.023688 0.018470
0 0.292335 0.221885 0.015655 0.012976
0 0.491208 0.658208 0.013590 0.010250
0 0.372844 0.512591 0.015946 0.011764
1 0.730997 0.707791 0.044336 0.037902
0 0.765811 0.330389 0.022200 0.016244
0 0.725437 0.293513 0.018527 0.014735
0 0.660651 0.340451 0.022236 0.017177
0 0.694027 0.493073 0.017660 0.014144
1 0.465890 0.766612 0.055830 0.042174
0 0.634065 0.307733 0.025190 0.021481
0 0.198778 0.363212 0.015983 0.012143
0 0.430281 0.456225 0.017004 0.016701
0 0.780946 0.513026 0.016500 0.013143
1 0.518314 0.695714 0.042645 0.033260
0 0.289337 0.559392 0.015298 0.012451
0 0.155185 0.379629 0.017033 0.012812
0 0.275671 0.750510 0.018153 0.013167
0 0.242495 0.622930 0.016412 0.011837
0 0.487036 0.493766 0.014435 0.010694
0 0.544997 0.228031 0.016323 0.013493
0 0.693751 0.545360 0.015870 0.012532
0 0.355093 0.500571 0.016126 0.012408
0 0.795503 0.594953 0.015593 0.011780
0 0.129417 0.410711 0.018826 0.014617
0 0.747865 0.626709 0.016524 0.012411
0 0.464176 0.180357 0.015596 0.012358
0 0.314183 0.510751 0.017012 0.012902
0 0.269951 0.513020 0.015859 0.012189
0 0.238629 0.553013 0.017480 0.012517
1 0.626125 0.690905 0.058225 0.046295
0 0.532081 0.461350 0.016258 0.013071
0 0.637680 0.271109 0.016110 0.013078
0 0.723882 0.486615 0.016581 0.012260
0 0.228523 0.316865 0.016246 0.012559
0 0.249380 0.301079 0.024609 0.015816
0 0.602337 0.205155 0.014869 0.012798
1 0.461572 0.530667 0.038221 0.031144
1 0.465297 0.560725 0.037718 0.027041
0 0.608088 0.599187 0.015989 0.012692
1 0.680039 0.674859 0.037903 0.031726
0 0.403888 0.501820 0.020615 0.016732
0 0.295816 0.523393 0.015068 0.011418
0 0.404899 0.623009 0.023607 0.018349
0 0.523490 0.534811 0.018671 0.014989
0 0.532363 0.528572 0.019584 0.018415
0 0.577169 0.257705 0.015941 0.012541
0 0.149241 0.535727 0.016743 0.013523
0 0.634381 0.643160 0.014638 0.012308
0 0.299954 0.411009 0.015297 0.011817
0 0.626444 0.486635 0.013117 0.009857
0 0.268594 0.335782 0.027006 0.021561
0 0.535151 0.191342 0.014873 0.011333
1 0.439071 0.512618 0.034909 0.028128
1 0.301356 0.291364 0.030586 0.016211
0 0.633406 0.590993 0.013772 0.010746
0 0.551118 0.248765 0.017019 0.014343
0 0.530095 0.508410 0.016638 0.013474
1 0.512960 0.795260 0.100521 0.025464
0 0.289624 0.432052 0.017557 0.014435
0 0.278527 0.650407 0.014809 0.012155
0 0.298463 0.506221 0.017731 0.012361
0 0.774759 0.611902 0.014986 0.012407
0 0.148141 0.575782 0.016614 0.012742
0 0.693304 0.340082 0.019092 0.014482
0 0.276869 0.328869 0.025748 0.019643
0 0.771616 0.500753 0.016566 0.013812
1 0.436495 0.528390 0.044073 0.031246
0 0.528761 0.556646 0.015283 0.011076
0 0.201510 0.406841 0.015262 0.012517
0 0.216661 0.340798 0.015771 0.011730
0 0.206693 0.472249 0.018790 0.015997
0 0.348196 0.767527 0.021232 0.015982
1 0.396290 0.551059 0.047609 0.033606
1 0.326977 0.430286 0.023805 0.014703
1 0.352181 0.453391 0.043408 0.037807