0 0.806804 0.515964 0.015186 0.012441
0 0.292150 0.620601 0.016313 0.013331
0 0.556947 0.712310 0.016144 0.011823
0 0.847157 0.567884 0.014582 0.011052
0 0.374403 0.611682 0.015322 0.012750
0 0.349077 0.561773 0.014676 0.012082
0 0.464100 0.803972 0.019657 0.015634
0 0.466866 0.671649 0.015891 0.014742
0 0.616271 0.490804 0.014832 0.012474
0 0.832998 0.532023 0.013719 0.010753
0 0.640237 0.460581 0.021505 0.014692
0 0.303184 0.682436 0.015948 0.012110
0 0.856866 0.476519 0.014990 0.012817
0 0.388230 0.585814 0.015417 0.012537
0 0.810732 0.704728 0.017145 0.013274
0 0.684326 0.501343 0.016457 0.013212
0 0.367916 0.570406 0.015557 0.012344
0 0.768095 0.568879 0.015312 0.011992
0 0.285753 0.742969 0.013058 0.010443
0 0.463706 0.539197 0.018784 0.012944
0 0.213435 0.674438 0.014648 0.010915
0 0.622607 0.569676 0.017921 0.015132
0 0.282388 0.510623 0.016913 0.012174
0 0.216360 0.615246 0.015803 0.012232
1 0.483511 0.412448 0.014303 0.018104
0 0.515914 0.519472 0.014459 0.011979
0 0.622822 0.528197 0.016567 0.012997
0 0.661939 0.410886 0.013981 0.010718
0 0.683997 0.579310 0.017506 0.012307
0 0.631157 0.860805 0.021391 0.016124
0 0.536925 0.669251 0.015601 0.011700
0 0.547623 0.449964 0.017008 0.013325
0 0.505568 0.484463 0.015395 0.011586
0 0.535583 0.564176 0.014207 0.010597
1 0.821958 0.781894 0.041004 0.031171
0 0.662369 0.640198 0.018578 0.012870
0 0.908173 0.646680 0.013824 0.011024
0 0.753435 0.707178 0.016563 0.012820
0 0.372541 0.477832 0.014505 0.012438
0 0.662828 0.902710 0.027522 0.022379
0 0.903357 0.501387 0.018837 0.015691
0 0.557259 0.636332 0.016575 0.013593
0 0.334314 0.709803 0.014773 0.013914
0 0.848717 0.618145 0.013206 0.010639
0 0.803038 0.598995 0.012965 0.010053
0 0.819822 0.622193 0.013983 0.010625
0 0.298782 0.485781 0.015509 0.012631
0 0.684794 0.879477 0.019487 0.014268
0 0.737093 0.543904 0.017524 0.014325
0 0.707811 0.705881 0.016988 0.014934
0 0.847870 0.801550 0.020888 0.015022
0 0.775560 0.481353 0.014865 0.011544
0 0.908630 0.755587 0.017963 0.012590
0 0.778302 0.454464 0.014030 0.011293
0 0.807228 0.424005 0.014045 0.012023
0 0.724692 0.480963 0.016926 0.013011
0 0.447856 0.574320 0.014401 0.011563
0 0.763947 0.662867 0.018765 0.013772
0 0.873195 0.686328 0.016367 0.011836
0 0.554295 0.470505 0.013298 0.011451
0 0.858906 0.688010 0.015475 0.015112
0 0.881295 0.524392 0.014950 0.012630
0 0.862676 0.791891 0.015938 0.012649
0 0.459394 0.705730 0.014150 0.011710
0 0.798015 0.805467 0.014438 0.010922
0 0.577222 0.694748 0.020983 0.015852
0 0.493401 0.764902 0.017947 0.015336
0 0.294579 0.870313 0.013783 0.011613
0 0.858790 0.457903 0.014168 0.013119
1 0.250004 0.467840 0.032209 0.027758
0 0.607546 0.757929 0.013332 0.011450
0 0.443680 0.595960 0.017082 0.012927
0 0.717768 0.883751 0.017130 0.013367
0 0.426541 0.889420 0.017695 0.014702
0 0.533503 0.751740 0.014253 0.011624
0 0.748761 0.452669 0.015152 0.012043
0 0.634471 0.500839 0.012737 0.009924
1 0.535941 0.349839 0.026838 0.021739
1 0.954084 0.583736 0.027912 0.024155