0 0.315114 0.569023 0.023836 0.016825
0 0.371148 0.622951 0.025703 0.019700
0 0.606341 0.611572 0.022129 0.016184
0 0.714635 0.568975 0.025314 0.018775
0 0.505928 0.525398 0.025367 0.016316
0 0.401745 0.580994 0.021878 0.017120
0 0.558323 0.343162 0.024996 0.020487
0 0.430116 0.345536 0.026785 0.021172
0 0.632749 0.267321 0.018690 0.014803
0 0.387862 0.670717 0.026624 0.019890
0 0.342192 0.594392 0.020819 0.016767
0 0.655066 0.332178 0.023665 0.017462
0 0.505513 0.269876 0.023158 0.018301
0 0.565873 0.251705 0.018592 0.015377
1 0.810412 0.608578 0.044224 0.033981
0 0.707051 0.512113 0.021675 0.016244
0 0.204896 0.408069 0.019189 0.013653
1 0.166496 0.451972 0.050142 0.036999
0 0.623054 0.641780 0.027891 0.021977
1 0.861366 0.528013 0.043281 0.034826
0 0.763428 0.656594 0.029920 0.028608
0 0.554274 0.649533 0.021836 0.016532
0 0.307477 0.652707 0.023614 0.018558
0 0.689507 0.580894 0.024499 0.016891
0 0.169044 0.381621 0.019664 0.014884
0 0.677139 0.491059 0.017760 0.014429
1 0.434847 0.801157 0.049342 0.040149
0 0.679798 0.308956 0.021144 0.018449
0 0.517668 0.473291 0.017058 0.013354
0 0.705632 0.387489 0.029082 0.021435
0 0.663709 0.461730 0.018852 0.014564
0 0.673865 0.774412 0.017232 0.012054
0 0.310783 0.325842 0.021859 0.017694
0 0.717279 0.381582 0.031266 0.023783
0 0.540376 0.496544 0.016772 0.014119