0 0.294705 0.589579 0.015489 0.011973
0 0.278829 0.460617 0.018334 0.013935
0 0.362469 0.557951 0.015517 0.011743
0 0.314854 0.478594 0.017142 0.012805
0 0.401630 0.481660 0.017521 0.012561
0 0.172117 0.620985 0.019458 0.014275
0 0.268577 0.611631 0.014515 0.011646
0 0.321563 0.623130 0.020763 0.014928
0 0.713786 0.442784 0.018798 0.014538
0 0.340364 0.540226 0.017685 0.014812
0 0.379430 0.497320 0.015162 0.011053
0 0.502974 0.478258 0.019153 0.013075
0 0.444785 0.452328 0.021723 0.015409
0 0.113225 0.615422 0.020411 0.014739
0 0.093942 0.722438 0.017836 0.013003
0 0.109714 0.689936 0.015655 0.012157
0 0.591760 0.849917 0.018862 0.013392
0 0.192247 0.472892 0.015397 0.012695
0 0.247615 0.577784 0.014433 0.011554
0 0.054372 0.581871 0.016725 0.012598
0 0.646563 0.675494 0.020025 0.014778
0 0.391258 0.438714 0.021889 0.016780
0 0.549146 0.512551 0.016180 0.012563
0 0.345735 0.650926 0.020213 0.016352
0 0.540068 0.811980 0.022100 0.015205
0 0.381532 0.345887 0.012948 0.010942
0 0.398348 0.376527 0.017861 0.015556
0 0.374670 0.587806 0.016833 0.012675
0 0.558470 0.579528 0.019882 0.015201
0 0.271451 0.440724 0.017282 0.012339
0 0.519498 0.436193 0.017235 0.014733
0 0.111442 0.651986 0.021205 0.013585
0 0.256629 0.770490 0.020804 0.015550
0 0.701251 0.614504 0.016267 0.012155
0 0.245829 0.536964 0.021357 0.018201
0 0.505557 0.543085 0.014269 0.010950
0 0.330120 0.601110 0.013300 0.009987
0 0.716614 0.485803 0.015112 0.012303
0 0.714549 0.700748 0.019138 0.013628
0 0.487484 0.758389 0.015505 0.011839
0 0.213040 0.808617 0.016302 0.012231
0 0.537682 0.459471 0.015041 0.010978
0 0.386119 0.872546 0.019146 0.014310
0 0.208263 0.627732 0.013229 0.010517
0 0.544054 0.435235 0.016967 0.013154
0 0.324400 0.731751 0.022108 0.017153
0 0.686476 0.576183 0.015564 0.011990
0 0.098313 0.575061 0.015525 0.010668
0 0.525293 0.678101 0.018009 0.012944
0 0.683197 0.423528 0.015782 0.013111
0 0.359180 0.314923 0.017025 0.013789
0 0.382714 0.850857 0.025579 0.015334
0 0.174052 0.438604 0.018213 0.014213
0 0.427950 0.316686 0.022012 0.015673
0 0.732596 0.504284 0.014280 0.010909
0 0.452908 0.534842 0.019760 0.015739
0 0.293096 0.720773 0.017620 0.011102
0 0.117887 0.444517 0.016705 0.014985
0 0.325083 0.517508 0.020115 0.017428
0 0.492398 0.892581 0.022668 0.016315
0 0.477445 0.408371 0.018315 0.014630
0 0.516094 0.515383 0.019521 0.016798
0 0.249668 0.711610 0.019197 0.014087
0 0.273474 0.546035 0.018283 0.014648
0 0.178534 0.534343 0.019448 0.013338
0 0.117438 0.594678 0.014172 0.010921
0 0.762099 0.498145 0.018007 0.015480
0 0.417508 0.342005 0.013114 0.010900
0 0.321082 0.706576 0.019229 0.013837
0 0.432367 0.744066 0.012319 0.009507
0 0.191855 0.516451 0.017397 0.012584
0 0.073859 0.706082 0.016581 0.012226
0 0.254725 0.393523 0.021332 0.014976
0 0.325615 0.833679 0.017710 0.013837
0 0.343446 0.407653 0.020445 0.016957
0 0.478376 0.817663 0.019144 0.015438
0 0.377244 0.666425 0.019666 0.013872
0 0.286163 0.869598 0.029646 0.024096
0 0.480540 0.548614 0.018016 0.013921
0 0.077844 0.459359 0.012956 0.010527
0 0.424575 0.703354 0.016369 0.013127
0 0.180118 0.564183 0.022195 0.016705
0 0.186237 0.743220 0.013718 0.010980
0 0.449424 0.381046 0.023239 0.025527
0 0.460492 0.320374 0.018387 0.015421
0 0.582008 0.630650 0.015933 0.010150
0 0.591106 0.680792 0.012130 0.010141
0 0.665930 0.455066 0.013566 0.010756
0 0.392818 0.813037 0.013804 0.010557
0 0.575886 0.793548 0.012909 0.010081
0 0.343494 0.421178 0.018355 0.013835
0 0.126307 0.637471 0.015249 0.011848
0 0.427030 0.805941 0.021272 0.014341
0 0.406749 0.628594 0.016566 0.011266
0 0.145921 0.412211 0.014991 0.011715
0 0.340743 0.870870 0.028823 0.023226
0 0.606845 0.784260 0.018583 0.013491
0 0.591995 0.358450 0.016978 0.018079
0 0.626227 0.810565 0.021987 0.015693
0 0.525719 0.645855 0.020480 0.015250
0 0.435150 0.848950 0.014505 0.010080
0 0.335083 0.876920 0.035800 0.026736
0 0.074618 0.528558 0.014290 0.011132
0 0.642384 0.503914 0.014204 0.010997
0 0.508267 0.392699 0.026837 0.020747
0 0.441105 0.495473 0.015933 0.012998
0 0.556800 0.833301 0.014733 0.011397
0 0.657582 0.631106 0.012884 0.010304
0 0.533898 0.649867 0.023116 0.017170
0 0.237148 0.792315 0.013584 0.010350
0 0.315516 0.658802 0.013427 0.009769
0 0.448473 0.389415 0.018466 0.020253
0 0.632635 0.424664 0.013557 0.011425
0 0.154203 0.374862 0.028541 0.016896
0 0.199453 0.692218 0.018279 0.013502
0 0.489543 0.637656 0.015527 0.012518
0 0.538966 0.375213 0.019969 0.016440
1 0.189123 0.381016 0.026740 0.017402
0 0.168261 0.661047 0.011393 0.009573
0 0.301077 0.326271 0.017470 0.013511
0 0.489525 0.678705 0.012265 0.010333
0 0.314468 0.697995 0.016010 0.013566
0 0.523201 0.610335 0.014861 0.011861
0 0.536880 0.334910 0.017546 0.014420
0 0.225381 0.734701 0.012646 0.010746
0 0.317914 0.701332 0.018079 0.015704
0 0.533011 0.593139 0.014746 0.012120
0 0.486170 0.613879 0.013297 0.011515
0 0.477660 0.446377 0.013949 0.009925
0 0.314624 0.348392 0.012015 0.009958
1 0.609329 0.577308 0.038852 0.038223
0 0.304975 0.329401 0.016543 0.013251
0 0.160456 0.453644 0.014716 0.010589
0 0.450208 0.793543 0.017099 0.012250
0 0.169387 0.434234 0.020596 0.014275
0 0.644294 0.476720 0.014547 0.011137
0 0.100115 0.532942 0.017908 0.013994
0 0.744790 0.547259 0.017318 0.013333
0 0.437566 0.874357 0.020552 0.013259
1 0.029930 0.530728 0.038299 0.018279
1 0.013310 0.660314 0.026620 0.020238