0 0.489949 0.812061 0.019961 0.015457
0 0.425701 0.772871 0.016656 0.012931
0 0.624461 0.664775 0.017165 0.013213
0 0.255600 0.594693 0.020449 0.015692
0 0.296088 0.441006 0.018592 0.013218
0 0.295835 0.404071 0.016232 0.011793
0 0.124638 0.504057 0.016763 0.013372
0 0.362967 0.649891 0.015935 0.012769
0 0.370763 0.744850 0.021377 0.015282
0 0.441141 0.825494 0.018666 0.014189
0 0.325522 0.494408 0.014133 0.010929
0 0.277545 0.505079 0.016606 0.014001
0 0.374191 0.798763 0.019327 0.017223
0 0.324241 0.762198 0.017854 0.012869
0 0.374517 0.430048 0.017418 0.013559
0 0.547148 0.563785 0.020945 0.014977
0 0.335423 0.527115 0.014529 0.011840
0 0.442663 0.668927 0.017004 0.012108
0 0.339379 0.465434 0.017765 0.013362
0 0.516354 0.828605 0.018707 0.015030
0 0.414193 0.712237 0.014412 0.011279
0 0.364021 0.387771 0.019871 0.014478
0 0.511866 0.453883 0.015866 0.012084
1 0.170503 0.475768 0.017229 0.008350
0 0.595604 0.616415 0.018632 0.014494
0 0.325914 0.434832 0.015765 0.012637
0 0.346949 0.857409 0.020588 0.015848
0 0.391728 0.605801 0.020572 0.016696
0 0.648529 0.521800 0.015494 0.011901
0 0.573568 0.457172 0.016303 0.012212
0 0.156426 0.495121 0.017180 0.013017
0 0.343951 0.689970 0.015615 0.012129
0 0.719657 0.418623 0.023246 0.016995
0 0.427953 0.852004 0.023720 0.018510
0 0.295608 0.367305 0.018551 0.013887
0 0.213051 0.560345 0.020159 0.014933
0 0.333658 0.810914 0.021908 0.017763
0 0.187450 0.558816 0.019286 0.015091
0 0.401029 0.830027 0.018251 0.013780
0 0.558500 0.407779 0.019244 0.013860
0 0.356841 0.320648 0.013005 0.010526
0 0.604731 0.808682 0.019794 0.015959
0 0.605711 0.771353 0.019999 0.014223
0 0.572016 0.664423 0.019838 0.016646
0 0.176908 0.445782 0.017005 0.011404
0 0.481769 0.609005 0.021565 0.014686
0 0.573197 0.843982 0.018613 0.013792
0 0.557223 0.509270 0.017052 0.013109
0 0.567076 0.548425 0.020341 0.013168
0 0.665115 0.555965 0.019124 0.015028
0 0.472870 0.656664 0.018372 0.013740
0 0.655411 0.641089 0.016032 0.011906
0 0.779892 0.494082 0.020620 0.016194
0 0.433052 0.583604 0.015871 0.013105
0 0.210722 0.417738 0.014744 0.011080
0 0.452341 0.339993 0.017595 0.013713
0 0.490261 0.667529 0.017522 0.015707
0 0.507025 0.403548 0.021726 0.016490
0 0.635301 0.483456 0.015729 0.011477
0 0.572119 0.632282 0.015466 0.010671
0 0.540463 0.477252 0.018290 0.016257
0 0.475057 0.632202 0.017374 0.013670
0 0.286212 0.468525 0.013071 0.009786
0 0.241637 0.499926 0.013761 0.013417
1 0.764508 0.742296 0.047124 0.039200
0 0.353446 0.477176 0.014910 0.010777
1 0.049800 0.612072 0.053955 0.040920
0 0.773346 0.551036 0.025595 0.016614
0 0.596942 0.851723 0.021099 0.016782
0 0.296136 0.524856 0.012636 0.009370
0 0.259496 0.469449 0.012126 0.009292
0 0.650202 0.713440 0.018248 0.015001
0 0.478091 0.296074 0.014991 0.012388
0 0.240182 0.525942 0.015159 0.010393
0 0.194662 0.496581 0.011191 0.008913
0 0.285139 0.484760 0.012896 0.009730
1 0.297949 0.688188 0.048092 0.035047
0 0.465216 0.736038 0.016969 0.013724
0 0.751410 0.523237 0.014040 0.010662
0 0.677464 0.468265 0.022969 0.017105
0 0.644225 0.496605 0.017088 0.013233
0 0.302633 0.571228 0.014791 0.011591
0 0.357142 0.300050 0.011768 0.009179
0 0.298691 0.638002 0.014838 0.012307
0 0.684703 0.729938 0.014639 0.010847
0 0.012963 0.556489 0.018548 0.014585
0 0.221437 0.467913 0.011380 0.008819
0 0.163563 0.542648 0.016260 0.011867
0 0.556264 0.813609 0.018772 0.014928
0 0.385759 0.567681 0.027986 0.015050
0 0.581947 0.525937 0.018095 0.013099
0 0.534075 0.647445 0.022792 0.017844
0 0.440576 0.724762 0.015972 0.012599
0 0.098911 0.528990 0.018591 0.014361
0 0.094901 0.453489 0.018230 0.012494
0 0.324201 0.357190 0.015223 0.011479
0 0.424256 0.279134 0.013804 0.010288
0 0.704087 0.446173 0.017649 0.014822
0 0.753715 0.447010 0.019726 0.014796
0 0.450798 0.710952 0.018450 0.013577
0 0.135174 0.411979 0.019469 0.014479
0 0.395796 0.352188 0.014114 0.012474
0 0.429872 0.603659 0.016101 0.011997
0 0.306450 0.348697 0.018244 0.012677
0 0.273852 0.577140 0.014864 0.011030
0 0.346597 0.543340 0.013374 0.009888
0 0.602591 0.418109 0.018991 0.014810
0 0.638814 0.782733 0.015768 0.012120
0 0.750411 0.428178 0.019200 0.015543
0 0.197618 0.372493 0.017412 0.011714
0 0.621154 0.754073 0.016763 0.011344
0 0.035971 0.499557 0.015117 0.011404
0 0.381527 0.717591 0.013410 0.010463
0 0.450083 0.309202 0.014391 0.011645
0 0.558448 0.526841 0.017218 0.013285
0 0.182575 0.337082 0.019908 0.014945
0 0.565248 0.475236 0.017620 0.013177
0 0.419100 0.351169 0.017573 0.014156
0 0.412347 0.369447 0.024716 0.014184
0 0.157790 0.441441 0.015470 0.011415
0 0.210828 0.374875 0.015714 0.010356
0 0.106703 0.575458 0.013240 0.012109
0 0.697660 0.685959 0.018473 0.014025
0 0.602624 0.343995 0.014419 0.011802
0 0.560737 0.324530 0.031924 0.014931
0 0.588158 0.367928 0.019109 0.012295
0 0.739977 0.695947 0.016801 0.012963
0 0.304208 0.586327 0.024342 0.011598
0 0.034553 0.486553 0.014451 0.012202
0 0.122359 0.743691 0.017728 0.014570
0 0.609726 0.422246 0.020076 0.014130
0 0.635259 0.775495 0.016565 0.014694
0 0.161630 0.525889 0.016064 0.012973
0 0.364162 0.632755 0.013425 0.010864
0 0.047335 0.658964 0.013604 0.011076
0 0.313347 0.668262 0.014335 0.012293
0 0.499309 0.423683 0.015924 0.010726
0 0.481845 0.662420 0.026692 0.018208
0 0.406077 0.318127 0.014758 0.014137
0 0.570430 0.325577 0.021787 0.014327
0 0.144307 0.742205 0.015089 0.011992
0 0.131889 0.710388 0.020186 0.014744
0 0.615690 0.426139 0.015130 0.011328
0 0.582098 0.473030 0.014430 0.011027
0 0.512499 0.856000 0.019394 0.014958
0 0.255558 0.524585 0.014101 0.009835
0 0.601930 0.313272 0.016032 0.011571
0 0.533861 0.667122 0.016028 0.011443
0 0.086413 0.504455 0.013162 0.010768
0 0.782546 0.467615 0.018444 0.014887