0 0.461364 0.497230 0.019615 0.014814
0 0.299962 0.604578 0.020108 0.015412
0 0.311679 0.358734 0.018610 0.014583
0 0.461446 0.421303 0.019328 0.015026
0 0.274822 0.468563 0.018361 0.014841
0 0.544500 0.681495 0.021283 0.016393
0 0.572103 0.370886 0.019185 0.014233
0 0.564910 0.337002 0.019829 0.014927
0 0.337916 0.671220 0.021334 0.015678
0 0.247438 0.640745 0.017334 0.012853
0 0.500450 0.557802 0.017497 0.013979
0 0.207577 0.578364 0.020283 0.015990
0 0.486662 0.379713 0.019978 0.015475
0 0.428198 0.676176 0.021010 0.016044
0 0.630889 0.526774 0.020051 0.015919
0 0.346072 0.547644 0.017085 0.013142
0 0.756916 0.350284 0.018424 0.014075
0 0.342472 0.318343 0.020353 0.015964
0 0.359026 0.451363 0.017805 0.014630
0 0.456977 0.714285 0.026394 0.022664
0 0.630008 0.591365 0.018987 0.015241
0 0.336574 0.450128 0.017281 0.013603
0 0.431084 0.730362 0.022218 0.016271
0 0.221957 0.333820 0.016314 0.013196
0 0.484040 0.459627 0.017204 0.014058
0 0.468310 0.312927 0.019336 0.015212
0 0.583282 0.641861 0.021519 0.015645
0 0.709980 0.356640 0.019355 0.014636
0 0.471096 0.554594 0.015834 0.012301
0 0.145002 0.447563 0.017891 0.013287
0 0.675098 0.323026 0.015563 0.012330
0 0.287598 0.637704 0.019323 0.013809
0 0.791278 0.370045 0.017567 0.013405
0 0.281069 0.427824 0.019267 0.015012
0 0.629147 0.618383 0.017974 0.014293
0 0.291987 0.690858 0.018039 0.013558
0 0.515165 0.693456 0.021808 0.018058
0 0.733941 0.481295 0.016048 0.012238
0 0.628718 0.351112 0.017007 0.012442
0 0.284049 0.293598 0.016988 0.015777
0 0.492931 0.474514 0.017514 0.013059
0 0.676148 0.267138 0.016834 0.013342
0 0.274328 0.627468 0.016797 0.013691
0 0.528443 0.199235 0.014436 0.012268
0 0.682127 0.399991 0.017273 0.014511
0 0.309556 0.281336 0.015249 0.012521
0 0.738883 0.287818 0.015663 0.012838
0 0.634431 0.633364 0.021010 0.016074
1 0.203952 0.382610 0.036027 0.031650
0 0.482904 0.433662 0.015524 0.011698
0 0.575882 0.540682 0.017690 0.013644
0 0.434266 0.426694 0.016861 0.013666
0 0.591835 0.267533 0.014713 0.011627
0 0.654302 0.353509 0.015511 0.014954
0 0.674032 0.421653 0.017026 0.012969
0 0.518575 0.453249 0.015953 0.011704
0 0.742654 0.304229 0.014853 0.012078
0 0.684442 0.485885 0.016226 0.013381
0 0.720525 0.342278 0.015685 0.011651
0 0.172630 0.484015 0.014151 0.011700
0 0.229190 0.263866 0.014399 0.011781
0 0.487785 0.467313 0.017681 0.023473
0 0.307616 0.546503 0.014793 0.013021
0 0.697189 0.376581 0.016210 0.012394