0 0.813789 0.765830 0.015303 0.011029
0 0.776828 0.746827 0.022192 0.016097
0 0.337959 0.666015 0.017771 0.012898
0 0.894424 0.644047 0.012487 0.008787
0 0.554756 0.591343 0.011125 0.009285
0 0.566951 0.477466 0.014782 0.011684
0 0.740625 0.718751 0.014492 0.009020
0 0.346671 0.540898 0.014459 0.011809
0 0.875901 0.680694 0.013305 0.009938
0 0.704684 0.367214 0.013650 0.013046
0 0.578279 0.340207 0.012254 0.011327
0 0.730848 0.545281 0.019075 0.014108
0 0.921743 0.576895 0.012904 0.010901
0 0.313099 0.594085 0.014900 0.011546
0 0.652608 0.728615 0.017442 0.014246
0 0.276797 0.662342 0.014100 0.011583
0 0.729711 0.379452 0.018550 0.015462
0 0.616438 0.380635 0.014183 0.011271
0 0.486382 0.570751 0.017499 0.014226
0 0.246830 0.536376 0.013293 0.011496
0 0.754624 0.665281 0.013506 0.013291
0 0.287921 0.453907 0.012185 0.013302
0 0.896550 0.501713 0.015294 0.011485
0 0.781609 0.507186 0.016772 0.014046
0 0.679329 0.516184 0.016135 0.012273
0 0.821289 0.524093 0.015783 0.012197
0 0.657802 0.685259 0.014904 0.010859
0 0.774670 0.801192 0.016368 0.010148
0 0.348195 0.683793 0.017262 0.012074
0 0.781089 0.451407 0.015493 0.011979
0 0.747797 0.632466 0.014184 0.011552
0 0.551947 0.629730 0.013665 0.010291
0 0.563663 0.353814 0.013327 0.009999
0 0.574546 0.406434 0.014806 0.009451
0 0.562547 0.770147 0.015900 0.012249
0 0.479684 0.457086 0.015809 0.014141
0 0.482029 0.512247 0.016889 0.013996
0 0.303166 0.620411 0.013906 0.011917
0 0.798003 0.470183 0.015388 0.009908
0 0.538927 0.761130 0.018207 0.016127
0 0.848294 0.494335 0.014652 0.012974
0 0.285825 0.621571 0.010886 0.009862
0 0.478097 0.661565 0.017372 0.013231
0 0.520889 0.390424 0.013700 0.012114
0 0.374170 0.476468 0.016517 0.013664
0 0.633265 0.518693 0.017886 0.016430
0 0.842818 0.640656 0.019035 0.011690
0 0.420190 0.540956 0.015991 0.011410
0 0.500799 0.363408 0.013365 0.010184
0 0.393799 0.772509 0.013322 0.010614
0 0.610129 0.560845 0.018333 0.013644
0 0.504394 0.447479 0.017308 0.014840
0 0.353736 0.595576 0.019372 0.016315
0 0.651032 0.586198 0.016522 0.013794
0 0.613702 0.377783 0.014658 0.011509
0 0.531376 0.845663 0.021568 0.015720
0 0.744604 0.625575 0.014912 0.013234
0 0.396591 0.366388 0.016572 0.014905
0 0.758394 0.600726 0.014410 0.012169
0 0.437557 0.557731 0.020253 0.015697
0 0.456060 0.533862 0.022823 0.013753
0 0.278336 0.408483 0.011846 0.008834
0 0.388962 0.426423 0.018757 0.015295
0 0.502631 0.631348 0.018313 0.014455
0 0.620023 0.328743 0.012717 0.011191
0 0.636653 0.666422 0.018507 0.012494
0 0.442729 0.727120 0.013907 0.014295
0 0.553979 0.421328 0.015923 0.012402
0 0.856942 0.447566 0.015409 0.010015
0 0.398278 0.342816 0.014567 0.013355
0 0.274831 0.407477 0.009491 0.011479
0 0.660053 0.624589 0.015690 0.011744
0 0.615283 0.817920 0.013608 0.012247
0 0.410139 0.862062 0.012928 0.007655
0 0.430551 0.865889 0.012928 0.011227
0 0.392788 0.845222 0.014969 0.012758
0 0.488046 0.841650 0.013608 0.007655
0 0.481922 0.862572 0.013608 0.010716
0 0.235273 0.750049 0.015649 0.014289
0 0.279160 0.707439 0.013608 0.010716
0 0.540438 0.677075 0.017691 0.014289
0 0.393809 0.567255 0.014289 0.010206
0 0.437355 0.450905 0.015649 0.009186
1 0.563521 0.382062 0.046346 0.039726
1 0.696241 0.407793 0.040929 0.022571
1 0.809097 0.359039 0.033105 0.026183