0 0.286973 0.864928 0.012621 0.017731
0 0.336052 0.872168 0.013548 0.018238
0 0.568175 0.653581 0.015054 0.019248
0 0.210480 0.554076 0.012324 0.016733
0 0.407355 0.396218 0.012449 0.019308
0 0.344544 0.487727 0.012078 0.016471
0 0.302543 0.801663 0.012563 0.017004
0 0.164991 0.563108 0.011470 0.016272
0 0.296751 0.438432 0.014142 0.020641
0 0.531373 0.971695 0.013282 0.018435
0 0.249441 0.602869 0.012533 0.017586
0 0.373412 0.578292 0.011501 0.015917
0 0.351363 0.601182 0.011981 0.015911
1 0.195244 0.813794 0.034488 0.055040
0 0.343569 0.412258 0.013287 0.019096
0 0.213871 0.968710 0.013008 0.017799
0 0.200209 0.657362 0.011891 0.016445
0 0.239316 0.841642 0.011079 0.015431
0 0.581260 0.454422 0.014306 0.021015
0 0.245047 0.991290 0.013033 0.016391
0 0.305548 0.662901 0.011430 0.017160
0 0.498756 0.671768 0.014490 0.021253
0 0.200213 0.625686 0.013133 0.018051
0 0.361664 0.623478 0.010630 0.014422
0 0.323137 0.722571 0.013190 0.017296
0 0.317986 0.330478 0.011719 0.016878
0 0.467555 0.711631 0.014278 0.020527
1 0.597773 0.621210 0.025269 0.035564
0 0.436811 0.410283 0.012130 0.018706
0 0.395467 0.946597 0.016371 0.022913
0 0.292863 0.539902 0.012053 0.019526
0 0.184549 0.719639 0.010824 0.015144
0 0.427521 0.347498 0.010571 0.016800
0 0.513725 0.852130 0.011122 0.014846
1 0.225768 0.428711 0.029625 0.049197
0 0.331329 0.535122 0.012141 0.017870
1 0.183451 0.865250 0.031797 0.045129
0 0.493031 0.474711 0.012669 0.017773
0 0.507035 0.954207 0.014633 0.017768
0 0.180896 0.419197 0.010766 0.017072
0 0.411480 0.738491 0.011876 0.017397
0 0.630270 0.625931 0.010719 0.014950
0 0.485951 0.600710 0.011835 0.016470
0 0.610026 0.562998 0.011297 0.015468
0 0.260059 0.369296 0.012586 0.018321
0 0.426283 0.780438 0.014500 0.018296
0 0.320596 0.715127 0.013349 0.025437
0 0.376932 0.648749 0.010115 0.015317
0 0.354397 0.538595 0.012073 0.020853
0 0.178527 0.472931 0.011739 0.016722
0 0.613757 0.753132 0.012277 0.017380
0 0.424463 0.486203 0.012337 0.018149
0 0.319092 0.706165 0.011651 0.016975
0 0.383662 0.449662 0.010077 0.014878
0 0.361501 0.685889 0.010704 0.016074
0 0.392196 0.473323 0.010141 0.014032
0 0.169649 0.686048 0.010792 0.015713
0 0.447560 0.870718 0.012342 0.017930
0 0.503989 0.350485 0.011854 0.017806
0 0.316608 0.630612 0.009207 0.014609
0 0.199098 0.700241 0.012124 0.019457
0 0.275679 0.365864 0.011423 0.018525
0 0.373332 0.508145 0.014187 0.019306
0 0.513422 0.499900 0.017979 0.033364
0 0.389230 0.801840 0.009847 0.014957
0 0.486280 0.824370 0.012001 0.016651
0 0.325952 0.655981 0.011072 0.014738
0 0.400099 0.327855 0.011164 0.022562
0 0.548799 0.932837 0.011871 0.020886
0 0.191397 0.636808 0.012027 0.016011
1 0.068212 0.760078 0.025641 0.045289
0 0.172082 0.653410 0.013578 0.019125
0 0.080849 0.628313 0.011532 0.017626
0 0.287154 0.705411 0.010534 0.014279
0 0.229014 0.570885 0.011302 0.019969