0 0.497471 0.515160 0.011109 0.014771
0 0.425257 0.294922 0.010768 0.013995
0 0.545231 0.303986 0.010651 0.017219
0 0.520144 0.277598 0.010451 0.014447
0 0.569107 0.343141 0.010748 0.015090
0 0.429213 0.649160 0.009805 0.013867
0 0.459067 0.287662 0.009164 0.012316
0 0.545058 0.553954 0.008498 0.011571
0 0.495366 0.216905 0.009749 0.013384
0 0.452246 0.207631 0.010961 0.016114
0 0.441971 0.251932 0.012304 0.018225
0 0.698468 0.220241 0.010980 0.015050
0 0.323335 0.283086 0.010510 0.013846
0 0.309591 0.493906 0.010804 0.014421
0 0.424174 0.609780 0.009153 0.011920
0 0.498728 0.406352 0.012599 0.018290
0 0.519373 0.194562 0.014049 0.016761
0 0.332742 0.366850 0.010095 0.013582
0 0.547085 0.079322 0.010886 0.015795
0 0.547677 0.581591 0.009777 0.015424
0 0.479510 0.295390 0.010509 0.014782
0 0.693144 0.428782 0.009667 0.013087
0 0.356442 0.466816 0.009846 0.013236
1 0.506434 0.152486 0.031573 0.051441
0 0.462167 0.390360 0.011954 0.016456
0 0.438115 0.173685 0.011427 0.017416
0 0.486426 0.266298 0.009024 0.013350
0 0.694278 0.371341 0.009360 0.014343
0 0.244690 0.302557 0.012727 0.018998
0 0.535851 0.786620 0.014384 0.019039
0 0.469970 0.212913 0.010276 0.013165
0 0.368021 0.296090 0.010429 0.014776
0 0.605645 0.237958 0.010520 0.015650
0 0.569427 0.515634 0.008835 0.013059
0 0.522713 0.109405 0.011598 0.014467
0 0.518517 0.318448 0.011001 0.018878
0 0.404219 0.298532 0.011135 0.013977
0 0.602190 0.765844 0.011559 0.014742
0 0.458303 0.581636 0.008011 0.010804
0 0.424280 0.558043 0.008752 0.012384
0 0.414748 0.190397 0.009721 0.013029
0 0.384057 0.655249 0.011106 0.015457
0 0.380777 0.343818 0.014197 0.017968
0 0.507490 0.629801 0.008237 0.012259
0 0.346120 0.438008 0.012089 0.018163
0 0.421160 0.238007 0.011792 0.015601
0 0.338593 0.390543 0.008906 0.012006
0 0.388519 0.296780 0.010424 0.014512
0 0.477180 0.566470 0.009702 0.014173
0 0.719836 0.382492 0.008492 0.011634
0 0.491920 0.543796 0.009143 0.011382
0 0.402420 0.581632 0.007853 0.012020
0 0.299961 0.460791 0.012473 0.014133
0 0.531251 0.222603 0.011916 0.015706
0 0.554308 0.327092 0.009300 0.011545
0 0.478231 0.130446 0.010744 0.014376
0 0.405670 0.629170 0.008578 0.012992
0 0.431586 0.229380 0.011334 0.014816
0 0.548223 0.168802 0.011638 0.017696
0 0.589627 0.552077 0.009330 0.014179
0 0.389574 0.483371 0.009482 0.014029
0 0.636482 0.278002 0.009815 0.012458
0 0.569555 0.538106 0.009428 0.018463
0 0.413405 0.412222 0.010005 0.013127
0 0.542220 0.363997 0.010468 0.013509
0 0.480180 0.459993 0.011296 0.014099
0 0.471158 0.154605 0.011032 0.012674
0 0.417195 0.485487 0.011431 0.015088
0 0.320206 0.350458 0.009748 0.013513
0 0.444012 0.328058 0.008928 0.011872
0 0.354628 0.599767 0.010682 0.014642
0 0.333618 0.542787 0.009319 0.012572
0 0.717728 0.239545 0.011198 0.015720
0 0.728685 0.412395 0.010122 0.013725
0 0.569380 0.426378 0.014462 0.016695
0 0.556911 0.198990 0.008226 0.010778
0 0.433039 0.368414 0.010779 0.015053
0 0.607016 0.363800 0.010275 0.013911
0 0.690979 0.266657 0.009415 0.011323
0 0.331856 0.327967 0.011432 0.016285
0 0.234832 0.270110 0.014496 0.021491
0 0.416711 0.453761 0.009821 0.015741
1 0.246198 0.494084 0.061063 0.082017
0 0.627518 0.593261 0.009246 0.012550
0 0.449229 0.476125 0.011382 0.014274
0 0.626677 0.745051 0.010938 0.013531
0 0.457869 0.647315 0.007222 0.010954
0 0.365383 0.631382 0.010263 0.013338
0 0.385248 0.401326 0.012841 0.017778
0 0.571049 0.786119 0.010964 0.015243
0 0.479803 0.193681 0.008898 0.012780
0 0.589336 0.394957 0.014449 0.019774
0 0.377502 0.549656 0.009966 0.014467
0 0.487164 0.373517 0.013326 0.018804
0 0.697861 0.344169 0.011181 0.015488
0 0.340042 0.482568 0.011683 0.013810
0 0.352610 0.354319 0.010877 0.014924
0 0.302716 0.313507 0.015538 0.019274
0 0.512296 0.552409 0.008598 0.013504
0 0.669893 0.185954 0.013590 0.017248
0 0.577538 0.283376 0.014070 0.017620
0 0.560461 0.156358 0.009086 0.012064
0 0.621757 0.338670 0.012976 0.016761
0 0.567638 0.748198 0.009997 0.012619
0 0.213385 0.364443 0.011730 0.016896
0 0.433739 0.413767 0.010966 0.015472
0 0.616196 0.179108 0.009729 0.013482
0 0.383005 0.155027 0.010937 0.016951
0 0.521795 0.574423 0.011559 0.013531
0 0.569186 0.299690 0.009894 0.013262
0 0.525633 0.606894 0.009082 0.015468
0 0.293995 0.431009 0.009525 0.012765
0 0.617699 0.571553 0.008253 0.012324
0 0.295671 0.283224 0.010486 0.014653
0 0.723547 0.523036 0.008379 0.012165
0 0.590612 0.173984 0.011556 0.015783
0 0.401500 0.463207 0.011696 0.013828
0 0.661763 0.223693 0.012473 0.015740
0 0.256248 0.216419 0.012243 0.018236
0 0.704990 0.398222 0.007277 0.011491
0 0.441217 0.155119 0.011086 0.014807
0 0.644461 0.232536 0.009721 0.012272
0 0.530786 0.127237 0.012421 0.012602
0 0.351157 0.260542 0.015026 0.015172
0 0.551325 0.443805 0.010646 0.014257
0 0.401346 0.605579 0.010235 0.011836
0 0.394734 0.320701 0.010889 0.012783
0 0.391203 0.698186 0.009718 0.013591
0 0.566506 0.256844 0.012679 0.014603
0 0.642377 0.579109 0.008159 0.011046
0 0.413930 0.326670 0.010549 0.012928
0 0.550495 0.241640 0.014452 0.018570
0 0.357531 0.322471 0.010260 0.012655
0 0.333133 0.578594 0.009597 0.013863
0 0.472808 0.591770 0.009291 0.011224
0 0.358876 0.261432 0.011359 0.013676
0 0.434902 0.353044 0.011434 0.016578
0 0.695587 0.468179 0.010752 0.013379
0 0.472904 0.537874 0.008959 0.014179
0 0.686598 0.613103 0.009265 0.012502
0 0.282009 0.625374 0.008444 0.012436
1 0.303983 0.228024 0.035899 0.048148
0 0.411569 0.522188 0.010360 0.012587
0 0.728465 0.450271 0.007884 0.010932
0 0.683897 0.400549 0.010063 0.012411
0 0.402083 0.163328 0.015774 0.014690
0 0.704102 0.446943 0.007766 0.011479
0 0.414629 0.371855 0.012209 0.015033
0 0.580295 0.666289 0.009121 0.013277
0 0.467609 0.085605 0.010090 0.018120
0 0.312939 0.622570 0.009208 0.012342
0 0.680570 0.238171 0.009360 0.013415
0 0.586394 0.111019 0.012414 0.020494
0 0.461533 0.672403 0.008808 0.013182
0 0.512765 0.784936 0.011751 0.014465
0 0.488995 0.338765 0.010382 0.012453
0 0.491241 0.314856 0.009466 0.012272
0 0.435506 0.128256 0.009624 0.015096
0 0.524712 0.743538 0.009278 0.013520
0 0.491206 0.660674 0.009502 0.013422
0 0.596594 0.792655 0.013691 0.016125
0 0.325671 0.697979 0.012221 0.013943
0 0.460989 0.117217 0.008344 0.014397
0 0.632552 0.212557 0.009297 0.013566
0 0.621132 0.237463 0.010709 0.015882
1 0.397960 0.224194 0.021345 0.026776
0 0.567678 0.125560 0.008853 0.011795
0 0.582742 0.523173 0.009017 0.012922
0 0.496449 0.606463 0.010912 0.014902
0 0.274871 0.275390 0.011449 0.016250
0 0.539818 0.515606 0.012491 0.015208
0 0.557219 0.655656 0.008232 0.011531
0 0.542049 0.105529 0.010264 0.012568
0 0.456317 0.426889 0.011973 0.019779
0 0.460111 0.796133 0.010483 0.015154
0 0.361189 0.555457 0.010160 0.017587
0 0.283482 0.530917 0.009119 0.013119
0 0.313155 0.526566 0.010616 0.014318
0 0.505377 0.469748 0.010402 0.018936
0 0.374588 0.511747 0.011004 0.021946
0 0.512149 0.226561 0.013256 0.013636
0 0.291051 0.687101 0.011707 0.017658
0 0.274278 0.450363 0.010274 0.014944
0 0.504548 0.734778 0.011674 0.013998
0 0.527731 0.170754 0.009926 0.014081
0 0.414839 0.680557 0.009219 0.014372
0 0.590380 0.626112 0.009020 0.013340
0 0.438553 0.540051 0.008816 0.012794
0 0.717251 0.492749 0.007382 0.010900
0 0.534578 0.128664 0.012100 0.011521
0 0.670039 0.355998 0.012104 0.016589
0 0.546387 0.388817 0.011204 0.013962
0 0.435563 0.513734 0.013635 0.014365
0 0.457630 0.512237 0.011799 0.015325
0 0.496111 0.761525 0.009259 0.013204
0 0.279628 0.326383 0.011924 0.015721
0 0.513264 0.363135 0.010202 0.012706
0 0.488877 0.626300 0.008241 0.011347
0 0.595678 0.217648 0.013160 0.015742
0 0.504531 0.581011 0.010021 0.014106
0 0.330418 0.458843 0.013011 0.016302
0 0.674127 0.253708 0.009838 0.013864
0 0.263644 0.593194 0.010305 0.014407
0 0.585900 0.361638 0.014658 0.012782
0 0.339596 0.135984 0.011974 0.018081
0 0.535500 0.250660 0.011411 0.013849
0 0.643860 0.197467 0.010491 0.014557
0 0.375891 0.519593 0.009963 0.017781
0 0.517907 0.821075 0.017260 0.019515
0 0.637827 0.124230 0.011920 0.019541
0 0.620531 0.765979 0.010706 0.013537
0 0.726485 0.562925 0.008572 0.011970
0 0.543767 0.636860 0.009944 0.013446
0 0.475857 0.415398 0.011612 0.014087
0 0.619450 0.112115 0.011607 0.018069
0 0.288203 0.398555 0.011439 0.016316
0 0.716651 0.343102 0.007772 0.010774
0 0.539673 0.492518 0.010606 0.012851
0 0.403456 0.391666 0.012162 0.015442
0 0.401792 0.368252 0.011021 0.015867
0 0.592689 0.484669 0.008775 0.012474
0 0.572065 0.296471 0.013694 0.019016
0 0.307114 0.385897 0.012133 0.019164
0 0.607516 0.315527 0.009099 0.018147
0 0.377527 0.181819 0.011531 0.014932
1 0.397723 0.748155 0.048914 0.067828