0 0.546618 0.719042 0.023666 0.018314
0 0.321803 0.500216 0.020362 0.015690
0 0.605127 0.464756 0.023561 0.017852
0 0.414913 0.744624 0.020803 0.015370
0 0.371152 0.731853 0.017581 0.013668
0 0.487208 0.681770 0.021206 0.019342
0 0.442257 0.757254 0.025159 0.019852
0 0.699746 0.657106 0.023804 0.017916
0 0.314027 0.696285 0.017466 0.013275
0 0.313391 0.663972 0.017938 0.014401
0 0.629866 0.600767 0.017365 0.013590
0 0.290092 0.880954 0.018471 0.014465
0 0.362969 0.418066 0.020519 0.015942
0 0.443852 0.568217 0.018287 0.014336
0 0.647855 0.463663 0.018614 0.014530
0 0.331050 0.869301 0.020052 0.015368
0 0.191256 0.539116 0.015544 0.014729
0 0.428177 0.682837 0.017948 0.015787
0 0.329623 0.423999 0.017563 0.014249
0 0.463794 0.647965 0.020077 0.020335
0 0.436346 0.384730 0.023947 0.018374
0 0.605768 0.642707 0.029787 0.020310
0 0.259045 0.441149 0.016931 0.013535
0 0.341081 0.744757 0.019385 0.013906
0 0.316785 0.635178 0.023398 0.018209
0 0.514927 0.595030 0.015923 0.012770
0 0.532165 0.448733 0.017039 0.014306
0 0.439226 0.602511 0.016229 0.013149
0 0.314025 0.565286 0.018081 0.017044
0 0.767907 0.525922 0.016709 0.014254
0 0.537689 0.413874 0.024443 0.019659
0 0.539172 0.477694 0.019780 0.015485
0 0.696329 0.586695 0.023253 0.015378
0 0.447573 0.741048 0.020241 0.015837
0 0.575903 0.605732 0.014892 0.011800
0 0.462977 0.550390 0.017631 0.014168
0 0.283829 0.685052 0.025789 0.021653
0 0.317822 0.451142 0.031612 0.034489
0 0.701238 0.453049 0.021140 0.018300
0 0.259670 0.588496 0.021420 0.017188
0 0.286063 0.615782 0.017476 0.014281
0 0.348844 0.716435 0.025699 0.016596
0 0.295977 0.722363 0.018003 0.015238