0 0.560368 0.908431 0.013766 0.018532
0 0.421560 0.405431 0.011556 0.015367
0 0.545910 0.392391 0.011081 0.014406
0 0.666686 0.496360 0.012564 0.017922
0 0.426527 0.580352 0.011068 0.015273
0 0.527095 0.480006 0.012260 0.017033
0 0.343098 0.530903 0.012009 0.015824
0 0.360861 0.329766 0.012254 0.017118
0 0.574082 0.480954 0.013290 0.017521
0 0.350242 0.809662 0.011548 0.015951
0 0.586914 0.553369 0.013877 0.018980
0 0.430901 0.318613 0.010782 0.018031
0 0.528139 0.298368 0.011420 0.016333
0 0.409599 0.618688 0.009631 0.012752
0 0.235531 0.567036 0.013133 0.016170
0 0.726188 0.575962 0.013472 0.018277
0 0.468429 0.873109 0.010028 0.014565
0 0.707500 0.570677 0.013033 0.019175
0 0.447098 0.258992 0.011515 0.015480
0 0.413118 0.752872 0.012033 0.017062
0 0.465028 0.728670 0.012471 0.018555
0 0.367650 0.879681 0.011856 0.015749
0 0.396713 0.403234 0.011865 0.016178
0 0.458107 0.514380 0.012258 0.015493
0 0.488071 0.422326 0.013776 0.019076
0 0.468271 0.324464 0.013237 0.018454
0 0.648036 0.434178 0.011500 0.014419
0 0.528180 0.572566 0.010188 0.014226
0 0.689216 0.487836 0.012897 0.016467
0 0.539497 0.542315 0.013003 0.017817
0 0.520350 0.698552 0.012567 0.015543
0 0.493968 0.599217 0.012288 0.017552
0 0.497020 0.681807 0.013746 0.017097
0 0.442467 0.684588 0.010077 0.013045
0 0.432196 0.838614 0.009511 0.015047
0 0.605963 0.485697 0.011587 0.017523
0 0.408646 0.495526 0.013897 0.018410
0 0.385351 0.663374 0.009955 0.013816
0 0.401666 0.438855 0.010815 0.012975
0 0.779095 0.507545 0.013774 0.020716
1 0.576175 0.441459 0.038688 0.043652
0 0.341137 0.381476 0.012480 0.016284
0 0.484638 0.465742 0.015085 0.020881
0 0.397882 0.694275 0.009982 0.013557
0 0.468689 0.666467 0.013717 0.016574
0 0.748259 0.533746 0.011330 0.014195
0 0.538549 0.733066 0.013980 0.017006
0 0.430318 0.646770 0.009247 0.012648
0 0.512517 0.854725 0.011266 0.015350
0 0.371554 0.778197 0.011308 0.015861
0 0.701063 0.465014 0.013373 0.017438
1 0.784954 0.752533 0.036249 0.049129
0 0.314208 0.464673 0.010814 0.015993
0 0.738872 0.456452 0.009839 0.013792
0 0.554354 0.322561 0.012497 0.016685
0 0.324409 0.416229 0.014057 0.022243
0 0.512107 0.403086 0.015722 0.019941
0 0.470284 0.950753 0.015426 0.020473
0 0.649518 0.585357 0.011335 0.016762
0 0.767080 0.458876 0.012146 0.017338
0 0.280046 0.746006 0.010727 0.013721
0 0.387084 0.492151 0.010123 0.014235
0 0.393822 0.844009 0.014839 0.021739
0 0.534987 0.415063 0.010449 0.013864
0 0.292082 0.460009 0.016032 0.022789
0 0.553912 0.790367 0.013080 0.017250
0 0.560330 0.812228 0.013116 0.016901
0 0.516207 0.658311 0.016296 0.019803
0 0.549650 0.848591 0.010937 0.015429
0 0.618638 0.823419 0.013443 0.020411
0 0.692250 0.548501 0.012374 0.016783
0 0.473416 0.297888 0.011752 0.014581
0 0.592539 0.660722 0.010659 0.012646
0 0.646245 0.526754 0.013361 0.017913
0 0.393841 0.540361 0.010558 0.013583
0 0.751323 0.498255 0.012462 0.019178
0 0.422695 0.517575 0.010628 0.013877
0 0.757002 0.624671 0.012337 0.016368
0 0.245839 0.593649 0.011184 0.015253
0 0.536889 0.921710 0.012354 0.017560
0 0.626458 0.982347 0.010906 0.016433
0 0.599218 0.845185 0.015892 0.021678
0 0.383071 0.611753 0.010206 0.015745
0 0.271059 0.468288 0.011451 0.016489
0 0.411059 0.373218 0.010287 0.013653
0 0.489412 0.748972 0.013487 0.018171
0 0.256717 0.764548 0.011893 0.016467
0 0.659293 0.946608 0.013163 0.019070
0 0.455952 0.487549 0.011862 0.018168
0 0.596069 0.993629 0.012534 0.012742
0 0.573826 0.832933 0.012575 0.019273
0 0.239702 0.517221 0.011600 0.015961
0 0.506795 0.441942 0.014976 0.019791
1 0.617042 0.349308 0.033017 0.049269
0 0.566722 0.880906 0.012555 0.014760
0 0.321910 0.573879 0.016771 0.020761
0 0.598043 0.814999 0.011350 0.016763
1 0.607481 0.625559 0.036613 0.050657
0 0.378179 0.813783 0.013257 0.017843
0 0.490460 0.343450 0.012754 0.016444
0 0.416139 0.809094 0.011266 0.018696
0 0.735347 0.391138 0.012941 0.017390
0 0.422630 0.275085 0.011973 0.020265
0 0.317403 0.333760 0.010801 0.015314
1 0.301077 0.640923 0.037303 0.050509
0 0.591771 0.329126 0.011889 0.016893
0 0.655553 0.800021 0.014851 0.020207
0 0.363471 0.836697 0.010479 0.014970
0 0.605668 0.683257 0.010084 0.013986
0 0.342895 0.701232 0.010509 0.014628
0 0.281725 0.803729 0.009939 0.015993
0 0.255189 0.433080 0.013506 0.019363
0 0.791414 0.536769 0.011539 0.015852
0 0.349864 0.425172 0.010712 0.014151
0 0.527511 0.862999 0.014091 0.017946
0 0.290702 0.770984 0.010334 0.012996
0 0.240361 0.449758 0.011104 0.015563
0 0.460094 0.554068 0.010101 0.016153
0 0.560921 0.303115 0.010561 0.014481
0 0.436438 0.934612 0.009725 0.013255
0 0.563664 0.273280 0.010176 0.017828
0 0.640689 0.493665 0.009873 0.014185
0 0.317050 0.898238 0.012266 0.015964
0 0.397740 0.568082 0.010960 0.017086
0 0.324105 0.864104 0.009703 0.015252
0 0.707984 0.424812 0.013358 0.015381
0 0.460613 0.585681 0.009726 0.014156
0 0.372173 0.925169 0.012956 0.017869
0 0.391684 0.325629 0.010130 0.015536
0 0.428761 0.972880 0.012698 0.015984
0 0.330460 0.912220 0.012709 0.014990
0 0.682814 0.379637 0.015002 0.019400
0 0.497423 0.517954 0.013656 0.023141
0 0.651489 0.543719 0.010362 0.014093
0 0.368181 0.629034 0.011300 0.015031
0 0.353584 0.362463 0.011923 0.015383
0 0.691284 0.527683 0.011763 0.017306
0 0.418127 0.867878 0.010173 0.017769
0 0.557296 0.347210 0.010097 0.013359
0 0.441836 0.902889 0.010377 0.014739
0 0.544168 0.981642 0.014678 0.019721
0 0.342845 0.587410 0.009912 0.014377
0 0.444969 0.443501 0.012087 0.019247
0 0.262311 0.619254 0.009689 0.014420
0 0.320317 0.698626 0.010422 0.014716
0 0.453385 0.392481 0.010014 0.013168
0 0.523813 0.980576 0.012252 0.016943
0 0.643560 0.347658 0.011177 0.015993
0 0.376611 0.280617 0.010880 0.016120
0 0.486136 0.636238 0.012598 0.018541
0 0.648269 0.300032 0.010072 0.015589
0 0.660679 0.449201 0.009770 0.013414
0 0.619651 0.765698 0.011422 0.016371
0 0.526548 0.889498 0.012600 0.016937
0 0.537376 0.614371 0.011822 0.017930
0 0.225111 0.654974 0.011998 0.017866
0 0.570206 0.971063 0.011315 0.016147
0 0.314283 0.789154 0.012131 0.015185
0 0.770478 0.603513 0.009715 0.012919
0 0.508948 0.230331 0.013257 0.014760
0 0.404853 0.895220 0.014256 0.016420
0 0.504584 0.574871 0.008748 0.012988
0 0.662400 0.758053 0.015817 0.020375
0 0.402830 0.975634 0.015829 0.020597
0 0.793657 0.598312 0.011455 0.016430
0 0.488354 0.225912 0.013805 0.015563
0 0.410903 0.667851 0.012890 0.015262
0 0.457583 0.617180 0.011317 0.013765
1 0.374938 0.440627 0.023239 0.033091
0 0.418944 0.719631 0.008575 0.013864
0 0.542088 0.663934 0.017706 0.017654
1 0.464218 0.779195 0.027381 0.033053
0 0.388126 0.992133 0.012445 0.014503
0 0.364201 0.512386 0.008611 0.012301
0 0.513072 0.744602 0.013669 0.019996
0 0.291770 0.821645 0.009905 0.013636
0 0.695754 0.419243 0.011828 0.014543
0 0.658625 0.522905 0.010651 0.013909
0 0.605720 0.917768 0.015377 0.017893
0 0.252391 0.648671 0.016319 0.021023
0 0.403873 0.943646 0.013536 0.022342
0 0.488438 0.630367 0.011970 0.020740
0 0.606003 0.471978 0.009842 0.014277
0 0.341315 0.891790 0.010841 0.014589
0 0.549664 0.874834 0.010337 0.014541
0 0.487795 0.828165 0.008012 0.011996
0 0.445775 0.456942 0.011173 0.016895
0 0.225179 0.608223 0.008489 0.012702
0 0.417680 0.457028 0.009059 0.012737
0 0.439229 0.899488 0.011851 0.014330
0 0.271164 0.719784 0.009586 0.014038
0 0.785487 0.482507 0.011377 0.018284
0 0.495760 0.339534 0.013592 0.017280
0 0.354595 0.678095 0.011140 0.016130
0 0.209382 0.584517 0.012441 0.018728
0 0.397589 0.588257 0.010018 0.016174
0 0.507448 0.264014 0.008292 0.015759
0 0.670461 0.418533 0.010595 0.014141
0 0.636338 0.609142 0.014487 0.018283
0 0.355613 0.934839 0.012533 0.016414