0 0.251453 0.516647 0.016969 0.014177
0 0.309085 0.346940 0.015713 0.012667
0 0.296537 0.556700 0.017595 0.014427
0 0.047190 0.526173 0.016097 0.011997
0 0.293500 0.322735 0.015449 0.012334
0 0.221827 0.492601 0.019168 0.014133
0 0.382899 0.566210 0.018967 0.015363
0 0.200371 0.460432 0.018323 0.014067
0 0.388689 0.326055 0.014790 0.012512
0 0.334108 0.310147 0.014342 0.012965
0 0.262770 0.324670 0.015787 0.012678
0 0.220230 0.538276 0.015534 0.011479
0 0.459673 0.313815 0.016839 0.015072
0 0.401528 0.626327 0.012092 0.008916
0 0.230706 0.413951 0.016235 0.012781
0 0.578352 0.323114 0.017546 0.013527
0 0.560334 0.456706 0.016989 0.014076
0 0.443431 0.532849 0.021647 0.016944
0 0.254475 0.470454 0.014708 0.011608
0 0.048127 0.560525 0.015175 0.012011
0 0.096904 0.475640 0.017770 0.013180
0 0.501421 0.653430 0.015294 0.012547
0 0.491652 0.626284 0.014388 0.011387
0 0.422483 0.420610 0.019285 0.015943
0 0.050505 0.396665 0.017785 0.015031
0 0.504810 0.412745 0.016381 0.013054
0 0.398281 0.817000 0.024328 0.019214
0 0.607600 0.409548 0.017694 0.012758
0 0.220258 0.440617 0.017421 0.011712
0 0.258404 0.287439 0.015126 0.013527
0 0.189390 0.420389 0.022458 0.013658
0 0.536730 0.550531 0.018195 0.014353
0 0.104861 0.607177 0.013744 0.011614
0 0.477403 0.377334 0.017130 0.013089
0 0.251532 0.434414 0.015622 0.012168
0 0.191379 0.598888 0.019982 0.015840
0 0.671022 0.503502 0.012836 0.010024
0 0.237289 0.781296 0.016998 0.012971
0 0.267178 0.454288 0.015615 0.011684
0 0.341039 0.754256 0.013359 0.011125
0 0.498635 0.393095 0.015540 0.012341
0 0.406213 0.392391 0.016291 0.013096
0 0.326508 0.440905 0.016561 0.013531
1 0.515079 0.491725 0.037522 0.028136
0 0.285282 0.682348 0.014584 0.012993
0 0.545153 0.713247 0.015231 0.011315
0 0.192639 0.692688 0.015571 0.012688
0 0.420299 0.584538 0.016865 0.011769
0 0.005780 0.466575 0.011559 0.011354
0 0.089946 0.566602 0.017649 0.016714
0 0.287061 0.466120 0.014479 0.011857
0 0.441826 0.568493 0.015562 0.012746
0 0.183439 0.526974 0.022981 0.019650
0 0.319889 0.731490 0.015719 0.012978
0 0.674116 0.470552 0.019330 0.012326
0 0.586136 0.677123 0.016984 0.012745
0 0.279807 0.379391 0.016865 0.012304
0 0.470235 0.396980 0.015645 0.013633
0 0.311381 0.391313 0.013605 0.010510
0 0.609435 0.525565 0.013047 0.010234
0 0.183848 0.576424 0.015148 0.012009
0 0.567047 0.701010 0.014228 0.011066
0 0.041916 0.595083 0.014126 0.012058
0 0.064630 0.577023 0.013426 0.010089
0 0.647826 0.441944 0.016379 0.011945
0 0.358588 0.724367 0.015283 0.013875
0 0.268307 0.784998 0.016724 0.012175
0 0.475892 0.750777 0.013799 0.013351
0 0.216587 0.361746 0.018641 0.015630
0 0.406217 0.366908 0.013857 0.011533
0 0.231212 0.660299 0.015829 0.012769
0 0.576459 0.782499 0.014811 0.009633
0 0.228850 0.709015 0.014565 0.013629
0 0.118970 0.681705 0.016058 0.012801
0 0.202350 0.622878 0.031281 0.012970
0 0.665909 0.443412 0.014953 0.011456
1 0.439877 0.737358 0.044134 0.030417