0 0.521911 0.494230 0.010848 0.014148
0 0.519880 0.379932 0.011889 0.016624
0 0.671299 0.516232 0.010901 0.014661
0 0.437368 0.413938 0.009910 0.014499
0 0.498394 0.512658 0.009863 0.013785
0 0.518467 0.329111 0.010711 0.015139
0 0.447811 0.734457 0.009545 0.013128
0 0.503383 0.463857 0.011416 0.016608
0 0.485264 0.328517 0.011770 0.016463
0 0.471504 0.362477 0.011381 0.015545
0 0.445226 0.492209 0.009533 0.013992
0 0.429714 0.660958 0.011457 0.014915
0 0.311190 0.824316 0.013573 0.017088
0 0.592191 0.594471 0.009806 0.013768
0 0.332468 0.570274 0.012162 0.017121
0 0.274073 0.812638 0.014843 0.018097
0 0.616360 0.391908 0.013224 0.017687
0 0.308790 0.447327 0.014379 0.017046
0 0.347722 0.433956 0.009989 0.013952
0 0.230263 0.627821 0.014520 0.017431
0 0.561489 0.563698 0.012445 0.017269
0 0.553402 0.406977 0.012808 0.020566
0 0.420694 0.503237 0.011455 0.016272
0 0.442416 0.274045 0.010962 0.016802
0 0.327442 0.520017 0.014249 0.017540
0 0.502948 0.311256 0.011113 0.016861
0 0.646515 0.534710 0.011917 0.014159
0 0.610273 0.356985 0.014271 0.019497
0 0.567766 0.347763 0.015597 0.022981
0 0.465988 0.657244 0.011018 0.014490
0 0.498392 0.733617 0.010951 0.014836
0 0.678157 0.781145 0.010671 0.013537
0 0.542517 0.514297 0.011896 0.015075
0 0.640632 0.484540 0.012620 0.016333
0 0.615320 0.776829 0.010608 0.014460
0 0.535776 0.572781 0.009921 0.013963
0 0.612699 0.510306 0.009841 0.013706
0 0.293213 0.848489 0.013152 0.017354
0 0.626019 0.420132 0.010839 0.015091
0 0.522186 0.437430 0.010268 0.014069
0 0.484116 0.904719 0.014189 0.019332
0 0.470223 0.414966 0.009634 0.013995
0 0.446904 0.231348 0.010180 0.013279
1 0.405193 0.282789 0.032228 0.048929
0 0.349923 0.540084 0.014139 0.018331
0 0.613530 0.324188 0.010456 0.014588
0 0.500915 0.792542 0.008561 0.012586
0 0.426443 0.611558 0.009673 0.012865
0 0.593911 0.750982 0.011325 0.016933
0 0.412371 0.782697 0.010169 0.013623
0 0.560069 0.637163 0.011733 0.015341
0 0.397904 0.355308 0.010468 0.014817
0 0.483574 0.448336 0.012372 0.017349
0 0.253181 0.406235 0.016025 0.021918
0 0.529134 0.601062 0.009916 0.014482
0 0.716708 0.405901 0.016095 0.022402
0 0.485209 0.286653 0.012925 0.017172
0 0.485563 0.595171 0.009321 0.013642
0 0.490504 0.822676 0.012417 0.014636
0 0.476936 0.511724 0.012259 0.018811
0 0.668242 0.809094 0.010568 0.014013
0 0.684080 0.540793 0.010667 0.015496
1 0.532187 0.879269 0.039346 0.055750
0 0.589254 0.364870 0.014063 0.019809
0 0.327725 0.906931 0.011598 0.014954
0 0.290423 0.399198 0.013980 0.021328
0 0.316996 0.380940 0.012509 0.017933
0 0.567416 0.460509 0.010656 0.014379
0 0.383663 0.846613 0.012523 0.018018
0 0.372551 0.875974 0.014004 0.016897
0 0.518544 0.648543 0.009369 0.012674
0 0.440052 0.821056 0.010446 0.014700
0 0.263850 0.686403 0.012673 0.018862
0 0.617244 0.546638 0.009551 0.013582
1 0.445834 0.966086 0.047248 0.065639
0 0.477186 0.957227 0.013097 0.017880
0 0.654200 0.422088 0.011669 0.013990
0 0.316569 0.284783 0.010475 0.015215
0 0.395904 0.521276 0.013953 0.019129
0 0.426072 0.873058 0.011992 0.017470
0 0.546960 0.616009 0.009478 0.013005
0 0.601537 0.496006 0.010987 0.013758
0 0.578213 0.769125 0.008966 0.013033
0 0.558871 0.776543 0.009116 0.013437
0 0.670658 0.600547 0.011636 0.015660
0 0.399779 0.820026 0.009984 0.012855
0 0.495275 0.550896 0.011222 0.016099
0 0.340615 0.851801 0.013917 0.021415
0 0.671316 0.636892 0.011562 0.015849
0 0.217300 0.464584 0.016672 0.021678
1 0.394972 0.590467 0.034459 0.050521
0 0.397896 0.956156 0.012664 0.016229
0 0.417435 0.348470 0.009895 0.013990
0 0.398805 0.888651 0.014528 0.018535
0 0.666367 0.404166 0.011161 0.013462
0 0.458056 0.764517 0.011524 0.015806
0 0.539837 0.796699 0.009163 0.012576
0 0.498271 0.660928 0.011552 0.017240
0 0.577775 0.513695 0.009109 0.013091
0 0.477909 0.797829 0.010162 0.014076
0 0.385380 0.427772 0.011713 0.021434
0 0.714777 0.700795 0.011859 0.017200
0 0.410596 0.692300 0.013671 0.016910
0 0.479559 0.758753 0.009891 0.012644
0 0.484751 0.686315 0.011834 0.017265
0 0.408885 0.655706 0.011945 0.017211
0 0.420646 0.445853 0.009184 0.013118
0 0.374755 0.609485 0.010029 0.012841
0 0.565876 0.829151 0.012157 0.015905
0 0.591123 0.559908 0.010235 0.013510
0 0.613604 0.826172 0.010950 0.020690
0 0.592728 0.843078 0.010692 0.015482
0 0.601869 0.796769 0.011413 0.015353
0 0.460259 0.840884 0.010797 0.014300
0 0.464847 0.745203 0.010742 0.013691
0 0.438552 0.845677 0.011579 0.015234
0 0.512399 0.243499 0.008577 0.014301
0 0.697929 0.416312 0.011266 0.015409
0 0.359981 0.319386 0.009836 0.016051
0 0.375367 0.670511 0.012655 0.017277
0 0.567871 0.688325 0.014695 0.021603
0 0.413069 0.479542 0.010044 0.013863
0 0.511999 0.970091 0.012608 0.017358
0 0.456769 0.289221 0.008937 0.013815
0 0.530809 0.285770 0.017772 0.015756
0 0.553093 0.698012 0.009301 0.014044
0 0.317941 0.885401 0.010655 0.015895
0 0.402441 0.335909 0.010200 0.015194
0 0.349134 0.923201 0.012377 0.017741
0 0.362427 0.521656 0.013158 0.017587
0 0.680025 0.385132 0.012062 0.017288
0 0.701473 0.561623 0.008764 0.012886
0 0.419303 0.829717 0.009450 0.013640
0 0.418476 0.814163 0.009605 0.015718
0 0.267385 0.851933 0.012189 0.018915
0 0.227945 0.397098 0.011335 0.018247
0 0.693574 0.746728 0.012127 0.015640
0 0.481391 0.781800 0.009907 0.016759
1 0.742189 0.579146 0.034641 0.049500
0 0.285496 0.669567 0.013555 0.018861
0 0.380495 0.528875 0.011755 0.016030
0 0.676326 0.745159 0.010191 0.013872
0 0.446924 0.647850 0.011011 0.016203
0 0.575293 0.436597 0.012023 0.015464
0 0.673071 0.858313 0.010987 0.013557
0 0.290712 0.361613 0.010431 0.013565
0 0.697397 0.730571 0.010622 0.014396
0 0.337021 0.272371 0.011181 0.014537
0 0.714520 0.761355 0.011492 0.016181
0 0.472957 0.850786 0.009905 0.014661
0 0.606257 0.892486 0.012479 0.015519
0 0.664973 0.555342 0.009494 0.012326
0 0.641051 0.362702 0.013221 0.020919
0 0.362180 0.708709 0.011655 0.021363
0 0.376424 0.648808 0.012526 0.016600
0 0.560533 0.792602 0.008493 0.012715
0 0.459502 0.349514 0.009888 0.014986
0 0.226402 0.431566 0.013114 0.018051
0 0.372486 0.756145 0.008329 0.011615
0 0.643467 0.684915 0.009915 0.014029
0 0.622286 0.655601 0.011555 0.014585
0 0.411666 0.910550 0.013660 0.018987
0 0.539876 0.759536 0.009461 0.012492
0 0.230097 0.497756 0.014371 0.026949
0 0.233715 0.669458 0.011819 0.019578
0 0.359694 0.750809 0.009878 0.013654
0 0.606290 0.601875 0.008077 0.011465
0 0.326540 0.398252 0.008480 0.010946
0 0.425173 0.256665 0.008317 0.011222
0 0.243929 0.678476 0.012509 0.017481
0 0.339834 0.671954 0.012266 0.019951
0 0.275179 0.350491 0.013774 0.018459
0 0.672249 0.469226 0.009659 0.012082
1 0.353239 0.365462 0.029057 0.035708
0 0.650788 0.388184 0.012965 0.018730
0 0.627722 0.903757 0.012171 0.013160
0 0.641608 0.588679 0.008662 0.010810
0 0.644827 0.870814 0.009738 0.012965
0 0.722709 0.656249 0.009099 0.013538
0 0.590341 0.449755 0.009223 0.013098
0 0.389721 0.802244 0.008389 0.011476
0 0.394508 0.635662 0.008771 0.012034
0 0.322113 0.481321 0.009610 0.012809
0 0.334671 0.268340 0.012237 0.016455
0 0.678276 0.580313 0.009939 0.012922
0 0.406220 0.496809 0.010711 0.014258
0 0.690638 0.489816 0.008595 0.010813
0 0.505983 0.443292 0.010171 0.011902
0 0.290074 0.598348 0.008863 0.013113
0 0.442116 0.632496 0.012420 0.013029
0 0.586793 0.874793 0.013843 0.016156
0 0.466180 0.321003 0.013234 0.024996
0 0.661241 0.786241 0.009254 0.012146
0 0.299008 0.748492 0.012290 0.020246
0 0.374423 0.289239 0.009602 0.013121
0 0.338989 0.650850 0.010171 0.017885
0 0.372243 0.294389 0.009068 0.012724
0 0.517989 0.701372 0.011999 0.016963
0 0.695830 0.736491 0.011685 0.025042
0 0.248740 0.481590 0.011257 0.016637
0 0.570671 0.498457 0.009425 0.017089
0 0.260366 0.778398 0.009416 0.013625
0 0.695387 0.588938 0.016487 0.018462
0 0.387765 0.241519 0.012767 0.015019
0 0.599645 0.462268 0.008924 0.012231
0 0.569538 0.546598 0.015574 0.013624
0 0.643790 0.833434 0.012632 0.013752
0 0.412060 0.870152 0.012536 0.020522
0 0.686505 0.649737 0.008754 0.011893
0 0.694008 0.819376 0.010998 0.014468
0 0.239682 0.674437 0.020078 0.020574