0 0.590982 0.413581 0.017857 0.018215
0 0.668762 0.286573 0.015345 0.015519
0 0.848356 0.581167 0.018605 0.019430
0 0.547363 0.956505 0.019002 0.020484
0 0.604124 0.806291 0.018696 0.018925
0 0.622919 0.429004 0.016064 0.016521
0 0.794768 0.529142 0.017636 0.017629
0 0.818120 0.577575 0.017945 0.018697
0 0.674154 0.932491 0.020275 0.020517
0 0.397144 0.399752 0.017533 0.017281
0 0.421036 0.247433 0.016095 0.015475
0 0.508966 0.219201 0.014743 0.015743
0 0.470978 0.243239 0.014093 0.014503
0 0.782801 0.252167 0.014763 0.015227
0 0.697722 0.224656 0.014411 0.014044
0 0.793252 0.573103 0.017426 0.018294
0 0.550319 0.721740 0.015930 0.017007
0 0.895739 0.445095 0.017459 0.019697
0 0.569732 0.337796 0.017271 0.017974
0 0.237281 0.632055 0.014430 0.015624
0 0.589748 0.182476 0.017251 0.017736
0 0.282530 0.303880 0.015841 0.016529
0 0.248139 0.274218 0.015632 0.014198
0 0.879128 0.521985 0.020726 0.017619
0 0.505586 0.256992 0.014652 0.014765
0 0.680560 0.552734 0.015198 0.015364
1 0.178371 0.707308 0.041115 0.042579
0 0.861067 0.297017 0.014183 0.015672
0 0.657404 0.213976 0.015961 0.013895
0 0.436841 0.636957 0.015096 0.015770
0 0.387412 0.640409 0.014621 0.015108
0 0.649711 0.407572 0.014946 0.014660
0 0.547025 0.194726 0.015065 0.015647
0 0.750434 0.266273 0.018156 0.020633
0 0.723640 0.212935 0.013864 0.013422
0 0.495159 0.415127 0.016387 0.016694
0 0.472339 0.982273 0.017560 0.017737
0 0.499423 0.643184 0.016549 0.015562
0 0.537077 0.274599 0.014765 0.015227
0 0.654830 0.569721 0.015435 0.018200
0 0.925720 0.492522 0.017017 0.016635
0 0.693263 0.350789 0.017739 0.017887
0 0.867068 0.687743 0.022354 0.025526
0 0.590719 0.955283 0.019917 0.021409
1 0.553802 0.617387 0.071711 0.076843
0 0.506584 0.093447 0.012366 0.013581
0 0.498460 0.447158 0.017594 0.017939
0 0.720490 0.243203 0.014934 0.014578
0 0.628034 0.173527 0.016522 0.020108
0 0.473939 0.915403 0.019745 0.019625
0 0.699144 0.197362 0.012691 0.013173
0 0.573613 0.134198 0.013713 0.014158
0 0.620019 0.971316 0.017398 0.018278
0 0.707075 0.144076 0.013217 0.014218
0 0.474438 0.216316 0.014798 0.014974
0 0.281052 0.799183 0.014580 0.014784
0 0.564830 0.299994 0.015262 0.014830
0 0.452152 0.613579 0.015989 0.017561
0 0.655310 0.961520 0.019302 0.021719
0 0.351973 0.154112 0.015885 0.016564
0 0.474803 0.192144 0.014498 0.013710
0 0.581233 0.978090 0.018473 0.017902
0 0.701391 0.859749 0.020836 0.021653
0 0.539005 0.469852 0.019764 0.022176
0 0.938662 0.538906 0.015459 0.015594
0 0.644558 0.458002 0.016334 0.016977
0 0.499340 0.674577 0.017248 0.017068
0 0.255520 0.348159 0.017539 0.017548
0 0.630345 0.755595 0.016936 0.017953
0 0.575586 0.280842 0.014185 0.014803
0 0.467599 0.482013 0.017390 0.019562
0 0.835195 0.249333 0.017564 0.018090
0 0.449131 0.344953 0.014555 0.016032
0 0.591508 0.666490 0.016054 0.016273
0 0.465198 0.528096 0.017006 0.016879
0 0.149709 0.730151 0.013631 0.014116
0 0.575852 0.477853 0.016109 0.017117
0 0.386283 0.308380 0.014731 0.015794
1 0.260420 0.400937 0.049523 0.050489
0 0.522588 0.735836 0.019393 0.021214
1 0.224004 0.426957 0.046018 0.042861
0 0.393021 0.365657 0.017722 0.017393
0 0.764051 0.227565 0.015534 0.015994
0 0.337152 0.132371 0.013783 0.016006
0 0.705599 0.326248 0.015745 0.015793
1 0.289201 0.108429 0.040957 0.044598
0 0.601122 0.093045 0.014282 0.016474
0 0.643901 0.127466 0.013319 0.014978
1 0.397295 0.931514 0.051229 0.057334
0 0.336563 0.247559 0.014013 0.014704
0 0.605169 0.992053 0.019259 0.015894
0 0.286624 0.731905 0.012938 0.014983
0 0.412117 0.761716 0.014481 0.015324
0 0.632928 0.102618 0.015679 0.015483
0 0.275092 0.605601 0.015024 0.016632
0 0.286783 0.334013 0.014791 0.015124
0 0.354007 0.623508 0.017306 0.015941
0 0.318211 0.179812 0.016876 0.021519
0 0.412534 0.129567 0.013462 0.016589
0 0.593288 0.324169 0.014740 0.015548
0 0.524833 0.681505 0.016316 0.018593
0 0.893790 0.353006 0.015721 0.015082
0 0.686948 0.173402 0.016380 0.018853
0 0.354593 0.206317 0.014888 0.015064
0 0.494106 0.340263 0.014959 0.015020
0 0.094865 0.431476 0.016013 0.017140
0 0.766172 0.529007 0.017752 0.019590
0 0.380444 0.833767 0.015161 0.016974
0 0.568361 0.200586 0.014740 0.015647
0 0.669806 0.372408 0.015391 0.017074
0 0.454366 0.178243 0.017914 0.017183
0 0.383225 0.779800 0.013299 0.014054
0 0.463763 0.747930 0.016246 0.016426
0 0.420874 0.718220 0.018823 0.018043
0 0.678081 0.330297 0.017865 0.017722
0 0.254179 0.445463 0.015236 0.015354
0 0.567466 0.431727 0.013648 0.013827
0 0.565954 0.650072 0.019926 0.019521
0 0.365179 0.247747 0.018577 0.017081
0 0.553810 0.672114 0.016306 0.016515
0 0.656646 0.501227 0.015005 0.014946
0 0.049682 0.630798 0.014433 0.016197
0 0.230766 0.303030 0.024815 0.026181
0 0.450932 0.366211 0.016337 0.016405
0 0.786893 0.195423 0.014017 0.015656
0 0.304544 0.254577 0.016758 0.016247
0 0.273318 0.674808 0.013374 0.015310
0 0.673587 0.143338 0.016796 0.018329
0 0.675850 0.655420 0.014956 0.015279
0 0.610751 0.693447 0.014465 0.015636
0 0.455235 0.584423 0.016381 0.016173
0 0.088653 0.618221 0.016690 0.017068
0 0.189509 0.191513 0.014509 0.015316
0 0.412309 0.369006 0.015735 0.015686
0 0.406656 0.550929 0.015615 0.015575
0 0.636169 0.355727 0.016175 0.018724
0 0.283253 0.256802 0.014681 0.014559
0 0.418426 0.215451 0.016398 0.015641
0 0.601861 0.526869 0.014611 0.017012
0 0.484792 0.100177 0.010807 0.011882
0 0.506005 0.705194 0.017142 0.017020
0 0.343890 0.959653 0.016796 0.016811
0 0.603946 0.236062 0.018277 0.021071
0 0.324536 0.597073 0.014093 0.015770
0 0.623108 0.458377 0.013829 0.015042
1 0.749853 0.742124 0.039443 0.043369
0 0.389381 0.568767 0.015454 0.016456
0 0.363536 0.341998 0.014615 0.015230
0 0.272053 0.496327 0.016135 0.015656
0 0.594742 0.207424 0.015981 0.015549
0 0.431479 0.318727 0.014697 0.016796
0 0.238517 0.785300 0.012743 0.013903
0 0.738831 0.341087 0.018757 0.020445
0 0.197270 0.152503 0.016599 0.017101
0 0.300609 0.940832 0.014180 0.015238
0 0.185992 0.626600 0.015462 0.017566
0 0.299306 0.607553 0.014739 0.015973
0 0.318173 0.974755 0.017058 0.018687
0 0.340158 0.707394 0.016960 0.017045
0 0.486537 0.154129 0.014855 0.020088
0 0.555828 0.082591 0.013852 0.015838
0 0.581808 0.458183 0.014090 0.015417
0 0.189011 0.648463 0.015583 0.016851
0 0.667540 0.605464 0.014806 0.014496
0 0.438818 0.125042 0.015967 0.023562
0 0.700834 0.781567 0.020658 0.020086
0 0.613014 0.257353 0.018832 0.017617
0 0.292203 0.964360 0.016869 0.018195
0 0.645845 0.525150 0.013560 0.013723
0 0.628825 0.725678 0.016744 0.017497
0 0.370947 0.118932 0.012972 0.015212
0 0.453677 0.283306 0.013755 0.014711
0 0.536694 0.145686 0.018245 0.016637
0 0.463389 0.886138 0.015620 0.016858
0 0.118707 0.224375 0.013813 0.016573
0 0.685555 0.714529 0.016661 0.017684
1 0.233842 0.422047 0.069144 0.065113
0 0.514749 0.374571 0.017664 0.016499
0 0.545637 0.148627 0.020189 0.016429
0 0.652134 0.984724 0.017962 0.023136
0 0.568234 0.828750 0.017627 0.018090
0 0.657248 0.437295 0.014295 0.015056
0 0.373906 0.748331 0.014826 0.015471
0 0.651857 0.725038 0.014989 0.016125
0 0.017784 0.627522 0.015628 0.017872
0 0.347167 0.728707 0.015484 0.014564
0 0.069034 0.454902 0.018740 0.018248
0 0.730203 0.322735 0.016496 0.016790
0 0.487642 0.064668 0.013657 0.013401
0 0.167100 0.175808 0.016831 0.016890
0 0.692812 0.786515 0.021043 0.021115
0 0.274668 0.569347 0.015922 0.016629
0 0.126273 0.780515 0.011934 0.012165
0 0.398099 0.248627 0.014651 0.014970
0 0.385763 0.446807 0.014214 0.016202
0 0.584879 0.551630 0.015669 0.016219
0 0.664537 0.480557 0.017489 0.017027
0 0.301395 0.692697 0.014318 0.015722
0 0.326355 0.858690 0.014837 0.015766
0 0.397873 0.677128 0.016149 0.017472
0 0.399623 0.611132 0.014023 0.015375
0 0.622589 0.261650 0.019490 0.017543
0 0.681578 0.429345 0.014588 0.015600
0 0.360216 0.314534 0.014193 0.016606
0 0.729074 0.661091 0.016423 0.015728
0 0.344511 0.505522 0.014719 0.016201
0 0.095379 0.833010 0.011841 0.013012
0 0.742055 0.163694 0.017761 0.017296
0 0.637533 0.630895 0.014108 0.016422
0 0.373709 0.668714 0.015441 0.016218