0 0.259719 0.721741 0.013740 0.018753
0 0.299448 0.543081 0.010016 0.014264
0 0.432118 0.468708 0.010855 0.014341
0 0.460725 0.865340 0.013407 0.017812
0 0.299713 0.877022 0.016670 0.020006
0 0.499055 0.576705 0.009117 0.012201
0 0.527218 0.660709 0.010485 0.014310
0 0.290880 0.570537 0.011515 0.014898
0 0.221237 0.332091 0.011480 0.015346
0 0.409838 0.663068 0.011170 0.015552
0 0.257964 0.481576 0.013059 0.017798
0 0.338576 0.695203 0.009691 0.012937
0 0.400627 0.889384 0.014509 0.020272
0 0.408074 0.750279 0.009461 0.013160
0 0.241864 0.836845 0.014115 0.019223
0 0.241103 0.306503 0.014128 0.018253
0 0.293370 0.630176 0.011159 0.015968
0 0.557995 0.498022 0.009669 0.012882
0 0.244913 0.655193 0.015434 0.019847
0 0.496881 0.745592 0.012636 0.016550
0 0.356446 0.299374 0.010434 0.015644
0 0.608794 0.382134 0.012824 0.016672
0 0.516681 0.408690 0.011648 0.016592
0 0.424707 0.757804 0.009617 0.013373
0 0.580735 0.338125 0.010893 0.015812
0 0.406678 0.450900 0.010255 0.012986
0 0.346210 0.749273 0.009450 0.012820
0 0.298468 0.305404 0.011738 0.015426
0 0.483512 0.838515 0.010636 0.014928
0 0.374108 0.702794 0.009423 0.012067
0 0.348283 0.357292 0.011865 0.015923
0 0.458754 0.428633 0.010188 0.013428
0 0.379979 0.901301 0.014839 0.019824
0 0.267061 0.451840 0.012101 0.015879
0 0.483052 0.551750 0.011462 0.016927
0 0.422504 0.521447 0.009602 0.012670
0 0.455329 0.676383 0.009886 0.012928
0 0.441771 0.301180 0.012445 0.016202
0 0.367557 0.676057 0.009133 0.011924
0 0.384565 0.854748 0.013599 0.018287
0 0.490378 0.261623 0.014364 0.017401
0 0.433243 0.411541 0.009011 0.011965
0 0.559272 0.340617 0.012164 0.016417
0 0.448501 0.494782 0.009356 0.011561
0 0.374831 0.307045 0.010831 0.014297
1 0.146992 0.604288 0.046468 0.052409
0 0.607660 0.556044 0.009196 0.012102
0 0.540440 0.310658 0.010274 0.013014
0 0.482587 0.218625 0.010335 0.014911
0 0.459301 0.604074 0.009049 0.012152
0 0.292015 0.358926 0.012248 0.014914
0 0.349823 0.528119 0.010242 0.013751
0 0.534634 0.268630 0.013846 0.016357
0 0.280944 0.508650 0.012975 0.015123
0 0.546400 0.446910 0.010157 0.014624
0 0.303779 0.802289 0.010212 0.013224
0 0.484312 0.787995 0.011125 0.015039
0 0.286667 0.849320 0.014227 0.017488
0 0.467046 0.466100 0.009542 0.012047
0 0.477364 0.709003 0.008765 0.011811
0 0.287601 0.721123 0.010976 0.015820
0 0.513137 0.618621 0.011023 0.016881
0 0.586995 0.615105 0.011466 0.015822
0 0.299448 0.277379 0.012219 0.016484
0 0.311816 0.328029 0.010727 0.014579
0 0.332644 0.487937 0.011197 0.015671
0 0.447585 0.624918 0.009911 0.013316
0 0.235770 0.388376 0.013490 0.017067
0 0.511766 0.289689 0.011902 0.015677
0 0.488719 0.612218 0.012449 0.014453
0 0.284384 0.463339 0.009198 0.012811
0 0.410402 0.822944 0.013400 0.016422
0 0.184503 0.302969 0.015769 0.020469
0 0.317454 0.461912 0.010461 0.015197
0 0.619656 0.464852 0.009926 0.012734
0 0.498007 0.293877 0.012373 0.014743
0 0.504503 0.442819 0.009229 0.011741
0 0.560303 0.681576 0.012663 0.016170
0 0.378339 0.496470 0.010236 0.012394
0 0.381765 0.742129 0.009206 0.012658
0 0.331884 0.322877 0.010126 0.014003
0 0.293425 0.605618 0.009738 0.013667
0 0.512393 0.503779 0.009745 0.013796
0 0.411553 0.614911 0.009359 0.011244
0 0.505852 0.476766 0.009602 0.012223
0 0.448005 0.455604 0.009580 0.012242
0 0.493980 0.492975 0.010008 0.012764
0 0.462169 0.793999 0.010836 0.015170
0 0.366464 0.539787 0.011465 0.017093
0 0.269933 0.412192 0.011407 0.013905
0 0.410088 0.849294 0.013223 0.015719
0 0.408495 0.242452 0.011914 0.017824
0 0.301234 0.680025 0.010934 0.013335
0 0.411008 0.174070 0.009558 0.013054
0 0.472829 0.667408 0.010169 0.014983
0 0.286314 0.677463 0.010293 0.013724
0 0.547173 0.789032 0.011484 0.015664
0 0.422331 0.277196 0.013579 0.017799
0 0.566210 0.262349 0.013203 0.018973
0 0.432410 0.560419 0.009063 0.011994
0 0.387782 0.585443 0.010622 0.015767
0 0.332164 0.644168 0.009200 0.012565
0 0.558065 0.374107 0.010550 0.015771
0 0.580174 0.483103 0.008617 0.012312
0 0.328908 0.278095 0.016627 0.017137
0 0.589430 0.656594 0.009770 0.013040
0 0.282811 0.418947 0.010005 0.013120
0 0.444473 0.231891 0.009959 0.014178
0 0.447215 0.553227 0.010625 0.013132
0 0.382362 0.174892 0.013428 0.018042
0 0.593029 0.409806 0.009383 0.012126
0 0.277046 0.319906 0.011907 0.016668
0 0.222635 0.212057 0.013561 0.022685
0 0.430637 0.348908 0.012462 0.016227
0 0.358275 0.637715 0.008993 0.011807
0 0.553509 0.538641 0.010521 0.013648
0 0.416812 0.383971 0.010687 0.015672
0 0.401155 0.790161 0.010765 0.014076
0 0.294540 0.824800 0.011852 0.015704
0 0.380215 0.344182 0.010459 0.014058
0 0.473625 0.502327 0.013249 0.014208
0 0.342180 0.666784 0.008606 0.011378
0 0.495659 0.641491 0.009498 0.011969
0 0.572753 0.585347 0.008622 0.011822
0 0.317094 0.648112 0.010403 0.013672
0 0.384927 0.513472 0.010573 0.012555
0 0.346485 0.846933 0.013396 0.018625
0 0.507224 0.769979 0.011369 0.015357
0 0.582690 0.279330 0.011328 0.017153
0 0.345873 0.595047 0.010010 0.015093
0 0.314781 0.595850 0.009804 0.011998
0 0.282963 0.244014 0.014214 0.018319
0 0.319448 0.502887 0.009198 0.012667
0 0.259838 0.617702 0.009753 0.013152
0 0.468416 0.408202 0.011544 0.016521
0 0.511208 0.831078 0.010517 0.013520
0 0.601602 0.514975 0.008820 0.012616
0 0.382658 0.453641 0.008519 0.011907
0 0.468055 0.246299 0.009262 0.014123
0 0.280543 0.807409 0.011723 0.016338
0 0.360972 0.569822 0.010758 0.013758
0 0.334454 0.435335 0.010317 0.013416
0 0.622395 0.587328 0.010598 0.014335
0 0.562253 0.714602 0.010561 0.014413
0 0.387847 0.419785 0.009032 0.011773
0 0.425010 0.717652 0.008489 0.011358
0 0.319624 0.671980 0.009453 0.012701
0 0.476273 0.643436 0.010026 0.012860
0 0.368085 0.385359 0.010045 0.016603
0 0.631799 0.431303 0.010981 0.017529
0 0.460306 0.642578 0.008619 0.010826
0 0.286210 0.751925 0.011039 0.014282
0 0.222054 0.509081 0.022922 0.023255
0 0.546238 0.727622 0.010442 0.013780
0 0.322846 0.762322 0.010328 0.013510
0 0.317491 0.724328 0.009512 0.013794
0 0.106659 0.442312 0.016710 0.022045
0 0.560748 0.300909 0.013189 0.021162
0 0.255758 0.393292 0.012339 0.015514
0 0.432332 0.610226 0.009783 0.012330
0 0.354689 0.855219 0.013299 0.018875
0 0.558878 0.745052 0.011516 0.015806
0 0.513988 0.529805 0.008970 0.012602
0 0.563038 0.792037 0.011951 0.015025
0 0.576668 0.732287 0.011687 0.015581
0 0.406563 0.549305 0.011205 0.012667
0 0.481425 0.324499 0.013951 0.017164
0 0.284185 0.382971 0.013446 0.017385
0 0.256504 0.347581 0.010735 0.022148
0 0.366692 0.413249 0.010474 0.014798
0 0.511601 0.665389 0.009947 0.016020
0 0.423680 0.219895 0.008996 0.014102
0 0.223799 0.762815 0.014033 0.020056
0 0.373214 0.643199 0.009159 0.012115
0 0.274423 0.781194 0.010513 0.013835
0 0.371222 0.779938 0.010133 0.012583
0 0.465704 0.273505 0.009446 0.012786
0 0.383770 0.775941 0.010240 0.013567
0 0.362808 0.137780 0.010028 0.012795
0 0.516558 0.797882 0.012055 0.018085
0 0.222984 0.839355 0.012421 0.016565
0 0.386920 0.663559 0.009788 0.013523
0 0.459472 0.344671 0.009404 0.013853
0 0.438134 0.375933 0.011112 0.013162
0 0.457516 0.185666 0.012519 0.015340
0 0.404757 0.342589 0.011793 0.017744
0 0.424431 0.191586 0.009044 0.013105
0 0.560548 0.420174 0.011704 0.015146
0 0.286110 0.336830 0.010427 0.014021
0 0.402425 0.395779 0.008192 0.011101
0 0.321358 0.437169 0.010723 0.012830
0 0.388839 0.639092 0.009301 0.012488
0 0.460305 0.376894 0.009470 0.013233
0 0.541957 0.474644 0.010500 0.014426
0 0.305372 0.766693 0.009507 0.011204
0 0.330384 0.557310 0.009208 0.012191
0 0.530773 0.805471 0.010582 0.014305
0 0.366449 0.595343 0.009190 0.014179
0 0.588365 0.462247 0.011460 0.013301
0 0.570714 0.536855 0.010900 0.013623
0 0.486540 0.862389 0.010469 0.014694
0 0.365439 0.612403 0.009946 0.013054
0 0.621747 0.514523 0.009946 0.011944
0 0.414081 0.488761 0.008841 0.012667
0 0.321619 0.572961 0.009600 0.012944
0 0.313228 0.747504 0.011721 0.015520
0 0.183637 0.832163 0.014583 0.017021
0 0.464027 0.229210 0.010391 0.014463
0 0.428236 0.250274 0.010702 0.015801
0 0.244873 0.783670 0.014463 0.020117
0 0.519918 0.737723 0.014778 0.016615
0 0.179914 0.718440 0.010898 0.014359
0 0.272889 0.744409 0.012038 0.013290
0 0.354216 0.387605 0.009839 0.012732
0 0.335642 0.581635 0.012080 0.013373
0 0.618402 0.419015 0.009811 0.013344
0 0.545305 0.243711 0.017420 0.018465
0 0.523720 0.734247 0.014024 0.016089
0 0.500542 0.536386 0.011088 0.013388
0 0.582823 0.518860 0.008688 0.011181
0 0.406681 0.511591 0.010117 0.012045
0 0.570659 0.440973 0.009069 0.012600
0 0.450860 0.212535 0.012855 0.014064
0 0.380039 0.437881 0.008867 0.013791
0 0.256208 0.338944 0.010954 0.017017
0 0.419988 0.309753 0.010967 0.022104
0 0.368201 0.819383 0.011452 0.016521
0 0.263673 0.165429 0.010757 0.014732
0 0.526675 0.730961 0.012311 0.014745
0 0.389307 0.394525 0.010087 0.011494
0 0.376929 0.798880 0.011823 0.015435
0 0.535689 0.834718 0.013428 0.014452
0 0.508083 0.258803 0.011628 0.015046
0 0.410747 0.552780 0.011310 0.011693
0 0.601312 0.667632 0.010728 0.015404
0 0.589360 0.437299 0.012834 0.015413
0 0.246854 0.766942 0.011602 0.017391
0 0.608101 0.693270 0.011494 0.014079
0 0.461204 0.306141 0.010485 0.015348
0 0.554233 0.472967 0.010120 0.012192
0 0.505121 0.202080 0.009207 0.016619
0 0.436417 0.557537 0.018093 0.012131
0 0.340677 0.138769 0.010376 0.012920
0 0.453820 0.807662 0.010416 0.013502
0 0.381263 0.448550 0.008907 0.020520
0 0.505323 0.215194 0.008684 0.023807
0 0.316992 0.490617 0.009961 0.015151
0 0.587491 0.696697 0.011716 0.015342
0 0.326742 0.334286 0.010535 0.015868
0 0.390925 0.358831 0.010706 0.011251
0 0.289535 0.363245 0.013721 0.025815
0 0.444447 0.381035 0.015192 0.013714
0 0.279522 0.263655 0.012729 0.016492
0 0.505958 0.242161 0.010016 0.019054
0 0.383875 0.602373 0.007814 0.011995
0 0.481116 0.884406 0.011566 0.014973
0 0.326033 0.578842 0.016100 0.012902
0 0.322907 0.335689 0.012917 0.014632
0 0.622685 0.618875 0.010913 0.016949