0 0.559422 0.910259 0.015322 0.021920
0 0.526318 0.576280 0.011354 0.014068
0 0.584491 0.556273 0.013914 0.018965
0 0.342879 0.534332 0.011428 0.015731
0 0.420387 0.410130 0.010882 0.014312
0 0.543906 0.397501 0.011238 0.015799
0 0.466285 0.330473 0.013521 0.017896
0 0.468345 0.874434 0.012154 0.016709
0 0.428902 0.324509 0.010844 0.016585
0 0.386405 0.495182 0.010530 0.014003
0 0.408929 0.622436 0.009787 0.013314
0 0.445340 0.264811 0.011585 0.016158
0 0.360170 0.335212 0.011606 0.015559
0 0.350279 0.813102 0.013477 0.019447
0 0.431960 0.839949 0.012213 0.017862
0 0.526017 0.303631 0.010617 0.016430
0 0.486237 0.427593 0.013743 0.018394
0 0.367569 0.881692 0.013629 0.017769
0 0.234900 0.571700 0.013401 0.017258
0 0.371038 0.780541 0.012624 0.017253
0 0.456749 0.518068 0.011614 0.014697
1 0.605555 0.628962 0.037160 0.054447
0 0.571378 0.484893 0.012488 0.016457
0 0.518760 0.700857 0.012303 0.016211
0 0.774379 0.511801 0.014196 0.021749
0 0.697258 0.470370 0.012914 0.017213
0 0.686032 0.491942 0.013289 0.017428
0 0.537958 0.546956 0.013523 0.018214
0 0.467657 0.668450 0.013604 0.017547
0 0.395327 0.408564 0.011791 0.015822
0 0.646424 0.587885 0.010598 0.014772
0 0.551418 0.327612 0.011786 0.016743
0 0.495546 0.683640 0.014272 0.017124
0 0.441750 0.687412 0.009723 0.013087
0 0.393632 0.846525 0.017325 0.024131
0 0.407296 0.499805 0.013808 0.019078
0 0.464427 0.731130 0.012298 0.018084
0 0.340249 0.387187 0.013138 0.016214
0 0.412540 0.755364 0.013048 0.017494
0 0.483226 0.472141 0.015373 0.020363
0 0.392740 0.543859 0.011075 0.013387
0 0.747399 0.501654 0.012910 0.018948
1 0.573004 0.446394 0.037723 0.043890
0 0.548647 0.850013 0.012203 0.016476
0 0.704757 0.574151 0.014365 0.020087
0 0.536075 0.923489 0.015081 0.020817
0 0.597503 0.846927 0.017618 0.024779
0 0.510356 0.406169 0.015783 0.020166
0 0.323541 0.420600 0.014759 0.022780
0 0.270939 0.472728 0.011992 0.017405
0 0.425629 0.583561 0.010994 0.016151
0 0.722742 0.579438 0.013033 0.017720
1 0.301512 0.644935 0.036843 0.050288
0 0.492626 0.601888 0.011863 0.016931
0 0.735619 0.459879 0.010605 0.013676
0 0.552771 0.793517 0.013878 0.017621
0 0.401242 0.443751 0.010097 0.013825
0 0.291621 0.465206 0.015289 0.020984
0 0.537105 0.735187 0.012954 0.016318
0 0.422437 0.521474 0.011018 0.014513
0 0.603961 0.490505 0.011874 0.017496
0 0.514764 0.661334 0.016313 0.018468
0 0.363366 0.838812 0.012773 0.017846
1 0.781300 0.753904 0.035088 0.051518
0 0.342544 0.591983 0.011008 0.015009
0 0.257068 0.768362 0.013625 0.018790
0 0.397223 0.697656 0.010123 0.014085
0 0.245505 0.597775 0.012084 0.016504
0 0.469595 0.952487 0.018542 0.024435
0 0.762163 0.462339 0.012756 0.018466
0 0.342934 0.705995 0.011320 0.015466
0 0.663102 0.500454 0.012831 0.019223
0 0.512789 0.856460 0.012521 0.016471
0 0.270615 0.723328 0.011118 0.015627
0 0.617469 0.824688 0.014230 0.021667
0 0.384836 0.667357 0.009745 0.013940
0 0.572629 0.834705 0.013550 0.020153
0 0.458732 0.558304 0.010173 0.016739
0 0.397507 0.570994 0.011571 0.015264
0 0.487294 0.829426 0.009636 0.013896
0 0.429109 0.650023 0.009377 0.011596
0 0.382654 0.614105 0.010989 0.017021
0 0.409116 0.379364 0.010691 0.014066
0 0.559594 0.813736 0.014076 0.018009
0 0.525361 0.483263 0.011566 0.014601
0 0.313619 0.471141 0.010408 0.015107
0 0.471043 0.303938 0.012606 0.015125
0 0.595965 0.816623 0.012400 0.017981
0 0.322628 0.577663 0.017051 0.021246
0 0.617621 0.767201 0.012260 0.016450
0 0.752863 0.628301 0.012061 0.015327
0 0.565569 0.882543 0.014706 0.016899
0 0.653210 0.802508 0.014383 0.020050
0 0.645869 0.436852 0.012370 0.014972
0 0.503169 0.448733 0.015200 0.020440
0 0.532224 0.419118 0.010313 0.012500
0 0.786786 0.540385 0.012184 0.017351
0 0.459661 0.588108 0.009200 0.013457
0 0.279633 0.749585 0.012319 0.015090
0 0.239013 0.522460 0.011570 0.015631
0 0.420849 0.280787 0.010992 0.019450
0 0.436683 0.936574 0.012250 0.015963
0 0.730776 0.395125 0.013200 0.017411
0 0.378092 0.817299 0.014980 0.020332
0 0.415941 0.810000 0.012508 0.019498
0 0.417859 0.869553 0.012735 0.020532
0 0.744847 0.536623 0.011743 0.014525
0 0.317393 0.341012 0.011198 0.016534
0 0.526585 0.864933 0.015673 0.021493
0 0.406991 0.668463 0.010728 0.014176
0 0.488633 0.750357 0.013758 0.018382
0 0.291428 0.774652 0.011936 0.014998
0 0.487779 0.349009 0.012229 0.016508
0 0.254454 0.439218 0.014830 0.018861
0 0.657694 0.452672 0.010225 0.013854
0 0.703527 0.429114 0.014312 0.016164
0 0.262000 0.623631 0.009679 0.013965
0 0.290575 0.424239 0.016873 0.018445
0 0.441666 0.904943 0.012406 0.016543
0 0.590541 0.663097 0.010304 0.014318
0 0.562064 0.278596 0.009740 0.017603
0 0.239646 0.456397 0.012643 0.016363
1 0.373604 0.445865 0.024440 0.035721
0 0.415760 0.461302 0.009646 0.012359
0 0.557826 0.309668 0.009317 0.013991
0 0.678048 0.386136 0.015111 0.019940
0 0.455048 0.491906 0.013113 0.017525
0 0.687943 0.552700 0.012033 0.016395
1 0.613662 0.354077 0.031486 0.049870
0 0.603978 0.685710 0.010017 0.013304
0 0.668883 0.803111 0.013214 0.019125
0 0.687813 0.530568 0.012129 0.015938
0 0.648193 0.545945 0.010975 0.016153
0 0.485436 0.639588 0.012280 0.020361
0 0.371338 0.927759 0.014532 0.020426
0 0.588271 0.334356 0.011192 0.018910
1 0.462561 0.781257 0.028292 0.035719
0 0.505620 0.238986 0.012439 0.014890
0 0.456942 0.618897 0.011491 0.013364
0 0.637506 0.499462 0.010316 0.017292
0 0.441971 0.444119 0.011697 0.016516
0 0.643425 0.533014 0.014532 0.024063
0 0.603062 0.476418 0.011532 0.016226
0 0.548890 0.876588 0.012105 0.015773
0 0.660279 0.761196 0.017298 0.020906
0 0.444999 0.458849 0.011988 0.017837
0 0.447898 0.601261 0.009628 0.013563
0 0.281757 0.808405 0.013050 0.019527
0 0.526155 0.890316 0.015785 0.020504
0 0.314334 0.792925 0.014587 0.018663
0 0.767089 0.605773 0.010680 0.013157
0 0.658038 0.946911 0.013625 0.020067
0 0.319930 0.702369 0.010466 0.015312
0 0.349458 0.430459 0.010854 0.013778
0 0.431352 0.897415 0.011874 0.015198
0 0.403861 0.944797 0.017130 0.023521
0 0.417997 0.721944 0.008804 0.013815
0 0.363923 0.516153 0.009065 0.011934
0 0.348940 0.652703 0.010098 0.014256
0 0.404915 0.898680 0.017217 0.018461
0 0.555118 0.800345 0.016186 0.032054
0 0.516373 0.632717 0.016175 0.016440
0 0.352317 0.368820 0.012977 0.016661
0 0.502928 0.579822 0.009332 0.012357
0 0.225563 0.660058 0.012698 0.018581
0 0.512433 0.747285 0.013511 0.019083
0 0.497039 0.512132 0.012922 0.019076
0 0.789469 0.600968 0.011980 0.017231
0 0.524580 0.794109 0.009692 0.012710
0 0.605116 0.919826 0.016380 0.021074
0 0.367235 0.629464 0.012363 0.016458
0 0.594540 0.994139 0.014484 0.011722
0 0.685739 0.537846 0.013461 0.023171
0 0.494175 0.528416 0.011585 0.016652
0 0.413692 0.914798 0.011445 0.015999
0 0.644617 0.306139 0.009791 0.015654
0 0.390274 0.332610 0.009603 0.015528
0 0.632956 0.610788 0.014209 0.019109
0 0.554194 0.353183 0.010072 0.012424
0 0.517213 0.859500 0.021340 0.019063
0 0.324100 0.868860 0.011440 0.016672
0 0.451769 0.398078 0.009135 0.013722
0 0.640383 0.352925 0.011869 0.017185
0 0.252310 0.653554 0.016454 0.020834
0 0.291336 0.824192 0.012273 0.016515
0 0.254138 0.695369 0.009966 0.014962
0 0.299622 0.698217 0.010424 0.013573
0 0.377312 0.410580 0.012435 0.012990
0 0.382131 0.794423 0.010949 0.014507
0 0.376765 0.287937 0.010738 0.015312
0 0.208660 0.590013 0.013378 0.019630
0 0.756399 0.533890 0.011313 0.014365
0 0.488294 0.630100 0.011147 0.019709
0 0.418940 0.518162 0.012443 0.016516
0 0.651466 0.849533 0.015584 0.024944