0 0.598320 0.648830 0.010662 0.014941
0 0.623133 0.731815 0.011297 0.015616
0 0.285416 0.448102 0.013817 0.017598
1 0.653290 0.247806 0.060946 0.073175
0 0.363829 0.462042 0.011867 0.016124
0 0.572499 0.209443 0.011508 0.014892
0 0.330474 0.300268 0.012378 0.017686
0 0.335452 0.249503 0.012860 0.016539
0 0.493186 0.365473 0.013027 0.017886
0 0.388082 0.439945 0.011523 0.015444
0 0.431680 0.714708 0.009014 0.012269
0 0.536039 0.638422 0.011995 0.016318
0 0.571252 0.430612 0.012626 0.018268
0 0.268666 0.503766 0.012392 0.017596
0 0.377317 0.280833 0.010671 0.014360
0 0.552661 0.800879 0.011294 0.014971
0 0.512467 0.285287 0.011897 0.016690
0 0.406822 0.434543 0.011580 0.016083
0 0.498600 0.725353 0.009482 0.012607
0 0.422860 0.311002 0.013870 0.017976
0 0.377759 0.532961 0.009039 0.012858
0 0.584942 0.524608 0.012159 0.015002
0 0.328784 0.186432 0.012485 0.016826
0 0.607179 0.781101 0.010552 0.014621
0 0.266851 0.399456 0.014078 0.019765
0 0.172738 0.376430 0.011466 0.015194
0 0.317505 0.398909 0.014028 0.017533
0 0.265632 0.270741 0.010442 0.013774
0 0.382979 0.728686 0.012155 0.015699
0 0.311500 0.347362 0.012485 0.016764
0 0.485901 0.405018 0.013604 0.017450
0 0.243275 0.380601 0.011922 0.015799
0 0.495450 0.201700 0.013034 0.018163
0 0.685478 0.445201 0.011022 0.015501
0 0.543279 0.865409 0.012493 0.016813
0 0.261089 0.565506 0.009944 0.014169
0 0.492448 0.765652 0.009724 0.013164
0 0.461640 0.481996 0.010283 0.015512
0 0.613630 0.578375 0.009363 0.014890
0 0.581468 0.764297 0.013109 0.017640
0 0.427142 0.204399 0.014231 0.019834
0 0.456125 0.818215 0.012859 0.017588
0 0.198096 0.519868 0.009639 0.013299
0 0.521255 0.329964 0.011093 0.014624
0 0.531234 0.667428 0.009520 0.013500
0 0.659881 0.502801 0.010304 0.014031
0 0.465150 0.237265 0.010749 0.015048
0 0.345040 0.663734 0.011393 0.016616
0 0.294582 0.326844 0.014943 0.020589
0 0.272109 0.304633 0.011659 0.014478
0 0.541619 0.756084 0.012009 0.015341
0 0.448135 0.630115 0.009322 0.013529
0 0.381786 0.401790 0.013784 0.015018
0 0.362576 0.302647 0.011297 0.018245
0 0.410031 0.794742 0.011072 0.014801
0 0.415858 0.378542 0.010805 0.013945
0 0.348433 0.148794 0.015800 0.021789
0 0.511655 0.773695 0.010509 0.015286
1 0.339384 0.602578 0.038372 0.049597
0 0.404422 0.866472 0.012892 0.016640
0 0.506918 0.225977 0.013837 0.017465
0 0.458216 0.592577 0.010373 0.015810
0 0.590740 0.159413 0.014017 0.019730
0 0.224574 0.330780 0.013168 0.016968
0 0.561769 0.599381 0.012125 0.018397
0 0.572819 0.372856 0.011687 0.014893
0 0.618337 0.621222 0.008779 0.013178
0 0.473623 0.284165 0.012406 0.018463
0 0.422887 0.840807 0.012969 0.017964
0 0.244176 0.304518 0.014685 0.017349
0 0.566808 0.181999 0.011717 0.017072
0 0.228861 0.362007 0.012115 0.018160
0 0.531993 0.542621 0.009917 0.013518
0 0.378217 0.491230 0.011911 0.013201
0 0.212344 0.628690 0.009936 0.014347
0 0.489978 0.333912 0.015623 0.017707
0 0.432894 0.464005 0.010329 0.014664
0 0.344041 0.384841 0.014122 0.023050
0 0.366582 0.834377 0.012511 0.017347
0 0.654164 0.529471 0.009888 0.015040
0 0.618284 0.810343 0.012568 0.016618
0 0.241270 0.237615 0.012420 0.019012
0 0.382143 0.877430 0.015991 0.020278
0 0.309913 0.524237 0.009778 0.012887
0 0.391431 0.231748 0.015912 0.023529
0 0.678444 0.333171 0.013060 0.017047
0 0.188123 0.401116 0.013521 0.018038
0 0.486959 0.703799 0.010183 0.013985
0 0.672035 0.413273 0.010675 0.015399
0 0.406178 0.573141 0.008917 0.012300
0 0.669094 0.646907 0.011809 0.017506
0 0.600817 0.418409 0.013238 0.014803
0 0.704490 0.605529 0.011394 0.016075
0 0.461039 0.860156 0.017547 0.021361
0 0.371671 0.681124 0.014202 0.015865
0 0.637023 0.486852 0.010074 0.013674
0 0.438539 0.782462 0.008922 0.012565
0 0.387935 0.126293 0.011589 0.015998
0 0.571993 0.488083 0.009392 0.013371
0 0.451208 0.142649 0.015175 0.022563
0 0.383950 0.647465 0.009898 0.013096
0 0.601263 0.211579 0.010116 0.013257
0 0.481554 0.588136 0.010206 0.016726
0 0.227833 0.681416 0.010632 0.014100
0 0.250086 0.706296 0.010832 0.014617
0 0.399438 0.167992 0.014278 0.018347
0 0.325862 0.823988 0.011866 0.017780
0 0.476441 0.742971 0.009503 0.014977
0 0.568910 0.141539 0.013204 0.018077
0 0.684356 0.571196 0.011054 0.015756
0 0.220193 0.596961 0.011337 0.013169
0 0.323208 0.632699 0.011115 0.016294
0 0.508867 0.615372 0.011366 0.013614
0 0.422433 0.759013 0.008607 0.012521
0 0.466040 0.404075 0.014425 0.019249
0 0.572391 0.680837 0.010769 0.013622
0 0.302864 0.274994 0.011203 0.014324
0 0.189018 0.344140 0.013666 0.021028
0 0.443608 0.579567 0.010183 0.015105
0 0.629781 0.202710 0.011250 0.016555
0 0.414877 0.919087 0.017794 0.021325
0 0.556340 0.501626 0.009795 0.014890
0 0.615660 0.680059 0.009576 0.012566
0 0.516709 0.581419 0.013775 0.019040
0 0.300823 0.626971 0.008148 0.011617
0 0.414515 0.648358 0.009734 0.016117
0 0.295013 0.389687 0.011017 0.017982
0 0.308544 0.662272 0.012614 0.017580
0 0.535362 0.437807 0.009416 0.012731
0 0.557639 0.843430 0.012172 0.018097
0 0.669633 0.716421 0.010563 0.014776
0 0.293103 0.249918 0.010469 0.015347
0 0.407868 0.503647 0.016423 0.018338
0 0.589319 0.319399 0.011516 0.016364
0 0.412199 0.145372 0.010890 0.015066
0 0.535568 0.835091 0.012424 0.015938
0 0.236096 0.568890 0.013770 0.016850
0 0.660308 0.329716 0.014170 0.019888
0 0.519856 0.116721 0.012807 0.017474
0 0.387901 0.676322 0.009542 0.012228
0 0.514201 0.846467 0.010489 0.016309
0 0.509844 0.474958 0.012763 0.017894
0 0.419447 0.456710 0.010708 0.016610
0 0.513065 0.511580 0.012494 0.016881
0 0.546920 0.402476 0.014751 0.024016
0 0.411057 0.625071 0.008882 0.012772
0 0.587197 0.385568 0.012173 0.019192
0 0.397739 0.552839 0.008423 0.013063
0 0.487266 0.275738 0.011631 0.015929
0 0.580262 0.627143 0.008218 0.012666
0 0.186656 0.621543 0.009205 0.011925
0 0.560277 0.276238 0.010013 0.013065
0 0.258780 0.329408 0.009530 0.012372
0 0.247873 0.450140 0.009409 0.012970
0 0.532689 0.193989 0.011197 0.017574
0 0.437898 0.645468 0.009036 0.013330
0 0.581169 0.830848 0.014298 0.017912
0 0.315477 0.581206 0.009039 0.012727
0 0.250266 0.486954 0.010258 0.013788
0 0.152024 0.412102 0.014554 0.020633
0 0.635686 0.461151 0.008463 0.012644
0 0.414712 0.183396 0.012737 0.016966
0 0.646223 0.729816 0.012657 0.015372
0 0.483599 0.792877 0.009300 0.013307
0 0.657698 0.698464 0.008964 0.013565
0 0.233779 0.437913 0.009076 0.012522
0 0.332035 0.419312 0.012894 0.015483
0 0.524543 0.465720 0.009986 0.013446
0 0.702348 0.296234 0.012736 0.018557
0 0.605036 0.479676 0.008872 0.012353
0 0.418802 0.544467 0.009652 0.012267
0 0.405759 0.311149 0.010997 0.014324
0 0.468066 0.425654 0.013501 0.015484
0 0.503692 0.660227 0.009036 0.013652
0 0.409411 0.728025 0.009393 0.015267
0 0.257337 0.227084 0.010889 0.015430
0 0.613105 0.188609 0.012825 0.018596
0 0.293293 0.809317 0.016771 0.018440
0 0.353532 0.795578 0.014206 0.017265
0 0.567766 0.455196 0.009750 0.012792
1 0.295541 0.211697 0.036939 0.053541
0 0.629066 0.660439 0.008583 0.010969
1 0.599040 0.267550 0.035718 0.045208
0 0.346893 0.721580 0.013655 0.017540
0 0.568157 0.715642 0.011079 0.018489
0 0.700926 0.348417 0.013258 0.019058
0 0.594107 0.865522 0.011706 0.016240
0 0.227741 0.711525 0.009169 0.012615
0 0.452455 0.512912 0.010451 0.014189
0 0.695233 0.695253 0.010069 0.013225
0 0.683741 0.746046 0.014182 0.017044
0 0.720938 0.479314 0.009342 0.013116
0 0.286371 0.540834 0.009891 0.015087
0 0.551397 0.144781 0.011984 0.017140
0 0.560089 0.752014 0.009695 0.013043
0 0.416424 0.412518 0.010435 0.013920
0 0.349875 0.549002 0.011500 0.020894
1 0.243268 0.800695 0.036703 0.052855
0 0.339673 0.641085 0.012382 0.015961
0 0.455555 0.185905 0.008764 0.012355
0 0.444466 0.394086 0.011246 0.013556
0 0.722655 0.418934 0.015657 0.018378
0 0.599911 0.744730 0.011948 0.015291
0 0.675624 0.465517 0.008763 0.012083
0 0.625071 0.788916 0.009656 0.012397
0 0.608657 0.839349 0.012819 0.018487
0 0.463516 0.540323 0.012333 0.018602
0 0.462557 0.696555 0.008533 0.012889
0 0.485904 0.537682 0.013138 0.017044
0 0.252203 0.597996 0.012143 0.012135
0 0.443643 0.596637 0.009164 0.013012
0 0.191301 0.550636 0.009704 0.013312
0 0.614791 0.182730 0.012496 0.021379
0 0.174493 0.318444 0.011624 0.016420
0 0.374797 0.586510 0.007411 0.010176
0 0.697429 0.669353 0.010181 0.014317
0 0.191388 0.659098 0.009861 0.013407
0 0.630871 0.519718 0.009356 0.013906
0 0.676926 0.593609 0.012658 0.015984
0 0.516353 0.821485 0.010193 0.013433
0 0.505152 0.379338 0.008227 0.011472
0 0.336922 0.503821 0.008561 0.012833
0 0.385581 0.905079 0.020169 0.020576
0 0.479824 0.849299 0.010760 0.015402
0 0.386684 0.799457 0.011344 0.020886
0 0.429568 0.539299 0.009802 0.012872
0 0.656210 0.734814 0.011472 0.014043
0 0.393689 0.709191 0.008125 0.011653
0 0.449832 0.294615 0.008792 0.014678
0 0.177850 0.601697 0.008385 0.013272
0 0.533454 0.604854 0.008979 0.011571
0 0.338117 0.802946 0.010000 0.013463
0 0.466389 0.766412 0.008816 0.012862
0 0.701957 0.508345 0.008078 0.010191
0 0.291577 0.852449 0.010074 0.014203
0 0.315167 0.230541 0.009910 0.013576
0 0.602377 0.390860 0.009311 0.012655
0 0.400432 0.759312 0.013019 0.017397
0 0.210665 0.685350 0.009479 0.013782
1 0.289970 0.735879 0.037175 0.046187