0 0.555223 0.779529 0.019227 0.014801
0 0.247800 0.720933 0.018921 0.015686
0 0.498312 0.858300 0.019272 0.015618
0 0.560804 0.843619 0.020309 0.016025
0 0.547072 0.744240 0.023295 0.018514
0 0.480196 0.914211 0.018840 0.014902
0 0.344980 0.994740 0.023498 0.010519
0 0.409205 0.614081 0.016258 0.012613
0 0.680960 0.771250 0.013135 0.010312
0 0.340571 0.951181 0.018573 0.016185
0 0.412413 0.992221 0.019996 0.012519
0 0.445552 0.994927 0.020862 0.010146
0 0.423360 0.902759 0.019472 0.015861
0 0.355485 0.972547 0.019913 0.015235
0 0.398821 0.883529 0.023773 0.016306
0 0.413496 0.947186 0.023975 0.017713
0 0.601064 0.777123 0.017045 0.014678
0 0.468412 0.948384 0.018083 0.013521
0 0.294307 0.847228 0.021692 0.015745
0 0.296420 0.708886 0.018629 0.016231
0 0.251112 0.770223 0.022462 0.014646