0 0.274983 0.420419 0.018917 0.015110
0 0.364846 0.380437 0.018581 0.013511
0 0.623685 0.527061 0.018087 0.012977
0 0.571311 0.428313 0.015668 0.011530
0 0.226893 0.429033 0.019074 0.014995
0 0.255126 0.467889 0.020283 0.016332
0 0.688762 0.493409 0.014900 0.011137
0 0.730618 0.566934 0.017705 0.013207
0 0.519094 0.342645 0.014887 0.012295
0 0.560384 0.720862 0.018277 0.011996
0 0.338816 0.319387 0.012262 0.011206
0 0.619506 0.796432 0.013768 0.011526
0 0.250070 0.357822 0.018864 0.013993
0 0.476539 0.373725 0.018972 0.016128
0 0.074471 0.431910 0.021054 0.015371
0 0.534120 0.819949 0.019276 0.012399
0 0.172875 0.620136 0.018161 0.012552
0 0.638601 0.429126 0.016853 0.010367
0 0.632303 0.452864 0.016707 0.012499
0 0.345982 0.727996 0.014042 0.011908
0 0.346323 0.595454 0.018421 0.012248
0 0.301293 0.741315 0.021920 0.015385
0 0.613632 0.484722 0.013673 0.010586
0 0.539018 0.318293 0.015826 0.012494
0 0.576521 0.376370 0.016489 0.010403
0 0.094005 0.473520 0.015596 0.012910
0 0.190926 0.627112 0.018231 0.011562
0 0.032652 0.624928 0.023041 0.012821
0 0.519480 0.313439 0.013234 0.009340
0 0.378313 0.674577 0.015536 0.012189
0 0.595956 0.355861 0.022239 0.016383
0 0.642259 0.378288 0.013379 0.008809
0 0.443297 0.614503 0.015223 0.011352
0 0.570832 0.736415 0.014044 0.013651
0 0.210126 0.733986 0.014302 0.008970
0 0.355300 0.640822 0.011053 0.009743
0 0.593932 0.505320 0.011554 0.007763
0 0.333451 0.742679 0.016956 0.009110
0 0.437991 0.681232 0.013041 0.011673
0 0.269047 0.643616 0.025420 0.018942
1 0.178404 0.728873 0.051643 0.032864
1 0.279343 0.661972 0.043818 0.021127
1 0.400626 0.609155 0.048513 0.028169
1 0.729264 0.448357 0.039124 0.025822