0 0.314096 0.494487 0.018364 0.013458
0 0.698030 0.333899 0.018588 0.013877
0 0.598958 0.246382 0.016794 0.013721
0 0.784935 0.472506 0.017921 0.013408
0 0.680824 0.522080 0.018945 0.014394
0 0.592697 0.516651 0.019109 0.015430
0 0.618076 0.392963 0.019141 0.015059
0 0.516619 0.322855 0.018482 0.014997
0 0.263362 0.511888 0.019000 0.013424
0 0.606162 0.279396 0.017631 0.013350
0 0.569936 0.327193 0.018599 0.013218
0 0.564437 0.363465 0.018665 0.013111
0 0.674650 0.488077 0.019661 0.014724
0 0.687284 0.364125 0.018847 0.013410
0 0.663155 0.574171 0.018450 0.013687
0 0.731503 0.293925 0.016722 0.012525
0 0.556880 0.626141 0.014641 0.010986
0 0.413871 0.685159 0.017540 0.013033
0 0.813740 0.490982 0.020837 0.014551
0 0.511921 0.480026 0.019619 0.015466
0 0.351970 0.574412 0.019317 0.013485
0 0.496995 0.676988 0.017231 0.012697
0 0.687902 0.739314 0.017273 0.012308
0 0.372054 0.551805 0.020015 0.014167
0 0.443050 0.254583 0.016016 0.013102
0 0.564328 0.467651 0.017914 0.013924
0 0.421822 0.337435 0.021208 0.015693
0 0.276784 0.443010 0.018139 0.014210
0 0.717748 0.528518 0.018489 0.014664
0 0.307806 0.338810 0.016860 0.013035
0 0.664221 0.207042 0.015368 0.012023
0 0.715240 0.427753 0.019683 0.015742
0 0.567149 0.578697 0.019366 0.014781
0 0.401023 0.472132 0.018586 0.015169
0 0.725011 0.324820 0.014513 0.010685
0 0.301891 0.620549 0.015956 0.011985
0 0.573923 0.391485 0.018091 0.014605
1 0.396239 0.628675 0.051456 0.040422
0 0.738915 0.371043 0.019561 0.014970
0 0.385096 0.425495 0.018791 0.014988
0 0.731912 0.710146 0.015544 0.011546
0 0.761475 0.277594 0.017220 0.012645
0 0.175733 0.400692 0.018573 0.013504
0 0.300391 0.678661 0.018579 0.014697
0 0.678206 0.653139 0.015084 0.011377
0 0.538764 0.703206 0.014988 0.011095
0 0.249883 0.626944 0.016617 0.012993
0 0.765665 0.563089 0.017678 0.014599
0 0.651977 0.234910 0.015499 0.012746
0 0.534099 0.678294 0.012516 0.009931
0 0.189678 0.326193 0.016648 0.012977
0 0.384676 0.724286 0.019517 0.014280
0 0.592752 0.630894 0.013845 0.010097
0 0.647007 0.735627 0.018844 0.015495
0 0.515105 0.738573 0.020018 0.015074
0 0.463426 0.265981 0.016757 0.014213
1 0.621472 0.676507 0.062920 0.089402
0 0.422293 0.603646 0.018952 0.013495
0 0.732871 0.266586 0.017770 0.012594
0 0.492121 0.179309 0.015495 0.010820
0 0.446549 0.278687 0.017604 0.013897
0 0.485510 0.770708 0.023080 0.016837
0 0.384059 0.455419 0.016184 0.012475
0 0.484045 0.212177 0.017873 0.012093
0 0.515709 0.399252 0.016293 0.015525
0 0.795834 0.590937 0.013471 0.010056
0 0.868873 0.556140 0.016987 0.013054
0 0.336088 0.381286 0.027014 0.017010
0 0.834432 0.438629 0.011792 0.009288
0 0.437764 0.419661 0.016376 0.013242
0 0.322565 0.384821 0.023430 0.015090
0 0.685977 0.701939 0.012991 0.009498
0 0.655580 0.307237 0.013689 0.010636
0 0.517150 0.258278 0.016631 0.011392
0 0.639337 0.292717 0.014277 0.011721
0 0.264605 0.270372 0.018943 0.017097
0 0.244255 0.293362 0.016026 0.012754
0 0.589808 0.302882 0.014908 0.015143
0 0.745765 0.239314 0.017083 0.012737
0 0.558600 0.252513 0.017750 0.016312
0 0.217568 0.305725 0.014420 0.011889
0 0.358370 0.673624 0.011962 0.009447
0 0.403947 0.701450 0.015183 0.009813
0 0.534941 0.282104 0.012812 0.010098
0 0.571252 0.692016 0.011204 0.008571
0 0.546480 0.418262 0.012924 0.010285
0 0.609820 0.551352 0.013137 0.009835
0 0.797342 0.529832 0.015582 0.013839
0 0.406630 0.256335 0.012459 0.009292
0 0.587563 0.295816 0.015977 0.013433
0 0.456565 0.744138 0.015751 0.013421
0 0.614756 0.318293 0.016973 0.018558
0 0.398613 0.351473 0.014867 0.011192