0 0.519933 0.690739 0.016096 0.010080
0 0.527592 0.664127 0.014336 0.009635
0 0.580289 0.690977 0.014198 0.009872
0 0.589529 0.540841 0.013335 0.009948
0 0.277398 0.702738 0.014462 0.009502
0 0.256340 0.684945 0.013174 0.008400
0 0.440746 0.356131 0.016836 0.011708
0 0.432834 0.441234 0.015139 0.010505
0 0.709498 0.443982 0.015206 0.010445
1 0.539044 0.827867 0.048981 0.031252
0 0.541432 0.374629 0.016599 0.011177
0 0.508329 0.609442 0.015746 0.010258
0 0.403406 0.677501 0.013906 0.008358
0 0.178139 0.521166 0.013354 0.009325
0 0.648466 0.381731 0.015644 0.010439
0 0.395524 0.778873 0.017708 0.011657
0 0.582014 0.582489 0.013765 0.009976
0 0.214359 0.404227 0.015459 0.010538
0 0.364481 0.471329 0.012873 0.008910
0 0.406295 0.587733 0.014962 0.009698
0 0.605119 0.783510 0.016997 0.011344
0 0.621150 0.696906 0.013606 0.010080
0 0.361434 0.571846 0.014649 0.010359
0 0.663260 0.555094 0.013216 0.009346
0 0.280559 0.606427 0.013243 0.008697
0 0.646863 0.707952 0.015056 0.010394
0 0.602682 0.738486 0.016703 0.010973
0 0.556775 0.628678 0.014247 0.009156
0 0.255230 0.585380 0.014666 0.011311
0 0.311525 0.622805 0.013355 0.009229
0 0.306138 0.360023 0.014873 0.011010
0 0.296248 0.308081 0.018829 0.012985
0 0.665462 0.495790 0.016026 0.011212
0 0.291944 0.721610 0.015409 0.009780
0 0.371599 0.610370 0.013416 0.009119
0 0.764816 0.399526 0.014759 0.010721
0 0.531532 0.577820 0.013957 0.009673
0 0.539075 0.639573 0.012950 0.008294
0 0.321534 0.377275 0.015620 0.010633
0 0.737392 0.620404 0.012669 0.008986
0 0.671467 0.409810 0.015186 0.010637
0 0.396330 0.377221 0.015749 0.010499
0 0.642689 0.724597 0.016565 0.011393
0 0.449794 0.466121 0.016873 0.011041
0 0.395727 0.708601 0.014459 0.009213
0 0.689639 0.312762 0.018019 0.012221
0 0.378853 0.750527 0.014208 0.009773
0 0.821945 0.436537 0.016989 0.011795
0 0.629412 0.498400 0.014585 0.009610
0 0.582357 0.560007 0.013062 0.010228
0 0.354511 0.657777 0.014590 0.008884
0 0.422698 0.643087 0.012947 0.008698
0 0.743032 0.720227 0.015050 0.010194
0 0.153555 0.437912 0.017366 0.011403
0 0.507224 0.329138 0.015644 0.011502
0 0.611525 0.390668 0.017878 0.011503
0 0.610665 0.624919 0.012698 0.008695
0 0.355756 0.624781 0.013379 0.009095
0 0.557130 0.434327 0.016369 0.011003
0 0.573698 0.789728 0.019437 0.013220
0 0.741331 0.563051 0.014368 0.010191
0 0.241950 0.326059 0.017239 0.011818
0 0.633610 0.608973 0.014200 0.010375
0 0.581064 0.270863 0.019435 0.013608
0 0.677960 0.632815 0.014569 0.008879
0 0.489727 0.339921 0.016489 0.011121
0 0.234855 0.410994 0.015837 0.011259
0 0.604923 0.644655 0.012932 0.009857
0 0.625337 0.535165 0.017275 0.010211
0 0.178664 0.591801 0.012121 0.008627
0 0.388669 0.514696 0.013621 0.008863
0 0.605645 0.446566 0.014321 0.009645
0 0.711735 0.634703 0.014147 0.009321
0 0.670927 0.390785 0.017862 0.012023
0 0.798070 0.590675 0.014023 0.009409
0 0.790172 0.566233 0.014684 0.009604
0 0.660227 0.580391 0.016202 0.011964
0 0.426865 0.564147 0.013534 0.009427
0 0.113138 0.500862 0.017560 0.012433
0 0.579831 0.493023 0.013853 0.009467
0 0.332123 0.492164 0.016636 0.010819
0 0.181121 0.544426 0.015198 0.009734
0 0.229151 0.665037 0.013698 0.009312
0 0.752901 0.544478 0.014536 0.009896
0 0.310244 0.690667 0.012749 0.008792
0 0.409277 0.658106 0.013245 0.008847
0 0.403748 0.494948 0.014761 0.010536
0 0.713257 0.598325 0.014761 0.010395
0 0.127952 0.451952 0.016408 0.011063
0 0.687765 0.663734 0.013064 0.009273
0 0.578236 0.456633 0.015552 0.010916
0 0.623493 0.644902 0.014348 0.009961
0 0.305760 0.433487 0.014247 0.009476
0 0.515308 0.270065 0.015081 0.011000
0 0.460793 0.372949 0.013931 0.009363
0 0.408299 0.738540 0.013770 0.009163
0 0.582541 0.737903 0.017600 0.011572
0 0.169322 0.464447 0.014653 0.009506
0 0.322827 0.401715 0.015134 0.009915
0 0.492356 0.318009 0.015172 0.012076
0 0.319772 0.458811 0.015184 0.010688
0 0.333830 0.571372 0.011944 0.007984
0 0.507075 0.304958 0.015176 0.010116
0 0.286323 0.389205 0.016459 0.011513
0 0.304021 0.736490 0.015627 0.010439
0 0.558343 0.569388 0.013952 0.009640
0 0.477898 0.656412 0.013817 0.010643
0 0.280455 0.327348 0.015623 0.010566
0 0.514247 0.498834 0.015736 0.010785
0 0.647370 0.505863 0.014186 0.009883
0 0.456016 0.683957 0.013745 0.009197
0 0.449960 0.720245 0.014956 0.010733
0 0.293692 0.521875 0.013195 0.008973
0 0.343414 0.606051 0.013622 0.009332
0 0.146909 0.533162 0.012482 0.008241
0 0.652451 0.620736 0.014173 0.010305
0 0.214319 0.351711 0.020783 0.015932
0 0.690825 0.524206 0.015807 0.011309
0 0.713078 0.747786 0.015165 0.011397
0 0.428271 0.591068 0.012757 0.007913
0 0.288227 0.654246 0.013673 0.008578
0 0.276899 0.490562 0.014344 0.009879
0 0.411293 0.396338 0.015200 0.009513
0 0.654420 0.297204 0.019789 0.014461
0 0.255382 0.473112 0.013710 0.009121
0 0.491883 0.441086 0.014240 0.009600
0 0.422300 0.409244 0.013543 0.009756
0 0.495368 0.408949 0.015509 0.011019
0 0.499233 0.545310 0.014296 0.010075
0 0.491218 0.638601 0.013953 0.010155
0 0.539708 0.475191 0.014237 0.009721
0 0.342531 0.374477 0.018099 0.012194
0 0.683132 0.439277 0.015466 0.009269
0 0.386391 0.481469 0.013315 0.009066
0 0.591894 0.707598 0.014481 0.008740
0 0.343928 0.353407 0.014200 0.009890
0 0.138919 0.424818 0.018354 0.012734
0 0.470299 0.320409 0.015389 0.010253
0 0.681172 0.541543 0.017520 0.009619
0 0.183075 0.422650 0.018407 0.012358
0 0.665702 0.740623 0.017062 0.010056
0 0.522046 0.385244 0.015445 0.011033
0 0.355971 0.287011 0.018354 0.013248
0 0.410611 0.536903 0.014879 0.011433
0 0.732340 0.446991 0.014463 0.009924
0 0.266209 0.450761 0.013137 0.009237
0 0.398659 0.358457 0.014118 0.010118
0 0.703282 0.576653 0.013842 0.009176
0 0.261401 0.421220 0.014457 0.010192
0 0.730722 0.341824 0.016763 0.009726
0 0.271832 0.502616 0.013586 0.008566
0 0.488217 0.578787 0.014294 0.009765
0 0.323433 0.553407 0.014686 0.008764
0 0.240354 0.498932 0.015953 0.009517
0 0.420151 0.503715 0.013785 0.008696
0 0.606551 0.412075 0.014184 0.009495
0 0.249661 0.641000 0.013914 0.009600
0 0.636662 0.691437 0.014240 0.009395
0 0.314551 0.538126 0.012820 0.008878
0 0.696281 0.734329 0.013576 0.008946
0 0.478409 0.457728 0.016664 0.011497
0 0.521879 0.527282 0.014925 0.010969
0 0.502270 0.590709 0.013195 0.008561
0 0.361168 0.489978 0.014475 0.010189
0 0.425757 0.719702 0.017634 0.010108
0 0.215643 0.488379 0.013751 0.008927
0 0.429236 0.534702 0.013791 0.009409
0 0.735564 0.423884 0.014812 0.010404
0 0.744612 0.678050 0.012989 0.008456
0 0.649416 0.528510 0.012826 0.008701
0 0.215060 0.567189 0.012530 0.008056
0 0.692595 0.589091 0.013936 0.009273
0 0.711811 0.371201 0.015394 0.009203
0 0.653078 0.366516 0.015943 0.011444
0 0.363098 0.792008 0.019324 0.013205
0 0.336131 0.509134 0.012580 0.009707
0 0.326955 0.773249 0.017512 0.011534
0 0.336428 0.314212 0.019573 0.011086
0 0.798100 0.411366 0.020214 0.014273
0 0.204245 0.666592 0.014340 0.009073
0 0.651317 0.481198 0.016524 0.010120
0 0.220688 0.426122 0.014955 0.009597
0 0.596969 0.607163 0.013224 0.009010
0 0.820832 0.485218 0.015637 0.011231
0 0.424155 0.271371 0.015167 0.009393
0 0.488569 0.269370 0.014858 0.009368
0 0.454543 0.295317 0.014318 0.010238
0 0.277907 0.404221 0.016336 0.009325
0 0.350382 0.435632 0.014247 0.009378
0 0.169295 0.623928 0.012725 0.008468
0 0.258574 0.392780 0.014498 0.009743
0 0.800729 0.455102 0.015352 0.010664
0 0.654977 0.422154 0.012923 0.009193
0 0.288589 0.591565 0.014511 0.009613
0 0.631159 0.446492 0.014258 0.009352
0 0.771894 0.588684 0.015070 0.009910
0 0.252176 0.348543 0.016805 0.011445
0 0.142316 0.479603 0.017701 0.010495
0 0.480916 0.539624 0.012697 0.009128
0 0.431478 0.670754 0.013293 0.009173
0 0.370070 0.524628 0.013470 0.009071
0 0.472111 0.499988 0.015514 0.010309
0 0.124289 0.542435 0.013746 0.009568
0 0.245819 0.439609 0.013380 0.008749
0 0.337099 0.711597 0.014238 0.008607
0 0.334671 0.688403 0.012928 0.008040
0 0.294610 0.465987 0.014813 0.008819
0 0.480755 0.672825 0.015063 0.009402
0 0.372496 0.714995 0.013499 0.009262
0 0.620047 0.421529 0.012757 0.008712
0 0.491789 0.472940 0.015603 0.011328
0 0.700151 0.344898 0.017548 0.011001
0 0.621338 0.476752 0.013624 0.010109
0 0.319625 0.721050 0.014257 0.009594
0 0.658809 0.659134 0.013764 0.008050
0 0.361481 0.550270 0.012994 0.009023
0 0.239508 0.614840 0.012236 0.007702
0 0.376614 0.726814 0.014200 0.008780
0 0.720237 0.560040 0.014761 0.008899
0 0.208550 0.440974 0.015081 0.010167
0 0.297631 0.402206 0.017619 0.008831
0 0.208385 0.536085 0.013959 0.012072
0 0.812380 0.470626 0.016046 0.009233
0 0.386571 0.395700 0.017143 0.010560
0 0.750626 0.362068 0.019900 0.015051
0 0.194098 0.503631 0.013330 0.009420
0 0.652379 0.323602 0.027868 0.016064
0 0.724411 0.664739 0.012444 0.008274
0 0.313678 0.517171 0.013914 0.010844
0 0.692735 0.371503 0.015654 0.009531
0 0.390077 0.425440 0.021495 0.011413
0 0.356591 0.412924 0.017225 0.012659
0 0.543842 0.599299 0.013420 0.011233
0 0.315950 0.423058 0.013595 0.008763
0 0.375304 0.773853 0.015887 0.011631
0 0.461193 0.672150 0.013987 0.008752
0 0.213593 0.707365 0.014590 0.010129
0 0.360781 0.585919 0.013876 0.008196
0 0.207453 0.516802 0.012331 0.007695
0 0.374173 0.361584 0.014279 0.009570
0 0.340435 0.590211 0.012361 0.008809
0 0.361518 0.504543 0.011996 0.009388
0 0.775397 0.645196 0.013586 0.009608
0 0.414326 0.367696 0.014702 0.009131
0 0.448183 0.255069 0.016792 0.010754
0 0.534816 0.425336 0.016465 0.011657
0 0.222628 0.584170 0.012634 0.009721
0 0.628906 0.281380 0.018437 0.012518
0 0.534065 0.499769 0.014259 0.009529
0 0.204483 0.582873 0.011431 0.008562
0 0.618330 0.773171 0.017285 0.012271
0 0.430286 0.702626 0.014951 0.009774
0 0.331899 0.439513 0.013129 0.007691
0 0.188674 0.442281 0.014868 0.009396
0 0.529774 0.612676 0.012216 0.006782
0 0.822747 0.576205 0.014773 0.010471
0 0.697985 0.648219 0.010634 0.008843
0 0.483091 0.519495 0.014372 0.009868
0 0.353188 0.328488 0.015483 0.012391
0 0.355074 0.769318 0.018041 0.012350
0 0.479475 0.294953 0.012257 0.008036
0 0.730581 0.698958 0.012572 0.009182
0 0.392713 0.629254 0.014557 0.007512
0 0.410832 0.303970 0.012797 0.009767
0 0.801246 0.637609 0.012108 0.009187
0 0.721563 0.525802 0.013522 0.009807
0 0.699695 0.718950 0.014192 0.011302
0 0.443165 0.573538 0.013184 0.008610
0 0.266798 0.655197 0.013856 0.009385
0 0.177609 0.665138 0.014804 0.009315
0 0.854265 0.506648 0.013004 0.010071
0 0.798410 0.379351 0.015571 0.010424
0 0.356911 0.736414 0.013848 0.008688
0 0.753148 0.665104 0.012585 0.009331
0 0.397676 0.560434 0.011929 0.007269
0 0.269994 0.436954 0.012926 0.009350
0 0.245075 0.496668 0.015101 0.008692
0 0.436840 0.480857 0.012046 0.008430
0 0.450512 0.702705 0.013489 0.008909
0 0.445779 0.619809 0.018027 0.011059
0 0.845917 0.463289 0.020356 0.013253
0 0.778364 0.365854 0.020060 0.013253
0 0.188390 0.611748 0.012659 0.009826
0 0.710334 0.467380 0.014154 0.008647
0 0.454908 0.518898 0.013775 0.009354
0 0.268417 0.664345 0.013104 0.010626
0 0.688058 0.683792 0.016129 0.007666
0 0.550068 0.258438 0.014832 0.010477
0 0.364058 0.637033 0.012406 0.008208
0 0.663920 0.656222 0.014398 0.008059
0 0.486759 0.626614 0.013398 0.010066
0 0.297797 0.594323 0.012701 0.008450
0 0.218611 0.627049 0.013707 0.012851
0 0.826993 0.626942 0.014176 0.009075
0 0.471183 0.576134 0.014819 0.010077
0 0.463547 0.601508 0.012095 0.007581
0 0.404827 0.612607 0.012166 0.008898
0 0.203774 0.464680 0.012602 0.009325
0 0.596653 0.491948 0.012719 0.009190
0 0.482492 0.560831 0.012432 0.008868
0 0.730267 0.694491 0.013080 0.012030
0 0.761075 0.572225 0.013694 0.011711
0 0.654161 0.787985 0.017078 0.010831
0 0.696653 0.472636 0.016789 0.009740
0 0.171210 0.486014 0.017614 0.009164
0 0.663625 0.640193 0.011369 0.009344
0 0.848366 0.480151 0.017670 0.011827
0 0.856440 0.523393 0.014172 0.009926
0 0.718896 0.530512 0.014327 0.010259
0 0.730940 0.690146 0.012316 0.009362
0 0.134810 0.480603 0.019481 0.010034
0 0.332454 0.708608 0.016895 0.009912
0 0.703571 0.557021 0.012070 0.008598
0 0.381498 0.631383 0.015709 0.008598
0 0.734122 0.378395 0.014531 0.009581
0 0.394616 0.266043 0.015191 0.010791
0 0.372934 0.634121 0.017678 0.007739
0 0.196832 0.649028 0.013443 0.008987
0 0.580151 0.607784 0.013595 0.008313
0 0.736570 0.751550 0.012948 0.008940
0 0.287163 0.506633 0.012682 0.007068
0 0.331222 0.704564 0.014811 0.009757
0 0.365107 0.674921 0.014289 0.008347
0 0.339070 0.525054 0.017186 0.010561
0 0.363446 0.545851 0.013028 0.011101
0 0.674543 0.351851 0.025279 0.010485
0 0.132566 0.594691 0.013381 0.009376
0 0.713314 0.408609 0.016850 0.010081
0 0.488712 0.378581 0.017692 0.012580
0 0.447369 0.308688 0.016939 0.012194
0 0.469075 0.348164 0.016061 0.009075
0 0.453594 0.592165 0.015659 0.011941
0 0.704873 0.765619 0.018038 0.009696
0 0.538624 0.690971 0.012674 0.007920
0 0.689019 0.697857 0.019678 0.009004
0 0.327373 0.790104 0.013719 0.007775
0 0.664364 0.457325 0.012382 0.009165
0 0.779075 0.715998 0.014985 0.009374
0 0.719866 0.318206 0.015771 0.012711
0 0.732186 0.399789 0.016282 0.009837
0 0.515847 0.397941 0.015462 0.010014
0 0.797086 0.464926 0.013707 0.010360
0 0.513900 0.426259 0.013752 0.007682
0 0.764811 0.590954 0.027920 0.009365
0 0.482454 0.403519 0.014233 0.011858
0 0.341827 0.541418 0.016452 0.007235
0 0.753745 0.341143 0.015028 0.010476
0 0.221116 0.637447 0.010962 0.009451
0 0.248757 0.354582 0.018303 0.012045
0 0.274415 0.497117 0.014589 0.016227
0 0.665737 0.351110 0.015922 0.010846
0 0.373797 0.346952 0.013689 0.010134
0 0.494923 0.506085 0.014175 0.008850
0 0.644728 0.784077 0.025671 0.011390
0 0.415532 0.398089 0.015326 0.013423
0 0.793448 0.694052 0.011180 0.008172
0 0.654859 0.431720 0.011560 0.012056
0 0.414453 0.315815 0.013106 0.012969
0 0.247026 0.379289 0.021120 0.012486
0 0.178114 0.686334 0.015307 0.010764
0 0.757038 0.568691 0.022228 0.008295
0 0.825053 0.683130 0.011484 0.009228
0 0.840639 0.654522 0.014766 0.012305
0 0.838178 0.609610 0.016406 0.008613
0 0.867299 0.594229 0.013945 0.011074
0 0.866479 0.571773 0.010664 0.010459
0 0.845561 0.580694 0.011484 0.007383
0 0.836128 0.587461 0.012305 0.012305
0 0.751225 0.640371 0.018047 0.012305
0 0.802085 0.659136 0.029531 0.011689
0 0.797573 0.716353 0.017227 0.007998
0 0.762300 0.739731 0.017227 0.006768
0 0.102770 0.581924 0.015586 0.011074
0 0.102359 0.612686 0.009844 0.009844
0 0.122457 0.652676 0.017227 0.007383
0 0.137633 0.640986 0.009844 0.011074
0 0.144605 0.668980 0.009023 0.009228
0 0.154449 0.704355 0.009023 0.007383
0 0.145836 0.685591 0.018047 0.007998
0 0.200387 0.717275 0.018867 0.011074
0 0.193824 0.699434 0.017227 0.007383
0 0.170445 0.716660 0.013125 0.019687
0 0.144605 0.562237 0.017227 0.012305
0 0.195875 0.482256 0.022969 0.008613
0 0.415308 0.627144 0.017227 0.010459
0 0.199976 0.569312 0.019687 0.006768
0 0.456324 0.633604 0.022148 0.017227
0 0.431714 0.336754 0.015586 0.010459
0 0.443199 0.325679 0.020508 0.010459
0 0.286929 0.794612 0.011484 0.012920
0 0.321793 0.808762 0.017227 0.009228
0 0.355015 0.823220 0.013125 0.013535
0 0.375523 0.823836 0.011484 0.007383
0 0.375113 0.691868 0.010664 0.009228
0 0.403414 0.642957 0.019687 0.007383
0 0.664683 0.724476 0.007383 0.015381
0 0.677808 0.721399 0.012305 0.011689
0 0.733999 0.594594 0.011484 0.010459
0 0.727026 0.580136 0.013945 0.007383
0 0.622847 0.466626 0.012305 0.006768
0 0.688472 0.401411 0.007383 0.009228