0 0.516196 0.294101 0.015357 0.011878
0 0.625793 0.402255 0.014623 0.011549
0 0.658813 0.391531 0.016018 0.012606
0 0.591470 0.354565 0.016293 0.013069
0 0.717560 0.305039 0.015116 0.012132
0 0.373230 0.723807 0.021794 0.016534
0 0.791688 0.689059 0.019202 0.015003
0 0.707188 0.562023 0.014357 0.011482
0 0.753285 0.592455 0.016356 0.011776
0 0.508921 0.342200 0.017825 0.015295
0 0.492667 0.313237 0.017143 0.012810
0 0.766893 0.308444 0.017317 0.014028
0 0.741345 0.558191 0.014530 0.011120
0 0.681282 0.652522 0.018412 0.014145
0 0.605851 0.485138 0.019795 0.014455
0 0.548402 0.483121 0.016700 0.013276
0 0.765101 0.500008 0.017432 0.013461
0 0.480746 0.478194 0.024322 0.014927
0 0.769650 0.658016 0.021036 0.015108
0 0.507369 0.752896 0.023723 0.017583
0 0.393621 0.550553 0.016391 0.012847
0 0.400376 0.306460 0.019277 0.015532
0 0.273693 0.433051 0.018145 0.013690
0 0.673384 0.493648 0.015836 0.011618
0 0.557937 0.365221 0.017522 0.014580
0 0.698476 0.631766 0.016273 0.013600
0 0.751799 0.339513 0.018764 0.013481
0 0.585338 0.527735 0.015902 0.012538
0 0.446300 0.459642 0.017055 0.013300
0 0.560163 0.514695 0.015265 0.012361
0 0.444126 0.312104 0.014736 0.011817
0 0.306164 0.341799 0.018616 0.014409
0 0.776089 0.363810 0.014588 0.011409
0 0.535973 0.651156 0.013549 0.009658
0 0.842537 0.345157 0.019694 0.014831
0 0.757612 0.393906 0.016896 0.011693
0 0.803945 0.560016 0.018757 0.013572
0 0.664459 0.340444 0.019381 0.014808
0 0.800045 0.728267 0.019510 0.015223
0 0.665681 0.537654 0.015503 0.012076
0 0.435224 0.755439 0.029078 0.018988
0 0.691572 0.272437 0.022674 0.013406
0 0.806924 0.488647 0.014295 0.011420
0 0.247159 0.537424 0.016206 0.012683
0 0.601412 0.422261 0.019988 0.012474
0 0.462698 0.692128 0.016410 0.012101
0 0.740299 0.709002 0.021524 0.016798
0 0.503451 0.259488 0.013403 0.011445
0 0.450856 0.781409 0.023246 0.017229
0 0.726026 0.648066 0.019776 0.015722
0 0.728855 0.265482 0.014718 0.011301
0 0.898030 0.579860 0.015606 0.011445
0 0.296188 0.526281 0.013934 0.010893
0 0.296434 0.376295 0.014649 0.011605
0 0.347645 0.534555 0.016272 0.012854
0 0.653611 0.263121 0.015319 0.012589
0 0.531980 0.600844 0.015897 0.013562
0 0.319033 0.588711 0.016160 0.012738
0 0.754398 0.450851 0.018664 0.015260
0 0.640045 0.448034 0.023208 0.013579
0 0.626639 0.603509 0.014943 0.012271
1 0.486880 0.804558 0.050017 0.038451
0 0.448552 0.426061 0.013376 0.010675
0 0.814039 0.363258 0.018355 0.013109
0 0.729838 0.611691 0.018132 0.014753
0 0.750605 0.531529 0.019041 0.014155
0 0.502023 0.637294 0.013857 0.010578
0 0.285867 0.590267 0.015663 0.011352
0 0.340329 0.279970 0.017160 0.014615
0 0.541583 0.693842 0.018744 0.016841
0 0.306331 0.572468 0.014982 0.011771
0 0.256682 0.600341 0.017554 0.013588
0 0.661271 0.361005 0.019567 0.012044
0 0.947293 0.528006 0.014492 0.011203
0 0.381763 0.678750 0.017368 0.013122
0 0.614694 0.537020 0.016082 0.013114
0 0.605940 0.256137 0.015081 0.012659
0 0.558530 0.338928 0.014172 0.011348
0 0.775129 0.576022 0.017060 0.012402
0 0.315953 0.478963 0.016622 0.012700
0 0.291350 0.405308 0.015303 0.012465
0 0.340767 0.441131 0.015447 0.012405
0 0.376995 0.455347 0.018412 0.014324
0 0.848542 0.576559 0.017827 0.013014
0 0.917711 0.395160 0.015273 0.012411
0 0.286381 0.465562 0.016500 0.012930
0 0.848001 0.713466 0.015338 0.011832
0 0.330290 0.544350 0.015115 0.011072
0 0.492821 0.420443 0.020813 0.014493
0 0.376226 0.366867 0.020890 0.016226
0 0.350163 0.709982 0.018243 0.014435
0 0.505799 0.581669 0.016194 0.014049
0 0.366859 0.526291 0.016325 0.012316
0 0.614235 0.623600 0.019868 0.014131
0 0.815787 0.323944 0.017175 0.013754
0 0.857331 0.468140 0.014951 0.010630
0 0.630928 0.247585 0.015385 0.011629
0 0.324681 0.359448 0.015810 0.014589
0 0.663115 0.729239 0.019392 0.015102
0 0.305349 0.434368 0.016584 0.011713
0 0.427031 0.368402 0.015434 0.011470
0 0.487761 0.650622 0.016933 0.014472
0 0.812433 0.393444 0.022665 0.015423
0 0.824286 0.612498 0.022219 0.018828
0 0.261921 0.572098 0.017591 0.012308
0 0.467204 0.508478 0.021107 0.014354
0 0.619455 0.288377 0.019870 0.016233
0 0.897273 0.495341 0.012434 0.008991
0 0.900826 0.553382 0.023023 0.015132
1 0.426269 0.397647 0.045989 0.031822
0 0.501895 0.660265 0.014334 0.010590
0 0.860411 0.510320 0.022568 0.014623
0 0.746794 0.429491 0.020865 0.014345
0 0.655880 0.429302 0.018035 0.012771
0 0.841708 0.544452 0.014669 0.010926
0 0.643699 0.234428 0.014746 0.012169
0 0.891387 0.469271 0.013146 0.009672
0 0.703272 0.416814 0.016386 0.012086
0 0.579236 0.702391 0.023723 0.015178
0 0.794947 0.598827 0.016179 0.015322
0 0.385406 0.493288 0.017500 0.015996
0 0.517063 0.725486 0.016740 0.013786
0 0.651698 0.698343 0.024694 0.018383
0 0.314848 0.411641 0.014837 0.012784
0 0.550135 0.608064 0.015177 0.017459
0 0.258820 0.457486 0.018441 0.011252
0 0.699698 0.385957 0.013534 0.010721
0 0.822838 0.454559 0.018154 0.011653
0 0.466104 0.249154 0.020149 0.017781
0 0.708635 0.238698 0.015125 0.012374
0 0.533399 0.814201 0.027264 0.017739
0 0.933825 0.571791 0.015741 0.012599
0 0.582621 0.380990 0.012500 0.010624
0 0.492221 0.439932 0.018611 0.012027
0 0.517363 0.236086 0.014499 0.011507
0 0.231454 0.368783 0.017971 0.013810
0 0.726878 0.283054 0.013096 0.011145
0 0.361842 0.467474 0.019169 0.013803
0 0.473519 0.513017 0.022452 0.015684
0 0.632786 0.669974 0.013452 0.010309
0 0.577619 0.217114 0.015166 0.009937
0 0.558330 0.299429 0.010904 0.009490
0 0.926627 0.612482 0.026831 0.016670
0 0.275884 0.555891 0.013968 0.016794
0 0.891993 0.414927 0.021579 0.014393
0 0.624201 0.649476 0.014080 0.011141
0 0.775405 0.409677 0.012225 0.008711
0 0.224173 0.472864 0.014175 0.010254
0 0.674646 0.251010 0.012310 0.010436
0 0.542471 0.404696 0.010841 0.008788
0 0.734009 0.517475 0.013484 0.011103
0 0.680307 0.406133 0.018010 0.011462
0 0.803170 0.292516 0.031694 0.018483
0 0.873994 0.452559 0.021876 0.011621
0 0.224376 0.507918 0.014122 0.011940
0 0.316219 0.657013 0.014533 0.012320
0 0.333702 0.419909 0.012035 0.009101
0 0.831783 0.472116 0.014087 0.009961
1 0.354496 0.501671 0.035159 0.017785
0 0.821773 0.298264 0.016767 0.013582
0 0.248068 0.580250 0.014825 0.011723
0 0.804361 0.431813 0.022796 0.013618
0 0.329967 0.370874 0.015012 0.012110
0 0.649781 0.285547 0.013997 0.012146
0 0.650308 0.303959 0.017981 0.010298
0 0.267141 0.628908 0.015128 0.011083
0 0.474994 0.363509 0.012022 0.009431
0 0.296953 0.707893 0.019606 0.016187
1 0.363686 0.658623 0.032206 0.022365