0 0.531851 0.670906 0.017370 0.013607
0 0.484239 0.698394 0.018913 0.014476
0 0.623610 0.706738 0.018829 0.014135
0 0.681951 0.480987 0.019217 0.014547
0 0.737749 0.800325 0.022775 0.017167
0 0.644460 0.452059 0.018551 0.013819
0 0.513296 0.766722 0.018054 0.013433
0 0.704579 0.617225 0.020820 0.015947
0 0.565998 0.631610 0.015564 0.012878
0 0.618830 0.770088 0.022899 0.017454
0 0.327549 0.797465 0.019167 0.014064
0 0.314194 0.657167 0.014668 0.011076
0 0.484261 0.564037 0.014698 0.011203
0 0.385682 0.846134 0.020727 0.016248
0 0.548287 0.708014 0.015546 0.012452
0 0.491088 0.649054 0.014213 0.010920
1 0.369257 0.659168 0.051876 0.039824
1 0.649626 0.628584 0.054664 0.041632
0 0.463625 0.755164 0.015994 0.011139
1 0.513281 0.906141 0.046384 0.036469
1 0.349914 0.504432 0.046850 0.036559
0 0.377012 0.610929 0.014118 0.010850
0 0.757802 0.700786 0.020154 0.014904
1 0.455563 0.628850 0.040266 0.029308
0 0.486576 0.742943 0.015486 0.011020
0 0.323829 0.593366 0.015910 0.012862
0 0.238124 0.423214 0.017621 0.014091
0 0.228200 0.505511 0.017164 0.013124
0 0.443812 0.594913 0.014231 0.010950
1 0.770850 0.572037 0.040222 0.032959
1 0.822843 0.777656 0.058600 0.040953
0 0.606430 0.420109 0.016320 0.011922
1 0.823839 0.505077 0.041865 0.032073
0 0.264117 0.410001 0.015305 0.012250
0 0.693082 0.671149 0.015009 0.012339
0 0.699815 0.728655 0.016087 0.012628
0 0.562580 0.339367 0.017144 0.014095
0 0.300011 0.602569 0.014690 0.010152
0 0.875633 0.509083 0.016535 0.013270
1 0.629348 0.555425 0.040594 0.031927
0 0.629904 0.678527 0.013931 0.010620
0 0.515149 0.686207 0.013793 0.009797
0 0.419177 0.535112 0.014012 0.010781
0 0.515852 0.598146 0.014680 0.012656
0 0.258075 0.587836 0.021763 0.015076
0 0.333055 0.421174 0.015718 0.013134
0 0.665758 0.675886 0.013344 0.010381
0 0.695311 0.786257 0.017615 0.013735
0 0.336577 0.631307 0.012640 0.010359
0 0.180568 0.498100 0.018775 0.014864
0 0.763393 0.354984 0.024479 0.016918
0 0.594558 0.443652 0.014513 0.011659
0 0.384977 0.563791 0.012278 0.009084
0 0.731648 0.581237 0.025534 0.023473
0 0.641387 0.511675 0.015957 0.013996
0 0.442478 0.390416 0.014635 0.012047
0 0.928195 0.528820 0.018785 0.013976
0 0.556799 0.374430 0.015548 0.012321
0 0.610095 0.736006 0.013363 0.009963
0 0.406393 0.463917 0.015989 0.013819
0 0.299316 0.518343 0.019289 0.015152
0 0.529077 0.751339 0.015336 0.011291
0 0.813583 0.618416 0.014957 0.012525
0 0.849771 0.434402 0.014846 0.011483
0 0.497272 0.512162 0.012922 0.009990
0 0.350369 0.785334 0.014026 0.011741
0 0.351186 0.597262 0.014776 0.012764
0 0.239443 0.444118 0.016376 0.012723
0 0.242497 0.635725 0.013589 0.011452
0 0.436469 0.738599 0.012612 0.010096
0 0.609043 0.458305 0.015515 0.011279
0 0.841607 0.548075 0.013981 0.011346
0 0.444456 0.773708 0.013712 0.010252
1 0.703415 0.455086 0.036407 0.029406
1 0.645304 0.367395 0.035007 0.028355
1 0.420561 0.639396 0.044809 0.032556