0 0.682974 0.767170 0.022302 0.029058
0 0.229456 0.539157 0.023370 0.028717
0 0.684459 0.854748 0.023170 0.029032
1 0.835655 0.163019 0.047367 0.063563
0 0.318962 0.559363 0.026163 0.029368
0 0.895732 0.174774 0.017700 0.021803
0 0.656128 0.552633 0.020232 0.024561
0 0.081904 0.709445 0.020883 0.026204
0 0.777309 0.213376 0.025224 0.027723
0 0.374143 0.092581 0.020069 0.024490
1 0.062751 0.438909 0.056963 0.096356
0 0.264767 0.431856 0.023920 0.030307
1 0.039958 0.525547 0.056269 0.083415
0 0.143184 0.491961 0.022281 0.027314
0 0.184448 0.079839 0.020985 0.025649
0 0.856141 0.395354 0.019259 0.024337
0 0.087941 0.167238 0.020446 0.024763
0 0.355094 0.914370 0.025975 0.041855
0 0.414677 0.054584 0.018901 0.021951
0 0.501624 0.411528 0.036219 0.035686
0 0.387659 0.925125 0.025699 0.032957
0 0.504992 0.823698 0.027040 0.037964
0 0.092818 0.112988 0.019813 0.023318
0 0.311486 0.299156 0.024628 0.030984
0 0.426502 0.699245 0.032538 0.046832
0 0.390158 0.130032 0.019039 0.023352
0 0.141845 0.773856 0.027203 0.041870
0 0.718962 0.631962 0.015702 0.020636
0 0.771619 0.744399 0.015622 0.020214
0 0.342603 0.810176 0.021974 0.027880
0 0.863254 0.058765 0.015125 0.018091
0 0.053821 0.272299 0.018601 0.024899
0 0.526574 0.909886 0.027225 0.036851
0 0.622300 0.843109 0.023086 0.030281
0 0.472246 0.338910 0.020050 0.025599
0 0.626177 0.109878 0.019612 0.022367
0 0.303696 0.271731 0.023396 0.034624
0 0.284116 0.189288 0.019211 0.024844
0 0.579990 0.300977 0.022349 0.028216
0 0.717848 0.701592 0.021176 0.034648
0 0.298316 0.228657 0.019213 0.025306
0 0.138651 0.758050 0.024582 0.038869
0 0.915103 0.348218 0.014870 0.020084
0 0.425990 0.442984 0.017428 0.020983
0 0.306848 0.140019 0.016349 0.021777