0 0.292329 0.590248 0.016437 0.012992
0 0.312564 0.476231 0.017970 0.012897
0 0.045931 0.583352 0.018112 0.014015
0 0.377952 0.494444 0.015391 0.011014
0 0.166411 0.623353 0.017393 0.013281
0 0.362055 0.557246 0.015929 0.012092
0 0.402883 0.478273 0.020016 0.013311
0 0.092275 0.575568 0.015232 0.011482
0 0.398147 0.369143 0.019630 0.015381
0 0.506647 0.474940 0.019241 0.013248
0 0.555023 0.510026 0.018550 0.013985
0 0.338765 0.539846 0.017965 0.014888
0 0.266050 0.613370 0.014205 0.011449
0 0.243937 0.578363 0.015454 0.012817
0 0.374676 0.588035 0.017826 0.013107
0 0.320699 0.624501 0.020972 0.014808
0 0.275058 0.456926 0.017955 0.014220
0 0.447412 0.448000 0.023072 0.015619
0 0.657130 0.677943 0.020069 0.015626
0 0.103543 0.693709 0.014899 0.010902
0 0.391762 0.433604 0.023092 0.017984
0 0.498498 0.903470 0.023540 0.015906
0 0.725534 0.436121 0.019945 0.015871
0 0.380609 0.338212 0.014548 0.011668
0 0.713907 0.615394 0.017806 0.013170
0 0.547748 0.819840 0.021112 0.015458
0 0.564482 0.579177 0.020881 0.015894
0 0.698087 0.575030 0.017383 0.013199
0 0.069641 0.457010 0.014840 0.011894
0 0.268364 0.436189 0.017836 0.012849
0 0.344694 0.654419 0.021432 0.017513
0 0.385891 0.859915 0.024245 0.014775
0 0.186139 0.470693 0.015544 0.011493
0 0.524291 0.430475 0.017625 0.016118
0 0.087143 0.727270 0.016146 0.012501
0 0.389785 0.882742 0.018051 0.013289
0 0.107192 0.617084 0.020495 0.014978
0 0.492098 0.764698 0.016613 0.012751
0 0.328918 0.601644 0.015026 0.011014
0 0.395441 0.821023 0.014005 0.010868
0 0.241667 0.536687 0.020960 0.018025
0 0.208867 0.816169 0.014359 0.011590
0 0.254044 0.777660 0.019113 0.013696
0 0.542480 0.455629 0.014882 0.012021
0 0.509134 0.541471 0.015155 0.012058
0 0.246012 0.716472 0.018534 0.012765
0 0.104823 0.655022 0.019641 0.012374
0 0.290609 0.725430 0.017296 0.011275
0 0.601804 0.859536 0.018210 0.013921
0 0.066596 0.710817 0.015969 0.012215
0 0.730569 0.481549 0.017248 0.013028
0 0.426449 0.306782 0.020617 0.016219
0 0.083420 0.408639 0.017800 0.014780
0 0.112373 0.440999 0.019993 0.016345
0 0.519956 0.511619 0.020879 0.018017
0 0.728288 0.704520 0.020343 0.015246
0 0.530674 0.680946 0.018685 0.013458
0 0.746335 0.500371 0.016890 0.012821
0 0.358131 0.307491 0.016024 0.014168
0 0.439516 0.858557 0.015780 0.010814
0 0.326161 0.841987 0.015235 0.012139
0 0.166585 0.433519 0.021279 0.015413
0 0.776907 0.493242 0.018620 0.014625
0 0.616666 0.791262 0.019357 0.014827
0 0.187973 0.515151 0.018903 0.013286
0 0.324137 0.736908 0.021657 0.016056
0 0.323744 0.515957 0.021835 0.018822
0 0.204351 0.629371 0.013860 0.010108
0 0.136992 0.407671 0.018491 0.012668
0 0.581881 0.632366 0.018644 0.010899
0 0.370085 0.928169 0.028641 0.017677
0 0.694223 0.416478 0.016909 0.013488
0 0.434897 0.748817 0.012190 0.008727
0 0.479851 0.402971 0.019315 0.015205
0 0.598472 0.346201 0.017016 0.015222
0 0.483209 0.825659 0.018248 0.015794
0 0.540189 0.652567 0.021001 0.016092
0 0.485341 0.549048 0.017406 0.014148
0 0.638555 0.817884 0.021740 0.016593
0 0.066393 0.528400 0.015771 0.012482
0 0.455440 0.532572 0.020162 0.016527
0 0.054007 0.728871 0.015895 0.012615
0 0.250857 0.388744 0.024809 0.016317
0 0.342215 0.405602 0.023805 0.024524
0 0.462381 0.310314 0.020645 0.016618
0 0.441689 0.884249 0.019654 0.013122
0 0.182672 0.748342 0.012081 0.010519
0 0.293403 0.314397 0.015884 0.012691
0 0.009101 0.664980 0.016489 0.016032
0 0.311803 0.340075 0.013351 0.010997
0 0.110740 0.595852 0.013800 0.010614
0 0.317345 0.706639 0.019168 0.018297
1 0.020351 0.530252 0.040577 0.031701
0 0.426006 0.707563 0.017781 0.013723
0 0.027348 0.459680 0.016854 0.013814
0 0.407966 0.630037 0.017191 0.012487
0 0.356953 0.436530 0.014729 0.010280
0 0.320746 0.710914 0.018209 0.014535
0 0.481118 0.441463 0.014962 0.010455
0 0.450954 0.373386 0.022916 0.023788
0 0.256870 0.697143 0.012441 0.009911
0 0.171343 0.716614 0.019799 0.015835
0 0.270623 0.545641 0.019126 0.014126
0 0.281644 0.474145 0.014612 0.011175
0 0.431288 0.814406 0.019936 0.014031
0 0.313737 0.702564 0.015858 0.014924
0 0.511101 0.384493 0.024056 0.021033
0 0.418325 0.333709 0.013644 0.011236
0 0.221801 0.739509 0.011582 0.009466
0 0.377922 0.669255 0.020225 0.013595
0 0.599180 0.684000 0.012387 0.010772
0 0.207302 0.892250 0.022211 0.018266
0 0.174677 0.866847 0.017597 0.012630
0 0.342776 0.879545 0.024722 0.021797
0 0.578778 0.521297 0.018578 0.012488
0 0.497153 0.422860 0.016084 0.012445
0 0.285353 0.879820 0.029521 0.023190
0 0.342593 0.853644 0.016593 0.012531
0 0.173786 0.533401 0.020566 0.014013
0 0.443564 0.491958 0.016643 0.013920
0 0.532157 0.790305 0.018970 0.015040
0 0.147592 0.368687 0.031539 0.017399
0 0.494435 0.639607 0.018182 0.014226
0 0.462791 0.582107 0.019366 0.016846
0 0.397018 0.651640 0.020272 0.014462
0 0.488237 0.360849 0.018960 0.014056
0 0.201599 0.459772 0.013817 0.009762
0 0.549177 0.429797 0.015552 0.011534
0 0.775652 0.561643 0.019956 0.014719
0 0.541862 0.325053 0.016809 0.014037
0 0.398887 0.785921 0.022206 0.011831
0 0.652514 0.471867 0.015569 0.011968
0 0.196896 0.696747 0.013940 0.012371
0 0.200524 0.677802 0.012694 0.010080
0 0.093364 0.390857 0.018399 0.014957
0 0.181504 0.674245 0.013560 0.013490
0 0.091390 0.799880 0.017486 0.012665
0 0.095240 0.526332 0.018832 0.021233
0 0.449183 0.387887 0.017569 0.015464
0 0.329099 0.891145 0.023018 0.017749
0 0.175321 0.564342 0.022749 0.017161
0 0.165948 0.838990 0.012284 0.011913
1 0.179281 0.377746 0.028525 0.024155
1 0.475577 0.509906 0.046929 0.031746