0 0.392950 0.353892 0.015477 0.012432
0 0.343592 0.664147 0.015256 0.011982
0 0.312570 0.795383 0.018865 0.014308
0 0.230797 0.535823 0.018312 0.014607
0 0.529122 0.624143 0.019355 0.015240
0 0.456669 0.673480 0.015154 0.010884
0 0.147087 0.648705 0.015197 0.011183
1 0.516212 0.703957 0.053113 0.039305
0 0.198370 0.630261 0.017009 0.013101
0 0.282502 0.464332 0.014726 0.011390
0 0.428747 0.576846 0.016695 0.012331
1 0.360005 0.711414 0.047460 0.036467
0 0.364450 0.563915 0.017170 0.012725
0 0.340298 0.526833 0.015247 0.011273
0 0.242596 0.504236 0.013422 0.010375
0 0.139844 0.559243 0.016026 0.012072
0 0.163858 0.701370 0.014127 0.010928
0 0.358128 0.537431 0.015993 0.011652
0 0.146640 0.687726 0.015611 0.011389
0 0.178705 0.778061 0.016964 0.012627
0 0.422772 0.538592 0.016858 0.013206
0 0.299599 0.664607 0.014414 0.011876
0 0.368577 0.513331 0.016349 0.013053
1 0.504548 0.590719 0.048381 0.042594
0 0.247424 0.579272 0.013893 0.010186
0 0.274361 0.756154 0.015074 0.011580
0 0.604928 0.684598 0.018340 0.014097
0 0.048227 0.495044 0.017665 0.013434
0 0.392190 0.543495 0.017944 0.013876
0 0.415577 0.389089 0.017766 0.013100
0 0.389077 0.373396 0.016042 0.013036
0 0.407651 0.417485 0.021506 0.017545
0 0.042389 0.514915 0.016491 0.013022
0 0.531248 0.799884 0.017169 0.012751
0 0.205074 0.607473 0.018395 0.013314
0 0.317894 0.597907 0.014731 0.010597
0 0.197082 0.389566 0.015635 0.012017
1 0.173612 0.475884 0.048501 0.038624
0 0.108173 0.622152 0.015040 0.012630
0 0.480921 0.863110 0.019079 0.013262
0 0.298163 0.861719 0.018274 0.014310
1 0.461540 0.700724 0.051252 0.036172
0 0.172173 0.513171 0.019025 0.011581
0 0.392365 0.565026 0.018002 0.012454
0 0.262138 0.523817 0.017135 0.013438
0 0.348874 0.587188 0.018132 0.014110
0 0.110894 0.514988 0.016736 0.013290
0 0.406549 0.729197 0.014795 0.011669
0 0.103900 0.452139 0.014902 0.011811
0 0.288358 0.591872 0.015219 0.012264
0 0.341396 0.463086 0.031567 0.022806
0 0.298523 0.437169 0.015910 0.012463
0 0.628483 0.752391 0.016971 0.012517
0 0.443098 0.610782 0.015992 0.013169
0 0.076529 0.597517 0.014583 0.010941
0 0.323064 0.826468 0.016996 0.012403
0 0.181535 0.367711 0.016011 0.012236
0 0.496640 0.820994 0.014944 0.010947
0 0.531698 0.757965 0.014940 0.011972
0 0.112342 0.751573 0.013823 0.010680
0 0.442818 0.635250 0.014275 0.010716
0 0.585132 0.724654 0.015030 0.012133
0 0.505283 0.843423 0.017510 0.012399
0 0.452878 0.550130 0.015690 0.011942
0 0.108356 0.728471 0.014225 0.011409
0 0.543234 0.691238 0.015556 0.012551
0 0.312323 0.457648 0.015501 0.010600
0 0.099098 0.499188 0.015612 0.011257
0 0.159173 0.753166 0.014524 0.011399
0 0.352377 0.374984 0.017131 0.011550
0 0.534628 0.738595 0.014766 0.012003
0 0.585890 0.795771 0.016162 0.011874
0 0.305355 0.501210 0.014270 0.009660
1 0.265166 0.842246 0.048044 0.031681
0 0.416503 0.777224 0.014724 0.011105
0 0.120972 0.686714 0.013140 0.011777
0 0.539110 0.822184 0.016981 0.012897
0 0.103048 0.778882 0.014767 0.011300
0 0.089102 0.692613 0.014780 0.011603
0 0.285964 0.526296 0.016286 0.017024
0 0.431947 0.494947 0.016294 0.012961
0 0.232311 0.474961 0.012956 0.010881
0 0.220029 0.672749 0.012644 0.010840
0 0.108484 0.540054 0.015437 0.011571
0 0.157320 0.421149 0.012626 0.010574
0 0.287200 0.891014 0.021277 0.014332
0 0.155929 0.543291 0.013093 0.010445
0 0.047871 0.473555 0.017031 0.013911
0 0.407290 0.611725 0.013229 0.012274
0 0.410231 0.812447 0.014117 0.011456
0 0.045830 0.607221 0.014404 0.011707
0 0.166781 0.578358 0.011651 0.009796
0 0.492717 0.768904 0.014355 0.010399
0 0.129353 0.776189 0.014122 0.011777
0 0.161644 0.615925 0.014073 0.012796
0 0.549356 0.810211 0.015547 0.012234