0 0.828490 0.429435 0.014587 0.010644
0 0.750872 0.446471 0.014672 0.011718
0 0.791241 0.446119 0.015340 0.011807
0 0.598055 0.342735 0.016099 0.012637
0 0.335737 0.384542 0.013580 0.010624
0 0.394154 0.538291 0.014293 0.010913
0 0.644518 0.342881 0.014435 0.012110
0 0.565192 0.607059 0.011775 0.009196
0 0.663380 0.612942 0.013118 0.009842
0 0.272892 0.364597 0.015216 0.010983
0 0.423942 0.319703 0.013575 0.010491
1 0.643184 0.528337 0.046514 0.036316
0 0.712433 0.655454 0.014704 0.010760
0 0.551404 0.636366 0.013645 0.010527
0 0.651144 0.716920 0.015333 0.012088
0 0.481699 0.759402 0.017187 0.013107
0 0.365110 0.357451 0.014374 0.012040
0 0.414116 0.729833 0.015210 0.011055
1 0.609732 0.630463 0.045572 0.039252
0 0.541490 0.429722 0.013346 0.010836
0 0.615280 0.389815 0.014605 0.010922
0 0.215494 0.393403 0.014733 0.011532
0 0.431598 0.340777 0.014491 0.010962
0 0.264390 0.425960 0.016806 0.011470
0 0.436908 0.772574 0.016614 0.012701
0 0.699156 0.284872 0.014564 0.012543
0 0.310862 0.708528 0.016550 0.011963
0 0.746084 0.646399 0.012808 0.010410
0 0.684814 0.379358 0.013799 0.011175
0 0.533470 0.552179 0.014051 0.010555
0 0.343904 0.510279 0.013734 0.010067
0 0.243527 0.392250 0.015002 0.011839
0 0.387907 0.634596 0.013882 0.009967
0 0.474511 0.665440 0.012923 0.010864
0 0.352107 0.554417 0.011752 0.009066
0 0.711640 0.702095 0.015604 0.011876
1 0.510107 0.609061 0.043734 0.033720
0 0.544504 0.388625 0.013351 0.010387
1 0.402119 0.363879 0.044730 0.039169
0 0.465579 0.640288 0.014004 0.010786
0 0.319145 0.432777 0.016773 0.014555
0 0.653716 0.314742 0.016675 0.013215
0 0.542768 0.449083 0.012501 0.009905
0 0.839433 0.550635 0.013033 0.008569
0 0.600099 0.281460 0.014354 0.011338
0 0.314906 0.347867 0.014870 0.011292
0 0.838446 0.330331 0.017264 0.012409
0 0.737925 0.704638 0.014333 0.010629
0 0.527151 0.645203 0.013244 0.009988
0 0.606815 0.499520 0.017188 0.011772
0 0.762596 0.403135 0.015230 0.011463
0 0.582936 0.303144 0.014652 0.012513
0 0.431576 0.567037 0.015698 0.011404
0 0.396760 0.313200 0.013446 0.010832
1 0.831050 0.515119 0.080353 0.036012
0 0.508615 0.475270 0.015795 0.011546
0 0.615444 0.464638 0.012464 0.009770
0 0.710399 0.417067 0.017343 0.013245
0 0.582050 0.770453 0.016902 0.014245
1 0.771649 0.282791 0.051879 0.036401
0 0.563957 0.650457 0.013095 0.009872
1 0.550131 0.738848 0.052057 0.035225
0 0.422179 0.677136 0.018063 0.012208
0 0.620040 0.410012 0.015707 0.011611
0 0.275292 0.530579 0.012141 0.009722
0 0.817152 0.470637 0.011722 0.009560
0 0.585285 0.403914 0.013931 0.011027
0 0.781375 0.415287 0.013042 0.009168
0 0.670628 0.463538 0.014338 0.010312
0 0.286655 0.549019 0.012109 0.009134
0 0.623279 0.660177 0.012959 0.009748
0 0.423125 0.696308 0.011912 0.009396
0 0.410337 0.629594 0.012658 0.010395
0 0.181911 0.387612 0.016625 0.013235
0 0.559650 0.417317 0.014880 0.013279
0 0.210898 0.473811 0.012672 0.009784
0 0.864914 0.345684 0.016049 0.012960
1 0.903831 0.401367 0.046952 0.038235
0 0.849996 0.450543 0.012198 0.009584
1 0.380362 0.584648 0.043871 0.030828
0 0.310109 0.405791 0.014102 0.010577
0 0.227165 0.356248 0.019389 0.016271
0 0.660824 0.446638 0.015202 0.011211
0 0.232646 0.627228 0.015713 0.012580
0 0.735017 0.541166 0.014078 0.011321
0 0.282928 0.403428 0.015207 0.011675
1 0.590850 0.256560 0.045380 0.037059
1 0.721596 0.478961 0.045673 0.031586
0 0.482126 0.789457 0.017947 0.013827
0 0.234447 0.570597 0.012081 0.009918
1 0.394558 0.483331 0.041358 0.031604
0 0.798963 0.637277 0.010914 0.008974
0 0.748771 0.605964 0.011257 0.009280
0 0.328041 0.666332 0.014696 0.010855
0 0.880802 0.360916 0.016802 0.013210
0 0.588911 0.523107 0.015920 0.013997
0 0.474185 0.576638 0.011911 0.009242
0 0.364886 0.608614 0.012982 0.009218
0 0.341697 0.751345 0.014388 0.010221
0 0.790942 0.602829 0.011270 0.008756
0 0.673832 0.580681 0.013075 0.010402
0 0.616762 0.268146 0.012105 0.009767
1 0.192849 0.584018 0.041876 0.032822
0 0.282914 0.504595 0.015088 0.010622
0 0.573452 0.556315 0.016256 0.013006
0 0.582250 0.691721 0.011795 0.009681
0 0.410824 0.569326 0.013277 0.009182
0 0.307036 0.312977 0.015175 0.012683
1 0.819234 0.370377 0.042842 0.029098
0 0.408320 0.646066 0.012269 0.009430
0 0.324142 0.499297 0.013596 0.010685
0 0.230930 0.408603 0.013253 0.009610
0 0.555184 0.769324 0.018693 0.014201
0 0.643243 0.635960 0.012690 0.010172
0 0.299405 0.420753 0.014857 0.010873
0 0.730760 0.317330 0.013829 0.010443
0 0.561396 0.297254 0.015174 0.013471
0 0.651256 0.567202 0.016132 0.014635
0 0.419924 0.525276 0.014871 0.013732
0 0.681608 0.656788 0.016285 0.013808
0 0.181086 0.433896 0.014973 0.011350
0 0.654739 0.245171 0.012452 0.010670
0 0.335959 0.462863 0.011613 0.009416
1 0.446198 0.594589 0.050105 0.038043
1 0.881575 0.662791 0.042362 0.037159
1 0.398453 0.762888 0.042219 0.038079
1 0.299584 0.584819 0.043750 0.030363
0 0.773478 0.665047 0.012533 0.010280
0 0.317842 0.566155 0.012008 0.008992
0 0.744922 0.622121 0.012358 0.009662
0 0.433364 0.415425 0.015638 0.012541
0 0.607467 0.701767 0.015047 0.011658
1 0.486977 0.403899 0.070428 0.035100
0 0.653180 0.769431 0.021624 0.012408
0 0.583334 0.488173 0.014190 0.011229
0 0.549363 0.322124 0.014188 0.015383
1 0.265325 0.475327 0.048511 0.032446
0 0.432051 0.434152 0.016467 0.011605
0 0.504187 0.225964 0.014088 0.010753
0 0.651752 0.653454 0.015863 0.010011
0 0.691551 0.627171 0.014310 0.010808
0 0.531511 0.713006 0.013250 0.010062
0 0.726676 0.274935 0.013677 0.011095
0 0.838157 0.580189 0.012399 0.008659
0 0.541817 0.514543 0.015006 0.012586
1 0.433177 0.601169 0.040588 0.029886
0 0.786212 0.483827 0.019847 0.013524
1 0.729309 0.755865 0.071323 0.051839
0 0.671235 0.354953 0.014872 0.011489
0 0.559597 0.568573 0.013396 0.009475
1 0.470358 0.297567 0.038548 0.030702
1 0.186803 0.540219 0.046491 0.033799
0 0.419137 0.536217 0.013243 0.012584
0 0.250917 0.450313 0.015611 0.011230
0 0.502889 0.451969 0.014742 0.009953
1 0.466952 0.445490 0.032791 0.025382
0 0.793748 0.353870 0.013353 0.011092
0 0.547490 0.587025 0.010774 0.008089
0 0.408295 0.610893 0.013069 0.009557
0 0.425381 0.505882 0.012203 0.009033
0 0.636378 0.428606 0.014371 0.011602
0 0.747909 0.514954 0.011362 0.009212
0 0.362242 0.762356 0.013994 0.010299
0 0.732818 0.252962 0.015308 0.011610
0 0.804955 0.344279 0.015160 0.010645
0 0.477563 0.318097 0.018649 0.013734
0 0.296018 0.728568 0.015258 0.010837
0 0.667113 0.408559 0.012749 0.010341
0 0.831198 0.602621 0.011117 0.008617
0 0.751064 0.687829 0.017818 0.010909
0 0.467683 0.774160 0.017176 0.013876
0 0.735687 0.568294 0.012691 0.010215
0 0.295372 0.616617 0.012841 0.008981
0 0.392651 0.247908 0.015565 0.014292
0 0.331723 0.536486 0.018908 0.011422
0 0.187372 0.442273 0.013271 0.011031
0 0.564421 0.207062 0.014300 0.009239
1 0.536359 0.362985 0.041370 0.031145
0 0.717052 0.520669 0.013232 0.011865
0 0.223013 0.593353 0.012556 0.009075
0 0.228431 0.483364 0.012609 0.009004
0 0.672030 0.560100 0.013674 0.014933
0 0.660382 0.770584 0.017434 0.010830
1 0.508406 0.314181 0.034254 0.043950
0 0.323190 0.332850 0.014213 0.011782
0 0.846835 0.616845 0.012850 0.009725
0 0.849895 0.589773 0.010970 0.008421
1 0.466799 0.409033 0.035502 0.030244
0 0.566439 0.503359 0.012224 0.009036
0 0.482195 0.488833 0.014785 0.011513
0 0.681126 0.651428 0.014320 0.016093
0 0.710475 0.511395 0.012918 0.010473
0 0.143094 0.516387 0.013438 0.010603
0 0.578113 0.622646 0.012010 0.008680
0 0.363716 0.713499 0.013991 0.010694
0 0.449535 0.458459 0.014432 0.009231
0 0.790351 0.714827 0.013359 0.010271
0 0.419006 0.531389 0.015910 0.017564
0 0.647018 0.651921 0.018337 0.011352
0 0.746294 0.354468 0.016658 0.015474
0 0.926247 0.484627 0.012036 0.008990
0 0.777288 0.366291 0.013187 0.009624
0 0.779781 0.578218 0.012681 0.009499
1 0.538421 0.247999 0.031658 0.015217
0 0.323433 0.260629 0.014087 0.012558
0 0.808650 0.595549 0.012498 0.008373
0 0.308085 0.513923 0.013241 0.011988
0 0.338876 0.728990 0.015192 0.011411
1 0.465075 0.208632 0.039363 0.015208