0 0.680541 0.243915 0.021706 0.015319
0 0.422747 0.328279 0.027231 0.019210
0 0.403783 0.271105 0.029654 0.019897
0 0.413985 0.407593 0.026467 0.020014
0 0.708981 0.501087 0.017128 0.012115
0 0.597624 0.320041 0.018091 0.012591
0 0.629587 0.230058 0.016413 0.012968
0 0.546534 0.265065 0.018577 0.017337
0 0.723482 0.429467 0.019135 0.014883
0 0.554984 0.549525 0.020369 0.016322
0 0.405062 0.495958 0.018960 0.015703
0 0.473207 0.302439 0.017784 0.011967
0 0.587211 0.220164 0.015297 0.011331
0 0.434036 0.367497 0.019376 0.014443
0 0.659890 0.645175 0.020548 0.015656
0 0.212362 0.529341 0.015255 0.011847
0 0.337644 0.478334 0.016117 0.013740
0 0.513545 0.228862 0.018190 0.014314
0 0.510916 0.679500 0.016133 0.013669
0 0.593266 0.727277 0.016834 0.010794
0 0.817191 0.707779 0.018345 0.013099
0 0.669165 0.352796 0.020719 0.013767
0 0.348524 0.328542 0.014176 0.010981
0 0.574446 0.808897 0.018476 0.012755
0 0.767366 0.679486 0.015591 0.014495
0 0.538939 0.451687 0.014573 0.009812
0 0.833588 0.381572 0.018068 0.013591
0 0.422779 0.601061 0.014845 0.011298
0 0.758236 0.268393 0.024280 0.019651
0 0.654232 0.782032 0.016120 0.010839
0 0.747469 0.466379 0.021701 0.017991
0 0.505259 0.318942 0.013106 0.011361
0 0.245423 0.558851 0.013861 0.010647
0 0.647394 0.708330 0.013877 0.007605
0 0.674413 0.628269 0.016730 0.010341
0 0.185583 0.444259 0.020003 0.012693
0 0.549269 0.477036 0.016045 0.011108
0 0.793980 0.505837 0.027571 0.021769
0 0.652307 0.809898 0.018126 0.013539
0 0.638928 0.744874 0.014816 0.011679
0 0.486496 0.692001 0.018560 0.013684
0 0.616156 0.830184 0.021328 0.013939
0 0.541432 0.318143 0.013505 0.011531
0 0.199725 0.381725 0.016533 0.011390
0 0.571444 0.566321 0.015206 0.011369
0 0.269520 0.368704 0.014052 0.010875
0 0.801388 0.659004 0.019668 0.013653
0 0.728894 0.796946 0.016496 0.010555
0 0.437871 0.729808 0.016085 0.012375
0 0.769284 0.327881 0.015898 0.013136
0 0.673905 0.796076 0.022085 0.014276
0 0.597098 0.510662 0.023073 0.017658
0 0.267943 0.334418 0.016127 0.012369
0 0.551629 0.234723 0.013219 0.012350
0 0.928224 0.467833 0.011950 0.010117
0 0.662874 0.727334 0.017397 0.011124
0 0.860988 0.370187 0.015059 0.010851
0 0.379955 0.702597 0.012333 0.009186
0 0.332939 0.294640 0.014635 0.009861
0 0.423469 0.433979 0.015895 0.011693
0 0.856822 0.393625 0.015759 0.012715
0 0.776174 0.467116 0.023567 0.016005
0 0.229859 0.351933 0.017875 0.015631
0 0.440714 0.274586 0.017567 0.013796
0 0.641147 0.439881 0.018434 0.011964
0 0.455017 0.671527 0.011354 0.007912
0 0.493013 0.252272 0.016311 0.017275
0 0.257335 0.352490 0.016675 0.010558
0 0.392867 0.752092 0.013093 0.008167
0 0.782950 0.695922 0.014572 0.011159
0 0.747354 0.547847 0.017844 0.011440
0 0.386300 0.313027 0.018223 0.013458
0 0.832380 0.605850 0.012417 0.008876
0 0.591666 0.419236 0.016984 0.012950
0 0.289180 0.690241 0.013914 0.008248
0 0.430951 0.350533 0.020169 0.017136
0 0.181849 0.400152 0.018159 0.013040
0 0.845345 0.310126 0.016249 0.012881
0 0.992173 0.547687 0.012323 0.010173
0 0.431321 0.697511 0.013447 0.009193
0 0.887494 0.569721 0.014623 0.010196
0 0.680413 0.374288 0.013577 0.010607
0 0.961127 0.459379 0.012107 0.010579
0 0.518783 0.497577 0.012447 0.010461
0 0.827796 0.467789 0.014707 0.009444
0 0.859856 0.610782 0.016030 0.013493
0 0.974050 0.510577 0.014610 0.010150
0 0.614721 0.211493 0.015420 0.008459
0 0.788464 0.721143 0.013493 0.010256
0 0.739287 0.286330 0.016381 0.013464
0 0.695521 0.350130 0.020044 0.015415
0 0.869500 0.715109 0.010272 0.007068
0 0.322951 0.318925 0.010624 0.007767
0 0.447700 0.740339 0.014993 0.010647
0 0.755480 0.589438 0.016865 0.013484
0 0.904800 0.550218 0.007825 0.008577
1 0.887324 0.517019 0.051643 0.052817