0 0.646334 0.473465 0.021289 0.015517
0 0.350926 0.571464 0.017288 0.013154
1 0.330760 0.884158 0.145636 0.055480
0 0.664074 0.499816 0.018053 0.013209
0 0.335867 0.599007 0.022071 0.015879
1 0.386152 0.728221 0.051867 0.042415
0 0.727148 0.415170 0.019137 0.015047
0 0.746518 0.473976 0.017645 0.013196
0 0.662933 0.451490 0.015857 0.011726
0 0.657869 0.369079 0.015202 0.012471
1 0.631534 0.752259 0.049697 0.037937
0 0.427029 0.527456 0.019604 0.015310
1 0.094868 0.536955 0.056187 0.052365
0 0.527077 0.520728 0.017102 0.013692
0 0.716608 0.581442 0.016004 0.012665
0 0.669309 0.539758 0.015218 0.011351
0 0.409572 0.583337 0.017154 0.013143
0 0.327296 0.645906 0.017158 0.013708
0 0.702014 0.522843 0.016771 0.013427
1 0.376954 0.827948 0.113430 0.056070
0 0.411161 0.535176 0.018050 0.013714
0 0.516863 0.442510 0.020088 0.016562
0 0.199934 0.606357 0.017633 0.014270
0 0.625722 0.567496 0.014909 0.011972
0 0.591655 0.359339 0.028773 0.019605
0 0.619155 0.435119 0.015694 0.012967
0 0.543509 0.367239 0.022376 0.020883
0 0.306293 0.404818 0.024116 0.019475
0 0.338264 0.340354 0.032038 0.030952
0 0.498317 0.515870 0.022767 0.016372
0 0.748799 0.432525 0.017436 0.014636
0 0.278885 0.413675 0.020369 0.016727
0 0.073935 0.649582 0.015752 0.012556
0 0.734674 0.443850 0.019442 0.014567
0 0.608723 0.821785 0.018459 0.014684
0 0.596661 0.456248 0.022125 0.016890
0 0.484850 0.389459 0.026801 0.025460
0 0.676436 0.607830 0.020316 0.019133
0 0.475129 0.847202 0.019289 0.015804
0 0.492935 0.473880 0.022615 0.018383
0 0.585276 0.620777 0.017058 0.014166
0 0.467819 0.698477 0.015816 0.012552
0 0.581516 0.482619 0.021878 0.018445
0 0.373993 0.663657 0.016373 0.013458
0 0.286214 0.338209 0.025296 0.026582
0 0.178688 0.389689 0.020338 0.017565
0 0.107544 0.725640 0.016824 0.013522
0 0.395592 0.576155 0.017150 0.015640
0 0.556987 0.775297 0.020121 0.019325
0 0.488769 0.648169 0.019977 0.017809
0 0.690534 0.389558 0.015907 0.012683
0 0.436939 0.599325 0.016904 0.012722
0 0.608894 0.586929 0.019424 0.014660
0 0.329855 0.546114 0.017828 0.014426
0 0.083916 0.739692 0.014238 0.010563
0 0.284054 0.639824 0.016689 0.013992
0 0.158728 0.495716 0.015874 0.011973
1 0.733521 0.762270 0.026605 0.024155