0 0.569028 0.863398 0.017929 0.022385
0 0.372307 0.543565 0.014588 0.019323
0 0.621882 0.514536 0.014276 0.019387
0 0.359590 0.427465 0.014281 0.019050
0 0.306714 0.378168 0.012418 0.017258
0 0.413720 0.577477 0.011937 0.016932
0 0.418380 0.745236 0.015540 0.020301
0 0.485793 0.521876 0.013482 0.018866
0 0.586044 0.262500 0.012433 0.017309
0 0.666636 0.468414 0.015812 0.021087
0 0.370845 0.278481 0.011984 0.016281
0 0.499183 0.706284 0.015092 0.020605
0 0.413163 0.419358 0.013379 0.019287
0 0.470793 0.318164 0.013499 0.018236
0 0.462475 0.586458 0.012432 0.017362
0 0.378361 0.207651 0.011714 0.016480
0 0.676577 0.691342 0.015183 0.020745
0 0.498563 0.833687 0.019841 0.027204
0 0.604772 0.333424 0.012864 0.018438
0 0.606013 0.417935 0.014404 0.021359
0 0.595463 0.464213 0.013054 0.017892
0 0.723527 0.518801 0.014579 0.019475
0 0.320968 0.316765 0.012478 0.016614
0 0.623021 0.685967 0.015727 0.021479
0 0.501598 0.670533 0.013214 0.017264
0 0.566941 0.400847 0.014420 0.019791
0 0.466642 0.675240 0.016953 0.018483
0 0.293451 0.525300 0.013002 0.017725
0 0.676651 0.326780 0.013445 0.018747
0 0.562621 0.321961 0.012462 0.017900
0 0.567775 0.644837 0.018611 0.024700
0 0.498638 0.297765 0.016284 0.021967
0 0.535837 0.176753 0.011056 0.015573
0 0.304147 0.437455 0.013602 0.020475
0 0.466105 0.759766 0.016103 0.022698
0 0.422418 0.506329 0.012051 0.016085
0 0.551832 0.696272 0.013640 0.020164
0 0.419675 0.650618 0.016641 0.025257
0 0.672186 0.286040 0.013307 0.017966
0 0.423735 0.640824 0.016325 0.023687
0 0.515504 0.523988 0.011301 0.016193
0 0.419228 0.469116 0.013505 0.028007
0 0.293042 0.484107 0.013481 0.017754
0 0.449463 0.215163 0.010103 0.017628
0 0.365294 0.358620 0.013429 0.019989
0 0.575762 0.300472 0.012516 0.017875
0 0.326966 0.556205 0.015618 0.020732
0 0.599949 0.531854 0.012795 0.019263
0 0.418477 0.478086 0.012507 0.019444
0 0.604045 0.574941 0.012243 0.017276
0 0.482997 0.481542 0.010537 0.014595
0 0.740128 0.587777 0.012450 0.018304
0 0.585331 0.383382 0.014679 0.018759
0 0.506204 0.486025 0.010569 0.014722
0 0.701249 0.618134 0.013218 0.020093
0 0.607777 0.730745 0.016352 0.023458
0 0.521522 0.612769 0.012946 0.017567
0 0.504344 0.362790 0.011403 0.016476
0 0.720834 0.691871 0.015044 0.020708
0 0.374129 0.482941 0.012938 0.020170
0 0.708499 0.373842 0.012267 0.017938
0 0.398089 0.771379 0.015205 0.019859
0 0.594319 0.214063 0.011981 0.019478
0 0.327013 0.419170 0.011461 0.015661
0 0.748382 0.529806 0.011716 0.017039
0 0.460000 0.395383 0.014383 0.022157
0 0.578263 0.757598 0.013612 0.019370
0 0.587803 0.887505 0.015822 0.019934
0 0.551270 0.725679 0.015276 0.019913
0 0.658583 0.531186 0.013472 0.024886
0 0.469730 0.352772 0.012693 0.019728
0 0.395880 0.454920 0.012024 0.014577
0 0.625721 0.395901 0.013943 0.016984