0 0.426356 0.601489 0.022148 0.016567
0 0.541730 0.528876 0.032386 0.024573
0 0.436856 0.679823 0.028912 0.026886
0 0.440233 0.630641 0.028183 0.021821
0 0.719303 0.651911 0.024187 0.017496
0 0.642463 0.830063 0.024626 0.019283
0 0.256191 0.641770 0.026356 0.021928
0 0.385885 0.566419 0.022737 0.018322
1 0.287990 0.490179 0.042662 0.034529
0 0.267578 0.680191 0.024560 0.019484
0 0.384662 0.697682 0.020574 0.016725
0 0.316200 0.657017 0.018646 0.015720
0 0.470891 0.697501 0.022939 0.018972
0 0.364193 0.403678 0.013701 0.012120
0 0.266645 0.604617 0.019027 0.016542
0 0.624863 0.881405 0.022389 0.018097
0 0.263393 0.562021 0.022693 0.018955
0 0.360903 0.590570 0.017571 0.013408
0 0.516456 0.877656 0.038219 0.029761
0 0.627097 0.563781 0.019490 0.015903
0 0.580765 0.851057 0.021521 0.016976
1 0.455533 0.366531 0.027435 0.010735