0 0.463995 0.810600 0.018502 0.014002
0 0.314194 0.720521 0.018030 0.013698
0 0.348642 0.668845 0.016734 0.012228
0 0.609308 0.584671 0.016947 0.012938
0 0.227767 0.601533 0.015733 0.011523
0 0.584087 0.494440 0.016289 0.012582
0 0.318764 0.460896 0.020119 0.014905
0 0.661280 0.476407 0.017447 0.012725
0 0.711930 0.783372 0.018050 0.013720
0 0.342712 0.557020 0.017847 0.013690
0 0.632041 0.866860 0.019783 0.015332
0 0.472560 0.896797 0.022485 0.017121
0 0.604739 0.895936 0.019101 0.014354
0 0.441789 0.845240 0.019290 0.015409
0 0.647922 0.755224 0.017055 0.012563
0 0.585909 0.787383 0.017114 0.012874
0 0.327467 0.649610 0.016842 0.012636
0 0.592656 0.874250 0.017686 0.013996
0 0.446016 0.549101 0.016519 0.012179
0 0.574964 0.821133 0.017860 0.013399
0 0.230013 0.542913 0.016531 0.012059
0 0.527601 0.877212 0.021062 0.015671
0 0.419259 0.585637 0.018308 0.013396
0 0.248098 0.708929 0.018863 0.015437
0 0.675850 0.825855 0.018142 0.013143
0 0.600254 0.545491 0.015055 0.011186
0 0.727527 0.707582 0.018016 0.013204
0 0.778735 0.594340 0.020150 0.014215
0 0.496902 0.715590 0.018766 0.013939
0 0.411620 0.608157 0.016980 0.012339
0 0.584166 0.395218 0.014555 0.012885
0 0.677335 0.622268 0.016310 0.012837
0 0.242690 0.456286 0.019020 0.014092
0 0.452475 0.597618 0.017424 0.013877
0 0.706484 0.457593 0.017198 0.012598
0 0.503573 0.508894 0.018786 0.013387
0 0.564127 0.852819 0.018804 0.014043
0 0.264680 0.587696 0.017447 0.014499
0 0.553454 0.655218 0.015616 0.012583
0 0.374280 0.806552 0.019219 0.015029
0 0.380478 0.773313 0.018971 0.014506
0 0.517358 0.665726 0.017011 0.013316
0 0.676388 0.428632 0.017147 0.014143
0 0.252925 0.615227 0.014977 0.011718
0 0.378640 0.688914 0.015159 0.011825
0 0.798250 0.766180 0.017682 0.013197
0 0.649811 0.569717 0.020255 0.015952
0 0.538349 0.854495 0.019049 0.013653
0 0.497292 0.580891 0.015856 0.011756
0 0.500713 0.910874 0.020341 0.015669
0 0.373096 0.618878 0.016111 0.012504
0 0.256261 0.551665 0.016030 0.011568
0 0.728478 0.440253 0.020624 0.014981
0 0.817172 0.678055 0.020132 0.015643
0 0.794869 0.730996 0.018678 0.015092
0 0.618238 0.724334 0.015843 0.012054
0 0.648089 0.646014 0.013860 0.011707
0 0.208521 0.502336 0.016509 0.013529
0 0.753031 0.717506 0.018034 0.013713
0 0.643810 0.516616 0.017613 0.013011
0 0.574053 0.593965 0.014241 0.011009
0 0.409321 0.762856 0.014650 0.012628
0 0.394638 0.837732 0.022365 0.017387
0 0.282362 0.731206 0.016953 0.013226
0 0.589618 0.426848 0.017258 0.013862
0 0.701653 0.614456 0.014005 0.010632
0 0.602287 0.653099 0.014225 0.011088
0 0.847899 0.682543 0.016741 0.012414
0 0.497486 0.544909 0.023428 0.017391
0 0.775191 0.654991 0.016193 0.011884
0 0.477003 0.565848 0.022365 0.016333
0 0.573837 0.747758 0.021033 0.013348
0 0.395638 0.385248 0.019360 0.015122
0 0.316755 0.682562 0.015340 0.012987
0 0.630382 0.705641 0.016529 0.013079
0 0.513760 0.815957 0.021291 0.014284
1 0.271911 0.490025 0.025992 0.020957
0 0.281988 0.537757 0.014776 0.010958
0 0.645370 0.539470 0.015615 0.012392
0 0.729540 0.731348 0.015390 0.011288
1 0.582524 0.629049 0.046408 0.030682
0 0.177296 0.483283 0.017249 0.012751
0 0.706884 0.497868 0.019057 0.014413
0 0.333678 0.605010 0.015450 0.011930
0 0.652778 0.450295 0.014365 0.009999
0 0.537463 0.664367 0.016270 0.012463
0 0.773294 0.633636 0.015090 0.012282
0 0.751656 0.658443 0.014847 0.011121
0 0.443749 0.726134 0.014900 0.012787
0 0.531360 0.456191 0.018202 0.016132
0 0.601748 0.523443 0.015807 0.013000
0 0.548040 0.610205 0.017373 0.014057
0 0.669888 0.854790 0.019553 0.013887
0 0.217016 0.677170 0.015690 0.012394
0 0.723888 0.799211 0.017690 0.012126
0 0.205656 0.697511 0.018324 0.013256
0 0.612229 0.462478 0.014606 0.013292
0 0.279156 0.747089 0.016651 0.013087
0 0.299666 0.598951 0.016536 0.011513
0 0.629852 0.415670 0.025573 0.018279
0 0.837846 0.564748 0.013523 0.010716
0 0.389183 0.820785 0.018037 0.013939
0 0.853576 0.611217 0.018865 0.014152
0 0.557845 0.409831 0.014251 0.012235
0 0.678051 0.692738 0.012856 0.010228
0 0.809647 0.475641 0.016517 0.013280
0 0.297771 0.562338 0.014214 0.010522
0 0.560860 0.918324 0.021290 0.021895
0 0.300033 0.522212 0.018217 0.016385
0 0.608844 0.827045 0.014694 0.011576
0 0.332317 0.421956 0.015336 0.013176
0 0.562860 0.907364 0.018850 0.016710
0 0.813407 0.533060 0.019351 0.014261
0 0.520356 0.530164 0.018924 0.013755
0 0.214894 0.658626 0.014481 0.012244
0 0.414981 0.689502 0.013724 0.011463
0 0.261319 0.519019 0.015932 0.011256
0 0.481094 0.471852 0.021572 0.017969
0 0.568084 0.798598 0.016295 0.011617
0 0.735931 0.415778 0.016241 0.012549
0 0.747332 0.477128 0.016233 0.013079
0 0.605263 0.701363 0.017395 0.017930
0 0.477539 0.651726 0.012316 0.009877
0 0.211165 0.566615 0.012586 0.009891
0 0.154235 0.480881 0.016781 0.012773
0 0.643945 0.665386 0.011683 0.008725
0 0.801391 0.667968 0.018286 0.012562
0 0.365523 0.645858 0.015750 0.014173
0 0.871060 0.589840 0.023933 0.016848
0 0.738828 0.795902 0.018412 0.012610
0 0.536981 0.619619 0.015556 0.011091
0 0.650479 0.424050 0.018456 0.014168
0 0.661294 0.372688 0.013317 0.010952
0 0.806823 0.654153 0.017097 0.013622
0 0.644839 0.828100 0.015207 0.011901
0 0.597760 0.922449 0.017715 0.013011
0 0.794040 0.444758 0.015316 0.013144
0 0.373036 0.349102 0.017120 0.014795
0 0.767059 0.735337 0.017642 0.012961
0 0.147296 0.508658 0.014898 0.012712
0 0.546106 0.658991 0.022382 0.018002
0 0.756948 0.515007 0.015165 0.010502
0 0.140958 0.532820 0.013552 0.011849
0 0.499458 0.482254 0.014261 0.010899
0 0.131846 0.502962 0.019088 0.013437