0 0.400783 0.660687 0.018115 0.013896
0 0.742694 0.495571 0.017790 0.014709
0 0.758881 0.525887 0.016269 0.012436
0 0.501266 0.483827 0.015666 0.013186
0 0.416767 0.565432 0.017527 0.014009
0 0.615164 0.556659 0.016709 0.012710
0 0.533008 0.640954 0.016851 0.012643
0 0.437702 0.490252 0.019949 0.016157
0 0.421557 0.457835 0.015787 0.012808
0 0.597079 0.905266 0.024585 0.017306
0 0.553810 0.512439 0.015250 0.012014
0 0.713181 0.435796 0.018602 0.013217
0 0.415367 0.692473 0.018794 0.013923
0 0.596180 0.821499 0.015220 0.011611
0 0.412420 0.523212 0.018313 0.015364
0 0.674918 0.449309 0.017591 0.014184
0 0.455222 0.834752 0.021654 0.017421
0 0.708820 0.887363 0.016140 0.012927
0 0.718017 0.673691 0.014889 0.011537
0 0.755654 0.841501 0.013528 0.010805
0 0.715010 0.609035 0.016899 0.012787
0 0.750785 0.648487 0.015747 0.010505
0 0.571327 0.713697 0.019782 0.012646
0 0.714863 0.692765 0.014926 0.011537
0 0.728017 0.876149 0.016637 0.012019
0 0.556371 0.738767 0.019734 0.016073
0 0.547816 0.804855 0.015762 0.011729
0 0.359142 0.844533 0.023299 0.017623
0 0.663760 0.500826 0.014653 0.010668
0 0.575061 0.674086 0.017883 0.013750
0 0.762222 0.879657 0.018005 0.013255
0 0.654395 0.483685 0.015670 0.012909
0 0.455912 0.452836 0.016670 0.013448
0 0.689973 0.654822 0.014512 0.012958
0 0.812962 0.745718 0.012494 0.010275
0 0.631447 0.602274 0.019252 0.013101
0 0.654670 0.397198 0.013288 0.011710
0 0.449746 0.654033 0.018017 0.013888
0 0.477982 0.823516 0.020986 0.015218
0 0.605356 0.506291 0.018568 0.014369
0 0.731167 0.823797 0.012354 0.009901
0 0.469653 0.535617 0.018887 0.014745
0 0.366608 0.560570 0.015473 0.011935
0 0.821490 0.467306 0.020932 0.017582
0 0.701099 0.785273 0.014739 0.010368
0 0.585578 0.851970 0.017253 0.013949
0 0.818072 0.509038 0.016720 0.014468
0 0.390799 0.468257 0.015668 0.012464
0 0.801328 0.559135 0.020879 0.016776
0 0.523829 0.611539 0.018493 0.015515
0 0.721965 0.731218 0.015060 0.012054
0 0.665403 0.674133 0.012544 0.009392
0 0.505983 0.462611 0.015467 0.012802
0 0.698518 0.567103 0.013478 0.010487
0 0.608057 0.933435 0.023942 0.018597
0 0.429542 0.787869 0.019476 0.016691
0 0.450523 0.407214 0.014494 0.012250
0 0.778774 0.678662 0.013242 0.012300
0 0.560477 0.775314 0.017125 0.013433
0 0.322841 0.551278 0.016555 0.012576
0 0.689192 0.845961 0.011920 0.009429
0 0.552442 0.694369 0.015772 0.011816
0 0.465916 0.793633 0.017174 0.013772
0 0.358891 0.508699 0.015097 0.012253
0 0.658078 0.651998 0.019572 0.012795
0 0.731848 0.750277 0.013074 0.010189
0 0.294359 0.583229 0.016199 0.012518
0 0.552064 0.552991 0.016046 0.012944
0 0.666432 0.798415 0.015067 0.014118
0 0.471988 0.629599 0.017546 0.012580
0 0.813518 0.643913 0.013075 0.009429
0 0.483552 0.405275 0.012705 0.011094
0 0.652577 0.716462 0.017266 0.011520
0 0.645215 0.816239 0.013747 0.012139
0 0.610852 0.589844 0.015394 0.013270
0 0.441527 0.549107 0.016890 0.012709
0 0.611981 0.417869 0.020823 0.012624
0 0.651584 0.620427 0.015307 0.010447
0 0.464173 0.698703 0.018393 0.013109
0 0.590664 0.465569 0.019481 0.014207
0 0.692363 0.590785 0.012700 0.010466
0 0.537630 0.664638 0.016621 0.011801
0 0.558786 0.481686 0.016677 0.013496
0 0.750047 0.709998 0.012916 0.009483
0 0.856484 0.494153 0.016855 0.015393
0 0.554567 0.855247 0.014423 0.010452
0 0.555940 0.448304 0.015835 0.012794
0 0.320720 0.631075 0.019619 0.013704
0 0.403537 0.744452 0.021002 0.014462
0 0.550596 0.593583 0.015055 0.012040
0 0.742400 0.690134 0.011717 0.008917
0 0.344379 0.676692 0.016631 0.012182
0 0.643375 0.537255 0.014180 0.012528
0 0.696495 0.807062 0.014676 0.011683
0 0.490714 0.780335 0.016810 0.012955
0 0.748330 0.465694 0.014311 0.012120
0 0.418396 0.902037 0.023494 0.017789
0 0.432389 0.732650 0.020046 0.015002
0 0.532395 0.746758 0.023578 0.014876
0 0.468381 0.573837 0.015071 0.010501
0 0.403598 0.763478 0.019877 0.014743
0 0.756958 0.664709 0.012810 0.009065
0 0.298797 0.810664 0.023484 0.019454
0 0.550314 0.366503 0.021015 0.015622
0 0.489343 0.612420 0.016129 0.013389
0 0.487082 0.555758 0.014624 0.011089
0 0.802034 0.700340 0.011541 0.009069
0 0.868711 0.522094 0.018994 0.015741
0 0.560928 0.646354 0.015275 0.011528
0 0.506879 0.754235 0.015488 0.011997
0 0.593632 0.386324 0.011753 0.010490
0 0.327967 0.650775 0.018704 0.012420
0 0.692803 0.897781 0.014189 0.010205
0 0.765352 0.447740 0.017091 0.014994
0 0.408833 0.615237 0.017106 0.011973
0 0.684504 0.741549 0.013773 0.012389
0 0.615678 0.455926 0.015771 0.012741
0 0.690172 0.861147 0.012343 0.009426
0 0.541865 0.496832 0.014735 0.012725
0 0.866485 0.695657 0.014121 0.010979
0 0.634797 0.402550 0.012917 0.010844
0 0.483915 0.500898 0.015563 0.011338
0 0.845998 0.676581 0.014940 0.012188
0 0.314721 0.699864 0.016745 0.013225
0 0.699583 0.547451 0.012916 0.011406
0 0.739161 0.790846 0.011268 0.009634
0 0.524408 0.425089 0.013771 0.013306
0 0.569094 0.561744 0.014259 0.011560
0 0.666259 0.532926 0.013761 0.012840
0 0.483071 0.604984 0.017440 0.013689
0 0.341704 0.694107 0.019229 0.015136
0 0.632173 0.643709 0.015225 0.011189
0 0.694519 0.633881 0.012201 0.009537
0 0.297177 0.597438 0.017262 0.013222
0 0.577542 0.781801 0.014309 0.012178
0 0.499725 0.798711 0.016344 0.012157
0 0.615617 0.626411 0.014073 0.011935
0 0.889859 0.703145 0.013333 0.010748
0 0.249193 0.651670 0.019098 0.013313
0 0.433920 0.809106 0.019966 0.015456
0 0.545760 0.822726 0.013934 0.010293
0 0.475311 0.441163 0.018065 0.014228
0 0.527816 0.879899 0.020051 0.015166
0 0.828407 0.490262 0.020422 0.012453
0 0.509761 0.901551 0.025448 0.025563
0 0.393514 0.610430 0.017184 0.010823
0 0.709830 0.489209 0.014163 0.012331
0 0.662298 0.436246 0.013507 0.010209
0 0.645405 0.884703 0.014209 0.010222
0 0.509348 0.573334 0.016052 0.014457
0 0.856014 0.508705 0.015839 0.013694
0 0.853876 0.748180 0.013396 0.010724
0 0.636276 0.742757 0.016978 0.015055
0 0.671874 0.613523 0.013996 0.014391
0 0.290592 0.530617 0.015392 0.013723
0 0.534214 0.564879 0.016859 0.011431
0 0.433959 0.603763 0.022120 0.015802
0 0.669217 0.762107 0.012292 0.009598
0 0.722874 0.706687 0.011583 0.009810
0 0.486094 0.694194 0.015545 0.011964
0 0.268383 0.611783 0.022445 0.012575
0 0.500519 0.947079 0.025675 0.019193
0 0.356450 0.579473 0.015698 0.010940
0 0.393437 0.707069 0.019060 0.013842
0 0.394051 0.693517 0.017901 0.013364