0 0.359780 0.481990 0.017875 0.013526
0 0.480763 0.591156 0.019260 0.013434
0 0.671666 0.507452 0.019944 0.014248
0 0.392819 0.399127 0.016955 0.013120
0 0.417106 0.520934 0.017134 0.013577
0 0.383712 0.558110 0.017283 0.012986
0 0.473125 0.642599 0.017726 0.013208
0 0.679865 0.408651 0.019466 0.015417
0 0.542943 0.442711 0.018180 0.014004
0 0.509580 0.539649 0.016684 0.012874
0 0.507716 0.439203 0.019596 0.014366
0 0.430729 0.365601 0.020433 0.014458
0 0.436252 0.440285 0.019174 0.015341
0 0.368753 0.374077 0.018027 0.013982
0 0.532057 0.691990 0.020288 0.015035
0 0.327369 0.572170 0.018631 0.013535
0 0.558886 0.595756 0.019091 0.014042
0 0.293611 0.709343 0.020485 0.015115
0 0.334626 0.514767 0.018313 0.013948
0 0.338355 0.719549 0.021552 0.015871
0 0.638772 0.497638 0.017628 0.012664
0 0.429078 0.335988 0.018325 0.013340
0 0.553064 0.572055 0.017940 0.013183
0 0.288138 0.488741 0.021089 0.015444
0 0.404109 0.723208 0.021132 0.015612
0 0.273118 0.648622 0.018430 0.014182
0 0.527108 0.579896 0.018256 0.013918
0 0.226241 0.462890 0.019408 0.014731
0 0.287091 0.672810 0.019493 0.014403
0 0.631183 0.379276 0.020321 0.014962
0 0.740394 0.475541 0.020211 0.015277
0 0.598277 0.645601 0.019425 0.015649
0 0.391074 0.584181 0.018895 0.014264
0 0.473501 0.505415 0.017277 0.013143
0 0.657894 0.701464 0.017738 0.012712
0 0.426425 0.568708 0.017258 0.013779
0 0.356096 0.656967 0.019062 0.016102
0 0.606967 0.542938 0.023529 0.018386
0 0.237928 0.504470 0.019216 0.014757
0 0.397570 0.533203 0.018165 0.013449
0 0.480293 0.756863 0.020259 0.014492
0 0.409695 0.460021 0.018515 0.014248
0 0.532727 0.415499 0.018937 0.014130
0 0.759655 0.305964 0.016073 0.012581
0 0.716160 0.551376 0.016686 0.012320
0 0.457205 0.256249 0.016130 0.013668
0 0.545859 0.251712 0.017661 0.014265
0 0.414428 0.552299 0.017508 0.013075
0 0.213814 0.442346 0.018570 0.014403
0 0.667989 0.624179 0.018848 0.014018
0 0.565617 0.305141 0.016741 0.013084
0 0.610202 0.659614 0.017154 0.012203
0 0.555671 0.382278 0.022412 0.016214
0 0.517797 0.762888 0.022432 0.017443
0 0.227615 0.392738 0.015194 0.012103
0 0.242167 0.622231 0.017365 0.013632
0 0.287405 0.405438 0.019292 0.015021
0 0.389348 0.696582 0.017576 0.012968
0 0.358898 0.593523 0.015447 0.011462
0 0.436315 0.604402 0.013868 0.010784
0 0.585512 0.236440 0.014547 0.012331
0 0.448201 0.780080 0.022288 0.014682
0 0.730128 0.284360 0.019239 0.014905
0 0.816081 0.406561 0.017856 0.014880
0 0.795277 0.338905 0.016845 0.012436
0 0.179620 0.651535 0.015702 0.012627
0 0.807055 0.466726 0.016699 0.013047
0 0.699106 0.600509 0.021896 0.014803
0 0.683023 0.573465 0.014092 0.010254
0 0.184520 0.491736 0.017456 0.014076
0 0.338973 0.363665 0.020411 0.015137
0 0.306427 0.343334 0.015684 0.012530
0 0.381921 0.295702 0.016985 0.013738
1 0.282646 0.315498 0.048778 0.029555
0 0.310074 0.394344 0.017289 0.014179
0 0.524172 0.396216 0.018962 0.015641
0 0.792030 0.548478 0.015962 0.012985
0 0.256560 0.405015 0.016632 0.013456
0 0.132874 0.520953 0.015227 0.010806
0 0.474744 0.412871 0.017652 0.015415
0 0.586537 0.613705 0.014164 0.010370
0 0.524482 0.604839 0.014661 0.010818
0 0.393808 0.473373 0.018952 0.013378
0 0.364543 0.237742 0.013592 0.012266
0 0.587282 0.354731 0.014458 0.010899
0 0.517275 0.292672 0.014916 0.012226
0 0.479995 0.178893 0.017342 0.013203