0 0.592982 0.542591 0.021223 0.017366
0 0.759607 0.669752 0.024316 0.018060
0 0.545224 0.485546 0.019277 0.013961
0 0.666965 0.644371 0.019574 0.014779
0 0.689487 0.592585 0.023269 0.017759
0 0.545411 0.538145 0.020989 0.017350
0 0.192148 0.640971 0.023662 0.018104
0 0.467416 0.668557 0.019761 0.015117
0 0.649098 0.664160 0.019449 0.014429
0 0.432317 0.919720 0.025555 0.018723
0 0.566782 0.509728 0.019798 0.015558
0 0.602818 0.501586 0.020656 0.013459
0 0.304876 0.621687 0.027336 0.020943
0 0.740518 0.742794 0.023215 0.017374
0 0.435718 0.459690 0.025061 0.019340
0 0.111920 0.673969 0.022043 0.015567
0 0.491149 0.939858 0.024607 0.017502
1 0.772081 0.847348 0.042945 0.037450
0 0.246278 0.385684 0.018371 0.013880
0 0.342949 0.596314 0.021601 0.014825
0 0.222164 0.765473 0.021373 0.017280
1 0.687503 0.852128 0.046349 0.036790
0 0.580947 0.711366 0.020756 0.015676
0 0.592052 0.466061 0.015537 0.012998
0 0.690739 0.637961 0.018740 0.014227
0 0.418949 0.699732 0.017146 0.011960
0 0.465980 0.915088 0.022468 0.016578
1 0.287918 0.872122 0.059718 0.047002
0 0.602667 0.674793 0.016729 0.012989
0 0.629771 0.887083 0.021137 0.016717
0 0.731598 0.717625 0.018118 0.013487
0 0.360380 0.915506 0.019890 0.014676
0 0.402028 0.859436 0.023789 0.017571
0 0.698191 0.823642 0.017630 0.013751
1 0.828870 0.665826 0.042424 0.036305
0 0.186190 0.702651 0.019305 0.014422
0 0.722241 0.514487 0.019441 0.015310
0 0.230193 0.785341 0.020311 0.014999
0 0.249149 0.768864 0.021742 0.016317
0 0.530784 0.696065 0.018181 0.012606
0 0.585819 0.605504 0.015716 0.012228
0 0.632017 0.472015 0.016394 0.013307
0 0.462187 0.323571 0.019283 0.013352
0 0.526244 0.764934 0.021084 0.016604
0 0.832257 0.592395 0.016534 0.013263
0 0.241348 0.526559 0.018865 0.019398
0 0.433417 0.347007 0.019355 0.015162
0 0.518695 0.695174 0.018609 0.012426
0 0.544605 0.517720 0.017910 0.012920
0 0.455794 0.680425 0.019474 0.013909
0 0.401457 0.716408 0.015639 0.011691
0 0.383839 0.327870 0.021797 0.014980
0 0.548128 0.364568 0.023420 0.025232
0 0.272931 0.757084 0.014518 0.011854
0 0.767309 0.447671 0.019592 0.016350
0 0.241187 0.534632 0.017769 0.016101
0 0.562515 0.778230 0.016904 0.013097
0 0.758397 0.537643 0.017843 0.015089
0 0.512170 0.636162 0.016639 0.014040
0 0.491317 0.909209 0.019403 0.013863
0 0.553141 0.603174 0.015619 0.011818
1 0.393131 0.560801 0.043354 0.029729