0 0.751558 0.710342 0.013173 0.010576
0 0.682249 0.638717 0.014490 0.011326
0 0.847130 0.810751 0.015903 0.011735
0 0.785209 0.717994 0.012150 0.009679
0 0.640000 0.623972 0.014215 0.010816
1 0.343891 0.775595 0.051962 0.038885
0 0.677234 0.575883 0.014131 0.011397
0 0.533716 0.491464 0.015996 0.013143
1 0.645679 0.544934 0.048462 0.050814
0 0.435660 0.819169 0.017950 0.014423
0 0.665321 0.660328 0.014150 0.011531
0 0.739966 0.738599 0.013548 0.011546
0 0.566978 0.848464 0.019045 0.015019
0 0.797143 0.627199 0.013645 0.010547
0 0.638993 0.720359 0.014003 0.010991
0 0.675153 0.616084 0.012880 0.010701
0 0.848323 0.697597 0.012362 0.009733
0 0.796494 0.611166 0.012417 0.009435
0 0.287029 0.473212 0.018554 0.013921
0 0.826400 0.730163 0.013369 0.010868
0 0.820821 0.565483 0.012760 0.009451
0 0.884014 0.636100 0.013167 0.009596
0 0.590505 0.601032 0.013351 0.010476
0 0.695402 0.790362 0.014542 0.010995
0 0.684911 0.769409 0.016498 0.014450
0 0.750363 0.652975 0.015496 0.012831
0 0.879668 0.760513 0.016712 0.012209
0 0.799411 0.462686 0.014032 0.011661
0 0.716281 0.530365 0.014335 0.011683
0 0.718430 0.604414 0.016239 0.012914
0 0.585662 0.665196 0.013319 0.009787
0 0.537916 0.437640 0.014622 0.012355
0 0.864513 0.625406 0.012548 0.009714
0 0.587946 0.481665 0.022313 0.013596
0 0.629053 0.425085 0.013675 0.011862
0 0.894692 0.652440 0.012824 0.010364
0 0.850187 0.516673 0.013652 0.010895
0 0.469358 0.685565 0.014003 0.011346
0 0.766605 0.512389 0.012329 0.010585
0 0.756634 0.844252 0.013873 0.009979
0 0.390249 0.744806 0.015433 0.012362
0 0.695442 0.592032 0.014086 0.011319
0 0.695331 0.604973 0.013320 0.012997
0 0.750262 0.619078 0.012842 0.010558
0 0.868098 0.745941 0.011916 0.009752
0 0.513516 0.575715 0.014451 0.011146
0 0.598371 0.583096 0.011980 0.010133
0 0.689591 0.545892 0.012345 0.010714
0 0.597762 0.717172 0.012492 0.010539
0 0.554328 0.730412 0.014736 0.011692
0 0.507789 0.460773 0.014199 0.011301
0 0.874229 0.531223 0.014685 0.012229
0 0.629888 0.680837 0.015930 0.010543
0 0.496792 0.440766 0.014817 0.012509
0 0.645241 0.678307 0.013014 0.010253
0 0.488322 0.607341 0.013413 0.011257
0 0.568378 0.531377 0.014204 0.012383
0 0.567961 0.699835 0.015940 0.011181
0 0.636547 0.576199 0.012726 0.010498
0 0.681070 0.700527 0.011988 0.009622
0 0.623918 0.450522 0.014182 0.012557
1 0.424538 0.414326 0.035766 0.022902
0 0.558688 0.493367 0.014453 0.010729
0 0.556069 0.570892 0.012063 0.009683
0 0.746153 0.440493 0.013915 0.011532
0 0.918027 0.630093 0.013507 0.011958
0 0.779149 0.889706 0.014326 0.010608
0 0.489424 0.557516 0.018499 0.015261
0 0.754054 0.678923 0.011886 0.009457
0 0.825491 0.548192 0.012527 0.010609
0 0.682429 0.527709 0.012410 0.010208
0 0.507576 0.833368 0.019239 0.015296
0 0.730897 0.489660 0.014085 0.011329
1 0.712688 0.427443 0.038869 0.031651