0 0.277452 0.511540 0.016781 0.012685
0 0.430647 0.646374 0.015272 0.011920
0 0.434363 0.468944 0.018156 0.013749
0 0.313219 0.441548 0.016814 0.013092
0 0.402701 0.475724 0.015696 0.012089
0 0.605929 0.473420 0.019521 0.015322
0 0.201949 0.564280 0.015376 0.013561
0 0.511699 0.646634 0.014444 0.011466
0 0.404261 0.425026 0.016734 0.011876
0 0.290483 0.845457 0.013847 0.010137
0 0.278366 0.867770 0.017062 0.012230
0 0.521162 0.378377 0.022269 0.017605
0 0.564967 0.546780 0.014197 0.011137
0 0.465732 0.611760 0.014100 0.011567
0 0.547088 0.394897 0.019887 0.016091
0 0.356285 0.382961 0.018052 0.014573
0 0.182566 0.359383 0.014395 0.012544
0 0.370908 0.882669 0.020165 0.015718
0 0.533663 0.616296 0.015428 0.012234
0 0.447811 0.587958 0.018353 0.012907
0 0.553388 0.448637 0.016963 0.014020
0 0.268340 0.554038 0.014853 0.013380
0 0.294522 0.379992 0.012824 0.009892
0 0.406508 0.633343 0.013306 0.009895
0 0.201662 0.433904 0.018112 0.013505
0 0.233346 0.839604 0.016510 0.012685
0 0.326591 0.582156 0.015704 0.012284
0 0.181243 0.804194 0.018169 0.014192
0 0.496418 0.537226 0.018819 0.013246
0 0.572872 0.646928 0.018753 0.013726
0 0.314476 0.405572 0.013468 0.010231
0 0.282970 0.473104 0.019013 0.012006
0 0.531309 0.579863 0.018649 0.016127
0 0.347819 0.357383 0.016195 0.012296
0 0.388200 0.445967 0.016604 0.014654
0 0.243633 0.740398 0.012361 0.009832
0 0.533324 0.464392 0.017693 0.014148
0 0.289206 0.343291 0.015913 0.012764
0 0.310901 0.309620 0.013734 0.011486
0 0.585093 0.772070 0.013494 0.009940
0 0.149286 0.420426 0.012621 0.010802
0 0.324605 0.692059 0.013805 0.010089
1 0.150090 0.500751 0.047817 0.034277
1 0.351826 0.733251 0.043994 0.033485
0 0.494087 0.728703 0.011636 0.009144
0 0.349875 0.868249 0.017021 0.013673
1 0.258752 0.439392 0.051668 0.036330
0 0.190025 0.858967 0.020559 0.012599
0 0.584117 0.417792 0.020147 0.017517
0 0.335128 0.415447 0.017095 0.014793
1 0.309629 0.783080 0.056192 0.035111
0 0.189007 0.676352 0.013420 0.010365
0 0.394838 0.753765 0.015790 0.012138
0 0.433241 0.441742 0.017465 0.016535
0 0.576109 0.818287 0.015876 0.011848
0 0.501025 0.397827 0.018455 0.013326
0 0.406848 0.664665 0.017336 0.015444
0 0.661786 0.646899 0.017675 0.014070
0 0.426212 0.336649 0.012261 0.011463
0 0.667361 0.510487 0.022570 0.015168
0 0.467580 0.440352 0.016905 0.011760
0 0.236395 0.388758 0.016748 0.011841
0 0.429173 0.686325 0.015566 0.010659
0 0.234376 0.688415 0.013027 0.011925
0 0.334422 0.328031 0.011293 0.009222
0 0.245019 0.504958 0.013760 0.010137
0 0.256774 0.481971 0.013019 0.009699
0 0.264643 0.649756 0.016579 0.012135
0 0.405750 0.595380 0.017590 0.016259
0 0.497206 0.622056 0.014726 0.011173
0 0.418894 0.306958 0.015014 0.011408
0 0.341307 0.677352 0.015742 0.012509
0 0.324153 0.458291 0.016687 0.011615
0 0.268535 0.383990 0.014405 0.011407
0 0.232293 0.532343 0.016194 0.011477
0 0.551568 0.799533 0.015616 0.012062
0 0.220166 0.471209 0.017048 0.012222
0 0.285350 0.394366 0.014643 0.012096
0 0.210541 0.771310 0.013392 0.010117
0 0.299354 0.651982 0.014118 0.010713
0 0.520280 0.692833 0.013560 0.010602
0 0.384546 0.312399 0.014021 0.011515
0 0.331143 0.364020 0.014119 0.010486
0 0.414085 0.451897 0.015073 0.011770
0 0.605167 0.678959 0.015741 0.011446
0 0.696404 0.506253 0.018521 0.015251
0 0.261607 0.581419 0.012818 0.011706
0 0.327335 0.670178 0.015643 0.011619
0 0.646984 0.719628 0.018376 0.013021
0 0.125316 0.459492 0.012769 0.009429
0 0.477835 0.670703 0.015347 0.011666
0 0.189890 0.477024 0.014330 0.010348
0 0.434016 0.410249 0.014321 0.011247
0 0.503334 0.581609 0.018799 0.019544
0 0.309797 0.815574 0.013179 0.009418
0 0.287699 0.745468 0.015106 0.014593
1 0.109454 0.801445 0.059237 0.037332
0 0.158854 0.678421 0.013812 0.010676
0 0.269553 0.608186 0.017876 0.012105
0 0.634260 0.577103 0.019614 0.015432
0 0.571445 0.690090 0.014681 0.011368
0 0.589002 0.372867 0.015953 0.013074
0 0.465647 0.745940 0.012876 0.010122
0 0.661361 0.531799 0.015710 0.012179
0 0.077569 0.611433 0.011947 0.009606
0 0.217899 0.592598 0.014266 0.014290
0 0.526242 0.815556 0.014667 0.010707
0 0.431404 0.349981 0.012644 0.010912
0 0.589249 0.453337 0.018642 0.014537
0 0.448541 0.726166 0.010966 0.009324
0 0.457408 0.352268 0.013290 0.011636
0 0.394435 0.550016 0.015069 0.011664
0 0.465041 0.817571 0.016533 0.015376
0 0.679682 0.717092 0.014084 0.010132
1 0.080836 0.727655 0.061676 0.034129
0 0.207531 0.336511 0.011823 0.010173
0 0.598875 0.790168 0.012625 0.009213
0 0.270353 0.409886 0.011742 0.008616
0 0.149777 0.594558 0.013678 0.010526
0 0.449787 0.365686 0.013297 0.010752
0 0.266243 0.713925 0.012798 0.018222
0 0.201982 0.835942 0.014706 0.011009
1 0.203996 0.402537 0.039820 0.029635
0 0.537663 0.632679 0.013638 0.012186
0 0.274790 0.668981 0.020302 0.013282
0 0.216924 0.549633 0.013189 0.009539
0 0.634376 0.701700 0.014801 0.011107
0 0.199448 0.710372 0.016838 0.012758
0 0.427889 0.602418 0.013237 0.010445
0 0.495398 0.661074 0.012227 0.009940
0 0.370647 0.703486 0.012428 0.009071
0 0.032310 0.593397 0.014922 0.011847
0 0.569766 0.701268 0.016312 0.012550
0 0.466430 0.420244 0.013015 0.010572
0 0.180519 0.435563 0.014259 0.011051
0 0.275686 0.317606 0.019452 0.012485
0 0.082980 0.511081 0.015995 0.012687
0 0.228524 0.709253 0.012536 0.008986
0 0.300978 0.584977 0.011935 0.010450
0 0.160356 0.448729 0.019338 0.011564
0 0.589119 0.444925 0.018778 0.017281
0 0.024126 0.567610 0.018166 0.011973
0 0.643399 0.474146 0.014188 0.011609
0 0.385334 0.686475 0.013487 0.009367
0 0.491753 0.686974 0.013411 0.010873
0 0.201579 0.653047 0.011090 0.008783
0 0.157662 0.637740 0.011525 0.008887
0 0.367058 0.811139 0.010810 0.009543
0 0.235389 0.535192 0.015360 0.012068
0 0.187563 0.596266 0.015214 0.009729
0 0.624774 0.727036 0.013564 0.010251
0 0.285823 0.810152 0.014413 0.012500
0 0.288749 0.546486 0.014008 0.010258
0 0.433064 0.379121 0.012819 0.010077
1 0.437371 0.562469 0.035273 0.024155
1 0.691952 0.751680 0.026072 0.027605
1 0.436604 0.848298 0.049076 0.041408
1 0.093839 0.423292 0.047542 0.035657