0 0.336572 0.487831 0.013426 0.018792
0 0.422590 0.545371 0.012998 0.017937
0 0.355289 0.584409 0.012681 0.017507
0 0.556624 0.785178 0.012847 0.016973
1 0.292915 0.817001 0.060717 0.069078
1 0.623269 0.529467 0.035371 0.047815
1 0.384917 0.678939 0.035290 0.044107
0 0.621495 0.369746 0.011630 0.015307
1 0.323247 0.541030 0.035389 0.050213
1 0.248806 0.433071 0.044964 0.063710
0 0.433660 0.352430 0.012995 0.019035
1 0.412513 0.857486 0.036847 0.059451
0 0.398941 0.541954 0.011981 0.016576
1 0.321768 0.159037 0.038090 0.048416
0 0.194475 0.268108 0.012348 0.017795
0 0.299226 0.426165 0.010084 0.015608
0 0.597238 0.685704 0.012572 0.017149
0 0.368873 0.285895 0.011670 0.016574
1 0.508223 0.421151 0.028855 0.038128
0 0.202922 0.790030 0.010637 0.014147
0 0.446644 0.476201 0.010416 0.014002
0 0.380814 0.232498 0.013509 0.020813
0 0.282487 0.380531 0.009093 0.013638
0 0.498621 0.324777 0.013591 0.019049
0 0.459157 0.204751 0.012591 0.020365
0 0.303779 0.288611 0.013778 0.017747
0 0.536020 0.562715 0.013991 0.019361
0 0.177056 0.705504 0.010231 0.013809
0 0.250540 0.320526 0.012356 0.017016
0 0.533146 0.290362 0.013542 0.020257
0 0.310536 0.335832 0.010846 0.014935
0 0.418963 0.307058 0.012692 0.020373
0 0.527617 0.518384 0.017698 0.023165