0 0.749820 0.594175 0.012269 0.016412
0 0.287889 0.494078 0.013778 0.019889
0 0.469302 0.712890 0.014495 0.019880
0 0.670413 0.573559 0.014277 0.019716
0 0.601915 0.644760 0.010964 0.014795
0 0.356593 0.502907 0.012101 0.017167
0 0.608545 0.520076 0.012903 0.016562
0 0.552696 0.685097 0.013626 0.017426
0 0.334934 0.356282 0.012785 0.017487
0 0.560954 0.476866 0.011638 0.014769
0 0.401011 0.493675 0.012072 0.016817
0 0.671534 0.449039 0.013904 0.019418
0 0.319846 0.326981 0.012104 0.016120
0 0.336133 0.604108 0.013817 0.019487
0 0.673018 0.339305 0.010880 0.015194
0 0.763435 0.606384 0.011473 0.014992
0 0.467210 0.768315 0.015505 0.020907
0 0.647733 0.535338 0.013709 0.019043
0 0.702197 0.674730 0.013933 0.019859
0 0.657492 0.467453 0.011720 0.016179
0 0.480861 0.400084 0.012292 0.016273
0 0.522339 0.284843 0.014042 0.019890
1 0.485187 0.277413 0.026118 0.038163
0 0.426794 0.214973 0.010238 0.015533
0 0.590398 0.326784 0.014609 0.021729
0 0.661242 0.416755 0.011687 0.016414
0 0.558387 0.629490 0.011250 0.015412
0 0.481837 0.664835 0.014335 0.019337
0 0.674969 0.753663 0.013776 0.019177
0 0.542987 0.402937 0.009590 0.013973
1 0.591403 0.845403 0.032669 0.054740
0 0.696737 0.470465 0.013499 0.018314
0 0.663694 0.716714 0.013710 0.018633
0 0.401892 0.396955 0.011807 0.017054
0 0.272264 0.576210 0.024742 0.032328
0 0.363352 0.579354 0.011765 0.015171
0 0.374951 0.692614 0.013640 0.019597
0 0.264755 0.440839 0.011816 0.016115
0 0.270789 0.504913 0.012088 0.017214
0 0.625632 0.525993 0.011934 0.015528
0 0.428735 0.275164 0.013059 0.020766
0 0.493275 0.185231 0.009719 0.015483
0 0.491413 0.616284 0.011910 0.015685
0 0.320102 0.562523 0.010693 0.013645
0 0.443184 0.320990 0.011281 0.015834
0 0.281821 0.365720 0.010671 0.013793
0 0.718956 0.627444 0.015426 0.019656
0 0.323843 0.504183 0.010533 0.015678
0 0.565868 0.852658 0.016572 0.026780
0 0.605431 0.475190 0.011378 0.016114
0 0.292917 0.562850 0.015575 0.020897
0 0.404875 0.727873 0.015836 0.021323
0 0.381172 0.402807 0.010463 0.014473
0 0.505007 0.448829 0.010931 0.014804
0 0.419924 0.532799 0.011610 0.016480
0 0.463175 0.620545 0.011357 0.015253
0 0.460285 0.185709 0.009862 0.015076
0 0.470093 0.804098 0.019526 0.025378
1 0.713106 0.268170 0.027331 0.042732
0 0.590047 0.741573 0.012676 0.017857
0 0.476398 0.344196 0.011905 0.016451
0 0.713690 0.658363 0.011837 0.015289
0 0.518960 0.533745 0.010773 0.015550
0 0.352073 0.258813 0.011764 0.016527
0 0.420162 0.733029 0.014862 0.021572
0 0.598285 0.374611 0.010114 0.014506
0 0.288267 0.434275 0.010488 0.015009
0 0.366506 0.607771 0.013662 0.019797
0 0.715999 0.395151 0.011795 0.017458
0 0.535996 0.448274 0.010466 0.014320
0 0.551601 0.867821 0.021378 0.030639
0 0.554538 0.748377 0.015260 0.022040
0 0.451735 0.515990 0.010455 0.014053
0 0.393896 0.453204 0.010557 0.014643
0 0.588387 0.619730 0.010812 0.015001
1 0.363474 0.195156 0.023657 0.028163