0 0.598058 0.467612 0.016023 0.011718
0 0.126784 0.583617 0.018575 0.014076
0 0.391062 0.431173 0.015558 0.012267
1 0.283658 0.554195 0.080198 0.042607
0 0.756276 0.463845 0.018824 0.014325
0 0.543969 0.365463 0.018514 0.014504
0 0.559779 0.390726 0.016490 0.013071
0 0.669979 0.780953 0.016333 0.011984
0 0.649005 0.463701 0.016054 0.012608
0 0.729407 0.745208 0.019732 0.014606
0 0.421837 0.374363 0.016855 0.012401
0 0.432566 0.328584 0.018954 0.015692
0 0.354117 0.405469 0.020584 0.015285
0 0.563380 0.482762 0.018966 0.015056
0 0.461533 0.465651 0.017363 0.013619
0 0.480467 0.492133 0.014968 0.010860
0 0.461154 0.518712 0.014521 0.011321
0 0.289607 0.798420 0.019781 0.013880
0 0.597443 0.382360 0.019256 0.016204
0 0.546066 0.519082 0.014875 0.010468
0 0.679748 0.606625 0.021841 0.017056
0 0.273554 0.517257 0.017748 0.013354
0 0.503446 0.533312 0.018865 0.015501
0 0.439789 0.535090 0.018372 0.012796
0 0.715457 0.328165 0.017914 0.013737
0 0.784014 0.438987 0.016735 0.013429
0 0.751299 0.338762 0.018238 0.014586
0 0.481371 0.565684 0.025225 0.018513
0 0.156411 0.594908 0.017907 0.013470
0 0.369458 0.449630 0.014650 0.010292
0 0.521157 0.287849 0.013835 0.010969
0 0.600938 0.305467 0.017011 0.013361
0 0.566614 0.435577 0.017834 0.013473
0 0.748334 0.392660 0.020708 0.015376
0 0.392680 0.766745 0.019706 0.015219
0 0.626085 0.539445 0.013782 0.011014
0 0.527433 0.344032 0.015892 0.011720
0 0.309119 0.763346 0.017846 0.013744
0 0.598149 0.356665 0.018390 0.012348
0 0.389273 0.803046 0.031768 0.016468
0 0.741388 0.541975 0.017039 0.013557
0 0.306367 0.779910 0.017295 0.012100
0 0.644831 0.428705 0.020043 0.014418
0 0.586452 0.552214 0.018707 0.015097
1 0.305907 0.469089 0.047806 0.044170
0 0.831820 0.423998 0.019069 0.013867
0 0.590395 0.402740 0.014792 0.010253
0 0.457402 0.272546 0.015351 0.011908
0 0.319186 0.519718 0.012041 0.009565
0 0.717859 0.551017 0.024088 0.019732
0 0.464116 0.300459 0.018271 0.012881
0 0.109428 0.561881 0.017284 0.013817
0 0.456484 0.415868 0.019359 0.014200
0 0.539950 0.311340 0.013332 0.010520
0 0.420979 0.523288 0.014625 0.012560
0 0.568808 0.300778 0.014329 0.012303
0 0.536183 0.496678 0.020885 0.015977
0 0.528323 0.459413 0.012994 0.010134
0 0.362250 0.544585 0.015468 0.012494
1 0.800875 0.497783 0.055876 0.038385
0 0.509445 0.362272 0.016540 0.015099
0 0.594280 0.428958 0.016635 0.015316
0 0.575031 0.782139 0.023406 0.017979
0 0.177255 0.588920 0.015938 0.012026
0 0.617037 0.429529 0.018856 0.013192
0 0.787803 0.400539 0.016088 0.010852
0 0.365199 0.481759 0.015053 0.010072
0 0.369274 0.529955 0.015283 0.011402
0 0.422296 0.568173 0.016583 0.012431
0 0.397359 0.496483 0.013767 0.010911
0 0.386165 0.506701 0.016800 0.011706
0 0.406951 0.551215 0.016832 0.013481
0 0.360235 0.429584 0.013283 0.010506
0 0.599257 0.635995 0.023090 0.018155
0 0.439340 0.500389 0.016701 0.012131
0 0.566129 0.727764 0.020601 0.015459
0 0.599758 0.753040 0.017358 0.013243
0 0.379429 0.476960 0.016472 0.011845
0 0.159003 0.551907 0.015167 0.012148
0 0.550739 0.454742 0.014902 0.010659
0 0.840681 0.402314 0.023511 0.015079
0 0.631387 0.791774 0.036836 0.023077
0 0.438913 0.294782 0.015333 0.011226
0 0.507571 0.303943 0.012608 0.010466
0 0.376342 0.643700 0.013505 0.011205
0 0.511406 0.611254 0.017400 0.014338
0 0.578901 0.358308 0.017305 0.011220
0 0.398875 0.720448 0.019680 0.015047
0 0.642943 0.415877 0.015964 0.012299
0 0.768671 0.759303 0.018216 0.014695
0 0.399307 0.553695 0.023474 0.013986
0 0.701786 0.566708 0.018939 0.013682
0 0.548215 0.587104 0.014559 0.012383
0 0.206473 0.631150 0.017657 0.013501
0 0.543576 0.424524 0.016727 0.010140
0 0.447480 0.493694 0.018563 0.013456
0 0.534903 0.830835 0.030522 0.022862
0 0.810635 0.393899 0.017415 0.012684
0 0.750131 0.609187 0.027806 0.019730
0 0.863604 0.429681 0.017578 0.014513
0 0.354612 0.818059 0.018345 0.012590
0 0.459887 0.391868 0.013061 0.011240
0 0.208109 0.662871 0.016594 0.013328
0 0.308413 0.772830 0.019033 0.024579
0 0.622258 0.475827 0.014771 0.010835
0 0.678269 0.530037 0.024392 0.013232
1 0.529572 0.707885 0.029089 0.021817
1 0.412176 0.696198 0.029089 0.020259