0 0.661318 0.616513 0.013893 0.010937
0 0.826483 0.434822 0.013457 0.010679
0 0.789764 0.451249 0.015790 0.011091
0 0.642961 0.347905 0.014718 0.011594
0 0.597760 0.348288 0.016327 0.012685
0 0.272982 0.368255 0.014959 0.011418
0 0.336156 0.387565 0.014210 0.010331
0 0.365732 0.361034 0.014486 0.012021
0 0.778941 0.421234 0.013519 0.009436
0 0.392704 0.540924 0.014779 0.011370
0 0.749458 0.451207 0.014878 0.011265
0 0.614557 0.394770 0.015466 0.011362
0 0.431746 0.345251 0.013434 0.009974
0 0.562456 0.654026 0.012538 0.009484
0 0.397251 0.316151 0.014835 0.011461
1 0.606863 0.634104 0.047518 0.040241
0 0.473044 0.669204 0.012655 0.010390
0 0.531431 0.555768 0.014485 0.010459
1 0.641281 0.533039 0.047822 0.036704
0 0.563314 0.609756 0.012197 0.009000
0 0.309724 0.710732 0.016397 0.011947
0 0.424501 0.324771 0.014789 0.010771
0 0.683771 0.384408 0.014102 0.011840
0 0.264496 0.430056 0.017494 0.011788
0 0.335159 0.466200 0.013516 0.010770
0 0.411098 0.733498 0.014659 0.011501
0 0.544101 0.393819 0.013411 0.010269
0 0.525568 0.648889 0.013564 0.010262
0 0.743581 0.649800 0.012566 0.010623
0 0.430229 0.571152 0.016022 0.012013
0 0.697885 0.290831 0.014866 0.012189
0 0.708143 0.422501 0.016616 0.012811
0 0.540229 0.433473 0.014508 0.010846
0 0.649187 0.720561 0.013741 0.011435
0 0.760344 0.409483 0.014957 0.010704
0 0.653828 0.320678 0.017458 0.012850
0 0.215702 0.396137 0.015149 0.012035
0 0.668556 0.468081 0.014938 0.010987
1 0.901912 0.406618 0.049109 0.039099
0 0.709690 0.659712 0.013094 0.010056
1 0.547709 0.743117 0.051433 0.035598
0 0.273912 0.533103 0.013904 0.009906
0 0.342521 0.512967 0.013956 0.010199
0 0.319306 0.435723 0.016887 0.013945
0 0.314853 0.352007 0.015173 0.010746
0 0.228248 0.360079 0.020011 0.016618
0 0.541310 0.453198 0.012672 0.010004
0 0.479956 0.763552 0.016527 0.012511
0 0.285196 0.552191 0.012622 0.009640
0 0.463744 0.643974 0.013475 0.010105
0 0.613843 0.470011 0.013530 0.009547
1 0.827852 0.521712 0.080313 0.037284
0 0.815676 0.475465 0.012184 0.009022
1 0.770138 0.290064 0.053290 0.037034
1 0.508604 0.612217 0.042338 0.034325
0 0.182331 0.390896 0.016240 0.012893
0 0.641306 0.640578 0.012701 0.010944
0 0.671874 0.585772 0.013514 0.011381
0 0.243898 0.395501 0.016007 0.011940
0 0.861314 0.350230 0.015229 0.011605
0 0.558847 0.421037 0.016536 0.013137
0 0.848333 0.455735 0.011899 0.009132
0 0.434598 0.775184 0.015999 0.012472
0 0.605417 0.503665 0.017841 0.012326
1 0.719885 0.483171 0.045837 0.031230
0 0.732678 0.545788 0.014361 0.011041
1 0.442129 0.599970 0.054447 0.038481
0 0.210375 0.476934 0.013246 0.010350
0 0.340618 0.753898 0.015524 0.011041
0 0.507512 0.479292 0.016893 0.012238
0 0.708948 0.704979 0.015315 0.012072
0 0.835901 0.335875 0.016998 0.012124
0 0.797509 0.641212 0.010970 0.009134
0 0.420048 0.680236 0.016740 0.011643
0 0.620736 0.663691 0.012877 0.009445
0 0.658055 0.450969 0.015322 0.011974
0 0.579935 0.773768 0.016809 0.013575
0 0.233788 0.573006 0.012656 0.010137
0 0.729116 0.321945 0.015419 0.011495
1 0.265801 0.478389 0.050163 0.035141
0 0.746402 0.609740 0.011251 0.009083
0 0.584065 0.408632 0.014933 0.011893
0 0.548631 0.328503 0.014418 0.012151
0 0.310093 0.408949 0.014480 0.010357
1 0.378666 0.586947 0.044149 0.033062
0 0.735416 0.709459 0.014139 0.010658
0 0.480570 0.792187 0.018407 0.013820
0 0.582480 0.491152 0.014549 0.011246
0 0.582437 0.308938 0.014224 0.011585
0 0.836644 0.554876 0.011450 0.008966
0 0.364425 0.611295 0.012855 0.010218
0 0.231396 0.629993 0.015203 0.011729
0 0.307333 0.317434 0.015576 0.013131
1 0.393287 0.486447 0.037848 0.029490
0 0.618627 0.415786 0.016164 0.012079
0 0.652711 0.773542 0.020376 0.011546
0 0.406575 0.649050 0.012384 0.010409
0 0.725949 0.279896 0.013993 0.011226
0 0.654026 0.251361 0.012908 0.011554
0 0.180103 0.435992 0.015334 0.011290
0 0.408664 0.572799 0.013113 0.010093
1 0.485854 0.410256 0.067533 0.037977
1 0.878534 0.666625 0.043165 0.038954
0 0.507416 0.235805 0.009648 0.019239
1 0.589664 0.264311 0.043104 0.038993
0 0.326592 0.668933 0.013941 0.011760
0 0.572211 0.560106 0.017300 0.013763
0 0.351734 0.557621 0.012508 0.009128
0 0.283809 0.508150 0.016350 0.010987
1 0.190856 0.587312 0.044957 0.035344
0 0.393999 0.251179 0.016890 0.014401
0 0.878122 0.366741 0.015981 0.012775
0 0.408271 0.633985 0.012737 0.009705
1 0.818202 0.378058 0.045411 0.029947
0 0.419001 0.531694 0.015992 0.016799
0 0.421379 0.699676 0.012142 0.009442
1 0.185677 0.542999 0.048204 0.035395
0 0.473191 0.579744 0.012680 0.009512
1 0.402832 0.369351 0.045658 0.038700
0 0.748001 0.691497 0.018113 0.010754
0 0.806546 0.598664 0.012866 0.009876
0 0.742393 0.625994 0.012193 0.009332
0 0.529177 0.715923 0.013671 0.010694
0 0.599287 0.287914 0.014122 0.010697
0 0.590548 0.431591 0.015533 0.010501
0 0.465606 0.778461 0.017900 0.013108
0 0.561995 0.301140 0.013316 0.012777
0 0.558237 0.572997 0.013838 0.009416
0 0.649925 0.572089 0.016293 0.014607
0 0.283381 0.407257 0.015197 0.012524
0 0.433532 0.419701 0.016239 0.011740
0 0.665067 0.413202 0.012591 0.009931
0 0.548615 0.497945 0.013604 0.010526
0 0.385436 0.637519 0.013636 0.009675
0 0.323015 0.501183 0.013859 0.011461
0 0.615601 0.273217 0.012102 0.009664
0 0.360757 0.765710 0.014136 0.010722
0 0.748125 0.355804 0.014983 0.011797
0 0.476429 0.324149 0.018720 0.011772
0 0.836941 0.584509 0.012515 0.008560
1 0.395266 0.768066 0.044194 0.040054
0 0.635125 0.432969 0.014377 0.010840
0 0.431242 0.437281 0.016560 0.012365
0 0.787502 0.607370 0.010247 0.007995
0 0.587165 0.528409 0.016302 0.015583
0 0.549263 0.639334 0.012821 0.009873
0 0.294773 0.731095 0.015414 0.010876
0 0.362494 0.716007 0.014415 0.010780
0 0.803111 0.349293 0.015673 0.010602
0 0.545286 0.591676 0.012023 0.008378
0 0.649299 0.658327 0.014316 0.010575
0 0.784153 0.488133 0.019856 0.013045
0 0.316828 0.569212 0.011973 0.009385
0 0.679075 0.661445 0.014697 0.014517
0 0.187287 0.446401 0.013357 0.010143
0 0.502249 0.456143 0.015489 0.010806
0 0.731218 0.258767 0.013765 0.011033
0 0.689080 0.632227 0.014093 0.010815
1 0.298042 0.588018 0.042258 0.032364
0 0.250100 0.453739 0.013655 0.012317
0 0.770936 0.673346 0.011856 0.017748
1 0.728019 0.758697 0.070075 0.049728
0 0.551923 0.773418 0.017072 0.013720
0 0.714921 0.525638 0.012774 0.011127
0 0.322076 0.336922 0.015710 0.013126
0 0.562698 0.212957 0.015075 0.009625
0 0.472277 0.237321 0.025879 0.015831
0 0.668956 0.562634 0.014001 0.011339
0 0.231172 0.411465 0.013552 0.009764
0 0.406342 0.614712 0.012816 0.010264
0 0.791726 0.359709 0.012277 0.011158
0 0.579112 0.696443 0.010520 0.009768
1 0.470398 0.301915 0.036756 0.030786
0 0.583293 0.217517 0.013412 0.009784
0 0.309680 0.534679 0.013086 0.009963
0 0.577716 0.626406 0.010299 0.009816
0 0.749121 0.730249 0.014503 0.009977
1 0.741283 0.750319 0.049917 0.036133
0 0.734050 0.573015 0.013061 0.010040
0 0.299862 0.424071 0.014473 0.010782
1 0.543555 0.258823 0.044214 0.027174
0 0.330152 0.540053 0.019948 0.012394
0 0.745884 0.516766 0.012726 0.011076
0 0.227668 0.485705 0.013203 0.009339
0 0.605526 0.705524 0.014357 0.011074
1 0.509371 0.338762 0.032206 0.019982
0 0.846106 0.594201 0.011430 0.008954
0 0.538719 0.519827 0.015787 0.012753
0 0.335839 0.731964 0.015946 0.012234
0 0.481343 0.492410 0.015853 0.010906
1 0.465852 0.450344 0.031920 0.025752
0 0.446307 0.462491 0.013978 0.010839
0 0.828492 0.607903 0.010271 0.008201
0 0.849192 0.495584 0.012094 0.010016
0 0.811087 0.312080 0.017228 0.014280
1 0.521267 0.369818 0.069607 0.031665
0 0.678506 0.652861 0.013857 0.013544
0 0.741141 0.365248 0.018394 0.016713
0 0.386420 0.338876 0.014197 0.010949
0 0.222071 0.596158 0.010931 0.009682
0 0.805737 0.703804 0.014310 0.010740
0 0.774515 0.371891 0.012766 0.009548
0 0.745044 0.612858 0.012261 0.018659
0 0.787020 0.719662 0.013001 0.009821
0 0.218777 0.647916 0.013410 0.010090
0 0.323555 0.263845 0.014223 0.012694
0 0.564485 0.508219 0.012336 0.009412
0 0.425150 0.510898 0.011468 0.008752
1 0.540939 0.811401 0.067381 0.028357
0 0.684538 0.760511 0.013127 0.010938
1 0.507593 0.315256 0.024621 0.031018
1 0.781711 0.760220 0.034890 0.017110
1 0.467031 0.215232 0.025497 0.016103
1 0.434825 0.255489 0.001342 0.000000
1 0.545533 0.251464 0.000000 0.000000
1 0.536210 0.209508 0.000000 0.001006
1 0.587873 0.330784 0.001342 0.000000