0 0.282866 0.428677 0.019311 0.015861
0 0.503009 0.211420 0.019160 0.015087
0 0.323851 0.287989 0.018512 0.015590
0 0.223668 0.644371 0.019453 0.015658
0 0.390189 0.276711 0.019235 0.014828
0 0.612997 0.508339 0.021631 0.016411
1 0.722820 0.363320 0.044010 0.033427
0 0.418760 0.186720 0.017216 0.015358
0 0.577889 0.674946 0.024737 0.018609
1 0.755246 0.477283 0.039295 0.029062
0 0.259280 0.201394 0.016165 0.013527
0 0.159260 0.607225 0.015649 0.012760
0 0.237561 0.330026 0.025859 0.017129
0 0.198479 0.356776 0.017504 0.013725
0 0.612041 0.346429 0.021989 0.015929
0 0.330009 0.248419 0.019292 0.016777
0 0.353406 0.220608 0.017087 0.013805
0 0.141103 0.330252 0.015668 0.013062
0 0.100614 0.329139 0.019055 0.015514
0 0.471135 0.585242 0.015311 0.012773
0 0.326731 0.667169 0.020708 0.016082
0 0.768060 0.514143 0.020797 0.014836
0 0.130848 0.427802 0.017037 0.013206
0 0.603785 0.666574 0.018737 0.014165
0 0.611475 0.547963 0.020674 0.016595
0 0.150489 0.457129 0.021589 0.017312
0 0.458454 0.265023 0.018096 0.014045
0 0.589938 0.331861 0.021189 0.018115
0 0.474601 0.545729 0.014682 0.012856
0 0.645347 0.384512 0.018314 0.015067
0 0.499512 0.610637 0.022656 0.016438
0 0.523409 0.271277 0.016480 0.014761
0 0.381177 0.187046 0.014431 0.014053
0 0.233048 0.621230 0.016491 0.012811
0 0.359868 0.173985 0.014250 0.012293
0 0.620679 0.437258 0.019616 0.015435
0 0.370686 0.633450 0.031760 0.027952
0 0.372381 0.235960 0.016391 0.013720
0 0.392777 0.504274 0.014847 0.012246
0 0.503821 0.654440 0.027115 0.022028
0 0.361651 0.716446 0.026230 0.020969
0 0.143277 0.567407 0.019105 0.014025
0 0.320845 0.399353 0.021887 0.016264
0 0.536958 0.315651 0.017099 0.013918
0 0.294248 0.466510 0.015586 0.012894
0 0.549558 0.531894 0.015473 0.014888
0 0.397925 0.347475 0.013447 0.011909
0 0.170541 0.340956 0.016604 0.013446