0 0.202122 0.635751 0.024610 0.017824
0 0.768564 0.665435 0.023274 0.017321
0 0.610279 0.498237 0.020699 0.013949
0 0.196185 0.697141 0.020578 0.015311
0 0.697503 0.588812 0.022683 0.017073
0 0.314262 0.616903 0.026206 0.020973
0 0.554149 0.481954 0.019157 0.013765
0 0.351556 0.591199 0.021620 0.015668
0 0.475699 0.663448 0.019101 0.014669
0 0.657118 0.659958 0.019353 0.015340
0 0.230743 0.759623 0.020308 0.016657
0 0.121909 0.668948 0.020133 0.015589
0 0.600529 0.538020 0.022359 0.018949
0 0.747957 0.738910 0.022002 0.015867
1 0.778958 0.843144 0.042078 0.038008
0 0.575458 0.505960 0.019177 0.015115
0 0.674747 0.640338 0.019844 0.015348
0 0.444535 0.455603 0.026131 0.020043
0 0.439453 0.913779 0.026929 0.020167
0 0.257105 0.382118 0.015818 0.012637
0 0.588322 0.706159 0.021723 0.016070
0 0.367020 0.909405 0.021233 0.016012
0 0.699172 0.633549 0.019621 0.015659
0 0.497820 0.934471 0.024760 0.018055
1 0.837003 0.663029 0.041026 0.034542
1 0.695363 0.847453 0.046898 0.037976
0 0.257480 0.762695 0.022427 0.017113
0 0.239337 0.779009 0.020108 0.015059
0 0.840807 0.588095 0.015761 0.012056
0 0.473138 0.908517 0.021234 0.016644
0 0.599783 0.462808 0.016861 0.012850
0 0.635730 0.882798 0.019271 0.016041
0 0.551509 0.536019 0.022102 0.017052
0 0.409245 0.853223 0.026155 0.018354
0 0.315006 0.666723 0.020704 0.015707
0 0.739192 0.713993 0.017362 0.012882
0 0.704732 0.819336 0.018587 0.012691
0 0.250954 0.523782 0.019214 0.019729
0 0.729671 0.510729 0.019814 0.016637
0 0.463176 0.676253 0.016975 0.012504
0 0.553029 0.513719 0.018086 0.013336
0 0.265191 0.612339 0.016254 0.011896
0 0.575122 0.546797 0.018078 0.013348
0 0.281710 0.714321 0.016329 0.012884
0 0.534261 0.759467 0.022418 0.017787
0 0.640523 0.468986 0.015519 0.012619
1 0.295916 0.864224 0.055010 0.043135
0 0.417830 0.692535 0.015486 0.012397
0 0.392275 0.324228 0.018538 0.014096
0 0.443662 0.342615 0.020037 0.015257
0 0.542405 0.600901 0.017708 0.014732
0 0.470697 0.319904 0.017957 0.012455
0 0.569817 0.772832 0.017041 0.013565
0 0.498899 0.903610 0.019531 0.016074
0 0.525417 0.689142 0.016423 0.012747
0 0.556732 0.360989 0.026374 0.027624
0 0.341325 0.872041 0.020261 0.016520
0 0.609038 0.440015 0.016636 0.012917
0 0.776531 0.445681 0.019023 0.015641
0 0.521529 0.631440 0.016805 0.014470
1 0.406817 0.557427 0.055975 0.041684
0 0.766142 0.533173 0.018193 0.015328
0 0.397113 0.520212 0.018706 0.013805