0 0.640145 0.616483 0.023216 0.017185
0 0.743117 0.656776 0.022144 0.016000
0 0.410063 0.760749 0.021847 0.017198
0 0.507478 0.605039 0.020546 0.015589
0 0.620666 0.575475 0.017701 0.013651
0 0.469889 0.435220 0.020310 0.017079
0 0.421915 0.597983 0.020311 0.016117
0 0.205190 0.649807 0.021496 0.017440
0 0.391653 0.868992 0.021465 0.016644
0 0.642294 0.766459 0.023274 0.018903
0 0.163535 0.721307 0.024282 0.016355
0 0.511611 0.470961 0.020780 0.016009
0 0.544584 0.695677 0.024701 0.018941
0 0.435042 0.514959 0.021814 0.019551
0 0.394470 0.503197 0.019381 0.013481
0 0.274825 0.665323 0.020209 0.017816
0 0.679095 0.678817 0.019826 0.013673
0 0.646827 0.701339 0.016944 0.013172
0 0.524457 0.511648 0.022211 0.016396
0 0.616707 0.905277 0.017224 0.013941
0 0.233385 0.659325 0.017509 0.014806
0 0.573170 0.618941 0.014743 0.012803
0 0.660006 0.914221 0.018094 0.014264
0 0.324229 0.831398 0.016703 0.012585
0 0.570208 0.841632 0.015772 0.013511
0 0.331741 0.666990 0.023006 0.018007
0 0.790318 0.608536 0.016764 0.011952
0 0.598053 0.944932 0.018462 0.012376
0 0.740808 0.814616 0.029377 0.020531
0 0.250578 0.508755 0.017250 0.014307
0 0.539479 0.466408 0.015360 0.011697
0 0.510386 0.566462 0.017875 0.013507
0 0.345427 0.841317 0.015562 0.011863
0 0.612309 0.993666 0.021501 0.010865
0 0.269923 0.553671 0.012550 0.009820
0 0.567336 0.885818 0.018837 0.013605
0 0.488734 0.983993 0.017428 0.012911
0 0.519354 0.692663 0.019752 0.015607
0 0.437944 0.918243 0.018645 0.014002
0 0.764366 0.530703 0.014751 0.011661
0 0.752059 0.852695 0.017908 0.015279
0 0.812654 0.560009 0.018651 0.013316
0 0.387782 0.471211 0.009978 0.009091
0 0.844885 0.709618 0.015753 0.012154
0 0.727399 0.574690 0.017630 0.012585
0 0.676383 0.931931 0.015390 0.013961
1 0.315336 0.599178 0.065728 0.036385
0 0.668333 0.497398 0.016208 0.015510
0 0.717517 0.624620 0.026269 0.029343
0 0.698235 0.614979 0.013414 0.001677