0 0.621735 0.744481 0.027919 0.021469
0 0.573799 0.679989 0.021406 0.016297
0 0.230615 0.808471 0.022047 0.017045
0 0.147808 0.830320 0.019301 0.014715
0 0.137683 0.807400 0.018649 0.013780
0 0.294681 0.897104 0.030211 0.022406
0 0.413883 0.471231 0.022166 0.016751
0 0.439878 0.671181 0.021850 0.016921
0 0.122336 0.651898 0.021954 0.016618
0 0.150259 0.886574 0.016976 0.012337
0 0.200668 0.685669 0.027848 0.018474
0 0.208528 0.420281 0.018974 0.014966
0 0.150428 0.535273 0.018536 0.014948
0 0.197800 0.596811 0.019625 0.015337
0 0.486201 0.661237 0.021259 0.016603
0 0.380244 0.658952 0.022116 0.016886
0 0.400339 0.506287 0.019519 0.015280
0 0.507322 0.609825 0.020377 0.016062
0 0.480322 0.526642 0.026550 0.020092
0 0.191659 0.893455 0.022195 0.018097
0 0.032734 0.709033 0.023764 0.017817
0 0.379347 0.404863 0.013120 0.010855
0 0.272213 0.516765 0.017906 0.014416
0 0.419320 0.434672 0.016816 0.013174
0 0.181915 0.806184 0.016338 0.013727
0 0.626245 0.494939 0.028798 0.021451
0 0.466235 0.498637 0.021182 0.015340
0 0.373211 0.699890 0.017954 0.014187
0 0.138438 0.458739 0.022691 0.016621
0 0.355927 0.454434 0.015400 0.011382
0 0.314381 0.392735 0.018918 0.016866
0 0.537250 0.836436 0.024395 0.019265
0 0.066760 0.528334 0.019871 0.016281
0 0.180386 0.526814 0.017210 0.012805
0 0.760411 0.596439 0.017613 0.014126
1 0.563740 0.454641 0.038062 0.037838
0 0.420196 0.766677 0.019282 0.015820
0 0.126940 0.479117 0.018117 0.012885
0 0.217745 0.522528 0.018740 0.014314
0 0.573110 0.604526 0.014880 0.012875
0 0.466362 0.765535 0.019829 0.015655
0 0.474836 0.855044 0.021104 0.017329
0 0.287141 0.591606 0.018277 0.014004
1 0.711077 0.785992 0.037161 0.035303
1 0.742044 0.548627 0.039638 0.034374
1 0.693115 0.640135 0.001239 0.000000