0 0.290640 0.620816 0.011761 0.009498
0 0.324396 0.596706 0.012304 0.010038
0 0.733331 0.543498 0.011607 0.009727
0 0.641651 0.500084 0.013435 0.011167
0 0.463166 0.770006 0.017836 0.013258
0 0.330490 0.411962 0.015345 0.011508
0 0.664531 0.658800 0.011430 0.008912
0 0.441295 0.738469 0.012584 0.010459
0 0.575461 0.307138 0.015638 0.012583
0 0.516007 0.267820 0.012758 0.011087
0 0.401217 0.418549 0.015652 0.012249
0 0.452681 0.355260 0.016619 0.014519
0 0.497522 0.280128 0.014437 0.011907
1 0.396965 0.706461 0.066239 0.032715
0 0.667584 0.560783 0.014496 0.010381
0 0.427812 0.510959 0.014920 0.010481
0 0.714956 0.705323 0.012628 0.010210
0 0.395852 0.602446 0.013489 0.010864
0 0.678232 0.280985 0.011851 0.009802
0 0.352783 0.284347 0.012494 0.010116
0 0.362972 0.726420 0.014467 0.011662
0 0.590307 0.677356 0.010264 0.009586
0 0.447170 0.562986 0.012589 0.009853
0 0.602141 0.284747 0.014157 0.010518
0 0.308479 0.373183 0.017818 0.013555
0 0.395886 0.398400 0.013537 0.009565
0 0.392225 0.630946 0.011351 0.009595
0 0.542509 0.609791 0.011557 0.009072
0 0.274676 0.587978 0.010529 0.008443
0 0.518275 0.406409 0.013265 0.010921
0 0.450439 0.663887 0.011516 0.009374
0 0.527253 0.636142 0.012435 0.009726
0 0.602788 0.722820 0.012335 0.008941
0 0.493952 0.646096 0.014599 0.011506
0 0.510768 0.385523 0.013322 0.010295
0 0.333490 0.741471 0.013472 0.010592
1 0.156987 0.577100 0.071063 0.042501
0 0.333033 0.481457 0.013732 0.009470
0 0.423098 0.761803 0.018992 0.015216
0 0.457163 0.622128 0.010903 0.008879
0 0.356122 0.404397 0.011529 0.009066
0 0.299292 0.721215 0.012737 0.010687
0 0.214648 0.336798 0.019052 0.014331
0 0.641645 0.577804 0.011748 0.012151
0 0.321232 0.685417 0.012975 0.008806
0 0.690699 0.646196 0.010875 0.008350
0 0.527544 0.294733 0.015942 0.012094
1 0.353684 0.644453 0.037062 0.029761
0 0.290561 0.643985 0.012173 0.008968
0 0.703945 0.724036 0.013183 0.009565
0 0.615944 0.258857 0.012591 0.010390
0 0.418407 0.734090 0.012330 0.010364
0 0.693224 0.580886 0.010159 0.008555
0 0.425993 0.347609 0.014100 0.010688
1 0.774015 0.306800 0.048371 0.023986
0 0.311892 0.641354 0.009736 0.007930
0 0.722672 0.513390 0.012562 0.009730
0 0.623116 0.593743 0.011031 0.009449
0 0.326966 0.457746 0.012350 0.009182
0 0.192914 0.357554 0.014437 0.011328
0 0.695279 0.669103 0.011258 0.010209
0 0.583983 0.549192 0.015084 0.012994
0 0.765701 0.543897 0.010707 0.009037
0 0.606966 0.766494 0.015310 0.011599
0 0.406752 0.639056 0.010303 0.008413
0 0.742457 0.704710 0.012625 0.009628
0 0.628895 0.682059 0.010377 0.008272
0 0.580319 0.630512 0.012105 0.010971
0 0.818916 0.375287 0.017492 0.012130
0 0.318642 0.708477 0.012905 0.009782
0 0.272824 0.716646 0.013099 0.009975
0 0.206945 0.426188 0.010985 0.008728
0 0.538177 0.562717 0.015159 0.011189
0 0.576652 0.766023 0.022755 0.015313
0 0.341801 0.311029 0.012175 0.010735
0 0.731092 0.644013 0.009959 0.007961
0 0.875319 0.423591 0.014978 0.011342
0 0.362965 0.335156 0.014614 0.012070
0 0.694373 0.629392 0.009818 0.008789
0 0.548094 0.371219 0.014071 0.011475
0 0.309987 0.295248 0.017687 0.012370
0 0.503875 0.477859 0.013754 0.010132
0 0.747048 0.424423 0.014813 0.011633
0 0.418623 0.565131 0.012098 0.010223
0 0.290807 0.553389 0.011433 0.009438
0 0.216474 0.389154 0.015505 0.012735
0 0.333228 0.570472 0.012265 0.008318
0 0.167702 0.383378 0.016629 0.014713
0 0.628609 0.645241 0.010968 0.012298
0 0.652765 0.728753 0.015063 0.013152
0 0.680815 0.729317 0.014464 0.012606
0 0.735938 0.575774 0.013219 0.009009
0 0.381273 0.453425 0.011575 0.008856
0 0.255535 0.296140 0.019173 0.013371
0 0.297190 0.564931 0.010118 0.008027
0 0.396068 0.486273 0.011380 0.010186
0 0.315497 0.535462 0.012640 0.009063
0 0.627556 0.479637 0.015777 0.011509
0 0.338949 0.666331 0.012528 0.010017
0 0.366438 0.378969 0.016135 0.013821
0 0.720545 0.321500 0.011496 0.008643
0 0.658945 0.586251 0.011872 0.009360
0 0.816893 0.435762 0.012237 0.011460
0 0.404859 0.579878 0.013081 0.009097
0 0.566511 0.286278 0.014269 0.010575
0 0.566141 0.332864 0.014174 0.010836
0 0.590404 0.332335 0.015815 0.009904
0 0.464704 0.723947 0.011484 0.009411
0 0.239056 0.605163 0.011864 0.008316
0 0.266405 0.457738 0.014283 0.011510
1 0.396727 0.302199 0.040786 0.036342
0 0.629858 0.650032 0.009905 0.012609
0 0.297530 0.525730 0.013748 0.010873
1 0.563109 0.785180 0.056017 0.027792
0 0.648314 0.263464 0.014340 0.015083
0 0.613624 0.738208 0.013642 0.009254
0 0.271875 0.481309 0.015266 0.011171
0 0.733646 0.599107 0.015302 0.011280
0 0.398500 0.741320 0.010628 0.008910
0 0.145608 0.422646 0.017280 0.013307
0 0.581104 0.579720 0.014265 0.010250
0 0.493178 0.783624 0.017370 0.011482
0 0.334402 0.615715 0.009635 0.008420
0 0.566806 0.400763 0.014821 0.012609
0 0.505755 0.581788 0.014270 0.009868
0 0.834304 0.444571 0.011188 0.008398
0 0.426837 0.679647 0.010497 0.008090
0 0.593546 0.749945 0.013024 0.011020
0 0.352619 0.673854 0.011467 0.009010
0 0.709816 0.282144 0.012390 0.009313
0 0.618614 0.306504 0.013984 0.011003
0 0.632679 0.742547 0.014682 0.010539
0 0.682260 0.502985 0.012736 0.011532
1 0.824487 0.501283 0.034563 0.027259
0 0.653825 0.529078 0.012358 0.009990
0 0.364764 0.446263 0.011543 0.009200
0 0.497855 0.732996 0.011911 0.009051
0 0.718036 0.259754 0.014320 0.011054
0 0.510013 0.341684 0.012892 0.011986
0 0.524108 0.440039 0.011804 0.009856
0 0.334061 0.357760 0.012316 0.010322
0 0.593515 0.358811 0.011529 0.009785
0 0.286174 0.341710 0.017026 0.013894
0 0.465180 0.475759 0.012191 0.011246
0 0.468727 0.710190 0.010780 0.009268
0 0.611518 0.455571 0.012319 0.010108
0 0.268174 0.561228 0.010197 0.008993
0 0.201574 0.532156 0.010271 0.008108
0 0.856854 0.399483 0.021940 0.012085
0 0.556045 0.751033 0.015779 0.014536
0 0.592283 0.392116 0.013431 0.009773
0 0.294934 0.483607 0.011696 0.010014
0 0.691072 0.298548 0.012321 0.009301
0 0.344621 0.499101 0.012467 0.011135
0 0.412957 0.328401 0.013556 0.011471
0 0.546235 0.430682 0.011957 0.009867
0 0.480509 0.748393 0.011855 0.010068
0 0.829467 0.475517 0.011062 0.008025
0 0.699983 0.556521 0.010686 0.009377
0 0.406092 0.524272 0.014374 0.009634
0 0.712666 0.613683 0.011888 0.010146
0 0.374245 0.417146 0.011574 0.008741
0 0.550561 0.471853 0.013827 0.009953
0 0.728977 0.284325 0.012098 0.009673
0 0.413111 0.605766 0.010802 0.008607
0 0.207459 0.449210 0.011424 0.009082
0 0.231975 0.472016 0.010416 0.008571
0 0.372612 0.525702 0.012006 0.009223
0 0.261575 0.506981 0.010970 0.009582
0 0.400846 0.521401 0.014026 0.010960
0 0.297137 0.439852 0.013527 0.011239
0 0.508727 0.514676 0.011390 0.009560
0 0.763042 0.593003 0.010924 0.008702
0 0.306317 0.669042 0.010030 0.009227
0 0.229728 0.503061 0.011052 0.009719
0 0.572341 0.348131 0.012426 0.010066
0 0.331281 0.273714 0.013417 0.011648
0 0.685184 0.709167 0.012933 0.010677
0 0.248689 0.621442 0.010775 0.008511
0 0.346616 0.589124 0.012204 0.008681
0 0.245673 0.438626 0.013513 0.011551
0 0.731611 0.282118 0.012388 0.010597
0 0.658777 0.699306 0.012403 0.009575
0 0.603017 0.374873 0.013260 0.013407
0 0.582588 0.505546 0.011165 0.009474
0 0.430142 0.578560 0.011789 0.009086
0 0.315644 0.503455 0.012123 0.008833
0 0.553387 0.646080 0.011777 0.008435
0 0.856993 0.458738 0.009728 0.007853
0 0.572955 0.222208 0.013895 0.010956
0 0.228876 0.624673 0.013458 0.010390
0 0.251826 0.362712 0.012072 0.009906
0 0.766051 0.381989 0.020457 0.015293
0 0.613075 0.517218 0.013588 0.010762
0 0.609807 0.692856 0.010512 0.008757
0 0.705545 0.520516 0.014345 0.012791
0 0.654603 0.297116 0.014568 0.012097
0 0.706204 0.515826 0.013649 0.010148
0 0.283092 0.367789 0.013119 0.011163
0 0.732027 0.324371 0.013638 0.009404
0 0.631178 0.706770 0.012181 0.009125
0 0.533326 0.231950 0.014072 0.015302
1 0.474625 0.215425 0.029964 0.019101
0 0.771192 0.562292 0.010106 0.009840
0 0.349585 0.504592 0.011249 0.011027
0 0.293365 0.556883 0.010716 0.010713
0 0.330161 0.332122 0.017712 0.012842
0 0.243200 0.554393 0.011768 0.009038
0 0.758223 0.691635 0.012262 0.008656
0 0.388197 0.570090 0.010444 0.009572
0 0.680663 0.697087 0.011601 0.009559
0 0.165901 0.540089 0.012811 0.009993
0 0.222026 0.514496 0.012585 0.009368
0 0.247679 0.576286 0.011489 0.009038
0 0.403710 0.634759 0.010937 0.009043
0 0.695360 0.352337 0.016131 0.011496
0 0.285125 0.313094 0.023063 0.018409
0 0.752173 0.517758 0.009999 0.009602
0 0.308678 0.660316 0.009720 0.011013
0 0.555121 0.501441 0.014346 0.011135
0 0.670993 0.538834 0.010667 0.008374
0 0.705754 0.525657 0.014953 0.014727
0 0.250645 0.433802 0.013328 0.011544
0 0.281192 0.455559 0.012080 0.009485
0 0.517460 0.476495 0.013102 0.009411
0 0.223116 0.309288 0.015221 0.015676
0 0.303132 0.401821 0.016582 0.013776
0 0.363937 0.564490 0.013312 0.012725
0 0.399652 0.678524 0.015434 0.008943
1 0.177439 0.483103 0.035134 0.029644
1 0.645891 0.371114 0.064412 0.060386
1 0.768860 0.277240 0.038062 0.021959