0 0.381009 0.448528 0.016175 0.012890
0 0.559952 0.347183 0.014893 0.013197
0 0.426320 0.410056 0.016393 0.013706
0 0.555894 0.553192 0.018432 0.014301
0 0.604430 0.836221 0.018060 0.013429
0 0.794875 0.547566 0.016243 0.012921
0 0.560353 0.874484 0.026494 0.019155
0 0.793463 0.568069 0.015544 0.012037
0 0.561332 0.499266 0.015276 0.011707
0 0.652450 0.527363 0.018057 0.015582
0 0.664389 0.734959 0.016996 0.012944
0 0.746347 0.532147 0.017422 0.012316
0 0.877028 0.570196 0.013885 0.010992
0 0.675264 0.493584 0.017862 0.014233
0 0.538453 0.387418 0.018238 0.014376
0 0.573571 0.750034 0.016102 0.012812
0 0.827245 0.517770 0.014685 0.012451
0 0.545455 0.793832 0.016853 0.013920
1 0.502865 0.793036 0.044809 0.042598
0 0.562439 0.469699 0.015784 0.011815
0 0.404162 0.816223 0.017678 0.013000
0 0.557067 0.667928 0.022472 0.016791
0 0.550087 0.701450 0.016235 0.013342
0 0.405120 0.463847 0.016084 0.012687
0 0.470136 0.433546 0.018823 0.015203
0 0.466161 0.677085 0.017991 0.012956
0 0.378136 0.631629 0.016939 0.012414
0 0.886276 0.727084 0.014992 0.011816
0 0.448090 0.455412 0.017729 0.014162
0 0.807465 0.811483 0.015936 0.011215
0 0.697097 0.450068 0.015808 0.011763
0 0.344263 0.500753 0.015569 0.012375
0 0.608020 0.902486 0.022745 0.015920
0 0.613050 0.609819 0.018518 0.013840
0 0.863420 0.756258 0.015952 0.012389
0 0.195528 0.502767 0.019618 0.016791
0 0.858315 0.557708 0.015970 0.012598
0 0.260216 0.512995 0.016428 0.011949
0 0.795457 0.481479 0.012472 0.011016
0 0.705671 0.781285 0.015553 0.012339
0 0.645120 0.584016 0.015802 0.012185
0 0.616328 0.429428 0.018161 0.014634
0 0.383388 0.803724 0.017585 0.013389
0 0.483088 0.694969 0.017551 0.016105
0 0.959653 0.614525 0.014493 0.010956
0 0.314580 0.476101 0.015768 0.012838
1 0.384893 0.706766 0.040330 0.031953
0 0.348454 0.803681 0.020184 0.015727
0 0.474385 0.574929 0.017115 0.013565
0 0.459560 0.891828 0.021534 0.015169
0 0.851195 0.611176 0.015329 0.012980
0 0.838418 0.537048 0.017725 0.012329
1 0.890331 0.505880 0.049413 0.036720
0 0.532838 0.366265 0.013928 0.011059
0 0.625983 0.365710 0.016739 0.013359
0 0.678298 0.471708 0.014799 0.011083
0 0.835613 0.630498 0.013033 0.010139
0 0.785308 0.618373 0.015268 0.012818
0 0.655957 0.869742 0.020027 0.015115
0 0.575127 0.709286 0.014423 0.011911
0 0.749143 0.719770 0.014472 0.011867
0 0.418241 0.499241 0.015783 0.013061
0 0.908793 0.553219 0.013467 0.010705
0 0.392213 0.551375 0.014442 0.011882
0 0.495962 0.322907 0.012627 0.011036
0 0.380046 0.822916 0.018117 0.012438
0 0.636360 0.465934 0.016622 0.013180
0 0.418179 0.547063 0.015920 0.012571
0 0.794918 0.709057 0.012351 0.010330
1 0.511616 0.509604 0.031452 0.027379
0 0.622102 0.327788 0.018152 0.015247
0 0.277037 0.635635 0.015125 0.014554
0 0.537864 0.609196 0.015690 0.012369
0 0.633645 0.779138 0.014801 0.011668
0 0.352518 0.386934 0.014434 0.011997
0 0.335170 0.591733 0.017916 0.013051
0 0.261901 0.432582 0.015900 0.013229
0 0.961078 0.580791 0.012011 0.010418
0 0.445412 0.332816 0.015758 0.014385
0 0.720677 0.520623 0.019930 0.013796
0 0.856695 0.698524 0.012739 0.009788
0 0.408230 0.366706 0.025229 0.016845
0 0.376154 0.529090 0.014191 0.011112
0 0.849590 0.539948 0.015824 0.011294
0 0.509608 0.532160 0.018984 0.015635
0 0.630163 0.558377 0.019303 0.013511
0 0.907093 0.588650 0.013550 0.011165
0 0.410688 0.433073 0.018112 0.012990
0 0.881253 0.603650 0.012604 0.009961
0 0.426683 0.614460 0.017627 0.015652
0 0.379994 0.354700 0.013796 0.012295
0 0.757576 0.664069 0.013177 0.010103
0 0.326442 0.633346 0.017799 0.013075
0 0.237256 0.573569 0.017090 0.010857
0 0.551315 0.295107 0.021310 0.013963