0 0.414206 0.484598 0.016230 0.012511
0 0.312448 0.530691 0.017000 0.012560
0 0.317059 0.468615 0.016899 0.013498
0 0.291911 0.735919 0.016429 0.013438
0 0.451508 0.735399 0.013989 0.011004
0 0.372217 0.501908 0.017537 0.012388
0 0.341955 0.738635 0.014747 0.012024
0 0.360901 0.815675 0.017423 0.013535
0 0.348895 0.608440 0.014711 0.012619
0 0.320137 0.846427 0.017753 0.013373
0 0.208282 0.671442 0.017436 0.012898
0 0.245220 0.715112 0.017024 0.012353
0 0.282484 0.569657 0.016735 0.013701
0 0.142031 0.779572 0.019825 0.015811
0 0.198815 0.791735 0.019656 0.014557
0 0.639175 0.760486 0.014243 0.010760
0 0.408680 0.747144 0.015265 0.011351
0 0.473301 0.712799 0.015872 0.012018
0 0.501846 0.543268 0.011896 0.009547
0 0.262625 0.840656 0.019751 0.015799
0 0.223396 0.637290 0.017944 0.013838
0 0.519644 0.477187 0.013329 0.010583
0 0.244546 0.590179 0.021043 0.015340
0 0.278229 0.546046 0.014788 0.011067
0 0.200283 0.847221 0.020127 0.015344
0 0.250675 0.671449 0.015628 0.012801
0 0.202470 0.730180 0.017979 0.013252
0 0.233156 0.443977 0.016613 0.013275
0 0.274397 0.877391 0.021945 0.016797
0 0.177005 0.811541 0.023142 0.018638
0 0.451944 0.666813 0.014008 0.010954
0 0.424966 0.672417 0.014052 0.012141
0 0.129779 0.483673 0.016755 0.013493
0 0.309577 0.661869 0.015438 0.012323
0 0.318372 0.701523 0.017084 0.013611
1 0.447301 0.779893 0.053321 0.042076
0 0.373102 0.773143 0.014490 0.011350
0 0.282831 0.830802 0.017434 0.015006
0 0.257553 0.932747 0.021650 0.016359
0 0.044143 0.556129 0.018018 0.013340
0 0.405305 0.532956 0.016216 0.012698
0 0.253974 0.566810 0.016235 0.012102
0 0.435316 0.825690 0.016210 0.012815
0 0.702345 0.625678 0.013026 0.010799
0 0.657354 0.725357 0.014215 0.011032
0 0.403419 0.685832 0.014315 0.010557
0 0.551899 0.872022 0.018420 0.014456
0 0.074422 0.530696 0.018993 0.016696
1 0.772849 0.735421 0.040754 0.046491
0 0.576241 0.668603 0.015566 0.011539
0 0.486734 0.477611 0.015053 0.010992
0 0.258733 0.404429 0.015562 0.013566
0 0.687192 0.739693 0.013451 0.009895
0 0.233046 0.560729 0.015412 0.011115
0 0.257072 0.689539 0.013386 0.009962
0 0.575389 0.849710 0.017695 0.014771
0 0.214766 0.539736 0.016470 0.012878
0 0.511392 0.690179 0.012519 0.010212
0 0.368692 0.461908 0.014328 0.010846
0 0.386660 0.821150 0.015923 0.013877
0 0.583997 0.639719 0.012125 0.009799
0 0.622265 0.842551 0.013430 0.009862
0 0.286580 0.689707 0.014253 0.011932
1 0.561751 0.532597 0.042021 0.029220
0 0.518444 0.648920 0.011888 0.009649
0 0.330957 0.651620 0.013913 0.011410
0 0.342351 0.493357 0.014064 0.011644
0 0.469311 0.539768 0.013877 0.009973
0 0.043825 0.583960 0.016974 0.013990
1 0.615512 0.502858 0.054872 0.026449
0 0.616045 0.663336 0.012650 0.010330
1 0.487222 0.400952 0.060014 0.046090
1 0.567353 0.792530 0.082949 0.043598
1 0.355841 0.672546 0.055822 0.036766
1 0.558862 0.559576 0.037537 0.025988
1 0.464789 0.519844 0.036373 0.027730
0 0.583361 0.690331 0.015503 0.012837
0 0.735502 0.611105 0.014606 0.010147
0 0.156103 0.429188 0.025352 0.017367
0 0.501130 0.726404 0.013640 0.012076
1 0.392710 0.435233 0.036390 0.023120
0 0.007437 0.614305 0.014177 0.011913
0 0.036125 0.649531 0.015456 0.013052
0 0.690528 0.771720 0.013092 0.010430
0 0.666423 0.604244 0.013019 0.014122
0 0.401226 0.831696 0.018140 0.014302
0 0.171342 0.907484 0.017514 0.013831
0 0.122864 0.638296 0.014188 0.011665
0 0.423499 0.895787 0.027436 0.019347
0 0.269330 0.467369 0.020104 0.015740
1 0.470812 0.636262 0.047386 0.031849
0 0.288153 0.403126 0.016280 0.012697
0 0.493612 0.804120 0.012233 0.010318
0 0.280926 0.919198 0.018012 0.014399
1 0.249140 0.526660 0.045207 0.036182
0 0.390491 0.721825 0.015944 0.009868
0 0.567618 0.761138 0.011866 0.009910
0 0.201748 0.598967 0.014692 0.012191
0 0.539819 0.685991 0.013353 0.012564
0 0.733408 0.740172 0.012628 0.009517
1 0.471790 0.591965 0.039197 0.032253
0 0.637678 0.696850 0.021699 0.015551
0 0.649350 0.513889 0.016171 0.013924
0 0.264939 0.608131 0.013369 0.010831
0 0.648826 0.528981 0.013381 0.010975
0 0.561846 0.702932 0.012958 0.009731
1 0.418467 0.390501 0.037759 0.035822
0 0.489168 0.569152 0.011815 0.009200
0 0.156558 0.631044 0.023557 0.018458
0 0.366493 0.704552 0.012447 0.009953
0 0.086936 0.724401 0.013665 0.011616
1 0.648469 0.800214 0.045353 0.035954
0 0.615603 0.543334 0.016730 0.012576
0 0.622133 0.576937 0.015817 0.012122
1 0.336371 0.419492 0.033445 0.026942
1 0.612600 0.502640 0.001239 0.000000
1 0.332655 0.374899 0.043354 0.026942
1 0.562433 0.612729 0.039638 0.023226
1 0.112167 0.741399 0.050787 0.039019