0 0.536945 0.910838 0.020308 0.015119
0 0.424802 0.588317 0.016011 0.012449
0 0.536705 0.491728 0.014824 0.011511
0 0.568997 0.407380 0.012567 0.010622
0 0.524407 0.465846 0.016258 0.012361
0 0.673387 0.853580 0.013290 0.010037
0 0.749433 0.456764 0.015309 0.011880
0 0.436147 0.417558 0.014121 0.011349
0 0.627122 0.438602 0.014755 0.012535
0 0.531826 0.427059 0.015399 0.012472
0 0.468373 0.706577 0.013985 0.011593
0 0.757422 0.421425 0.017292 0.013666
0 0.389324 0.621682 0.015297 0.012306
0 0.648851 0.690144 0.013005 0.010190
0 0.737482 0.828688 0.015956 0.012223
0 0.643017 0.873489 0.013576 0.011011
0 0.413362 0.684631 0.016770 0.010853
0 0.626528 0.603649 0.013715 0.010324
0 0.592354 0.437155 0.013013 0.011762
0 0.688439 0.472547 0.016316 0.012390
0 0.722932 0.847188 0.014380 0.010004
0 0.464102 0.370906 0.016086 0.012314
0 0.506217 0.677890 0.020800 0.014807
0 0.569430 0.747462 0.011885 0.010052
0 0.683870 0.439614 0.014358 0.012202
0 0.362020 0.708760 0.016029 0.012814
0 0.181773 0.616838 0.018114 0.013982
0 0.465783 0.916147 0.018572 0.014743
0 0.859916 0.662122 0.013402 0.009779
0 0.347085 0.524047 0.016069 0.015463
0 0.501021 0.383016 0.015366 0.012357
0 0.600537 0.645013 0.013766 0.010074
0 0.772875 0.558439 0.013947 0.010403
0 0.418017 0.833535 0.013366 0.010936
0 0.740854 0.637182 0.012851 0.010214
0 0.212899 0.463027 0.018437 0.014816
0 0.356440 0.557681 0.013766 0.010341
0 0.142180 0.568779 0.022225 0.016794
0 0.434183 0.733609 0.016216 0.013165
0 0.267907 0.413713 0.017428 0.013765
0 0.727263 0.457964 0.013491 0.011488
0 0.670057 0.757115 0.014026 0.010477
0 0.632656 0.465606 0.014473 0.012914
0 0.716446 0.521330 0.012574 0.010206
0 0.636795 0.785259 0.012036 0.010278
0 0.659461 0.449725 0.013188 0.011384
0 0.654328 0.907188 0.018051 0.012205
0 0.477257 0.479891 0.015310 0.014661
0 0.331695 0.774636 0.019809 0.015990
0 0.441433 0.850061 0.014465 0.010032
0 0.518578 0.752917 0.012983 0.011207
0 0.672938 0.604692 0.016446 0.013173
0 0.298871 0.416208 0.018354 0.014962
0 0.660517 0.491274 0.021606 0.015751
0 0.376313 0.656718 0.014972 0.011112
0 0.679870 0.628804 0.012712 0.009931
0 0.636646 0.763046 0.011453 0.010077
0 0.176530 0.502150 0.018549 0.013838
0 0.511387 0.803864 0.011108 0.010261
0 0.686565 0.827269 0.013199 0.009953
0 0.583951 0.595148 0.016132 0.012226
0 0.670929 0.580204 0.013359 0.010715
0 0.576208 0.486066 0.015869 0.011868
0 0.664173 0.708206 0.014757 0.011189
0 0.432572 0.435856 0.015755 0.012533
0 0.609133 0.661104 0.014359 0.013302
0 0.781976 0.609872 0.014895 0.011186
0 0.595944 0.469420 0.015190 0.011511
0 0.612666 0.853560 0.012630 0.009417
0 0.443789 0.389257 0.015965 0.012402
0 0.643501 0.651552 0.016283 0.011670
0 0.749361 0.572805 0.013081 0.009841
0 0.535887 0.535901 0.014930 0.010865
0 0.449967 0.824029 0.012415 0.010048
0 0.303259 0.658592 0.013604 0.010299
0 0.623417 0.677847 0.012829 0.009855
0 0.715769 0.429185 0.017298 0.012319
0 0.624542 0.836587 0.012372 0.008741
0 0.545991 0.759005 0.012796 0.010769
0 0.774910 0.478988 0.014855 0.012657
0 0.615190 0.390682 0.014358 0.011660
0 0.617409 0.526711 0.015865 0.011271
0 0.479257 0.671674 0.014922 0.012802
0 0.418319 0.618774 0.014534 0.011004
0 0.416914 0.876560 0.018384 0.013789
0 0.447563 0.441843 0.014634 0.010922
0 0.407406 0.552419 0.016342 0.012812
0 0.554556 0.455486 0.013597 0.010299
0 0.639423 0.627349 0.013447 0.011654
0 0.644440 0.671783 0.012043 0.010396
0 0.565335 0.714866 0.012581 0.011358
0 0.638631 0.573614 0.013501 0.010479
0 0.594137 0.703515 0.012586 0.010592
0 0.649718 0.410370 0.016589 0.014216
0 0.598716 0.756687 0.012229 0.009249
0 0.578095 0.735163 0.011271 0.009232
0 0.334270 0.799248 0.017570 0.013319
0 0.402233 0.365835 0.014793 0.012819
0 0.516397 0.514545 0.015049 0.011950
0 0.594305 0.839522 0.010875 0.008638
0 0.610398 0.790938 0.010933 0.008580
0 0.815582 0.554461 0.014816 0.011187
0 0.544662 0.509604 0.012315 0.010411
0 0.381665 0.441179 0.019284 0.017430
0 0.158816 0.537417 0.019247 0.016926
0 0.293236 0.596931 0.015433 0.012086
0 0.588836 0.534782 0.012447 0.009987
0 0.485843 0.887361 0.014993 0.010842
0 0.240762 0.427374 0.017071 0.015868
0 0.352114 0.729749 0.015031 0.013806
0 0.509541 0.444676 0.012111 0.009434
0 0.517017 0.407689 0.012301 0.009684
0 0.621744 0.356162 0.016455 0.011565
0 0.655876 0.737488 0.011527 0.009618
0 0.630938 0.724464 0.012005 0.011372
0 0.329664 0.423829 0.015513 0.013492
0 0.349095 0.681589 0.012418 0.010412
0 0.613473 0.901033 0.015360 0.012364
0 0.376692 0.519018 0.014838 0.012639
0 0.591357 0.397088 0.012952 0.010701
0 0.607483 0.876600 0.017299 0.010056
0 0.698580 0.744477 0.013854 0.012984
0 0.705442 0.875507 0.015680 0.010872
0 0.406203 0.404931 0.013211 0.010795
0 0.644461 0.818355 0.011559 0.009945
0 0.534369 0.792345 0.010237 0.008747
0 0.611129 0.621610 0.013586 0.010024
0 0.334110 0.610652 0.015361 0.014877
0 0.591552 0.620519 0.013873 0.010885
0 0.379344 0.532957 0.012768 0.010467
0 0.694884 0.386746 0.016040 0.012690
0 0.719097 0.678198 0.018110 0.015175
0 0.600043 0.920609 0.019207 0.013176
0 0.571715 0.886042 0.012265 0.009533
0 0.781440 0.578162 0.012587 0.009590
0 0.447266 0.686274 0.012347 0.009951
0 0.683485 0.512988 0.016039 0.012438
0 0.594431 0.810605 0.012185 0.009967
0 0.425215 0.502945 0.012839 0.011073
0 0.434481 0.890797 0.013644 0.011078
0 0.450316 0.803404 0.013229 0.010625
0 0.482337 0.522043 0.015199 0.011729
0 0.740844 0.873913 0.014993 0.010701
0 0.467322 0.886228 0.015991 0.011682
0 0.591912 0.575983 0.015129 0.010523
0 0.378669 0.392502 0.014809 0.012983
0 0.667757 0.791143 0.013430 0.011409
0 0.596445 0.505337 0.013513 0.011384
0 0.813465 0.684369 0.014128 0.011542
0 0.757409 0.760710 0.011412 0.010268
0 0.800576 0.533124 0.013578 0.009995
0 0.622529 0.524795 0.022044 0.011125
0 0.564080 0.359916 0.013120 0.013012
0 0.837683 0.698836 0.014866 0.012188
0 0.679896 0.889379 0.014846 0.010615
0 0.412930 0.651377 0.015330 0.010506
0 0.420155 0.638383 0.018579 0.011596
0 0.628618 0.522470 0.015944 0.010671
0 0.506227 0.544805 0.019571 0.011865
0 0.666347 0.885020 0.014006 0.010096
0 0.643864 0.836707 0.010709 0.007909
0 0.494336 0.741697 0.012762 0.009255
0 0.531771 0.738377 0.012997 0.009727
0 0.538820 0.371362 0.011977 0.009230
0 0.709520 0.819991 0.012526 0.009467
0 0.605538 0.571083 0.017174 0.010230
0 0.552191 0.376898 0.012749 0.010548
0 0.732868 0.556286 0.014626 0.012692
0 0.717200 0.395951 0.014984 0.013405
0 0.521747 0.721081 0.013473 0.010685
0 0.797124 0.492066 0.012823 0.010473
0 0.181603 0.544422 0.015163 0.013324
0 0.621118 0.424736 0.014655 0.011124
0 0.763940 0.859046 0.015978 0.013547
0 0.684105 0.558974 0.013582 0.010700
0 0.427850 0.541927 0.014411 0.013787
0 0.356927 0.418970 0.014231 0.011692
0 0.654752 0.379650 0.015773 0.013789
0 0.630796 0.497983 0.012536 0.010100
0 0.543553 0.854902 0.010173 0.008602
0 0.548066 0.392839 0.011879 0.009620
0 0.468560 0.737103 0.012360 0.011732
0 0.616807 0.806882 0.009832 0.007944
0 0.349715 0.477777 0.011642 0.009731
0 0.552640 0.734855 0.012222 0.008926
0 0.349628 0.646058 0.012986 0.010772
0 0.784196 0.718465 0.012396 0.010570
0 0.362687 0.575756 0.014369 0.011297
0 0.394438 0.510774 0.016411 0.014080
0 0.436625 0.709345 0.012264 0.011266
0 0.488688 0.867027 0.013911 0.009499
0 0.424109 0.463660 0.014678 0.012345
0 0.443484 0.473584 0.017077 0.010409
0 0.600491 0.739912 0.011368 0.009982
0 0.425549 0.667273 0.016129 0.011414