0 0.808098 0.713880 0.024211 0.017459
0 0.841790 0.740564 0.025178 0.019440
0 0.295271 0.712315 0.024775 0.019142
0 0.246865 0.733556 0.020960 0.015848
0 0.829545 0.645639 0.024719 0.019204
0 0.711598 0.467161 0.019111 0.014086
0 0.512705 0.810199 0.027100 0.020001
0 0.263738 0.654065 0.030157 0.020349
0 0.597924 0.736395 0.026561 0.018347
0 0.594460 0.445219 0.025316 0.019786
0 0.698868 0.801172 0.027748 0.020384
0 0.600065 0.398659 0.017629 0.014124
0 0.387680 0.564303 0.029783 0.020963
0 0.372832 0.523203 0.026859 0.017564
0 0.258012 0.629031 0.027662 0.019346
0 0.579481 0.788947 0.024265 0.018265
0 0.673772 0.544761 0.016290 0.012393
0 0.907656 0.667798 0.023611 0.017396
0 0.699635 0.572886 0.024258 0.014753
0 0.333065 0.464416 0.021904 0.015968
0 0.653503 0.507053 0.016115 0.012769
0 0.281713 0.771658 0.021652 0.016455
0 0.849556 0.549028 0.024197 0.018930
0 0.460419 0.619993 0.031087 0.025987
0 0.881560 0.749673 0.019973 0.015499
0 0.423176 0.737121 0.023511 0.017625
0 0.403489 0.855772 0.037662 0.024757
0 0.746454 0.578431 0.035738 0.026868
0 0.326400 0.811464 0.023179 0.016292
0 0.778514 0.465407 0.030948 0.025869
0 0.686415 0.962737 0.024314 0.018235
0 0.918452 0.527976 0.025777 0.019538
0 0.648062 0.587296 0.032462 0.023030
0 0.585951 0.551362 0.016791 0.012676
0 0.535136 0.943865 0.026683 0.020170
1 0.560458 0.905475 0.066055 0.041403
0 0.397086 0.755522 0.032481 0.021384
0 0.691909 0.432760 0.014340 0.012408
0 0.430311 0.620936 0.020705 0.014848
0 0.437435 0.433770 0.017013 0.014038
0 0.957632 0.639501 0.021415 0.014651
0 0.704186 0.689998 0.016635 0.014022
0 0.476801 0.720933 0.017773 0.014737
0 0.693902 0.483527 0.016614 0.012319
0 0.556400 0.987447 0.022369 0.015963
0 0.697237 0.639017 0.015164 0.013271
0 0.218832 0.732780 0.018401 0.015290
1 0.950167 0.762818 0.031167 0.019480