0 0.598087 0.661085 0.017583 0.013224
0 0.790243 0.751195 0.015976 0.011893
0 0.546384 0.530815 0.015335 0.012125
0 0.689309 0.492339 0.015514 0.012230
0 0.425330 0.776302 0.016039 0.012597
0 0.363291 0.548694 0.016633 0.013894
0 0.442456 0.421874 0.016682 0.013241
0 0.804595 0.709319 0.016296 0.012925
0 0.633341 0.471368 0.015210 0.012888
0 0.354690 0.625289 0.015652 0.011157
0 0.618993 0.529022 0.015776 0.013591
0 0.445126 0.625579 0.015843 0.011957
0 0.755633 0.661313 0.017757 0.013197
0 0.764592 0.629203 0.014410 0.010976
0 0.556907 0.641171 0.015023 0.011697
0 0.622291 0.499454 0.014502 0.011209
0 0.430704 0.545205 0.015876 0.012209
0 0.902195 0.655183 0.013955 0.010670
0 0.781771 0.784819 0.016658 0.012001
0 0.697424 0.420078 0.017135 0.013670
0 0.455985 0.546725 0.015513 0.012131
0 0.470374 0.404844 0.015161 0.011762
0 0.716403 0.594828 0.013927 0.010994
0 0.660388 0.619501 0.014693 0.012377
0 0.496261 0.534326 0.017861 0.014685
0 0.420898 0.816307 0.018100 0.013584
0 0.450180 0.566131 0.015964 0.012799
0 0.762622 0.458361 0.014914 0.011744
0 0.466028 0.699756 0.015473 0.012544
0 0.729006 0.619350 0.015070 0.010799
0 0.547810 0.707603 0.014137 0.011196
0 0.914078 0.693965 0.013345 0.010336
0 0.688937 0.538492 0.014859 0.011362
0 0.751371 0.826543 0.018672 0.015553
0 0.855182 0.489752 0.014098 0.009809
0 0.419281 0.630464 0.014288 0.011375
0 0.943491 0.602735 0.017149 0.012767
0 0.938858 0.580695 0.016383 0.012543
0 0.538365 0.420375 0.021867 0.013449
0 0.606480 0.710636 0.014111 0.010938
0 0.599993 0.517415 0.015771 0.012043
0 0.728318 0.823256 0.015186 0.011890
0 0.335296 0.759372 0.014197 0.010765
0 0.721198 0.701457 0.014636 0.010907
0 0.525697 0.505112 0.014693 0.011999
0 0.685875 0.401291 0.014135 0.011697
0 0.762216 0.570886 0.016607 0.012502
0 0.732284 0.748526 0.015010 0.011565
0 0.296612 0.615955 0.013087 0.010608
1 0.375057 0.504326 0.045172 0.030707
0 0.628747 0.754462 0.015944 0.011990
0 0.673553 0.723771 0.015784 0.011161
0 0.486223 0.738600 0.013102 0.010569
0 0.791908 0.386329 0.015231 0.013850
0 0.594979 0.790112 0.013610 0.010602
0 0.671385 0.551130 0.014092 0.011420
0 0.519696 0.658753 0.016994 0.015170
0 0.713164 0.444853 0.026336 0.017850
0 0.592417 0.475431 0.013666 0.011137
0 0.330384 0.610135 0.015044 0.012187
0 0.550029 0.364164 0.020116 0.015378
0 0.850505 0.569188 0.012538 0.009630
0 0.664100 0.518608 0.014921 0.014566
1 0.792375 0.454413 0.036925 0.028262
0 0.723862 0.483158 0.011895 0.009959
0 0.566006 0.499730 0.012653 0.010521
0 0.331717 0.411384 0.015921 0.014239
0 0.408894 0.557698 0.015237 0.011825
0 0.836215 0.393961 0.014045 0.011092
0 0.451642 0.716804 0.013533 0.010013
0 0.891644 0.524689 0.014761 0.012364
0 0.392300 0.541565 0.014114 0.012967
0 0.780842 0.608388 0.014577 0.014231
0 0.515712 0.443826 0.014420 0.011135
0 0.957502 0.547474 0.014097 0.011771
0 0.306148 0.471931 0.013155 0.011268
0 0.941612 0.469377 0.019249 0.015103
1 0.781693 0.419277 0.041224 0.030875
0 0.701856 0.338887 0.014668 0.013067
0 0.577560 0.838956 0.017362 0.012483
0 0.305077 0.587311 0.013658 0.011406
0 0.426909 0.739060 0.013137 0.012408
0 0.565681 0.444188 0.015239 0.012817
0 0.346317 0.719512 0.013762 0.011712
0 0.656804 0.399400 0.013873 0.011647
0 0.773249 0.499803 0.012117 0.009372
0 0.613149 0.729707 0.013266 0.009796
0 0.740701 0.599830 0.013698 0.011110
0 0.315146 0.645249 0.013029 0.010435
0 0.355871 0.682957 0.011604 0.010182
0 0.364020 0.663354 0.011972 0.009967
0 0.873617 0.427799 0.013132 0.010592
0 0.392919 0.386357 0.019098 0.019430
0 0.664219 0.525971 0.015797 0.016559
0 0.389309 0.671978 0.011770 0.009696
0 0.863876 0.403738 0.013070 0.010915
0 0.424296 0.484178 0.017566 0.014559
1 0.485000 0.343998 0.032206 0.027174
1 0.228861 0.528932 0.027174 0.028684
1 0.783913 0.813126 0.038245 0.029438