0 0.675415 0.482358 0.016485 0.012767
0 0.583295 0.659365 0.018482 0.014911
0 0.528028 0.524156 0.015334 0.012283
0 0.417045 0.410577 0.015633 0.012367
0 0.327745 0.623401 0.016350 0.011356
0 0.397348 0.628659 0.015628 0.012616
0 0.335134 0.543820 0.016985 0.015096
0 0.531096 0.708472 0.016738 0.012860
0 0.603744 0.521495 0.016755 0.013917
0 0.606856 0.490912 0.014620 0.011870
0 0.754944 0.625196 0.017250 0.012295
0 0.426629 0.561050 0.015875 0.013102
0 0.617262 0.461253 0.015188 0.012936
0 0.433341 0.541599 0.015046 0.012167
0 0.682757 0.407499 0.018025 0.014308
0 0.276108 0.584917 0.015012 0.011622
0 0.423051 0.623625 0.015487 0.011992
0 0.848129 0.478887 0.013833 0.010732
0 0.311274 0.763180 0.015169 0.012292
0 0.519468 0.408439 0.021404 0.014034
0 0.749540 0.447030 0.016150 0.012599
0 0.474832 0.527533 0.016387 0.015235
0 0.675791 0.530024 0.015472 0.012191
0 0.406479 0.538918 0.015690 0.013088
0 0.705952 0.588876 0.015419 0.011592
0 0.506994 0.497690 0.013829 0.012277
0 0.539867 0.638720 0.015531 0.011660
0 0.446944 0.700509 0.016685 0.012937
0 0.771857 0.601204 0.019439 0.017531
0 0.647319 0.614221 0.015486 0.012618
0 0.743570 0.658442 0.021365 0.015316
0 0.405753 0.780855 0.018227 0.015142
1 0.770296 0.407054 0.045524 0.034079
0 0.718631 0.614518 0.016395 0.012648
0 0.446250 0.393047 0.015837 0.012015
0 0.529167 0.350902 0.020623 0.016700
0 0.292719 0.753208 0.015444 0.012755
0 0.686755 0.323792 0.015899 0.013247
0 0.321704 0.722256 0.015171 0.012915
0 0.302027 0.608169 0.016592 0.013402
0 0.301037 0.399612 0.016591 0.014579
0 0.669324 0.388220 0.014051 0.011169
0 0.467685 0.740469 0.014086 0.011181
0 0.365106 0.372838 0.020725 0.018282
0 0.546996 0.432372 0.016388 0.013558
0 0.658533 0.543731 0.015963 0.012932
0 0.500793 0.658795 0.017885 0.015964
0 0.781629 0.749825 0.017274 0.013485
0 0.779504 0.372840 0.015208 0.013305
0 0.583991 0.510187 0.016742 0.013344
0 0.431748 0.718062 0.013510 0.010231
0 0.768154 0.337937 0.015239 0.012236
0 0.797828 0.706701 0.017742 0.014248
1 0.348838 0.497805 0.048086 0.036221
0 0.267164 0.614538 0.013058 0.010123
0 0.708406 0.698784 0.020667 0.015395
0 0.368084 0.538668 0.014680 0.011916
0 0.493803 0.432310 0.014969 0.011636
0 0.275004 0.463439 0.013676 0.010721
0 0.407703 0.364655 0.021670 0.016463
0 0.825473 0.378689 0.015730 0.011510
0 0.398781 0.475831 0.018999 0.014326
0 0.750787 0.565110 0.019078 0.013457
0 0.558363 0.417252 0.017850 0.014581
1 0.781753 0.442616 0.036664 0.028210
0 0.397655 0.655671 0.014554 0.011520
0 0.698880 0.433078 0.028412 0.017806
0 0.298772 0.458085 0.012510 0.011238
0 0.932500 0.457260 0.019199 0.015553
0 0.884368 0.514757 0.016153 0.013330
0 0.648739 0.511024 0.016686 0.015812
0 0.384322 0.553597 0.015470 0.011977
0 0.591267 0.710935 0.015090 0.012702
0 0.349712 0.599575 0.013597 0.010407
0 0.710815 0.472145 0.014072 0.011465
0 0.366542 0.410666 0.015916 0.011973
0 0.551666 0.605485 0.016897 0.014393
0 0.809862 0.373873 0.014404 0.011255
0 0.765643 0.569710 0.022664 0.017388
0 0.841824 0.561707 0.014240 0.010854
0 0.770787 0.805114 0.041239 0.029163
1 0.462813 0.328742 0.027764 0.024155