0 0.732063 0.544844 0.016789 0.012852
0 0.679939 0.516439 0.017425 0.013148
0 0.816075 0.765438 0.016274 0.013085
0 0.774797 0.800777 0.018040 0.013333
0 0.657451 0.685673 0.016071 0.012412
0 0.777604 0.747986 0.020557 0.016379
0 0.485511 0.570172 0.018739 0.015818
0 0.576347 0.405849 0.015213 0.012514
0 0.597686 0.428955 0.018943 0.013914
0 0.530521 0.847094 0.021177 0.015956
0 0.567021 0.476786 0.015193 0.011547
0 0.375069 0.657232 0.018997 0.013946
0 0.315668 0.593587 0.013819 0.012081
0 0.337700 0.666314 0.016895 0.014226
0 0.481912 0.661216 0.016096 0.013058
0 0.540175 0.760856 0.017104 0.012756
0 0.562498 0.770306 0.015062 0.011778
0 0.349912 0.683374 0.013979 0.011464
0 0.876450 0.681947 0.015052 0.012140
0 0.821090 0.522210 0.018007 0.014172
0 0.500103 0.362342 0.014333 0.011504
0 0.707699 0.366925 0.014778 0.012652
0 0.898303 0.502095 0.012971 0.010256
0 0.847796 0.494630 0.016023 0.012818
0 0.896326 0.644619 0.012448 0.009731
0 0.576039 0.338459 0.013488 0.010903
0 0.618939 0.380931 0.015085 0.012170
0 0.783053 0.450206 0.014362 0.011542
0 0.375467 0.476461 0.015924 0.013971
0 0.781149 0.507043 0.015945 0.013620
0 0.748647 0.633713 0.015000 0.011405
0 0.553652 0.591728 0.012118 0.009827
0 0.756234 0.662631 0.015779 0.013367
0 0.652372 0.729863 0.016671 0.013467
1 0.560890 0.380196 0.046126 0.035405
0 0.522295 0.389077 0.013668 0.010878
0 0.231834 0.622104 0.014321 0.011279
0 0.347757 0.540091 0.014182 0.011974
0 0.422589 0.539170 0.014475 0.011409
0 0.247972 0.537167 0.013334 0.012604
0 0.354898 0.596635 0.016787 0.013645
0 0.398339 0.341911 0.018530 0.015738
0 0.593308 0.587816 0.012252 0.009654
0 0.444021 0.726961 0.015576 0.013403
0 0.476258 0.334008 0.023612 0.019850
0 0.565677 0.354776 0.014246 0.010333
0 0.291011 0.454663 0.013756 0.012314
0 0.503248 0.446085 0.015674 0.012909
0 0.719765 0.426280 0.019204 0.012394
0 0.730728 0.377637 0.015114 0.012263
0 0.543779 0.513585 0.016813 0.013115
0 0.649170 0.587459 0.017209 0.014677
0 0.635448 0.518842 0.013763 0.013649
0 0.428895 0.610001 0.024329 0.016185
0 0.393597 0.568062 0.014084 0.012320
0 0.823557 0.566642 0.025606 0.011923
0 0.276318 0.407150 0.013619 0.012103
0 0.552975 0.628695 0.012585 0.011157
0 0.480477 0.455385 0.015339 0.013780
0 0.436968 0.556096 0.016746 0.012358
0 0.443029 0.410978 0.013976 0.011475
0 0.621400 0.327105 0.014383 0.011648
0 0.635371 0.327120 0.015360 0.011178
0 0.303005 0.619135 0.013707 0.010571
0 0.483260 0.510555 0.016026 0.013990
1 0.699378 0.408444 0.041217 0.026350
0 0.538495 0.444603 0.023550 0.021075
0 0.340575 0.630897 0.013978 0.011052
0 0.836006 0.380377 0.016400 0.012143
0 0.449982 0.532478 0.019256 0.011233
1 0.809704 0.359416 0.031370 0.022718
0 0.244425 0.423504 0.016035 0.012399
0 0.842387 0.642419 0.018145 0.013635
0 0.600582 0.482674 0.014057 0.010999
0 0.398233 0.773244 0.013884 0.010581
1 0.284472 0.491338 0.051237 0.034036