0 0.360015 0.550011 0.016315 0.012639
1 0.350273 0.854061 0.140757 0.054719
0 0.346759 0.577340 0.019723 0.014741
1 0.107310 0.519392 0.055162 0.051111
0 0.652033 0.451571 0.021564 0.016070
0 0.340534 0.623048 0.017987 0.013945
1 0.640549 0.723842 0.046628 0.037026
0 0.434465 0.506161 0.020617 0.015648
0 0.633106 0.544174 0.015242 0.011911
0 0.707579 0.498601 0.016490 0.013020
0 0.667173 0.428677 0.016190 0.012567
0 0.732074 0.391983 0.018963 0.015822
1 0.391822 0.798099 0.107756 0.050984
0 0.213602 0.584563 0.018567 0.014331
0 0.419884 0.561536 0.017465 0.013410
0 0.662197 0.345831 0.015749 0.012577
0 0.669138 0.475947 0.015129 0.012125
1 0.399668 0.701756 0.051030 0.040673
0 0.593615 0.596261 0.017791 0.014037
0 0.502634 0.493788 0.019170 0.015113
0 0.723545 0.556648 0.015437 0.012027
0 0.624836 0.413286 0.015761 0.013433
0 0.523031 0.421221 0.020204 0.016538
0 0.676507 0.515935 0.014307 0.011591
0 0.125444 0.702210 0.017566 0.013161
0 0.594377 0.337081 0.030614 0.020066
0 0.567821 0.747208 0.020214 0.018948
0 0.547263 0.345537 0.021132 0.020754
0 0.619609 0.790881 0.018039 0.013986
0 0.738929 0.421119 0.017454 0.013565
0 0.312295 0.385371 0.025025 0.019748
0 0.750742 0.449913 0.017322 0.013365
0 0.604764 0.433194 0.020952 0.015907
0 0.457664 0.729739 0.021625 0.017021
0 0.683720 0.582181 0.018985 0.019077
0 0.535080 0.497468 0.016595 0.014027
0 0.752901 0.407436 0.017762 0.014108
0 0.489638 0.816968 0.019837 0.015823
0 0.090154 0.628578 0.014630 0.012074
0 0.447582 0.577326 0.016963 0.013047
0 0.657702 0.663502 0.017233 0.013009
0 0.420660 0.512463 0.018952 0.013841
0 0.102600 0.716303 0.014515 0.010534
0 0.342114 0.322118 0.034032 0.032853
0 0.284909 0.394079 0.020715 0.017520
0 0.297467 0.616430 0.017318 0.013924
0 0.693368 0.367212 0.017570 0.012439
0 0.385236 0.640226 0.016807 0.013721
0 0.292627 0.322444 0.026104 0.028262
0 0.303246 0.554482 0.013249 0.010194
0 0.186437 0.371849 0.020941 0.018448
0 0.478843 0.673053 0.014658 0.011795
0 0.339770 0.524911 0.018304 0.015443
0 0.500070 0.454471 0.023530 0.019779
0 0.489104 0.367620 0.031186 0.027754
0 0.404400 0.552654 0.016225 0.014745
0 0.498736 0.623175 0.020096 0.016461
0 0.577021 0.440655 0.018539 0.014367
0 0.586339 0.460466 0.021336 0.017253
0 0.232385 0.363843 0.027954 0.028223
0 0.616292 0.563245 0.019135 0.015763
0 0.641501 0.783000 0.018687 0.017234
0 0.523615 0.809800 0.019424 0.016455
0 0.677275 0.669687 0.021640 0.017368
0 0.318047 0.628453 0.016974 0.013502
0 0.541325 0.533817 0.016241 0.014951
0 0.123391 0.661992 0.016026 0.014345
0 0.539046 0.298606 0.012102 0.011234
1 0.742802 0.731620 0.027605 0.025017
1 0.778458 0.662607 0.000000 0.000863