0 0.392933 0.574263 0.016457 0.012684
0 0.658551 0.884998 0.016511 0.013040
0 0.696801 0.858229 0.014847 0.010793
0 0.429660 0.760509 0.015272 0.010511
0 0.537564 0.717781 0.015368 0.012024
0 0.646706 0.690316 0.016535 0.012339
0 0.297256 0.738292 0.015088 0.011705
0 0.520751 0.490331 0.018343 0.013030
0 0.547870 0.534744 0.018175 0.013588
0 0.575545 0.681865 0.015440 0.013436
0 0.547267 0.508739 0.018926 0.015720
0 0.649270 0.533440 0.018589 0.014524
0 0.193955 0.668005 0.013427 0.010217
0 0.347078 0.806936 0.013063 0.009643
0 0.684425 0.907525 0.017555 0.013427
0 0.515616 0.541322 0.015672 0.011826
0 0.448311 0.746662 0.015656 0.012415
0 0.558197 0.657469 0.017258 0.013722
0 0.644527 0.652877 0.019063 0.015503
0 0.412382 0.410856 0.016450 0.012601
0 0.436666 0.647396 0.014878 0.011892
0 0.638400 0.446452 0.021007 0.016824
0 0.474580 0.449767 0.016006 0.013722
0 0.330164 0.909554 0.017318 0.013052
0 0.608454 0.606778 0.018744 0.014408
0 0.724811 0.544310 0.019838 0.015941
0 0.432566 0.735962 0.014796 0.011193
0 0.535672 0.759900 0.017149 0.011893
0 0.681113 0.619571 0.014756 0.011586
0 0.431469 0.506085 0.015805 0.012278
0 0.371332 0.785488 0.013183 0.011301
1 0.379932 0.503511 0.046834 0.034944
0 0.325324 0.495566 0.016781 0.012504
0 0.513732 0.736496 0.016905 0.014898
1 0.455841 0.804797 0.045487 0.035465
0 0.263834 0.652194 0.016349 0.011925
0 0.387143 0.919379 0.014618 0.010996
0 0.630536 0.771824 0.013854 0.010721
0 0.231148 0.742014 0.013070 0.010436
0 0.276304 0.482850 0.012007 0.010154
0 0.416125 0.445865 0.013079 0.010668
0 0.330819 0.654710 0.015210 0.013189
0 0.604723 0.736298 0.014036 0.010400
0 0.623248 0.721541 0.013498 0.011024
0 0.581359 0.507796 0.018207 0.012908
0 0.664320 0.463688 0.019643 0.014728
0 0.669344 0.517948 0.016465 0.013456
0 0.703195 0.485579 0.020494 0.016523
0 0.601643 0.807592 0.011729 0.009407
0 0.317799 0.625088 0.015564 0.013288
1 0.271118 0.560128 0.048331 0.035084
0 0.373325 0.643626 0.013526 0.010999
0 0.706602 0.524729 0.019267 0.015019
0 0.280558 0.869944 0.017936 0.015352
0 0.274312 0.593990 0.014341 0.010442
0 0.400475 0.536393 0.017763 0.011680
0 0.348129 0.595008 0.015223 0.011878
0 0.686241 0.725547 0.019613 0.013341
0 0.540380 0.376307 0.014168 0.012170
0 0.506232 0.381760 0.014299 0.012100
0 0.497418 0.829134 0.016691 0.012194
0 0.382395 0.616520 0.015621 0.013337
0 0.304117 0.773720 0.019616 0.014240
0 0.586188 0.746919 0.016486 0.012607
0 0.297791 0.903157 0.015463 0.011128
0 0.310482 0.426198 0.014014 0.011628
0 0.372095 0.713810 0.016772 0.012236
0 0.439649 0.522751 0.016835 0.012105
0 0.790239 0.584996 0.022481 0.015009
0 0.374245 0.545299 0.013080 0.009576
0 0.615814 0.464691 0.016522 0.012799
0 0.502560 0.510670 0.015688 0.013773
0 0.709684 0.876995 0.013289 0.009762
0 0.784205 0.607733 0.015824 0.012627
0 0.286885 0.927833 0.019743 0.013184
0 0.602413 0.763016 0.014325 0.010721
0 0.369058 0.766538 0.012523 0.010168
0 0.515257 0.663152 0.019207 0.017048
0 0.491407 0.757717 0.013060 0.009848
0 0.311926 0.836963 0.013339 0.010714
0 0.469129 0.424568 0.016392 0.012346
0 0.820336 0.580572 0.017520 0.014991
0 0.341395 0.752066 0.012657 0.014104
0 0.435133 0.378232 0.013333 0.012223
0 0.146236 0.624131 0.018071 0.012246
0 0.392638 0.449875 0.012333 0.010707
0 0.332674 0.610613 0.014211 0.010053
0 0.538047 0.671676 0.013942 0.010318
0 0.571752 0.823023 0.011946 0.009707
0 0.265471 0.739705 0.014068 0.011566
0 0.406833 0.459826 0.014472 0.011630
0 0.361285 0.567644 0.014679 0.010506
0 0.151326 0.648173 0.015440 0.010691
0 0.187903 0.645721 0.012428 0.009633
0 0.550154 0.476518 0.015651 0.011987
0 0.750398 0.785568 0.015714 0.012500
0 0.433478 0.470878 0.013224 0.010622
1 0.220738 0.487506 0.050526 0.035484
0 0.465852 0.964896 0.021123 0.017302
1 0.410317 0.853927 0.057016 0.034629
0 0.308980 0.539058 0.013496 0.009829
0 0.544795 0.405546 0.012788 0.011450
0 0.361291 0.454280 0.015145 0.011180
0 0.591663 0.625693 0.015239 0.011570
0 0.504418 0.616314 0.014802 0.010932
0 0.372782 0.941811 0.016087 0.012023
0 0.379531 0.672192 0.015811 0.011773
0 0.406219 0.715950 0.014412 0.011940
0 0.684730 0.771118 0.014189 0.010954
0 0.407784 0.888404 0.012774 0.010532
0 0.210351 0.685734 0.015097 0.015638
0 0.447164 0.946360 0.015686 0.013291
0 0.390742 0.813724 0.016137 0.015373
0 0.381015 0.735075 0.017729 0.011634
0 0.454196 0.431102 0.015444 0.010473
0 0.131870 0.533226 0.015300 0.012206
0 0.412227 0.648846 0.012199 0.010435
0 0.607988 0.695664 0.014543 0.011758
0 0.294302 0.651004 0.015939 0.012987
0 0.197658 0.538880 0.012384 0.011261
0 0.797712 0.804222 0.014272 0.011103
0 0.458090 0.395837 0.011120 0.008873
0 0.513910 0.703861 0.011836 0.009636
0 0.339226 0.532555 0.014338 0.010263
0 0.359391 0.382398 0.014028 0.011269
0 0.528262 0.516803 0.015400 0.010468
0 0.615213 0.654433 0.019808 0.019441
0 0.455219 0.480856 0.015790 0.014656
0 0.781365 0.728134 0.017481 0.013897
0 0.486656 0.883384 0.010966 0.008727
0 0.159780 0.716294 0.014296 0.010767
0 0.763584 0.805382 0.018171 0.012762
1 0.209856 0.863012 0.061230 0.039663
0 0.666148 0.731710 0.013023 0.009515
0 0.251569 0.520659 0.012347 0.009335
0 0.151026 0.696488 0.012042 0.010404
0 0.515094 0.813254 0.013995 0.010669
0 0.397177 0.610276 0.012804 0.009648
0 0.740080 0.812345 0.015348 0.011288
0 0.753740 0.653258 0.020465 0.015808
0 0.632512 0.901816 0.016405 0.011661
0 0.094504 0.641340 0.012496 0.010549
0 0.567608 0.898132 0.016701 0.015957
0 0.230183 0.604105 0.013392 0.012386
0 0.267602 0.697000 0.010840 0.008430
0 0.720509 0.761304 0.014779 0.011554
0 0.136561 0.668894 0.011466 0.008691
0 0.403313 0.385750 0.019716 0.012363
0 0.431327 0.591776 0.012277 0.010574
0 0.320035 0.394855 0.014511 0.012000
0 0.286690 0.626814 0.012890 0.011420
0 0.117347 0.665432 0.012972 0.010949
0 0.238245 0.696023 0.011933 0.008823
1 0.329167 0.465921 0.038000 0.027389
0 0.388392 0.737322 0.013793 0.010434
0 0.215525 0.587441 0.013097 0.009624
0 0.308015 0.445544 0.015557 0.011658
1 0.190209 0.784898 0.059504 0.035673
1 0.532327 0.928718 0.063982 0.045146
0 0.208389 0.567062 0.016984 0.012541
0 0.294035 0.522136 0.013411 0.010278
0 0.476501 0.773886 0.011415 0.008519
1 0.544184 0.631118 0.030751 0.027135
0 0.136669 0.724425 0.011807 0.009480
0 0.159910 0.600426 0.015856 0.011476
0 0.331702 0.774394 0.013529 0.010029
0 0.471734 0.837985 0.011686 0.009227
1 0.809018 0.839271 0.027960 0.027825
0 0.357606 0.626866 0.012015 0.009262
0 0.124239 0.571455 0.016313 0.013246
0 0.680916 0.782135 0.016791 0.013551
0 0.465594 0.887869 0.011004 0.009591
0 0.304719 0.497129 0.013304 0.010731
0 0.649836 0.708760 0.013014 0.011655
0 0.228063 0.518884 0.011572 0.008273
0 0.146882 0.520213 0.015134 0.012740
0 0.589384 0.855607 0.012353 0.009182
0 0.612125 0.885134 0.011312 0.008200
0 0.389924 0.808136 0.016150 0.014382