0 0.469406 0.784742 0.012294 0.015469
0 0.456893 0.482270 0.010780 0.015789
0 0.530495 0.797121 0.011735 0.016540
0 0.571396 0.816248 0.014459 0.019601
0 0.636574 0.610419 0.013496 0.018713
0 0.616472 0.830676 0.017535 0.024081
0 0.429563 0.914494 0.015275 0.020540
0 0.643003 0.540069 0.011309 0.015839
0 0.624175 0.572008 0.015414 0.020687
0 0.426176 0.324983 0.010972 0.016025
0 0.565302 0.723510 0.013042 0.016301
0 0.481914 0.363262 0.011185 0.016244
0 0.651206 0.745179 0.012813 0.017453
0 0.357236 0.680676 0.017264 0.018546
0 0.641179 0.780075 0.014365 0.018677
0 0.350186 0.821654 0.013905 0.019233
0 0.442093 0.435377 0.014694 0.018502
0 0.626291 0.476279 0.012965 0.016908
0 0.289238 0.471598 0.013857 0.018383
0 0.596366 0.623614 0.012896 0.016554
0 0.455515 0.943244 0.017870 0.021301
0 0.473565 0.704573 0.013207 0.016782
0 0.326079 0.946928 0.018051 0.021871
0 0.334769 0.404928 0.014436 0.017552
0 0.488418 0.319344 0.010488 0.015467
0 0.690947 0.693114 0.013188 0.017490
0 0.514572 0.852813 0.015896 0.021076
0 0.669393 0.804520 0.017433 0.021036
0 0.452688 0.608575 0.014837 0.019718
0 0.495729 0.864146 0.014126 0.018824
0 0.496693 0.680858 0.017164 0.019797
0 0.557053 0.382976 0.016059 0.023023
0 0.384156 0.665373 0.012440 0.016359
0 0.635069 0.429081 0.012469 0.016488
0 0.517504 0.381586 0.017959 0.020899
0 0.580295 0.766540 0.018971 0.020203
0 0.410389 0.754056 0.013238 0.017379
0 0.390536 0.752660 0.012526 0.017186
0 0.359874 0.365705 0.012788 0.018156
0 0.568478 0.461206 0.013960 0.020014
0 0.672651 0.635831 0.012248 0.016283
0 0.693297 0.452987 0.011922 0.016462
0 0.385999 0.837567 0.016666 0.023830
0 0.351781 0.733818 0.013176 0.018158
0 0.667252 0.562410 0.014359 0.019325
0 0.402931 0.512451 0.009961 0.013637
0 0.455069 0.576554 0.013546 0.016491
0 0.412514 0.611817 0.012566 0.015649
0 0.492761 0.510102 0.013251 0.016803
0 0.513842 0.786406 0.011586 0.015006
0 0.379614 0.534098 0.014288 0.018816
0 0.595529 0.820561 0.014759 0.019535
0 0.572259 0.494895 0.017870 0.019323
0 0.480871 0.458647 0.009732 0.013131
0 0.555799 0.644318 0.013475 0.021138
0 0.541573 0.682910 0.014598 0.020428
0 0.369958 0.922795 0.015840 0.021890
0 0.381034 0.461985 0.011772 0.014756
0 0.556870 0.750297 0.013781 0.017426
0 0.397882 0.468728 0.013116 0.017777
0 0.405804 0.403596 0.012802 0.017608
0 0.410195 0.573568 0.013538 0.017142
0 0.254289 0.566905 0.012541 0.016377
0 0.325152 0.348888 0.012029 0.016669
0 0.215283 0.570423 0.015444 0.021767
0 0.370238 0.885788 0.014046 0.019053
0 0.511879 0.757284 0.011160 0.015827
0 0.693755 0.598284 0.011531 0.014970
0 0.610066 0.919234 0.015125 0.018963
0 0.656613 0.497805 0.011840 0.019538
0 0.699947 0.484202 0.011149 0.015234
0 0.510385 0.325311 0.011121 0.015035
0 0.307805 0.418608 0.018165 0.026667
0 0.612915 0.413176 0.018776 0.024986
0 0.277200 0.398182 0.016784 0.025644
0 0.351596 0.307679 0.010889 0.016624
0 0.352650 0.899044 0.013796 0.018015
0 0.599893 0.451964 0.011485 0.015536
0 0.640821 0.839102 0.013394 0.017850
0 0.546964 0.565680 0.012327 0.018860
0 0.483669 0.816487 0.012809 0.019815
0 0.279674 0.566051 0.013242 0.018069
0 0.503430 0.557046 0.016799 0.023767
0 0.537503 0.395785 0.012297 0.015798
0 0.621398 0.504429 0.012564 0.016538
0 0.435985 0.525140 0.011043 0.016471
0 0.606415 0.477557 0.011225 0.015373
0 0.380685 0.382627 0.011152 0.016241
0 0.680360 0.526189 0.012911 0.019665
0 0.378541 0.427330 0.018177 0.016811
0 0.539303 0.966646 0.021862 0.025210
0 0.484867 0.564193 0.017731 0.023392
0 0.360399 0.869028 0.012536 0.016235
0 0.397028 0.336210 0.020436 0.032003
0 0.274299 0.632688 0.013007 0.017177
0 0.218466 0.666663 0.013965 0.018742
0 0.523636 0.706036 0.012127 0.016038
0 0.473585 0.744193 0.021109 0.021754
1 0.211794 0.794003 0.040850 0.054750
0 0.538704 0.339157 0.010620 0.013818
0 0.422634 0.543048 0.011469 0.016388
0 0.519191 0.301697 0.010823 0.014119
0 0.576493 0.631609 0.012074 0.017810
0 0.514365 0.990044 0.018779 0.019911
0 0.406115 0.487781 0.009624 0.013993
0 0.305518 0.377917 0.012918 0.019923
0 0.372782 0.633633 0.014205 0.018159
0 0.367307 0.515297 0.019947 0.022972
0 0.446660 0.985426 0.019132 0.023075
0 0.288788 0.609847 0.015795 0.022772
0 0.689631 0.572237 0.015298 0.019836
0 0.382032 0.799758 0.015137 0.021479
0 0.408971 0.873483 0.017462 0.020751
0 0.213757 0.483873 0.012505 0.017592
0 0.691125 0.647550 0.012064 0.014805
0 0.471343 0.980135 0.015846 0.023005
0 0.217561 0.735008 0.011490 0.014892
0 0.404262 0.635221 0.012032 0.015020
0 0.626027 0.639381 0.010476 0.013866
0 0.604612 0.385056 0.013229 0.016320
0 0.417153 0.848685 0.011904 0.016391
0 0.462524 0.399592 0.016775 0.024754
0 0.252511 0.829579 0.011030 0.015511
0 0.580151 0.306063 0.011423 0.017339
0 0.467600 0.417891 0.012881 0.021975
0 0.400039 0.613669 0.013335 0.018022
0 0.702456 0.562456 0.011223 0.015065
0 0.352509 0.388017 0.011088 0.012958
0 0.351026 0.425624 0.010207 0.013622
0 0.358024 0.617982 0.009745 0.012800
0 0.607996 0.825251 0.031806 0.021155
0 0.335081 0.484229 0.010696 0.015429
0 0.641173 0.702168 0.012170 0.014639
0 0.247860 0.728589 0.010992 0.017483
0 0.289388 0.369165 0.015251 0.023150
0 0.185442 0.579394 0.015200 0.019910
0 0.699417 0.521193 0.010678 0.015762
0 0.430671 0.768475 0.009640 0.012542
0 0.291470 0.596848 0.014629 0.028629
0 0.709684 0.759565 0.011320 0.014976
0 0.506090 0.515407 0.009322 0.013237
0 0.447943 0.798777 0.008795 0.011806
0 0.611522 0.322579 0.010426 0.015267
0 0.326727 0.470195 0.015901 0.021769
0 0.337398 0.543289 0.012268 0.034410
0 0.369759 0.945895 0.013654 0.018197
0 0.542779 0.274836 0.010428 0.015656
0 0.558131 0.339793 0.013630 0.017862
0 0.249218 0.801431 0.009881 0.014347
0 0.532319 0.301896 0.010655 0.013126
0 0.438191 0.380865 0.010137 0.014336
0 0.276914 0.827652 0.011129 0.017338
0 0.657000 0.905426 0.015726 0.021151
0 0.292233 0.589838 0.012174 0.016638
0 0.714958 0.664105 0.018138 0.021046
0 0.338325 0.532193 0.012091 0.019223
0 0.424253 0.648420 0.009117 0.012243
0 0.494727 0.559314 0.031802 0.023426
0 0.177637 0.665349 0.012371 0.017499
0 0.377820 0.364884 0.011210 0.019368
0 0.421173 0.861797 0.013863 0.020588
0 0.725216 0.590397 0.009222 0.012611
0 0.504393 0.858858 0.031694 0.024062
0 0.423938 0.681124 0.008938 0.012859
0 0.465545 0.409662 0.018400 0.036315
0 0.582901 0.384713 0.013024 0.017080
0 0.367889 0.879373 0.017631 0.030373
1 0.540884 0.653053 0.019964 0.027537