0 0.581620 0.820674 0.017349 0.012847
0 0.615356 0.583212 0.016919 0.012830
0 0.318959 0.719848 0.017373 0.013601
0 0.469028 0.810263 0.017345 0.013412
0 0.592547 0.787025 0.017366 0.013128
0 0.610616 0.895480 0.018532 0.013760
0 0.323430 0.459119 0.020864 0.015684
0 0.639459 0.866386 0.020134 0.015850
0 0.718452 0.782612 0.017771 0.013287
0 0.252606 0.709011 0.017633 0.014094
0 0.447610 0.844807 0.019409 0.015306
0 0.507140 0.910892 0.020571 0.015908
0 0.246471 0.455136 0.019288 0.013564
0 0.624524 0.723529 0.016039 0.012576
0 0.478512 0.896662 0.021079 0.016986
0 0.347548 0.555972 0.017314 0.013223
0 0.668068 0.474353 0.017153 0.013013
0 0.713308 0.455074 0.017560 0.012675
0 0.231936 0.600864 0.015250 0.011518
0 0.353579 0.668206 0.016474 0.012403
0 0.234019 0.541679 0.015767 0.012318
0 0.590470 0.492479 0.016169 0.012629
0 0.569744 0.852979 0.018045 0.013452
0 0.424284 0.584468 0.018306 0.014360
0 0.380002 0.806125 0.018750 0.014269
0 0.450861 0.547368 0.016473 0.013340
0 0.457995 0.597298 0.017642 0.013936
0 0.654417 0.754608 0.016799 0.012971
0 0.734876 0.707138 0.017226 0.012914
0 0.259751 0.550587 0.015830 0.011780
0 0.606892 0.543950 0.015314 0.011909
0 0.590147 0.393289 0.014508 0.012321
0 0.533282 0.876337 0.020605 0.015495
0 0.544094 0.854007 0.017728 0.013212
0 0.683258 0.621297 0.016447 0.013436
0 0.508105 0.507617 0.017918 0.013220
0 0.760493 0.716586 0.017570 0.013276
0 0.416804 0.606873 0.017440 0.013308
0 0.257963 0.614038 0.014672 0.011791
0 0.682553 0.825701 0.017966 0.013818
0 0.502918 0.579624 0.015593 0.011430
0 0.502099 0.714960 0.017700 0.013641
0 0.806361 0.765211 0.017041 0.013246
0 0.599684 0.874054 0.017963 0.013865
0 0.802172 0.730086 0.018144 0.014699
0 0.825080 0.676752 0.018908 0.015226
0 0.523188 0.664930 0.016043 0.012815
0 0.657149 0.568169 0.019946 0.015689
0 0.332515 0.649366 0.016402 0.012410
0 0.594525 0.424397 0.017063 0.013566
0 0.268930 0.586587 0.016471 0.014717
0 0.608825 0.651588 0.014466 0.011934
0 0.559927 0.654515 0.014398 0.013016
0 0.399120 0.383067 0.018681 0.015073
0 0.735900 0.437792 0.019152 0.013992
0 0.708631 0.613464 0.014426 0.011496
0 0.385312 0.772093 0.017873 0.014262
0 0.856476 0.680945 0.017601 0.012953
0 0.580010 0.592563 0.014190 0.010743
0 0.482519 0.564607 0.021925 0.014892
0 0.682801 0.426060 0.017414 0.014279
0 0.377149 0.617709 0.016205 0.012243
0 0.283785 0.747456 0.016796 0.013126
0 0.581552 0.747065 0.019751 0.013162
0 0.787148 0.592482 0.019885 0.014461
1 0.276970 0.487742 0.025598 0.013189
1 0.587776 0.627433 0.045241 0.033137
0 0.502926 0.543356 0.021053 0.016599
0 0.212812 0.501477 0.016558 0.013148
0 0.731816 0.797995 0.018042 0.013082
0 0.286198 0.730436 0.016632 0.012444
0 0.519042 0.814899 0.022293 0.014065
0 0.399082 0.837922 0.022393 0.017357
0 0.618841 0.460679 0.014005 0.011864
0 0.677531 0.853567 0.018452 0.014118
0 0.415067 0.762748 0.014970 0.012575
0 0.636014 0.705152 0.016732 0.012563
0 0.181532 0.482113 0.016702 0.012400
0 0.783214 0.653933 0.015466 0.012015
0 0.321240 0.681343 0.015107 0.012753
0 0.862191 0.610070 0.018070 0.013212
0 0.221208 0.676173 0.016206 0.013762
0 0.448793 0.725496 0.015643 0.013511
0 0.650623 0.514924 0.016159 0.012406
0 0.553549 0.609311 0.018266 0.014476
0 0.654015 0.644626 0.013677 0.011269
0 0.304678 0.597927 0.016855 0.011524
0 0.383774 0.688660 0.015429 0.011772
0 0.543514 0.663105 0.015381 0.013132
0 0.713968 0.495876 0.018275 0.014179
0 0.781195 0.632633 0.014889 0.012315
0 0.393979 0.821081 0.017002 0.013714
0 0.608096 0.521828 0.015521 0.012725
0 0.524670 0.529292 0.017847 0.014153
0 0.652142 0.537728 0.015744 0.012898
0 0.338734 0.604118 0.015830 0.011776
0 0.567818 0.916021 0.021577 0.024756
0 0.743015 0.413507 0.016442 0.012431
0 0.573507 0.798559 0.016569 0.012396
0 0.634021 0.416074 0.022069 0.017054
0 0.759368 0.657032 0.013801 0.010785
0 0.563304 0.408275 0.014602 0.012222
0 0.611743 0.700578 0.016714 0.018120
0 0.536228 0.452238 0.019659 0.019002
0 0.219556 0.658121 0.014375 0.012176
0 0.215763 0.565463 0.012951 0.010158
0 0.656474 0.422055 0.018084 0.015132
0 0.614719 0.826854 0.015266 0.012350
0 0.737693 0.496292 0.017455 0.013631
0 0.736940 0.730236 0.015068 0.011254
0 0.304595 0.523126 0.018627 0.017124
0 0.685510 0.692459 0.012882 0.010565
0 0.482011 0.651032 0.012186 0.010435
0 0.256278 0.632985 0.011500 0.009097
0 0.845839 0.563632 0.013727 0.010533
0 0.301705 0.560966 0.013329 0.010329
0 0.754366 0.475239 0.016277 0.014014
0 0.541474 0.616464 0.014835 0.011582
0 0.816834 0.472530 0.017081 0.014565
0 0.649691 0.665129 0.012409 0.009597
0 0.485814 0.470303 0.022100 0.018617
0 0.709826 0.686627 0.017204 0.012808
0 0.809130 0.664806 0.016184 0.014774
0 0.513737 0.812589 0.018521 0.013880
0 0.820173 0.530896 0.019005 0.013721
0 0.158370 0.479666 0.016660 0.013078
0 0.603908 0.922450 0.017278 0.011981
0 0.826694 0.537177 0.017407 0.013499
0 0.830884 0.540355 0.015805 0.011447
0 0.376612 0.347913 0.018582 0.015558
0 0.801529 0.442853 0.016528 0.013185
0 0.841890 0.646947 0.013971 0.010655
0 0.265734 0.517890 0.015806 0.011426
0 0.814109 0.653060 0.017778 0.013685
0 0.716398 0.532515 0.012180 0.010992
0 0.336287 0.420571 0.014438 0.012763
0 0.879194 0.589092 0.021973 0.015788
0 0.617237 0.774990 0.012239 0.009301
0 0.250819 0.777141 0.019912 0.014011
0 0.207935 0.696772 0.017966 0.012542
0 0.419918 0.689635 0.012933 0.010962
0 0.398186 0.693343 0.015199 0.010597
0 0.745003 0.794587 0.016095 0.012981
0 0.342590 0.591437 0.014205 0.012359