0 0.551866 0.566748 0.022115 0.017088
0 0.490217 0.519350 0.018888 0.014222
0 0.567665 0.835311 0.028108 0.020439
0 0.582327 0.544106 0.024534 0.019558
0 0.608319 0.795951 0.023025 0.017765
0 0.498262 0.478880 0.019295 0.013481
0 0.551489 0.521699 0.020277 0.015735
0 0.224570 0.481773 0.016167 0.012699
1 0.194308 0.832577 0.076512 0.049103
0 0.280040 0.462418 0.016489 0.012637
0 0.431789 0.402723 0.014306 0.012633
0 0.390405 0.374747 0.017096 0.012186
0 0.526104 0.456409 0.021327 0.016980
0 0.294334 0.697967 0.018651 0.014059
0 0.447745 0.482199 0.016778 0.012153
0 0.219421 0.524154 0.015517 0.011815
0 0.298569 0.509142 0.015213 0.012023
0 0.510114 0.577508 0.017785 0.014483
0 0.403796 0.513007 0.024458 0.018511
0 0.398628 0.439065 0.014027 0.011559
0 0.450241 0.419304 0.013824 0.011130
0 0.359974 0.435433 0.013378 0.011117
0 0.390728 0.729811 0.021002 0.016432
0 0.443666 0.596139 0.015761 0.012008
0 0.701030 0.506882 0.018398 0.014221
0 0.331331 0.758672 0.018980 0.015156
0 0.489166 0.601361 0.017260 0.012006
0 0.073520 0.478456 0.015142 0.012510
0 0.489844 0.643587 0.014759 0.011825
0 0.395012 0.492156 0.013693 0.011413
0 0.631255 0.549001 0.017484 0.013074
0 0.322414 0.391392 0.019505 0.015973
0 0.245051 0.416351 0.015721 0.012086
0 0.208090 0.729903 0.016660 0.013717
0 0.634902 0.787073 0.018416 0.014144
0 0.424115 0.963672 0.030589 0.020683
0 0.533357 0.722022 0.015917 0.012584
0 0.366460 0.732235 0.018366 0.014640
0 0.449162 0.955116 0.024268 0.018061
0 0.425683 0.618388 0.016310 0.013355
0 0.457376 0.872443 0.018718 0.015271
0 0.673419 0.502999 0.014965 0.011627
0 0.643884 0.583021 0.018323 0.013569
0 0.653068 0.607302 0.015372 0.012208
0 0.374847 0.548361 0.029054 0.018269
0 0.239672 0.700441 0.018355 0.013361
0 0.469210 0.797330 0.016929 0.013482
0 0.614262 0.664398 0.014843 0.012063
0 0.629785 0.588537 0.018366 0.012515
0 0.524805 0.688590 0.013186 0.010684
0 0.375115 0.793709 0.014360 0.011821
0 0.103266 0.498982 0.014621 0.012508
0 0.434201 0.523338 0.015155 0.011913
0 0.061197 0.517846 0.015169 0.011549
0 0.397805 0.814619 0.020789 0.015089
0 0.393203 0.659869 0.018363 0.013278
0 0.603369 0.430481 0.016938 0.012035
0 0.272037 0.504462 0.013661 0.010496
0 0.126754 0.581476 0.013625 0.011417
0 0.359454 0.861776 0.019616 0.015211
1 0.073918 0.895827 0.041980 0.038230
0 0.456792 0.615607 0.013860 0.011635
0 0.196895 0.786321 0.013507 0.010626
0 0.505973 0.561102 0.015028 0.012520
0 0.272820 0.689276 0.015274 0.012247
0 0.360891 0.648567 0.027677 0.020736
0 0.160720 0.705044 0.017147 0.013097
0 0.547015 0.651674 0.021857 0.017254
0 0.156891 0.653034 0.013487 0.011251
0 0.457639 0.828277 0.017991 0.015216
1 0.321526 0.852654 0.038897 0.042618
0 0.348449 0.611967 0.016939 0.018684
0 0.580425 0.809250 0.019931 0.013180
0 0.152780 0.555879 0.014822 0.012643