0 0.599046 0.204998 0.013600 0.010589
0 0.398167 0.271059 0.014962 0.011237
1 0.706613 0.623017 0.078473 0.068907
0 0.812768 0.308479 0.015338 0.011240
0 0.760439 0.424551 0.015248 0.011231
0 0.742935 0.401080 0.014106 0.011165
0 0.673109 0.245434 0.014719 0.011232
0 0.381042 0.325972 0.017127 0.013716
0 0.558715 0.305212 0.015000 0.011731
0 0.666919 0.359415 0.012848 0.009740
0 0.524554 0.684721 0.018305 0.014927
0 0.348123 0.301385 0.013954 0.010968
0 0.312778 0.268105 0.016833 0.014033
0 0.704182 0.306576 0.016797 0.013462
1 0.215977 0.410745 0.048273 0.062178
0 0.434709 0.581881 0.012157 0.009289
0 0.813625 0.437361 0.016639 0.012253
0 0.518019 0.180412 0.015269 0.012615
0 0.510428 0.449040 0.013593 0.010281
0 0.697405 0.376873 0.015494 0.011211
1 0.555198 0.550475 0.060465 0.039090
1 0.891176 0.377079 0.077749 0.051230
0 0.605942 0.413849 0.014195 0.013532
0 0.631474 0.419546 0.012727 0.010495
0 0.391394 0.453254 0.013055 0.009678
0 0.714472 0.253497 0.015080 0.012265
0 0.459241 0.206606 0.016835 0.012532
0 0.595932 0.324814 0.015950 0.014124
0 0.632382 0.381640 0.013165 0.009742
0 0.473312 0.277023 0.018585 0.011909
0 0.617864 0.661290 0.016156 0.013216
0 0.824385 0.324158 0.013749 0.010873
0 0.833696 0.245595 0.016567 0.013826
0 0.699938 0.348445 0.014438 0.010033
0 0.810969 0.232165 0.017336 0.013872
0 0.572198 0.224350 0.014215 0.014493
0 0.641598 0.576554 0.012742 0.010238
0 0.448542 0.698212 0.017241 0.013948
0 0.402495 0.330833 0.013802 0.010523
0 0.774979 0.496441 0.012845 0.009842
0 0.703080 0.215423 0.015323 0.012791
0 0.332015 0.227630 0.014347 0.011000
0 0.289142 0.284676 0.017972 0.013736
0 0.283338 0.379009 0.013632 0.010627
0 0.339194 0.537905 0.011758 0.009048
0 0.488709 0.472309 0.011937 0.007992
0 0.501558 0.539692 0.014900 0.011709
0 0.741277 0.283794 0.015042 0.013873
0 0.407754 0.601332 0.011172 0.008814
0 0.445200 0.480463 0.014325 0.010710
0 0.685603 0.275629 0.012521 0.009657
0 0.690010 0.166148 0.016214 0.012659
0 0.390196 0.238502 0.018203 0.013836
0 0.311729 0.203160 0.017175 0.013638
0 0.550092 0.439627 0.014377 0.010700
0 0.672181 0.383847 0.013360 0.010272
0 0.696389 0.397492 0.017207 0.011598
0 0.655873 0.210989 0.013249 0.012075
0 0.398961 0.436614 0.014664 0.011437
0 0.617196 0.639121 0.013001 0.009891
0 0.628424 0.171444 0.013092 0.011717
0 0.594319 0.583269 0.012437 0.009941
0 0.360409 0.203031 0.020237 0.014455
0 0.707267 0.195979 0.014189 0.010883
0 0.705865 0.423852 0.016593 0.013251
0 0.369977 0.622469 0.012766 0.008953
0 0.504474 0.298493 0.015907 0.012625
0 0.468549 0.506478 0.014403 0.011058
0 0.508159 0.399351 0.013231 0.010494
0 0.730189 0.311410 0.015322 0.010863
0 0.349303 0.564315 0.013223 0.010385
0 0.466410 0.327699 0.015639 0.011515
0 0.570005 0.373347 0.013289 0.008611
0 0.769476 0.451024 0.011988 0.009311
0 0.739816 0.244707 0.014625 0.011223
0 0.494207 0.713718 0.017131 0.012734
0 0.553333 0.356924 0.013834 0.010051
0 0.215611 0.316782 0.015302 0.012740
0 0.618775 0.364775 0.013624 0.011457
0 0.764808 0.231109 0.014664 0.011203
0 0.876213 0.314870 0.014718 0.011520
0 0.224119 0.480507 0.014732 0.011471
0 0.333645 0.440886 0.013027 0.010907
0 0.740699 0.211584 0.018780 0.018693
0 0.815889 0.569045 0.011815 0.009391
0 0.424497 0.208659 0.013651 0.011997
0 0.449849 0.352224 0.016997 0.010891
0 0.415146 0.240771 0.014385 0.011341
0 0.833488 0.385744 0.014748 0.011780
0 0.603356 0.162457 0.012590 0.011897
0 0.459039 0.607255 0.011239 0.008856
0 0.266414 0.435240 0.012371 0.010511
0 0.783638 0.339291 0.013223 0.010817
0 0.293705 0.229444 0.018861 0.014278
0 0.433140 0.459553 0.014943 0.010320
0 0.298873 0.396410 0.012302 0.009217
0 0.328158 0.373656 0.012486 0.009405
0 0.794954 0.429462 0.014756 0.010345
0 0.541296 0.372434 0.014927 0.010897
0 0.244859 0.283589 0.019607 0.018794
0 0.563199 0.630295 0.014482 0.010947
0 0.621153 0.515071 0.012031 0.009092
0 0.510148 0.493062 0.010982 0.009533
0 0.320319 0.420948 0.013797 0.010850
0 0.552081 0.519918 0.013170 0.009608
0 0.890819 0.285948 0.016733 0.014695
0 0.449651 0.306100 0.016268 0.013437
0 0.687350 0.188498 0.012966 0.009431
0 0.793249 0.253241 0.014749 0.012299
0 0.515825 0.613308 0.013295 0.010724
0 0.529414 0.461308 0.012227 0.009052
0 0.618464 0.589999 0.014759 0.009835
0 0.424929 0.307533 0.016770 0.011259
0 0.301938 0.436956 0.014734 0.009955
0 0.455736 0.566801 0.012597 0.011524
0 0.354829 0.509346 0.012967 0.011425
0 0.570971 0.332768 0.013606 0.009922
0 0.537743 0.339321 0.015703 0.009741
0 0.736567 0.349337 0.012214 0.011889
0 0.314918 0.528901 0.013123 0.009905
0 0.465744 0.379022 0.011824 0.009872
0 0.463821 0.324389 0.016409 0.012436
0 0.239970 0.550740 0.013476 0.010046
0 0.508866 0.347289 0.018511 0.010184
0 0.583480 0.628213 0.013353 0.009962
0 0.480268 0.553233 0.011133 0.008655
0 0.769735 0.367964 0.015882 0.010855
0 0.801175 0.489074 0.015476 0.010261
0 0.475540 0.187140 0.010907 0.009380
0 0.512001 0.371957 0.014910 0.011987
0 0.367177 0.416841 0.018733 0.011563
0 0.736041 0.359731 0.011171 0.009772
0 0.797895 0.284542 0.022700 0.015417
0 0.567962 0.677400 0.023401 0.014548
0 0.445312 0.255152 0.016798 0.010497
0 0.493633 0.262144 0.014581 0.011342
0 0.581027 0.143284 0.011777 0.009924
0 0.631979 0.563544 0.013247 0.010841
0 0.482547 0.154234 0.010868 0.009535
0 0.399673 0.181141 0.014497 0.012889
0 0.493727 0.611365 0.010913 0.008670
0 0.264690 0.554860 0.012750 0.010187
0 0.244035 0.497635 0.012700 0.010088
0 0.274656 0.413036 0.011213 0.009435
0 0.676250 0.328791 0.016178 0.014353
0 0.529104 0.508984 0.011163 0.007805
0 0.516229 0.256148 0.012580 0.010211
1 0.834676 0.506933 0.046867 0.034099
0 0.480557 0.363597 0.011989 0.009067
0 0.454354 0.573916 0.012007 0.013007
0 0.564935 0.593337 0.015151 0.013703
0 0.530261 0.271458 0.013773 0.010415
0 0.382169 0.651532 0.014471 0.011981
0 0.568412 0.456910 0.016330 0.011344
0 0.296614 0.602086 0.013145 0.009917
0 0.492542 0.175256 0.010854 0.009123
0 0.782136 0.221846 0.015924 0.012536
0 0.393259 0.522130 0.009675 0.007857
0 0.332158 0.334943 0.012146 0.011180
0 0.238799 0.468318 0.012229 0.010240
0 0.484418 0.223049 0.017077 0.014601
0 0.511557 0.639016 0.015123 0.011308
0 0.724202 0.284914 0.013745 0.011672
0 0.536637 0.531452 0.010745 0.010846
0 0.439552 0.198235 0.013677 0.010077
0 0.482245 0.446116 0.012927 0.009511
0 0.700824 0.421633 0.020748 0.013263
0 0.664840 0.311691 0.012959 0.010792
0 0.420341 0.483604 0.015603 0.012294
0 0.789158 0.239566 0.016944 0.014802
0 0.553948 0.136575 0.018980 0.011489
1 0.587986 0.263820 0.047593 0.031924
0 0.647642 0.323783 0.013256 0.010518
0 0.726643 0.173409 0.013495 0.010881
0 0.572505 0.460332 0.017487 0.012717
0 0.494441 0.527358 0.011940 0.011015
0 0.270332 0.317687 0.012053 0.009584
0 0.595464 0.471947 0.013512 0.009964
0 0.805882 0.406859 0.014639 0.011469
0 0.273936 0.246927 0.018457 0.016174
0 0.645637 0.150335 0.012347 0.010150
0 0.257089 0.308187 0.011972 0.010234
0 0.533875 0.311130 0.014547 0.011013
0 0.764347 0.386100 0.015287 0.010363
0 0.249971 0.251249 0.016660 0.013482
0 0.544619 0.657906 0.017157 0.012938
0 0.381097 0.603385 0.012642 0.010518
0 0.359419 0.674787 0.016060 0.011352
0 0.637349 0.340737 0.012920 0.012511
0 0.516923 0.216474 0.017655 0.013803
0 0.341270 0.387035 0.014811 0.011172
0 0.792140 0.246808 0.016496 0.022189
0 0.639632 0.192853 0.014689 0.008256
0 0.470586 0.430010 0.013640 0.009360
0 0.312743 0.625396 0.014184 0.009519
0 0.713652 0.461547 0.012887 0.010495
0 0.551619 0.475582 0.014019 0.010198
0 0.791997 0.600411 0.012994 0.010677
0 0.360125 0.593038 0.013105 0.011602
0 0.447470 0.456690 0.017281 0.010431
0 0.380493 0.179789 0.016079 0.011966
0 0.533082 0.246402 0.011845 0.009693
0 0.537533 0.285602 0.016141 0.011390
0 0.643658 0.193962 0.011234 0.008810
0 0.814314 0.360550 0.010989 0.008929
0 0.540861 0.494052 0.014072 0.008056
0 0.492061 0.429013 0.013415 0.009795
0 0.479509 0.243949 0.018459 0.011012
0 0.694420 0.686746 0.019623 0.013847
0 0.388252 0.218853 0.017596 0.013593
0 0.431805 0.350466 0.015158 0.009475
0 0.354883 0.205526 0.020370 0.013483
0 0.581188 0.649599 0.011681 0.009273
0 0.639115 0.348671 0.011354 0.011852
0 0.302943 0.541891 0.012746 0.010118
0 0.305304 0.472477 0.012324 0.012649
0 0.275666 0.266370 0.015900 0.010697
0 0.328390 0.673187 0.015046 0.012160
0 0.453939 0.237936 0.016745 0.012820
0 0.537863 0.577103 0.011158 0.007932
0 0.340337 0.649422 0.013843 0.013936
0 0.648284 0.291444 0.016589 0.014547
0 0.743235 0.312210 0.018128 0.009219
0 0.471670 0.650889 0.015751 0.015859
0 0.788935 0.398711 0.019340 0.014903
0 0.784005 0.628842 0.012901 0.009745
0 0.783479 0.404052 0.018191 0.015085
0 0.467472 0.483795 0.013131 0.010146
0 0.661578 0.229963 0.012649 0.009576
0 0.386510 0.625907 0.011172 0.008479
0 0.287953 0.561915 0.016304 0.009965
0 0.307074 0.554748 0.012832 0.012349
0 0.440024 0.377243 0.015140 0.013583
0 0.286923 0.330251 0.012885 0.009092
0 0.632746 0.219227 0.012711 0.009326
0 0.604487 0.568019 0.013354 0.009212
1 0.450165 0.150482 0.028628 0.020576
1 0.237247 0.521299 0.027435 0.021471
1 0.227704 0.582133 0.001193 0.000000