0 0.341936 0.611528 0.015568 0.012668
0 0.205770 0.548743 0.020712 0.015473
0 0.482735 0.876632 0.028268 0.021671
0 0.196118 0.632780 0.024454 0.019020
0 0.528834 0.433974 0.016653 0.013295
0 0.606216 0.545052 0.017608 0.014333
0 0.558146 0.597056 0.019783 0.015954
0 0.226237 0.813488 0.019753 0.016300
1 0.057906 0.620003 0.046310 0.031546
0 0.297933 0.558359 0.016996 0.013631
0 0.290645 0.534404 0.016811 0.012930
1 0.656770 0.511663 0.040803 0.029058
0 0.306740 0.646431 0.021557 0.017172
0 0.147930 0.835072 0.019350 0.015879
0 0.519797 0.497168 0.018964 0.015359
0 0.478305 0.824077 0.023613 0.022511
0 0.439027 0.564934 0.016746 0.013684
0 0.263995 0.443246 0.014741 0.011883
0 0.211166 0.509646 0.024568 0.018696
0 0.573891 0.464780 0.013918 0.011761
0 0.269630 0.726904 0.019068 0.016156
0 0.709025 0.659592 0.019382 0.016437
0 0.440935 0.645068 0.021160 0.017133
0 0.490380 0.746690 0.021599 0.020748
0 0.598745 0.727156 0.022585 0.017731
0 0.362255 0.466271 0.027177 0.020402
0 0.323992 0.859432 0.023965 0.019437
0 0.377576 0.858837 0.034373 0.032525
0 0.308416 0.677365 0.016522 0.014188
0 0.539632 0.477133 0.014772 0.012073
0 0.682713 0.599868 0.017333 0.014598
0 0.658978 0.646384 0.018333 0.015559
0 0.283753 0.641658 0.017198 0.012875
0 0.633899 0.561769 0.017639 0.016928
0 0.256667 0.680992 0.018066 0.014509
0 0.337830 0.470861 0.023140 0.018117
0 0.667930 0.766856 0.015579 0.011971