0 0.438586 0.558406 0.037222 0.029708
0 0.505701 0.119667 0.032693 0.026798
0 0.681637 0.197136 0.025377 0.017056
0 0.336405 0.094208 0.023133 0.017174
0 0.793573 0.257425 0.022787 0.017324
0 0.117451 0.150858 0.022718 0.015522
0 0.364349 0.809309 0.025508 0.019368
0 0.853470 0.247157 0.023797 0.017357
0 0.370961 0.151171 0.026753 0.020922
0 0.594923 0.454822 0.024755 0.018143
0 0.470065 0.010753 0.028846 0.021506
0 0.714978 0.581719 0.028637 0.021676
0 0.072972 0.429618 0.024118 0.019590
0 0.556962 0.178588 0.022724 0.015348
0 0.442245 0.157481 0.024849 0.016525
0 0.318697 0.650908 0.023660 0.017472
0 0.816832 0.196814 0.030694 0.022887
0 0.900443 0.732921 0.021874 0.016774
0 0.426361 0.623929 0.024065 0.017161
0 0.506510 0.392838 0.024882 0.017585
0 0.204107 0.616451 0.020434 0.012627
0 0.866911 0.734012 0.020849 0.017496
0 0.296701 0.797857 0.021173 0.018876
0 0.802131 0.142588 0.024454 0.017208
0 0.400981 0.084231 0.023895 0.017356
0 0.136086 0.472238 0.026239 0.019254
0 0.363390 0.320778 0.028703 0.019290
0 0.511451 0.178244 0.021448 0.016306
0 0.957562 0.784720 0.029181 0.018437
0 0.285876 0.194273 0.025012 0.016440
0 0.351125 0.772127 0.021572 0.019409
0 0.786347 0.084626 0.026051 0.017756
0 0.711755 0.448154 0.022565 0.015786
0 0.443543 0.653059 0.020831 0.015608
0 0.299073 0.566561 0.022407 0.018009
0 0.894274 0.371630 0.023846 0.015702
0 0.620828 0.381496 0.025173 0.018577
0 0.741794 0.428440 0.023123 0.017358
0 0.606838 0.352501 0.022974 0.015122
0 0.679140 0.793958 0.022714 0.017003
0 0.877929 0.097647 0.025510 0.017890
0 0.577332 0.530766 0.030746 0.020085
0 0.590245 0.829606 0.027996 0.019836
0 0.632531 0.485831 0.032553 0.016707
0 0.566287 0.878852 0.027238 0.020822
0 0.866710 0.663370 0.027171 0.017249
0 0.049057 0.170454 0.022721 0.015463
0 0.510566 0.809283 0.026467 0.018643
0 0.487676 0.678495 0.018426 0.014020
0 0.359498 0.726442 0.019740 0.014882
0 0.644043 0.402032 0.023896 0.015550
0 0.237950 0.181293 0.029834 0.021387
0 0.668005 0.753728 0.023704 0.018868
0 0.596998 0.494554 0.026787 0.018363
0 0.514271 0.720673 0.022201 0.016980
0 0.266634 0.586614 0.021445 0.015472
0 0.951505 0.436235 0.029565 0.018724
0 0.245431 0.390381 0.022020 0.017193
0 0.908290 0.200871 0.021199 0.013803
0 0.499090 0.652877 0.019078 0.013387
0 0.959751 0.706099 0.017253 0.011918
0 0.683453 0.774781 0.020640 0.013990
0 0.058547 0.194142 0.024612 0.016807
0 0.757639 0.238698 0.024853 0.016976
0 0.119223 0.569203 0.024968 0.019711
0 0.778278 0.380298 0.018398 0.012618
0 0.553219 0.451411 0.026076 0.019132
0 0.766654 0.294922 0.021903 0.013835
0 0.831427 0.684514 0.018265 0.012954
0 0.893240 0.426982 0.023682 0.015074
0 0.048910 0.482357 0.026701 0.020370
0 0.908961 0.717847 0.014624 0.011371
0 0.673726 0.339299 0.021533 0.013957
0 0.733677 0.547464 0.019458 0.012612
0 0.696667 0.875316 0.034694 0.025940
0 0.771327 0.063448 0.021109 0.014913
0 0.939426 0.710132 0.015388 0.008954
0 0.100544 0.520884 0.022046 0.016248
0 0.327366 0.446730 0.029828 0.019786
0 0.983994 0.691927 0.017679 0.013998
0 0.507172 0.724124 0.033731 0.020837
0 0.963585 0.085366 0.027723 0.015678
0 0.495245 0.733551 0.031140 0.019442
0 0.305400 0.520913 0.018662 0.015583
0 0.779795 0.435615 0.026448 0.018388
0 0.478021 0.255057 0.018013 0.012106
0 0.060695 0.468667 0.020056 0.016080
1 0.140064 0.676056 0.118907 0.077465
1 0.601232 0.625000 0.096411 0.076291
1 0.674344 0.259390 0.094804 0.058685
1 0.604446 0.232981 0.080343 0.064554
1 0.430905 0.227113 0.044992 0.043427
1 0.876808 0.562207 0.120514 0.072770
1 0.824585 0.017019 0.093198 0.034038