0 0.464366 0.672803 0.013910 0.011126
0 0.517204 0.556769 0.014207 0.011023
0 0.396259 0.631992 0.015565 0.012203
0 0.263632 0.513685 0.014204 0.010927
0 0.498501 0.461711 0.014405 0.010849
0 0.151463 0.579027 0.012496 0.009747
0 0.529307 0.520514 0.013363 0.009867
0 0.218468 0.597785 0.013352 0.010892
0 0.394221 0.572622 0.012086 0.010147
0 0.299771 0.506756 0.013051 0.010715
0 0.323843 0.420820 0.016349 0.012366
0 0.255156 0.636046 0.013254 0.010611
0 0.316790 0.564333 0.015510 0.011527
0 0.331561 0.355849 0.013660 0.010932
0 0.297860 0.352986 0.016969 0.012287
0 0.250266 0.541030 0.014621 0.011878
0 0.115342 0.597743 0.012389 0.010482
0 0.308992 0.536460 0.013115 0.009807
0 0.488253 0.567141 0.015423 0.012484
0 0.506404 0.742806 0.012593 0.010014
0 0.385867 0.760241 0.011846 0.009702
0 0.622405 0.376466 0.015386 0.013718
0 0.280520 0.274706 0.017393 0.012641
0 0.301812 0.833061 0.014912 0.011726
0 0.435109 0.562705 0.013915 0.010795
0 0.186504 0.446360 0.013558 0.010672
0 0.256908 0.344440 0.014349 0.011564
0 0.253961 0.699898 0.014231 0.010790
0 0.550701 0.467753 0.013465 0.009904
1 0.138271 0.510453 0.050973 0.035008
0 0.343505 0.491768 0.014151 0.011324
0 0.426873 0.810333 0.013547 0.010175
0 0.502224 0.801021 0.013002 0.009786
0 0.217081 0.477526 0.016269 0.011833
0 0.192328 0.383315 0.018472 0.013452
0 0.500796 0.488575 0.014286 0.012122
0 0.332715 0.384901 0.012437 0.009741
0 0.401387 0.377264 0.017642 0.014279
0 0.334007 0.544041 0.014800 0.013010
0 0.289699 0.580173 0.013130 0.010677
0 0.177044 0.728306 0.012204 0.010347
0 0.659444 0.503014 0.017986 0.011773
0 0.379300 0.360900 0.014110 0.011188
0 0.415097 0.595210 0.012378 0.009651
0 0.459633 0.503978 0.018769 0.013473
1 0.530511 0.355108 0.046638 0.039415
0 0.103493 0.549181 0.013851 0.010826
0 0.575981 0.490645 0.014709 0.012321
0 0.375962 0.281656 0.012545 0.010738
0 0.286960 0.320872 0.017069 0.013832
0 0.376173 0.439754 0.018387 0.015471
0 0.532531 0.766584 0.012824 0.010116
1 0.654696 0.697247 0.051362 0.037959
0 0.074500 0.757020 0.014791 0.011499
0 0.607010 0.486459 0.017358 0.014526
0 0.377898 0.645238 0.011435 0.009107
0 0.112021 0.649678 0.012022 0.010185
0 0.256876 0.459786 0.011631 0.009948
0 0.330644 0.276140 0.016191 0.012728
0 0.436958 0.473700 0.012822 0.011119
0 0.367930 0.771791 0.011054 0.008881
0 0.175028 0.659956 0.013492 0.012028
0 0.208364 0.358303 0.015731 0.012643
0 0.130978 0.785057 0.016562 0.012291
0 0.100783 0.333586 0.014061 0.013125
0 0.491097 0.599833 0.011873 0.009457
0 0.559090 0.536397 0.012356 0.010400
0 0.188155 0.560638 0.019036 0.012544
0 0.195483 0.526257 0.010923 0.008593
0 0.586935 0.378811 0.014788 0.010892
0 0.358040 0.468119 0.016980 0.015043
0 0.397521 0.689056 0.012426 0.010265
0 0.657599 0.416067 0.021227 0.016871
0 0.343304 0.658710 0.012280 0.009695
0 0.102993 0.418328 0.017519 0.014865
0 0.595049 0.399821 0.014119 0.010505
0 0.036139 0.665161 0.011547 0.009670
0 0.616573 0.445949 0.015172 0.013317
0 0.617646 0.641981 0.013795 0.010928
0 0.574333 0.414127 0.019128 0.016782
0 0.383828 0.512404 0.012408 0.010211
0 0.040872 0.510894 0.012823 0.010239
0 0.465432 0.377958 0.016712 0.012605
0 0.635918 0.619558 0.014867 0.010415
0 0.146490 0.367221 0.013779 0.011201
0 0.574029 0.759955 0.013538 0.010101
0 0.081664 0.728297 0.012521 0.010137
0 0.240178 0.669640 0.011130 0.008419
0 0.428299 0.440710 0.014077 0.010240
0 0.163346 0.406513 0.014326 0.011012
0 0.552180 0.707106 0.013265 0.009840
0 0.072297 0.429746 0.015709 0.012289
0 0.021210 0.431964 0.017333 0.012759
0 0.210885 0.545774 0.012888 0.009235
0 0.170574 0.366546 0.014765 0.010751
0 0.646644 0.395767 0.016653 0.012404
0 0.464228 0.566804 0.014889 0.012974
0 0.359014 0.298949 0.012237 0.011541
0 0.312031 0.440334 0.013428 0.009576
0 0.363327 0.342593 0.017053 0.012742
0 0.484909 0.762569 0.011944 0.008534
0 0.635997 0.576617 0.013507 0.010686
0 0.551376 0.445346 0.013247 0.009742
0 0.363763 0.586069 0.011673 0.009185
0 0.595574 0.437464 0.013316 0.010242
0 0.258098 0.363941 0.016226 0.014382
0 0.102870 0.453612 0.016131 0.010685
0 0.173345 0.431279 0.016397 0.015120
0 0.442720 0.777145 0.012348 0.009242
0 0.426550 0.777521 0.012988 0.009779
0 0.359632 0.800796 0.021400 0.015026
0 0.365966 0.532312 0.013500 0.014241
1 0.366892 0.839875 0.052720 0.039964
0 0.573436 0.476336 0.013895 0.011255
0 0.475741 0.786908 0.013011 0.013610
0 0.010788 0.484715 0.012744 0.009389
0 0.617106 0.666229 0.012763 0.009962
0 0.148236 0.540406 0.015843 0.011486
0 0.242949 0.487219 0.015034 0.014518
0 0.283830 0.684769 0.013023 0.011273
0 0.317868 0.256526 0.017084 0.012179
0 0.369085 0.731326 0.011791 0.008700
0 0.424828 0.837274 0.015275 0.011859
0 0.504612 0.584689 0.011705 0.009323
0 0.144556 0.338563 0.015944 0.012262
0 0.041156 0.584975 0.019402 0.012497
0 0.265374 0.397134 0.014966 0.013609
0 0.069786 0.673525 0.018626 0.010204
0 0.561229 0.651085 0.013723 0.009811
0 0.584804 0.595548 0.015674 0.011471
0 0.429143 0.718925 0.013194 0.010711
0 0.019976 0.614032 0.012008 0.010267
0 0.193317 0.604358 0.013032 0.009855
0 0.236558 0.521890 0.011852 0.009878
0 0.548506 0.589992 0.012939 0.012442
0 0.316677 0.468400 0.014667 0.009591
0 0.028758 0.551497 0.010656 0.008024
0 0.593062 0.653803 0.014755 0.010399
0 0.286363 0.478263 0.022066 0.012716
0 0.302719 0.744134 0.010459 0.008581
0 0.606265 0.708898 0.011928 0.008884
0 0.682746 0.522370 0.011401 0.009109
0 0.425315 0.290719 0.010842 0.010885
0 0.103020 0.485755 0.013106 0.011311
0 0.335555 0.638276 0.012627 0.009646
0 0.005803 0.570935 0.011234 0.011858
0 0.410215 0.789600 0.012928 0.011833
0 0.287594 0.765018 0.016580 0.013204
1 0.488100 0.429476 0.038253 0.035025
0 0.140421 0.557984 0.013576 0.009836
0 0.269943 0.839014 0.017835 0.018078
0 0.656452 0.458449 0.024238 0.017280
0 0.027288 0.376334 0.017204 0.013698
0 0.172830 0.629967 0.013657 0.010432
0 0.198908 0.674634 0.010271 0.007814
0 0.335387 0.460982 0.014959 0.010470
0 0.453871 0.311815 0.023224 0.015292
0 0.493487 0.824846 0.015440 0.010436
0 0.227284 0.384659 0.013812 0.011446
0 0.430166 0.532210 0.013046 0.009271
0 0.293922 0.663404 0.020116 0.012799
0 0.318390 0.710265 0.010852 0.009269
0 0.340875 0.695419 0.020041 0.010931
0 0.100953 0.357388 0.013269 0.011423
0 0.216725 0.425405 0.012399 0.009298
0 0.510897 0.721297 0.009697 0.008341
0 0.580064 0.621811 0.013967 0.012758
0 0.300458 0.395367 0.013075 0.010686
0 0.354426 0.710400 0.011113 0.008698
1 0.428580 0.415540 0.052148 0.028340
0 0.383376 0.305285 0.011431 0.011005
0 0.518655 0.652736 0.011277 0.010552
0 0.021097 0.640545 0.010250 0.008273
1 0.579827 0.788788 0.046006 0.029385
0 0.436755 0.362456 0.012541 0.009381
0 0.447131 0.810930 0.014537 0.011926
0 0.153708 0.679867 0.011836 0.008612
0 0.256643 0.735911 0.012359 0.010797
0 0.609486 0.620681 0.013828 0.011635
0 0.492492 0.314411 0.014463 0.011907
0 0.078099 0.621688 0.012208 0.010247
0 0.601817 0.460615 0.012532 0.008200
0 0.420668 0.270570 0.012914 0.011060
0 0.187921 0.403433 0.012819 0.009284
0 0.242782 0.318156 0.011570 0.008978
0 0.264557 0.432794 0.012212 0.011817
0 0.301664 0.658256 0.019021 0.013557
0 0.324093 0.613987 0.021791 0.011108
0 0.531593 0.802781 0.014997 0.012600
0 0.295189 0.453974 0.011688 0.009857
0 0.233037 0.610558 0.011453 0.008807
0 0.136826 0.454861 0.016864 0.012974
0 0.476099 0.826963 0.017176 0.009705
0 0.004912 0.629245 0.009824 0.009147
0 0.196110 0.290931 0.023724 0.013945
0 0.136188 0.324328 0.013078 0.013918
0 0.222135 0.566281 0.012476 0.009333
0 0.565843 0.740651 0.018084 0.010993
0 0.277977 0.599354 0.018942 0.010111
0 0.433126 0.596300 0.013925 0.010640
0 0.066108 0.365414 0.014239 0.012804
0 0.218193 0.709765 0.011660 0.008107
0 0.158946 0.782658 0.017668 0.012545
0 0.085788 0.510439 0.023340 0.016139
0 0.630284 0.417857 0.014172 0.011687
0 0.550960 0.634063 0.009892 0.007851
0 0.332286 0.590630 0.010926 0.009482
0 0.174599 0.635137 0.012010 0.011392
0 0.046247 0.751916 0.014122 0.011723
0 0.388262 0.316950 0.012084 0.010941
0 0.334496 0.748257 0.021060 0.013810
0 0.154609 0.729818 0.010219 0.008035
0 0.301186 0.705678 0.012347 0.009370
0 0.124903 0.408251 0.010792 0.009237
0 0.444899 0.392300 0.014496 0.010041
0 0.322136 0.664065 0.013186 0.010783
0 0.142775 0.482600 0.010148 0.008540
1 0.078288 0.491405 0.030918 0.025121
1 0.433843 0.341163 0.036071 0.026087
1 0.634809 0.732951 0.041224 0.032850